"Duration","0.00165","","0.0033","","0.0066","","0.0099","","0.0132","","0.0264",""
1,0.0,0.0,0.0,0.0,0.0,0.0,0.0,0.0,0.0,0.0,0.0,0.0
2,0.0,0.0,0.0,0.0,0.0,0.0,0.0,0.0,0.0,0.0,0.0,0.0
3,0.0,0.0,0.0,0.0,0.0,0.0,0.0,0.0,0.0,0.0,0.0,0.0
4,0.0,0.0,0.0,0.0,0.0,0.0,0.0,0.0,0.0,0.0,0.0,0.0
5,0.12,0.331662479036,0.32,0.47609522857,0.16,0.374165738677,0.2,0.408248290464,0.08,0.276887462097,0.24,0.435889894354
6,1.0,0.0,1.0,0.0,1.0,0.0,1.0,0.0,1.0,0.0,1.0,0.0
7,1.0,0.0,1.0,0.0,1.0,0.0,1.0,0.0,1.0,0.0,1.0,0.0
8,1.0,0.0,1.0,0.0,1.0,0.0,1.0,0.0,1.0,0.0,1.0,0.0
9,1.0,0.0,1.12,0.331662479036,1.32,0.47609522857,1.12,0.331662479036,1.16,0.374165738677,1.4,0.5
10,1.24,0.435889894354,1.8,0.408248290464,2.0,0.0,1.96,0.2,1.64,0.489897948557,1.96,0.2
11,1.04,0.2,1.08,0.276887462097,1.4,0.5,1.4,0.5,1.16,0.374165738677,1.36,0.489897948557
12,1.0,0.0,1.0,0.0,1.08,0.276887462097,1.0,0.0,1.0,0.0,1.04,0.2
13,1.0,0.0,1.0,0.0,1.0,0.0,1.0,0.0,1.0,0.0,1.0,0.0
14,1.0,0.0,1.0,0.0,1.0,0.0,1.0,0.0,1.0,0.0,1.0,0.0
15,1.0,0.0,1.0,0.0,1.0,0.0,1.0,0.0,1.0,0.0,1.0,0.0
16,1.0,0.0,1.0,0.0,1.0,0.0,1.0,0.0,1.0,0.0,1.0,0.0
17,1.0,0.0,1.0,0.0,1.0,0.0,1.0,0.0,1.0,0.0,1.0,0.0
18,1.0,0.0,1.0,0.0,1.0,0.0,1.0,0.0,1.0,0.0,1.0,0.0
19,1.0,0.0,1.0,0.0,1.0,0.0,1.0,0.0,1.0,0.0,1.0,0.0
20,1.0,0.0,1.0,0.0,1.0,0.0,1.0,0.0,1.0,0.0,1.0,0.0
21,1.0,0.0,1.0,0.0,1.0,0.0,1.0,0.0,1.0,0.0,1.0,0.0
22,1.0,0.0,1.0,0.0,1.0,0.0,1.0,0.0,1.0,0.0,1.0,0.0
23,0.96,0.2,1.0,0.0,1.0,0.0,1.0,0.0,0.96,0.2,1.0,0.0
24,1.0,0.0,1.0,0.0,1.0,0.0,1.0,0.0,1.0,0.0,1.0,0.0
25,0.92,0.276887462097,1.0,0.0,1.0,0.0,1.0,0.0,1.0,0.0,1.0,0.0
26,0.92,0.276887462097,0.96,0.2,1.0,0.0,1.0,0.0,1.0,0.0,1.0,0.0
27,0.96,0.2,1.0,0.0,1.0,0.0,1.0,0.0,1.0,0.0,1.0,0.0
28,0.8,0.408248290464,1.0,0.0,1.0,0.0,1.0,0.0,0.96,0.2,1.0,0.0
29,0.52,0.509901951359,1.0,0.0,1.0,0.0,1.0,0.0,0.92,0.276887462097,1.0,0.0
30,0.88,0.331662479036,0.96,0.2,1.0,0.0,1.0,0.0,0.96,0.2,1.0,0.0
31,0.56,0.506622805119,1.0,0.0,1.0,0.0,1.0,0.0,0.8,0.408248290464,1.0,0.0
32,0.84,0.374165738677,1.0,0.0,1.0,0.0,0.92,0.276887462097,0.88,0.331662479036,1.0,0.0
33,0.32,0.47609522857,1.0,0.0,1.0,0.0,0.96,0.2,0.96,0.2,1.0,0.0
34,0.52,0.509901951359,1.0,0.0,1.0,0.0,1.0,0.0,0.92,0.276887462097,1.0,0.0
35,0.4,0.5,0.96,0.2,1.0,0.0,1.0,0.0,0.96,0.2,1.0,0.0
36,0.48,0.509901951359,0.96,0.2,1.0,0.0,0.96,0.2,0.92,0.276887462097,1.0,0.0
37,0.6,0.5,0.96,0.2,1.0,0.0,0.96,0.2,0.88,0.331662479036,1.0,0.0
38,0.4,0.5,0.92,0.276887462097,1.0,0.0,1.0,0.0,0.96,0.2,1.0,0.0
39,0.44,0.506622805119,0.96,0.2,1.0,0.0,1.0,0.0,0.88,0.331662479036,1.0,0.0
40,0.56,0.506622805119,0.96,0.2,1.0,0.0,1.0,0.0,0.92,0.276887462097,1.0,0.0
41,0.4,0.5,0.84,0.374165738677,1.0,0.0,1.0,0.0,0.88,0.331662479036,1.0,0.0
42,0.68,0.47609522857,0.96,0.2,1.0,0.0,0.92,0.276887462097,0.96,0.2,1.0,0.0
43,0.24,0.435889894354,0.96,0.2,1.0,0.0,0.96,0.2,0.76,0.435889894354,0.96,0.2
44,0.4,0.5,0.96,0.2,1.0,0.0,0.96,0.2,0.92,0.276887462097,1.0,0.0
45,0.28,0.458257569496,0.96,0.2,1.0,0.0,1.0,0.0,0.88,0.331662479036,0.96,0.2
46,0.4,0.5,0.88,0.331662479036,1.0,0.0,0.96,0.2,0.8,0.408248290464,1.0,0.0
47,0.48,0.509901951359,0.92,0.276887462097,1.0,0.0,0.96,0.2,0.84,0.374165738677,1.0,0.0
48,0.2,0.408248290464,0.88,0.331662479036,1.0,0.0,1.0,0.0,0.8,0.408248290464,1.0,0.0
49,0.4,0.5,0.76,0.435889894354,1.0,0.0,0.96,0.2,0.84,0.374165738677,1.0,0.0
50,0.44,0.506622805119,0.92,0.276887462097,1.0,0.0,0.96,0.2,0.68,0.47609522857,1.0,0.0
51,0.16,0.374165738677,0.84,0.374165738677,1.0,0.0,0.96,0.2,0.84,0.374165738677,1.0,0.0
52,0.24,0.435889894354,0.88,0.331662479036,1.0,0.0,0.96,0.2,0.8,0.408248290464,1.0,0.0
53,0.32,0.47609522857,0.84,0.374165738677,1.0,0.0,0.92,0.276887462097,0.92,0.276887462097,1.0,0.0
54,0.36,0.489897948557,0.92,0.276887462097,0.96,0.2,0.92,0.276887462097,0.92,0.276887462097,1.0,0.0
55,0.36,0.489897948557,0.76,0.435889894354,1.0,0.0,0.96,0.2,0.76,0.435889894354,0.96,0.2
56,0.4,0.5,0.88,0.331662479036,1.0,0.0,0.92,0.276887462097,0.64,0.489897948557,1.0,0.0
57,0.28,0.458257569496,0.8,0.408248290464,1.0,0.0,0.96,0.2,0.68,0.47609522857,1.0,0.0
58,0.28,0.458257569496,0.84,0.374165738677,0.96,0.2,0.92,0.276887462097,0.6,0.5,1.0,0.0
59,0.28,0.458257569496,0.88,0.331662479036,0.96,0.2,0.96,0.2,0.68,0.47609522857,1.0,0.0
60,0.24,0.435889894354,0.84,0.374165738677,1.0,0.0,0.84,0.374165738677,0.8,0.408248290464,0.96,0.2
61,0.24,0.435889894354,0.88,0.331662479036,1.0,0.0,0.96,0.2,0.68,0.47609522857,0.96,0.2
62,0.32,0.47609522857,0.76,0.435889894354,1.0,0.0,1.0,0.0,0.64,0.489897948557,0.96,0.2
63,0.08,0.276887462097,0.88,0.331662479036,1.0,0.0,0.96,0.2,0.64,0.489897948557,1.0,0.0
64,0.24,0.435889894354,0.8,0.408248290464,0.96,0.2,0.96,0.2,0.56,0.506622805119,1.0,0.0
65,0.2,0.408248290464,0.76,0.435889894354,1.0,0.0,1.0,0.0,0.68,0.47609522857,0.92,0.276887462097
66,0.08,0.276887462097,0.76,0.435889894354,1.0,0.0,0.92,0.276887462097,0.68,0.47609522857,1.0,0.0
67,0.24,0.435889894354,0.76,0.435889894354,1.0,0.0,0.88,0.331662479036,0.72,0.458257569496,0.96,0.2
68,0.08,0.276887462097,0.76,0.435889894354,0.96,0.2,0.96,0.2,0.6,0.5,1.0,0.0
69,0.12,0.331662479036,0.6,0.5,0.92,0.276887462097,0.92,0.276887462097,0.64,0.489897948557,1.0,0.0
70,0.32,0.47609522857,0.8,0.408248290464,0.96,0.2,0.92,0.276887462097,0.6,0.5,0.96,0.2
71,0.12,0.331662479036,0.84,0.374165738677,1.0,0.0,0.92,0.276887462097,0.48,0.509901951359,0.96,0.2
72,0.32,0.47609522857,0.68,0.47609522857,1.0,0.0,0.84,0.374165738677,0.44,0.506622805119,1.0,0.0
73,0.2,0.408248290464,0.84,0.374165738677,1.0,0.0,0.96,0.2,0.52,0.509901951359,1.0,0.0
74,0.08,0.276887462097,0.72,0.458257569496,1.0,0.0,0.84,0.374165738677,0.6,0.5,1.0,0.0
75,0.08,0.276887462097,0.64,0.489897948557,0.96,0.2,0.88,0.331662479036,0.52,0.509901951359,0.92,0.276887462097
76,0.12,0.331662479036,0.84,0.374165738677,1.0,0.0,0.96,0.2,0.72,0.458257569496,1.0,0.0
77,0.12,0.331662479036,0.76,0.435889894354,1.0,0.0,0.88,0.331662479036,0.44,0.506622805119,1.0,0.0
78,0.16,0.374165738677,0.84,0.374165738677,1.0,0.0,0.92,0.276887462097,0.6,0.5,1.0,0.0
79,0.12,0.331662479036,0.6,0.5,1.0,0.0,0.92,0.276887462097,0.6,0.5,0.84,0.374165738677
80,0.16,0.374165738677,0.8,0.408248290464,1.0,0.0,0.92,0.276887462097,0.36,0.489897948557,0.92,0.276887462097
81,0.12,0.331662479036,0.84,0.374165738677,1.0,0.0,0.92,0.276887462097,0.36,0.489897948557,0.92,0.276887462097
82,0.16,0.374165738677,0.6,0.5,1.0,0.0,0.8,0.408248290464,0.44,0.506622805119,1.0,0.0
83,0.32,0.47609522857,0.64,0.489897948557,1.0,0.0,0.88,0.331662479036,0.56,0.506622805119,0.92,0.276887462097
84,0.04,0.2,0.64,0.489897948557,1.0,0.0,0.88,0.331662479036,0.56,0.506622805119,1.0,0.0
85,0.2,0.408248290464,0.6,0.5,1.0,0.0,0.8,0.408248290464,0.56,0.506622805119,1.0,0.0
86,0.32,0.47609522857,0.6,0.5,1.0,0.0,0.8,0.408248290464,0.52,0.509901951359,0.96,0.2
87,0.12,0.331662479036,0.6,0.5,1.0,0.0,0.8,0.408248290464,0.56,0.506622805119,0.92,0.276887462097
88,0.16,0.374165738677,0.68,0.47609522857,0.96,0.2,0.8,0.408248290464,0.36,0.489897948557,1.0,0.0
89,0.24,0.435889894354,0.68,0.47609522857,0.96,0.2,0.76,0.435889894354,0.52,0.509901951359,0.92,0.276887462097
90,0.12,0.331662479036,0.8,0.408248290464,1.0,0.0,0.88,0.331662479036,0.36,0.489897948557,1.0,0.0
91,0.04,0.2,0.64,0.489897948557,1.0,0.0,0.76,0.435889894354,0.44,0.506622805119,1.0,0.0
92,0.08,0.276887462097,0.56,0.506622805119,1.0,0.0,0.88,0.331662479036,0.6,0.5,0.96,0.2
93,0.12,0.331662479036,0.6,0.5,0.96,0.2,0.8,0.408248290464,0.48,0.509901951359,1.0,0.0
94,0.08,0.276887462097,0.56,0.506622805119,0.96,0.2,0.84,0.374165738677,0.36,0.489897948557,1.0,0.0
95,0.08,0.276887462097,0.6,0.5,1.0,0.0,0.72,0.458257569496,0.56,0.506622805119,1.0,0.0
96,0.28,0.458257569496,0.56,0.506622805119,1.0,0.0,0.8,0.408248290464,0.4,0.5,1.0,0.0
97,0.12,0.331662479036,0.48,0.509901951359,1.0,0.0,0.88,0.331662479036,0.32,0.47609522857,0.92,0.276887462097
98,0.16,0.374165738677,0.4,0.5,1.0,0.0,0.8,0.408248290464,0.32,0.47609522857,1.0,0.0
99,0.08,0.276887462097,0.48,0.509901951359,1.0,0.0,0.8,0.408248290464,0.44,0.506622805119,0.96,0.2
102,0.16,0.374165738677,0.52,0.509901951359,1.0,0.0,0.88,0.331662479036,0.52,0.509901951359,0.96,0.2
104,0.12,0.331662479036,0.72,0.458257569496,1.0,0.0,0.88,0.331662479036,0.44,0.506622805119,0.96,0.2
106,0.04,0.2,0.48,0.509901951359,1.0,0.0,0.84,0.374165738677,0.32,0.47609522857,0.92,0.276887462097
108,0.04,0.2,0.6,0.5,1.0,0.0,0.96,0.2,0.36,0.489897948557,0.96,0.2
110,0.12,0.331662479036,0.44,0.506622805119,1.0,0.0,0.84,0.374165738677,0.16,0.374165738677,0.92,0.276887462097
112,0.12,0.331662479036,0.6,0.5,0.96,0.2,0.84,0.374165738677,0.44,0.506622805119,0.92,0.276887462097
114,0.12,0.331662479036,0.52,0.509901951359,1.0,0.0,0.84,0.374165738677,0.28,0.458257569496,0.92,0.276887462097
116,0.08,0.276887462097,0.4,0.5,1.0,0.0,0.72,0.458257569496,0.28,0.458257569496,0.92,0.276887462097
118,0.16,0.374165738677,0.44,0.506622805119,1.0,0.0,0.8,0.408248290464,0.2,0.408248290464,0.88,0.331662479036
120,0.08,0.276887462097,0.48,0.509901951359,0.96,0.2,0.64,0.489897948557,0.28,0.458257569496,0.96,0.2
122,0.04,0.2,0.32,0.47609522857,0.96,0.2,0.8,0.408248290464,0.2,0.408248290464,0.84,0.374165738677
124,0.12,0.331662479036,0.48,0.509901951359,0.88,0.331662479036,0.6,0.5,0.28,0.458257569496,0.92,0.276887462097
126,0.08,0.276887462097,0.52,0.509901951359,0.96,0.2,0.68,0.47609522857,0.12,0.331662479036,0.92,0.276887462097
128,0.12,0.331662479036,0.48,0.509901951359,0.96,0.2,0.84,0.374165738677,0.16,0.374165738677,1.0,0.0
130,0.04,0.2,0.56,0.506622805119,1.0,0.0,0.68,0.47609522857,0.4,0.5,0.96,0.2
132,0.08,0.276887462097,0.4,0.5,0.96,0.2,0.8,0.408248290464,0.4,0.5,0.96,0.2
134,0.04,0.2,0.52,0.509901951359,1.0,0.0,0.56,0.506622805119,0.24,0.435889894354,0.84,0.374165738677
136,0.0,0.0,0.28,0.458257569496,1.0,0.0,0.68,0.47609522857,0.32,0.47609522857,0.92,0.276887462097
138,0.08,0.276887462097,0.52,0.509901951359,0.96,0.2,0.72,0.458257569496,0.2,0.408248290464,1.0,0.0
140,0.12,0.331662479036,0.24,0.435889894354,0.96,0.2,0.72,0.458257569496,0.16,0.374165738677,1.0,0.0
142,0.04,0.2,0.32,0.47609522857,1.0,0.0,0.64,0.489897948557,0.4,0.5,0.92,0.276887462097
144,0.08,0.276887462097,0.28,0.458257569496,1.0,0.0,0.76,0.435889894354,0.28,0.458257569496,1.0,0.0
146,0.08,0.276887462097,0.32,0.47609522857,1.0,0.0,0.52,0.509901951359,0.16,0.374165738677,0.84,0.374165738677
148,0.12,0.331662479036,0.24,0.435889894354,0.96,0.2,0.44,0.506622805119,0.32,0.47609522857,0.96,0.2
150,0.2,0.408248290464,0.4,0.5,1.0,0.0,0.68,0.47609522857,0.28,0.458257569496,0.88,0.331662479036
152,0.04,0.2,0.32,0.47609522857,0.96,0.2,0.44,0.506622805119,0.28,0.458257569496,0.92,0.276887462097
154,0.04,0.2,0.44,0.506622805119,1.0,0.0,0.56,0.506622805119,0.32,0.47609522857,0.92,0.276887462097
156,0.12,0.331662479036,0.36,0.489897948557,0.96,0.2,0.44,0.506622805119,0.28,0.458257569496,0.92,0.276887462097
158,0.12,0.331662479036,0.48,0.509901951359,1.0,0.0,0.52,0.509901951359,0.28,0.458257569496,0.92,0.276887462097
160,0.04,0.2,0.32,0.47609522857,0.96,0.2,0.48,0.509901951359,0.24,0.435889894354,0.88,0.331662479036
162,0.08,0.276887462097,0.44,0.506622805119,1.0,0.0,0.56,0.506622805119,0.28,0.458257569496,0.88,0.331662479036
164,0.08,0.276887462097,0.52,0.509901951359,0.96,0.2,0.48,0.509901951359,0.28,0.458257569496,0.88,0.331662479036
166,0.12,0.331662479036,0.32,0.47609522857,1.0,0.0,0.32,0.47609522857,0.12,0.331662479036,0.92,0.276887462097
168,0.08,0.276887462097,0.32,0.47609522857,0.96,0.2,0.68,0.47609522857,0.24,0.435889894354,0.88,0.331662479036
170,0.16,0.374165738677,0.36,0.489897948557,0.96,0.2,0.56,0.506622805119,0.4,0.5,0.92,0.276887462097
172,0.12,0.331662479036,0.16,0.374165738677,0.96,0.2,0.6,0.5,0.16,0.374165738677,1.0,0.0
174,0.12,0.331662479036,0.12,0.331662479036,0.96,0.2,0.52,0.509901951359,0.2,0.408248290464,0.76,0.435889894354
176,0.08,0.276887462097,0.4,0.5,1.0,0.0,0.56,0.506622805119,0.28,0.458257569496,0.84,0.374165738677
178,0.04,0.2,0.36,0.489897948557,1.0,0.0,0.48,0.509901951359,0.16,0.374165738677,0.92,0.276887462097
180,0.04,0.2,0.24,0.435889894354,1.0,0.0,0.6,0.5,0.2,0.408248290464,0.84,0.374165738677
182,0.08,0.276887462097,0.28,0.458257569496,1.0,0.0,0.52,0.509901951359,0.08,0.276887462097,0.8,0.408248290464
184,0.08,0.276887462097,0.24,0.435889894354,0.88,0.331662479036,0.32,0.47609522857,0.28,0.458257569496,0.84,0.374165738677
186,0.04,0.2,0.24,0.435889894354,0.96,0.2,0.64,0.489897948557,0.2,0.408248290464,0.88,0.331662479036
188,0.04,0.2,0.16,0.374165738677,0.96,0.2,0.32,0.47609522857,0.24,0.435889894354,0.88,0.331662479036
190,0.0,0.0,0.2,0.408248290464,0.92,0.276887462097,0.72,0.458257569496,0.12,0.331662479036,0.92,0.276887462097
192,0.08,0.276887462097,0.32,0.47609522857,0.96,0.2,0.28,0.458257569496,0.16,0.374165738677,0.84,0.374165738677
194,0.08,0.276887462097,0.2,0.408248290464,0.92,0.276887462097,0.4,0.5,0.28,0.458257569496,0.84,0.374165738677
196,0.08,0.276887462097,0.28,0.458257569496,0.96,0.2,0.32,0.47609522857,0.24,0.435889894354,0.88,0.331662479036
198,0.08,0.276887462097,0.28,0.458257569496,1.0,0.0,0.28,0.458257569496,0.12,0.331662479036,0.76,0.435889894354
200,0.04,0.2,0.2,0.408248290464,1.0,0.0,0.4,0.5,0.04,0.2,0.84,0.374165738677
202,0.04,0.2,0.36,0.489897948557,0.92,0.276887462097,0.6,0.5,0.16,0.374165738677,0.92,0.276887462097
204,0.16,0.374165738677,0.12,0.331662479036,1.0,0.0,0.56,0.506622805119,0.08,0.276887462097,0.72,0.458257569496
206,0.04,0.2,0.32,0.47609522857,1.0,0.0,0.4,0.5,0.12,0.331662479036,0.8,0.408248290464
208,0.2,0.408248290464,0.12,0.331662479036,0.96,0.2,0.24,0.435889894354,0.12,0.331662479036,0.72,0.458257569496
210,0.0,0.0,0.28,0.458257569496,0.92,0.276887462097,0.44,0.506622805119,0.08,0.276887462097,0.68,0.47609522857
212,0.08,0.276887462097,0.16,0.374165738677,0.92,0.276887462097,0.24,0.435889894354,0.12,0.331662479036,0.8,0.408248290464
214,0.04,0.2,0.28,0.458257569496,0.88,0.331662479036,0.44,0.506622805119,0.2,0.408248290464,0.68,0.47609522857
216,0.08,0.276887462097,0.24,0.435889894354,0.92,0.276887462097,0.48,0.509901951359,0.28,0.458257569496,0.76,0.435889894354
218,0.08,0.276887462097,0.28,0.458257569496,0.96,0.2,0.36,0.489897948557,0.2,0.408248290464,0.88,0.331662479036
220,0.08,0.276887462097,0.16,0.374165738677,0.84,0.374165738677,0.4,0.5,0.16,0.374165738677,0.84,0.374165738677
222,0.16,0.374165738677,0.28,0.458257569496,0.96,0.2,0.36,0.489897948557,0.16,0.374165738677,0.6,0.5
224,0.0,0.0,0.44,0.506622805119,0.96,0.2,0.52,0.509901951359,0.16,0.374165738677,0.68,0.47609522857
226,0.08,0.276887462097,0.24,0.435889894354,0.76,0.435889894354,0.4,0.5,0.12,0.331662479036,0.84,0.374165738677
228,0.12,0.331662479036,0.08,0.276887462097,0.92,0.276887462097,0.32,0.47609522857,0.0,0.0,0.76,0.435889894354
230,0.08,0.276887462097,0.2,0.408248290464,1.0,0.0,0.28,0.458257569496,0.12,0.331662479036,0.8,0.408248290464
232,0.12,0.331662479036,0.16,0.374165738677,1.0,0.0,0.36,0.489897948557,0.16,0.374165738677,0.76,0.435889894354
234,0.12,0.331662479036,0.08,0.276887462097,0.96,0.2,0.4,0.5,0.2,0.408248290464,0.88,0.331662479036
236,0.12,0.331662479036,0.32,0.47609522857,1.0,0.0,0.4,0.5,0.08,0.276887462097,0.72,0.458257569496
238,0.08,0.276887462097,0.32,0.47609522857,0.92,0.276887462097,0.28,0.458257569496,0.12,0.331662479036,0.68,0.47609522857
240,0.12,0.331662479036,0.2,0.408248290464,0.92,0.276887462097,0.44,0.506622805119,0.08,0.276887462097,0.92,0.276887462097
242,0.04,0.2,0.16,0.374165738677,1.0,0.0,0.2,0.408248290464,0.08,0.276887462097,0.76,0.435889894354
244,0.0,0.0,0.24,0.435889894354,0.92,0.276887462097,0.24,0.435889894354,0.08,0.276887462097,0.72,0.458257569496
246,0.12,0.331662479036,0.24,0.435889894354,0.84,0.374165738677,0.2,0.408248290464,0.16,0.374165738677,0.8,0.408248290464
248,0.04,0.2,0.24,0.435889894354,1.0,0.0,0.24,0.435889894354,0.04,0.2,0.64,0.489897948557
250,0.08,0.276887462097,0.12,0.331662479036,0.92,0.276887462097,0.24,0.435889894354,0.12,0.331662479036,0.68,0.47609522857
252,0.08,0.276887462097,0.12,0.331662479036,0.96,0.2,0.24,0.435889894354,0.16,0.374165738677,0.84,0.374165738677
254,0.08,0.276887462097,0.08,0.276887462097,0.8,0.408248290464,0.48,0.509901951359,0.08,0.276887462097,0.6,0.5
256,0.0,0.0,0.08,0.276887462097,0.84,0.374165738677,0.28,0.458257569496,0.16,0.374165738677,0.72,0.458257569496
258,0.0,0.0,0.28,0.458257569496,0.96,0.2,0.32,0.47609522857,0.04,0.2,0.8,0.408248290464
260,0.16,0.374165738677,0.2,0.408248290464,1.0,0.0,0.4,0.5,0.08,0.276887462097,0.64,0.489897948557
262,0.08,0.276887462097,0.16,0.374165738677,0.92,0.276887462097,0.44,0.506622805119,0.16,0.374165738677,0.68,0.47609522857
264,0.04,0.2,0.04,0.2,0.92,0.276887462097,0.2,0.408248290464,0.16,0.374165738677,0.8,0.408248290464
266,0.16,0.374165738677,0.04,0.2,0.96,0.2,0.44,0.506622805119,0.08,0.276887462097,0.68,0.47609522857
268,0.12,0.331662479036,0.28,0.458257569496,1.0,0.0,0.4,0.5,0.12,0.331662479036,0.64,0.489897948557
270,0.04,0.2,0.2,0.408248290464,0.92,0.276887462097,0.32,0.47609522857,0.04,0.2,0.6,0.5
272,0.04,0.2,0.2,0.408248290464,0.96,0.2,0.44,0.506622805119,0.04,0.2,0.68,0.47609522857
274,0.08,0.276887462097,0.12,0.331662479036,0.88,0.331662479036,0.2,0.408248290464,0.08,0.276887462097,0.68,0.47609522857
276,0.12,0.331662479036,0.24,0.435889894354,0.92,0.276887462097,0.32,0.47609522857,0.08,0.276887462097,0.72,0.458257569496
278,0.04,0.2,0.24,0.435889894354,0.88,0.331662479036,0.44,0.506622805119,0.08,0.276887462097,0.68,0.47609522857
280,0.04,0.2,0.08,0.276887462097,0.92,0.276887462097,0.2,0.408248290464,0.12,0.331662479036,0.52,0.509901951359
282,0.04,0.2,0.0,0.0,0.84,0.374165738677,0.28,0.458257569496,0.16,0.374165738677,0.76,0.435889894354
284,0.12,0.331662479036,0.2,0.408248290464,0.96,0.2,0.36,0.489897948557,0.24,0.435889894354,0.76,0.435889894354
286,0.04,0.2,0.16,0.374165738677,0.92,0.276887462097,0.28,0.458257569496,0.12,0.331662479036,0.6,0.5
288,0.04,0.2,0.0,0.0,0.96,0.2,0.28,0.458257569496,0.08,0.276887462097,0.8,0.408248290464
290,0.08,0.276887462097,0.32,0.47609522857,0.84,0.374165738677,0.28,0.458257569496,0.12,0.331662479036,0.72,0.458257569496
292,0.04,0.2,0.04,0.2,0.88,0.331662479036,0.24,0.435889894354,0.12,0.331662479036,0.68,0.47609522857
294,0.08,0.276887462097,0.16,0.374165738677,0.72,0.458257569496,0.36,0.489897948557,0.12,0.331662479036,0.64,0.489897948557
296,0.04,0.2,0.04,0.2,0.84,0.374165738677,0.28,0.458257569496,0.04,0.2,0.8,0.408248290464
298,0.0,0.0,0.2,0.408248290464,0.96,0.2,0.28,0.458257569496,0.12,0.331662479036,0.68,0.47609522857
300,0.16,0.374165738677,0.24,0.435889894354,0.8,0.408248290464,0.24,0.435889894354,0.24,0.435889894354,0.72,0.458257569496
302,0.04,0.2,0.12,0.331662479036,0.84,0.374165738677,0.12,0.331662479036,0.08,0.276887462097,0.64,0.489897948557
304,0.04,0.2,0.08,0.276887462097,0.92,0.276887462097,0.2,0.408248290464,0.08,0.276887462097,0.6,0.5
306,0.04,0.2,0.12,0.331662479036,0.92,0.276887462097,0.2,0.408248290464,0.04,0.2,0.64,0.489897948557
308,0.08,0.276887462097,0.12,0.331662479036,0.88,0.331662479036,0.24,0.435889894354,0.12,0.331662479036,0.56,0.506622805119
310,0.0,0.0,0.16,0.374165738677,0.84,0.374165738677,0.32,0.47609522857,0.0,0.0,0.64,0.489897948557
312,0.12,0.331662479036,0.16,0.374165738677,0.76,0.435889894354,0.04,0.2,0.08,0.276887462097,0.44,0.506622805119
314,0.2,0.408248290464,0.08,0.276887462097,0.88,0.331662479036,0.28,0.458257569496,0.04,0.2,0.48,0.509901951359
316,0.12,0.331662479036,0.08,0.276887462097,1.0,0.0,0.32,0.47609522857,0.2,0.408248290464,0.56,0.506622805119
318,0.16,0.374165738677,0.12,0.331662479036,0.92,0.276887462097,0.2,0.408248290464,0.2,0.408248290464,0.6,0.5
320,0.12,0.331662479036,0.04,0.2,0.76,0.435889894354,0.4,0.5,0.04,0.2,0.64,0.489897948557
322,0.04,0.2,0.24,0.435889894354,0.88,0.331662479036,0.32,0.47609522857,0.12,0.331662479036,0.6,0.5
324,0.04,0.2,0.16,0.374165738677,0.96,0.2,0.44,0.506622805119,0.04,0.2,0.68,0.47609522857
326,0.04,0.2,0.12,0.331662479036,0.96,0.2,0.2,0.408248290464,0.08,0.276887462097,0.52,0.509901951359
328,0.08,0.276887462097,0.0,0.0,0.92,0.276887462097,0.32,0.47609522857,0.12,0.331662479036,0.52,0.509901951359
330,0.08,0.276887462097,0.12,0.331662479036,0.84,0.374165738677,0.4,0.5,0.04,0.2,0.64,0.489897948557
332,0.08,0.276887462097,0.16,0.374165738677,0.8,0.408248290464,0.4,0.5,0.2,0.408248290464,0.64,0.489897948557
334,0.0,0.0,0.08,0.276887462097,0.84,0.374165738677,0.28,0.458257569496,0.12,0.331662479036,0.44,0.506622805119
336,0.04,0.2,0.12,0.331662479036,0.92,0.276887462097,0.32,0.47609522857,0.12,0.331662479036,0.6,0.5
338,0.08,0.276887462097,0.12,0.331662479036,0.76,0.435889894354,0.24,0.435889894354,0.12,0.331662479036,0.6,0.5
340,0.04,0.2,0.08,0.276887462097,0.84,0.374165738677,0.28,0.458257569496,0.04,0.2,0.56,0.506622805119
342,0.08,0.276887462097,0.12,0.331662479036,0.8,0.408248290464,0.16,0.374165738677,0.08,0.276887462097,0.68,0.47609522857
344,0.08,0.276887462097,0.12,0.331662479036,0.88,0.331662479036,0.24,0.435889894354,0.16,0.374165738677,0.44,0.506622805119
346,0.16,0.374165738677,0.12,0.331662479036,0.8,0.408248290464,0.2,0.408248290464,0.08,0.276887462097,0.56,0.506622805119
348,0.08,0.276887462097,0.12,0.331662479036,0.96,0.2,0.28,0.458257569496,0.08,0.276887462097,0.56,0.506622805119
350,0.04,0.2,0.2,0.408248290464,0.84,0.374165738677,0.16,0.374165738677,0.08,0.276887462097,0.52,0.509901951359
352,0.04,0.2,0.16,0.374165738677,0.64,0.489897948557,0.2,0.408248290464,0.12,0.331662479036,0.44,0.506622805119
354,0.0,0.0,0.12,0.331662479036,0.88,0.331662479036,0.32,0.47609522857,0.08,0.276887462097,0.48,0.509901951359
356,0.04,0.2,0.16,0.374165738677,0.92,0.276887462097,0.2,0.408248290464,0.04,0.2,0.56,0.506622805119
358,0.04,0.2,0.04,0.2,0.8,0.408248290464,0.16,0.374165738677,0.0,0.0,0.6,0.5
360,0.12,0.331662479036,0.0,0.0,0.92,0.276887462097,0.28,0.458257569496,0.08,0.276887462097,0.6,0.5
362,0.04,0.2,0.16,0.374165738677,0.72,0.458257569496,0.28,0.458257569496,0.0,0.0,0.52,0.509901951359
364,0.04,0.2,0.16,0.374165738677,0.96,0.2,0.24,0.435889894354,0.12,0.331662479036,0.6,0.5
366,0.04,0.2,0.16,0.374165738677,0.8,0.408248290464,0.16,0.374165738677,0.08,0.276887462097,0.48,0.509901951359
368,0.04,0.2,0.08,0.276887462097,0.88,0.331662479036,0.2,0.408248290464,0.08,0.276887462097,0.4,0.5
370,0.04,0.2,0.12,0.331662479036,0.84,0.374165738677,0.16,0.374165738677,0.04,0.2,0.44,0.506622805119
372,0.04,0.2,0.28,0.458257569496,0.84,0.374165738677,0.2,0.408248290464,0.0,0.0,0.52,0.509901951359
374,0.04,0.2,0.12,0.331662479036,0.84,0.374165738677,0.24,0.435889894354,0.08,0.276887462097,0.52,0.509901951359
376,0.04,0.2,0.16,0.374165738677,0.88,0.331662479036,0.12,0.331662479036,0.0,0.0,0.52,0.509901951359
378,0.08,0.276887462097,0.08,0.276887462097,0.84,0.374165738677,0.2,0.408248290464,0.2,0.408248290464,0.32,0.47609522857
380,0.08,0.276887462097,0.28,0.458257569496,0.88,0.331662479036,0.28,0.458257569496,0.08,0.276887462097,0.36,0.489897948557
382,0.08,0.276887462097,0.16,0.374165738677,0.8,0.408248290464,0.12,0.331662479036,0.12,0.331662479036,0.44,0.506622805119
384,0.08,0.276887462097,0.12,0.331662479036,0.88,0.331662479036,0.12,0.331662479036,0.04,0.2,0.24,0.435889894354
386,0.0,0.0,0.16,0.374165738677,0.84,0.374165738677,0.2,0.408248290464,0.24,0.435889894354,0.48,0.509901951359
388,0.08,0.276887462097,0.08,0.276887462097,0.8,0.408248290464,0.12,0.331662479036,0.12,0.331662479036,0.64,0.489897948557
390,0.04,0.2,0.08,0.276887462097,0.96,0.2,0.12,0.331662479036,0.16,0.374165738677,0.56,0.506622805119
392,0.0,0.0,0.12,0.331662479036,0.92,0.276887462097,0.16,0.374165738677,0.16,0.374165738677,0.48,0.509901951359
394,0.0,0.0,0.2,0.408248290464,0.72,0.458257569496,0.16,0.374165738677,0.16,0.374165738677,0.56,0.506622805119
396,0.04,0.2,0.12,0.331662479036,0.72,0.458257569496,0.12,0.331662479036,0.08,0.276887462097,0.4,0.5
398,0.04,0.2,0.08,0.276887462097,0.8,0.408248290464,0.28,0.458257569496,0.12,0.331662479036,0.44,0.506622805119
400,0.08,0.276887462097,0.16,0.374165738677,0.8,0.408248290464,0.32,0.47609522857,0.2,0.408248290464,0.36,0.489897948557
402,0.04,0.2,0.08,0.276887462097,0.68,0.47609522857,0.24,0.435889894354,0.04,0.2,0.44,0.506622805119
404,0.04,0.2,0.16,0.374165738677,0.8,0.408248290464,0.16,0.374165738677,0.04,0.2,0.36,0.489897948557
406,0.04,0.2,0.04,0.2,0.64,0.489897948557,0.2,0.408248290464,0.04,0.2,0.64,0.489897948557
408,0.08,0.276887462097,0.04,0.2,0.8,0.408248290464,0.24,0.435889894354,0.12,0.331662479036,0.32,0.47609522857
410,0.04,0.2,0.08,0.276887462097,0.8,0.408248290464,0.16,0.374165738677,0.12,0.331662479036,0.4,0.5
412,0.04,0.2,0.12,0.331662479036,0.84,0.374165738677,0.2,0.408248290464,0.12,0.331662479036,0.44,0.506622805119
414,0.08,0.276887462097,0.16,0.374165738677,0.76,0.435889894354,0.24,0.435889894354,0.04,0.2,0.36,0.489897948557
416,0.0,0.0,0.12,0.331662479036,0.76,0.435889894354,0.2,0.408248290464,0.04,0.2,0.44,0.506622805119
418,0.08,0.276887462097,0.04,0.2,0.8,0.408248290464,0.08,0.276887462097,0.08,0.276887462097,0.44,0.506622805119
420,0.0,0.0,0.04,0.2,0.84,0.374165738677,0.2,0.408248290464,0.12,0.331662479036,0.4,0.5
422,0.08,0.276887462097,0.2,0.408248290464,0.68,0.47609522857,0.12,0.331662479036,0.12,0.331662479036,0.32,0.47609522857
424,0.0,0.0,0.04,0.2,0.84,0.374165738677,0.08,0.276887462097,0.04,0.2,0.4,0.5
426,0.04,0.2,0.12,0.331662479036,0.76,0.435889894354,0.28,0.458257569496,0.2,0.408248290464,0.36,0.489897948557
428,0.0,0.0,0.04,0.2,0.88,0.331662479036,0.12,0.331662479036,0.12,0.331662479036,0.52,0.509901951359
430,0.04,0.2,0.32,0.47609522857,0.76,0.435889894354,0.12,0.331662479036,0.08,0.276887462097,0.52,0.509901951359
432,0.12,0.331662479036,0.2,0.408248290464,0.88,0.331662479036,0.12,0.331662479036,0.08,0.276887462097,0.52,0.509901951359
434,0.08,0.276887462097,0.12,0.331662479036,0.76,0.435889894354,0.04,0.2,0.0,0.0,0.4,0.5
436,0.04,0.2,0.16,0.374165738677,0.84,0.374165738677,0.16,0.374165738677,0.16,0.374165738677,0.36,0.489897948557
438,0.04,0.2,0.04,0.2,0.8,0.408248290464,0.16,0.374165738677,0.12,0.331662479036,0.32,0.47609522857
440,0.0,0.0,0.16,0.374165738677,0.92,0.276887462097,0.16,0.374165738677,0.04,0.2,0.56,0.506622805119
442,0.12,0.331662479036,0.08,0.276887462097,0.84,0.374165738677,0.16,0.374165738677,0.12,0.331662479036,0.64,0.489897948557
444,0.0,0.0,0.04,0.2,0.64,0.489897948557,0.12,0.331662479036,0.04,0.2,0.32,0.47609522857
446,0.12,0.331662479036,0.04,0.2,0.8,0.408248290464,0.16,0.374165738677,0.24,0.435889894354,0.4,0.5
448,0.08,0.276887462097,0.16,0.374165738677,0.8,0.408248290464,0.24,0.435889894354,0.12,0.331662479036,0.48,0.509901951359
450,0.08,0.276887462097,0.28,0.458257569496,0.64,0.489897948557,0.12,0.331662479036,0.16,0.374165738677,0.52,0.509901951359
452,0.12,0.331662479036,0.08,0.276887462097,0.64,0.489897948557,0.08,0.276887462097,0.0,0.0,0.56,0.506622805119
454,0.12,0.331662479036,0.32,0.47609522857,0.72,0.458257569496,0.28,0.458257569496,0.04,0.2,0.48,0.509901951359
456,0.12,0.331662479036,0.08,0.276887462097,0.84,0.374165738677,0.12,0.331662479036,0.2,0.408248290464,0.36,0.489897948557
458,0.04,0.2,0.12,0.331662479036,0.64,0.489897948557,0.04,0.2,0.12,0.331662479036,0.28,0.458257569496
460,0.12,0.331662479036,0.16,0.374165738677,0.72,0.458257569496,0.08,0.276887462097,0.04,0.2,0.28,0.458257569496
462,0.04,0.2,0.12,0.331662479036,0.8,0.408248290464,0.24,0.435889894354,0.12,0.331662479036,0.32,0.47609522857
464,0.12,0.331662479036,0.12,0.331662479036,0.88,0.331662479036,0.24,0.435889894354,0.12,0.331662479036,0.4,0.5
466,0.08,0.276887462097,0.24,0.435889894354,0.72,0.458257569496,0.12,0.331662479036,0.2,0.408248290464,0.4,0.5
468,0.08,0.276887462097,0.08,0.276887462097,0.72,0.458257569496,0.16,0.374165738677,0.16,0.374165738677,0.48,0.509901951359
470,0.04,0.2,0.12,0.331662479036,0.8,0.408248290464,0.2,0.408248290464,0.12,0.331662479036,0.4,0.5
472,0.04,0.2,0.2,0.408248290464,0.76,0.435889894354,0.2,0.408248290464,0.0,0.0,0.16,0.374165738677
474,0.0,0.0,0.2,0.408248290464,0.76,0.435889894354,0.2,0.408248290464,0.12,0.331662479036,0.44,0.506622805119
476,0.04,0.2,0.16,0.374165738677,0.76,0.435889894354,0.12,0.331662479036,0.08,0.276887462097,0.48,0.509901951359
478,0.04,0.2,0.2,0.408248290464,0.56,0.506622805119,0.08,0.276887462097,0.0,0.0,0.36,0.489897948557
480,0.0,0.0,0.04,0.2,0.84,0.374165738677,0.24,0.435889894354,0.08,0.276887462097,0.2,0.408248290464
482,0.04,0.2,0.16,0.374165738677,0.64,0.489897948557,0.16,0.374165738677,0.2,0.408248290464,0.32,0.47609522857
484,0.04,0.2,0.16,0.374165738677,0.76,0.435889894354,0.28,0.458257569496,0.08,0.276887462097,0.4,0.5
486,0.08,0.276887462097,0.08,0.276887462097,0.72,0.458257569496,0.2,0.408248290464,0.08,0.276887462097,0.32,0.47609522857
488,0.08,0.276887462097,0.08,0.276887462097,0.84,0.374165738677,0.0,0.0,0.08,0.276887462097,0.32,0.47609522857
490,0.12,0.331662479036,0.08,0.276887462097,0.88,0.331662479036,0.08,0.276887462097,0.08,0.276887462097,0.4,0.5
492,0.0,0.0,0.04,0.2,0.68,0.47609522857,0.2,0.408248290464,0.08,0.276887462097,0.4,0.5
494,0.0,0.0,0.16,0.374165738677,0.76,0.435889894354,0.28,0.458257569496,0.16,0.374165738677,0.28,0.458257569496
496,0.04,0.2,0.08,0.276887462097,0.72,0.458257569496,0.2,0.408248290464,0.12,0.331662479036,0.4,0.5
498,0.08,0.276887462097,0.08,0.276887462097,0.56,0.506622805119,0.16,0.374165738677,0.08,0.276887462097,0.2,0.408248290464
500,0.0,0.0,0.0,0.0,0.64,0.489897948557,0.0,0.0,0.08,0.276887462097,0.24,0.435889894354
502,0.12,0.331662479036,0.04,0.2,0.68,0.47609522857,0.12,0.331662479036,0.08,0.276887462097,0.16,0.374165738677
504,0.0,0.0,0.08,0.276887462097,0.72,0.458257569496,0.24,0.435889894354,0.2,0.408248290464,0.44,0.506622805119
506,0.08,0.276887462097,0.04,0.2,0.72,0.458257569496,0.16,0.374165738677,0.24,0.435889894354,0.4,0.5
508,0.04,0.2,0.08,0.276887462097,0.72,0.458257569496,0.24,0.435889894354,0.12,0.331662479036,0.52,0.509901951359
510,0.08,0.276887462097,0.08,0.276887462097,0.68,0.47609522857,0.08,0.276887462097,0.24,0.435889894354,0.32,0.47609522857
512,0.2,0.408248290464,0.0,0.0,0.88,0.331662479036,0.12,0.331662479036,0.08,0.276887462097,0.36,0.489897948557
514,0.04,0.2,0.08,0.276887462097,0.8,0.408248290464,0.0,0.0,0.12,0.331662479036,0.32,0.47609522857
516,0.16,0.374165738677,0.12,0.331662479036,0.72,0.458257569496,0.44,0.506622805119,0.08,0.276887462097,0.4,0.5
518,0.08,0.276887462097,0.12,0.331662479036,0.76,0.435889894354,0.0,0.0,0.12,0.331662479036,0.2,0.408248290464
520,0.12,0.331662479036,0.08,0.276887462097,0.72,0.458257569496,0.08,0.276887462097,0.16,0.374165738677,0.32,0.47609522857
522,0.0,0.0,0.2,0.408248290464,0.72,0.458257569496,0.0,0.0,0.08,0.276887462097,0.32,0.47609522857
524,0.08,0.276887462097,0.0,0.0,0.76,0.435889894354,0.08,0.276887462097,0.08,0.276887462097,0.24,0.435889894354
526,0.12,0.331662479036,0.04,0.2,0.68,0.47609522857,0.16,0.374165738677,0.2,0.408248290464,0.32,0.47609522857
528,0.12,0.331662479036,0.08,0.276887462097,0.72,0.458257569496,0.08,0.276887462097,0.12,0.331662479036,0.24,0.435889894354
530,0.0,0.0,0.04,0.2,0.72,0.458257569496,0.16,0.374165738677,0.08,0.276887462097,0.36,0.489897948557
532,0.2,0.408248290464,0.04,0.2,0.6,0.5,0.08,0.276887462097,0.0,0.0,0.32,0.47609522857
534,0.0,0.0,0.16,0.374165738677,0.68,0.47609522857,0.08,0.276887462097,0.04,0.2,0.4,0.5
536,0.08,0.276887462097,0.04,0.2,0.76,0.435889894354,0.2,0.408248290464,0.12,0.331662479036,0.36,0.489897948557
538,0.04,0.2,0.04,0.2,0.76,0.435889894354,0.24,0.435889894354,0.16,0.374165738677,0.36,0.489897948557
540,0.08,0.276887462097,0.08,0.276887462097,0.72,0.458257569496,0.12,0.331662479036,0.08,0.276887462097,0.2,0.408248290464
542,0.0,0.0,0.16,0.374165738677,0.76,0.435889894354,0.16,0.374165738677,0.04,0.2,0.2,0.408248290464
544,0.08,0.276887462097,0.12,0.331662479036,0.8,0.408248290464,0.12,0.331662479036,0.08,0.276887462097,0.2,0.408248290464
546,0.04,0.2,0.12,0.331662479036,0.92,0.276887462097,0.08,0.276887462097,0.0,0.0,0.4,0.5
548,0.0,0.0,0.16,0.374165738677,0.8,0.408248290464,0.16,0.374165738677,0.12,0.331662479036,0.28,0.458257569496
550,0.0,0.0,0.08,0.276887462097,0.8,0.408248290464,0.0,0.0,0.04,0.2,0.28,0.458257569496
552,0.12,0.331662479036,0.08,0.276887462097,0.48,0.509901951359,0.12,0.331662479036,0.08,0.276887462097,0.44,0.506622805119
554,0.0,0.0,0.12,0.331662479036,0.76,0.435889894354,0.2,0.408248290464,0.04,0.2,0.2,0.408248290464
556,0.0,0.0,0.0,0.0,0.56,0.506622805119,0.12,0.331662479036,0.08,0.276887462097,0.32,0.47609522857
558,0.12,0.331662479036,0.04,0.2,0.76,0.435889894354,0.08,0.276887462097,0.04,0.2,0.36,0.489897948557
560,0.04,0.2,0.24,0.435889894354,0.72,0.458257569496,0.12,0.331662479036,0.12,0.331662479036,0.4,0.5
562,0.12,0.331662479036,0.12,0.331662479036,0.6,0.5,0.32,0.47609522857,0.24,0.435889894354,0.12,0.331662479036
564,0.04,0.2,0.08,0.276887462097,0.48,0.509901951359,0.16,0.374165738677,0.2,0.408248290464,0.2,0.408248290464
566,0.04,0.2,0.12,0.331662479036,0.8,0.408248290464,0.12,0.331662479036,0.04,0.2,0.28,0.458257569496
568,0.08,0.276887462097,0.2,0.408248290464,0.68,0.47609522857,0.16,0.374165738677,0.08,0.276887462097,0.4,0.5
570,0.08,0.276887462097,0.08,0.276887462097,0.6,0.5,0.08,0.276887462097,0.08,0.276887462097,0.32,0.47609522857
572,0.04,0.2,0.28,0.458257569496,0.8,0.408248290464,0.2,0.408248290464,0.04,0.2,0.24,0.435889894354
574,0.04,0.2,0.04,0.2,0.72,0.458257569496,0.12,0.331662479036,0.12,0.331662479036,0.24,0.435889894354
576,0.08,0.276887462097,0.16,0.374165738677,0.68,0.47609522857,0.2,0.408248290464,0.04,0.2,0.28,0.458257569496
578,0.04,0.2,0.04,0.2,0.6,0.5,0.08,0.276887462097,0.08,0.276887462097,0.32,0.47609522857
580,0.08,0.276887462097,0.24,0.435889894354,0.48,0.509901951359,0.2,0.408248290464,0.04,0.2,0.24,0.435889894354
582,0.0,0.0,0.16,0.374165738677,0.76,0.435889894354,0.2,0.408248290464,0.08,0.276887462097,0.36,0.489897948557
584,0.04,0.2,0.12,0.331662479036,0.52,0.509901951359,0.2,0.408248290464,0.04,0.2,0.28,0.458257569496
586,0.0,0.0,0.12,0.331662479036,0.68,0.47609522857,0.04,0.2,0.08,0.276887462097,0.24,0.435889894354
588,0.04,0.2,0.08,0.276887462097,0.56,0.506622805119,0.16,0.374165738677,0.08,0.276887462097,0.4,0.5
590,0.0,0.0,0.08,0.276887462097,0.64,0.489897948557,0.24,0.435889894354,0.08,0.276887462097,0.32,0.47609522857
592,0.12,0.331662479036,0.12,0.331662479036,0.52,0.509901951359,0.08,0.276887462097,0.08,0.276887462097,0.16,0.374165738677
594,0.08,0.276887462097,0.2,0.408248290464,0.56,0.506622805119,0.2,0.408248290464,0.08,0.276887462097,0.48,0.509901951359
596,0.04,0.2,0.08,0.276887462097,0.68,0.47609522857,0.16,0.374165738677,0.16,0.374165738677,0.2,0.408248290464
598,0.12,0.331662479036,0.08,0.276887462097,0.84,0.374165738677,0.12,0.331662479036,0.08,0.276887462097,0.16,0.374165738677
600,0.08,0.276887462097,0.08,0.276887462097,0.76,0.435889894354,0.08,0.276887462097,0.04,0.2,0.28,0.458257569496
602,0.08,0.276887462097,0.16,0.374165738677,0.52,0.509901951359,0.12,0.331662479036,0.08,0.276887462097,0.4,0.5
604,0.04,0.2,0.08,0.276887462097,0.68,0.47609522857,0.04,0.2,0.16,0.374165738677,0.2,0.408248290464
606,0.08,0.276887462097,0.08,0.276887462097,0.48,0.509901951359,0.12,0.331662479036,0.12,0.331662479036,0.36,0.489897948557
608,0.04,0.2,0.08,0.276887462097,0.72,0.458257569496,0.08,0.276887462097,0.04,0.2,0.16,0.374165738677
610,0.08,0.276887462097,0.0,0.0,0.76,0.435889894354,0.12,0.331662479036,0.2,0.408248290464,0.44,0.506622805119
612,0.16,0.374165738677,0.12,0.331662479036,0.64,0.489897948557,0.04,0.2,0.0,0.0,0.24,0.435889894354
614,0.0,0.0,0.08,0.276887462097,0.36,0.489897948557,0.12,0.331662479036,0.08,0.276887462097,0.36,0.489897948557
616,0.08,0.276887462097,0.04,0.2,0.68,0.47609522857,0.28,0.458257569496,0.0,0.0,0.32,0.47609522857
618,0.08,0.276887462097,0.08,0.276887462097,0.72,0.458257569496,0.08,0.276887462097,0.08,0.276887462097,0.24,0.435889894354
620,0.04,0.2,0.12,0.331662479036,0.52,0.509901951359,0.24,0.435889894354,0.04,0.2,0.24,0.435889894354
622,0.12,0.331662479036,0.04,0.2,0.52,0.509901951359,0.12,0.331662479036,0.04,0.2,0.16,0.374165738677
624,0.08,0.276887462097,0.28,0.458257569496,0.56,0.506622805119,0.04,0.2,0.08,0.276887462097,0.28,0.458257569496
626,0.0,0.0,0.2,0.408248290464,0.52,0.509901951359,0.2,0.408248290464,0.12,0.331662479036,0.32,0.47609522857
628,0.04,0.2,0.12,0.331662479036,0.52,0.509901951359,0.08,0.276887462097,0.12,0.331662479036,0.28,0.458257569496
630,0.04,0.2,0.04,0.2,0.76,0.435889894354,0.16,0.374165738677,0.12,0.331662479036,0.24,0.435889894354
632,0.12,0.331662479036,0.04,0.2,0.64,0.489897948557,0.08,0.276887462097,0.12,0.331662479036,0.08,0.276887462097
634,0.0,0.0,0.12,0.331662479036,0.52,0.509901951359,0.2,0.408248290464,0.12,0.331662479036,0.16,0.374165738677
636,0.16,0.374165738677,0.2,0.408248290464,0.48,0.509901951359,0.12,0.331662479036,0.28,0.458257569496,0.28,0.458257569496
638,0.08,0.276887462097,0.12,0.331662479036,0.6,0.5,0.12,0.331662479036,0.08,0.276887462097,0.28,0.458257569496
640,0.16,0.374165738677,0.04,0.2,0.68,0.47609522857,0.08,0.276887462097,0.16,0.374165738677,0.24,0.435889894354
642,0.04,0.2,0.12,0.331662479036,0.64,0.489897948557,0.08,0.276887462097,0.08,0.276887462097,0.28,0.458257569496
644,0.08,0.276887462097,0.04,0.2,0.6,0.5,0.2,0.408248290464,0.12,0.331662479036,0.28,0.458257569496
646,0.16,0.374165738677,0.2,0.408248290464,0.76,0.435889894354,0.16,0.374165738677,0.08,0.276887462097,0.28,0.458257569496
648,0.12,0.331662479036,0.0,0.0,0.6,0.5,0.04,0.2,0.12,0.331662479036,0.12,0.331662479036
650,0.12,0.331662479036,0.08,0.276887462097,0.68,0.47609522857,0.08,0.276887462097,0.04,0.2,0.24,0.435889894354
652,0.04,0.2,0.08,0.276887462097,0.56,0.506622805119,0.08,0.276887462097,0.2,0.408248290464,0.4,0.5
654,0.16,0.374165738677,0.08,0.276887462097,0.4,0.5,0.08,0.276887462097,0.08,0.276887462097,0.2,0.408248290464
656,0.04,0.2,0.16,0.374165738677,0.72,0.458257569496,0.24,0.435889894354,0.16,0.374165738677,0.28,0.458257569496
658,0.12,0.331662479036,0.16,0.374165738677,0.48,0.509901951359,0.12,0.331662479036,0.08,0.276887462097,0.28,0.458257569496
660,0.04,0.2,0.12,0.331662479036,0.6,0.5,0.08,0.276887462097,0.2,0.408248290464,0.36,0.489897948557
662,0.04,0.2,0.08,0.276887462097,0.64,0.489897948557,0.08,0.276887462097,0.04,0.2,0.16,0.374165738677
664,0.08,0.276887462097,0.12,0.331662479036,0.48,0.509901951359,0.28,0.458257569496,0.16,0.374165738677,0.16,0.374165738677
666,0.04,0.2,0.08,0.276887462097,0.72,0.458257569496,0.08,0.276887462097,0.04,0.2,0.24,0.435889894354
668,0.0,0.0,0.04,0.2,0.6,0.5,0.04,0.2,0.04,0.2,0.32,0.47609522857
670,0.04,0.2,0.2,0.408248290464,0.6,0.5,0.16,0.374165738677,0.12,0.331662479036,0.2,0.408248290464
672,0.12,0.331662479036,0.04,0.2,0.56,0.506622805119,0.16,0.374165738677,0.08,0.276887462097,0.24,0.435889894354
674,0.04,0.2,0.08,0.276887462097,0.52,0.509901951359,0.16,0.374165738677,0.04,0.2,0.12,0.331662479036
676,0.16,0.374165738677,0.12,0.331662479036,0.48,0.509901951359,0.08,0.276887462097,0.04,0.2,0.24,0.435889894354
678,0.08,0.276887462097,0.04,0.2,0.64,0.489897948557,0.12,0.331662479036,0.08,0.276887462097,0.2,0.408248290464
680,0.04,0.2,0.16,0.374165738677,0.6,0.5,0.08,0.276887462097,0.04,0.2,0.16,0.374165738677
682,0.04,0.2,0.04,0.2,0.64,0.489897948557,0.16,0.374165738677,0.04,0.2,0.2,0.408248290464
684,0.04,0.2,0.08,0.276887462097,0.52,0.509901951359,0.16,0.374165738677,0.08,0.276887462097,0.32,0.47609522857
686,0.08,0.276887462097,0.08,0.276887462097,0.68,0.47609522857,0.12,0.331662479036,0.12,0.331662479036,0.32,0.47609522857
688,0.0,0.0,0.2,0.408248290464,0.52,0.509901951359,0.28,0.458257569496,0.04,0.2,0.24,0.435889894354
690,0.16,0.374165738677,0.0,0.0,0.64,0.489897948557,0.08,0.276887462097,0.12,0.331662479036,0.16,0.374165738677
692,0.08,0.276887462097,0.04,0.2,0.52,0.509901951359,0.08,0.276887462097,0.04,0.2,0.24,0.435889894354
694,0.08,0.276887462097,0.08,0.276887462097,0.52,0.509901951359,0.28,0.458257569496,0.16,0.374165738677,0.12,0.331662479036
696,0.04,0.2,0.08,0.276887462097,0.6,0.5,0.08,0.276887462097,0.04,0.2,0.16,0.374165738677
698,0.12,0.331662479036,0.08,0.276887462097,0.48,0.509901951359,0.12,0.331662479036,0.0,0.0,0.28,0.458257569496
700,0.04,0.2,0.08,0.276887462097,0.52,0.509901951359,0.12,0.331662479036,0.04,0.2,0.32,0.47609522857
702,0.08,0.276887462097,0.08,0.276887462097,0.56,0.506622805119,0.08,0.276887462097,0.12,0.331662479036,0.32,0.47609522857
704,0.16,0.374165738677,0.04,0.2,0.52,0.509901951359,0.12,0.331662479036,0.0,0.0,0.32,0.47609522857
706,0.08,0.276887462097,0.08,0.276887462097,0.64,0.489897948557,0.08,0.276887462097,0.16,0.374165738677,0.2,0.408248290464
708,0.04,0.2,0.04,0.2,0.52,0.509901951359,0.2,0.408248290464,0.0,0.0,0.24,0.435889894354
710,0.04,0.2,0.2,0.408248290464,0.56,0.506622805119,0.04,0.2,0.08,0.276887462097,0.12,0.331662479036
712,0.08,0.276887462097,0.12,0.331662479036,0.36,0.489897948557,0.12,0.331662479036,0.12,0.331662479036,0.2,0.408248290464
714,0.04,0.2,0.04,0.2,0.44,0.506622805119,0.24,0.435889894354,0.16,0.374165738677,0.32,0.47609522857
716,0.16,0.374165738677,0.12,0.331662479036,0.4,0.5,0.04,0.2,0.04,0.2,0.2,0.408248290464
718,0.16,0.374165738677,0.04,0.2,0.6,0.5,0.08,0.276887462097,0.16,0.374165738677,0.16,0.374165738677
720,0.08,0.276887462097,0.04,0.2,0.48,0.509901951359,0.12,0.331662479036,0.04,0.2,0.12,0.331662479036
722,0.04,0.2,0.04,0.2,0.6,0.5,0.08,0.276887462097,0.16,0.374165738677,0.2,0.408248290464
724,0.12,0.331662479036,0.04,0.2,0.68,0.47609522857,0.0,0.0,0.08,0.276887462097,0.12,0.331662479036
726,0.08,0.276887462097,0.24,0.435889894354,0.56,0.506622805119,0.0,0.0,0.16,0.374165738677,0.08,0.276887462097
728,0.08,0.276887462097,0.08,0.276887462097,0.44,0.506622805119,0.04,0.2,0.16,0.374165738677,0.32,0.47609522857
730,0.12,0.331662479036,0.04,0.2,0.44,0.506622805119,0.2,0.408248290464,0.12,0.331662479036,0.12,0.331662479036
732,0.04,0.2,0.04,0.2,0.6,0.5,0.12,0.331662479036,0.04,0.2,0.2,0.408248290464
734,0.0,0.0,0.12,0.331662479036,0.48,0.509901951359,0.12,0.331662479036,0.12,0.331662479036,0.24,0.435889894354
736,0.16,0.374165738677,0.08,0.276887462097,0.44,0.506622805119,0.24,0.435889894354,0.2,0.408248290464,0.32,0.47609522857
738,0.04,0.2,0.16,0.374165738677,0.44,0.506622805119,0.16,0.374165738677,0.08,0.276887462097,0.2,0.408248290464
740,0.04,0.2,0.2,0.408248290464,0.6,0.5,0.12,0.331662479036,0.04,0.2,0.16,0.374165738677
742,0.08,0.276887462097,0.16,0.374165738677,0.68,0.47609522857,0.12,0.331662479036,0.16,0.374165738677,0.04,0.2
744,0.08,0.276887462097,0.24,0.435889894354,0.4,0.5,0.16,0.374165738677,0.04,0.2,0.2,0.408248290464
746,0.0,0.0,0.08,0.276887462097,0.64,0.489897948557,0.2,0.408248290464,0.04,0.2,0.2,0.408248290464
748,0.08,0.276887462097,0.12,0.331662479036,0.56,0.506622805119,0.24,0.435889894354,0.04,0.2,0.28,0.458257569496
750,0.04,0.2,0.12,0.331662479036,0.56,0.506622805119,0.2,0.408248290464,0.08,0.276887462097,0.16,0.374165738677
752,0.0,0.0,0.12,0.331662479036,0.4,0.5,0.12,0.331662479036,0.08,0.276887462097,0.2,0.408248290464
754,0.12,0.331662479036,0.16,0.374165738677,0.56,0.506622805119,0.08,0.276887462097,0.08,0.276887462097,0.2,0.408248290464
756,0.12,0.331662479036,0.16,0.374165738677,0.36,0.489897948557,0.16,0.374165738677,0.08,0.276887462097,0.36,0.489897948557
758,0.08,0.276887462097,0.16,0.374165738677,0.4,0.5,0.08,0.276887462097,0.08,0.276887462097,0.32,0.47609522857
760,0.04,0.2,0.24,0.435889894354,0.68,0.47609522857,0.24,0.435889894354,0.12,0.331662479036,0.16,0.374165738677
762,0.04,0.2,0.08,0.276887462097,0.48,0.509901951359,0.16,0.374165738677,0.12,0.331662479036,0.2,0.408248290464
764,0.04,0.2,0.04,0.2,0.72,0.458257569496,0.12,0.331662479036,0.0,0.0,0.2,0.408248290464
766,0.04,0.2,0.08,0.276887462097,0.52,0.509901951359,0.16,0.374165738677,0.04,0.2,0.08,0.276887462097
768,0.08,0.276887462097,0.08,0.276887462097,0.44,0.506622805119,0.12,0.331662479036,0.2,0.408248290464,0.16,0.374165738677
770,0.0,0.0,0.04,0.2,0.56,0.506622805119,0.04,0.2,0.12,0.331662479036,0.16,0.374165738677
772,0.0,0.0,0.04,0.2,0.56,0.506622805119,0.16,0.374165738677,0.08,0.276887462097,0.28,0.458257569496
774,0.04,0.2,0.12,0.331662479036,0.52,0.509901951359,0.28,0.458257569496,0.04,0.2,0.28,0.458257569496
776,0.04,0.2,0.08,0.276887462097,0.44,0.506622805119,0.12,0.331662479036,0.12,0.331662479036,0.24,0.435889894354
778,0.0,0.0,0.2,0.408248290464,0.36,0.489897948557,0.12,0.331662479036,0.08,0.276887462097,0.12,0.331662479036
780,0.0,0.0,0.08,0.276887462097,0.4,0.5,0.04,0.2,0.08,0.276887462097,0.16,0.374165738677
782,0.08,0.276887462097,0.2,0.408248290464,0.52,0.509901951359,0.04,0.2,0.04,0.2,0.24,0.435889894354
784,0.2,0.408248290464,0.16,0.374165738677,0.52,0.509901951359,0.0,0.0,0.12,0.331662479036,0.16,0.374165738677
786,0.12,0.331662479036,0.08,0.276887462097,0.48,0.509901951359,0.12,0.331662479036,0.04,0.2,0.36,0.489897948557
788,0.12,0.331662479036,0.04,0.2,0.56,0.506622805119,0.12,0.331662479036,0.08,0.276887462097,0.2,0.408248290464
790,0.08,0.276887462097,0.12,0.331662479036,0.48,0.509901951359,0.08,0.276887462097,0.16,0.374165738677,0.28,0.458257569496
792,0.04,0.2,0.16,0.374165738677,0.52,0.509901951359,0.08,0.276887462097,0.0,0.0,0.24,0.435889894354
794,0.16,0.374165738677,0.12,0.331662479036,0.36,0.489897948557,0.2,0.408248290464,0.08,0.276887462097,0.28,0.458257569496
796,0.08,0.276887462097,0.04,0.2,0.48,0.509901951359,0.12,0.331662479036,0.12,0.331662479036,0.16,0.374165738677
798,0.0,0.0,0.16,0.374165738677,0.56,0.506622805119,0.12,0.331662479036,0.08,0.276887462097,0.04,0.2
800,0.08,0.276887462097,0.08,0.276887462097,0.6,0.5,0.16,0.374165738677,0.04,0.2,0.12,0.331662479036
802,0.04,0.2,0.04,0.2,0.56,0.506622805119,0.12,0.331662479036,0.12,0.331662479036,0.16,0.374165738677
804,0.08,0.276887462097,0.08,0.276887462097,0.32,0.47609522857,0.12,0.331662479036,0.16,0.374165738677,0.12,0.331662479036
806,0.08,0.276887462097,0.2,0.408248290464,0.32,0.47609522857,0.08,0.276887462097,0.16,0.374165738677,0.16,0.374165738677
808,0.12,0.331662479036,0.08,0.276887462097,0.4,0.5,0.2,0.408248290464,0.24,0.435889894354,0.24,0.435889894354
810,0.08,0.276887462097,0.16,0.374165738677,0.44,0.506622805119,0.12,0.331662479036,0.04,0.2,0.24,0.435889894354
812,0.08,0.276887462097,0.04,0.2,0.48,0.509901951359,0.08,0.276887462097,0.04,0.2,0.2,0.408248290464
814,0.16,0.374165738677,0.12,0.331662479036,0.48,0.509901951359,0.08,0.276887462097,0.08,0.276887462097,0.28,0.458257569496
816,0.04,0.2,0.04,0.2,0.52,0.509901951359,0.12,0.331662479036,0.08,0.276887462097,0.16,0.374165738677
818,0.16,0.374165738677,0.04,0.2,0.6,0.5,0.0,0.0,0.08,0.276887462097,0.36,0.489897948557
820,0.08,0.276887462097,0.12,0.331662479036,0.44,0.506622805119,0.12,0.331662479036,0.04,0.2,0.28,0.458257569496
822,0.12,0.331662479036,0.2,0.408248290464,0.56,0.506622805119,0.08,0.276887462097,0.12,0.331662479036,0.32,0.47609522857
824,0.08,0.276887462097,0.04,0.2,0.48,0.509901951359,0.12,0.331662479036,0.16,0.374165738677,0.08,0.276887462097
826,0.08,0.276887462097,0.0,0.0,0.52,0.509901951359,0.08,0.276887462097,0.12,0.331662479036,0.12,0.331662479036
828,0.04,0.2,0.08,0.276887462097,0.28,0.458257569496,0.2,0.408248290464,0.08,0.276887462097,0.24,0.435889894354
830,0.08,0.276887462097,0.04,0.2,0.24,0.435889894354,0.08,0.276887462097,0.08,0.276887462097,0.16,0.374165738677
832,0.04,0.2,0.08,0.276887462097,0.4,0.5,0.16,0.374165738677,0.04,0.2,0.08,0.276887462097
834,0.04,0.2,0.12,0.331662479036,0.24,0.435889894354,0.08,0.276887462097,0.08,0.276887462097,0.12,0.331662479036
836,0.0,0.0,0.08,0.276887462097,0.44,0.506622805119,0.0,0.0,0.16,0.374165738677,0.16,0.374165738677
838,0.12,0.331662479036,0.08,0.276887462097,0.52,0.509901951359,0.08,0.276887462097,0.12,0.331662479036,0.28,0.458257569496
840,0.0,0.0,0.24,0.435889894354,0.44,0.506622805119,0.24,0.435889894354,0.04,0.2,0.16,0.374165738677
842,0.12,0.331662479036,0.16,0.374165738677,0.48,0.509901951359,0.12,0.331662479036,0.12,0.331662479036,0.16,0.374165738677
844,0.08,0.276887462097,0.08,0.276887462097,0.56,0.506622805119,0.16,0.374165738677,0.2,0.408248290464,0.12,0.331662479036
846,0.16,0.374165738677,0.2,0.408248290464,0.36,0.489897948557,0.12,0.331662479036,0.08,0.276887462097,0.16,0.374165738677
848,0.16,0.374165738677,0.12,0.331662479036,0.4,0.5,0.04,0.2,0.04,0.2,0.28,0.458257569496
850,0.08,0.276887462097,0.2,0.408248290464,0.56,0.506622805119,0.08,0.276887462097,0.04,0.2,0.24,0.435889894354
852,0.08,0.276887462097,0.0,0.0,0.48,0.509901951359,0.12,0.331662479036,0.16,0.374165738677,0.16,0.374165738677
854,0.04,0.2,0.12,0.331662479036,0.52,0.509901951359,0.08,0.276887462097,0.08,0.276887462097,0.08,0.276887462097
856,0.0,0.0,0.12,0.331662479036,0.48,0.509901951359,0.12,0.331662479036,0.12,0.331662479036,0.08,0.276887462097
858,0.04,0.2,0.08,0.276887462097,0.4,0.5,0.12,0.331662479036,0.12,0.331662479036,0.12,0.331662479036
860,0.12,0.331662479036,0.08,0.276887462097,0.16,0.374165738677,0.12,0.331662479036,0.12,0.331662479036,0.28,0.458257569496
862,0.0,0.0,0.0,0.0,0.4,0.5,0.12,0.331662479036,0.16,0.374165738677,0.08,0.276887462097
864,0.16,0.374165738677,0.12,0.331662479036,0.52,0.509901951359,0.2,0.408248290464,0.16,0.374165738677,0.16,0.374165738677
866,0.04,0.2,0.12,0.331662479036,0.36,0.489897948557,0.08,0.276887462097,0.2,0.408248290464,0.16,0.374165738677
868,0.2,0.408248290464,0.04,0.2,0.6,0.5,0.2,0.408248290464,0.04,0.2,0.16,0.374165738677
870,0.04,0.2,0.04,0.2,0.48,0.509901951359,0.08,0.276887462097,0.08,0.276887462097,0.16,0.374165738677
872,0.0,0.0,0.04,0.2,0.52,0.509901951359,0.04,0.2,0.12,0.331662479036,0.16,0.374165738677
874,0.08,0.276887462097,0.08,0.276887462097,0.44,0.506622805119,0.12,0.331662479036,0.16,0.374165738677,0.16,0.374165738677
876,0.04,0.2,0.04,0.2,0.28,0.458257569496,0.16,0.374165738677,0.16,0.374165738677,0.2,0.408248290464
878,0.04,0.2,0.04,0.2,0.48,0.509901951359,0.24,0.435889894354,0.2,0.408248290464,0.08,0.276887462097
880,0.0,0.0,0.12,0.331662479036,0.32,0.47609522857,0.16,0.374165738677,0.12,0.331662479036,0.0,0.0
882,0.08,0.276887462097,0.12,0.331662479036,0.56,0.506622805119,0.12,0.331662479036,0.12,0.331662479036,0.12,0.331662479036
884,0.08,0.276887462097,0.0,0.0,0.28,0.458257569496,0.12,0.331662479036,0.04,0.2,0.16,0.374165738677
886,0.08,0.276887462097,0.08,0.276887462097,0.36,0.489897948557,0.08,0.276887462097,0.08,0.276887462097,0.16,0.374165738677
888,0.0,0.0,0.12,0.331662479036,0.48,0.509901951359,0.08,0.276887462097,0.08,0.276887462097,0.04,0.2
890,0.0,0.0,0.08,0.276887462097,0.36,0.489897948557,0.12,0.331662479036,0.2,0.408248290464,0.24,0.435889894354
892,0.04,0.2,0.08,0.276887462097,0.6,0.5,0.12,0.331662479036,0.08,0.276887462097,0.16,0.374165738677
894,0.0,0.0,0.12,0.331662479036,0.52,0.509901951359,0.08,0.276887462097,0.04,0.2,0.16,0.374165738677
896,0.0,0.0,0.08,0.276887462097,0.4,0.5,0.08,0.276887462097,0.08,0.276887462097,0.24,0.435889894354
898,0.12,0.331662479036,0.04,0.2,0.48,0.509901951359,0.16,0.374165738677,0.12,0.331662479036,0.16,0.374165738677
900,0.12,0.331662479036,0.16,0.374165738677,0.44,0.506622805119,0.0,0.0,0.08,0.276887462097,0.24,0.435889894354
902,0.08,0.276887462097,0.08,0.276887462097,0.36,0.489897948557,0.12,0.331662479036,0.08,0.276887462097,0.16,0.374165738677
904,0.12,0.331662479036,0.24,0.435889894354,0.48,0.509901951359,0.0,0.0,0.04,0.2,0.12,0.331662479036
906,0.04,0.2,0.0,0.0,0.32,0.47609522857,0.12,0.331662479036,0.0,0.0,0.04,0.2
908,0.16,0.374165738677,0.08,0.276887462097,0.2,0.408248290464,0.08,0.276887462097,0.08,0.276887462097,0.24,0.435889894354
910,0.08,0.276887462097,0.16,0.374165738677,0.56,0.506622805119,0.08,0.276887462097,0.04,0.2,0.08,0.276887462097
912,0.12,0.331662479036,0.16,0.374165738677,0.4,0.5,0.08,0.276887462097,0.08,0.276887462097,0.24,0.435889894354
914,0.08,0.276887462097,0.12,0.331662479036,0.2,0.408248290464,0.12,0.331662479036,0.08,0.276887462097,0.12,0.331662479036
916,0.0,0.0,0.16,0.374165738677,0.48,0.509901951359,0.04,0.2,0.08,0.276887462097,0.04,0.2
918,0.04,0.2,0.04,0.2,0.28,0.458257569496,0.12,0.331662479036,0.12,0.331662479036,0.2,0.408248290464
920,0.0,0.0,0.04,0.2,0.44,0.506622805119,0.0,0.0,0.16,0.374165738677,0.12,0.331662479036
922,0.08,0.276887462097,0.12,0.331662479036,0.4,0.5,0.04,0.2,0.08,0.276887462097,0.28,0.458257569496
924,0.04,0.2,0.08,0.276887462097,0.4,0.5,0.2,0.408248290464,0.04,0.2,0.24,0.435889894354
926,0.04,0.2,0.08,0.276887462097,0.56,0.506622805119,0.16,0.374165738677,0.04,0.2,0.12,0.331662479036
928,0.04,0.2,0.16,0.374165738677,0.44,0.506622805119,0.12,0.331662479036,0.24,0.435889894354,0.12,0.331662479036
930,0.04,0.2,0.04,0.2,0.32,0.47609522857,0.16,0.374165738677,0.12,0.331662479036,0.12,0.331662479036
932,0.08,0.276887462097,0.04,0.2,0.36,0.489897948557,0.04,0.2,0.08,0.276887462097,0.0,0.0
934,0.12,0.331662479036,0.16,0.374165738677,0.32,0.47609522857,0.04,0.2,0.12,0.331662479036,0.16,0.374165738677
936,0.0,0.0,0.08,0.276887462097,0.44,0.506622805119,0.08,0.276887462097,0.16,0.374165738677,0.12,0.331662479036
938,0.08,0.276887462097,0.08,0.276887462097,0.36,0.489897948557,0.08,0.276887462097,0.16,0.374165738677,0.16,0.374165738677
940,0.04,0.2,0.04,0.2,0.36,0.489897948557,0.0,0.0,0.08,0.276887462097,0.2,0.408248290464
942,0.12,0.331662479036,0.12,0.331662479036,0.48,0.509901951359,0.08,0.276887462097,0.12,0.331662479036,0.2,0.408248290464
944,0.2,0.408248290464,0.0,0.0,0.48,0.509901951359,0.04,0.2,0.12,0.331662479036,0.2,0.408248290464
946,0.12,0.331662479036,0.12,0.331662479036,0.36,0.489897948557,0.2,0.408248290464,0.04,0.2,0.12,0.331662479036
948,0.12,0.331662479036,0.12,0.331662479036,0.36,0.489897948557,0.12,0.331662479036,0.08,0.276887462097,0.2,0.408248290464
950,0.04,0.2,0.12,0.331662479036,0.28,0.458257569496,0.04,0.2,0.2,0.408248290464,0.28,0.458257569496
952,0.04,0.2,0.04,0.2,0.4,0.5,0.04,0.2,0.0,0.0,0.2,0.408248290464
954,0.04,0.2,0.08,0.276887462097,0.52,0.509901951359,0.2,0.408248290464,0.08,0.276887462097,0.2,0.408248290464
956,0.04,0.2,0.08,0.276887462097,0.36,0.489897948557,0.08,0.276887462097,0.2,0.408248290464,0.08,0.276887462097
958,0.0,0.0,0.08,0.276887462097,0.6,0.5,0.2,0.408248290464,0.04,0.2,0.24,0.435889894354
960,0.04,0.2,0.2,0.408248290464,0.44,0.506622805119,0.08,0.276887462097,0.04,0.2,0.24,0.435889894354
962,0.04,0.2,0.12,0.331662479036,0.4,0.5,0.12,0.331662479036,0.16,0.374165738677,0.12,0.331662479036
964,0.12,0.331662479036,0.2,0.408248290464,0.12,0.331662479036,0.12,0.331662479036,0.16,0.374165738677,0.12,0.331662479036
966,0.16,0.374165738677,0.08,0.276887462097,0.28,0.458257569496,0.12,0.331662479036,0.16,0.374165738677,0.08,0.276887462097
968,0.08,0.276887462097,0.12,0.331662479036,0.44,0.506622805119,0.0,0.0,0.12,0.331662479036,0.24,0.435889894354
970,0.12,0.331662479036,0.16,0.374165738677,0.2,0.408248290464,0.16,0.374165738677,0.16,0.374165738677,0.04,0.2
972,0.08,0.276887462097,0.04,0.2,0.32,0.47609522857,0.12,0.331662479036,0.04,0.2,0.12,0.331662479036
974,0.04,0.2,0.04,0.2,0.28,0.458257569496,0.28,0.458257569496,0.12,0.331662479036,0.12,0.331662479036
976,0.12,0.331662479036,0.0,0.0,0.44,0.506622805119,0.12,0.331662479036,0.08,0.276887462097,0.08,0.276887462097
978,0.04,0.2,0.12,0.331662479036,0.44,0.506622805119,0.12,0.331662479036,0.16,0.374165738677,0.08,0.276887462097
980,0.12,0.331662479036,0.08,0.276887462097,0.16,0.374165738677,0.2,0.408248290464,0.12,0.331662479036,0.16,0.374165738677
982,0.08,0.276887462097,0.04,0.2,0.4,0.5,0.08,0.276887462097,0.0,0.0,0.12,0.331662479036
984,0.04,0.2,0.12,0.331662479036,0.28,0.458257569496,0.16,0.374165738677,0.2,0.408248290464,0.2,0.408248290464
986,0.08,0.276887462097,0.2,0.408248290464,0.48,0.509901951359,0.2,0.408248290464,0.12,0.331662479036,0.16,0.374165738677
988,0.04,0.2,0.08,0.276887462097,0.4,0.5,0.16,0.374165738677,0.08,0.276887462097,0.2,0.408248290464
990,0.04,0.2,0.12,0.331662479036,0.52,0.509901951359,0.2,0.408248290464,0.12,0.331662479036,0.16,0.374165738677
992,0.08,0.276887462097,0.2,0.408248290464,0.56,0.506622805119,0.12,0.331662479036,0.04,0.2,0.12,0.331662479036
994,0.0,0.0,0.04,0.2,0.4,0.5,0.12,0.331662479036,0.12,0.331662479036,0.28,0.458257569496
996,0.04,0.2,0.16,0.374165738677,0.4,0.5,0.04,0.2,0.0,0.0,0.04,0.2
998,0.08,0.276887462097,0.04,0.2,0.36,0.489897948557,0.0,0.0,0.04,0.2,0.12,0.331662479036
