"time","AMPA","NMDA","GABAa"
0.0,0.0,0.0,0.0
0.05,0.0,0.0,0.0
0.1,0.0,0.0,0.0
0.15,0.0,0.0,0.0
0.2,0.0,0.0,0.0
0.25,0.0,0.0,0.0
0.3,0.0,0.0,0.0
0.35,0.0,0.0,0.0
0.4,0.0,0.0,0.0
0.45,0.0,0.0,0.0
0.5,0.0,0.0,0.0
0.55,0.0,0.0,0.0
0.6,0.0,0.0,0.0
0.65,0.0,0.0,0.0
0.7,0.0,0.0,0.0
0.75,0.0,0.0,0.0
0.8,0.0,0.0,0.0
0.85,0.0,0.0,0.0
0.9,0.0,0.0,0.0
0.95,0.0,0.0,0.0
1.0,0.0,0.0,0.0
1.05,0.0,0.0,0.0
1.1,0.0,0.0,0.0
1.15,0.0,0.0,0.0
1.2,0.0,0.0,0.0
1.25,0.0,0.0,0.0
1.3,0.0,0.0,0.0
1.35,0.0,0.0,0.0
1.4,0.0,0.0,0.0
1.45,0.0,0.0,0.0
1.5,0.0,0.0,0.0
1.55,0.0,0.0,0.0
1.6,0.0,0.0,0.0
1.65,0.0,0.0,0.0
1.7,0.0,0.0,0.0
1.75,0.0,0.0,0.0
1.8,0.0,0.0,0.0
1.85,0.0,0.0,0.0
1.9,0.0,0.0,0.0
1.95,0.0,0.0,0.0
2.0,0.0,0.0,0.0
2.05,0.0,0.0,0.0
2.1,0.0,0.0,0.0
2.15,0.0,0.0,0.0
2.2,0.0,0.0,0.0
2.25,0.0,0.0,0.0
2.3,0.0,0.0,0.0
2.35,0.0,0.0,0.0
2.4,0.0,0.0,0.0
2.45,0.0,0.0,0.0
2.5,0.0,0.0,0.0
2.55,0.0,0.0,0.0
2.6,0.0,0.0,0.0
2.65,0.0,0.0,0.0
2.7,0.0,0.0,0.0
2.75,0.0,0.0,0.0
2.8,0.0,0.0,0.0
2.85,0.0,0.0,0.0
2.9,0.0,0.0,0.0
2.95,0.0,0.0,0.0
3.0,0.0,0.0,0.0
3.05,0.0,0.0,0.0
3.1,0.0,0.0,0.0
3.15,0.0,0.0,0.0
3.2,0.0,0.0,0.0
3.25,0.0,0.0,0.0
3.3,0.0,0.0,0.0
3.35,0.0,0.0,0.0
3.4,0.0,0.0,0.0
3.45,0.0,0.0,0.0
3.5,0.0,0.0,0.0
3.55,0.0,0.0,0.0
3.6,0.0,0.0,0.0
3.65,0.0,0.0,0.0
3.7,0.0,0.0,0.0
3.75,0.0,0.0,0.0
3.8,0.0,0.0,0.0
3.85,0.0,0.0,0.0
3.9,0.0,0.0,0.0
3.95,0.0,0.0,0.0
4.0,0.0,0.0,0.0
4.05,0.0,0.0,0.0
4.1,0.0,0.0,0.0
4.15,0.0,0.0,0.0
4.2,0.0,0.0,0.0
4.25,0.0,0.0,0.0
4.3,0.0,0.0,0.0
4.35,0.0,0.0,0.0
4.4,0.0,0.0,0.0
4.45,0.0,0.0,0.0
4.5,0.0,0.0,0.0
4.55,0.0,0.0,0.0
4.6,0.0,0.0,0.0
4.65,0.0,0.0,0.0
4.7,0.0,0.0,0.0
4.75,0.0,0.0,0.0
4.8,0.0,0.0,0.0
4.85,0.0,0.0,0.0
4.9,0.0,0.0,0.0
4.95,0.0,0.0,0.0
5.0,0.0,0.0,0.0
5.05,0.0,0.0,0.0
5.1,0.0,0.0,0.0
5.15,0.0,0.0,0.0
5.2,0.0,0.0,0.0
5.25,0.0,0.0,0.0
5.3,0.0,0.0,0.0
5.35,0.0,0.0,0.0
5.4,0.0,0.0,0.0
5.45,0.0,0.0,0.0
5.5,0.0,0.0,0.0
5.55,0.0,0.0,0.0
5.6,0.0,0.0,0.0
5.65,0.0,0.0,0.0
5.7,0.0,0.0,0.0
5.75,0.0,0.0,0.0
5.8,0.0,0.0,0.0
5.85,0.0,0.0,0.0
5.9,0.0,0.0,0.0
5.95,0.0,0.0,0.0
6.0,0.0,0.0,0.0
6.05,0.0,0.0,0.0
6.1,0.0,0.0,0.0
6.15,0.0,0.0,0.0
6.2,0.0,0.0,0.0
6.25,0.0,0.0,0.0
6.3,0.0,0.0,0.0
6.35,0.0,0.0,0.0
6.4,0.0,0.0,0.0
6.45,0.0,0.0,0.0
6.5,0.0,0.0,0.0
6.55,0.0,0.0,0.0
6.6,0.0,0.0,0.0
6.65,0.0,0.0,0.0
6.7,0.0,0.0,0.0
6.75,0.0,0.0,0.0
6.8,0.0,0.0,0.0
6.85,0.0,0.0,0.0
6.9,0.0,0.0,0.0
6.95,0.0,0.0,0.0
7.0,0.0,0.0,0.0
7.05,0.0,0.0,0.0
7.1,0.0,0.0,0.0
7.15,0.0,0.0,0.0
7.2,0.0,0.0,0.0
7.25,0.0,0.0,0.0
7.3,0.0,0.0,0.0
7.35,0.0,0.0,0.0
7.4,0.0,0.0,0.0
7.45,0.0,0.0,0.0
7.5,0.0,0.0,0.0
7.55,0.0,0.0,0.0
7.6,0.0,0.0,0.0
7.65,0.0,0.0,0.0
7.7,0.0,0.0,0.0
7.75,0.0,0.0,0.0
7.8,0.0,0.0,0.0
7.85,0.0,0.0,0.0
7.9,0.0,0.0,0.0
7.95,0.0,0.0,0.0
8.0,0.0,0.0,0.0
8.05,0.0,0.0,0.0
8.1,0.0,0.0,0.0
8.15,0.0,0.0,0.0
8.2,0.0,0.0,0.0
8.25,0.0,0.0,0.0
8.3,0.0,0.0,0.0
8.35,0.0,0.0,0.0
8.4,0.0,0.0,0.0
8.45,0.0,0.0,0.0
8.5,0.0,0.0,0.0
8.55,0.0,0.0,0.0
8.6,0.0,0.0,0.0
8.65,0.0,0.0,0.0
8.7,0.0,0.0,0.0
8.75,0.0,0.0,0.0
8.8,0.0,0.0,0.0
8.85,0.0,0.0,0.0
8.9,0.0,0.0,0.0
8.95,0.0,0.0,0.0
9.0,0.0,0.0,0.0
9.05,0.0,0.0,0.0
9.1,0.0,0.0,0.0
9.15,0.0,0.0,0.0
9.2,0.0,0.0,0.0
9.25,0.0,0.0,0.0
9.3,0.0,0.0,0.0
9.35,0.0,0.0,0.0
9.4,0.0,0.0,0.0
9.45,0.0,0.0,0.0
9.5,0.0,0.0,0.0
9.55,0.0,0.0,0.0
9.6,0.0,0.0,0.0
9.65,0.0,0.0,0.0
9.7,0.0,0.0,0.0
9.75,0.0,0.0,0.0
9.8,0.0,0.0,0.0
9.85,0.0,0.0,0.0
9.9,0.0,0.0,0.0
9.95,0.0,0.0,0.0
10.0,0.0,0.0,0.0
10.05,0.0,0.0,0.0
10.1,0.0,0.0,0.0
10.15,0.0,0.0,0.0
10.2,0.0,0.0,0.0
10.25,0.0,0.0,0.0
10.3,0.0,0.0,0.0
10.35,0.0,0.0,0.0
10.4,0.0,0.0,0.0
10.45,0.0,0.0,0.0
10.5,0.0,0.0,0.0
10.55,0.0,0.0,0.0
10.6,0.0,0.0,0.0
10.65,0.0,0.0,0.0
10.7,0.0,0.0,0.0
10.75,0.0,0.0,0.0
10.8,0.0,0.0,0.0
10.85,0.0,0.0,0.0
10.9,0.0,0.0,0.0
10.95,0.0,0.0,0.0
11.0,0.0,0.0,0.0
11.05,0.0,0.0,0.0
11.1,0.0,0.0,0.0
11.15,0.0,0.0,0.0
11.2,0.0,0.0,0.0
11.25,0.0,0.0,0.0
11.3,0.0,0.0,0.0
11.35,0.0,0.0,0.0
11.4,0.0,0.0,0.0
11.45,0.0,0.0,0.0
11.5,0.0,0.0,0.0
11.55,0.0,0.0,0.0
11.6,0.0,0.0,0.0
11.65,0.0,0.0,0.0
11.7,0.0,0.0,0.0
11.75,0.0,0.0,0.0
11.8,0.0,0.0,0.0
11.85,0.0,0.0,0.0
11.9,0.0,0.0,0.0
11.95,0.0,0.0,0.0
12.0,0.0,0.0,0.0
12.05,0.0,0.0,0.0
12.1,0.0,0.0,0.0
12.15,0.0,0.0,0.0
12.2,0.0,0.0,0.0
12.25,0.0,0.0,0.0
12.3,0.0,0.0,0.0
12.35,0.0,0.0,0.0
12.4,0.0,0.0,0.0
12.45,0.0,0.0,0.0
12.5,0.0,0.0,0.0
12.55,0.0,0.0,0.0
12.6,0.0,0.0,0.0
12.65,0.0,0.0,0.0
12.7,0.0,0.0,0.0
12.75,0.0,0.0,0.0
12.8,0.0,0.0,0.0
12.85,0.0,0.0,0.0
12.9,0.0,0.0,0.0
12.95,0.0,0.0,0.0
13.0,0.0,0.0,0.0
13.05,0.0,0.0,0.0
13.1,0.0,0.0,0.0
13.15,0.0,0.0,0.0
13.2,0.0,0.0,0.0
13.25,0.0,0.0,0.0
13.3,0.0,0.0,0.0
13.35,0.0,0.0,0.0
13.4,0.0,0.0,0.0
13.45,0.0,0.0,0.0
13.5,0.0,0.0,0.0
13.55,0.0,0.0,0.0
13.6,0.0,0.0,0.0
13.65,0.0,0.0,0.0
13.7,0.0,0.0,0.0
13.75,0.0,0.0,0.0
13.8,0.0,0.0,0.0
13.85,0.0,0.0,0.0
13.9,0.0,0.0,0.0
13.95,0.0,0.0,0.0
14.0,0.0,0.0,0.0
14.05,0.0,0.0,0.0
14.1,0.0,0.0,0.0
14.15,0.0,0.0,0.0
14.2,0.0,0.0,0.0
14.25,0.0,0.0,0.0
14.3,0.0,0.0,0.0
14.35,0.0,0.0,0.0
14.4,0.0,0.0,0.0
14.45,0.0,0.0,0.0
14.5,0.0,0.0,0.0
14.55,0.0,0.0,0.0
14.6,0.0,0.0,0.0
14.65,0.0,0.0,0.0
14.7,0.0,0.0,0.0
14.75,0.0,0.0,0.0
14.8,0.0,0.0,0.0
14.85,0.0,0.0,0.0
14.9,0.0,0.0,0.0
14.95,0.0,0.0,0.0
15.0,0.0,0.0,0.0
15.05,0.0,0.0,0.0
15.1,0.0,0.0,0.0
15.15,0.0,0.0,0.0
15.2,0.0,0.0,0.0
15.25,0.0,0.0,0.0
15.3,0.0,0.0,0.0
15.35,0.0,0.0,0.0
15.4,0.0,0.0,0.0
15.45,0.0,0.0,0.0
15.5,0.0,0.0,0.0
15.55,0.0,0.0,0.0
15.6,0.0,0.0,0.0
15.65,0.0,0.0,0.0
15.7,0.0,0.0,0.0
15.75,0.0,0.0,0.0
15.8,0.0,0.0,0.0
15.85,0.0,0.0,0.0
15.9,0.0,0.0,0.0
15.95,0.0,0.0,0.0
16.0,0.0,0.0,0.0
16.05,0.0,0.0,0.0
16.1,0.0,0.0,0.0
16.15,0.0,0.0,0.0
16.2,0.0,0.0,0.0
16.25,0.0,0.0,0.0
16.3,0.0,0.0,0.0
16.35,0.0,0.0,0.0
16.4,0.0,0.0,0.0
16.45,0.0,0.0,0.0
16.5,0.0,0.0,0.0
16.55,0.0,0.0,0.0
16.6,0.0,0.0,0.0
16.65,0.0,0.0,0.0
16.7,0.0,0.0,0.0
16.75,0.0,0.0,0.0
16.8,0.0,0.0,0.0
16.85,0.0,0.0,0.0
16.9,0.0,0.0,0.0
16.95,0.0,0.0,0.0
17.0,0.0,0.0,0.0
17.05,0.0,0.0,0.0
17.1,0.0,0.0,0.0
17.15,0.0,0.0,0.0
17.2,0.0,0.0,0.0
17.25,0.0,0.0,0.0
17.3,0.0,0.0,0.0
17.35,0.0,0.0,0.0
17.4,0.0,0.0,0.0
17.45,0.0,0.0,0.0
17.5,0.0,0.0,0.0
17.55,0.0,0.0,0.0
17.6,0.0,0.0,0.0
17.65,0.0,0.0,0.0
17.7,0.0,0.0,0.0
17.75,0.0,0.0,0.0
17.8,0.0,0.0,0.0
17.85,0.0,0.0,0.0
17.9,0.0,0.0,0.0
17.95,0.0,0.0,0.0
18.0,0.0,0.0,0.0
18.05,0.0,0.0,0.0
18.1,0.0,0.0,0.0
18.15,0.0,0.0,0.0
18.2,0.0,0.0,0.0
18.25,0.0,0.0,0.0
18.3,0.0,0.0,0.0
18.35,0.0,0.0,0.0
18.4,0.0,0.0,0.0
18.45,0.0,0.0,0.0
18.5,0.0,0.0,0.0
18.55,0.0,0.0,0.0
18.6,0.0,0.0,0.0
18.65,0.0,0.0,0.0
18.7,0.0,0.0,0.0
18.75,0.0,0.0,0.0
18.8,0.0,0.0,0.0
18.85,0.0,0.0,0.0
18.9,0.0,0.0,0.0
18.95,0.0,0.0,0.0
19.0,0.0,0.0,0.0
19.05,0.0,0.0,0.0
19.1,0.0,0.0,0.0
19.15,0.0,0.0,0.0
19.2,0.0,0.0,0.0
19.25,0.0,0.0,0.0
19.3,0.0,0.0,0.0
19.35,0.0,0.0,0.0
19.4,0.0,0.0,0.0
19.45,0.0,0.0,0.0
19.5,0.0,0.0,0.0
19.55,0.0,0.0,0.0
19.6,0.0,0.0,0.0
19.65,0.0,0.0,0.0
19.7,0.0,0.0,0.0
19.75,0.0,0.0,0.0
19.8,0.0,0.0,0.0
19.85,0.0,0.0,0.0
19.9,0.0,0.0,0.0
19.95,0.0,0.0,0.0
20.0,0.0,0.0,0.0
20.05,0.0,0.0,0.0
20.1,0.0,0.0,0.0
20.15,0.0,0.0,0.0
20.2,0.0,0.0,0.0
20.25,0.0,0.0,0.0
20.3,0.0,0.0,0.0
20.35,0.0,0.0,0.0
20.4,0.0,0.0,0.0
20.45,0.0,0.0,0.0
20.5,0.0,0.0,0.0
20.55,0.0,0.0,0.0
20.6,0.0,0.0,0.0
20.65,0.0,0.0,0.0
20.7,0.0,0.0,0.0
20.75,0.0,0.0,0.0
20.8,0.0,0.0,0.0
20.85,0.0,0.0,0.0
20.9,0.0,0.0,0.0
20.95,0.0,0.0,0.0
21.0,0.0,0.0,0.0
21.05,0.0,0.0,0.0
21.1,0.0,0.0,0.0
21.15,0.0,0.0,0.0
21.2,0.0,0.0,0.0
21.25,0.0,0.0,0.0
21.3,0.0,0.0,0.0
21.35,0.0,0.0,0.0
21.4,0.0,0.0,0.0
21.45,0.0,0.0,0.0
21.5,0.0,0.0,0.0
21.55,0.0,0.0,0.0
21.6,0.0,0.0,0.0
21.65,0.0,0.0,0.0
21.7,0.0,0.0,0.0
21.75,0.0,0.0,0.0
21.8,0.0,0.0,0.0
21.85,0.0,0.0,0.0
21.9,0.0,0.0,0.0
21.95,0.0,0.0,0.0
22.0,0.0,0.0,0.0
22.05,0.0,0.0,0.0
22.1,0.0,0.0,0.0
22.15,0.0,0.0,0.0
22.2,0.0,0.0,0.0
22.25,0.0,0.0,0.0
22.3,0.0,0.0,0.0
22.35,0.0,0.0,0.0
22.4,0.0,0.0,0.0
22.45,0.0,0.0,0.0
22.5,0.0,0.0,0.0
22.55,0.0,0.0,0.0
22.6,0.0,0.0,0.0
22.65,0.0,0.0,0.0
22.7,0.0,0.0,0.0
22.75,0.0,0.0,0.0
22.8,0.0,0.0,0.0
22.85,0.0,0.0,0.0
22.9,0.0,0.0,0.0
22.95,0.0,0.0,0.0
23.0,0.0,0.0,0.0
23.05,0.0,0.0,0.0
23.1,0.0,0.0,0.0
23.15,0.0,0.0,0.0
23.2,0.0,0.0,0.0
23.25,0.0,0.0,0.0
23.3,0.0,0.0,0.0
23.35,0.0,0.0,0.0
23.4,0.0,0.0,0.0
23.45,0.0,0.0,0.0
23.5,0.0,0.0,0.0
23.55,0.0,0.0,0.0
23.6,0.0,0.0,0.0
23.65,0.0,0.0,0.0
23.7,0.0,0.0,0.0
23.75,0.0,0.0,0.0
23.8,0.0,0.0,0.0
23.85,0.0,0.0,0.0
23.9,0.0,0.0,0.0
23.95,0.0,0.0,0.0
24.0,0.0,0.0,0.0
24.05,0.0,0.0,0.0
24.1,0.0,0.0,0.0
24.15,0.0,0.0,0.0
24.2,0.0,0.0,0.0
24.25,0.0,0.0,0.0
24.3,0.0,0.0,0.0
24.35,0.0,0.0,0.0
24.4,0.0,0.0,0.0
24.45,0.0,0.0,0.0
24.5,0.0,0.0,0.0
24.55,0.0,0.0,0.0
24.6,0.0,0.0,0.0
24.65,0.0,0.0,0.0
24.7,0.0,0.0,0.0
24.75,0.0,0.0,0.0
24.8,0.0,0.0,0.0
24.85,0.0,0.0,0.0
24.9,0.0,0.0,0.0
24.95,0.0,0.0,0.0
25.0,0.0,0.0,0.0
25.05,0.0,0.0,0.0
25.1,0.0,0.0,0.0
25.15,0.0,0.0,0.0
25.2,0.0,0.0,0.0
25.25,0.0,0.0,0.0
25.3,0.0,0.0,0.0
25.35,0.0,0.0,0.0
25.4,0.0,0.0,0.0
25.45,0.0,0.0,0.0
25.5,0.0,0.0,0.0
25.55,0.0,0.0,0.0
25.6,0.0,0.0,0.0
25.65,0.0,0.0,0.0
25.7,0.0,0.0,0.0
25.75,0.0,0.0,0.0
25.8,0.0,0.0,0.0
25.85,0.0,0.0,0.0
25.9,0.0,0.0,0.0
25.95,0.0,0.0,0.0
26.0,0.0,0.0,0.0
26.05,0.0,0.0,0.0
26.1,0.0,0.0,0.0
26.15,0.0,0.0,0.0
26.2,0.0,0.0,0.0
26.25,0.0,0.0,0.0
26.3,0.0,0.0,0.0
26.35,0.0,0.0,0.0
26.4,0.0,0.0,0.0
26.45,0.0,0.0,0.0
26.5,0.0,0.0,0.0
26.55,0.0,0.0,0.0
26.6,0.0,0.0,0.0
26.65,0.0,0.0,8.57081746108e-17
26.7,0.0,0.0,0.000115820173164
26.75,0.0,0.0,0.000205062802812
26.8,0.0,0.0,0.000504831117217
26.85,0.0,0.0,0.0007341017904
26.9,0.0,0.0,0.00113755874043
26.95,0.0,0.0,0.00144136294767
27.0,0.0,0.0,0.0016670815606
27.05,0.0,0.0,0.00194388985668
27.1,0.0,0.0,0.00214467667657
27.15,0.0,0.0,0.00228682275609
27.2,0.0,0.0,0.00249143020712
27.25,0.0,0.0,0.0027383464115
27.3,0.0,0.0,0.00290763447365
27.35,0.0,0.0,0.00301772812948
27.4,0.0,0.0,0.00308307534743
27.45,0.0,0.0,0.00311488045948
27.5,0.0,0.0,0.0031217599391
27.55,0.0,0.0,0.00311029837336
27.6,0.0,0.0,0.00308550267837
27.65,0.0,0.0,0.00305050692894
27.7,0.0,0.0,0.00300558311239
27.75,0.0,0.0,0.002955260493
27.8,0.0,0.0,0.00289613721328
27.85,0.0,0.0,0.00283513647988
27.9,0.0,0.0,0.00276825153286
27.95,0.0,0.0,0.00270271019345
28.0,0.0,0.0,0.0026382353348
28.05,0.0,0.0,0.00257277070573
28.1,0.0,0.0,0.00250957528871
28.15,0.0,0.0,0.00244812918133
28.2,0.0,0.0,0.00238576508316
28.25,0.0,0.0,0.00232331628679
28.3,0.0,0.0,0.00226360473652
28.35,0.0,0.0,0.00220648639947
28.4,0.0,0.0,0.00215183607679
28.45,0.0,0.0,0.00209952465917
28.5,0.0,0.0,0.0020494354794
28.55,0.0,0.0,0.0020660656972
28.6,0.0,0.0,0.0020668912026
28.65,0.0,0.0,0.00205617959244
28.7,0.0,0.0,0.00203717912026
28.75,0.0,0.0,0.00201233990979
28.8,0.0,0.0,0.00198350949139
28.85,0.0,0.0,0.00195206550403
28.9,0.0,0.0,0.00191904177572
28.95,0.0,0.0,0.00194269869676
29.0,0.0,0.0,0.00195025416978
29.05,0.0,0.0,0.00194597311061
29.1,0.0,0.0,0.00193480551998
29.15,0.0,0.0,0.00192906473287
29.2,0.0,0.0,0.00191573854116
29.25,0.0,0.0,0.00189702089355
29.3,0.0,0.0,0.00187456857752
29.35,0.0,0.0,0.00184962442887
29.4,0.0,0.0,0.00182312203947
29.45,0.0,0.0,0.00179574902383
29.5,0.0,0.0,0.00176765511312
29.55,0.0,0.0,0.00173777107621
29.6,0.0,0.0,0.00170835257255
29.65,0.0,0.0,0.00167956583464
29.7,0.0,0.0,0.00165152659222
29.75,0.0,0.0,0.001624306028
29.8,0.0,0.0,0.00159794712061
29.85,0.0,0.0,0.00157246979264
29.9,0.0,0.0,0.00154755135644
29.95,0.0,0.0,0.00152185033852
30.0,0.0,0.0,0.00149952883306
30.05,0.0,0.0,0.00150688517656
30.1,0.0,0.0,0.00150733719388
30.15,0.0,0.0,0.00150107252463
30.2,0.0,0.0,0.00149125467494
30.25,0.0,0.0,0.00147892244716
30.3,0.0,0.0,0.00146486103711
30.35,0.0,0.0,0.0014496627441
30.4,0.0,0.0,0.00143377260523
30.45,0.0,0.0,0.00141752180366
30.5,0.0,0.0,0.00140222586169
30.55,0.0,0.0,0.0014007937158
30.6,0.0,0.0,0.0013958662612
30.65,0.0,0.0,0.00138841049481
30.7,0.0,0.0,0.00137916111586
30.75,0.0,0.0,0.00136867245579
30.8,0.0,0.0,0.00135736479133
30.85,0.0,0.0,0.00134555410177
30.9,0.0,0.0,0.00133437054485
30.95,0.0,0.0,0.00133955113264
31.0,0.0,0.0,0.00134024854202
31.05,0.0,0.0,0.0013347800037
31.1,0.0,0.0,0.00132714758154
31.15,0.0,0.0,0.00131798869645
31.2,0.0,0.0,0.00130778558541
31.25,0.0,0.0,0.00129689993614
31.3,0.0,0.0,0.00128637625433
31.35,0.0,0.0,0.00129373464451
31.4,0.0,0.0,0.00129631732109
31.45,0.0,0.0,0.00129534478058
31.5,0.0,0.0,0.00129165939849
31.55,0.0,0.0,0.00128464506926
31.6,0.0,0.0,0.00127712806571
31.65,0.0,0.0,0.00128569535551
31.7,0.0,0.0,0.00128926379073
31.75,0.0,0.0,0.00128910106249
31.8,0.0,0.0,0.00128618059403
31.85,0.0,0.0,0.00128124733915
31.9,0.0,0.0,0.00127475876066
31.95,0.0,0.0,0.00126587987538
32.0,0.0,0.0,0.00125639468124
32.05,0.0,0.0,0.00124654782385
32.1,0.0,0.0,0.00123651193923
32.15,0.0,0.0,0.00122642071889
32.2,0.0,0.0,0.00121637067976
32.25,0.0,0.0,0.00120643271011
32.3,0.0,0.0,0.00119653360138
32.35,0.0,0.0,0.0011854849402
32.4,0.0,0.0,0.00117473084097
32.45,0.0,0.0,0.00116427975438
32.5,0.0,0.0,0.00115413030569
32.55,0.0,0.0,0.00114428507849
32.6,0.0,0.0,0.00113461547507
32.65,0.0,0.0,0.00112389232883
32.7,0.0,0.0,0.00111351381506
32.75,0.0,0.0,0.00110346256474
32.8,0.0,0.0,0.00109430307808
32.85,0.0,0.0,0.00110567583549
32.9,0.0,0.0,0.00111225756886
32.95,0.0,0.0,0.00111520809025
33.0,0.0,0.0,0.00111542016816
33.05,0.0,0.0,0.00111358773575
33.1,0.0,0.0,0.00111023684665
33.15,0.0,0.0,0.00110577640703
33.2,0.0,0.0,0.00110051506415
33.25,0.0,0.0,0.00109469004677
33.3,0.0,0.0,0.0010892298012
33.35,0.0,0.0,0.00109952575176
33.4,0.0,0.0,0.00110566063268
33.45,0.0,0.0,0.00110863721054
33.5,0.0,0.0,0.00110922861878
33.55,0.0,0.0,0.00110803564015
33.6,0.0,0.0,0.00110551364737
33.65,0.0,0.0,0.00110201720382
33.7,0.0,0.0,0.00109781406308
33.75,0.0,0.0,0.00109311041213
33.8,0.0,0.0,0.00108791535253
33.85,0.0,0.0,0.00108116108619
33.9,0.0,0.0,0.00107434125718
33.95,0.0,0.0,0.00106751587149
34.0,0.0,0.0,0.00106215484865
34.05,0.0,0.0,0.00109092263353
34.1,0.0,0.0,0.00111126734689
34.15,0.0,0.0,0.00112514138892
34.2,0.0,0.0,0.00113406482306
34.25,0.0,0.0,0.001139220091
34.3,0.0,0.0,0.00114140532659
34.35,0.0,0.0,0.00114010068716
34.4,0.0,0.0,0.00113726160187
34.45,0.0,0.0,0.00113417605549
34.5,0.0,0.0,0.0011430431411
34.55,0.0,0.0,0.00114809294787
34.6,0.0,0.0,0.00115025412826
34.65,0.0,0.0,0.00115024626047
34.7,0.0,0.0,0.00114862004366
34.75,0.0,0.0,0.00114579973686
34.8,0.0,0.0,0.00114211037256
34.85,0.0,0.0,0.00113780397277
34.9,0.0,0.0,0.00113306613523
34.95,0.0,0.0,0.0011280407625
35.0,0.0,0.0,0.00112259060354
35.05,0.0,0.0,0.00111437942862
35.1,0.0,0.0,0.00110626601675
35.15,0.0,0.0,0.00109828165408
35.2,0.0,0.0,0.00109044512427
35.25,0.0,0.0,0.0010827698398
35.3,0.0,0.0,0.00107526393449
35.35,0.0,0.0,0.00106793488888
35.4,0.0,0.0,0.00106078052855
35.45,0.0,0.0,0.00105370692757
35.5,0.0,0.0,0.00104545546893
35.55,0.0,0.0,0.0010374308355
35.6,0.0,0.0,0.00102961784909
35.65,0.0,0.0,0.00102200771452
35.7,0.0,0.0,0.00101458921485
35.75,0.0,0.0,0.00100735315305
35.8,0.0,0.0,0.0010002908129
35.85,0.0,0.0,0.000993396989727
35.9,0.0,0.0,0.000986660685157
35.95,0.0,0.0,0.000980074476748
36.0,0.0,0.0,0.000973632737407
36.05,0.0,0.0,0.000967331234347
36.1,0.0,0.0,0.000961159595614
36.15,0.0,0.0,0.000955113175975
36.2,0.0,0.0,0.00094918487295
36.25,0.0,0.0,0.000943369278781
36.3,0.0,0.0,0.000937661258861
36.35,0.0,0.0,0.000932058805884
36.4,0.0,0.0,0.000926554328709
36.45,0.0,0.0,0.000921143432286
36.5,0.0,0.0,0.000915823269784
36.55,0.0,0.0,0.000910592180477
36.6,0.0,0.0,0.00090544260518
36.65,0.0,0.0,0.000900372247393
36.7,0.0,0.0,0.000895376386601
36.75,0.0,0.0,0.000890451790924
36.8,0.0,0.0,0.000885595387057
36.85,0.0,0.0,0.00088080696313
36.9,0.0,0.0,0.000876080948898
36.95,0.0,0.0,0.000871414703167
37.0,0.0,0.0,0.000866806970902
37.05,0.0,0.0,0.000862257549558
37.1,0.0,0.0,0.000857760584763
37.15,0.0,0.0,0.000853315130865
37.2,0.0,0.0,0.000848917884422
37.25,0.0,0.0,0.000844566890178
37.3,0.0,0.0,0.000840260286756
37.35,0.0,0.0,0.000835998875109
37.4,0.0,0.0,0.000831778324974
37.45,0.0,0.0,0.000827597032568
37.5,0.0,0.0,0.000823454665555
37.55,0.0,0.0,0.000819351851636
37.6,0.0,0.0,0.000815283810554
37.65,0.0,0.0,0.000811250381937
37.7,0.0,0.0,0.000807249129419
37.75,0.0,0.0,0.000803278861609
37.8,-1.61433308042e-14,-2.9065555623e-15,0.000799338443666
37.85,-0.00596854899331,-6.73884163993e-05,0.000795429242821
37.9,-0.0115455278909,-0.000135610782799,0.000808086583291
37.95,-0.0167303364739,-0.000205324478862,0.000835381989287
38.0,-0.0215314974227,-0.000277329538085,0.000875498689805
38.05,-0.0259575061177,-0.00035280061153,0.00092674955847
38.1,-0.0300209429326,-0.000431816568888,0.000987563273202
38.15,-0.0337362481392,-0.000515636568151,0.00105649495321
38.2,-0.0371180760476,-0.000604668679682,0.00113221963031
38.25,-0.0401843643048,-0.000699299747992,0.0012135263668
38.3,-0.0429504063305,-0.000800551417285,0.00129931861317
38.35,-0.0454355984344,-0.000908267818163,0.00138860661383
38.4,-0.0476555448391,-0.00102338882432,0.00148049600306
38.45,-0.049629004312,-0.00114630477518,0.00157418839225
38.5,-0.0513718622089,-0.00127695507659,0.00166897655898
38.55,-0.0529010793948,-0.00141629881123,0.00176423697397
38.6,-0.0542322645918,-0.00156397461062,0.00185941163038
38.65,-0.0553804249604,-0.00172065496739,0.00195401680988
38.7,-0.0563603762361,-0.00188659642261,0.00204763220261
38.75,-0.0571851067998,-0.00206130746451,0.00213989704925
38.8,-0.0564036513826,-0.00213738420238,0.00223050020538
38.85,-0.0600425444041,-0.00233231227441,0.00231563390147
38.9,-0.0632103112361,-0.00254288562268,0.00240565392732
38.95,-0.0659357359634,-0.00276896485454,0.00249926563743
39.0,-0.0682522317893,-0.00301065628816,0.00259531459961
39.05,-0.0701903382597,-0.00326889651034,0.00269279281242
39.1,-0.0717812950851,-0.00354226759574,0.00279079226775
39.15,-0.0730552339111,-0.00383174962967,0.00288854248499
39.2,-0.0740402125324,-0.00413665691662,0.00298536573395
39.25,-0.0747645505101,-0.00445595182992,0.00308069389673
39.3,-0.0752526313464,-0.00478996360719,0.00317404338993
39.35,-0.0755301107691,-0.00513664862388,0.00326501970347
39.4,-0.0756182578258,-0.00549607073273,0.00335327438494
39.45,-0.0755390348079,-0.00586695823355,0.00343854373689
39.5,-0.0753110168937,-0.00624748886942,0.00352062107415
39.55,-0.0749524999812,-0.00663767112988,0.00359934460038
39.6,-0.0744795225515,-0.0070348963387,0.00367458865018
39.65,-0.0739069589556,-0.00743864489831,0.00374626915518
39.7,-0.0732485215907,-0.00784795811999,0.00381433925554
39.75,-0.0725160644467,-0.00826004153877,0.00387877501712
39.8,-0.0707160888425,-0.00846020537757,0.0039395812322
39.85,-0.0686433040152,-0.00864636782175,0.00399452606265
39.9,-0.0666787129858,-0.00881882366483,0.00404332230347
39.95,-0.064815156044,-0.00897826261904,0.00408641405695
40.0,-0.0630459160678,-0.00912525630374,0.00412422391239
40.05,-0.0613644469477,-0.00926069714247,0.00415716927651
40.1,-0.0597645797691,-0.00938518943625,0.00418561666006
40.15,-0.0582402647553,-0.00949952583402,0.00420994827968
40.2,-0.0567856321217,-0.00960458778848,0.00423052365494
40.25,-0.0553947877329,-0.00970099140746,0.00424771062106
40.3,-0.0540619287607,-0.00978962189784,0.0042618719388
40.35,-0.0527812705163,-0.0098711252479,0.00427338315559
40.4,-0.0515468880189,-0.00994642274759,0.00428260340848
40.45,-0.0503527974755,-0.0100160529318,0.00428990955744
40.5,-0.0491927786636,-0.0100807092881,0.00429570081352
40.55,-0.0480603032848,-0.010141034152,0.00430040207829
40.6,-0.0469483842658,-0.0101976179318,0.00430444034048
40.65,-0.0458493517304,-0.0102509946411,0.00430831126303
40.7,-0.0447545308186,-0.0103016930605,0.0043125644236
40.75,-0.0436537255494,-0.010350057903,0.00431785533339
40.8,-0.0425345486123,-0.0103963194418,0.00432498302829
40.85,-0.0413813728742,-0.0104405756914,0.00433498523767
40.9,-0.0401727730135,-0.0104824837969,0.00434922401876
40.95,-0.0388789564317,-0.010521087663,0.00436963531704
41.0,-0.0374556540081,-0.0105537899145,0.0043991063219
41.05,-0.0358329611426,-0.0105747007182,0.00444220239092
41.1,-0.0338923526314,-0.01056960441,0.00450663237816
41.15,-0.031415314414,-0.0105014521325,0.00460665391851
41.2,-0.0279545794853,-0.0102599060066,0.00477143927607
41.25,-0.022475094273,-0.00945180852023,0.00506852757215
41.3,-0.0123125564716,-0.00637368328649,0.00567181324936
41.35,0.00823323431727,0.00551054568502,0.0069535854375
41.4,0.0356149292774,0.0272600657056,0.00868333335886
41.45,0.0509073595132,0.0402965078917,0.00962601584218
41.5,0.0553498929462,0.0444176154474,0.00986142343461
41.55,0.0557413096351,0.0451768386954,0.00983288008613
41.6,0.0546555321083,0.0446850316704,0.0097082581821
41.65,0.0527561897379,0.0434785355212,0.00953083970241
41.7,0.0501720704959,0.0416481793099,0.00930895648187
41.75,0.0469082810515,0.0391794715726,0.00904287145715
41.8,0.0429651816005,0.0360535007987,0.00873253739741
41.85,0.03837556425,0.0322815737743,0.00838004663653
41.9,0.0332135969001,0.0279188934956,0.00799018427874
41.95,0.0275925765573,0.0230701898841,0.00757032549672
42.0,0.0216544743238,0.0178914428366,0.00712975328362
42.05,0.0155557497868,0.0125877909574,0.00667872587461
42.1,0.00945338679682,0.00740573075452,0.00622751042357
42.15,0.00350159455516,0.00261870510007,0.00578625117488
42.2,-0.00214149111325,-0.00150599355114,0.00536535326292
42.25,-0.00736035335328,-0.00479768970578,0.00497244698953
42.3,-0.0121983446058,-0.00726460888383,0.00460471599706
42.35,-0.0168432136726,-0.00900391652433,0.00424983781807
42.4,-0.0214896153022,-0.0100719186596,0.00389498176589
42.45,-0.0262137725819,-0.0104756823347,0.00353511747049
42.5,-0.0308895036752,-0.0102715393376,0.0031785645156
42.55,-0.0352134806732,-0.009652420668,0.00284535488925
42.6,-0.0388900088373,-0.00888258716729,0.00255503667743
42.65,-0.0417972976582,-0.00815456634833,0.00231572263362
42.7,-0.0439742179146,-0.00754787800756,0.00212491212698
42.75,-0.0455294905824,-0.00707295812237,0.00197548276007
42.8,-0.0465793433253,-0.00671414733482,0.00185980079992
42.85,-0.0472258592159,-0.00645033399812,0.00177117470219
42.9,-0.0475523409787,-0.00626241269453,0.0017041011558
42.95,-0.0476259858689,-0.00613448277125,0.00165415448348
43.0,-0.0475005966696,-0.00605406906493,0.00161779072781
43.05,-0.0472192109958,-0.00601144736528,0.00159217473448
43.1,-0.0468162388752,-0.00599879363519,0.0015750278408
43.15,-0.0463192657785,-0.00601028789437,0.00156452898377
43.2,-0.0457504250965,-0.00604085445198,0.00155921125381
43.25,-0.0451274971634,-0.0060868778595,0.00155789647595
43.3,-0.0444647843861,-0.00614522786023,0.00155963546072
43.35,-0.0437737960471,-0.00621322129453,0.00156366782696
43.4,-0.0430637940347,-0.00628886779698,0.00156937172097
43.45,-0.0423422014423,-0.00637034029295,0.00157625137146
43.5,-0.0416149910053,-0.00645632431058,0.00158390900374
43.55,-0.0408869626386,-0.00654558455002,0.0015920261293
43.6,-0.0401619044793,-0.00663706649987,0.00160034062312
43.65,-0.0394428373564,-0.00672993061771,0.00160864976122
43.7,-0.0387321387442,-0.00682346778286,0.00161678884684
43.75,-0.0380316608893,-0.00691708071584,0.00162463025353
43.8,-0.0373428273981,-0.00701026748397,0.00163207478751
43.85,-0.0366668951407,-0.00710260718487,0.00163905154363
43.9,-0.0360044598667,-0.00719374823687,0.0016454987006
43.95,-0.0353560770076,-0.00728339646112,0.00165137480652
44.0,-0.0347221122741,-0.00737130748495,0.00165665347447
44.05,-0.0341027813157,-0.00745743032203,0.00166132026208
44.1,-0.0334981791568,-0.00754146730382,0.0016653578065
44.15,-0.0329082760917,-0.00762328463286,0.00166876618228
44.2,-0.0323329768521,-0.00770280407875,0.00167154514958
44.25,-0.0317721371384,-0.00778013069287,0.00167370016833
44.3,-0.0312255255167,-0.00785498581507,0.00167524259769
44.35,-0.0306928908288,-0.0079275074809,0.00167619033856
44.4,-0.0301739633096,-0.00799762222999,0.00167655227602
44.45,-0.0296684203922,-0.00806536022844,0.00167634607115
44.5,-0.0291759504163,-0.00813068340358,0.0016755911506
44.55,-0.0286962029973,-0.00819374211831,0.00167431150586
44.6,-0.0282288445738,-0.00825439062702,0.00167251895311
44.65,-0.0277735251944,-0.00831282332932,0.00167023564243
44.7,-0.0273298804369,-0.00836906390439,0.00166748000626
44.75,-0.0268975692845,-0.00842308529378,0.00166427135741
44.8,-0.0264762421051,-0.00847496163135,0.00166062966003
44.85,-0.0260656830744,-0.00852476596884,0.00165657980811
44.9,-0.02566540693,-0.00857266532216,0.00165213685347
44.95,-0.0252750857304,-0.00861861314191,0.00164731951104
45.0,-0.0248943917313,-0.00866267500405,0.00164214893183
45.05,-0.0245230037923,-0.00870491782578,0.00163664770888
45.1,-0.0241606086107,-0.00874540631135,0.00163082709283
45.15,-0.0238069004571,-0.00878420311027,0.00162470686251
45.2,-0.0234615819497,-0.00882136863213,0.00161830164799
45.25,-0.0231243639669,-0.00885696114615,0.00161162791369
45.3,-0.0227949658882,-0.0088911118963,0.0016047016073
45.35,-0.0224731207266,-0.00892382681217,0.00159754272667
45.4,-0.0221585586411,-0.00895514643746,0.00159016163086
45.45,-0.0218510245411,-0.00898511981153,0.00158257270375
45.5,-0.0215502717962,-0.00901379410218,0.00157479209383
45.55,-0.021256062254,-0.00904131740779,0.00156683715572
45.6,-0.0209681697996,-0.009067702399,0.00155871405566
45.65,-0.0206863668084,-0.00909293052924,0.00155043772267
45.7,-0.0204104393643,-0.00911708137427,0.0015420177622
45.75,-0.0201401848501,-0.00914032289888,0.0015334652914
45.8,-0.019875398603,-0.00916253127425,0.00152479161348
45.85,-0.0196159873832,-0.00918382921079,0.00151601183057
45.9,-0.019361668408,-0.00920432508093,0.00150713106798
45.95,-0.019112259383,-0.00922389940091,0.00149815924122
46.0,-0.0188675900669,-0.00924280672428,0.00148910764578
46.05,-0.0186274978516,-0.00926088401261,0.00147998872055
46.1,-0.0183918220362,-0.0092782961944,0.00147080496554
46.15,-0.0181604126442,-0.00929501575935,0.00146156632787
46.2,-0.0179331202672,-0.00931110006978,0.00145227856426
46.25,-0.0177098064589,-0.00932658879164,0.00144294882787
46.3,-0.0174903325928,-0.00934149648608,0.00143358432006
46.35,-0.0172745705768,-0.00935587037753,0.00142419593903
46.4,-0.0170623921827,-0.00936974596411,0.00141478579283
46.45,-0.0168536784598,-0.00938312700733,0.0014053598368
46.5,-0.0166483103982,-0.00939609576854,0.00139592608856
46.55,-0.0164461773301,-0.00940856738855,0.00138649354147
46.6,-0.0162471692719,-0.00942073526933,0.0013770619445
46.65,-0.0160511825341,-0.00943242311459,0.00136763827706
46.7,-0.0158581165502,-0.00944386061212,0.00135822541154
46.75,-0.0156678703816,-0.00945490682252,0.00134882825184
46.8,-0.0154803513646,-0.00946565668353,0.00133945116108
46.85,-0.0152955417735,-0.00947615434486,0.00133010272777
46.9,-0.0151132747295,-0.00948630265901,0.00132078292737
46.95,-0.0149334636757,-0.0094963336655,0.0013114957881
47.0,-0.0147560209056,-0.00950606657967,0.00130224733386
47.05,-0.01458086565,-0.00951560734309,0.00129304454803
47.1,-0.0144079149752,-0.0095250054176,0.00128388598157
47.15,-0.0142370901506,-0.00953416410676,0.00127477704117
47.2,-0.0140683129456,-0.00954327338888,0.00126571946733
47.25,-0.0139015032085,-0.00955221576004,0.00125671700163
47.3,-0.0137365854791,-0.00956102575643,0.0012477730858
47.35,-0.0135734815269,-0.00956982804276,0.00123889519076
47.4,-0.0134121154356,-0.00957849826373,0.00123008296337
47.45,-0.0132524103826,-0.00958718151245,0.00122134001304
47.5,-0.0130942865481,-0.00959583619511,0.00121267194077
47.55,-0.012937666337,-0.00960442537185,0.00120408553217
47.6,-0.0127824682613,-0.00961313633055,0.00119557985207
47.65,-0.0126286101939,-0.00962180691761,0.00118716066505
47.7,-0.0124760072674,-0.00963057600037,0.00117883054548
47.75,-0.0123245690381,-0.00963943009073,0.00117059419647
47.8,-0.0121742039926,-0.00964834850937,0.00116245642075
47.85,-0.01202487323,-0.00965748005583,0.00115442612024
47.9,-0.0118764117886,-0.00966668472453,0.00114650536223
47.95,-0.011728709106,-0.00967619720102,0.00113870035612
48.0,-0.0115816431407,-0.00968584756273,0.00113101978016
48.05,-0.0114350856362,-0.00969582531931,0.00112347400428
48.1,-0.0112888919401,-0.0097060292094,0.00111606709628
48.15,-0.0111429059821,-0.00971663288627,0.00110881013817
48.2,-0.0109969496107,-0.00972752667332,0.00110171260935
48.25,-0.0108508265157,-0.009738940538,0.0010947868961
48.3,-0.010704309049,-0.00975074985969,0.00108804761457
48.35,-0.0105571390049,-0.00976311350917,0.00108151489025
48.4,-0.0104090182872,-0.00977607590974,0.00107520498458
48.45,-0.010259594042,-0.00978964958668,0.00106914142245
48.5,-0.010108450802,-0.00980392667773,0.00106335371861
48.55,-0.00995509262918,-0.00981905768705,0.00105787826424
48.6,-0.00979891301497,-0.00983504396226,0.00105275225403
48.65,-0.00963916865407,-0.00985197307618,0.00104802839433
48.7,-0.00947493134538,-0.00986992090645,0.00104376948925
48.75,-0.00930502265755,-0.00988895003221,0.00104005756741
48.8,-0.00912791584411,-0.00990916160379,0.00103699931048
48.85,-0.00894164523942,-0.00993039172814,0.00103473881092
48.9,-0.00874344231109,-0.00995259516305,0.00103346411682
48.95,-0.00852951792163,-0.0099752562495,0.00103344197854
49.0,-0.00829443363416,-0.00999740125914,0.00103505731999
49.05,-0.00803006286535,-0.0100169001953,0.00103888640884
49.1,-0.00772369084021,-0.0100290882314,0.00104582321105
49.15,-0.00735423111139,-0.0100233219594,0.00105735954685
49.2,-0.00688408721222,-0.00997325241343,0.00107615212034
49.25,-0.00623991197136,-0.00980598410693,0.00110738809199
49.3,-0.00526187335979,-0.00928500450155,0.00116237304004
49.35,-0.00355968566627,-0.00748235498502,0.00126872308708
49.4,-0.000195730132728,-0.000525417795335,0.00149279724644
49.45,0.00541759310977,0.0175993884853,0.00187633253084
49.5,0.00993038774754,0.0342016957113,0.00218250461375
49.55,0.0116701865666,0.04094069762,0.00229278661617
49.6,0.0120462383768,0.0427291544402,0.00230670305
49.65,0.011913327583,0.0426441083072,0.00228469288514
49.7,0.0115368826045,0.0416350252805,0.00224551899251
49.75,0.010983872447,0.0399296792879,0.00219390555637
49.8,0.0102683444051,0.0375608565658,0.00213082989291
49.85,0.0093955109219,0.0345284508802,0.00205664693228
49.9,0.00837516414743,0.0308526289602,0.0019720319852
49.95,0.00722556339767,0.0265934507911,0.00187826656145
50.0,0.00597321972802,0.0218584093467,0.00177722424842
50.05,0.00465073858904,0.0168053614107,0.0016712173459
50.1,0.00329361720875,0.0116411598953,0.00156275714166
50.15,0.00193722220238,0.00661482348479,0.00145436035879
50.2,0.000616109779998,0.00200213892295,0.00134848656184
50.25,-0.000634516234831,-0.00193085861559,0.00124764879742
50.3,-0.00179206681248,-0.00502744766509,0.00115346522575
50.35,-0.00287306104659,-0.00731017750553,0.00106476927406
50.4,-0.00392430276995,-0.00886856764669,0.000978222375354
50.45,-0.00498903844885,-0.00973872869407,0.000890737276825
50.5,-0.00607725285667,-0.00992386971659,0.000801599234867
50.55,-0.00714773076617,-0.00951665280108,0.000713753930102
50.6,-0.00812434723251,-0.00876058144833,0.000632645727708
50.65,-0.00894709038697,-0.00792705590055,0.000562580850175
50.7,-0.00960035970364,-0.00717750452542,0.00050469149449
50.75,-0.0100996508459,-0.00656211783155,0.000457884778572
50.8,-0.0104704197449,-0.00607644927402,0.000420351468809
50.85,-0.0107374533819,-0.00569949182837,0.000390331688928
50.9,-0.0109216365712,-0.00540928267855,0.000366331915422
50.95,-0.0110399610742,-0.00518674775448,0.000347140191527
51.0,-0.0111060585754,-0.00501695292476,0.000331783989238
51.05,-0.011130792901,-0.00488828481587,0.000319488057876
51.1,-0.0111228210295,-0.00479179163193,0.000309632154961
51.15,-0.0110890411593,-0.00472069447296,0.000301723162354
51.2,-0.0110349505359,-0.00466960027342,0.000295366936539
51.25,-0.0109649412477,-0.00463445539519,0.00029024859069
51.3,-0.0108825211708,-0.00461193210547,0.000286116319739
51.35,-0.0107904980129,-0.00459968015197,0.000282769163281
51.4,-0.0106911204034,-0.00459551780822,0.000280044326605
51.45,-0.0105861905343,-0.00459786649071,0.000277811806018
51.5,-0.0104771537701,-0.00460541265861,0.000275967505653
51.55,-0.0103651696335,-0.00461723970395,0.000274428076274
51.6,-0.0102511668338,-0.00463238285762,0.000273124865693
51.65,-0.0101358915622,-0.00465015355094,0.000272003800838
51.7,-0.0100199396037,-0.00467008593495,0.000271020809419
51.75,-0.00990378883972,-0.00469163344928,0.000270140663379
51.8,-0.0097878185323,-0.00471444336875,0.000269335212736
51.85,-0.00967238062494,-0.0047382887879,0.000268582566566
51.9,-0.00955766322062,-0.00476276595046,0.000267863918543
51.95,-0.00944385487689,-0.00478783332577,0.000267164827309
52.0,-0.00933110371579,-0.00481324695523,0.000266474150973
52.05,-0.00921952206511,-0.00483878920832,0.000265783627987
52.1,-0.00910919683156,-0.00486451461159,0.000265085067942
52.15,-0.00900019384454,-0.00489021640629,0.000264373262548
52.2,-0.00889255898482,-0.00491575899706,0.000263643695123
52.25,-0.00878632535562,-0.0049412702514,0.000262893156482
52.3,-0.0086815152258,-0.00496654213076,0.000262119226918
52.35,-0.00857813951951,-0.00499149574944,0.000261321119602
52.4,-0.0084762042887,-0.00501632496991,0.000260496791465
52.45,-0.00837570652371,-0.00504076257535,0.000259645675448
52.5,-0.00827664036311,-0.0050648851288,0.000258767793991
52.55,-0.00817899699454,-0.0050887247492,0.000257863678233
52.6,-0.00808276220919,-0.00511209992598,0.000256932546493
52.65,-0.00798792106287,-0.00513524750248,0.000255975093148
52.7,-0.00789445717333,-0.00515792890237,0.000254991393388
52.75,-0.00780235126722,-0.00518026611328,0.000253982109114
52.8,-0.00771158476959,-0.00520222182076,0.000252947859281
52.85,-0.00762217451922,-0.00522374992849,0.000251890242116
52.9,-0.00753406172962,-0.00524495999133,0.000250809197241
52.95,-0.00744722420528,-0.00526569025547,0.000249705634382
53.0,-0.00736164185235,-0.00528614247254,0.000248580678295
53.05,-0.0072772921953,-0.00530609201659,0.000247435910142
53.1,-0.007194155145,-0.00532577901874,0.000246271099113
53.15,-0.00711220840114,-0.00534496860794,0.000245087543714
53.2,-0.00703143211104,-0.00536388614276,0.000243885669427
53.25,-0.00695180447092,-0.00538233859214,0.000242666405605
53.3,-0.00687330600795,-0.00540048425879,0.000241430518285
53.35,-0.00679591562988,-0.00541822329825,0.000240179639496
53.4,-0.00671961432146,-0.00543559565907,0.000238913768525
53.45,-0.00664438184721,-0.00545264761049,0.000237633750376
53.5,-0.00657019964236,-0.00546925469504,0.000236340657579
53.55,-0.00649704841609,-0.00548564735195,0.0002350358823
53.6,-0.00642491007087,-0.00550157361971,0.000233719172664
53.65,-0.00635376675566,-0.00551722822795,0.000232391558014
53.7,-0.00628359995868,-0.00553252807409,0.000231053457872
53.75,-0.0062143929521,-0.00554741227493,0.000229705502265
53.8,-0.00614612831096,-0.00556210714653,0.000228348379604
53.85,-0.00607882002276,-0.0055763785129,0.000226983407477
53.9,-0.0060124208403,-0.00559032908638,0.000225610487058
53.95,-0.00594691427736,-0.00560403104075,0.000224230258764
54.0,-0.00588228510715,-0.00561734319583,0.000222843599809
54.05,-0.00581851820003,-0.00563038143667,0.000221451629539
54.1,-0.00575559805204,-0.00564315723559,0.000220054027783
54.15,-0.00569351042815,-0.00565555729261,0.00021865160512
54.2,-0.00563224115023,-0.00566768356069,0.000217244547325
54.25,-0.00557177571166,-0.00567957694118,0.000215833386381
54.3,-0.00551210072134,-0.0056911159241,0.000214418577601
54.35,-0.00545320287539,-0.00570233747202,0.000213001231356
54.4,-0.00539506869948,-0.00571339722775,0.000211581155366
54.45,-0.00533768550851,-0.00572412241224,0.000210158770193
54.5,-0.00528104081949,-0.00573452072362,0.00020873479
54.55,-0.00522512240612,-0.00574471492752,0.000207310142191
54.6,-0.00516991773514,-0.0057546698006,0.000205884402706
54.65,-0.00511541530941,-0.00576431568799,0.000204458217185
54.7,-0.00506160365124,-0.00577365957302,0.000203031648853
54.75,-0.00500847151172,-0.00578284290872,0.000201605044801
54.8,-0.00495600732312,-0.00579177508488,0.00020017878124
54.85,-0.00490422505935,-0.00580042143298,0.000198753774372
54.9,-0.00485308907182,-0.00580878838344,0.00019732971725
54.95,-0.00480258901733,-0.00581697308774,0.000195906911098
55.0,-0.00475271433414,-0.00582496593882,0.000194485960745
55.05,-0.00470345525007,-0.00583269435919,0.000193067627577
55.1,-0.00465480204816,-0.00584016381506,0.000191651388325
55.15,-0.0046067451967,-0.00584737993134,0.000190237774092
55.2,-0.00455927535359,-0.00585447837182,0.000188826760737
55.25,-0.00451238291752,-0.00586134354113,0.000187418623526
55.3,-0.00446605913984,-0.0058679682256,0.000186013578541
55.35,-0.00442029522707,-0.00587435755145,0.000184612418045
55.4,-0.00437508256089,-0.00588051650559,0.000183214779573
55.45,-0.00433041268503,-0.00588653417014,0.000181820871022
55.5,-0.00428627698363,-0.00589237644437,0.000180431178572
55.55,-0.00424266746248,-0.00589800296452,0.000179046341011
55.6,-0.00419957615629,-0.00590341506507,0.000177665806995
55.65,-0.00415699525106,-0.00590861719642,0.000176290004645
55.7,-0.00411491708332,-0.00591361369505,0.000174918849003
55.75,-0.004073334133,-0.00591847581859,0.000173552503766
55.8,-0.00403223876901,-0.0059231788019,0.000172191145162
55.85,-0.00399164381251,-0.00592768591818,0.00017083544139
55.9,-0.00395152177592,-0.00593200120695,0.000169485003062
55.95,-0.00391186570751,-0.00593612854417,0.000168139968052
56.0,-0.0038726687851,-0.00594007171287,0.00016680071046
56.05,-0.00383392431483,-0.00594383440121,0.000165467778394
56.1,-0.00379562572963,-0.0059474554995,0.000164140612197
56.15,-0.00375776641155,-0.0059509541158,0.000162819571905
56.2,-0.00372034008805,-0.0059542804478,0.000161504527745
56.25,-0.00368334055045,-0.00595743788645,0.000160195584729
56.3,-0.00364676170328,-0.00596042974348,0.000158892842994
56.35,-0.00361059756179,-0.00596325925346,0.000157596883011
56.4,-0.00357484225285,-0.00596592956681,0.000156307301383
56.45,-0.00353949000597,-0.00596844377037,0.000155024184552
56.5,-0.00350453515447,-0.00597081147098,0.000153747837723
56.55,-0.00346997212623,-0.0059730463242,0.000152478727859
56.6,-0.00343579535609,-0.00597518466206,0.000151216309175
56.65,-0.00340199949981,-0.00597717654102,0.000149960863182
56.7,-0.00336857929122,-0.00597902473604,0.000148712238163
56.75,-0.00333552955569,-0.00598073196378,0.000147470496151
56.8,-0.00330284520963,-0.00598230088005,0.00014623569556
56.85,-0.00327053760312,-0.00598373408141,0.000145008337612
56.9,-0.00323858513175,-0.00598503416009,0.00014378802038
56.95,-0.00320698298032,-0.00598620359707,0.000142574792077
57.0,-0.00317572641708,-0.00598724839961,0.000141368902848
57.05,-0.00314481078904,-0.00598817364265,0.00014017075186
57.1,-0.00311423152231,-0.00598897539635,0.000138979801534
57.15,-0.00308398412541,-0.005989655931,0.000137796284022
57.2,-0.0030540641847,-0.00599021746407,0.000136620032738
57.25,-0.0030244673605,-0.00599068637966,0.000135451078251
57.3,-0.00299518931918,-0.00599105327989,0.000134289453639
57.35,-0.00296622589777,-0.00599130590698,0.000133135591627
57.4,-0.00293757297839,-0.00599144631327,0.000131989096969
57.45,-0.00290922650981,-0.0059914765156,0.000130849989916
57.5,-0.00288118250843,-0.00599139848846,0.000129718476611
57.55,-0.00285343705783,-0.00599121416144,0.000128594900064
57.6,-0.0028259863082,-0.00599092541773,0.000127478744195
57.65,-0.00279882647042,-0.00599053411139,0.000126370200278
57.7,-0.00277195381859,-0.00599004205482,0.000125269094397
57.75,-0.00274536468689,-0.00598945102664,0.000124175434025
57.8,-0.00271905546933,-0.0059887627691,0.000123089224705
57.85,-0.00269303607705,-0.00598797898901,0.000122010845643
57.9,-0.00266728927943,-0.00598710140225,0.00012093991671
57.95,-0.00264181164795,-0.00598613164609,0.000119876438056
58.0,-0.00261659980916,-0.00598507492826,0.000118820580558
58.05,-0.002591650441,-0.00598393553588,0.000117772641048
58.1,-0.00256696027329,-0.00598270871955,0.000116732130132
58.15,-0.00254252609161,-0.0059813959896,0.00011569920627
58.2,-0.00251834473313,-0.00597999882354,0.000114673693932
58.25,-0.00249441308412,-0.0059785186731,0.000113655584112
58.3,-0.00247072807974,-0.00597695696171,0.000112644866421
58.35,-0.00244728670308,-0.00597531508526,0.000111641872759
58.4,-0.00242408598582,-0.00597359440625,0.000110646239571
58.45,-0.00240112300408,-0.00597179626755,0.000109657952704
58.5,-0.00237839487924,-0.00596992258142,0.000108677154504
58.55,-0.00235589877715,-0.00596798326741,0.000107704102563
58.6,-0.00233363190088,-0.0059659703965,0.000106738336162
58.65,-0.00231159150245,-0.0059638852123,0.000105779987242
58.7,-0.00228977487635,-0.0059617289323,0.000104828882665
58.75,-0.00226817935746,-0.00595950275419,0.000103885001889
58.8,-0.00224680232093,-0.00595720785349,0.000102948323408
58.85,-0.00222565230416,-0.00595484538402,0.000102019138796
58.9,-0.00220471540964,-0.00595241651423,0.000101097105044
58.95,-0.00218398913273,-0.00594992235514,0.000100182198029
59.0,-0.00216347100604,-0.00594736399766,9.92745368648e-05
59.05,-0.0021431585993,-0.00594474251029,9.83743460936e-05
59.1,-0.00212304951905,-0.00594205893765,9.74811938732e-05
59.15,-0.0021031414054,-0.0059393143132,9.65951905696e-05
59.2,-0.00208343193354,-0.00593650964946,9.57161681865e-05
59.25,-0.00206391881201,-0.00593364594363,9.48440983376e-05
59.3,-0.00204459978265,-0.00593072417539,9.39789519948e-05
59.35,-0.00202547261998,-0.00592774530727,9.31209861307e-05
59.4,-0.00200653513166,-0.00592471027967,9.22698780104e-05
59.45,-0.00198778515573,-0.00592162002214,9.14255969266e-05
59.5,-0.00196922056116,-0.00591847604199,9.05882430859e-05
59.55,-0.00195083924733,-0.00591528784499,8.9758013081e-05
59.6,-0.00193263913808,-0.00591204713512,8.89345052722e-05
59.65,-0.00191461819199,-0.00590875477967,8.81178124384e-05
59.7,-0.00189677439686,-0.00590541162895,8.73077735977e-05
59.75,-0.00187910576823,-0.00590201852135,8.65043553349e-05
59.8,-0.00186161034942,-0.00589857628126,8.57075238323e-05
59.85,-0.00184429542787,-0.00589508571937,8.4917506256e-05
59.9,-0.00182714969808,-0.00589154766256,8.41340017601e-05
59.95,-0.0018101712867,-0.00588796289422,8.33569754946e-05
60.0,-0.00179335834616,-0.00588433218492,8.25865121259e-05
60.05,-0.00177670905463,-0.00588066361887,8.18227842812e-05
60.1,-0.00176022161102,-0.00587696190587,8.10654193203e-05
60.15,-0.00174389421681,-0.00587323622093,8.03144976183e-05
60.2,-0.00172772512974,-0.0058694683473,7.95698658889e-05
60.25,-0.00171171262491,-0.00586565898546,7.88314877437e-05
60.3,-0.00169585500059,-0.00586180882473,7.80993265711e-05
60.35,-0.00168015057787,-0.00585791854355,7.73735836977e-05
60.4,-0.001664597701,-0.00585398880526,7.66539790055e-05
60.45,-0.00164919473547,-0.00585002026726,7.59404753772e-05
60.5,-0.00163394006847,-0.00584601357669,7.52331446998e-05
60.55,-0.00161883210879,-0.00584196936865,7.45321390805e-05
60.6,-0.00160386928669,-0.0058378882649,7.38371137117e-05
60.65,-0.00158905005211,-0.00583377088328,7.31481350898e-05
60.7,-0.00157437287551,-0.00582961783025,7.24650592891e-05
60.75,-0.00155983624693,-0.00582542970499,7.17878485547e-05
60.8,-0.001545438676,-0.0058212070976,7.11164650401e-05
60.85,-0.00153118634373,-0.0058169505893,7.04510876589e-05
60.9,-0.00151706999339,-0.00581266077693,6.97914573785e-05
60.95,-0.00150308819383,-0.00580833822382,6.91375361963e-05
61.0,-0.00148923953219,-0.00580398348493,6.84893854451e-05
61.05,-0.00147552261382,-0.00579960438044,6.78471395613e-05
61.1,-0.00146193605832,-0.00579520092038,6.72104810355e-05
61.15,-0.00144847848118,-0.00579080228843,6.65794685304e-05
61.2,-0.00143514854297,-0.00578637423307,6.59539670647e-05
61.25,-0.00142194491845,-0.00578191726199,6.53339385861e-05
61.3,-0.00140886629892,-0.00577743187554,6.47193450481e-05
61.35,-0.00139591139197,-0.00577291856684,6.41103457422e-05
61.4,-0.00138307892174,-0.00576837781834,6.35067011885e-05
61.45,-0.00137036762763,-0.00576381010922,6.29083734706e-05
61.5,-0.00135777626456,-0.00575921591186,6.23154151336e-05
61.55,-0.00134530360296,-0.00575459999266,6.17279452949e-05
61.6,-0.0013329484266,-0.00574996367588,6.11456718413e-05
61.65,-0.00132070953306,-0.0057453022678,6.05686435195e-05
61.7,-0.00130858573734,-0.00574061621297,5.99967347772e-05
61.75,-0.00129657586857,-0.00573590595133,5.94299081437e-05
61.8,-0.00128467876998,-0.00573117191674,5.88681262238e-05
61.85,-0.00127289966011,-0.00572641453702,5.83115311786e-05
61.9,-0.00126123092298,-0.00572163880136,5.77599027566e-05
61.95,-0.00124967142182,-0.00571688194764,5.72132057182e-05
62.0,-0.00123822005894,-0.00571210351379,5.66714850898e-05
62.05,-0.00122687574773,-0.00570730389642,5.61348466593e-05
62.1,-0.00121563741473,-0.00570248348409,5.56030221479e-05
62.15,-0.00120450399862,-0.00569764266432,5.50760532974e-05
62.2,-0.00119347445071,-0.00569278181795,5.45538235981e-05
62.25,-0.00118254773442,-0.00568790132214,5.40362966966e-05
62.3,-0.00117172282525,-0.005683001549,5.35234363635e-05
62.35,-0.00116099871062,-0.00567808286569,5.30153696717e-05
62.4,-0.00115037439004,-0.00567314563149,5.25118940264e-05
62.45,-0.00113984887424,-0.00566819020392,5.20129736465e-05
62.5,-0.00112942118534,-0.00566321693579,5.1518647647e-05
62.55,-0.00111909035683,-0.00565823043221,5.1029010261e-05
62.6,-0.00110885543183,-0.00565323189271,5.05438158618e-05
62.65,-0.00109871546364,-0.00564825861231,5.00631007183e-05
62.7,-0.00108866948205,-0.00564327687134,4.95867600734e-05
62.75,-0.00107871658163,-0.00563827941641,4.9114757696e-05
62.8,-0.00106885585017,-0.00563326656803,4.86470588972e-05
62.85,-0.00105909167861,-0.00562823864252,4.81837774511e-05
62.9,-0.00104941777863,-0.00562319596863,4.77247277075e-05
62.95,-0.00103983327004,-0.00561813885418,4.72698755029e-05
63.0,-0.00103033728249,-0.00561306760303,4.6819254778e-05
63.05,-0.00102092895542,-0.00560798391138,4.63729495952e-05
63.1,-0.00101160743756,-0.00560289449916,4.59307351176e-05
63.15,-0.00100237188435,-0.0055977918569,4.54926428946e-05
63.2,-0.000993221463605,-0.00559267627191,4.50585735923e-05
63.25,-0.000984155352182,-0.00558754802903,4.46284941681e-05
63.3,-0.000975172735974,-0.00558243638801,4.42023717555e-05
63.35,-0.000966272781277,-0.00557733598014,4.37803107331e-05
63.4,-0.000957454702961,-0.00557222409692,4.33621400874e-05
63.45,-0.000948717713845,-0.00556710100442,4.29478274909e-05
63.5,-0.00094006103529,-0.00556196696537,4.25374025242e-05
63.55,-0.000931483897185,-0.00555682223806,4.21309403303e-05
63.6,-0.000922985537912,-0.00555166707562,4.17282354005e-05
63.65,-0.00091456520375,-0.00554650173111,4.13293150202e-05
63.7,-0.000906222149167,-0.00554132645334,4.09340878151e-05
63.75,-0.000897955636517,-0.00553614148911,4.05425226646e-05
63.8,-0.000889764936031,-0.00553094708213,4.01545886357e-05
63.85,-0.000881653731807,-0.00552574347305,3.9770377392e-05
63.9,-0.000873616817519,-0.00552053091326,3.93897334825e-05
63.95,-0.000865653487713,-0.00551535425001,3.90126265765e-05
64.0,-0.000857763013879,-0.00551017831972,3.86390850981e-05
64.05,-0.000849944720243,-0.00550499581167,3.82691751755e-05
64.1,-0.000842197923768,-0.00549981329524,3.79027092313e-05
64.15,-0.000834521946428,-0.00549462327938,3.75397113249e-05
64.2,-0.000826916119764,-0.0054894259792,3.718009756e-05
64.25,-0.000819379782205,-0.0054842216081,3.68238387932e-05
64.3,-0.000811912279063,-0.00547901037686,3.64709060735e-05
64.35,-0.000804512962449,-0.00547379249365,3.61213818193e-05
64.4,-0.000797181191347,-0.00546856816207,3.57751239232e-05
64.45,-0.000789916331194,-0.00546333758524,3.54321040496e-05
64.5,-0.000782717753975,-0.00545810096376,3.50923449775e-05
64.55,-0.000775584838205,-0.00545288301461,3.47559071082e-05
64.6,-0.000768516947061,-0.00544769695039,3.44226211553e-05
64.65,-0.000761513477052,-0.00544250705541,3.40925076789e-05
64.7,-0.000754573825783,-0.00543731216205,3.37654898199e-05
64.75,-0.000747697397307,-0.00543211245511,3.34415404311e-05
64.8,-0.000740883601735,-0.00542690811707,3.31206325575e-05
64.85,-0.000734135524029,-0.00542169932819,3.28028403988e-05
64.9,-0.00072744884602,-0.00541648627774,3.24880343509e-05
64.95,-0.000720822996619,-0.00541126914127,3.21761880633e-05
65.0,-0.000714257410491,-0.00540604809216,3.1867321618e-05
65.05,-0.000707751528046,-0.00540082330084,3.15614892759e-05
65.1,-0.00070130479541,-0.00539559493419,3.12585351034e-05
65.15,-0.000694916664087,-0.00539037715144,3.09584776132e-05
65.2,-0.000688586574193,-0.00538519674298,3.06612478819e-05
65.25,-0.000682313992147,-0.00538001347141,3.03668204386e-05
65.3,-0.000676098386162,-0.00537482749445,3.00751702942e-05
65.35,-0.00066993922973,-0.00536963896782,2.97863643256e-05
65.4,-0.000663836001674,-0.00536444804371,2.95002842877e-05
65.45,-0.000657788185857,-0.00535925487405,2.92169057832e-05
65.5,-0.000651795271241,-0.00535405960887,2.8936246589e-05
65.55,-0.000645856751875,-0.00534886239557,2.86583555282e-05
65.6,-0.00063997212687,-0.00534367088639,2.83830905754e-05
65.65,-0.000634140898412,-0.00533847907465,2.81104682588e-05
65.7,-0.000628362575067,-0.00533328576536,2.7840424331e-05
65.75,-0.000622636670471,-0.00532809858867,2.75729355573e-05
65.8,-0.0006169626894,-0.00532295706919,2.73079800183e-05
65.85,-0.000611343212262,-0.00531781465377,2.70456179087e-05
65.9,-0.000605774652729,-0.00531267148419,2.67857415414e-05
65.95,-0.000600256544405,-0.0053075276911,2.65283283938e-05
66.0,-0.000594788425415,-0.00530238340348,2.62733942465e-05
66.05,-0.000589369838394,-0.005297238748,2.60209830784e-05
66.1,-0.000584000330461,-0.00529209859662,2.57709655933e-05
66.15,-0.000578679452011,-0.00528696229017,2.5523356419e-05
66.2,-0.000573406758003,-0.00528182600513,2.52780969445e-05
66.25,-0.000568181808469,-0.00527668986235,2.5035165759e-05
66.3,-0.000563004167664,-0.00527155398115,2.47945416244e-05
66.35,-0.000557873404023,-0.00526641893303,2.45562790559e-05
66.4,-0.000552789088479,-0.00526133753671,2.43202801114e-05
66.45,-0.000547750780111,-0.00525625706279,2.40865255647e-05
66.5,-0.00054275806907,-0.00525117746385,2.38550287099e-05
66.55,-0.000537810540436,-0.00524609884845,2.36258292132e-05
66.6,-0.000532907783292,-0.00524102132269,2.33988094225e-05
66.65,-0.000528049390528,-0.00523594499296,2.31739822945e-05
66.7,-0.000523234958929,-0.00523086996366,2.2951294311e-05
66.75,-0.000518464089066,-0.0052257963384,2.27307258003e-05
66.8,-0.000513736385289,-0.00522072421942,2.25122572539e-05
66.85,-0.000509053999701,-0.00521565370761,2.22959379497e-05
66.9,-0.000504413950774,-0.00521058491017,2.20816786574e-05
66.95,-0.00049981585468,-0.00520551792513,2.18694603744e-05
67.0,-0.000495259331201,-0.00520049474452,2.16592956865e-05
67.05,-0.00049074398724,-0.00519548467956,2.14512218285e-05
67.1,-0.000486269457577,-0.00519048152647,2.12451311556e-05
67.15,-0.000481835372113,-0.00518548460222,2.10410353132e-05
67.2,-0.000477441364399,-0.00518049010002,2.08388855818e-05
67.25,-0.000473087072059,-0.00517549810777,2.06386639206e-05
67.3,-0.000468772136101,-0.00517050871216,2.04403524421e-05
67.35,-0.000464496200876,-0.00516552199865,2.024399572e-05
67.4,-0.000460258914099,-0.00516053805048,2.00495125377e-05
67.45,-0.000456059926708,-0.0051555569508,1.9856885484e-05
67.5,-0.000451898892885,-0.0051505787816,1.96661258339e-05
67.55,-0.000447775470045,-0.00514560362321,1.94772659864e-05
67.6,-0.000443689318817,-0.00514065591874,1.92902086566e-05
67.65,-0.000439640091102,-0.00513574731059,1.91049652435e-05
67.7,-0.000435627456618,-0.005130842071,1.89214911079e-05
67.75,-0.000431651085597,-0.00512594027406,1.87397697378e-05
67.8,-0.000427710651313,-0.00512104199276,1.85597847645e-05
67.85,-0.000423807948046,-0.00511614729905,1.83815765379e-05
67.9,-0.000419940496032,-0.00511125627011,1.82050712217e-05
67.95,-0.000416107978089,-0.00510636897564,1.80302528896e-05
68.0,-0.000412310079946,-0.00510148548432,1.78571316668e-05
68.05,-0.000408546490236,-0.00509660586334,1.76857368634e-05
68.1,-0.000404816900477,-0.00509173017816,1.75159800385e-05
68.15,-0.000401121004961,-0.00508685849445,1.73478705308e-05
68.2,-0.000397458500797,-0.00508199087651,1.71813679285e-05
68.25,-0.000393829087846,-0.00507717067639,1.7016457167e-05
68.3,-0.000390232455861,-0.00507236192335,1.68531244122e-05
68.35,-0.000386668316518,-0.00506755750873,1.66914056969e-05
68.4,-0.000383136378107,-0.00506275749058,1.65312338675e-05
68.45,-0.000379636351539,-0.00505796192692,1.6372594383e-05
68.5,-0.000376167950356,-0.00505317087485,1.62154963617e-05
68.55,-0.000372730890722,-0.00504838439017,1.60599663466e-05
68.6,-0.000369324891407,-0.00504360455138,1.59059239573e-05
68.65,-0.000365949673432,-0.005038835715,1.57533776282e-05
68.7,-0.000362604959827,-0.005034071626,1.56022906651e-05
68.75,-0.000359290476945,-0.00502931233695,1.54526493217e-05
68.8,-0.000356005953624,-0.00502455789957,1.53044399746e-05
68.85,-0.000352752884047,-0.00501980940725,1.5157695776e-05
68.9,-0.000349529202595,-0.00501511369477,1.50123559184e-05
68.95,-0.000346334638548,-0.00501042316255,1.48684077892e-05
69.0,-0.000343168935016,-0.00500573775163,1.47258592797e-05
69.05,-0.000340031833592,-0.00500105750734,1.45847344419e-05
69.1,-0.000336923078219,-0.00499638247359,1.44449602287e-05
69.15,-0.000333842415111,-0.00499172040855,1.43065442306e-05
69.2,-0.000330789591886,-0.00498706415531,1.41694530914e-05
69.25,-0.000327764359281,-0.00498241326003,1.40336742871e-05
69.3,-0.000324766470332,-0.00497776776441,1.3899195402e-05
69.35,-0.000321795680299,-0.00497312770942,1.37660465033e-05
69.4,-0.000318851746662,-0.00496849313454,1.36341721322e-05
69.45,-0.000315934429054,-0.00496386407928,1.35035602226e-05
69.5,-0.000313043489268,-0.0049592405824,1.33742182257e-05
69.55,-0.000310178691243,-0.00495466302591,1.32461679692e-05
69.6,-0.000307339791671,-0.00495009811588,1.31193439066e-05
69.65,-0.000304526563325,-0.00494553892602,1.29937525173e-05
69.7,-0.000301738776615,-0.0049409854904,1.28693634075e-05
69.75,-0.000298976203998,-0.00493643784276,1.27461651726e-05
69.8,-0.000296238619963,-0.00493189601613,1.26241465123e-05
69.85,-0.00029352726793,-0.00492736004292,1.25033347138e-05
69.9,-0.000290840431047,-0.00492282995911,1.23836793981e-05
69.95,-0.000288177890211,-0.0049183057957,1.22651695857e-05
70.0,-0.000285539428273,-0.00491378758302,1.21478120256e-05
70.05,-0.000282924830031,-0.00490927535047,1.20316265268e-05
70.1,-0.000280333882216,-0.00490476912634,1.19165528002e-05
70.15,-0.000277766373435,-0.00490027656196,1.18025970788e-05
70.2,-0.000275222093459,-0.00489580426199,1.16897318183e-05
70.25,-0.000272700829024,-0.00489136992026,1.15779471493e-05
70.3,-0.000270202375858,-0.0048869417525,1.14672326767e-05
70.35,-0.000267726530184,-0.00488251978323,1.13576131736e-05
70.4,-0.000265273090052,-0.00487810403579,1.12490428541e-05
70.45,-0.000262841855291,-0.00487369453356,1.11415117336e-05
70.5,-0.000260432627507,-0.00486929129934,1.10350259331e-05
70.55,-0.000258045210076,-0.00486489435513,1.09296034392e-05
70.6,-0.000255679408132,-0.0048605037219,1.08251894778e-05
70.65,-0.000253335028518,-0.00485612450402,1.07217897041e-05
70.7,-0.000251011879357,-0.0048517545528,1.06193790714e-05
70.75,-0.000248709770672,-0.00484739099159,1.05179481842e-05
70.8,-0.000246428514426,-0.00484303383984,1.04174877122e-05
70.85,-0.000244169144497,-0.00483868311647,1.03180201691e-05
70.9,-0.000241930232245,-0.00483435166264,1.02195039784e-05
70.95,-0.000239711590264,-0.00483005749825,1.01219304879e-05
71.0,-0.000237513038667,-0.00482576984555,1.00253051606e-05
71.05,-0.000235334398081,-0.00482148871983,9.92964433655e-06
71.1,-0.000233175490731,-0.00481721413549,9.83489825331e-06
71.15,-0.000231036140396,-0.00481294610714,9.74107204862e-06
71.2,-0.000228916172416,-0.00480868464868,9.64814293246e-06
71.25,-0.000226815413672,-0.00480442977379,9.55610235115e-06
71.3,-0.000224733692576,-0.00480018149568,9.46494183108e-06
71.35,-0.000222670839052,-0.00479593982711,9.37468183206e-06
71.4,-0.000220626684543,-0.00479170477991,9.28528457601e-06
71.45,-0.000218601061966,-0.00478747636596,9.19674183501e-06
71.5,-0.000216593805717,-0.0047832545967,9.10905867626e-06
71.55,-0.000214604751659,-0.0047790394829,9.02224996399e-06
71.6,-0.000212633737112,-0.00477483103455,8.93627050111e-06
71.65,-0.00021068060082,-0.00477066598389,8.8511249732e-06
71.7,-0.000208745177329,-0.00476652046308,8.76679318729e-06
71.75,-0.000206827310481,-0.00476238166976,8.68326718931e-06
71.8,-0.000204926843385,-0.00475824961159,8.60053928628e-06
71.85,-0.000203044635253,-0.00475412429583,8.51862807692e-06
71.9,-0.000201179497514,-0.00475000573225,8.43749924736e-06
71.95,-0.000199331277677,-0.00474589392725,8.35714532847e-06
72.0,-0.000197499824594,-0.00474178888688,8.27757093299e-06
72.05,-0.000195684988452,-0.00473769061659,8.19878957741e-06
72.1,-0.000193886620765,-0.00473359912115,8.12076019942e-06
72.15,-0.000192104574344,-0.00472951699844,8.04348706616e-06
72.2,-0.00019033870313,-0.00472544684876,7.96695140007e-06
72.25,-0.000188588862185,-0.0047213835046,7.89114619288e-06
72.3,-0.000186854908194,-0.00471732696972,7.81606447182e-06
72.35,-0.000185136699104,-0.0047132772475,7.74172315805e-06
72.4,-0.00018343409412,-0.00470925921599,7.66809108074e-06
72.45,-0.000181746949667,-0.00470526271149,7.59516182813e-06
72.5,-0.000180075129098,-0.00470127303472,7.52293946187e-06
72.55,-0.000178418495394,-0.00469729018655,7.45143627826e-06
72.6,-0.000176776912744,-0.00469331416721,7.3806149704e-06
72.65,-0.000175150246525,-0.00468934497716,7.31047942845e-06
72.7,-0.000173538363301,-0.00468538261632,7.24101258466e-06
72.75,-0.000171941130807,-0.00468142708454,7.17220805489e-06
72.8,-0.00017035841794,-0.00467747838131,7.10405951547e-06
72.85,-0.000168790938291,-0.00467353650585,7.03658236037e-06
72.9,-0.000167237703113,-0.00466960145948,6.96974827698e-06
72.95,-0.000165698584974,-0.00466567324077,6.90355112675e-06
73.0,-0.000164173457563,-0.00466175184799,6.83799475184e-06
73.05,-0.000162662195683,-0.00465783727899,6.773090351e-06
73.1,-0.000161164675242,-0.00465392953106,6.70880403563e-06
73.15,-0.000159680773234,-0.00465003116791,6.64513936314e-06
73.2,-0.000158210367596,-0.00464617488299,6.58208085303e-06
73.25,-0.000156753333591,-0.00464233275548,6.5196230718e-06
73.3,-0.000155309553181,-0.00463849745436,6.45776013573e-06
73.35,-0.000153878907716,-0.004634668975,6.39650605191e-06
73.4,-0.0001524612796,-0.00463084731223,6.33583509328e-06
73.45,-0.000151056552261,-0.00462703246094,6.27574169339e-06
73.5,-0.000149664610153,-0.0046232244158,6.21622935898e-06
73.55,-0.000148285338749,-0.00461942317108,6.15730828508e-06
73.6,-0.000146918624533,-0.00461562872056,6.09894767888e-06
73.65,-0.00014556435498,-0.00461184128806,6.04115078861e-06
73.7,-0.000144222418544,-0.00460806798893,5.98390354496e-06
73.75,-0.000142892704316,-0.00460430148201,5.92720073782e-06
73.8,-0.000141575102725,-0.00460054176045,5.87103717353e-06
73.85,-0.000140270206173,-0.0045967888172,5.81542560694e-06
73.9,-0.000138977192357,-0.00459304264696,5.76034267169e-06
73.95,-0.000137695954774,-0.00458930324218,5.70578332674e-06
74.0,-0.000136426387857,-0.004585577418,5.65175078014e-06
74.05,-0.000135168385037,-0.00458188679971,5.59825449625e-06
74.1,-0.000133921842985,-0.00457820291773,5.5452664637e-06
74.15,-0.000132686658957,-0.00457452576294,5.49278965008e-06
74.2,-0.000131462731112,-0.00457085532593,5.44081127662e-06
74.25,-0.000130249958503,-0.00456719159721,5.38932659091e-06
74.3,-0.000129048241071,-0.00456353456712,5.33833088582e-06
74.35,-0.000127857479637,-0.0045598842258,5.28783577439e-06
74.4,-0.000126677575896,-0.00455624056298,5.23782002309e-06
74.45,-0.000125508432407,-0.00455260356846,5.18827906349e-06
74.5,-0.000124349952583,-0.0045489732319,5.13921582815e-06
74.55,-0.000123202040691,-0.00454534954264,5.09063877983e-06
74.6,-0.000122064601841,-0.00454173248966,5.04252249433e-06
74.65,-0.000120937541977,-0.00453812228977,4.99486969032e-06
74.7,-0.00011982076786,-0.00453452598639,4.9476687683e-06
74.75,-0.000118714186787,-0.0045309363031,4.90091545306e-06
74.8,-0.000117617707176,-0.00452735322844,4.85460548267e-06
74.85,-0.000116531820619,-0.00452377675082,4.80874943653e-06
74.9,-0.000115455843414,-0.00452022917685,4.76332802574e-06
74.95,-0.000114389684395,-0.00451669893135,4.71833730958e-06
75.0,-0.000113333256266,-0.00451317523929,4.67377988767e-06
75.05,-0.000112286471615,-0.00450965808764,4.62966347043e-06
75.1,-0.000111249243804,-0.0045061474631,4.58596495007e-06
75.15,-0.000110221486951,-0.00450264335249,4.5426868128e-06
75.2,-0.000109203115935,-0.00449915112491,4.49981852219e-06
75.25,-0.000108194046182,-0.0044956674141,4.4573561973e-06
75.3,-0.000107194193994,-0.00449219019346,4.41529598241e-06
75.35,-0.000106203476486,-0.00448871944922,4.37364751318e-06
75.4,-0.000105221811503,-0.00448525516726,4.33239325792e-06
75.45,-0.000104249117615,-0.00448179733358,4.29152946787e-06
75.5,-0.000103285314105,-0.00447834593405,4.25105859866e-06
75.55,-0.000102330320973,-0.00447490095436,4.21098768092e-06
75.6,-0.000101384058922,-0.0044714623799,4.1712957141e-06
75.65,-0.000100446449355,-0.00446803019624,4.13198497653e-06
75.7,-9.95174143647e-05,-0.00446460438873,4.09304590129e-06
75.75,-9.85968767341e-05,-0.00446118494276,4.05447495844e-06
75.8,-9.76847599254e-05,-0.00445777562522,4.01626865163e-06
75.85,-9.67814706148e-05,-0.0044543997093,3.97843586707e-06
75.9,-9.58864406665e-05,-0.00445103009965,3.94096066082e-06
75.95,-9.49995957275e-05,-0.0044476667806,3.90383963617e-06
76.0,-9.41208621e-05,-0.00444430973643,3.8670750402e-06
76.05,-9.32501667367e-05,-0.00444095895122,3.83067328203e-06
76.1,-9.23874372362e-05,-0.00443761440882,3.79461527127e-06
76.15,-9.15326018331e-05,-0.00443427609327,3.75890309361e-06
76.2,-9.0685589396e-05,-0.00443094932441,3.723528059e-06
76.25,-8.98463292584e-05,-0.00442763076239,3.68848698398e-06
76.3,-8.90147514839e-05,-0.0044243183953,3.65377670566e-06
76.35,-8.8190786815e-05,-0.00442101220674,3.61940522565e-06
76.4,-8.73743666073e-05,-0.00441771218006,3.58535806355e-06
76.45,-8.65654228212e-05,-0.00441441829873,3.55163214409e-06
76.5,-8.57638880176e-05,-0.00441113054615,3.51822952657e-06
76.55,-8.49696953544e-05,-0.00440784890557,3.48515605696e-06
76.6,-8.41827785813e-05,-0.00440457336004,3.4523943817e-06
76.65,-8.34030720314e-05,-0.00440130389279,3.41994641285e-06
76.7,-8.26305106192e-05,-0.0043980435558,3.38780425839e-06
76.75,-8.18650297495e-05,-0.00439479343355,3.35596503028e-06
76.8,-8.11065653716e-05,-0.00439156016902,3.32442587044e-06
76.85,-8.03554546329e-05,-0.00438835074029,3.29319417224e-06
76.9,-7.96112256305e-05,-0.00438514730802,3.26225674477e-06
76.95,-7.88738162572e-05,-0.0043819498544,3.23161080085e-06
77.0,-7.81431649545e-05,-0.00437875836163,3.20125822515e-06
77.05,-7.74192107086e-05,-0.00437557281177,3.17120434802e-06
77.1,-7.67018930464e-05,-0.00437239318671,3.14143339023e-06
77.15,-7.59911520274e-05,-0.00436921946852,3.11194710232e-06
77.2,-7.52869282423e-05,-0.00436605163916,3.08273831371e-06
77.25,-7.45891628067e-05,-0.00436288968062,3.05380439978e-06
77.3,-7.38977973572e-05,-0.00435973357487,3.02514276086e-06
77.35,-7.32127740472e-05,-0.00435658330383,2.99676004567e-06
77.4,-7.25340355434e-05,-0.00435343884925,2.96864428869e-06
77.45,-7.1861525019e-05,-0.00435030019301,2.94079296676e-06
77.5,-7.11951861507e-05,-0.00434716731694,2.91320780802e-06
77.55,-7.05349631147e-05,-0.0043440402028,2.88589367635e-06
77.6,-6.9880800583e-05,-0.00434091883219,2.85883622519e-06
77.65,-6.92326437164e-05,-0.00433780318689,2.83203706025e-06
77.7,-6.85904381627e-05,-0.00433469629331,2.80548966847e-06
77.75,-6.79541299816e-05,-0.00433159922604,2.7791916801e-06
77.8,-6.73236656896e-05,-0.00432850784571,2.75314074996e-06
77.85,-6.66993257053e-05,-0.00432542905136,2.72734294057e-06
77.9,-6.60807169956e-05,-0.00432237540077,2.70178744371e-06
77.95,-6.54677878573e-05,-0.00431932736745,2.67647195745e-06
78.0,-6.48604868898e-05,-0.00431628493246,2.65139806376e-06
78.05,-6.42587631486e-05,-0.00431324807675,2.62657019868e-06
78.1,-6.36625661416e-05,-0.00431021678119,2.60197531407e-06
78.15,-6.30718458236e-05,-0.00430719102681,2.57761488031e-06
78.2,-6.24865525936e-05,-0.00430417165259,2.5534829784e-06
78.25,-6.19066372728e-05,-0.00430116400191,2.52957745596e-06
78.3,-6.13320510095e-05,-0.00429816185165,2.50589619138e-06
78.35,-6.07627455168e-05,-0.00429516518268,2.48244471146e-06
78.4,-6.01986729376e-05,-0.00429217397576,2.45921312356e-06
78.45,-5.9639785839e-05,-0.00428918821178,2.43619935627e-06
78.5,-5.90860372094e-05,-0.00428620787162,2.41340485984e-06
78.55,-5.85373804554e-05,-0.00428323293611,2.39083368249e-06
78.6,-5.79937693985e-05,-0.00428026338601,2.36847395742e-06
78.65,-5.74551582696e-05,-0.0042772992022,2.34632703301e-06
78.7,-5.69215017071e-05,-0.00427434036554,2.32438753126e-06
78.75,-5.63927547526e-05,-0.00427138685695,2.30265350107e-06
78.8,-5.58688728476e-05,-0.00426843865735,2.2811230098e-06
78.85,-5.53500884441e-05,-0.00426549574766,2.2598010985e-06
78.9,-5.48360757426e-05,-0.00426255810956,2.23867877222e-06
78.95,-5.43267914432e-05,-0.00425962572398,2.21775415493e-06
79.0,-5.38221926317e-05,-0.00425671215213,2.19702857642e-06
79.05,-5.33222361043e-05,-0.00425381443395,2.1765057954e-06
79.1,-5.28268799731e-05,-0.00425092189581,2.1561749933e-06
79.15,-5.23360824758e-05,-0.00424803451832,2.13603740538e-06
79.2,-5.18498022222e-05,-0.00424515313393,2.11608814332e-06
79.25,-5.1367998176e-05,-0.00424228304727,2.09632543984e-06
79.3,-5.08906295761e-05,-0.00423941807935,2.07674755292e-06
79.35,-5.04176561325e-05,-0.0042365582107,2.05735907905e-06
79.4,-4.99490379145e-05,-0.00423370342183,2.03815183577e-06
79.45,-4.94847353468e-05,-0.00423085369333,2.01912412201e-06
79.5,-4.90247092067e-05,-0.00422800900583,2.00027715536e-06
79.55,-4.85689206215e-05,-0.00422516933995,1.98161430675e-06
79.6,-4.81173310656e-05,-0.00422233467625,1.9631257561e-06
79.65,-4.76699023564e-05,-0.00421950499544,1.94481263612e-06
79.7,-4.72265966521e-05,-0.0042166802782,1.92667050412e-06
79.75,-4.67873764483e-05,-0.00421386617681,1.90869775755e-06
79.8,-4.63522044881e-05,-0.00421105827368,1.89089281739e-06
79.85,-4.59212734106e-05,-0.00420825529255,1.87325987841e-06
79.9,-4.54943127193e-05,-0.00420545721475,1.85579149834e-06
79.95,-4.50712863011e-05,-0.00420266402102,1.83848613578e-06
80.0,-4.46521583655e-05,-0.00419987569214,1.82134490676e-06
80.05,-4.42368934418e-05,-0.00419709220886,1.80437088808e-06
80.1,-4.3825456376e-05,-0.00419431355191,1.78755514535e-06
80.15,-4.34178123281e-05,-0.00419153970217,1.7708987171e-06
80.2,-4.30139267693e-05,-0.00418877121622,1.75439756498e-06
80.25,-4.26137654008e-05,-0.00418602895883,1.73805024422e-06
80.3,-4.22172938404e-05,-0.00418329148803,1.7218553612e-06
80.35,-4.18244787349e-05,-0.00418055873365,1.70581671634e-06
80.4,-4.14352867856e-05,-0.00417783067634,1.68992753833e-06
80.45,-4.10496849911e-05,-0.00417510729686,1.67418642942e-06
80.5,-4.06676406451e-05,-0.00417238857603,1.65859441174e-06
80.55,-4.0289121334e-05,-0.00416967449468,1.64315429304e-06
80.6,-3.99140949344e-05,-0.0041669650336,1.62785794305e-06
80.65,-3.95425296101e-05,-0.00416426017374,1.61270631316e-06
80.7,-3.91743938097e-05,-0.00416155989605,1.59769573141e-06
80.75,-3.88096562645e-05,-0.0041588698161,1.58282488069e-06
80.8,-3.84482859135e-05,-0.00415618554529,1.56809246328e-06
80.85,-3.80904423902e-05,-0.00415350581582,1.5535019695e-06
80.9,-3.77359011685e-05,-0.00415083060921,1.53904723903e-06
80.95,-3.73846321426e-05,-0.00414815990655,1.52472700485e-06
81.0,-3.70366054765e-05,-0.00414549368894,1.51054220376e-06
81.05,-3.66917916016e-05,-0.0041428319375,1.49649539877e-06
81.1,-3.63501612143e-05,-0.00414017463337,1.4825791911e-06
81.15,-3.60116852732e-05,-0.0041375217578,1.46879445295e-06
81.2,-3.56763349974e-05,-0.00413487329207,1.45513784562e-06
81.25,-3.53440818641e-05,-0.00413223271894,1.44160817505e-06
81.3,-3.50148975652e-05,-0.00412959982106,1.42820426235e-06
81.35,-3.46887540508e-05,-0.00412697129313,1.41492929428e-06
81.4,-3.43656235614e-05,-0.00412434711646,1.4017776652e-06
81.45,-3.40454785867e-05,-0.00412172727248,1.38874822635e-06
81.5,-3.37282918629e-05,-0.00411911174266,1.3758418362e-06
81.55,-3.34140363714e-05,-0.00411650770139,1.36306083441e-06
81.6,-3.31026850385e-05,-0.00411392074755,1.35039851615e-06
81.65,-3.27942114179e-05,-0.00411133803952,1.33785567216e-06
81.7,-3.24885892203e-05,-0.00410875955869,1.32542926557e-06
81.75,-3.21857923926e-05,-0.0041061852865,1.31311821289e-06
81.8,-3.18857951157e-05,-0.0041036152045,1.30092144076e-06
81.85,-3.15887296678e-05,-0.00410104929425,1.28884185276e-06
81.9,-3.12944097259e-05,-0.00409848753779,1.27687434727e-06
81.95,-3.1002810206e-05,-0.0040959299168,1.26501788205e-06
82.0,-3.07139062494e-05,-0.00409337641302,1.25327324322e-06
82.05,-3.0427673221e-05,-0.00409082700822,1.24164256619e-06
82.1,-3.0144086707e-05,-0.00408828168417,1.23011972106e-06
82.15,-2.98631225131e-05,-0.00408574042278,1.21870544003e-06
82.2,-2.95847566624e-05,-0.00408320320601,1.20739696141e-06
82.25,-2.93089653935e-05,-0.00408067349649,1.19619330277e-06
82.3,-2.90357251254e-05,-0.00407815107879,1.18509349414e-06
82.35,-2.87650124924e-05,-0.00407563266773,1.17410018803e-06
82.4,-2.84968043712e-05,-0.00407311824533,1.16320874111e-06
82.45,-2.82310778464e-05,-0.00407060779373,1.15241820807e-06
82.5,-2.79678102089e-05,-0.00406810129511,1.14172930916e-06
82.55,-2.77069789541e-05,-0.00406559873172,1.13114399385e-06
82.6,-2.74485617802e-05,-0.00406310008578,1.12065668182e-06
82.65,-2.71925365861e-05,-0.00406060533969,1.11026804408e-06
82.7,-2.69388814699e-05,-0.00405811447584,1.09997556858e-06
82.75,-2.66875747268e-05,-0.00405562889163,1.08977836411e-06
82.8,-2.64385948355e-05,-0.00405315241188,1.07967554902e-06
82.85,-2.61920513314e-05,-0.00405067977776,1.06966954539e-06
82.9,-2.59477896256e-05,-0.00404821097216,1.05975612674e-06
82.95,-2.57057888253e-05,-0.00404574597767,1.04993443549e-06
83.0,-2.54660282263e-05,-0.00404328872143,1.04020513142e-06
83.05,-2.52284871286e-05,-0.00404084930583,1.03057001232e-06
83.1,-2.4993145239e-05,-0.00403841363845,1.02102399371e-06
83.15,-2.4759982414e-05,-0.00403598170191,1.01156768988e-06
83.2,-2.45289786914e-05,-0.00403355347886,1.00219881498e-06
83.25,-2.43001142891e-05,-0.00403112895203,9.92916559892e-07
83.3,-2.40733696035e-05,-0.00402870810425,9.83720123018e-07
83.35,-2.38487252076e-05,-0.00402629091837,9.7461170995e-07
83.4,-2.362616185e-05,-0.0040238773773,9.65587472694e-07
83.45,-2.3405660453e-05,-0.00402146746403,9.56646632763e-07
83.5,-2.31872021108e-05,-0.00401906116164,9.4778979422e-07
83.55,-2.29707680886e-05,-0.00401665845324,9.39018581567e-07
83.6,-2.27563398209e-05,-0.00401425932197,9.30328368427e-07
83.65,-2.25438989096e-05,-0.0040118637511,9.21719717792e-07
83.7,-2.23334271229e-05,-0.00400947172394,9.1319055009e-07
83.75,-2.21249063938e-05,-0.00400708463111,9.04740131234e-07
83.8,-2.19183188083e-05,-0.00400470627754,8.96367734958e-07
83.85,-2.17137551026e-05,-0.00400233143365,8.88075377805e-07
83.9,-2.15110870474e-05,-0.00399996008316,8.79859556457e-07
83.95,-2.13102972534e-05,-0.00399759220959,8.71719564382e-07
84.0,-2.11113684882e-05,-0.00399522779653,8.63655954831e-07
84.05,-2.09142836752e-05,-0.00399286682762,8.55670210917e-07
84.1,-2.07190258926e-05,-0.00399050928652,8.4775811969e-07
84.15,-2.0525578371e-05,-0.00398815515704,8.39920196878e-07
84.2,-2.03339244931e-05,-0.00398580442299,8.3215455014e-07
84.25,-2.01440477917e-05,-0.0039834570683,8.24460513154e-07
84.3,-1.99559319486e-05,-0.00398111903073,8.1683742576e-07
84.35,-1.97695607547e-05,-0.00397878494986,8.09287128675e-07
84.4,-1.95849181835e-05,-0.00397645421584,8.01806432274e-07
84.45,-1.94019883574e-05,-0.00397412681273,7.94394695195e-07
84.5,-1.92207555426e-05,-0.00397180272464,7.8705242408e-07
84.55,-1.90412041479e-05,-0.00396948193575,7.79780972961e-07
84.6,-1.88633187233e-05,-0.00396716775903,7.72576504976e-07
84.65,-1.86870838395e-05,-0.00396486963553,7.65439504474e-07
84.7,-1.85124843498e-05,-0.00396257475555,7.58368246785e-07
84.75,-1.83395052241e-05,-0.00396028310335,7.51362126607e-07
84.8,-1.81681315684e-05,-0.00395799466324,7.44420544228e-07
84.85,-1.79984385713e-05,-0.00395570941962,7.37545175549e-07
84.9,-1.78303198897e-05,-0.00395342735717,7.30733115434e-07
84.95,-1.76637610567e-05,-0.00395114846039,7.2398378135e-07
85.0,-1.7498747737e-05,-0.00394887271388,7.17297637002e-07
85.05,-1.73352657249e-05,-0.00394660010227,7.10675918386e-07
85.1,-1.71733009436e-05,-0.00394433061026,7.04115130624e-07
85.15,-1.70128394437e-05,-0.00394206422262,6.97615706108e-07
85.2,-1.68538674026e-05,-0.00393980092421,6.91176077129e-07
85.25,-1.66963711228e-05,-0.00393754069995,6.84795694183e-07
85.3,-1.65403370311e-05,-0.00393528945904,6.78474012829e-07
85.35,-1.63857516456e-05,-0.00393304186855,6.72212565857e-07
85.4,-1.62326016363e-05,-0.00393079732256,6.66008707743e-07
85.45,-1.60808737975e-05,-0.00392855580615,6.59861909484e-07
85.5,-1.59305550432e-05,-0.00392631730446,6.53772595631e-07
85.55,-1.57816324063e-05,-0.00392408180268,6.47741894633e-07
85.6,-1.56340930375e-05,-0.00392184928605,6.41766622991e-07
85.65,-1.5487924204e-05,-0.00391961973991,6.04112656394e-07
85.7,-1.53431124899e-05,-0.00391739359915,5.95011651357e-07
85.75,-1.51996461318e-05,-0.00391517044239,5.89523056839e-07
85.8,-1.5057512831e-05,-0.00391295410529,5.84084901824e-07
85.85,-1.49167748385e-05,-0.00391074321688,5.78698611289e-07
85.9,-1.4777343962e-05,-0.00390853523408,5.73361803569e-07
85.95,-1.46392081696e-05,-0.0039063301426,5.68074024911e-07
86.0,-1.45023555384e-05,-0.00390412792822,5.62835690453e-07
86.05,-1.4366774254e-05,-0.00390192857677,5.57647856703e-07
86.1,-1.42324526094e-05,-0.00389973207412,5.52507649535e-07
86.15,-1.40993790039e-05,-0.00389753840624,5.47415135817e-07
86.2,-1.39675419424e-05,-0.00389534755917,5.42369369824e-07
86.25,-1.38369300343e-05,-0.00389315951901,5.37369923385e-07
86.3,-1.37075319925e-05,-0.00389097427194,5.32416372258e-07
86.35,-1.35793366326e-05,-0.00388879180418,5.27510015123e-07
86.4,-1.34523328722e-05,-0.00388662453387,5.22648681354e-07
86.45,-1.33265096128e-05,-0.00388446191563,5.17831970085e-07
86.5,-1.32018560307e-05,-0.00388230202984,5.13060255588e-07
86.55,-1.30783613457e-05,-0.0038801448628,4.76776064524e-07
86.6,-1.29560142058e-05,-0.00387799084052,4.68875220952e-07
86.65,-1.28348046453e-05,-0.00387583955146,4.64556556568e-07
86.7,-1.27147222512e-05,-0.00387369093253,4.60277496812e-07
86.75,-1.25957566296e-05,-0.0038715449704,4.56037679445e-07
86.8,-1.24778974813e-05,-0.00386940553479,4.51836745541e-07
86.85,-1.23611963607e-05,-0.00386727126198,4.47675907961e-07
86.9,-1.22455801531e-05,-0.00386513962149,4.43553216159e-07
86.95,-1.21310388571e-05,-0.0038630106001,4.39468321386e-07
87.0,-1.20175625623e-05,-0.0038608841847,4.35421596664e-07
87.05,-1.19051414489e-05,-0.00385876036221,3.99936100499e-07
87.1,-1.17937651789e-05,-0.00385663955799,3.92754444091e-07
87.15,-1.1683424672e-05,-0.00385452136225,3.89139298145e-07
87.2,-1.15741104429e-05,-0.00385240571268,3.85557271304e-07
87.25,-1.14658130239e-05,-0.00385029259655,3.82008061124e-07
87.3,-1.13585230337e-05,-0.00384818391917,3.78491367923e-07
87.35,-1.12522311694e-05,-0.00384608216482,3.75008323991e-07
87.4,-1.11469282043e-05,-0.00384398292098,3.7155717864e-07
87.45,-1.10426050121e-05,-0.00384188617507,3.68137640701e-07
87.5,-1.093925255e-05,-0.00383979191458,3.64750076782e-07
87.55,-1.08368618574e-05,-0.00383770012702,3.6139472866e-07
87.6,-1.07354240556e-05,-0.00383561079999,3.58070092759e-07
87.65,-1.06349303471e-05,-0.00383352392115,3.54776270189e-07
87.7,-1.05353720144e-05,-0.00383143947822,3.51512594405e-07
87.75,-1.04367404196e-05,-0.003829357459,3.48278790498e-07
87.8,-1.03390270038e-05,-0.00382727785133,3.45074586062e-07
87.85,-1.02422744724e-05,-0.00382520064313,3.10579094012e-07
87.9,-1.01464217076e-05,-0.00382312625838,3.04239683658e-07
87.95,-1.00514608779e-05,-0.00382105429052,3.01441308294e-07
88.0,-9.95738380613e-06,-0.00381898467846,2.98669135231e-07
88.05,-9.86418233109e-06,-0.00381691741046,2.9592341221e-07
88.1,-9.77184836618e-06,-0.0038148524748,2.93202795418e-07
88.15,-9.68037389858e-06,-0.00381278985985,2.59225840255e-07
88.2,-9.58975049906e-06,-0.00381072998921,2.53364212032e-07
88.25,-9.49997075345e-06,-0.00380867245742,2.51034744575e-07
88.3,-9.41102692196e-06,-0.0038066191137,2.4872657753e-07
88.35,-9.32291127436e-06,-0.00380458113892,2.46440387648e-07
88.4,-9.23561607948e-06,-0.00380254941246,2.44175099932e-07
88.45,-9.14913378257e-06,-0.00380051994221,2.41930522315e-07
88.5,-9.06345687119e-06,-0.00379849271674,2.39707010855e-07
88.55,-8.9785779016e-06,-0.0037964677247,2.37504817389e-07
88.6,-8.89448949811e-06,-0.00379444495477,2.35322742353e-07
88.65,-8.81118435245e-06,-0.00379242439571,2.3316060278e-07
88.7,-8.72865522319e-06,-0.00379040603634,2.31018217358e-07
88.75,-8.64689493512e-06,-0.00378838986553,2.28895406424e-07
88.8,-8.56589637869e-06,-0.00378637587222,2.26791991944e-07
88.85,-8.48569491688e-06,-0.00378437027107,2.24708591035e-07
88.9,-8.40624030862e-06,-0.0037823668401,2.22644220346e-07
88.95,-8.32752565068e-06,-0.0037803655683,2.20598706854e-07
89.0,-8.24954410296e-06,-0.00377836644469,2.18572375689e-07
89.05,-8.17228888793e-06,-0.00377636945838,2.16565456953e-07
89.1,-8.09575329006e-06,-0.0037743745985,2.14576857304e-07
89.15,-8.01993065524e-06,-0.00377238185427,2.12606410349e-07
89.2,-7.94481439025e-06,-0.00377039121497,2.10653951201e-07
89.25,-7.8703979622e-06,-0.00376840266991,2.08719316469e-07
89.3,-7.796674898e-06,-0.00376641620848,2.06802344236e-07
89.35,-7.72363878382e-06,-0.00376443182013,1.73820714204e-07
89.4,-7.65128287718e-06,-0.00376244991915,1.68768245476e-07
89.45,-7.57960123946e-06,-0.0037604701105,1.67218418702e-07
89.5,-7.50858767519e-06,-0.00375849233587,1.65683191098e-07
89.55,-7.43823600186e-06,-0.00375651658501,1.64162798975e-07
89.6,-7.36854009363e-06,-0.00375454284772,1.62656271577e-07
89.65,-7.29949388074e-06,-0.00375257111389,1.61163483166e-07
89.7,-7.23109134908e-06,-0.00375060137343,1.59684309142e-07
89.75,-7.16332653965e-06,-0.00374863361633,1.5821862603e-07
89.8,-7.09619354806e-06,-0.00374666783262,1.56766311468e-07
89.85,-7.02972165532e-06,-0.0037447102136,1.2428600411e-07
89.9,-6.96386887452e-06,-0.00374275498674,1.19693394708e-07
89.95,-6.89862979833e-06,-0.00374080175833,1.18594630529e-07
90.0,-6.83399878635e-06,-0.00373885047065,1.17506302334e-07
90.05,-6.7699702101e-06,-0.00373690111397,1.16428651845e-07
90.1,-6.7065384927e-06,-0.00373495367861,1.15360819793e-07
90.15,-6.64369810837e-06,-0.00373300815492,1.14302717259e-07
90.2,-6.58144358202e-06,-0.00373106453335,1.13254256125e-07
90.25,-6.51976948874e-06,-0.00372912280435,1.12215349069e-07
90.3,-6.4586704534e-06,-0.00372718295847,1.11185909554e-07
90.35,-6.39814115015e-06,-0.00372524925717,1.10165851827e-07
90.4,-6.3381762932e-06,-0.00372331928679,1.09155091291e-07
90.45,-6.27877065051e-06,-0.00372139118573,1.08153543885e-07
90.5,-6.21991904192e-06,-0.00371946686884,1.07161502715e-07
90.55,-6.16161631248e-06,-0.00371755368838,4.42956730302e-08
90.6,-6.10385675966e-06,-0.00371564318448,3.70082061129e-08
90.65,-6.04663591732e-06,-0.00371373459048,3.66689089717e-08
90.7,-5.98994886313e-06,-0.00371182780333,3.63327016377e-08
90.75,-5.93379065048e-06,-0.00370992281394,3.59995561502e-08
90.8,-5.87815637822e-06,-0.00370801961326,3.56694448004e-08
90.85,-5.82307029114e-06,-0.0037061181923,3.53423401288e-08
90.9,-5.76849790225e-06,-0.00370421854218,3.50182149242e-08
90.95,-5.71443445263e-06,-0.003702320654,3.4697042217e-08
91.0,-5.66087522709e-06,-0.00370042451892,3.46897909816e-09
91.05,-5.60781527216e-06,-0.00369853054263,0.0
91.1,-5.55525021922e-06,-0.00369663834108,0.0
91.15,-5.50317551355e-06,-0.0036947478588,0.0
91.2,-5.45158661046e-06,-0.00369285908722,0.0
91.25,-5.40047900698e-06,-0.00369097201782,0.0
91.3,-5.34984824152e-06,-0.00368908664214,0.0
91.35,-5.29968989345e-06,-0.00368720720703,0.0
91.4,-4.3051481988e-06,-0.00368533130849,0.0
91.45,-2.84668356513e-06,-0.00368345455976,0.0
91.5,-2.81999258441e-06,-0.00368157572679,0.0
91.55,-2.79355064549e-06,-0.00367969866572,0.0
91.6,-2.7673554401e-06,-0.00367782336693,0.0
91.65,-2.74140468113e-06,-0.00367594982082,0.0
91.7,-2.7156961025e-06,-0.00367407801788,0.0
91.75,-2.69022745891e-06,-0.00367220794866,0.0
91.8,-2.66499652571e-06,-0.00367033960374,0.0
91.85,-2.64001429221e-06,-0.00366847535075,0.0
91.9,-2.61526511836e-06,-0.0036666164652,0.0
91.95,-2.59074684108e-06,-0.00366475929012,0.0
92.0,-2.56645732032e-06,-0.00366290381621,0.0
92.05,-2.54239443567e-06,-0.00366105003426,0.0
92.1,-2.5185560862e-06,-0.00365919793509,0.0
92.15,-2.49494019027e-06,-0.00365734750958,0.0
92.2,-2.47154468535e-06,-0.0036554987487,0.0
92.25,-2.44836752787e-06,-0.00365365164345,0.0
92.3,-2.42540669304e-06,-0.00365180618488,0.0
92.35,-2.40266017465e-06,-0.00364996236413,0.0
92.4,-1.433782139e-06,-0.00364812017235,0.0
92.45,0.0,-0.00364627706914,0.0
92.5,0.0,-0.00364443182081,0.0
92.55,0.0,-0.00364258828145,0.0
92.6,0.0,-0.00364074644112,0.0
92.65,0.0,-0.00363890628996,0.0
92.7,0.0,-0.00363706781818,0.0
92.75,0.0,-0.00363523101606,0.0
92.8,0.0,-0.00363339587395,0.0
92.85,0.0,-0.00363156475086,0.0
92.9,0.0,-0.0036297407405,0.0
92.95,0.0,-0.00362792661857,0.0
93.0,0.0,-0.00362611413716,0.0
93.05,0.0,-0.00362430328132,0.0
93.1,0.0,-0.00362249404158,0.0
93.15,0.0,-0.00362068640851,0.0
93.2,0.0,-0.00361888037275,0.0
93.25,0.0,-0.00361707592503,0.0
93.3,0.0,-0.00361527305612,0.0
93.35,0.0,-0.0036134722971,0.0
93.4,0.0,-0.00361167850148,0.0
93.45,0.0,-0.003609886271,0.0
93.5,0.0,-0.00360809559657,0.0
93.55,0.0,-0.00360630646919,0.0
93.6,0.0,-0.00360451887988,0.0
93.65,0.0,-0.00360273281977,0.0
93.7,0.0,-0.00360094828003,0.0
93.75,0.0,-0.00359916525189,0.0
93.8,0.0,-0.00359738372665,0.0
93.85,0.0,-0.00359560369566,0.0
93.9,0.0,-0.00359382515036,0.0
93.95,0.0,-0.00359204808221,0.0
94.0,0.0,-0.00359027248277,0.0
94.05,0.0,-0.00358849834363,0.0
94.1,0.0,-0.00358672565645,0.0
94.15,0.0,-0.00358495441296,0.0
94.2,0.0,-0.00358318460494,0.0
94.25,0.0,-0.00358141622421,0.0
94.3,0.0,-0.00357964926269,0.0
94.35,0.0,-0.00357788425078,0.0
94.4,0.0,-0.00357612602712,0.0
94.45,0.0,-0.00357436921227,0.0
94.5,0.0,-0.00357261379824,0.0
94.55,0.0,-0.0035708597771,0.0
94.6,0.0,-0.00356910714095,0.0
94.65,0.0,-0.00356735588198,0.0
94.7,0.0,-0.00356560599242,0.0
94.75,0.0,-0.00356385746454,0.0
94.8,0.0,-0.00356211029069,0.0
94.85,0.0,-0.00356036446327,0.0
94.9,0.0,-0.00355862458687,0.0
94.95,0.0,-0.00355688729399,0.0
95.0,0.0,-0.00355515133839,0.0
95.05,0.0,-0.00355341671257,0.0
95.1,0.0,-0.00355168340908,0.0
95.15,0.0,-0.00354995142051,0.0
95.2,0.0,-0.00354822073952,0.0
95.25,0.0,-0.00354649135881,0.0
95.3,0.0,-0.00354476327113,0.0
95.35,0.0,-0.0035430364693,0.0
95.4,0.0,-0.00354131094616,0.0
95.45,0.0,-0.00353958669464,0.0
95.5,0.0,-0.00353786370769,0.0
95.55,0.0,-0.00353614551568,0.0
95.6,0.0,-0.00353443390084,0.0
95.65,0.0,-0.00353272353173,0.0
95.7,0.0,-0.00353101440141,0.0
95.75,0.0,-0.00352930650297,0.0
95.8,0.0,-0.00352759982955,0.0
95.85,0.0,-0.00352589437435,0.0
95.9,0.0,-0.00352419472839,0.0
95.95,0.0,-0.00352249753526,0.0
96.0,0.0,-0.00352080155335,0.0
96.05,0.0,-0.00351910677592,0.0
96.1,0.0,-0.00351741319629,0.0
96.15,0.0,-0.00351572080783,0.0
96.2,0.0,-0.00351402960396,0.0
96.25,0.0,-0.00351233957815,0.0
96.3,0.0,-0.0035106507239,0.0
96.35,0.0,-0.00350896303476,0.0
96.4,0.0,-0.00350727930138,0.0
96.45,0.0,-0.00350559969808,0.0
96.5,0.0,-0.00350392125387,0.0
96.55,0.0,-0.00350224396235,0.0
96.6,0.0,-0.00350056781721,0.0
96.65,0.0,-0.00349889281216,0.0
96.7,0.0,-0.00349721894096,0.0
96.75,0.0,-0.00349554619743,0.0
96.8,0.0,-0.00349387457542,0.0
96.85,0.0,-0.00349220406881,0.0
96.9,0.0,-0.00349053467157,0.0
96.95,0.0,-0.00348886637766,0.0
97.0,0.0,-0.00348719918112,0.0
97.05,0.0,-0.00348553307602,0.0
97.1,0.0,-0.00348386805647,0.0
97.15,0.0,-0.00348220411663,0.0
97.2,0.0,-0.0034805412507,0.0
97.25,0.0,-0.00347887945292,0.0
97.3,0.0,-0.00347721871758,0.0
97.35,0.0,-0.00347555903899,0.0
97.4,0.0,-0.00347390320027,0.0
97.45,0.0,-0.00347225137601,0.0
97.5,0.0,-0.00347060060468,0.0
97.55,0.0,-0.00346895088067,0.0
97.6,0.0,-0.00346730219838,0.0
97.65,0.0,-0.00346565455226,0.0
97.7,0.0,-0.00346400793682,0.0
97.75,0.0,-0.00346236234657,0.0
97.8,0.0,-0.0034607177761,0.0
97.85,0.0,-0.00345907422001,0.0
97.9,0.0,-0.00345743270683,0.0
97.95,0.0,-0.00345579685146,0.0
98.0,0.0,-0.00345416200739,0.0
98.05,0.0,-0.00345252816928,0.0
98.1,0.0,-0.00345089533181,0.0
98.15,0.0,-0.00344926348971,0.0
98.2,0.0,-0.00344763263776,0.0
98.25,0.0,-0.00344600277074,0.0
98.3,0.0,-0.00344437388351,0.0
98.35,0.0,-0.00344274597095,0.0
98.4,0.0,-0.00344111902796,0.0
98.45,0.0,-0.00343949304952,0.0
98.5,0.0,-0.00343787578697,0.0
98.55,0.0,-0.00343625958257,0.0
98.6,0.0,-0.00343464433143,0.0
98.65,0.0,-0.00343303002856,0.0
98.7,0.0,-0.00343141666897,0.0
98.75,0.0,-0.00342980424772,0.0
98.8,0.0,-0.00342819275992,0.0
98.85,0.0,-0.00342658220069,0.0
98.9,0.0,-0.00342497359615,0.0
98.95,0.0,-0.00342337055147,0.0
99.0,0.0,-0.00342176843359,0.0
99.05,0.0,-0.00342016723766,0.0
99.1,0.0,-0.00341856695887,0.0
99.15,0.0,-0.00341696759247,0.0
99.2,0.0,-0.00341536913371,0.0
99.25,0.0,-0.00341377157789,0.0
99.3,0.0,-0.00341217492036,0.0
99.35,0.0,-0.00341057915648,0.0
99.4,0.0,-0.00340898428165,0.0
99.45,0.0,-0.00340739521716,0.0
99.5,0.0,-0.00340580772294,0.0
99.55,0.0,-0.00340422111656,0.0
99.6,0.0,-0.00340263539344,0.0
99.65,0.0,-0.00340105054905,0.0
99.7,0.0,-0.00339946657888,0.0
99.75,0.0,-0.00339788347845,0.0
99.8,0.0,-0.00339630124332,0.0
99.85,0.0,-0.00339471986909,0.0
99.9,0.0,-0.00339313935136,0.0
99.95,0.0,-0.0033915596858,0.0
100.0,0.0,-0.0033899808681,0.0
