"time","AMPA","NMDA","GABAa"
0.0,0.0,0.0,0.0
0.05,0.0,0.0,0.0
0.1,0.0,0.0,0.0
0.15,0.0,0.0,0.0
0.2,0.0,0.0,0.0
0.25,0.0,0.0,0.0
0.3,0.0,0.0,0.0
0.35,0.0,0.0,0.0
0.4,0.0,0.0,0.0
0.45,0.0,0.0,0.0
0.5,0.0,0.0,0.0
0.55,0.0,0.0,0.0
0.6,0.0,0.0,0.0
0.65,0.0,0.0,0.0
0.7,0.0,0.0,0.0
0.75,0.0,0.0,0.0
0.8,0.0,0.0,0.0
0.85,0.0,0.0,0.0
0.9,0.0,0.0,0.0
0.95,0.0,0.0,0.0
1.0,0.0,0.0,0.0
1.05,0.0,0.0,0.0
1.1,0.0,0.0,0.0
1.15,0.0,0.0,0.0
1.2,0.0,0.0,0.0
1.25,0.0,0.0,0.0
1.3,0.0,0.0,0.0
1.35,0.0,0.0,0.0
1.4,0.0,0.0,0.0
1.45,0.0,0.0,0.0
1.5,0.0,0.0,0.0
1.55,0.0,0.0,0.0
1.6,0.0,0.0,0.0
1.65,0.0,0.0,0.0
1.7,0.0,0.0,0.0
1.75,0.0,0.0,0.0
1.8,0.0,0.0,0.0
1.85,0.0,0.0,0.0
1.9,0.0,0.0,0.0
1.95,0.0,0.0,0.0
2.0,0.0,0.0,0.0
2.05,0.0,0.0,0.0
2.1,0.0,0.0,0.0
2.15,0.0,0.0,0.0
2.2,0.0,0.0,0.0
2.25,0.0,0.0,0.0
2.3,0.0,0.0,0.0
2.35,0.0,0.0,0.0
2.4,0.0,0.0,0.0
2.45,0.0,0.0,0.0
2.5,0.0,0.0,0.0
2.55,0.0,0.0,0.0
2.6,0.0,0.0,0.0
2.65,0.0,0.0,0.0
2.7,0.0,0.0,0.0
2.75,0.0,0.0,0.0
2.8,0.0,0.0,0.0
2.85,0.0,0.0,0.0
2.9,0.0,0.0,0.0
2.95,0.0,0.0,0.0
3.0,0.0,0.0,0.0
3.05,0.0,0.0,0.0
3.1,0.0,0.0,0.0
3.15,0.0,0.0,0.0
3.2,0.0,0.0,0.0
3.25,0.0,0.0,0.0
3.3,0.0,0.0,0.0
3.35,0.0,0.0,0.0
3.4,0.0,0.0,0.0
3.45,0.0,0.0,0.0
3.5,0.0,0.0,0.0
3.55,0.0,0.0,0.0
3.6,0.0,0.0,0.0
3.65,0.0,0.0,0.0
3.7,0.0,0.0,0.0
3.75,0.0,0.0,0.0
3.8,0.0,0.0,0.0
3.85,0.0,0.0,0.0
3.9,0.0,0.0,0.0
3.95,0.0,0.0,0.0
4.0,0.0,0.0,0.0
4.05,0.0,0.0,0.0
4.1,0.0,0.0,0.0
4.15,0.0,0.0,0.0
4.2,0.0,0.0,0.0
4.25,0.0,0.0,0.0
4.3,0.0,0.0,0.0
4.35,0.0,0.0,0.0
4.4,0.0,0.0,0.0
4.45,0.0,0.0,0.0
4.5,0.0,0.0,0.0
4.55,0.0,0.0,0.0
4.6,0.0,0.0,0.0
4.65,0.0,0.0,0.0
4.7,0.0,0.0,0.0
4.75,0.0,0.0,0.0
4.8,0.0,0.0,0.0
4.85,0.0,0.0,0.0
4.9,0.0,0.0,0.0
4.95,0.0,0.0,0.0
5.0,0.0,0.0,0.0
5.05,0.0,0.0,0.0
5.1,0.0,0.0,0.0
5.15,0.0,0.0,0.0
5.2,0.0,0.0,0.0
5.25,0.0,0.0,0.0
5.3,0.0,0.0,0.0
5.35,0.0,0.0,0.0
5.4,0.0,0.0,0.0
5.45,0.0,0.0,0.0
5.5,0.0,0.0,0.0
5.55,0.0,0.0,0.0
5.6,0.0,0.0,0.0
5.65,0.0,0.0,0.0
5.7,0.0,0.0,0.0
5.75,0.0,0.0,0.0
5.8,0.0,0.0,0.0
5.85,0.0,0.0,0.0
5.9,0.0,0.0,0.0
5.95,0.0,0.0,0.0
6.0,0.0,0.0,0.0
6.05,0.0,0.0,0.0
6.1,0.0,0.0,0.0
6.15,0.0,0.0,0.0
6.2,0.0,0.0,0.0
6.25,0.0,0.0,0.0
6.3,0.0,0.0,0.0
6.35,0.0,0.0,0.0
6.4,0.0,0.0,0.0
6.45,0.0,0.0,0.0
6.5,0.0,0.0,0.0
6.55,0.0,0.0,0.0
6.6,0.0,0.0,0.0
6.65,0.0,0.0,0.0
6.7,0.0,0.0,0.0
6.75,0.0,0.0,0.0
6.8,0.0,0.0,0.0
6.85,0.0,0.0,0.0
6.9,0.0,0.0,0.0
6.95,0.0,0.0,0.0
7.0,0.0,0.0,0.0
7.05,0.0,0.0,0.0
7.1,0.0,0.0,0.0
7.15,0.0,0.0,0.0
7.2,0.0,0.0,0.0
7.25,0.0,0.0,0.0
7.3,0.0,0.0,0.0
7.35,0.0,0.0,0.0
7.4,0.0,0.0,0.0
7.45,0.0,0.0,0.0
7.5,0.0,0.0,0.0
7.55,0.0,0.0,0.0
7.6,0.0,0.0,0.0
7.65,0.0,0.0,0.0
7.7,0.0,0.0,0.0
7.75,0.0,0.0,0.0
7.8,0.0,0.0,0.0
7.85,0.0,0.0,0.0
7.9,0.0,0.0,0.0
7.95,0.0,0.0,0.0
8.0,0.0,0.0,0.0
8.05,0.0,0.0,0.0
8.1,0.0,0.0,0.0
8.15,0.0,0.0,0.0
8.2,0.0,0.0,0.0
8.25,0.0,0.0,0.0
8.3,0.0,0.0,0.0
8.35,0.0,0.0,0.0
8.4,0.0,0.0,0.0
8.45,0.0,0.0,0.0
8.5,0.0,0.0,0.0
8.55,0.0,0.0,0.0
8.6,0.0,0.0,0.0
8.65,0.0,0.0,0.0
8.7,0.0,0.0,0.0
8.75,0.0,0.0,0.0
8.8,0.0,0.0,0.0
8.85,0.0,0.0,0.0
8.9,0.0,0.0,0.0
8.95,0.0,0.0,0.0
9.0,0.0,0.0,0.0
9.05,0.0,0.0,0.0
9.1,0.0,0.0,0.0
9.15,0.0,0.0,0.0
9.2,0.0,0.0,0.0
9.25,0.0,0.0,0.0
9.3,0.0,0.0,0.0
9.35,0.0,0.0,0.0
9.4,0.0,0.0,0.0
9.45,0.0,0.0,0.0
9.5,0.0,0.0,0.0
9.55,0.0,0.0,0.0
9.6,0.0,0.0,0.0
9.65,0.0,0.0,0.0
9.7,0.0,0.0,0.0
9.75,0.0,0.0,0.0
9.8,0.0,0.0,0.0
9.85,0.0,0.0,0.0
9.9,0.0,0.0,0.0
9.95,0.0,0.0,0.0
10.0,0.0,0.0,0.0
10.05,0.0,0.0,0.0
10.1,0.0,0.0,0.0
10.15,0.0,0.0,0.0
10.2,0.0,0.0,0.0
10.25,0.0,0.0,0.0
10.3,0.0,0.0,0.0
10.35,0.0,0.0,0.0
10.4,0.0,0.0,0.0
10.45,0.0,0.0,0.0
10.5,0.0,0.0,0.0
10.55,0.0,0.0,0.0
10.6,0.0,0.0,0.0
10.65,0.0,0.0,0.0
10.7,0.0,0.0,0.0
10.75,0.0,0.0,0.0
10.8,0.0,0.0,0.0
10.85,0.0,0.0,0.0
10.9,0.0,0.0,0.0
10.95,0.0,0.0,0.0
11.0,0.0,0.0,0.0
11.05,0.0,0.0,0.0
11.1,0.0,0.0,0.0
11.15,0.0,0.0,0.0
11.2,0.0,0.0,0.0
11.25,0.0,0.0,0.0
11.3,0.0,0.0,0.0
11.35,0.0,0.0,0.0
11.4,0.0,0.0,0.0
11.45,0.0,0.0,0.0
11.5,0.0,0.0,0.0
11.55,0.0,0.0,0.0
11.6,0.0,0.0,0.0
11.65,0.0,0.0,0.0
11.7,0.0,0.0,0.0
11.75,0.0,0.0,0.0
11.8,0.0,0.0,0.0
11.85,0.0,0.0,0.0
11.9,0.0,0.0,0.0
11.95,0.0,0.0,0.0
12.0,0.0,0.0,0.0
12.05,0.0,0.0,0.0
12.1,0.0,0.0,0.0
12.15,0.0,0.0,0.0
12.2,0.0,0.0,0.0
12.25,0.0,0.0,0.0
12.3,0.0,0.0,0.0
12.35,0.0,0.0,0.0
12.4,0.0,0.0,0.0
12.45,0.0,0.0,0.0
12.5,0.0,0.0,0.0
12.55,0.0,0.0,0.0
12.6,0.0,0.0,0.0
12.65,0.0,0.0,0.0
12.7,0.0,0.0,0.0
12.75,0.0,0.0,0.0
12.8,0.0,0.0,0.0
12.85,0.0,0.0,0.0
12.9,0.0,0.0,0.0
12.95,0.0,0.0,0.0
13.0,0.0,0.0,0.0
13.05,0.0,0.0,0.0
13.1,0.0,0.0,0.0
13.15,0.0,0.0,0.0
13.2,0.0,0.0,0.0
13.25,0.0,0.0,0.0
13.3,0.0,0.0,0.0
13.35,0.0,0.0,0.0
13.4,0.0,0.0,0.0
13.45,0.0,0.0,0.0
13.5,0.0,0.0,0.0
13.55,0.0,0.0,0.0
13.6,0.0,0.0,0.0
13.65,0.0,0.0,0.0
13.7,0.0,0.0,0.0
13.75,0.0,0.0,0.0
13.8,0.0,0.0,0.0
13.85,0.0,0.0,0.0
13.9,0.0,0.0,0.0
13.95,0.0,0.0,0.0
14.0,0.0,0.0,0.0
14.05,0.0,0.0,0.0
14.1,0.0,0.0,0.0
14.15,0.0,0.0,0.0
14.2,0.0,0.0,0.0
14.25,0.0,0.0,0.0
14.3,0.0,0.0,0.0
14.35,0.0,0.0,0.0
14.4,0.0,0.0,0.0
14.45,0.0,0.0,0.0
14.5,0.0,0.0,0.0
14.55,0.0,0.0,0.0
14.6,0.0,0.0,0.0
14.65,0.0,0.0,0.0
14.7,0.0,0.0,0.0
14.75,0.0,0.0,0.0
14.8,0.0,0.0,0.0
14.85,0.0,0.0,0.0
14.9,0.0,0.0,0.0
14.95,0.0,0.0,0.0
15.0,0.0,0.0,0.0
15.05,0.0,0.0,0.0
15.1,0.0,0.0,0.0
15.15,0.0,0.0,0.0
15.2,0.0,0.0,0.0
15.25,0.0,0.0,0.0
15.3,0.0,0.0,0.0
15.35,0.0,0.0,0.0
15.4,0.0,0.0,0.0
15.45,0.0,0.0,0.0
15.5,0.0,0.0,0.0
15.55,0.0,0.0,0.0
15.6,0.0,0.0,0.0
15.65,0.0,0.0,0.0
15.7,0.0,0.0,0.0
15.75,0.0,0.0,0.0
15.8,0.0,0.0,0.0
15.85,0.0,0.0,0.0
15.9,0.0,0.0,0.0
15.95,0.0,0.0,0.0
16.0,0.0,0.0,0.0
16.05,0.0,0.0,0.0
16.1,0.0,0.0,0.0
16.15,0.0,0.0,0.0
16.2,0.0,0.0,0.0
16.25,0.0,0.0,0.0
16.3,0.0,0.0,0.0
16.35,0.0,0.0,0.0
16.4,0.0,0.0,0.0
16.45,0.0,0.0,0.0
16.5,0.0,0.0,0.0
16.55,0.0,0.0,0.0
16.6,0.0,0.0,0.0
16.65,0.0,0.0,0.0
16.7,0.0,0.0,0.0
16.75,0.0,0.0,0.0
16.8,0.0,0.0,0.0
16.85,0.0,0.0,0.0
16.9,0.0,0.0,0.0
16.95,0.0,0.0,0.0
17.0,0.0,0.0,0.0
17.05,0.0,0.0,0.0
17.1,0.0,0.0,0.0
17.15,0.0,0.0,0.0
17.2,0.0,0.0,0.0
17.25,0.0,0.0,0.0
17.3,0.0,0.0,0.0
17.35,0.0,0.0,0.0
17.4,0.0,0.0,0.0
17.45,0.0,0.0,0.0
17.5,0.0,0.0,0.0
17.55,0.0,0.0,0.0
17.6,0.0,0.0,0.0
17.65,0.0,0.0,0.0
17.7,0.0,0.0,0.0
17.75,0.0,0.0,0.0
17.8,0.0,0.0,0.0
17.85,0.0,0.0,0.0
17.9,0.0,0.0,0.0
17.95,0.0,0.0,0.0
18.0,0.0,0.0,0.0
18.05,0.0,0.0,0.0
18.1,0.0,0.0,0.0
18.15,0.0,0.0,0.0
18.2,0.0,0.0,0.0
18.25,0.0,0.0,0.0
18.3,0.0,0.0,0.0
18.35,0.0,0.0,0.0
18.4,0.0,0.0,0.0
18.45,0.0,0.0,0.0
18.5,0.0,0.0,0.0
18.55,0.0,0.0,0.0
18.6,0.0,0.0,0.0
18.65,0.0,0.0,0.0
18.7,0.0,0.0,0.0
18.75,0.0,0.0,0.0
18.8,0.0,0.0,0.0
18.85,0.0,0.0,0.0
18.9,0.0,0.0,0.0
18.95,0.0,0.0,0.0
19.0,0.0,0.0,0.0
19.05,0.0,0.0,0.0
19.1,0.0,0.0,0.0
19.15,0.0,0.0,0.0
19.2,0.0,0.0,0.0
19.25,0.0,0.0,0.0
19.3,0.0,0.0,0.0
19.35,0.0,0.0,0.0
19.4,0.0,0.0,0.0
19.45,0.0,0.0,0.0
19.5,0.0,0.0,0.0
19.55,0.0,0.0,0.0
19.6,0.0,0.0,0.0
19.65,0.0,0.0,0.0
19.7,0.0,0.0,0.0
19.75,0.0,0.0,0.0
19.8,0.0,0.0,0.0
19.85,0.0,0.0,0.0
19.9,0.0,0.0,0.0
19.95,0.0,0.0,0.0
20.0,0.0,0.0,0.0
20.05,0.0,0.0,0.0
20.1,0.0,0.0,0.0
20.15,0.0,0.0,0.0
20.2,0.0,0.0,0.0
20.25,0.0,0.0,0.0
20.3,0.0,0.0,0.0
20.35,0.0,0.0,0.0
20.4,0.0,0.0,0.0
20.45,0.0,0.0,0.0
20.5,0.0,0.0,0.0
20.55,0.0,0.0,0.0
20.6,0.0,0.0,0.0
20.65,0.0,0.0,0.0
20.7,0.0,0.0,0.0
20.75,0.0,0.0,0.0
20.8,0.0,0.0,0.0
20.85,0.0,0.0,0.0
20.9,0.0,0.0,0.0
20.95,0.0,0.0,0.0
21.0,0.0,0.0,0.0
21.05,0.0,0.0,0.0
21.1,0.0,0.0,0.0
21.15,0.0,0.0,0.0
21.2,0.0,0.0,0.0
21.25,0.0,0.0,0.0
21.3,0.0,0.0,0.0
21.35,0.0,0.0,0.0
21.4,0.0,0.0,0.0
21.45,0.0,0.0,0.0
21.5,0.0,0.0,0.0
21.55,0.0,0.0,0.0
21.6,0.0,0.0,0.0
21.65,0.0,0.0,0.0
21.7,0.0,0.0,0.0
21.75,0.0,0.0,0.0
21.8,0.0,0.0,0.0
21.85,0.0,0.0,0.0
21.9,0.0,0.0,0.0
21.95,0.0,0.0,0.0
22.0,0.0,0.0,0.0
22.05,0.0,0.0,0.0
22.1,0.0,0.0,0.0
22.15,0.0,0.0,0.0
22.2,0.0,0.0,0.0
22.25,0.0,0.0,0.0
22.3,0.0,0.0,0.0
22.35,0.0,0.0,0.0
22.4,0.0,0.0,0.0
22.45,0.0,0.0,0.0
22.5,0.0,0.0,0.0
22.55,0.0,0.0,0.0
22.6,0.0,0.0,0.0
22.65,0.0,0.0,0.0
22.7,0.0,0.0,0.0
22.75,0.0,0.0,0.0
22.8,0.0,0.0,0.0
22.85,0.0,0.0,0.0
22.9,0.0,0.0,0.0
22.95,0.0,0.0,0.0
23.0,0.0,0.0,0.0
23.05,0.0,0.0,0.0
23.1,0.0,0.0,0.0
23.15,0.0,0.0,0.0
23.2,0.0,0.0,0.0
23.25,0.0,0.0,0.0
23.3,0.0,0.0,0.0
23.35,0.0,0.0,0.0
23.4,0.0,0.0,0.0
23.45,0.0,0.0,0.0
23.5,0.0,0.0,0.0
23.55,0.0,0.0,0.0
23.6,0.0,0.0,0.0
23.65,0.0,0.0,0.0
23.7,0.0,0.0,0.0
23.75,0.0,0.0,0.0
23.8,0.0,0.0,0.0
23.85,0.0,0.0,0.0
23.9,0.0,0.0,0.0
23.95,0.0,0.0,0.0
24.0,0.0,0.0,0.0
24.05,0.0,0.0,0.0
24.1,0.0,0.0,0.0
24.15,0.0,0.0,0.0
24.2,0.0,0.0,0.0
24.25,0.0,0.0,0.0
24.3,0.0,0.0,0.0
24.35,0.0,0.0,0.0
24.4,0.0,0.0,0.0
24.45,0.0,0.0,0.0
24.5,0.0,0.0,0.0
24.55,0.0,0.0,0.0
24.6,0.0,0.0,0.0
24.65,0.0,0.0,0.0
24.7,0.0,0.0,0.0
24.75,0.0,0.0,0.0
24.8,0.0,0.0,0.0
24.85,0.0,0.0,0.0
24.9,0.0,0.0,0.0
24.95,0.0,0.0,0.0
25.0,0.0,0.0,0.0
25.05,0.0,0.0,0.0
25.1,0.0,0.0,0.0
25.15,0.0,0.0,0.0
25.2,0.0,0.0,0.0
25.25,0.0,0.0,0.0
25.3,0.0,0.0,0.0
25.35,0.0,0.0,0.0
25.4,0.0,0.0,0.0
25.45,0.0,0.0,0.0
25.5,0.0,0.0,0.0
25.55,0.0,0.0,0.0
25.6,0.0,0.0,0.0
25.65,0.0,0.0,0.0
25.7,0.0,0.0,0.0
25.75,0.0,0.0,0.0
25.8,0.0,0.0,0.0
25.85,0.0,0.0,0.0
25.9,0.0,0.0,0.0
25.95,0.0,0.0,0.0
26.0,0.0,0.0,0.0
26.05,0.0,0.0,0.0
26.1,0.0,0.0,0.0
26.15,0.0,0.0,0.0
26.2,0.0,0.0,0.0
26.25,0.0,0.0,0.0
26.3,0.0,0.0,0.0
26.35,0.0,0.0,0.0
26.4,0.0,0.0,0.0
26.45,0.0,0.0,5.70432590052e-18
26.5,0.0,0.0,7.70856400236e-06
26.55,0.0,0.0,1.36582583061e-05
26.6,0.0,0.0,1.82504010673e-05
26.65,0.0,0.0,2.17947434661e-05
26.7,0.0,0.0,2.45303618898e-05
26.75,0.0,0.0,2.66417833522e-05
26.8,0.0,0.0,4.36885597263e-05
26.85,0.0,0.0,5.68457508081e-05
26.9,0.0,0.0,6.70008380737e-05
26.95,0.0,0.0,7.48388099023e-05
27.0,0.0,0.0,8.85969075325e-05
27.05,0.0,0.0,9.92157910661e-05
27.1,0.0,0.0,0.0001074117333
27.15,0.0,0.0,0.000113737577356
27.2,0.0,0.0,0.00011862002547
27.25,0.0,0.0,0.00013009698392
27.3,0.0,0.0,0.000146663740442
27.35,0.0,0.0,0.000159450432984
27.4,0.0,0.0,0.000169319554941
27.45,0.0,0.0,0.000176880596212
27.5,0.0,0.0,0.000182416052521
27.55,0.0,0.0,0.000194331154061
27.6,0.0,0.0,0.000203462271264
27.65,0.0,0.0,0.000210445202749
27.7,0.0,0.0,0.00021577067384
27.75,0.0,0.0,0.000219704994532
27.8,0.0,0.0,0.00022207791201
27.85,0.0,0.0,0.000223715199582
27.9,0.0,0.0,0.000224786425761
27.95,0.0,0.0,0.000225366242359
28.0,0.0,0.0,0.000225324647358
28.05,0.0,0.0,0.000225039306183
28.1,0.0,0.0,0.000224568101038
28.15,0.0,0.0,0.000223955662458
28.2,0.0,0.0,0.00022318020685
28.25,0.0,0.0,0.000221980781074
28.3,0.0,0.0,0.000220447235224
28.35,0.0,0.0,0.000218892515676
28.4,0.0,0.0,0.000217324738798
28.45,0.0,0.0,0.000215750140416
28.5,0.0,0.0,0.000214117874397
28.55,0.0,0.0,0.000212199718133
28.6,0.0,0.0,0.000210298534903
28.65,0.0,0.0,0.000208414176846
28.7,0.0,0.0,0.000206546497365
28.75,0.0,0.0,0.000204695654575
28.8,0.0,0.0,0.000202862053017
28.85,0.0,0.0,0.00020104467468
28.9,0.0,0.0,0.000199243378256
28.95,0.0,0.0,0.000197458023638
29.0,0.0,0.0,0.000195689002735
29.05,0.0,0.0,0.000193935939907
29.1,0.0,0.0,0.000192198389264
29.15,0.0,0.0,0.000190476215672
29.2,0.0,0.0,0.000188769285151
29.25,0.0,0.0,0.000187077742206
29.3,0.0,0.0,0.00018540195656
29.35,0.0,0.0,0.000183740997823
29.4,0.0,0.0,0.000182094736847
29.45,0.0,0.0,0.000180463045585
29.5,0.0,0.0,0.000178846282214
29.55,0.0,0.0,0.000177244103426
29.6,0.0,0.0,0.000175656101708
29.65,0.0,0.0,0.000174082153555
29.7,0.0,0.0,0.000172522136521
29.75,0.0,0.0,0.000170976182672
29.8,0.0,0.0,0.000169444629911
29.85,0.0,0.0,0.000167926627923
29.9,0.0,0.0,0.000166422058678
29.95,0.0,0.0,0.000164930805149
30.0,0.0,0.0,0.000163453194686
30.05,0.0,0.0,0.000161988913527
30.1,0.0,0.0,0.000160537589234
30.15,0.0,0.0,0.000159099108934
30.2,0.0,0.0,0.000157673360716
30.25,0.0,0.0,0.000156260465282
30.3,0.0,0.0,0.000154860731452
30.35,0.0,0.0,0.000153473382097
30.4,0.0,0.0,0.000152098309343
30.45,0.0,0.0,0.000150735406238
30.5,0.0,0.0,0.000149384971955
30.55,0.0,0.0,0.00014804671974
30.6,0.0,0.0,0.000146720309209
30.65,0.0,0.0,0.000145405637203
30.7,0.0,0.0,0.000144102601445
30.75,0.0,0.0,0.000142811312247
30.8,0.0,0.0,0.000141532051848
30.85,0.0,0.0,0.000140264110007
30.9,0.0,0.0,0.000139007388135
30.95,0.0,0.0,0.000137761788485
31.0,0.0,0.0,0.000136527584481
31.05,0.0,0.0,0.000135304514048
31.1,0.0,0.0,0.000134092266099
31.15,0.0,0.0,0.000132890746354
31.2,0.0,0.0,0.000131699861339
31.25,0.0,0.0,0.000130519711872
31.3,0.0,0.0,0.000129350555899
31.35,0.0,0.0,0.00012819174431
31.4,0.0,0.0,0.000127043187
31.45,0.0,0.0,0.000125904794635
31.5,0.0,0.0,0.000124776817107
31.55,0.0,0.0,0.000123659014896
31.6,0.0,0.0,0.000122551103691
31.65,0.0,0.0,0.000121452997327
31.7,0.0,0.0,0.000120364610374
31.75,0.0,0.0,0.000119286034972
31.8,2.15993889441e-16,4.26934183614e-17,0.000118217506868
31.85,7.98808329398e-05,9.89192576219e-07,0.000117158432819
31.9,0.000154795669012,1.99205363802e-06,0.000116108730476
31.95,0.000225014975925,3.02215573309e-06,0.000115068318192
32.0,0.000290858642113,4.09513820382e-06,0.000114037424353
32.05,0.000352584904326,5.23206642103e-06,0.000113015830053
32.1,0.000410455746042,6.438305861e-06,0.000112003275453
32.15,0.000464716135727,7.73652460762e-06,0.000110999681802
32.2,0.000515579515886,9.13814632162e-06,0.000110004971023
32.25,0.000563276984045,1.06534612407e-05,0.000109019227328
32.3,0.000607981383207,1.23034897197e-05,0.000108042666172
32.35,0.000649906537145,1.40918072507e-05,0.000107074745371
32.4,0.000689200848768,1.60398384953e-05,0.000106115389664
32.45,0.000726049451571,1.81595753887e-05,0.000105164524433
32.5,0.000760591125661,2.04583421029e-05,0.000104222358404
32.55,0.000792977848746,2.2958766776e-05,0.000103288691515
32.6,0.000823341679847,2.56631628354e-05,0.000102363286289
32.65,0.000851806773347,2.85914407584e-05,0.000101446070754
32.7,0.000878498043473,3.17568890894e-05,0.000100536973553
32.75,0.000903516346367,3.51605874522e-05,9.96360716495e-05
32.8,0.000903516346367,3.69549206477e-05,9.87435619545e-05
32.85,0.000894975715403,3.87596264209e-05,9.78589489494e-05
32.9,0.000886515592469,4.05618148123e-05,9.6982163851e-05
32.95,0.000878135221,4.23592764009e-05,9.61131384633e-05
33.0,0.000869833851517,4.41466692859e-05,9.5252063548e-05
33.05,0.000861610741559,4.59226463433e-05,9.43987562615e-05
33.1,0.00085346515562,4.76834615652e-05,9.35529995663e-05
33.15,0.000845396365081,4.94261970873e-05,9.27147276853e-05
33.2,0.00083740364815,5.11482843036e-05,9.18838754031e-05
33.25,0.000829486289792,5.28489433188e-05,9.10605130584e-05
33.3,0.000821643581674,5.45243602375e-05,9.0244820615e-05
33.35,0.000813874822093,5.61732663507e-05,8.94363452027e-05
33.4,0.000806179315925,5.77941843422e-05,8.86350239585e-05
33.45,0.000798556374553,5.93861945818e-05,8.78407945559e-05
33.5,0.000791005315814,6.09470537862e-05,8.70538313379e-05
33.55,0.000783525463936,6.24760850975e-05,8.62739671982e-05
33.6,0.000776116149476,6.39725945173e-05,8.55010037793e-05
33.65,0.000768776709266,6.54358738669e-05,8.47348809655e-05
33.7,0.000761506486349,6.68652022604e-05,8.39755391545e-05
33.75,0.000754304829926,6.82598488603e-05,8.32230426309e-05
33.8,0.000747171095295,6.96190744661e-05,8.24775558693e-05
33.85,0.00074010834251,7.09444779906e-05,8.17386649774e-05
33.9,0.000733112166575,7.22340764697e-05,8.1006312503e-05
33.95,0.000726181941843,7.34883122335e-05,8.02804414836e-05
34.0,0.000719317048525,7.47075821211e-05,7.95612112571e-05
34.05,0.000712516872636,7.58919172681e-05,7.88484690995e-05
34.1,0.000705780805942,7.70403313909e-05,7.81420337259e-05
34.15,0.000699108245907,7.81555927506e-05,7.74418501946e-05
34.2,0.000692498595635,7.9236190353e-05,7.67478640332e-05
34.25,0.000685951263825,8.02824803989e-05,7.60601339935e-05
34.3,0.000679465664711,8.12950883092e-05,7.53788103939e-05
34.35,0.000673041218017,8.22748006307e-05,7.47035149653e-05
34.4,0.0006666773489,8.32220937763e-05,7.40341952003e-05
34.45,0.000660373487905,8.41374406713e-05,7.33707990392e-05
34.5,0.00065412907091,8.50213733235e-05,7.27134721058e-05
34.55,0.000647943539079,8.58744001778e-05,7.2062074821e-05
34.6,0.00064181633881,8.66970110564e-05,7.14164415026e-05
34.65,0.00063574692169,8.74896785733e-05,7.0776521938e-05
34.7,0.000629734744443,8.82528574769e-05,7.01422663429e-05
34.75,0.000623779268885,8.89869855546e-05,6.95137284126e-05
34.8,0.000617879961873,8.96940915213e-05,6.88910455276e-05
34.85,0.000612039353946,9.03738649917e-05,6.82738719762e-05
34.9,0.000606253802355,9.10260934673e-05,6.766215977e-05
34.95,0.000600522789712,9.16524619821e-05,6.70558613302e-05
35.0,0.000594845803479,9.22539655126e-05,6.64551097468e-05
35.05,0.000589222335915,9.28292474902e-05,6.58597774542e-05
35.1,0.000583651884036,9.33818458664e-05,6.52697130303e-05
35.15,0.000578133949568,9.39096117676e-05,6.46848705841e-05
35.2,0.000572668038903,9.44150303476e-05,6.41052046164e-05
35.25,0.00056725366306,9.48973687777e-05,6.35307642008e-05
35.3,0.000561890337634,9.53584391342e-05,6.29616748936e-05
35.35,0.000556577582759,9.57972723331e-05,6.23976207383e-05
35.4,0.000551314923066,9.62166094437e-05,6.18385578766e-05
35.45,0.000546101887637,9.66142306175e-05,6.12844428249e-05
35.5,0.000540938009967,9.69937423973e-05,6.07353972183e-05
35.55,0.000535822827921,9.73533803253e-05,6.01913044704e-05
35.6,0.000530755883693,9.76937521073e-05,5.96520261921e-05
35.65,0.000525736723768,9.80175621118e-05,5.91175204421e-05
35.7,0.000520764898879,9.83228476618e-05,5.85877456371e-05
35.75,0.000515839963969,9.86102339824e-05,5.80627466272e-05
35.8,0.000510961478151,9.88827880934e-05,5.75426381622e-05
35.85,0.000506131534079,9.91386166543e-05,5.70271314794e-05
35.9,0.000501347119345,9.93783595814e-05,5.65161864956e-05
35.95,0.000496607806093,9.96027425545e-05,5.60097634697e-05
36.0,0.000491913170475,9.98134666765e-05,5.55079735676e-05
36.05,0.000487262792608,0.000100009344086,5.50107102377e-05
36.1,0.000482656256547,0.000100190854667,5.45178470016e-05
36.15,0.000478093150238,0.000100358461662,5.40293455279e-05
36.2,0.000473573065489,0.000100512934545,5.35451678125e-05
36.25,0.00046909559793,0.000100655455339,5.30653548451e-05
36.3,0.000464660346981,0.000100785263197,5.25900114992e-05
36.35,0.000460266915811,0.000100902754863,5.21188738656e-05
36.4,0.000455914911309,0.000101008316335,5.1651905311e-05
36.45,0.000451603944045,0.000101102319462,5.11890695146e-05
36.5,0.00044733362824,0.00010118512254,5.07304680746e-05
36.55,0.000443103581725,0.000101257068496,5.02760036101e-05
36.6,0.000438913425914,0.000101318678795,4.98255605286e-05
36.65,0.000434762785769,0.000101370570072,4.93791037978e-05
36.7,0.000430651289765,0.000101412490281,4.89365986844e-05
36.75,0.000426578569857,0.000101444740192,4.84980826504e-05
36.8,0.000422544261451,0.000101467608757,4.80636515429e-05
36.85,0.000418550095083,0.000101481372557,4.7633064167e-05
36.9,0.000414593579619,0.0001014863102,4.72062870424e-05
36.95,0.000410674361237,0.000101482682642,4.67832869744e-05
37.0,0.000406792089431,0.000101470741932,4.63641568168e-05
37.05,0.000402946416978,0.000101450729371,4.59488075701e-05
37.1,0.000399136999906,0.000101422879099,4.55371335907e-05
37.15,0.000395363497465,0.000101387418699,4.51291028615e-05
37.2,0.000391625572095,0.000101344568204,4.47246836388e-05
37.25,0.000387922889401,0.000101294540403,4.43239101601e-05
37.3,0.000384255118117,0.000101237539981,4.39268700231e-05
37.35,0.000380621930082,0.000101173793243,4.35333427922e-05
37.4,0.000377023000208,0.000101103766267,4.31432978689e-05
37.45,0.000373458006453,0.000101027343271,4.27567049154e-05
37.5,0.000369926629793,0.000100944704988,4.23736487937e-05
37.55,0.00036642855419,0.000100856024454,4.19940481644e-05
37.6,0.00036296346657,0.000100761470168,4.16178064764e-05
37.65,0.000359531056791,0.000100661206556,4.12448944685e-05
37.7,0.000356131017616,0.000100555440904,4.08752831289e-05
37.75,0.000352763044688,0.000100444849542,4.05090037484e-05
37.8,0.000349426836502,0.000100329055204,4.01461363854e-05
37.85,0.000426004657082,0.000105839820156,3.97864795769e-05
37.9,0.000497647616551,0.000111696304896,3.94300053578e-05
37.95,0.000564625890026,0.000117900993781,3.90766860016e-05
38.0,0.000627259076084,0.000124467550064,3.87265990663e-05
38.05,0.000685805124336,0.00013144863736,3.83796702132e-05
38.1,0.00074052573381,0.000138810406082,3.80358112014e-05
38.15,0.000791665591183,0.000146613843122,3.76949952879e-05
38.2,0.000839437859817,0.000154857373964,3.73571959583e-05
38.25,0.000884073360701,0.000163536807053,3.702244181e-05
38.3,0.000925744662898,0.000172701374556,3.66908060108e-05
38.35,0.000964665318805,0.000182308882825,3.63621044375e-05
38.4,0.0010009834625,0.000192406029619,3.60363115319e-05
38.45,0.00103488396115,0.000202994071744,3.57134019539e-05
38.5,0.00106650533106,0.000214050582047,3.53934465862e-05
38.55,0.00109599928857,0.000225631663165,3.50763774883e-05
38.6,0.00112349763381,0.000237695300299,3.4762114014e-05
38.65,0.0011491242647,0.000250280505773,3.44506317223e-05
38.7,0.00117300384137,0.000263413399667,3.41419063806e-05
38.75,0.00119523696829,0.000277065103664,3.3835964125e-05
38.8,0.00119247806046,0.000283989071816,3.3532871826e-05
38.85,0.00118120597325,0.000290897673876,3.32324612075e-05
38.9,0.00117004014208,0.00029782813421,3.29347089112e-05
38.95,0.0011589795684,0.000304841197886,3.26395917778e-05
39.0,0.00114802326305,0.000312029820812,3.23471745893e-05
39.05,0.00113717024611,0.000319501616267,3.20573952529e-05
39.1,0.00112641954684,0.000327408339996,3.17701800634e-05
39.15,0.00111577020361,0.000335955343086,3.14855066833e-05
39.2,0.00110522126377,0.00034543039788,3.12033529658e-05
39.25,0.0010947717836,0.000356264908307,3.09237427976e-05
39.3,0.00108442082825,0.000369121615177,3.06467372935e-05
39.35,0.00107416747158,0.000385105300907,3.03721826609e-05
39.4,0.00106401079615,0.000406182006478,3.01000575518e-05
39.45,0.00105394989313,0.000436173455925,2.98303408003e-05
39.5,0.00104398386217,0.000483298494516,2.95630916126e-05
39.55,0.00103411181138,0.000566389835771,2.92982532402e-05
39.6,0.00102433285722,0.000717428614465,2.90357583216e-05
39.65,0.00101464612442,0.000883276424801,2.87755864419e-05
39.7,0.00100505074592,0.000937702707644,2.85177173605e-05
39.75,0.000995545862784,0.000947151823965,2.8262172908e-05
39.8,0.000986130624122,0.000948726677687,2.80090089393e-05
39.85,0.00097680906865,0.000948464194209,2.77580848985e-05
39.9,0.000967575382571,0.000947425821277,2.7509381275e-05
39.95,0.000958428740144,0.000945731720365,2.72628787246e-05
40.0,0.00094936832336,0.000943227153237,2.70186313578e-05
40.05,0.00094039332187,0.00093959814734,2.67765873102e-05
40.1,0.000931502932916,0.000934355982863,2.65366850181e-05
40.15,0.000922696361256,0.000926783618062,2.62989058238e-05
40.2,0.0009139728191,0.00091587179385,2.60632312285e-05
40.25,0.000905331526035,0.000900276995426,2.58296811842e-05
40.3,0.000896771708956,0.000878367870811,2.55983067382e-05
40.35,0.000888292602005,0.000848443782174,2.53689794322e-05
40.4,0.000879893446493,0.000809184569165,2.51416814347e-05
40.45,0.000871573490841,0.000760426012262,2.49163950667e-05
40.5,0.000863331990511,0.000703897271337,2.46931697812e-05
40.55,0.000855168207939,0.000642354231495,2.44719581779e-05
40.6,0.000847081412474,0.000577217979522,2.42527039918e-05
40.65,0.000839070880308,0.000508365532968,2.40353901708e-05
40.7,0.000831135894415,0.000436202005361,2.38199998087e-05
40.75,0.000823275744489,0.000363895912242,2.36065511398e-05
40.8,0.000815489726879,0.000297582631662,2.33950908182e-05
40.85,0.000807781181439,0.000243027032924,2.31855014416e-05
40.9,0.000800145300396,0.000201968495821,2.29777667134e-05
40.95,0.000792581400896,0.000172541731426,2.2771870476e-05
41.0,0.000785088806479,0.000151802113662,2.25678579263e-05
41.05,0.00077766684702,0.000137212879596,2.23656857434e-05
41.1,0.00077031485867,0.000126947375052,2.21653025052e-05
41.15,0.000763032183797,0.000119764483723,2.19666926273e-05
41.2,0.000755818170931,0.000114826167199,2.17698406583e-05
41.25,0.000748672174701,0.000111557206326,2.15747632634e-05
41.3,0.000741593555784,0.000109558406563,2.1381503081e-05
41.35,0.000734581680842,0.000108541334621,2.11899528136e-05
41.4,0.000727635922474,0.000108298775241,2.10000975672e-05
41.45,0.000720755659154,0.000108674627318,2.0811922575e-05
41.5,0.000713940275178,0.000109553224344,2.06254691436e-05
41.55,0.000707189160613,0.000110841597414,2.04406976809e-05
41.6,0.000700501711239,0.0001124682377,2.02575611905e-05
41.65,0.000693877328496,0.000114375982113,2.00760454294e-05
41.7,0.000687315419435,0.000116519101138,1.9896136276e-05
41.75,0.000680815396659,0.000118858009183,1.97178489612e-05
41.8,0.00067437667828,0.000121359722477,1.95412224537e-05
41.85,0.000668002026218,0.000123997790684,1.93661586908e-05
41.9,0.000661687464644,0.000126750536078,1.91926440604e-05
41.95,0.000655432428865,0.000129597029359,1.90206650667e-05
42.0,0.000649236359474,0.000132519513179,1.88502594612e-05
42.05,0.000643098702308,0.000135502966134,1.86813910593e-05
42.1,0.000637018908389,0.000138534169008,1.85140169095e-05
42.15,0.000630996433884,0.000141601433306,1.83481239948e-05
42.2,0.000625030740052,0.000144694373998,1.8183699409e-05
42.25,0.000619121293198,0.000147803720066,1.80207570722e-05
42.3,0.000613267564629,0.000150921155294,1.78593325987e-05
42.35,0.0006074690306,0.000154039962715,1.76993363664e-05
42.4,0.000601725172275,0.00015715511908,1.75407559346e-05
42.45,0.000596035475678,0.000160258542291,1.73835789691e-05
42.5,0.000590399431649,0.000163344640338,1.7227839972e-05
42.55,0.000584816535795,0.000166410189053,1.70735058733e-05
42.6,0.000579286288452,0.000169452414671,1.69205374183e-05
42.65,0.000573808194636,0.000172463845185,1.67689227101e-05
42.7,0.000568381764002,0.00017544540547,1.66186499535e-05
42.75,0.000563006510797,0.000178391233247,1.64697318704e-05
42.8,0.000557681953822,0.000181300337707,1.63222010101e-05
42.85,0.000552410377074,0.000184169501801,1.61759754639e-05
42.9,0.000547188492703,0.000186998570917,1.60310438619e-05
42.95,0.000542015833732,0.000189781999959,1.58873949315e-05
43.0,0.000536891937556,0.000192524884404,1.57450602053e-05
43.05,0.000531816345901,0.000195220555356,1.56040094595e-05
43.1,0.000526788604787,0.000197868355776,1.54642068181e-05
43.15,0.000521808264486,0.000200471093832,1.53256414081e-05
43.2,0.000516874879481,0.000203026188834,1.51883024496e-05
43.25,0.000511988008429,0.000205532390737,1.50522015694e-05
43.3,0.000507147214121,0.000207989753702,1.49173685154e-05
43.35,0.000502352063442,0.000210398455794,1.47837284286e-05
43.4,0.000497602127337,0.000212759026652,1.46512709178e-05
43.45,0.000492896980767,0.000215071773305,1.45199856806e-05
43.5,0.000488236202677,0.00021733705977,1.43899015356e-05
43.55,0.000483619375957,0.000219555013588,1.42609908603e-05
43.6,0.000479046087404,0.000221725974,1.41332208665e-05
43.65,0.000474515927686,0.000223850933106,1.40065816172e-05
43.7,0.000470028491308,0.000225930443245,1.388106326e-05
43.75,0.000465583376573,0.00022796523596,1.37566764213e-05
43.8,0.000461180185548,0.000229956102266,1.36334482884e-05
43.85,0.000456820807006,0.000231903890141,1.35113104455e-05
43.9,0.00045250252203,0.000233809524554,1.33902533957e-05
43.95,0.000448224944447,0.000235673967951,1.32702677232e-05
44.0,0.000443987691702,0.000237499602804,1.31513797664e-05
44.05,0.000439790384823,0.000239288396038,1.30335642801e-05
44.1,0.000435632648386,0.000241039502579,1.29167912983e-05
44.15,0.000431514110484,0.000242754079135,1.2801051739e-05
44.2,0.000427434402693,0.000244435128119,1.26863365981e-05
44.25,0.00042339316004,0.000246085009632,1.25726555871e-05
44.3,0.000419390020971,0.000247702372187,1.24600335536e-05
44.35,0.000415424627319,0.000249289418231,1.234840797e-05
44.4,0.000411496624271,0.000250851151173,1.2237770157e-05
44.45,0.000407605660338,0.000252384749027,1.21281115091e-05
44.5,0.000403751387325,0.000253893563559,1.20194560978e-05
44.55,0.000399933460299,0.000255381256104,1.19117808508e-05
44.6,0.000396151537558,0.000256845618945,1.18050583811e-05
44.65,0.000392405280602,0.000258292695491,1.16992803885e-05
44.7,0.000388694354101,0.000259721669005,1.15944386438e-05
44.75,0.000385018425869,0.000261134222068,1.14905420227e-05
44.8,0.000381377166833,0.000262535440398,1.13876132341e-05
44.85,0.000377772138929,0.0002639225897,1.12855951322e-05
44.9,0.000374201093725,0.000265303913828,1.11844797847e-05
44.95,0.000370663711872,0.000266676499063,1.10842593266e-05
45.0,0.000367159677012,0.00026804571193,1.09849557578e-05
45.05,0.00036368867575,0.000269412565578,1.08865479917e-05
45.1,0.000360250397627,0.00027077914878,1.07890109985e-05
45.15,0.00035684453509,0.000272150446311,1.06923371923e-05
45.2,0.000353470783468,0.000273525463101,1.05965190523e-05
45.25,0.000350128840944,0.000274912927487,1.05015646903e-05
45.3,0.000346818408527,0.000276310255962,1.04074948605e-05
45.35,0.000343539190026,0.000277726111708,1.03142573357e-05
45.4,0.000340290892027,0.000279160868072,1.02218448662e-05
45.45,0.000337073223864,0.000280620337417,1.01302502642e-05
45.5,0.000333885897591,0.000282110037381,1.00394936359e-05
45.55,0.000330728627964,0.000283632145196,9.94955570957e-06
45.6,0.00032760113241,0.000285198034788,9.86041360972e-06
45.65,0.000324503131001,0.000286809263246,9.77206040349e-06
45.7,0.000321434346436,0.000288474722259,9.68448921723e-06
45.75,0.000318394504009,0.000290205333753,9.59770746457e-06
45.8,0.00031538333159,0.000292007656298,9.51173411355e-06
45.85,0.000312402120837,0.000293893418081,9.42652143202e-06
45.9,0.000309449012387,0.000295879378648,9.34206279425e-06
45.95,0.000306523742154,0.000297977964882,9.25835163109e-06
46.0,0.00030362604852,0.000300208035147,9.17540631816e-06
46.05,0.000300755672323,0.000302592222485,9.09320924257e-06
46.1,0.000297912356824,0.000305157900963,9.0117394976e-06
46.15,0.00029509584769,0.000307938573822,8.93099074711e-06
46.2,0.000292305892971,0.000310975788627,8.85095670905e-06
46.25,0.000289542243076,0.000314321833716,8.77164415898e-06
46.3,0.000286804650751,0.000318043615783,8.69307043238e-06
46.35,0.00028409287106,0.000322234285575,8.61519190535e-06
46.4,0.00028140666136,0.000327009105787,8.53800252243e-06
46.45,0.000278745781282,0.000332535266563,8.46149627986e-06
46.5,0.000276109992708,0.000339046820207,8.3856899717e-06
46.55,0.000273499059752,0.000346884596943,8.31056750098e-06
46.6,0.000270912748736,0.000356577528807,8.2361097604e-06
46.65,0.000268350828175,0.000368972471206,8.16231095915e-06
46.7,0.000265813068748,0.000385527505646,8.08916535588e-06
46.75,0.000263299243288,0.000408945294344,8.01667914299e-06
46.8,0.000260809126752,0.000444693365877,7.94486816391e-06
46.85,0.000258343787289,0.000504769250865,7.87369254939e-06
46.9,0.000255901687284,0.000613807764084,7.80314676517e-06
46.95,0.000253482608344,0.000777968795257,7.73322532422e-06
47.0,0.000251086334127,0.0008769262629,7.66394357515e-06
47.05,0.000248712650313,0.000898973192198,7.59528680645e-06
47.1,0.00024636134459,0.000903183810295,7.52723755534e-06
47.15,0.000244032206636,0.000903687639797,7.45979052945e-06
47.2,0.000241725028098,0.000902970212021,7.39294048156e-06
47.25,0.000239439602574,0.000901476079207,7.32669307109e-06
47.3,0.000237175725596,0.000899145871751,7.26106277787e-06
47.35,0.000234933194611,0.000895698524526,7.19601316413e-06
47.4,0.000232711808964,0.000890658332054,7.13153917194e-06
47.45,0.000230511369879,0.000883308890843,7.06763578653e-06
47.5,0.000228331680443,0.000872625712361,7.00431703549e-06
47.55,0.000226172545586,0.000857238764891,6.94156947349e-06
47.6,0.000224033772069,0.000835474692797,6.87937714077e-06
47.65,0.00022191516846,0.000805594378264,6.81773520045e-06
47.7,0.000219816545123,0.000766285236947,6.75663885695e-06
47.75,0.000217737714197,0.000717489452147,6.69609328258e-06
47.8,0.000215678489583,0.000661095271711,6.6361117109e-06
47.85,0.000213639754596,0.000599777258271,6.57666084032e-06
47.9,0.000211620237691,0.000534664421511,6.51773604822e-06
47.95,0.000209619758266,0.000465602119354,6.45933275145e-06
48.0,0.000207638137415,0.000393531908356,6.40146377026e-06
48.05,0.000205675197903,0.000322623985414,6.34411681655e-06
48.1,0.000203730764159,0.000259583200386,6.28727730419e-06
48.15,0.000201804662254,0.000209365889157,6.23094081262e-06
48.2,0.000199896719888,0.000172341476075,6.17510295898e-06
48.25,0.000198006766376,0.000145937512355,6.11976847044e-06
48.3,0.000196134632631,0.000127172848591,6.06494944154e-06
48.35,0.00019428015115,0.000113713361502,6.01061543692e-06
48.4,0.000192443155999,0.000103938941891,5.95676223183e-06
48.45,0.000190623482799,9.67673077317e-05,5.9033856376e-06
48.5,0.000188820968711,9.14677435707e-05,5.85049737103e-06
48.55,0.00018703545242,8.75371140303e-05,5.79808620165e-06
48.6,0.000185266774124,8.46308287384e-05,5.74613879875e-06
48.65,0.000183514775519,8.24983729944e-05,5.69465112223e-06
48.7,0.000181779299781,8.09612766858e-05,5.64361916647e-06
48.75,0.000180060191559,7.98861745096e-05,5.59304725177e-06
48.8,0.000178357296956,7.91726404012e-05,5.54294643172e-06
48.85,0.000176671346437,7.87481649122e-05,5.49328889047e-06
48.9,0.000175001288486,7.85509668208e-05,5.44407076692e-06
48.95,0.000173346973753,7.85367481339e-05,5.39528823288e-06
49.0,0.00017170825429,7.86695207125e-05,5.34695199673e-06
49.05,0.000170084983532,7.89200066401e-05,5.29905179458e-06
49.1,0.000168477016287,7.92666451638e-05,5.25157544308e-06
49.15,0.000166884208724,7.96904890107e-05,5.20451924984e-06
49.2,0.000165306418357,8.01755411686e-05,5.15787955403e-06
49.25,0.000163743504038,8.07110719168e-05,5.11166030409e-06
49.3,0.000162195325937,8.12862475601e-05,5.06587160223e-06
49.35,0.000160661745538,8.1891728144e-05,5.02048802671e-06
49.4,0.000159142625618,8.25241340448e-05,4.97550604871e-06
49.45,0.000157637830245,8.31744322976e-05,4.93092216956e-06
49.5,0.000156147224755,8.38387666777e-05,4.88674617596e-06
49.55,0.00015467067575,8.45155835665e-05,4.84296868743e-06
49.6,0.000153208051078,8.51986265007e-05,4.79957856923e-06
49.65,0.000151759219829,8.58855402418e-05,4.75657244678e-06
49.7,0.000150324052316,8.65771384489e-05,4.7139469743e-06
49.75,0.000148902420069,8.72681489872e-05,4.67170576042e-06
49.8,0.000147494195823,8.7957105373e-05,4.62985803786e-06
49.85,0.000146099983642,8.86462570165e-05,4.58838057289e-06
49.9,0.000144718913965,8.93307040542e-05,4.54727014042e-06
49.95,0.000143350863287,9.00100996523e-05,4.5065235429e-06
50.0,0.000141995709259,9.06865099045e-05,4.46614972471e-06
50.05,0.000140653330678,9.13556376845e-05,4.42614011274e-06
50.1,0.000139323607478,9.2018953971e-05,4.38648453058e-06
50.15,0.000138006420715,9.26762920581e-05,4.34717989411e-06
50.2,0.00013670165256,9.33246586859e-05,4.30822314553e-06
50.25,0.000135409186288,9.39683046749e-05,4.26961758286e-06
50.3,0.000134128906267,9.46025368001e-05,4.23137164418e-06
50.35,0.000132860697948,9.52295779429e-05,4.19346409546e-06
50.4,0.000131604447855,9.58486789126e-05,4.15589198918e-06
50.45,0.000130360043576,9.64587290021e-05,4.11865240302e-06
50.5,0.000129127373751,9.70619581217e-05,4.08175351151e-06
50.55,0.000127906328065,9.76548512778e-05,4.04518747941e-06
50.6,0.000126696797233,9.82416452402e-05,4.00894500621e-06
50.65,0.000125498672998,9.88173667344e-05,3.97302327321e-06
50.7,0.000124311848114,9.93872861604e-05,3.93741948581e-06
50.75,0.000123136216343,9.99459248093e-05,3.90213665816e-06
50.8,0.00012197167244,0.00010049861618,3.86718250209e-06
50.85,0.000120818715942,0.00010104033006,3.83253761115e-06
50.9,0.000119676627758,0.000101575502204,3.79819929153e-06
50.95,0.000118545305754,0.00010210060125,3.76416487241e-06
51.0,0.000117424648752,0.000102618238485,3.73044182476e-06
51.05,0.000116314556524,0.000103127102738,3.6970229877e-06
51.1,0.000115214929778,0.000103626860439,3.66389986121e-06
51.15,0.000114125670153,0.000104119507069,3.6310698692e-06
51.2,0.00011304668021,0.000104601428904,3.59853045758e-06
51.25,0.00011197786342,0.000105077735993,3.56628438108e-06
51.3,0.000110919124163,0.000105543932025,3.53433868779e-06
51.35,0.00010987036771,0.000106001904682,3.50267564156e-06
51.4,0.000108831500221,0.000106452639988,3.47129278041e-06
51.45,0.000107802428737,0.00010689326325,3.4401876634e-06
51.5,0.000106783061166,0.000107327611563,3.40936711848e-06
51.55,0.000105773306282,0.000107753264756,3.37882460113e-06
51.6,0.000104773073713,0.000108169181083,3.34855234287e-06
51.65,0.000103782273933,0.000108579884952,3.31854798936e-06
51.7,0.000102800818255,0.000108981309314,3.28880920633e-06
51.75,0.000101828618824,0.000109373362054,3.25933851142e-06
51.8,0.000100865588606,0.00010976040365,3.23014234609e-06
51.85,9.99121406994e-05,0.000110138426051,3.20120450071e-06
51.9,9.89676804438e-05,0.000110507433207,3.17252272522e-06
51.95,9.8032123379e-05,0.000110870796797,3.14409478877e-06
52.0,9.71053858357e-05,0.000111226222495,3.11592693162e-06
52.05,9.61873849281e-05,0.000111572974289,3.08801317253e-06
52.1,9.52780385465e-05,0.000111912635564,3.06034641166e-06
52.15,9.43772653504e-05,0.0001122462291,3.03292449729e-06
52.2,9.34849847613e-05,0.000112571477973,3.00574529607e-06
52.25,9.2601116955e-05,0.000112888510109,2.97881110894e-06
52.3,9.17255828556e-05,0.000113199882472,2.95212782295e-06
52.35,9.08583041273e-05,0.000113504349352,2.92568062363e-06
52.4,8.99992031687e-05,0.000113800911708,2.89946745456e-06
52.45,8.91482031049e-05,0.000114089743284,2.8734862769e-06
52.5,8.83052277815e-05,0.000114373214644,2.84774279384e-06
52.55,8.74702017574e-05,0.000114650365749,2.8222315389e-06
52.6,8.66430502984e-05,0.000114920034033,2.79694602335e-06
52.65,8.58236993704e-05,0.000115182334518,2.77188428065e-06
52.7,8.50120756331e-05,0.000115438052057,2.74704436106e-06
52.75,8.42081064332e-05,0.000115688872856,2.72242836749e-06
52.8,8.34117197985e-05,0.000115932606388,2.6980416803e-06
52.85,8.26232573432e-05,0.000116169361503,2.67387076008e-06
52.9,8.18422273082e-05,0.000116399248129,2.6499137274e-06
52.95,8.10685598482e-05,0.000116623057805,2.62616871891e-06
53.0,8.0302185772e-05,0.000116842114276,2.60264094692e-06
53.05,7.95430365364e-05,0.00011705456379,2.57932541546e-06
53.1,7.87910442402e-05,0.000117260508088,2.55621619426e-06
53.15,7.80461416181e-05,0.000117460047513,2.53331148605e-06
53.2,7.73082620349e-05,0.00011765328096,2.5106095089e-06
53.25,7.65773394793e-05,0.000117841633333,2.48811218472e-06
53.3,7.58533085587e-05,0.000118024774699,2.46582443079e-06
53.35,7.51361044927e-05,0.000118201850289,2.44373387302e-06
53.4,7.4425663108e-05,0.000118372953864,2.42183879375e-06
53.45,7.37219208323e-05,0.000118538177832,2.40013749e-06
53.5,7.30248146889e-05,0.00011869761327,2.37863472545e-06
53.55,7.23342822912e-05,0.000118851349827,2.35732593415e-06
53.6,7.1650261837e-05,0.000119001160918,2.33620569623e-06
53.65,7.09726921032e-05,0.000119145604377,2.31527236911e-06
53.7,7.03015124402e-05,0.000119284566555,2.29452432422e-06
53.75,6.9636662767e-05,0.00011941813257,2.27396331807e-06
53.8,6.89780835653e-05,0.000119546386256,2.2535938447e-06
53.85,6.83260573361e-05,0.000119669410129,2.23340459506e-06
53.9,6.76801774148e-05,0.00011978728774,2.21339399931e-06
53.95,6.70403860421e-05,0.000119900099356,2.19356050105e-06
54.0,6.64066259997e-05,0.000120008980249,2.17390845396e-06
54.05,6.57788406054e-05,0.000120113681571,2.15443368507e-06
54.1,6.51569737074e-05,0.000120213560802,2.13513124099e-06
54.15,6.45409696802e-05,0.000120308647256,2.11599962052e-06
54.2,6.3930773419e-05,0.000120399015916,2.09703733527e-06
54.25,6.33263303355e-05,0.00012048474069,2.07824599054e-06
54.3,6.27275863524e-05,0.000120565894366,2.05962969361e-06
54.35,6.21344878992e-05,0.000120642548592,2.04117810875e-06
54.4,6.15469819069e-05,0.000120714774142,2.02288980126e-06
54.45,6.09650158041e-05,0.000120782640776,2.00476334868e-06
54.5,6.03885375115e-05,0.000120846217254,1.98680273e-06
54.55,5.98174954379e-05,0.000120905603051,1.96900413138e-06
54.6,5.92518384755e-05,0.000120961749441,1.95136302579e-06
54.65,5.86915159953e-05,0.000121013770815,1.93387804122e-06
54.7,5.81364778425e-05,0.000121061732424,1.91654781738e-06
54.75,5.75866743325e-05,0.000121105698591,1.89937382142e-06
54.8,5.70420562462e-05,0.000121145732663,1.8823598071e-06
54.85,5.65028572004e-05,0.00012118189699,1.86549632828e-06
54.9,5.59687409001e-05,0.000121214254883,1.84878207374e-06
54.95,5.54396595806e-05,0.000121242867018,1.83221574345e-06
55.0,5.49155659248e-05,0.000121267793203,1.81580097393e-06
55.05,5.43964130588e-05,0.0001212890923,1.7995342796e-06
55.1,5.38821545474e-05,0.00012130682237,1.78341152306e-06
55.15,5.33727443906e-05,0.000121321040699,1.76743145038e-06
55.2,5.28681370189e-05,0.000121331803751,1.75159281837e-06
55.25,5.23682872901e-05,0.000121339167185,1.73589696789e-06
55.3,5.18731504844e-05,0.000121343185818,1.72034732961e-06
55.35,5.13826823011e-05,0.000121343913599,1.70493527042e-06
55.4,5.08968388546e-05,0.000121341403841,1.68965959196e-06
55.45,5.04155766702e-05,0.000121335709097,1.67451910609e-06
55.5,4.99388526806e-05,0.000121327017299,1.65951713632e-06
55.55,4.9466624222e-05,0.000121315401458,1.64465049709e-06
55.6,4.89988490303e-05,0.000121300862637,1.62991540709e-06
55.65,4.85354852373e-05,0.00012128334404,1.61531072033e-06
55.7,4.80764913671e-05,0.000121262894527,1.6008353006e-06
55.75,4.76218263327e-05,0.000121239562265,1.58649037337e-06
55.8,4.71714494317e-05,0.000121213394689,1.57227907403e-06
55.85,4.67255538558e-05,0.00012118443848,1.55819351251e-06
55.9,4.62838615026e-05,0.000121152741174,1.54423259359e-06
55.95,4.58463328729e-05,0.000121118348213,1.53039523138e-06
56.0,4.54129288372e-05,0.000121081304389,1.51668446337e-06
56.05,4.49836106327e-05,0.000121041653782,1.50309737816e-06
56.1,4.45583398595e-05,0.000120999439875,1.4896305199e-06
56.15,4.41370784774e-05,0.000120954705577,1.47628284121e-06
56.2,4.37197888024e-05,0.000120907493185,1.4630533037e-06
56.25,4.33064335035e-05,0.000120857844392,1.44994302735e-06
56.3,4.28969755995e-05,0.00012080580026,1.4369548777e-06
56.35,4.24913784554e-05,0.000120751401193,1.42408164377e-06
56.4,4.20896057796e-05,0.000120694687133,1.41132232459e-06
56.45,4.16916216204e-05,0.000120635697453,1.39867592775e-06
56.5,4.12973903629e-05,0.000120574470965,1.38614522929e-06
56.55,4.09068767257e-05,0.00012051104586,1.3737275684e-06
56.6,4.05200457583e-05,0.000120445459814,1.36141978666e-06
56.65,4.01368628373e-05,0.000120377750008,1.34922092687e-06
56.7,3.9757293664e-05,0.000120307953093,1.33713003997e-06
56.75,3.93813042609e-05,0.000120236105197,1.32514814957e-06
56.8,3.90088609689e-05,0.000120162241899,1.31327787456e-06
56.85,3.86401235496e-05,0.000120086398207,1.30151262461e-06
56.9,3.82748620238e-05,0.000120008609884,1.28985148491e-06
56.95,3.7913043727e-05,0.000119928911015,1.27829354846e-06
57.0,3.75546363011e-05,0.000119847408543,1.26684135237e-06
57.05,3.71996076905e-05,0.000119764220222,1.25549246483e-06
57.1,3.68479261402e-05,0.000119679386128,1.24424399928e-06
57.15,3.64995601925e-05,0.00011959277498,1.23309508088e-06
57.2,3.61544786842e-05,0.00011950441847,1.22204484229e-06
57.25,3.58126507442e-05,0.000119414347842,1.21109421899e-06
57.3,3.54740457905e-05,0.000119322593861,1.20024560449e-06
57.35,3.51386335276e-05,0.000119229186797,1.18949297566e-06
57.4,3.48063839436e-05,0.000119134156579,1.17883549643e-06
57.45,3.44772673079e-05,0.000119037532713,1.16827233787e-06
57.5,3.41512541686e-05,0.000118939344282,1.15780581872e-06
57.55,3.38283153494e-05,0.0001188396199,1.14743371648e-06
57.6,3.35084219476e-05,0.000118738387798,1.13715339303e-06
57.65,3.31915453312e-05,0.000118635675837,1.12696404882e-06
57.7,3.28776571363e-05,0.000118531511482,1.11686489117e-06
57.75,3.25667292652e-05,0.000118425921805,1.10685677504e-06
57.8,3.2258733883e-05,0.000118319108,1.09694188793e-06
57.85,3.19538031061e-05,0.000118211432519,1.08711472512e-06
57.9,3.1651746751e-05,0.000118102428735,1.07737452249e-06
57.95,3.13525378057e-05,0.000117992121983,1.06772052247e-06
58.0,3.10561495111e-05,0.000117880537236,1.05815484422e-06
58.05,3.07625553588e-05,0.000117767699056,1.04867545652e-06
58.1,3.04717290885e-05,0.000117653631681,1.03927994832e-06
58.15,3.01836446861e-05,0.000117538359028,1.0299675889e-06
58.2,2.98982763809e-05,0.000117421904673,1.02073765377e-06
58.25,2.96155986437e-05,0.000117304291853,1.01159092434e-06
58.3,2.93355861844e-05,0.000117185543449,1.00252939981e-06
58.35,2.90582139499e-05,0.000117065681963,9.9354804925e-07
58.4,2.87834571217e-05,0.000116944729653,9.84646174323e-07
58.45,2.85112911137e-05,0.000116822708456,9.75823082638e-07
58.5,2.82416915704e-05,0.000116699651896,9.67080710974e-07
58.55,2.79746343641e-05,0.000116575753728,9.58417202946e-07
58.6,2.77100955936e-05,0.000116451011255,9.49830355001e-07
58.65,2.74480515813e-05,0.000116325314542,9.41319499314e-07
58.7,2.71884788715e-05,0.000116199253819,9.32883973764e-07
58.75,2.69313542285e-05,0.000116072542584,9.24524492489e-07
58.8,2.6676654634e-05,0.00011594492317,9.16242882635e-07
58.85,2.64244893428e-05,0.000115816414849,9.08034546275e-07
58.9,2.6174701081e-05,0.000115687037447,8.99898845171e-07
58.95,2.59272675107e-05,0.00011555680973,8.9183514653e-07
59.0,2.56821665033e-05,0.00011542575019,8.83845220434e-07
59.05,2.54393761374e-05,0.000115293877012,8.75927370273e-07
59.1,2.51988746968e-05,0.000115161208136,8.68079582152e-07
59.15,2.49606406688e-05,0.000115027761267,8.60301245727e-07
59.2,2.47246527423e-05,0.000114893553852,8.52591755863e-07
59.25,2.44908898056e-05,0.000114758603088,8.44951765233e-07
59.3,2.42593309448e-05,0.000114622925898,8.37382943723e-07
59.35,2.40299554419e-05,0.000114486538925,8.29881089145e-07
59.4,2.38027427732e-05,0.00011434964661,8.22445618192e-07
59.45,2.3577672607e-05,0.000114212886171,8.15075952535e-07
59.5,2.33547248021e-05,0.000114075476858,8.07773709907e-07
59.55,2.31338794062e-05,0.000113937434228,8.00537339725e-07
59.6,2.29151166536e-05,0.000113798773628,7.93365001426e-07
59.65,2.26984169641e-05,0.000113659510201,7.86256137198e-07
59.7,2.24837609408e-05,0.000113519658868,7.79210193988e-07
59.75,2.22711293687e-05,0.000113379234335,7.72227768296e-07
59.8,2.20605032126e-05,0.000113238251071,7.65310386282e-07
59.85,2.18519728218e-05,0.000113096723297,7.58454207436e-07
59.9,2.16454081371e-05,0.000112954665712,7.51658698655e-07
59.95,2.14407906862e-05,0.000112812092162,7.44923331387e-07
60.0,2.12381021694e-05,0.000112669016287,7.38249584126e-07
60.05,2.10373244586e-05,0.000112525747427,7.31636039749e-07
60.1,2.08384395956e-05,0.000112383064285,7.25081016106e-07
60.15,2.06414297902e-05,0.000112240012784,7.18584003396e-07
60.2,2.04462774188e-05,0.000112096523376,7.12144496167e-07
60.25,2.02529650231e-05,0.000111952608561,7.05763039578e-07
60.3,2.00614753081e-05,0.000111808280639,6.99441028435e-07
60.35,1.9871791141e-05,0.000111663551693,6.93174952776e-07
60.4,1.96838955492e-05,0.000111518433678,6.86964325381e-07
60.45,1.94977717195e-05,0.000111372938369,6.8080866319e-07
60.5,1.93134029958e-05,0.000111227077369,6.74709317447e-07
60.55,1.91307728785e-05,0.000111080862075,6.68664992995e-07
60.6,1.89498650221e-05,0.000110934303727,6.62674152468e-07
60.65,1.87706632345e-05,0.000110787413415,6.56736329941e-07
60.7,1.85931514754e-05,0.000110641225972,6.50851063466e-07
60.75,1.84173138547e-05,0.000110494825095,6.45018851282e-07
60.8,1.82431346311e-05,0.000110348133713,6.39240968145e-07
60.85,1.80706885197e-05,0.000110201162091,6.33514206191e-07
60.9,1.78998679669e-05,0.000110053920893,6.27838120135e-07
60.95,1.77306576969e-05,0.000109906420107,6.22212268492e-07
61.0,1.75630425766e-05,0.000109758669568,6.16637886208e-07
61.05,1.73970076148e-05,0.000109610678935,6.11113789597e-07
61.1,1.72325379607e-05,0.000109462457734,6.05638573613e-07
61.15,1.70696189026e-05,0.000109314015359,6.00211812433e-07
61.2,1.69082358666e-05,0.000109165361063,5.94833083869e-07
61.25,1.67483744153e-05,0.000109016751369,5.89502843275e-07
61.3,1.65900202464e-05,0.000108868841153,5.84222255691e-07
61.35,1.64331591918e-05,0.000108720754032,5.7898838935e-07
61.4,1.6277777216e-05,0.000108572498584,5.73800837293e-07
61.45,1.6123860415e-05,0.000108424083257,5.68659196034e-07
61.5,1.59713950149e-05,0.000108275516365,5.63564594225e-07
61.55,1.58203673712e-05,0.000108126888786,5.58515950062e-07
61.6,1.5670763967e-05,0.000107978267634,5.53511979428e-07
61.65,1.5522571412e-05,0.000107829652015,5.48552293151e-07
61.7,1.53757764414e-05,0.000107680918016,5.43636505379e-07
61.75,1.52303659148e-05,0.000107532073308,5.38765032275e-07
61.8,1.50863268149e-05,0.000107383125427,5.33938938605e-07
61.85,1.4943720928e-05,0.000107235032718,5.29155544937e-07
61.9,1.48024593116e-05,0.00010708705904,5.24414479337e-07
61.95,1.46625293333e-05,0.000106939011603,5.19715373046e-07
62.0,1.45239184785e-05,0.000106790897372,5.15059257577e-07
62.05,1.43866143503e-05,0.000106642723182,5.10445144233e-07
62.1,1.42506046676e-05,0.000106494495766,5.05871859421e-07
62.15,1.41158772645e-05,0.000106346221763,5.01339047463e-07
62.2,1.39824200888e-05,0.000106197907706,4.96846355718e-07
62.25,1.38502212014e-05,0.000106049560023,4.9239416453e-07
62.3,1.37192687751e-05,0.000105901185026,4.87983447022e-07
62.35,1.35895510932e-05,0.000105752788906,4.83611754377e-07
62.4,1.34610565491e-05,0.000105605101096,4.79278746674e-07
62.45,1.33337736446e-05,0.000105457839379,4.74984086892e-07
62.5,1.32076909894e-05,0.000105310580874,4.70728717762e-07
62.55,1.30827973e-05,0.00010516333129,4.66511735685e-07
62.6,1.29590813984e-05,0.000105016096249,4.62332068076e-07
62.65,1.28365322114e-05,0.000104868881292,4.5818938987e-07
62.7,1.27151387697e-05,0.000104721691867,4.54083378779e-07
62.75,1.25948902066e-05,0.000104574533335,4.50014382409e-07
62.8,1.24757757572e-05,0.000104427410954,4.4598329013e-07
62.85,1.23578465165e-05,0.000104280329878,4.41987863889e-07
62.9,1.22410289326e-05,0.000104133295541,4.38027793023e-07
62.95,1.21253125589e-05,0.000103986911117,4.34102769518e-07
63.0,1.20106870465e-05,0.000103841136394,4.30213654965e-07
63.05,1.18971421435e-05,0.0001036954551,4.26359623537e-07
63.1,1.17846676941e-05,0.000103549993429,4.22539694965e-07
63.15,1.16732536375e-05,0.0001034047657,4.18753572163e-07
63.2,1.15628900071e-05,0.000103259629895,4.15000960579e-07
63.25,1.14535669297e-05,0.000103114580325,4.11282177904e-07
63.3,1.13452746246e-05,0.000102969621311,4.07598036959e-07
63.35,1.12380034027e-05,0.000102824757081,4.0394649232e-07
63.4,1.11317436658e-05,0.000102679991816,4.00327260059e-07
63.45,1.10264859053e-05,0.000102535329624,3.96740058675e-07
63.5,1.0922220702e-05,0.000102391267718,3.93185675602e-07
63.55,1.08189387248e-05,0.000102247961033,3.89663356091e-07
63.6,1.07166307299e-05,0.000102104774128,3.86172204244e-07
63.65,1.06152875604e-05,0.00010196171074,3.82711948543e-07
63.7,1.0514900145e-05,0.000101818774541,3.79282319791e-07
63.75,1.04154594973e-05,0.000101675969132,3.75883608333e-07
63.8,1.03169567155e-05,0.000101533298046,3.72516557033e-07
63.85,1.02194340527e-05,0.000101390764731,3.69179296512e-07
63.9,1.01228306847e-05,0.000101248372873,3.65871567282e-07
63.95,1.00271379725e-05,0.000101106125812,3.6259311207e-07
64.0,9.93234735802e-06,0.000100964026827,3.59344650535e-07
64.05,9.83845036341e-06,0.000100822419303,3.56125492889e-07
64.1,9.74543859014e-06,0.000100681743759,3.52934820343e-07
64.15,9.65330371835e-06,0.000100541229984,3.4977238475e-07
64.2,9.56203750612e-06,0.000100400880938,3.46637940079e-07
64.25,9.47163178872e-06,0.000100260699521,3.43531751688e-07
64.3,9.3820784779e-06,0.000100120688572,3.40454498502e-07
64.35,9.29336956119e-06,9.99808508607e-05,3.37404472039e-07
64.4,9.20549710114e-06,9.98411891231e-05,3.34381435143e-07
64.45,9.11845323471e-06,9.97017060413e-05,3.31385152685e-07
64.5,9.03223017247e-06,9.95624042446e-05,3.28416282384e-07
64.55,8.94682019801e-06,9.94232862969e-05,3.25474193822e-07
64.6,8.86221566719e-06,9.9284581936e-05,3.2255813868e-07
64.65,8.7784090075e-06,9.91472020113e-05,3.1966789017e-07
64.7,8.69539271737e-06,9.90100761818e-05,3.16803223436e-07
64.75,8.61315936554e-06,9.8873148659e-05,3.13964380998e-07
64.8,8.53170159037e-06,9.87364216745e-05,3.11151983347e-07
64.85,8.4510543336e-06,9.85998974015e-05,3.08364469046e-07
64.9,8.37116729605e-06,9.8463578208e-05,3.05601621353e-07
64.95,8.29203333364e-06,9.83274661873e-05,3.02863225375e-07
65.0,8.21364536921e-06,9.81915633874e-05,3.00149882222e-07
65.05,8.13599639187e-06,9.80558718007e-05,2.97461015735e-07
65.1,8.0590794564e-06,9.79203933806e-05,2.94795942003e-07
65.15,7.98288768262e-06,9.7785130044e-05,2.92154453756e-07
65.2,7.9074142548e-06,9.76508296083e-05,2.89536345493e-07
65.25,7.83265242103e-06,9.75170696259e-05,2.86941838859e-07
65.3,7.75859549268e-06,9.73835333986e-05,2.8437150094e-07
65.35,7.68523684373e-06,9.72502225922e-05,2.81823904691e-07
65.4,7.61256991028e-06,9.71171388494e-05,2.79298852024e-07
65.45,7.54058818987e-06,9.69842837741e-05,2.76796146542e-07
65.5,7.469285241e-06,9.68516589316e-05,2.74316337618e-07
65.55,7.39865468249e-06,9.67192658392e-05,2.71858898682e-07
65.6,7.32869019296e-06,9.65871059815e-05,2.69423204688e-07
65.65,7.25938551024e-06,9.64551808121e-05,2.67009066203e-07
65.7,7.19073443085e-06,9.63234917482e-05,2.64616295415e-07
65.75,7.12273080944e-06,9.61921779802e-05,2.62245094892e-07
65.8,7.05536855824e-06,9.60619999769e-05,2.59895982911e-07
65.85,6.98867657263e-06,9.59320648825e-05,2.57567655252e-07
65.9,6.92261325724e-06,9.58023740925e-05,2.55259930875e-07
65.95,6.85717270422e-06,9.56729287836e-05,2.52972630287e-07
66.0,6.79234906104e-06,9.55437301e-05,2.50706255579e-07
66.05,6.72813652999e-06,9.54147791448e-05,2.48460325499e-07
66.1,6.66452936765e-06,9.52861644654e-05,2.462342688e-07
66.15,6.60152188439e-06,9.51579240398e-05,2.44027912353e-07
66.2,6.53910844388e-06,9.50300376566e-05,2.41841084511e-07
66.25,6.47728346257e-06,9.49024041087e-05,2.39673970406e-07
66.3,6.41604140924e-06,9.47750243377e-05,2.37527043709e-07
66.35,6.35537680444e-06,9.46482207329e-05,2.35399112452e-07
66.4,6.29528422009e-06,9.45223525515e-05,2.33290011177e-07
66.45,6.23575827892e-06,9.43967431712e-05,2.3119957584e-07
66.5,6.17679365408e-06,9.42713933669e-05,2.29128265316e-07
66.55,6.11838506858e-06,9.41463038784e-05,2.27075639776e-07
66.6,6.06052729491e-06,9.40214754228e-05,2.25041177139e-07
66.65,6.00321515451e-06,9.38969086957e-05,2.23024719176e-07
66.7,5.94644351736e-06,9.37726043668e-05,2.21026109014e-07
66.75,5.89020730149e-06,9.36485630806e-05,2.19045515852e-07
66.8,5.83450147257e-06,9.35247854524e-05,2.17083372591e-07
66.85,5.77934992591e-06,9.34012720652e-05,2.15138589855e-07
66.9,5.72471826383e-06,9.32780236382e-05,2.13211016427e-07
66.95,5.67060160078e-06,9.31552537469e-05,2.11300502381e-07
67.0,5.61699509696e-06,9.30335015996e-05,2.09407467099e-07
67.05,5.56389395789e-06,9.29120179918e-05,2.07531508607e-07
67.1,5.51129343401e-06,9.27908033405e-05,2.05672149757e-07
67.15,5.45918882022e-06,9.26698580453e-05,2.03829245942e-07
67.2,5.40757545551e-06,9.25491824841e-05,2.02002653787e-07
67.25,5.35644872252e-06,9.24287770139e-05,2.00192527931e-07
67.3,5.30580404713e-06,9.23086419668e-05,1.98399264015e-07
67.35,5.25563689809e-06,9.21887776479e-05,1.96621866424e-07
67.4,5.20594278657e-06,9.2069184353e-05,1.94860196956e-07
67.45,5.15671726582e-06,9.19498623577e-05,1.9311411859e-07
67.5,5.10795593072e-06,9.18308119183e-05,1.91384014611e-07
67.55,5.05965441744e-06,9.17120332652e-05,1.89669517642e-07
67.6,5.01180840304e-06,9.15942846085e-05,1.87970191605e-07
67.65,4.96441360505e-06,9.14771362228e-05,1.86285904336e-07
67.7,4.91746578115e-06,9.13604057327e-05,1.84616524804e-07
67.75,4.87096072879e-06,9.12439503619e-05,1.82962194334e-07
67.8,4.82489428475e-06,9.11277701934e-05,1.81323274518e-07
67.85,4.77928620948e-06,9.10118652874e-05,1.79698855431e-07
67.9,4.73410805753e-06,9.08962358169e-05,1.78088810766e-07
67.95,4.68935578872e-06,9.07808818156e-05,1.76493015295e-07
68.0,4.64502540074e-06,9.06658033012e-05,1.74911819315e-07
68.05,4.60111292877e-06,9.05510002698e-05,1.73344887069e-07
68.1,4.55761444509e-06,9.04364727046e-05,1.71791820009e-07
68.15,4.5145260588e-06,9.03222205769e-05,1.70252497349e-07
68.2,4.47184391542e-06,9.02082438433e-05,1.68726799335e-07
68.25,4.42956419658e-06,9.00953798597e-05,1.67214855128e-07
68.3,4.38768311969e-06,8.99828411908e-05,1.65716995198e-07
68.35,4.34619693756e-06,8.98705790847e-05,1.64232387936e-07
68.4,4.30510193814e-06,8.97585933968e-05,1.62760917907e-07
68.45,4.26439444413e-06,8.9646883969e-05,1.61302470661e-07
68.5,4.22407081269e-06,8.95354506306e-05,1.59857366345e-07
68.55,4.1841274351e-06,8.94242931922e-05,1.58425298099e-07
68.6,4.14456073646e-06,8.93134114546e-05,1.57005901681e-07
68.65,4.10536717537e-06,8.9202805209e-05,1.55599066698e-07
68.7,4.06654324358e-06,8.90924742345e-05,1.54204683703e-07
68.75,4.02808546575e-06,8.89824182981e-05,1.52822870742e-07
68.8,3.98999039908e-06,8.88726371523e-05,1.5145392984e-07
68.85,3.95227438466e-06,8.87631305331e-05,1.50097100966e-07
68.9,3.91491389925e-06,8.86544594922e-05,1.48752278619e-07
68.95,3.87790560179e-06,8.8546346886e-05,1.47419358198e-07
69.0,3.84124618254e-06,8.84385092331e-05,1.46098632298e-07
69.05,3.80493236275e-06,8.83309461859e-05,1.44789820469e-07
69.1,3.76896089436e-06,8.82236573888e-05,1.43492589818e-07
69.15,3.73332855975e-06,8.81167818083e-05,1.42206839454e-07
69.2,3.69803217143e-06,8.80102927085e-05,1.40932469351e-07
69.25,3.66306857175e-06,8.79041163246e-05,1.39669587394e-07
69.3,3.62843463267e-06,8.77982135798e-05,1.38418469613e-07
69.35,3.59412725543e-06,8.76925840563e-05,1.37178421392e-07
69.4,3.5601433703e-06,8.75872273342e-05,1.3594934631e-07
69.45,3.52647993631e-06,8.74821429852e-05,1.3473114877e-07
69.5,3.49313394098e-06,8.73773305721e-05,1.33524096182e-07
69.55,3.46010240004e-06,8.72727896452e-05,1.32327932236e-07
69.6,3.4273823572e-06,8.71692158305e-05,1.3114235269e-07
69.65,3.39497088386e-06,8.70660197011e-05,1.29967265336e-07
69.7,3.36286507885e-06,8.69630946132e-05,1.28802578757e-07
69.75,3.33106206821e-06,8.68604400532e-05,1.27648391553e-07
69.8,3.29955900487e-06,8.67580554981e-05,1.26504955997e-07
69.85,3.26836940225e-06,8.66559404138e-05,1.25371637256e-07
69.9,3.23747380758e-06,8.6554094345e-05,1.2424834721e-07
69.95,3.20686945797e-06,8.64525167481e-05,1.23134998488e-07
70.0,3.17655361638e-06,8.63512070729e-05,1.22031835486e-07
70.05,3.14652357141e-06,8.62501647588e-05,1.20938623953e-07
70.1,3.11677663707e-06,8.61493892408e-05,1.19855085833e-07
70.15,3.0873101525e-06,8.60488799498e-05,1.18781136855e-07
70.2,3.05812148178e-06,8.59486363106e-05,1.1771669347e-07
70.25,3.02920801367e-06,8.58486577421e-05,1.1666184579e-07
70.3,3.00056716141e-06,8.57493147125e-05,1.15616824377e-07
70.35,2.97219636244e-06,8.56506239794e-05,1.14581049037e-07
70.4,2.94409307822e-06,8.5552197306e-05,1.13554439233e-07
70.45,2.916254794e-06,8.54540340561e-05,1.12536915117e-07
70.5,2.88867901858e-06,8.53561335885e-05,1.11528700047e-07
70.55,2.86136328409e-06,8.5258495254e-05,1.10529579935e-07
70.6,2.8343051458e-06,8.51611183999e-05,1.09539300656e-07
70.65,2.80750218188e-06,8.50640934766e-05,1.08557785194e-07
70.7,2.78095199318e-06,8.49674393352e-05,1.07584957189e-07
70.75,2.75465220303e-06,8.4871124402e-05,1.06620898999e-07
70.8,2.72860045706e-06,8.47750691833e-05,1.0566582134e-07
70.85,2.70280793029e-06,8.46792729919e-05,1.04719193956e-07
70.9,2.67725853608e-06,8.45837352069e-05,1.03780943241e-07
70.95,2.65194998963e-06,8.44884551368e-05,1.0285099622e-07
71.0,2.62688002753e-06,8.43934320867e-05,1.01929557025e-07
71.05,2.60204640755e-06,8.42989826375e-05,1.01016429997e-07
71.1,2.57744690849e-06,8.42051870321e-05,1.00111382882e-07
71.15,2.55307932992e-06,8.41116469452e-05,9.92143452927e-08
71.2,2.52894149206e-06,8.40183616386e-05,9.83252474409e-08
71.25,2.50503123552e-06,8.3925330371e-05,9.74441645968e-08
71.3,2.48134642114e-06,8.38325523968e-05,9.657128934e-08
71.35,2.45788492979e-06,8.37400269649e-05,9.57061370528e-08
71.4,2.43464466221e-06,8.36477533263e-05,9.48486404652e-08
71.45,2.4116235388e-06,8.35557307292e-05,9.39987328813e-08
71.5,2.38881949944e-06,8.34639584195e-05,9.31566008664e-08
71.55,2.36623050331e-06,8.3372435638e-05,9.23220655992e-08
71.6,2.34385452871e-06,8.32811616244e-05,9.14949148168e-08
71.65,2.32168957287e-06,8.31901356181e-05,9.06750841892e-08
71.7,2.29973365182e-06,8.30993568559e-05,8.98625099358e-08
71.75,2.27798480014e-06,8.3008824573e-05,8.90572608477e-08
71.8,2.25644107085e-06,8.2918538001e-05,8.82595129297e-08
71.85,2.23511170525e-06,8.28289256357e-05,8.74688232744e-08
71.9,2.21398340034e-06,8.27397995811e-05,8.66851304017e-08
71.95,2.19305426669e-06,8.2650917447e-05,8.59083733562e-08
72.0,2.17232243254e-06,8.25622784317e-05,8.51387226456e-08
72.05,2.15178604367e-06,8.24738817298e-05,8.43760148398e-08
72.1,2.13144326323e-06,8.23857265358e-05,8.36200559448e-08
72.15,2.11129227156e-06,8.229785821e-05,8.28707871676e-08
72.2,2.09133126607e-06,8.22103383095e-05,8.2128150217e-08
72.25,2.07155846103e-06,8.2123174759e-05,8.13922079635e-08
72.3,2.05197208744e-06,8.20362503549e-05,8.06631212633e-08
72.35,2.03257039287e-06,8.19495642756e-05,7.99404853294e-08
72.4,2.01335164132e-06,8.18631157026e-05,7.92242439734e-08
72.45,1.99431411305e-06,8.17769038164e-05,7.85143414862e-08
72.5,1.97545610441e-06,8.16909277974e-05,7.78109337e-08
72.55,1.95677592773e-06,8.16051868229e-05,7.7113871251e-08
72.6,1.93827191115e-06,8.15196800708e-05,7.64229768421e-08
72.65,1.91994239847e-06,8.14344067199e-05,7.57381967405e-08
72.7,1.90178574901e-06,8.13499755238e-05,7.5059477672e-08
72.75,1.88380033746e-06,8.12657935984e-05,7.4386877096e-08
72.8,1.86598455374e-06,8.11818429574e-05,7.37205420238e-08
72.85,1.84834604004e-06,8.10981227515e-05,7.30601025083e-08
72.9,1.83087379531e-06,8.10146321782e-05,7.24055071968e-08
72.95,1.81356625707e-06,8.0931370391e-05,7.17567051752e-08
73.0,1.79642187746e-06,8.08483365435e-05,7.11138388635e-08
73.05,1.7794391231e-06,8.07655297879e-05,7.04767717533e-08
73.1,1.76261647501e-06,8.06829492775e-05,6.98453418072e-08
73.15,1.74595242839e-06,8.06005941671e-05,6.92194999173e-08
73.2,1.72944549258e-06,8.05184636122e-05,6.85991973946e-08
73.25,1.71309419084e-06,8.04365567685e-05,6.79844867529e-08
73.3,1.6968970603e-06,8.03548727912e-05,6.73755023507e-08
73.35,1.68085265177e-06,8.02734108343e-05,6.67719060814e-08
73.4,1.66495952963e-06,8.01921700554e-05,6.61736510126e-08
73.45,1.64921627174e-06,8.01111496128e-05,6.5580690612e-08
73.5,1.63362146924e-06,8.00303486654e-05,6.49931550417e-08
73.55,1.61817372652e-06,7.99499555314e-05,6.44109195426e-08
73.6,1.60287166099e-06,7.98701736644e-05,6.38338360236e-08
73.65,1.58771390306e-06,7.97906131185e-05,6.32618596033e-08
73.7,1.57269909594e-06,7.97113990876e-05,6.26949457835e-08
73.75,1.55782589559e-06,7.96325064323e-05,6.21331425582e-08
73.8,1.54309297051e-06,7.9553852636e-05,6.15765727216e-08
73.85,1.5285066405e-06,7.9475413501e-05,6.10249272678e-08
73.9,1.51405780813e-06,7.93971881994e-05,6.04781633036e-08
73.95,1.4997451813e-06,7.93191758689e-05,5.99362383019e-08
74.0,1.48556747998e-06,7.92413756485e-05,5.93992712218e-08
74.05,1.47152343615e-06,7.9163786677e-05,5.88671480419e-08
74.1,1.45761179365e-06,7.90864080954e-05,5.83397334174e-08
74.15,1.44383130809e-06,7.90092390472e-05,5.78169863297e-08
74.2,1.43018074674e-06,7.89322786773e-05,5.72988661104e-08
74.25,1.41665888842e-06,7.88555261321e-05,5.67854166228e-08
74.3,1.40326452338e-06,7.87789805588e-05,5.62767500924e-08
74.35,1.38999645319e-06,7.87026411047e-05,5.5772584109e-08
74.4,1.37685349068e-06,7.8626506921e-05,5.52728794711e-08
74.45,1.36383445976e-06,7.85505771606e-05,5.47775973119e-08
74.5,1.3509381954e-06,7.84751435927e-05,5.4286846352e-08
74.55,1.33816354345e-06,7.84001588879e-05,5.38005223835e-08
74.6,1.32550936059e-06,7.83253762725e-05,5.33185017106e-08
74.65,1.31297451422e-06,7.82507948879e-05,5.28407468451e-08
74.7,1.30055788234e-06,7.81764138772e-05,5.2367220619e-08
74.75,1.28825835345e-06,7.81022323856e-05,5.18979631202e-08
74.8,1.27607482649e-06,7.80282495596e-05,5.14330769151e-08
74.85,1.26401252765e-06,7.79544645463e-05,5.09723039003e-08
74.9,1.25206393375e-06,7.78808765257e-05,5.05156082484e-08
74.95,1.24022797626e-06,7.78074846503e-05,5.00629544376e-08
75.0,1.22850359666e-06,7.77342880752e-05,4.96144418311e-08
75.05,1.21688974633e-06,7.76612859558e-05,4.91699751902e-08
75.1,1.2053853865e-06,7.75884774506e-05,4.87294414653e-08
75.15,1.1939894881e-06,7.75158617208e-05,4.82928063948e-08
75.2,1.18270103171e-06,7.74435327255e-05,4.78600360097e-08
75.25,1.17151900746e-06,7.73714951496e-05,4.74311669476e-08
75.3,1.16044241495e-06,7.72997091312e-05,4.70062929472e-08
75.35,1.14947026312e-06,7.72281133866e-05,4.65851781196e-08
75.4,1.13860157022e-06,7.71567070796e-05,4.61677897212e-08
75.45,1.12783536369e-06,7.70854893768e-05,4.57540952873e-08
75.5,1.11717068008e-06,7.70146894418e-05,4.53441856293e-08
75.55,1.10660656497e-06,7.69443418841e-05,4.49379737053e-08
75.6,1.09614207287e-06,7.6874180587e-05,4.45353561959e-08
75.65,1.08577626717e-06,7.680420471e-05,4.41363017885e-08
75.7,1.07550822002e-06,7.67344134154e-05,4.37407794374e-08
75.75,1.06533701226e-06,7.66648058679e-05,4.33488226272e-08
75.8,1.05526173336e-06,7.65953812344e-05,4.29605170284e-08
75.85,1.04528670516e-06,7.65261386831e-05,4.2575647055e-08
75.9,1.0354057063e-06,7.64570774099e-05,4.21941827812e-08
75.95,1.02561785314e-06,7.63881965897e-05,4.1816094537e-08
76.0,1.01592227034e-06,7.63194953998e-05,4.14414653173e-08
76.05,1.00631809073e-06,7.62509730192e-05,4.10702155722e-08
76.1,9.96804455287e-07,7.61826286299e-05,4.07022508746e-08
76.15,9.87380513015e-07,7.61144614175e-05,4.0337542607e-08
76.2,9.78045420897e-07,7.60464705701e-05,3.9976062396e-08
76.25,9.6879834381e-07,7.59786552785e-05,3.96178408438e-08
76.3,9.59638454455e-07,7.59110147357e-05,3.92629562477e-08
76.35,9.5056493328e-07,7.58435481363e-05,3.89112115766e-08
76.4,9.41576968412e-07,7.57762546794e-05,3.85625794808e-08
76.45,9.32673755584e-07,7.57091335667e-05,3.82170328436e-08
76.5,9.23854498063e-07,7.56421840027e-05,3.78746475168e-08
76.55,9.15118406579e-07,7.55754051935e-05,3.75353507972e-08
76.6,9.0646469926e-07,7.55091963617e-05,3.71990563851e-08
76.65,8.97892601556e-07,7.54432097203e-05,3.68657381258e-08
76.7,8.89401346176e-07,7.53774453966e-05,3.6535370088e-08
76.75,8.80990173018e-07,7.53119477928e-05,3.62079802403e-08
76.8,8.72658329104e-07,7.52467135263e-05,3.58836401407e-08
76.85,8.64409388422e-07,7.51816461953e-05,3.55621697166e-08
76.9,8.56238206159e-07,7.51167450233e-05,3.5243543972e-08
76.95,8.4814405159e-07,7.50520092177e-05,3.49277381243e-08
77.0,8.40126200832e-07,7.49874379886e-05,3.46148214968e-08
77.05,8.32183936783e-07,7.49230305486e-05,3.43047276437e-08
77.1,8.24316549055e-07,7.48587861134e-05,3.3997377693e-08
77.15,8.16523333916e-07,7.47947039023e-05,3.36927477412e-08
77.2,8.08803594222e-07,7.47307831377e-05,3.33908140889e-08
77.25,8.01156639363e-07,7.4667023045e-05,3.30916022973e-08
77.3,7.93581785195e-07,7.4603422852e-05,3.27951777656e-08
77.35,7.86078353982e-07,7.45399817889e-05,3.25013759199e-08
77.4,7.78645674339e-07,7.44766990901e-05,3.22101739155e-08
77.45,7.7128308117e-07,7.44135739931e-05,3.19215491028e-08
77.5,7.63989915608e-07,7.43506057384e-05,3.16355648385e-08
77.55,7.56765524961e-07,7.42877935685e-05,3.13521603958e-08
77.6,7.4960926265e-07,7.42251367296e-05,3.1071263691e-08
77.65,7.42520488157e-07,7.41626344712e-05,3.07928528781e-08
77.7,7.35498566962e-07,7.41002860458e-05,3.05169062974e-08
77.75,7.28542870492e-07,7.4038325193e-05,3.02434473101e-08
77.8,7.21652776065e-07,7.39766937966e-05,2.99725356865e-08
77.85,7.14831239222e-07,7.39152140968e-05,2.97040210174e-08
77.9,7.08074005415e-07,7.38538853613e-05,2.94378824244e-08
77.95,7.01380470362e-07,7.37927068449e-05,2.91740992072e-08
78.0,6.94750035443e-07,7.37316778055e-05,2.89127292696e-08
78.05,6.88182107643e-07,7.36707975036e-05,2.86537171113e-08
78.1,6.81676099502e-07,7.3610065203e-05,2.8396996853e-08
78.15,6.75231429059e-07,7.35494801713e-05,2.81425485288e-08
78.2,6.68847519808e-07,7.34890566684e-05,2.78903523432e-08
78.25,6.62523800641e-07,7.34288876494e-05,2.76404296468e-08
78.3,6.56259705798e-07,7.33689720399e-05,2.73928350656e-08
78.35,6.50054674821e-07,7.33092123531e-05,2.71474311358e-08
78.4,6.439081525e-07,7.32495971153e-05,2.6904198776e-08
78.45,6.37819588829e-07,7.31901256048e-05,2.66631190677e-08
78.5,6.31788438952e-07,7.31307971034e-05,2.64242449308e-08
78.55,6.2581416312e-07,7.30716108952e-05,2.6187525642e-08
78.6,6.19896226637e-07,7.30125662677e-05,2.5952900992e-08
78.65,6.14034099821e-07,7.29536625122e-05,2.57203527335e-08
78.7,6.08227257951e-07,7.28948989228e-05,2.54898627746e-08
78.75,6.02475181223e-07,7.28362747969e-05,2.52614506285e-08
78.8,5.96777354702e-07,7.27777894348e-05,2.50351662194e-08
78.85,5.91136222503e-07,7.27194421392e-05,2.4810883915e-08
78.9,5.85548266285e-07,7.26612322295e-05,2.45885862761e-08
78.95,5.80012986335e-07,7.26031590153e-05,2.43682560125e-08
79.0,5.74529887617e-07,7.25453102496e-05,2.41499414895e-08
79.05,5.69098479732e-07,7.24878799466e-05,2.39335963493e-08
79.1,5.63718276874e-07,7.24305843686e-05,2.37191655649e-08
79.15,5.58388797786e-07,7.23734228267e-05,2.35066324593e-08
79.2,5.53109565721e-07,7.23163946354e-05,2.3295980498e-08
79.25,5.47880108395e-07,7.22594991121e-05,2.30872275146e-08
79.3,5.42699957948e-07,7.22027355774e-05,2.28804191364e-08
79.35,5.37568650905e-07,7.21461033543e-05,2.2675440544e-08
79.4,5.32485728131e-07,7.208960177e-05,2.24722757995e-08
79.45,5.2745073479e-07,7.20332301548e-05,2.22709091005e-08
79.5,5.22463220311e-07,7.19769878423e-05,2.20713846497e-08
79.55,5.17522738343e-07,7.19208741686e-05,2.18736600793e-08
79.6,5.12628846715e-07,7.18648884731e-05,2.16776850984e-08
79.65,5.077811074e-07,7.18090300989e-05,2.14834444653e-08
79.7,5.02979086476e-07,7.17532983921e-05,2.12909230686e-08
79.75,4.98222354086e-07,7.16977914374e-05,2.1100137207e-08
79.8,4.93510484401e-07,7.16425023533e-05,2.09111285808e-08
79.85,4.88845498603e-07,7.15873842656e-05,2.0723792253e-08
79.9,4.84224487169e-07,7.15323910558e-05,2.05381136571e-08
79.95,4.79647036856e-07,7.14775220775e-05,2.03540783513e-08
80.0,4.75112738288e-07,7.14227766877e-05,2.01717267335e-08
80.05,4.70621185928e-07,7.13681542459e-05,1.99910200825e-08
80.1,4.66171978032e-07,7.13136541151e-05,1.98119124359e-08
80.15,4.61764716621e-07,7.12592756615e-05,1.96343898638e-08
80.2,4.57399007444e-07,7.12050182546e-05,1.94584385556e-08
80.25,4.53074459943e-07,7.11508812668e-05,1.9284073407e-08
80.3,4.48790687216e-07,7.10968640735e-05,1.91113325292e-08
80.35,4.44547305988e-07,7.10429660526e-05,1.89401200171e-08
80.4,4.40343936572e-07,7.09893708674e-05,1.87704225579e-08
80.45,4.3618020284e-07,7.09360426698e-05,1.86022269527e-08
80.5,4.32055732186e-07,7.08828318798e-05,1.84355701225e-08
80.55,4.27970155496e-07,7.08297378783e-05,1.82704166788e-08
80.6,4.23923107113e-07,7.07767600498e-05,1.8106724615e-08
80.65,4.19914224808e-07,7.0723897782e-05,1.79444812003e-08
80.7,4.15943149744e-07,7.06711504657e-05,1.77836738127e-08
80.75,4.12009526446e-07,7.0618517495e-05,1.76243160657e-08
80.8,4.08113002773e-07,7.05659982667e-05,1.74664427905e-08
80.85,4.04255250157e-07,7.05135921803e-05,1.73099663364e-08
80.9,4.00433862544e-07,7.04612986475e-05,1.71548745364e-08
80.95,3.96648498197e-07,7.04091170743e-05,1.70011553276e-08
81.0,3.9289881858e-07,7.03570468697e-05,1.68488424532e-08
81.05,3.8918448833e-07,7.03050874457e-05,1.66979035706e-08
81.1,3.85505175222e-07,7.02532382169e-05,1.65483002888e-08
81.15,3.81860550142e-07,7.02014986018e-05,1.64000209725e-08
81.2,3.78250287063e-07,7.01498680213e-05,1.62530540861e-08
81.25,3.74674063006e-07,7.00984066738e-05,1.61074120715e-08
81.3,3.71131558022e-07,7.00471449268e-05,1.5963126762e-08
81.35,3.67622455157e-07,6.99960699425e-05,1.58201180508e-08
81.4,3.64146440425e-07,6.99451024791e-05,1.56783748182e-08
81.45,3.60703202784e-07,6.98942419653e-05,1.55378860395e-08
81.5,3.57292434104e-07,6.98434878326e-05,1.53986825537e-08
81.55,3.53913829143e-07,6.97928395153e-05,1.52607348019e-08
81.6,3.50567085517e-07,6.97422964509e-05,1.51240076971e-08
81.65,3.47251903678e-07,6.96918580798e-05,1.49884906059e-08
81.7,3.43967986882e-07,6.96415238456e-05,1.48541729852e-08
81.75,3.40715041166e-07,6.95912931947e-05,1.47210662062e-08
81.8,3.37492775324e-07,6.95411655762e-05,1.45891993622e-08
81.85,3.34302571562e-07,6.94911404419e-05,1.44584992413e-08
81.9,3.31142440171e-07,6.94412559721e-05,1.43289556807e-08
81.95,3.28012098549e-07,6.93917310915e-05,1.42005586047e-08
82.0,3.24911266741e-07,6.93423072929e-05,1.40733361979e-08
82.05,3.21839667414e-07,6.9292983909e-05,1.39472614456e-08
82.1,3.18797025832e-07,6.9243760398e-05,1.38223022807e-08
82.15,3.15783069833e-07,6.91946362213e-05,1.36984489849e-08
82.2,3.12797529803e-07,6.91456108431e-05,1.35756919226e-08
82.25,3.09840138655e-07,6.90966837307e-05,1.34540414863e-08
82.3,3.06910631801e-07,6.90478543539e-05,1.33335242653e-08
82.35,3.04008747134e-07,6.89991221854e-05,1.32140733488e-08
82.4,3.01134225002e-07,6.8950486701e-05,1.3095679449e-08
82.45,2.98286808185e-07,6.89019473794e-05,1.29783333571e-08
82.5,2.95466241871e-07,6.88535037023e-05,1.28620608321e-08
82.55,2.92672273638e-07,6.88051551536e-05,1.27468371842e-08
82.6,2.89904653428e-07,6.87569012206e-05,1.26326331066e-08
82.65,2.87163133526e-07,6.87087413932e-05,1.25194397171e-08
82.7,2.84447468536e-07,6.86606751643e-05,1.24072482097e-08
82.75,2.81757415364e-07,6.86127265212e-05,1.22960680822e-08
82.8,2.79092733194e-07,6.85649614892e-05,1.21859236356e-08
82.85,2.76454565054e-07,6.85173997911e-05,1.2076753718e-08
82.9,2.73841265536e-07,6.84699304538e-05,1.19685498408e-08
82.95,2.71252600939e-07,6.84225529764e-05,1.18613035878e-08
83.0,2.68688339752e-07,6.83752668611e-05,1.038470095e-08
83.05,2.66148252633e-07,6.83280829465e-05,1.01392548139e-08
83.1,2.63632112386e-07,6.82809904731e-05,1.00484097101e-08
83.15,2.61139693943e-07,6.82339876726e-05,9.958368609e-09
83.2,2.58670774346e-07,6.81870740606e-05,9.86912450478e-09
83.25,2.56225132723e-07,6.81402491557e-05,9.78068711146e-09
83.3,2.53802550272e-07,6.80935124789e-05,6.95240456085e-09
83.35,2.51402810241e-07,6.80468861394e-05,6.58529288324e-09
83.4,2.49025697909e-07,6.80003492045e-05,6.52628795814e-09
83.45,2.46671000563e-07,6.7953898655e-05,6.46780526836e-09
83.5,2.44338507487e-07,6.7907534028e-05,5.03951793805e-09
83.55,2.42028009937e-07,6.78612661288e-05,4.84195803758e-09
83.6,2.39739301125e-07,6.78152170109e-05,4.79857542152e-09
83.65,2.37472176201e-07,6.77693821619e-05,4.75557675197e-09
83.7,2.35226432233e-07,6.77236313168e-05,4.71295868333e-09
83.75,2.33001868192e-07,6.7677964021e-05,3.30039557356e-09
83.8,2.30798284932e-07,6.76323909301e-05,1.74808173133e-09
83.85,2.28616627692e-07,6.75869126332e-05,1.58000513795e-09
83.9,2.26455535785e-07,6.75415173783e-05,1.56584497267e-09
83.95,2.24314815952e-07,6.7496203471e-05,1.5518101697e-09
84.0,2.22194276742e-07,6.74509704742e-05,1.53789963616e-09
84.05,2.20093728498e-07,6.74058179536e-05,1.53789963554e-10
84.1,2.18012983338e-07,6.73607565453e-05,0.0
84.15,2.15951855141e-07,6.73157757931e-05,0.0
84.2,2.13910159529e-07,6.72708740212e-05,0.0
84.25,2.11887713851e-07,6.72260508072e-05,0.0
84.3,2.09884337166e-07,6.71814085302e-05,0.0
84.35,2.07899850228e-07,6.71369302926e-05,0.0
84.4,2.05934075472e-07,6.70925628925e-05,0.0
84.45,2.03986836995e-07,6.7048273121e-05,0.0
84.5,2.02057960541e-07,6.70040605605e-05,0.0
84.55,2.00147273488e-07,6.69599247958e-05,0.0
84.6,1.98254604831e-07,6.69158654139e-05,0.0
84.65,1.96379785167e-07,6.68718820043e-05,0.0
84.7,1.9452264668e-07,6.68279741587e-05,0.0
84.75,1.92683023127e-07,6.67841414712e-05,0.0
84.8,1.90860749823e-07,6.67403835381e-05,0.0
84.85,1.89056608441e-07,6.66966999579e-05,0.0
84.9,1.8726947375e-07,6.66530903354e-05,0.0
84.95,1.8549918593e-07,6.66095542736e-05,0.0
85.0,1.83745586662e-07,6.65660913776e-05,0.0
85.05,1.82008519105e-07,6.65227012551e-05,0.0
85.1,1.8028782789e-07,6.64793835157e-05,0.0
85.15,1.78583359101e-07,6.64361377714e-05,0.0
85.2,1.76894960266e-07,6.63929636363e-05,0.0
85.25,1.75222480339e-07,6.63498607268e-05,0.0
85.3,1.73565769691e-07,6.63068286613e-05,0.0
85.35,1.71924680092e-07,6.62638670606e-05,0.0
85.4,1.53891233234e-07,6.62209755475e-05,0.0
85.45,1.27812052462e-07,6.61781130919e-05,0.0
85.5,1.26603476153e-07,6.61354300686e-05,0.0
85.55,1.25406296779e-07,6.60928193045e-05,0.0
85.6,1.24220407193e-07,6.60502800252e-05,0.0
85.65,1.23045701252e-07,6.60078118226e-05,0.0
85.7,1.21882073808e-07,6.59654142911e-05,0.0
85.75,1.20729420699e-07,6.59230870276e-05,0.0
85.8,1.19587638736e-07,6.58808968307e-05,0.0
85.85,1.18457217693e-07,6.58388619475e-05,0.0
85.9,1.17337452534e-07,6.57969611732e-05,0.0
85.95,1.16228243122e-07,6.57551298012e-05,0.0
86.0,1.15129490256e-07,6.57133674341e-05,0.0
86.05,1.14041095666e-07,6.56716736773e-05,0.0
86.1,1.12962962003e-07,6.56300481383e-05,0.0
86.15,1.11894992827e-07,6.55884904276e-05,0.0
86.2,1.10837092603e-07,6.55470001577e-05,0.0
86.25,1.09789166692e-07,6.55055769439e-05,0.0
86.3,1.08751121338e-07,6.54642204037e-05,0.0
86.35,1.07722863667e-07,6.54229301573e-05,0.0
86.4,1.06704301673e-07,6.53817058272e-05,0.0
86.45,1.05695344212e-07,6.53405470382e-05,0.0
86.5,1.04695900994e-07,6.52994534176e-05,0.0
86.55,1.03705882575e-07,6.52584245951e-05,0.0
86.6,1.0272520035e-07,6.52174602028e-05,0.0
86.65,1.01753766543e-07,6.51765598749e-05,0.0
86.7,1.007914942e-07,6.51357232483e-05,0.0
86.75,9.98382971824e-08,6.5094949962e-05,0.0
86.8,9.88940901591e-08,6.50542396573e-05,0.0
86.85,9.79592781527e-08,6.50135919779e-05,0.0
86.9,9.70332781267e-08,6.49730065716e-05,0.0
86.95,9.61160072716e-08,6.49324830864e-05,0.0
87.0,9.52073835534e-08,6.4892021173e-05,0.0
87.05,9.43073257063e-08,6.48516204837e-05,0.0
87.1,9.34157532256e-08,6.48112806735e-05,0.0
87.15,9.25325863607e-08,6.47710013995e-05,0.0
87.2,9.1657746108e-08,6.47307823208e-05,0.0
87.25,9.07911542036e-08,6.4690623099e-05,0.0
87.3,8.9932733117e-08,6.46505563664e-05,0.0
87.35,8.90824060438e-08,6.46106342369e-05,0.0
87.4,8.82400968992e-08,6.45708663306e-05,0.0
87.45,8.7405730311e-08,6.45311576587e-05,0.0
87.5,8.65792316133e-08,6.44915078865e-05,0.0
87.55,8.57605268394e-08,6.44520746302e-05,0.0
87.6,8.49495427159e-08,6.44127460981e-05,0.0
87.65,8.41462066558e-08,6.43734756082e-05,0.0
87.7,8.33504467523e-08,6.43342628296e-05,0.0
87.75,8.25621917723e-08,6.42951074331e-05,0.0
87.8,8.17813711501e-08,6.42560090921e-05,0.0
87.85,8.10083198229e-08,6.42169674819e-05,0.0
87.9,8.02425556434e-08,6.41779822815e-05,0.0
87.95,7.94840101314e-08,6.41390531704e-05,0.0
88.0,7.87326154483e-08,6.41001798303e-05,0.0
88.05,7.79883043906e-08,6.40613619448e-05,0.0
88.1,7.72510103841e-08,6.40225991997e-05,0.0
88.15,7.65206674784e-08,6.39838912829e-05,0.0
88.2,7.57972103406e-08,6.39452378842e-05,0.0
88.25,7.50805742499e-08,6.39066386955e-05,0.0
88.3,7.43706950916e-08,6.38680934107e-05,0.0
88.35,7.36675093516e-08,6.38296017258e-05,0.0
88.4,7.29709541109e-08,6.37911633386e-05,0.0
88.45,7.22809670397e-08,6.37527779491e-05,0.0
88.5,7.15974863924e-08,6.37144452591e-05,0.0
88.55,7.09204510016e-08,6.36761649723e-05,0.0
88.6,7.02498002732e-08,6.36379367947e-05,0.0
88.65,6.95854741807e-08,6.35997604338e-05,0.0
88.7,6.89274132601e-08,6.35616355993e-05,0.0
88.75,6.82755586045e-08,6.35235620027e-05,0.0
88.8,6.7629851859e-08,6.34855393573e-05,0.0
88.85,6.69905700029e-08,6.34476741758e-05,0.0
88.9,6.63573143202e-08,6.34099405565e-05,0.0
88.95,6.57300281806e-08,6.33722794155e-05,0.0
89.0,6.51086554842e-08,6.33346687857e-05,0.0
89.05,6.44931406565e-08,6.32971083834e-05,0.0
89.1,6.38834286435e-08,6.32595979267e-05,0.0
89.15,6.32794649067e-08,6.32221371353e-05,0.0
89.2,6.26811954186e-08,6.31847257311e-05,0.0
89.25,6.20885666577e-08,6.31473634376e-05,0.0
89.3,6.15015256037e-08,6.31100499803e-05,0.0
89.35,6.09200197332e-08,6.30727850863e-05,0.0
89.4,6.03439970145e-08,6.30355684848e-05,0.0
89.45,5.97734059037e-08,6.29983999065e-05,0.0
89.5,5.92081953396e-08,6.2961279084e-05,0.0
89.55,5.86483147392e-08,6.29242057517e-05,0.0
89.6,5.80937139936e-08,6.28871796457e-05,0.0
89.65,5.75443434635e-08,6.28502005039e-05,0.0
89.7,5.70001539745e-08,6.28132680658e-05,0.0
89.75,5.64610968131e-08,6.27763820729e-05,0.0
89.8,5.5927123722e-08,6.27395422681e-05,0.0
89.85,5.5398463752e-08,6.27028623744e-05,0.0
89.9,5.48747871811e-08,6.26662931714e-05,0.0
89.95,5.43560471783e-08,6.26297695566e-05,0.0
90.0,5.38421973515e-08,6.25932912752e-05,0.0
90.05,5.33331917426e-08,6.25568580742e-05,0.0
90.1,5.28289848244e-08,6.25204697022e-05,0.0
90.15,5.23295314957e-08,6.24841259095e-05,0.0
90.2,5.18347870779e-08,6.2447826448e-05,0.0
90.25,5.1344707311e-08,6.24115710714e-05,0.0
90.3,5.08592483494e-08,6.23753595349e-05,0.0
90.35,5.03783667584e-08,6.23392647224e-05,0.0
90.4,4.99020195098e-08,6.23032941564e-05,0.0
90.45,4.9430163979e-08,6.22674191147e-05,0.0
90.5,4.89627579403e-08,6.22315876198e-05,0.0
90.55,4.84997595639e-08,6.21957994288e-05,0.0
90.6,4.80411274117e-08,6.21600543003e-05,0.0
90.65,4.75868204339e-08,6.21243519947e-05,0.0
90.7,4.71367979654e-08,6.2088692274e-05,0.0
90.75,4.6691019722e-08,6.20530749015e-05,0.0
90.8,4.62494457971e-08,6.20174996426e-05,0.0
90.85,4.58122656061e-08,6.19819662638e-05,0.0
90.9,4.53792064826e-08,6.19464745344e-05,0.0
90.95,4.49502296992e-08,6.19110242242e-05,0.0
91.0,4.45252968914e-08,6.18756151045e-05,0.0
91.05,4.41043700539e-08,6.18402469483e-05,0.0
91.1,4.36874115375e-08,6.18049195301e-05,0.0
91.15,4.32743840453e-08,6.17696326258e-05,0.0
91.2,4.28652506301e-08,6.17343860129e-05,0.0
91.25,4.24599746905e-08,6.16991794704e-05,0.0
91.3,4.20585199681e-08,6.16640127789e-05,0.0
91.35,4.1660850544e-08,6.16288857202e-05,0.0
91.4,2.48590993665e-08,6.15937980779e-05,0.0
91.45,0.0,6.15586878771e-05,0.0
91.5,0.0,6.15235250737e-05,0.0
91.55,0.0,6.14884037115e-05,0.0
91.6,0.0,6.14533235452e-05,0.0
91.65,0.0,6.14182843311e-05,0.0
91.7,0.0,6.13832858275e-05,0.0
91.75,0.0,6.13483277943e-05,0.0
91.8,0.0,6.13134099934e-05,0.0
91.85,0.0,6.12785728136e-05,0.0
91.9,0.0,6.12438560243e-05,0.0
91.95,0.0,6.1209260188e-05,0.0
92.0,0.0,6.11747043068e-05,0.0
92.05,0.0,6.11401881451e-05,0.0
92.1,0.0,6.1105711469e-05,0.0
92.15,0.0,6.10712740462e-05,0.0
92.2,0.0,6.10368756464e-05,0.0
92.25,0.0,6.10025160406e-05,0.0
92.3,0.0,6.09681950019e-05,0.0
92.35,0.0,6.0933912305e-05,0.0
92.4,0.0,6.08997356208e-05,0.0
92.45,0.0,6.0865687197e-05,0.0
92.5,0.0,6.0831676604e-05,0.0
92.55,0.0,6.07977036194e-05,0.0
92.6,0.0,6.07637680221e-05,0.0
92.65,0.0,6.07298695929e-05,0.0
92.7,0.0,6.06960081143e-05,0.0
92.75,0.0,6.06621833703e-05,0.0
92.8,0.0,6.06283951464e-05,0.0
92.85,0.0,6.059464323e-05,0.0
92.9,0.0,6.05609274098e-05,0.0
92.95,0.0,6.05272474763e-05,0.0
93.0,0.0,6.04936032215e-05,0.0
93.05,0.0,6.04599944388e-05,0.0
93.1,0.0,6.04264209235e-05,0.0
93.15,0.0,6.03928824719e-05,0.0
93.2,0.0,6.03593788824e-05,0.0
93.25,0.0,6.03259099545e-05,0.0
93.3,0.0,6.02924754894e-05,0.0
93.35,0.0,6.02590845079e-05,0.0
93.4,0.0,6.02258197868e-05,0.0
93.45,0.0,6.01926748456e-05,0.0
93.5,0.0,6.01595759897e-05,0.0
93.55,0.0,6.0126511259e-05,0.0
93.6,0.0,6.00934804573e-05,0.0
93.65,0.0,6.00604833901e-05,0.0
93.7,0.0,6.0027519864e-05,0.0
93.75,0.0,5.99945896873e-05,0.0
93.8,0.0,5.99616926697e-05,0.0
93.85,0.0,5.99288286222e-05,0.0
93.9,0.0,5.98959973574e-05,0.0
93.95,0.0,5.98631986891e-05,0.0
94.0,0.0,5.98304324326e-05,0.0
94.05,0.0,5.97976984046e-05,0.0
94.1,0.0,5.97649964232e-05,0.0
94.15,0.0,5.97323263077e-05,0.0
94.2,0.0,5.96996878788e-05,0.0
94.25,0.0,5.96670809588e-05,0.0
94.3,0.0,5.96345053708e-05,0.0
94.35,0.0,5.96019609398e-05,0.0
94.4,0.0,5.95694474917e-05,0.0
94.45,0.0,5.95369648539e-05,0.0
94.5,0.0,5.9504512855e-05,0.0
94.55,0.0,5.94720913249e-05,0.0
94.6,0.0,5.94397000947e-05,0.0
94.65,0.0,5.9407338997e-05,0.0
94.7,0.0,5.93750078654e-05,0.0
94.75,0.0,5.93427065348e-05,0.0
94.8,0.0,5.93104348414e-05,0.0
94.85,0.0,5.92781926226e-05,0.0
94.9,0.0,5.92460582826e-05,0.0
94.95,0.0,5.92140296477e-05,0.0
95.0,0.0,5.91820711332e-05,0.0
95.05,0.0,5.91501420792e-05,0.0
95.1,0.0,5.9118242323e-05,0.0
95.15,0.0,5.90863717035e-05,0.0
95.2,0.0,5.90545300603e-05,0.0
95.25,0.0,5.90228268213e-05,0.0
95.3,0.0,5.89911814955e-05,0.0
95.35,0.0,5.89595648438e-05,0.0
95.4,0.0,5.89279767072e-05,0.0
95.45,0.0,5.88964169282e-05,0.0
95.5,0.0,5.88648853502e-05,0.0
95.55,0.0,5.88333818178e-05,0.0
95.6,0.0,5.8801906177e-05,0.0
95.65,0.0,5.87704582746e-05,0.0
95.7,0.0,5.87390379588e-05,0.0
95.75,0.0,5.87076450789e-05,0.0
95.8,0.0,5.86762794854e-05,0.0
95.85,0.0,5.86449410297e-05,0.0
95.9,0.0,5.86136295644e-05,0.0
95.95,0.0,5.85823449434e-05,0.0
96.0,0.0,5.85510870215e-05,0.0
96.05,0.0,5.85198556546e-05,0.0
96.1,0.0,5.84886506997e-05,0.0
96.15,0.0,5.8457472015e-05,0.0
96.2,0.0,5.84263194595e-05,0.0
96.25,0.0,5.83951928935e-05,0.0
96.3,0.0,5.83640921783e-05,0.0
96.35,0.0,5.83330171761e-05,0.0
96.4,0.0,5.83020153232e-05,0.0
96.45,0.0,5.8271115304e-05,0.0
96.5,0.0,5.82403095174e-05,0.0
96.55,0.0,5.82095295102e-05,0.0
96.6,0.0,5.8178775144e-05,0.0
96.65,0.0,5.81480462814e-05,0.0
96.7,0.0,5.81173427862e-05,0.0
96.75,0.0,5.80866645229e-05,0.0
96.8,0.0,5.80560113575e-05,0.0
96.85,0.0,5.80253831564e-05,0.0
96.9,0.0,5.79947797875e-05,0.0
96.95,0.0,5.79642011195e-05,0.0
97.0,0.0,5.79336470221e-05,0.0
97.05,0.0,5.79031173659e-05,0.0
97.1,0.0,5.78726120226e-05,0.0
97.15,0.0,5.78421308647e-05,0.0
97.2,0.0,5.78116737659e-05,0.0
97.25,0.0,5.77812406006e-05,0.0
97.3,0.0,5.77508312444e-05,0.0
97.35,0.0,5.77204455735e-05,0.0
97.4,0.0,5.76900834652e-05,0.0
97.45,0.0,5.76597447979e-05,0.0
97.5,0.0,5.76294294506e-05,0.0
97.55,0.0,5.75991373033e-05,0.0
97.6,0.0,5.75688682371e-05,0.0
97.65,0.0,5.75386221337e-05,0.0
97.7,0.0,5.75083988759e-05,0.0
97.75,0.0,5.74781983472e-05,0.0
97.8,0.0,5.74480204322e-05,0.0
97.85,0.0,5.74178650161e-05,0.0
97.9,0.0,5.73877495435e-05,0.0
97.95,0.0,5.7357735396e-05,0.0
98.0,0.0,5.73278336519e-05,0.0
98.05,0.0,5.72979573539e-05,0.0
98.1,0.0,5.7268103585e-05,0.0
98.15,0.0,5.72382722298e-05,0.0
98.2,0.0,5.7208463174e-05,0.0
98.25,0.0,5.7178676304e-05,0.0
98.3,0.0,5.71489115072e-05,0.0
98.35,0.0,5.71191995578e-05,0.0
98.4,0.0,5.70896012019e-05,0.0
98.45,0.0,5.70600248315e-05,0.0
98.5,0.0,5.70304702685e-05,0.0
98.55,0.0,5.70009374013e-05,0.0
98.6,0.0,5.69714261192e-05,0.0
98.65,0.0,5.69419363122e-05,0.0
98.7,0.0,5.6912467871e-05,0.0
98.75,0.0,5.68830206874e-05,0.0
98.8,0.0,5.68535946539e-05,0.0
98.85,0.0,5.68241896637e-05,0.0
98.9,0.0,5.6794805611e-05,0.0
98.95,0.0,5.67654423906e-05,0.0
99.0,0.0,5.67360998983e-05,0.0
99.05,0.0,5.67067780305e-05,0.0
99.1,0.0,5.66774766844e-05,0.0
99.15,0.0,5.66481957582e-05,0.0
99.2,0.0,5.66189351505e-05,0.0
99.25,0.0,5.6589694761e-05,0.0
99.3,0.0,5.65604744899e-05,0.0
99.35,0.0,5.65312742384e-05,0.0
99.4,0.0,5.65020939082e-05,0.0
99.45,0.0,5.64730169338e-05,0.0
99.5,0.0,5.64440323393e-05,0.0
99.55,0.0,5.64150982903e-05,0.0
99.6,0.0,5.63861843508e-05,0.0
99.65,0.0,5.63572904208e-05,0.0
99.7,0.0,5.63284164009e-05,0.0
99.75,0.0,5.62995621926e-05,0.0
99.8,0.0,5.62707276981e-05,0.0
99.85,0.0,5.62419128203e-05,0.0
99.9,0.0,5.6213117463e-05,0.0
99.95,0.0,5.61843415304e-05,0.0
100.0,0.0,5.61555849278e-05,0.0
