"time","AMPA","NMDA","GABAa"
0.0,0.0,0.0,0.0
0.05,0.0,0.0,0.0
0.1,0.0,0.0,0.0
0.15,0.0,0.0,0.0
0.2,0.0,0.0,0.0
0.25,0.0,0.0,0.0
0.3,0.0,0.0,0.0
0.35,0.0,0.0,0.0
0.4,0.0,0.0,0.0
0.45,0.0,0.0,0.0
0.5,0.0,0.0,0.0
0.55,0.0,0.0,0.0
0.6,0.0,0.0,0.0
0.65,0.0,0.0,0.0
0.7,0.0,0.0,0.0
0.75,0.0,0.0,0.0
0.8,0.0,0.0,0.0
0.85,0.0,0.0,0.0
0.9,0.0,0.0,0.0
0.95,0.0,0.0,0.0
1.0,0.0,0.0,0.0
1.05,0.0,0.0,0.0
1.1,0.0,0.0,0.0
1.15,0.0,0.0,0.0
1.2,0.0,0.0,0.0
1.25,0.0,0.0,0.0
1.3,0.0,0.0,0.0
1.35,0.0,0.0,0.0
1.4,0.0,0.0,0.0
1.45,0.0,0.0,0.0
1.5,0.0,0.0,0.0
1.55,0.0,0.0,0.0
1.6,0.0,0.0,0.0
1.65,0.0,0.0,0.0
1.7,0.0,0.0,0.0
1.75,0.0,0.0,0.0
1.8,0.0,0.0,0.0
1.85,0.0,0.0,0.0
1.9,0.0,0.0,0.0
1.95,0.0,0.0,0.0
2.0,0.0,0.0,0.0
2.05,0.0,0.0,0.0
2.1,0.0,0.0,0.0
2.15,0.0,0.0,0.0
2.2,0.0,0.0,0.0
2.25,0.0,0.0,0.0
2.3,0.0,0.0,0.0
2.35,0.0,0.0,0.0
2.4,0.0,0.0,0.0
2.45,0.0,0.0,0.0
2.5,0.0,0.0,0.0
2.55,0.0,0.0,0.0
2.6,0.0,0.0,0.0
2.65,0.0,0.0,0.0
2.7,0.0,0.0,0.0
2.75,0.0,0.0,0.0
2.8,0.0,0.0,0.0
2.85,0.0,0.0,0.0
2.9,0.0,0.0,0.0
2.95,0.0,0.0,0.0
3.0,0.0,0.0,0.0
3.05,0.0,0.0,0.0
3.1,0.0,0.0,0.0
3.15,0.0,0.0,0.0
3.2,0.0,0.0,0.0
3.25,0.0,0.0,0.0
3.3,0.0,0.0,0.0
3.35,0.0,0.0,0.0
3.4,0.0,0.0,0.0
3.45,0.0,0.0,0.0
3.5,0.0,0.0,0.0
3.55,0.0,0.0,0.0
3.6,0.0,0.0,0.0
3.65,0.0,0.0,0.0
3.7,0.0,0.0,0.0
3.75,0.0,0.0,0.0
3.8,0.0,0.0,0.0
3.85,0.0,0.0,0.0
3.9,0.0,0.0,0.0
3.95,0.0,0.0,0.0
4.0,0.0,0.0,0.0
4.05,0.0,0.0,0.0
4.1,0.0,0.0,0.0
4.15,0.0,0.0,0.0
4.2,0.0,0.0,0.0
4.25,0.0,0.0,0.0
4.3,0.0,0.0,0.0
4.35,0.0,0.0,0.0
4.4,0.0,0.0,0.0
4.45,0.0,0.0,0.0
4.5,0.0,0.0,0.0
4.55,0.0,0.0,0.0
4.6,0.0,0.0,0.0
4.65,0.0,0.0,0.0
4.7,0.0,0.0,0.0
4.75,0.0,0.0,0.0
4.8,0.0,0.0,0.0
4.85,0.0,0.0,0.0
4.9,0.0,0.0,0.0
4.95,0.0,0.0,0.0
5.0,0.0,0.0,0.0
5.05,0.0,0.0,0.0
5.1,0.0,0.0,0.0
5.15,0.0,0.0,0.0
5.2,0.0,0.0,0.0
5.25,0.0,0.0,0.0
5.3,0.0,0.0,0.0
5.35,0.0,0.0,0.0
5.4,0.0,0.0,0.0
5.45,0.0,0.0,0.0
5.5,0.0,0.0,0.0
5.55,0.0,0.0,0.0
5.6,0.0,0.0,0.0
5.65,0.0,0.0,0.0
5.7,0.0,0.0,0.0
5.75,0.0,0.0,0.0
5.8,0.0,0.0,0.0
5.85,0.0,0.0,0.0
5.9,0.0,0.0,0.0
5.95,0.0,0.0,0.0
6.0,0.0,0.0,0.0
6.05,0.0,0.0,0.0
6.1,0.0,0.0,0.0
6.15,0.0,0.0,0.0
6.2,0.0,0.0,0.0
6.25,0.0,0.0,0.0
6.3,0.0,0.0,0.0
6.35,0.0,0.0,0.0
6.4,0.0,0.0,0.0
6.45,0.0,0.0,0.0
6.5,0.0,0.0,0.0
6.55,0.0,0.0,0.0
6.6,0.0,0.0,0.0
6.65,0.0,0.0,0.0
6.7,0.0,0.0,0.0
6.75,0.0,0.0,0.0
6.8,0.0,0.0,0.0
6.85,0.0,0.0,0.0
6.9,0.0,0.0,0.0
6.95,0.0,0.0,0.0
7.0,0.0,0.0,0.0
7.05,0.0,0.0,0.0
7.1,0.0,0.0,0.0
7.15,0.0,0.0,0.0
7.2,0.0,0.0,0.0
7.25,0.0,0.0,0.0
7.3,0.0,0.0,0.0
7.35,0.0,0.0,0.0
7.4,0.0,0.0,0.0
7.45,0.0,0.0,0.0
7.5,0.0,0.0,0.0
7.55,0.0,0.0,0.0
7.6,0.0,0.0,0.0
7.65,0.0,0.0,0.0
7.7,0.0,0.0,0.0
7.75,0.0,0.0,0.0
7.8,0.0,0.0,0.0
7.85,0.0,0.0,0.0
7.9,0.0,0.0,0.0
7.95,0.0,0.0,0.0
8.0,0.0,0.0,0.0
8.05,0.0,0.0,0.0
8.1,0.0,0.0,0.0
8.15,0.0,0.0,0.0
8.2,0.0,0.0,0.0
8.25,0.0,0.0,0.0
8.3,0.0,0.0,0.0
8.35,0.0,0.0,0.0
8.4,0.0,0.0,0.0
8.45,0.0,0.0,0.0
8.5,0.0,0.0,0.0
8.55,0.0,0.0,0.0
8.6,0.0,0.0,0.0
8.65,0.0,0.0,0.0
8.7,0.0,0.0,0.0
8.75,0.0,0.0,0.0
8.8,0.0,0.0,0.0
8.85,0.0,0.0,0.0
8.9,0.0,0.0,0.0
8.95,0.0,0.0,0.0
9.0,0.0,0.0,0.0
9.05,0.0,0.0,0.0
9.1,0.0,0.0,0.0
9.15,0.0,0.0,0.0
9.2,0.0,0.0,0.0
9.25,0.0,0.0,0.0
9.3,0.0,0.0,0.0
9.35,0.0,0.0,0.0
9.4,0.0,0.0,0.0
9.45,0.0,0.0,0.0
9.5,0.0,0.0,0.0
9.55,0.0,0.0,0.0
9.6,0.0,0.0,0.0
9.65,0.0,0.0,0.0
9.7,0.0,0.0,0.0
9.75,0.0,0.0,0.0
9.8,0.0,0.0,0.0
9.85,0.0,0.0,0.0
9.9,0.0,0.0,0.0
9.95,0.0,0.0,0.0
10.0,0.0,0.0,0.0
10.05,0.0,0.0,0.0
10.1,0.0,0.0,0.0
10.15,0.0,0.0,0.0
10.2,0.0,0.0,0.0
10.25,0.0,0.0,0.0
10.3,0.0,0.0,0.0
10.35,0.0,0.0,0.0
10.4,0.0,0.0,0.0
10.45,0.0,0.0,0.0
10.5,0.0,0.0,0.0
10.55,0.0,0.0,0.0
10.6,0.0,0.0,0.0
10.65,0.0,0.0,0.0
10.7,0.0,0.0,0.0
10.75,0.0,0.0,0.0
10.8,0.0,0.0,0.0
10.85,0.0,0.0,0.0
10.9,0.0,0.0,0.0
10.95,0.0,0.0,0.0
11.0,0.0,0.0,0.0
11.05,0.0,0.0,0.0
11.1,0.0,0.0,0.0
11.15,0.0,0.0,0.0
11.2,0.0,0.0,0.0
11.25,0.0,0.0,0.0
11.3,0.0,0.0,0.0
11.35,0.0,0.0,0.0
11.4,0.0,0.0,0.0
11.45,0.0,0.0,0.0
11.5,0.0,0.0,0.0
11.55,0.0,0.0,0.0
11.6,0.0,0.0,0.0
11.65,0.0,0.0,0.0
11.7,0.0,0.0,0.0
11.75,0.0,0.0,0.0
11.8,0.0,0.0,0.0
11.85,0.0,0.0,0.0
11.9,0.0,0.0,0.0
11.95,0.0,0.0,0.0
12.0,0.0,0.0,0.0
12.05,0.0,0.0,0.0
12.1,0.0,0.0,0.0
12.15,0.0,0.0,0.0
12.2,0.0,0.0,0.0
12.25,0.0,0.0,0.0
12.3,0.0,0.0,0.0
12.35,0.0,0.0,0.0
12.4,0.0,0.0,0.0
12.45,0.0,0.0,0.0
12.5,0.0,0.0,0.0
12.55,0.0,0.0,0.0
12.6,0.0,0.0,0.0
12.65,0.0,0.0,0.0
12.7,0.0,0.0,0.0
12.75,0.0,0.0,0.0
12.8,0.0,0.0,0.0
12.85,0.0,0.0,0.0
12.9,0.0,0.0,0.0
12.95,0.0,0.0,0.0
13.0,0.0,0.0,0.0
13.05,0.0,0.0,0.0
13.1,0.0,0.0,0.0
13.15,0.0,0.0,0.0
13.2,0.0,0.0,0.0
13.25,0.0,0.0,0.0
13.3,0.0,0.0,0.0
13.35,0.0,0.0,0.0
13.4,0.0,0.0,0.0
13.45,0.0,0.0,0.0
13.5,0.0,0.0,0.0
13.55,0.0,0.0,0.0
13.6,0.0,0.0,0.0
13.65,0.0,0.0,0.0
13.7,0.0,0.0,0.0
13.75,0.0,0.0,0.0
13.8,0.0,0.0,0.0
13.85,0.0,0.0,0.0
13.9,0.0,0.0,0.0
13.95,0.0,0.0,0.0
14.0,0.0,0.0,0.0
14.05,0.0,0.0,0.0
14.1,0.0,0.0,0.0
14.15,0.0,0.0,0.0
14.2,0.0,0.0,0.0
14.25,0.0,0.0,0.0
14.3,0.0,0.0,0.0
14.35,0.0,0.0,0.0
14.4,0.0,0.0,0.0
14.45,0.0,0.0,0.0
14.5,0.0,0.0,0.0
14.55,0.0,0.0,0.0
14.6,0.0,0.0,0.0
14.65,0.0,0.0,0.0
14.7,0.0,0.0,0.0
14.75,0.0,0.0,0.0
14.8,0.0,0.0,0.0
14.85,0.0,0.0,0.0
14.9,0.0,0.0,0.0
14.95,0.0,0.0,0.0
15.0,0.0,0.0,0.0
15.05,0.0,0.0,0.0
15.1,0.0,0.0,0.0
15.15,0.0,0.0,0.0
15.2,0.0,0.0,0.0
15.25,0.0,0.0,0.0
15.3,0.0,0.0,0.0
15.35,0.0,0.0,0.0
15.4,0.0,0.0,0.0
15.45,0.0,0.0,0.0
15.5,0.0,0.0,0.0
15.55,0.0,0.0,0.0
15.6,0.0,0.0,0.0
15.65,0.0,0.0,0.0
15.7,0.0,0.0,0.0
15.75,0.0,0.0,0.0
15.8,0.0,0.0,0.0
15.85,0.0,0.0,0.0
15.9,0.0,0.0,0.0
15.95,0.0,0.0,0.0
16.0,0.0,0.0,0.0
16.05,0.0,0.0,0.0
16.1,0.0,0.0,0.0
16.15,0.0,0.0,0.0
16.2,0.0,0.0,0.0
16.25,0.0,0.0,0.0
16.3,0.0,0.0,0.0
16.35,0.0,0.0,0.0
16.4,0.0,0.0,0.0
16.45,0.0,0.0,0.0
16.5,0.0,0.0,0.0
16.55,0.0,0.0,0.0
16.6,0.0,0.0,0.0
16.65,0.0,0.0,0.0
16.7,0.0,0.0,0.0
16.75,0.0,0.0,0.0
16.8,0.0,0.0,0.0
16.85,0.0,0.0,0.0
16.9,0.0,0.0,0.0
16.95,0.0,0.0,0.0
17.0,0.0,0.0,0.0
17.05,0.0,0.0,0.0
17.1,0.0,0.0,0.0
17.15,0.0,0.0,0.0
17.2,0.0,0.0,0.0
17.25,0.0,0.0,0.0
17.3,0.0,0.0,0.0
17.35,0.0,0.0,0.0
17.4,0.0,0.0,0.0
17.45,0.0,0.0,0.0
17.5,0.0,0.0,0.0
17.55,0.0,0.0,0.0
17.6,0.0,0.0,0.0
17.65,0.0,0.0,0.0
17.7,0.0,0.0,0.0
17.75,0.0,0.0,0.0
17.8,0.0,0.0,0.0
17.85,0.0,0.0,0.0
17.9,0.0,0.0,0.0
17.95,0.0,0.0,0.0
18.0,0.0,0.0,0.0
18.05,0.0,0.0,0.0
18.1,0.0,0.0,0.0
18.15,0.0,0.0,0.0
18.2,0.0,0.0,0.0
18.25,0.0,0.0,0.0
18.3,0.0,0.0,0.0
18.35,0.0,0.0,0.0
18.4,0.0,0.0,0.0
18.45,0.0,0.0,0.0
18.5,0.0,0.0,0.0
18.55,0.0,0.0,0.0
18.6,0.0,0.0,0.0
18.65,0.0,0.0,0.0
18.7,0.0,0.0,0.0
18.75,0.0,0.0,0.0
18.8,0.0,0.0,0.0
18.85,0.0,0.0,0.0
18.9,0.0,0.0,0.0
18.95,0.0,0.0,0.0
19.0,0.0,0.0,0.0
19.05,0.0,0.0,0.0
19.1,0.0,0.0,0.0
19.15,0.0,0.0,0.0
19.2,0.0,0.0,0.0
19.25,0.0,0.0,0.0
19.3,0.0,0.0,0.0
19.35,0.0,0.0,0.0
19.4,0.0,0.0,0.0
19.45,0.0,0.0,0.0
19.5,0.0,0.0,0.0
19.55,0.0,0.0,0.0
19.6,0.0,0.0,0.0
19.65,0.0,0.0,0.0
19.7,0.0,0.0,0.0
19.75,0.0,0.0,0.0
19.8,0.0,0.0,0.0
19.85,0.0,0.0,0.0
19.9,0.0,0.0,0.0
19.95,0.0,0.0,0.0
20.0,0.0,0.0,0.0
20.05,0.0,0.0,0.0
20.1,0.0,0.0,0.0
20.15,0.0,0.0,0.0
20.2,0.0,0.0,0.0
20.25,0.0,0.0,0.0
20.3,0.0,0.0,0.0
20.35,0.0,0.0,0.0
20.4,0.0,0.0,0.0
20.45,0.0,0.0,0.0
20.5,0.0,0.0,0.0
20.55,0.0,0.0,0.0
20.6,0.0,0.0,0.0
20.65,0.0,0.0,0.0
20.7,0.0,0.0,0.0
20.75,0.0,0.0,0.0
20.8,0.0,0.0,0.0
20.85,0.0,0.0,0.0
20.9,0.0,0.0,0.0
20.95,0.0,0.0,0.0
21.0,0.0,0.0,0.0
21.05,0.0,0.0,0.0
21.1,0.0,0.0,0.0
21.15,0.0,0.0,0.0
21.2,0.0,0.0,0.0
21.25,0.0,0.0,0.0
21.3,0.0,0.0,0.0
21.35,0.0,0.0,0.0
21.4,0.0,0.0,0.0
21.45,0.0,0.0,0.0
21.5,0.0,0.0,0.0
21.55,0.0,0.0,0.0
21.6,0.0,0.0,0.0
21.65,0.0,0.0,0.0
21.7,0.0,0.0,0.0
21.75,0.0,0.0,0.0
21.8,0.0,0.0,0.0
21.85,0.0,0.0,0.0
21.9,0.0,0.0,0.0
21.95,0.0,0.0,0.0
22.0,0.0,0.0,0.0
22.05,0.0,0.0,0.0
22.1,0.0,0.0,0.0
22.15,0.0,0.0,0.0
22.2,0.0,0.0,0.0
22.25,0.0,0.0,0.0
22.3,0.0,0.0,0.0
22.35,0.0,0.0,0.0
22.4,0.0,0.0,0.0
22.45,0.0,0.0,0.0
22.5,0.0,0.0,0.0
22.55,0.0,0.0,0.0
22.6,0.0,0.0,0.0
22.65,0.0,0.0,0.0
22.7,0.0,0.0,0.0
22.75,0.0,0.0,0.0
22.8,0.0,0.0,0.0
22.85,0.0,0.0,0.0
22.9,0.0,0.0,0.0
22.95,0.0,0.0,0.0
23.0,0.0,0.0,0.0
23.05,0.0,0.0,0.0
23.1,0.0,0.0,0.0
23.15,0.0,0.0,0.0
23.2,0.0,0.0,0.0
23.25,0.0,0.0,0.0
23.3,0.0,0.0,0.0
23.35,0.0,0.0,0.0
23.4,0.0,0.0,0.0
23.45,0.0,0.0,0.0
23.5,0.0,0.0,0.0
23.55,0.0,0.0,0.0
23.6,0.0,0.0,0.0
23.65,0.0,0.0,0.0
23.7,0.0,0.0,0.0
23.75,0.0,0.0,0.0
23.8,0.0,0.0,0.0
23.85,0.0,0.0,0.0
23.9,0.0,0.0,0.0
23.95,0.0,0.0,0.0
24.0,0.0,0.0,0.0
24.05,0.0,0.0,0.0
24.1,0.0,0.0,0.0
24.15,0.0,0.0,0.0
24.2,0.0,0.0,0.0
24.25,0.0,0.0,0.0
24.3,0.0,0.0,0.0
24.35,0.0,0.0,0.0
24.4,0.0,0.0,0.0
24.45,0.0,0.0,0.0
24.5,0.0,0.0,0.0
24.55,0.0,0.0,0.0
24.6,0.0,0.0,0.0
24.65,0.0,0.0,0.0
24.7,0.0,0.0,0.0
24.75,0.0,0.0,0.0
24.8,0.0,0.0,0.0
24.85,0.0,0.0,0.0
24.9,0.0,0.0,0.0
24.95,0.0,0.0,0.0
25.0,0.0,0.0,0.0
25.05,0.0,0.0,0.0
25.1,0.0,0.0,0.0
25.15,0.0,0.0,0.0
25.2,0.0,0.0,0.0
25.25,0.0,0.0,0.0
25.3,0.0,0.0,0.0
25.35,0.0,0.0,0.0
25.4,0.0,0.0,0.0
25.45,0.0,0.0,0.0
25.5,0.0,0.0,0.0
25.55,0.0,0.0,0.0
25.6,0.0,0.0,0.0
25.65,0.0,0.0,0.0
25.7,0.0,0.0,0.0
25.75,0.0,0.0,0.0
25.8,0.0,0.0,0.0
25.85,0.0,0.0,0.0
25.9,0.0,0.0,0.0
25.95,0.0,0.0,0.0
26.0,0.0,0.0,0.0
26.05,0.0,0.0,0.0
26.1,0.0,0.0,0.0
26.15,0.0,0.0,0.0
26.2,0.0,0.0,0.0
26.25,0.0,0.0,0.0
26.3,0.0,0.0,0.0
26.35,0.0,0.0,0.0
26.4,0.0,0.0,0.0
26.45,0.0,0.0,8.57139925941e-17
26.5,0.0,0.0,0.000115827957477
26.55,0.0,0.0,0.000205076448915
26.6,0.0,0.0,0.000273675486804
26.65,0.0,0.0,0.000326270718921
26.7,0.0,0.0,0.000366485834903
26.75,0.0,0.0,0.000397138107097
26.8,0.0,0.0,0.000420412390836
26.85,0.0,0.0,0.00043799986874
26.9,0.0,0.0,0.00045120769651
26.95,0.0,0.0,0.000461045082926
27.0,0.0,0.0,0.000581708890424
27.05,0.0,0.0,0.000786487496022
27.1,0.0,0.0,0.00116658468665
27.15,0.0,0.0,0.00145241572393
27.2,0.0,0.0,0.00166447201351
27.25,0.0,0.0,0.00181928461446
27.3,0.0,0.0,0.00192998365317
27.35,0.0,0.0,0.00211390435413
27.4,0.0,0.0,0.00224366928945
27.45,0.0,0.0,0.00233123624351
27.5,0.0,0.0,0.00238349915837
27.55,0.0,0.0,0.00241231758515
27.6,0.0,0.0,0.00242357155141
27.65,0.0,0.0,0.00242176381554
27.7,0.0,0.0,0.00241032839116
27.75,0.0,0.0,0.00239187656745
27.8,0.0,0.0,0.00246175647924
27.85,0.0,0.0,0.00250244860551
27.9,0.0,0.0,0.00261156841665
27.95,0.0,0.0,0.00267854997727
28.0,0.0,0.0,0.00279758036431
28.05,0.0,0.0,0.00286453794209
28.1,0.0,0.0,0.00288999190389
28.15,0.0,0.0,0.00289005157503
28.2,0.0,0.0,0.00287166422814
28.25,0.0,0.0,0.00284009598853
28.3,0.0,0.0,0.00279875455159
28.35,0.0,0.0,0.00274840309349
28.4,0.0,0.0,0.00269437564311
28.45,0.0,0.0,0.00263827327022
28.5,0.0,0.0,0.0025812760475
28.55,0.0,0.0,0.00252423575678
28.6,0.0,0.0,0.00246776903787
28.65,0.0,0.0,0.00241230453725
28.7,0.0,0.0,0.00235814262275
28.75,0.0,0.0,0.0023050131189
28.8,0.0,0.0,0.00225117527394
28.85,0.0,0.0,0.0021988527153
28.9,0.0,0.0,0.00214623073243
28.95,0.0,0.0,0.00209535471525
29.0,0.0,0.0,0.00204439859089
29.05,0.0,0.0,0.0019957072088
29.1,0.0,0.0,0.00194916502399
29.15,0.0,0.0,0.00190465676253
29.2,0.0,0.0,0.00186207781728
29.25,0.0,0.0,0.00182132940632
29.3,0.0,0.0,0.0017823203776
29.35,0.0,0.0,0.001744962226
29.4,0.0,0.0,0.00170917168671
29.45,0.0,0.0,0.00167486779583
29.5,0.0,0.0,0.00164198146963
29.55,0.0,0.0,0.00161043834641
29.6,0.0,0.0,0.00158017342926
29.65,0.0,0.0,0.00155112018103
29.7,0.0,0.0,0.00152321902037
29.75,0.0,0.0,0.00149641354483
29.8,0.0,0.0,0.00147065212501
29.85,0.0,0.0,0.00144588391535
29.9,0.0,0.0,0.00142206105742
29.95,0.0,0.0,0.00139913631974
30.0,0.0,0.0,0.00137707117387
30.05,0.0,0.0,0.00135582156289
30.1,0.0,0.0,0.00133535018394
30.15,0.0,0.0,0.00131561740571
30.2,0.0,0.0,0.00129658847926
30.25,0.0,0.0,0.00127823043465
30.3,0.0,0.0,0.00126189057682
30.35,0.0,0.0,0.00125727186935
30.4,0.0,0.0,0.00125034120715
30.45,0.0,0.0,0.0012417481338
30.5,0.0,0.0,0.00123199167159
30.55,0.0,0.0,0.00122144432804
30.6,0.0,0.0,0.00121039077165
30.65,0.0,0.0,0.00119904159549
30.7,0.0,0.0,0.0011875562416
30.75,0.0,0.0,0.00117605311777
30.8,0.0,0.0,0.00116461934828
30.85,0.0,0.0,0.00115331943588
30.9,0.0,0.0,0.00114219869773
30.95,0.0,0.0,0.00113128724785
31.0,0.0,0.0,0.00116554796453
31.05,0.0,0.0,0.00120966059888
31.1,0.0,0.0,0.00124024329075
31.15,0.0,0.0,0.00126047274711
31.2,0.0,0.0,0.00127282628119
31.25,0.0,0.0,0.00127922395204
31.3,0.0,0.0,0.00128107164348
31.35,0.0,0.0,0.00127792914937
31.4,0.0,0.0,0.00127331578875
31.45,0.0,0.0,0.00128632007754
31.5,0.0,0.0,0.00129309507356
31.55,0.0,0.0,0.00129519088846
31.6,0.0,0.0,0.00129380335574
31.65,0.0,0.0,0.00129068665842
31.7,0.0,0.0,0.00130577471654
31.75,0.0,0.0,0.00131516982771
31.8,0.0,0.0,0.00133852951142
31.85,0.0,0.0,0.00135323738012
31.9,0.0,0.0,0.00136234010688
31.95,0.0,0.0,0.00138277402316
32.0,0.0,0.0,0.0013935255529
32.05,0.0,0.0,0.00139680581892
32.1,0.0,0.0,0.00139574935681
32.15,0.0,0.0,0.00139150452517
32.2,0.0,0.0,0.00138494939452
32.25,0.0,0.0,0.00137675229556
32.3,0.0,0.0,0.00136812782852
32.35,0.0,0.0,0.00137925239266
32.4,0.0,0.0,0.0013843579334
32.45,0.0,0.0,0.00138361164833
32.5,0.0,0.0,0.00138047942514
32.55,0.0,0.0,0.001393087506
32.6,0.0,0.0,0.001399909935
32.65,0.0,0.0,0.00142249892769
32.7,0.0,0.0,0.00143458546256
32.75,0.0,0.0,0.00143980496757
32.8,0.0,0.0,0.0014386195841
32.85,0.0,0.0,0.00143384340684
32.9,0.0,0.0,0.00142637141252
32.95,0.0,0.0,0.0014157074605
33.0,0.0,0.0,0.0014038859703
33.05,0.0,0.0,0.0013913323484
33.1,0.0,0.0,0.00137836326698
33.15,0.0,0.0,0.00136521464302
33.2,0.0,0.0,0.00135206153353
33.25,0.0,0.0,0.00133902876617
33.3,0.0,0.0,0.00132607430993
33.35,0.0,0.0,0.00131209180157
33.4,0.0,0.0,0.00129851080146
33.45,0.0,0.0,0.00128535120763
33.5,0.0,0.0,0.00127250037875
33.55,0.0,0.0,0.00125878798027
33.6,0.0,0.0,0.00124543721428
33.65,0.0,0.0,0.00123129015469
33.7,0.0,0.0,0.00121768443836
33.75,0.0,0.0,0.00120458965019
33.8,0.0,0.0,0.0011919795487
33.85,0.0,0.0,0.00118076169911
33.9,0.0,0.0,0.00117955806451
33.95,0.0,0.0,0.00117629170458
34.0,0.0,0.0,0.00117151545218
34.05,0.0,0.0,0.00116565580114
34.1,0.0,0.0,0.00115903336026
34.15,0.0,0.0,0.00115189459502
34.2,0.0,0.0,0.00114442452525
34.25,0.0,0.0,0.00113770088736
34.3,0.0,0.0,0.00114012225933
34.35,0.0,0.0,0.00114016970128
34.4,0.0,0.0,0.0011384437312
34.45,0.0,0.0,0.00113540850368
34.5,0.0,0.0,0.00113141771405
34.55,0.0,0.0,0.0011267447128
34.6,0.0,0.0,0.00112159404225
34.65,0.0,0.0,0.00111612398326
34.7,0.0,0.0,0.00111045316921
34.75,0.0,0.0,0.00110467009456
34.8,0.0,0.0,0.00109884276631
34.85,0.0,0.0,0.00109373856504
34.9,0.0,0.0,0.00110061800917
34.95,0.0,0.0,0.00110428633243
35.0,0.0,0.0,0.00110552308999
35.05,0.0,0.0,0.00110560393294
35.1,0.0,0.0,0.00112056275439
35.15,0.0,0.0,0.00113041442421
35.2,0.0,0.0,0.00113637109179
35.25,0.0,0.0,0.00113930374453
35.3,0.0,0.0,0.00113871711152
35.35,0.0,0.0,0.00113651815011
35.4,0.0,0.0,0.00113313282504
35.45,0.0,0.0,0.0011288867306
35.5,0.0,0.0,0.00112402788471
35.55,0.0,0.0,0.00111874689792
35.6,0.0,0.0,0.00111318657223
35.65,0.0,0.0,0.00110745672993
35.7,0.0,0.0,0.00110163892652
35.75,0.0,0.0,0.00109579335816
35.8,0.0,0.0,0.00108996742241
35.85,0.0,0.0,0.00108409565676
35.9,0.0,0.0,0.00107701104639
35.95,0.0,0.0,0.00107082039598
36.0,0.0,0.0,0.00107937547912
36.05,0.0,0.0,0.00108517060051
36.1,0.0,0.0,0.0010989010727
36.15,0.0,0.0,0.00110874130953
36.2,0.0,0.0,0.00112163168978
36.25,0.0,0.0,0.00112991208272
36.3,0.0,0.0,0.00113468389224
36.35,0.0,0.0,0.00113679856003
36.4,0.0,0.0,0.00113691423148
36.45,0.0,0.0,0.00113553681806
36.5,0.0,0.0,0.00113383055611
36.55,0.0,0.0,0.00114524610716
36.6,0.0,0.0,0.00115254071312
36.65,0.0,0.0,0.00115670141374
36.7,0.0,0.0,0.00115849327434
36.75,0.0,0.0,0.00115850515878
36.8,0.0,0.0,0.0011571918763
36.85,0.0,0.0,0.0011549014186
36.9,0.0,0.0,0.0011519011233
36.95,0.0,0.0,0.00114828810965
37.0,0.0,0.0,0.00114303802529
37.05,0.0,0.0,0.00113753243367
37.1,0.0,0.0,0.00113191303029
37.15,0.0,0.0,0.00116116150169
37.2,0.0,0.0,0.00118031779951
37.25,0.0,0.0,0.0011927927562
37.3,0.0,0.0,0.00120018639888
37.35,0.0,0.0,0.00120464168691
37.4,0.0,0.0,0.00121651303191
37.45,0.0,0.0,0.00122355289222
37.5,0.0,0.0,0.00122684399056
37.55,0.0,0.0,0.00122669327292
37.6,0.0,0.0,0.00124323221155
37.65,0.0,0.0,0.00125349856934
37.7,0.0,0.0,0.00125902077824
37.75,0.0,0.0,0.00126097792228
37.8,-1.6361431261e-14,-2.77265405167e-15,0.00126027909629
37.85,-0.00605179523396,-6.41868706554e-05,0.00125762210621
37.9,-0.011711822585,-0.000128981473397,0.00128639562865
37.95,-0.0169795328229,-0.00019499869559,0.00134346313139
38.0,-0.021863886936,-0.000262980096616,0.00142563609684
38.05,-0.026373986361,-0.000333993752664,0.00152980969987
38.1,-0.030523171179,-0.00040807060357,0.0016526881367
38.15,-0.0343266864176,-0.00048632187383,0.00178814805205
38.2,-0.0377998034491,-0.000569076278986,0.001936779162
38.25,-0.0409611907376,-0.00065661512487,0.00209614330981
38.3,-0.0438267489599,-0.000749795245356,0.00226404073742
38.35,-0.046416463964,-0.000848375052205,0.00243834172225
38.4,-0.0487463457686,-0.000953142461844,0.00261682898843
38.45,-0.0508355030263,-0.00106431918385,0.00281581039557
38.5,-0.052701294323,-0.00118170025656,0.00301439211583
38.55,-0.0543608124983,-0.00130601578621,0.00321128932873
38.6,-0.055829623926,-0.00143681499244,0.00340245178919
38.65,-0.0571223024716,-0.00157463209137,0.00359054764647
38.7,-0.0582534694862,-0.00171955413321,0.00377499028914
38.75,-0.0592357976525,-0.00187112867146,0.00395880528058
38.8,-0.0585622398878,-0.00193207544416,0.00416134562143
38.85,-0.0573738631408,-0.00199076559053,0.00434753635983
38.9,-0.0562412828154,-0.00204701455224,0.00451615420514
38.95,-0.0551605992912,-0.00210085496596,0.00466873866417
39.0,-0.0541282500886,-0.00215229843278,0.00481059357305
39.05,-0.05314127456,-0.00220130573486,0.00497847277701
39.1,-0.0521997560167,-0.00224772500047,0.00512631833859
39.15,-0.0513001516952,-0.00229157376861,0.00525661713492
39.2,-0.050439290589,-0.00233299733136,0.00537151335456
39.25,-0.0496143326074,-0.00237211406731,0.00547285872844
39.3,-0.0488227253871,-0.00240901933784,0.00556223939331
39.35,-0.0480621665257,-0.00244381014809,0.00564523103257
39.4,-0.0473308893006,-0.00247661768278,0.00577344708649
39.45,-0.0466309518531,-0.00250691843074,0.00587430794331
39.5,-0.0459590492167,-0.00253509713557,0.00595780300832
39.55,-0.0453127545038,-0.00256126014118,0.0060267532433
39.6,-0.0446899817085,-0.00258556148196,0.00608346955756
39.65,-0.0440889083405,-0.00260814918141,0.00612983423255
39.7,-0.0435079354258,-0.00262914746193,0.00617283976842
39.75,-0.0429460232075,-0.00264861064718,0.0062453521402
39.8,-0.0424044050328,-0.00266628295274,0.00629535922785
39.85,-0.0418809501467,-0.00268238990795,0.0063328185794
39.9,-0.0413738880997,-0.00269711979787,0.00635998275323
39.95,-0.0408818968264,-0.00271059267061,0.00637865387816
40.0,-0.0404038325894,-0.00272283905377,0.00638989634977
40.05,-0.0399386818307,-0.00273408643316,0.00639152531214
40.1,-0.0394853426361,-0.00274430605809,0.00648618879511
40.15,-0.0390492494609,-0.00275278381788,0.00655279095025
40.2,-0.0386279380371,-0.0027597012849,0.00659731755767
40.25,-0.0382194480067,-0.002765360819,0.00662448959375
40.3,-0.0378222117423,-0.00276998390726,0.00663802237158
40.35,-0.0374349721059,-0.00277367670136,0.0066453036977
40.4,-0.0370569809607,-0.00277652725112,0.00669871230069
40.45,-0.0366906436796,-0.00277812926584,0.00673006372994
40.5,-0.0363342026575,-0.00277872669656,0.0067442850018
40.55,-0.0359862819344,-0.00277850923859,0.00674523279866
40.6,-0.0356458012993,-0.0027776247327,0.00673590563255
40.65,-0.0353119087421,-0.00277618881625,0.00671863018363
40.7,-0.0349839282783,-0.00277429232361,0.00669492294789
40.75,-0.0346613036768,-0.00277200964255,0.00665917237942
40.8,-0.0343431947886,-0.00276946593765,0.00662009661655
40.85,-0.0340294563413,-0.002766702325,0.00657851319649
40.9,-0.0337196579392,-0.00276375170456,0.00653506888141
40.95,-0.0334135918541,-0.002760639896,0.00649025699174
41.0,-0.0331110866092,-0.00275738754751,0.00644445432669
41.05,-0.0328119986509,-0.00275401133211,0.00640275101126
41.1,-0.0325164586245,-0.00275047964026,0.00640034636278
41.15,-0.0322264224596,-0.00274643290165,0.00639054400563
41.2,-0.0319413250013,-0.00274200327073,0.00644066502822
41.25,-0.0316640700086,-0.00273659725716,0.00646608712341
41.3,-0.031393113184,-0.00273046180455,0.00647262656861
41.35,-0.0311272837251,-0.00272378578128,0.0064643385076
41.4,-0.0308656737687,-0.00271676005942,0.00643802506505
41.45,-0.0306072644281,-0.00270957886723,0.0064038626623
41.5,-0.0303515881141,-0.00270226475873,0.00636388689353
41.55,-0.0300982992567,-0.00269487676483,0.00631966499452
41.6,-0.0298471449873,-0.00268754984233,0.00627239561157
41.65,-0.029597940278,-0.00268023876944,0.00622298621695
41.7,-0.0293505547502,-0.0026729537962,0.00617212753438
41.75,-0.0291048958141,-0.00266574840755,0.00612035534353
41.8,-0.0288608988485,-0.00265866179808,0.00606806970164
41.85,-0.0286186652077,-0.00265164044121,0.00601556726277
41.9,-0.0283780213056,-0.00264469149284,0.00596308910411
41.95,-0.0281389524327,-0.00263788145729,0.00591079115714
42.0,-0.0279014498793,-0.0026311685164,0.00585879976356
42.05,-0.0276655127234,-0.00262452582551,0.00580688367186
42.1,-0.0274311291218,-0.00261795559981,0.00574852864131
42.15,-0.0271980063708,-0.00261159859304,0.00569052107858
42.2,-0.0269661559053,-0.00260538359696,0.00563103478291
42.25,-0.0267355131587,-0.0025993159567,0.00563493464249
42.3,-0.026508739527,-0.00259281995972,0.00562857338937
42.35,-0.0262852906762,-0.0025860753006,0.00566984244339
42.4,-0.0260670314982,-0.00257860175677,0.00568752254276
42.45,-0.0258528222271,-0.00257060464564,0.00568728935352
42.5,-0.0256418105105,-0.00256231941821,0.00567353625698
42.55,-0.025433361917,-0.00255386493568,0.00564964797445
42.6,-0.0252270105138,-0.00254528285395,0.00561823922097
42.65,-0.0250224161573,-0.00253673098305,0.00558129121075
42.7,-0.024819331332,-0.00252821458283,0.00554033356966
42.75,-0.0246175822651,-0.00251973396455,0.00549652833884
42.8,-0.0244170476394,-0.00251142167402,0.00545075734455
42.85,-0.0242177649165,-0.00250320923058,0.00540369525125
42.9,-0.0240195584384,-0.00249509360106,0.00535586281423
42.95,-0.0238223977869,-0.00248719120317,0.00530763392494
43.0,-0.0236262661635,-0.00247940648986,0.00525929825149
43.05,-0.0234311605331,-0.00247173471972,0.00521107053876
43.1,-0.0232370849291,-0.00246426849872,0.00516312312045
43.15,-0.0230440478579,-0.00245693064565,0.00511556230792
43.2,-0.0228520631469,-0.0024497032525,0.0050680464144
43.25,-0.0226611311899,-0.00244264497956,0.0050193294171
43.3,-0.0224712078444,-0.00243575348316,0.00501819210687
43.35,-0.0222839333357,-0.00242857193131,0.00499937598443
43.4,-0.0220986345047,-0.00242128699975,0.0049723855379
43.45,-0.0219149925682,-0.00241403009527,0.0049393541498
43.5,-0.021732777052,-0.00240677294034,0.00490191849977
43.55,-0.0215518230558,-0.00239955633378,0.00486132944971
43.6,-0.0213720149365,-0.00239250559456,0.0048185524532
43.65,-0.0211932729037,-0.00238555149923,0.00477593481485
43.7,-0.0210155987091,-0.00237868810824,0.00485271568538
43.75,-0.0208428029299,-0.00237095165347,0.00489828672141
43.8,-0.0206737289195,-0.00236260806622,0.00492007523364
43.85,-0.0205076153186,-0.00235382155032,0.00492766321083
43.9,-0.0203438335273,-0.00234483554373,0.00498409331022
43.95,-0.0201838194078,-0.00233514225298,0.0050140955712
44.0,-0.0200266462232,-0.00232503331512,0.00502405972354
44.05,-0.0198716241516,-0.00231468165973,0.00501892059214
44.1,-0.0197182468918,-0.00230420446566,0.00500247946571
44.15,-0.0195661438867,-0.0022937392793,0.00497764864885
44.2,-0.0194150498455,-0.00228330461003,0.00494666073752
44.25,-0.0192647758877,-0.002273022744,0.00491090568053
44.3,-0.0191151838849,-0.00226284551954,0.00486608304296
44.35,-0.0189660191848,-0.00225295448599,0.00481940309182
44.4,-0.0188172443061,-0.00224323763381,0.00477158347804
44.45,-0.0186688437568,-0.00223383812665,0.00472316216594
44.5,-0.0185208164186,-0.00222463703101,0.00467454434843
44.55,-0.0183731747862,-0.00221570617501,0.00462602884246
44.6,-0.0182259372082,-0.0022070200692,0.00457784043301
44.65,-0.018079128934,-0.00219853328205,0.0045293329772
44.7,-0.0179327557975,-0.00219035005245,0.00447588144925
44.75,-0.0177867021681,-0.00218239763873,0.00442348932666
44.8,-0.0176410154261,-0.00217471147546,0.00437215680508
44.85,-0.0174958274906,-0.00216730755636,0.00432145905881
44.9,-0.0173510815363,-0.00216011761284,0.00426623028889
44.95,-0.0172066770066,-0.00215321499361,0.0042123024707
45.0,-0.0170626649807,-0.00214660556174,0.0041596214478
45.05,-0.0169190937957,-0.00214021937826,0.00410813528877
45.1,-0.0167760081105,-0.00213404877163,0.00406112051536
45.15,-0.0166335305976,-0.00212814130397,0.00407324885598
45.2,-0.0164931073441,-0.00212194055821,0.00407157086813
45.25,-0.0163543548636,-0.00211556007083,0.0040595091809
45.3,-0.0162169897414,-0.00210913354636,0.00403969379219
45.35,-0.0160808036306,-0.00210272317804,0.0040172114513
45.4,-0.0159457180667,-0.00209630668455,0.0040602065828
45.45,-0.0158132368787,-0.0020893909965,0.00430808196142
45.5,-0.0156879764681,-0.0020804409084,0.00448346494555
45.55,-0.0155680161218,-0.00206996522396,0.00460296910395
45.6,-0.0154519071294,-0.00205856357071,0.00467969345468
45.65,-0.0153385662461,-0.00204648132353,0.00472387168803
45.7,-0.0152271882431,-0.00203403979823,0.00474345141183
45.75,-0.015117182041,-0.00202144992157,0.00474456036908
45.8,-0.0150081158766,-0.00200880030965,0.0047319116471
45.85,-0.0148997552319,-0.00199626986288,0.00471104024628
45.9,-0.0147918477119,-0.00198388408488,0.00476838513368
45.95,-0.0146860282047,-0.0019710266823,0.00482389073704
46.0,-0.0145821939709,-0.00195780615062,0.00485174420021
46.05,-0.0144797192909,-0.00194438713278,0.00485880798866
46.1,-0.0143781470667,-0.00193091433212,0.00484998797222
46.15,-0.0142771421483,-0.00191754152875,0.00482493413784
46.2,-0.0141763798167,-0.0019044036381,0.0047918460284
46.25,-0.0140757111142,-0.00189150309131,0.00475304821374
46.3,-0.013975041011,-0.00187888616956,0.00471029783519
46.35,-0.0138743141019,-0.00186664269015,0.0046645276872
46.4,-0.0137734941643,-0.00185470714972,0.00461119585188
46.45,-0.013672462204,-0.00184315166392,0.00454388115177
46.5,-0.0135709855241,-0.00183210876494,0.00447754033252
46.55,-0.0134691199577,-0.00182147876061,0.00441243955892
46.6,-0.0133669251601,-0.00181133736628,0.00434875629262
46.65,-0.0132644619489,-0.00180158455582,0.00428660715276
46.7,-0.0131617900602,-0.00179225855233,0.00422892620868
46.75,-0.0130590203556,-0.00178327890401,0.0042121968526
46.8,-0.0129569063358,-0.00177439564001,0.00418642189365
46.85,-0.0128553497142,-0.00176562969523,0.00415362208534
46.9,-0.0127541647817,-0.00175707509738,0.00411192194045
46.95,-0.0126532056687,-0.00174873174565,0.00406317444955
47.0,-0.0125523647566,-0.00174071741983,0.00401288706385
47.05,-0.0124516338596,-0.00173294445022,0.00396183053633
47.1,-0.0123510182956,-0.00172552646754,0.00391057439015
47.15,-0.0122505321364,-0.00171835924211,0.00385954022443
47.2,-0.0121501970674,-0.00171148552774,0.00380902426737
47.25,-0.0120500379702,-0.00170490378993,0.00375924277359
47.3,-0.0119500829092,-0.00169855532323,0.00371034075483
47.35,-0.0118503609757,-0.00169249929642,0.00366241619502
47.4,-0.0117509011247,-0.00168668661554,0.00361554147502
47.45,-0.0116517329243,-0.00168108506698,0.00356975370379
47.5,-0.0115528850465,-0.00167573412812,0.00352505017536
47.55,-0.011454384493,-0.00167060907228,0.00348142996158
47.6,-0.0113562575914,-0.00166567086705,0.00343888058351
47.65,-0.0112585291624,-0.00166091255807,0.00339978501849
47.7,-0.0111612588202,-0.00165637583317,0.00340061712047
47.75,-0.0110650474894,-0.00165173368935,0.0033883486433
47.8,-0.0109696831491,-0.00164707248472,0.00336940270945
47.85,-0.0108751119921,-0.0016424420086,0.00334558367478
47.9,-0.010781201342,-0.00163793225893,0.00331827569764
47.95,-0.0106878977081,-0.00163350839068,0.00328853224254
48.0,-0.0105951650264,-0.00162918237219,0.00326001480635
48.05,-0.0105030205445,-0.0016249466598,0.00325436838692
48.1,-0.0104117831335,-0.00162071097376,0.00324179223622
48.15,-0.0103213430869,-0.00161646613643,0.00322410106003
48.2,-0.0102316211008,-0.00161224369827,0.00320267751429
48.25,-0.0101425600975,-0.00160806860353,0.0031785852505
48.3,-0.0100541198809,-0.00160400009358,0.00315262400611
48.35,-0.0099662724389,-0.00160002519581,0.00312540565526
48.4,-0.00987899943361,-0.00159613557112,0.00309739846111
48.45,-0.00979228931605,-0.00159233668482,0.00306895336188
48.5,-0.00970613554037,-0.00158863613649,0.00304032225682
48.55,-0.00962053487461,-0.00158507673832,0.00301169976024
48.6,-0.00953548678036,-0.00158161153849,0.00298322942409
48.65,-0.00945099245167,-0.0015782398676,0.0029547532981
48.7,-0.00936705095712,-0.00157496204769,0.00292305990357
48.75,-0.00928362154453,-0.00157179878891,0.00289194216861
48.8,-0.00920071184999,-0.00156877378766,0.00286399355202
48.85,-0.00911840601282,-0.00156585217334,0.00286257947127
48.9,-0.0090369757635,-0.00156285386793,0.00285503494769
48.95,-0.00895633413885,-0.00155981887356,0.00284291663866
49.0,-0.0088764164458,-0.00155677712181,0.00282949660581
49.05,-0.00879719913228,-0.00155373774603,0.00284345197088
49.1,-0.00871899194029,-0.00155055506214,0.00284717471081
49.15,-0.00864165736278,-0.00154728937365,0.00284318897524
49.2,-0.0085650930767,-0.00154397229097,0.00283343752211
49.25,-0.0084892231931,-0.00154064086362,0.00282141094985
49.3,-0.00841401414173,-0.00153731018173,0.00284434411949
49.35,-0.00833984499796,-0.00153377533547,0.00285513307595
49.4,-0.00826656069162,-0.00153014167668,0.00285674228453
49.45,-0.00819404554334,-0.00152643458804,0.00285145115668
49.5,-0.00812221354723,-0.00152269397063,0.00284101229706
49.55,-0.00805100119652,-0.00151895191285,0.00282677521972
49.6,-0.00798036201474,-0.00151526273531,0.00280976664076
49.65,-0.00791026209918,-0.00151163565116,0.00279077355989
49.7,-0.00784067737254,-0.00150806103507,0.0027703981172
49.75,-0.00777159086965,-0.00150454772488,0.00274909593547
49.8,-0.00770299093083,-0.00150110172571,0.00272703072994
49.85,-0.00763490613957,-0.00149776217296,0.00270135528663
49.9,-0.00756725983895,-0.00149452845031,0.00267571627941
49.95,-0.00750005220048,-0.00149138781573,0.00265024194238
50.0,-0.00743328449899,-0.00148833935997,0.00262479869654
50.05,-0.00736695658036,-0.00148538297367,0.00259646166881
50.1,-0.00730104017043,-0.0014825396221,0.00256866280289
50.15,-0.0072355407875,-0.00147983585718,0.00254141695893
50.2,-0.00717046385418,-0.0014772333713,0.00251473263094
50.25,-0.007105814545,-0.00147472874606,0.00248835024868
50.3,-0.00704159532044,-0.00147232012442,0.00245935542221
50.35,-0.00697778175444,-0.00147002313243,0.00243106945817
50.4,-0.00691438063793,-0.00146783332868,0.00240346287197
50.45,-0.00685139811534,-0.00146574646063,0.00237650546297
50.5,-0.00678883970496,-0.00146376829149,0.00235016875307
50.55,-0.00672671028252,-0.00146189821363,0.00232443349966
50.6,-0.00666501432431,-0.00146011793469,0.00229926945816
50.65,-0.00660375573292,-0.00145842396351,0.00227465384538
50.7,-0.00654293794318,-0.00145681295809,0.00225056748034
50.75,-0.00648256397242,-0.00145528170436,0.00222699021714
50.8,-0.00642263642951,-0.00145382712218,0.00220390266338
50.85,-0.00636318933851,-0.00145244626091,0.00218128586966
50.9,-0.0063041920838,-0.00145113633459,0.00215912254313
50.95,-0.00624564619868,-0.00144989739045,0.00213739409064
51.0,-0.00618755287939,-0.00144872611938,0.0021160829718
51.05,-0.00612991301384,-0.00144761802723,0.00209517937261
51.1,-0.00607272725868,-0.00144657072018,0.00207466330175
51.15,-0.00601599596491,-0.00144558193651,0.00205452102244
51.2,-0.00595971924062,-0.00144464950871,0.00203474166504
51.25,-0.00590389698383,-0.00144377134604,0.00201531313167
51.3,-0.0058485288819,-0.00144294544167,0.00199622366264
51.35,-0.00579361442339,-0.00144216987026,0.00197746157414
51.4,-0.00573915290733,-0.00144144278719,0.00195901626741
51.45,-0.00568514345979,-0.00144076547594,0.00194087579122
51.5,-0.0056315850232,-0.0014401327524,0.00192302887967
51.55,-0.005578476392,-0.00143954274188,0.00190547099977
51.6,-0.0055258162502,-0.00143899389316,0.0018881881534
51.65,-0.00547360311224,-0.00143848474624,0.00187117178738
51.7,-0.00542183537013,-0.00143801389967,0.00185441574619
51.75,-0.00537051131614,-0.00143757999613,0.00183791255934
51.8,-0.00531962913817,-0.00143718172993,0.00182165487407
51.85,-0.00526921325865,-0.00143681784595,0.00180563522589
51.9,-0.00521923477739,-0.00143648717079,0.00178984705222
51.95,-0.00516969161489,-0.00143618854451,0.00177428230391
52.0,-0.00512058159831,-0.00143592405137,0.00175893339146
52.05,-0.00507190247414,-0.00143569017528,0.00174379876532
52.1,-0.00502365195363,-0.00143548562639,0.00172886807337
52.15,-0.00497582765371,-0.00143530941435,0.00171413580835
52.2,-0.00492842713432,-0.00143516058669,0.0016995985392
52.25,-0.00488144791493,-0.00143503821618,0.00168525152039
52.3,-0.00483488746843,-0.00143494140849,0.00167109000668
52.35,-0.00478874322383,-0.00143486930191,0.00165710904776
52.4,-0.00474301256756,-0.00143482106835,0.00164330434679
52.45,-0.00469769285015,-0.00143479720055,0.00162967023194
52.5,-0.00465278137842,-0.0014347990931,0.00161620135839
52.55,-0.00460827541925,-0.00143482258125,0.00160289785619
52.6,-0.00456417224196,-0.00143486694115,0.00158975168959
52.65,-0.00452046906568,-0.0014349314997,0.00157675919227
52.7,-0.00447716308852,-0.00143501560812,0.00156391853868
52.75,-0.00443425150005,-0.00143511863086,0.00155122663169
52.8,-0.00439173147501,-0.00143523995306,0.00153868031238
52.85,-0.00434962191166,-0.00143537898071,0.00152627617368
52.9,-0.00430789775628,-0.00143553516762,0.00151401141104
52.95,-0.0042665561548,-0.00143570795955,0.00150188183813
53.0,-0.00422559423747,-0.00143589682866,0.00148988351329
53.05,-0.00418500912185,-0.00143610127184,0.00147801748748
53.1,-0.00414479794167,-0.00143632078103,0.00146627725272
53.15,-0.00410495780558,-0.00143655488788,0.00145466028035
53.2,-0.00406548582072,-0.00143680313989,0.00144316569968
53.25,-0.00402637910258,-0.00143706509052,0.00143179143109
53.3,-0.00398763476891,-0.00143734030627,0.00142053530172
53.35,-0.00394924993998,-0.00143763743768,0.0014093948748
53.4,-0.00391122171517,-0.00143795076249,0.00139836823627
53.45,-0.00387354723191,-0.00143827634962,0.00138745214433
53.5,-0.00383622361707,-0.00143861381913,0.00137664357381
53.55,-0.00379924799869,-0.00143896280931,0.00136594408315
53.6,-0.00376261752983,-0.00143932294925,0.00135534822313
53.65,-0.00372632935331,-0.00143969390067,0.001344854191
53.7,-0.00369038062114,-0.0014400753359,0.00133446169276
53.75,-0.00365476850233,-0.0014404669288,0.00132416929571
53.8,-0.00361949017739,-0.0014408683616,0.00131397545917
53.85,-0.00911559760685,-0.00152780504204,0.00130387837741
53.9,-0.0142446991364,-0.00162232519254,0.00130630123203
53.95,-0.019006529979,-0.00172465473544,0.00131983443401
54.0,-0.0234092130842,-0.00183528755611,0.0013431449371
54.05,-0.0274607924343,-0.00195516539438,0.00137499477596
54.1,-0.0311730564676,-0.00208401557213,0.00141422657765
54.15,-0.0345594944292,-0.00222301806864,0.00145977187193
54.2,-0.0376337763217,-0.00237228647455,0.00151065177133
54.25,-0.0404125950212,-0.00253203442119,0.00156596936654
54.3,-0.0429102073082,-0.00270315650361,0.00162490618525
54.35,-0.0451446456954,-0.00288512537504,0.00168672235638
54.4,-0.0471304427653,-0.00307889999664,0.0017507509287
54.45,-0.0488850398184,-0.00328452984878,0.00181639292022
54.5,-0.0504232496446,-0.00350164109588,0.00188310959949
54.55,-0.0517608571147,-0.00373121900613,0.00195043184245
54.6,-0.0529124415169,-0.00397239771551,0.00201793174495
54.65,-0.0538919619653,-0.00422563594868,0.00208524251462
54.7,-0.0547132570099,-0.00449111158237,0.00215204336138
54.75,-0.0553885058804,-0.00476780076484,0.00221805125036
54.8,-0.0545779185031,-0.00492510309178,0.00228302797197
54.85,-0.0533071035388,-0.00507945244435,0.00234406023173
54.9,-0.0520865215407,-0.0052299642185,0.00240045840738
54.95,-0.0509135552036,-0.00537625660849,0.00245248967558
55.0,-0.0497858274556,-0.00551838494368,0.00250039582275
55.05,-0.0487010223108,-0.00565631933186,0.00254442079535
55.1,-0.0476570338815,-0.00578993825843,0.00258477358062
55.15,-0.0466518421166,-0.00591923453315,0.00262166065441
55.2,-0.0456835756973,-0.00604433900025,0.00265527576914
55.25,-0.0447504033483,-0.00616511655799,0.00268580663945
55.3,-0.0438506334853,-0.00628162555945,0.00271342598723
55.35,-0.0429826976405,-0.00639401309174,0.00273829293998
55.4,-0.0421450562985,-0.00650228135648,0.00276056460933
55.45,-0.0413363108538,-0.00660645200512,0.00278038055561
55.5,-0.0405551124311,-0.00670665936938,0.00279787537567
55.55,-0.0398001847799,-0.00680302413191,0.00281318528259
55.6,-0.0390702986432,-0.00689562524857,0.00282642741372
55.65,-0.0383643564838,-0.00698457073313,0.00283771199787
55.7,-0.0376812531926,-0.0070699413857,0.00284715347872
55.75,-0.0370199643829,-0.00715181227464,0.00285485539454
55.8,-0.0363795197508,-0.0072302507678,0.00286091533525
55.85,-0.0357591786375,-0.00730548828841,0.00286542490659
55.9,-0.0351578961908,-0.00737756284031,0.00286847026305
55.95,-0.0345748269727,-0.00744654309357,0.00287013351461
56.0,-0.0340092004829,-0.00751262327887,0.00287048896798
56.05,-0.0334602535906,-0.00757585791896,0.00286961973875
56.1,-0.0329272910546,-0.00763626534821,0.00286758707296
56.15,-0.0324096382221,-0.00769417722162,0.00286445749513
56.2,-0.0319066387254,-0.00774951227609,0.00286029883543
56.25,-0.0314176953356,-0.00780237641915,0.00285517017702
56.3,-0.0309422273419,-0.00785288364538,0.00284912863485
56.35,-0.0304796818852,-0.00790114947628,0.00284222775604
56.4,-0.0300295323608,-0.00794726720712,0.00283451915403
56.45,-0.0295912773229,-0.00799132433772,0.0028260491538
56.5,-0.0291644390234,-0.00803340615401,0.00281686181209
56.55,-0.0287485621827,-0.00807359207937,0.00280700808818
56.6,-0.0283432134419,-0.00811195593691,0.00279652228955
56.65,-0.0279479793807,-0.00814856663281,0.00278544388818
56.7,-0.0275624659838,-0.0081834883911,0.00277381337324
56.75,-0.0271862978715,-0.00821678104595,0.00276166689833
56.8,-0.0268191172423,-0.00824850041216,0.00274903847855
56.85,-0.0264607152382,-0.00827882297029,0.00273595974635
56.9,-0.0261106334777,-0.00830774103327,0.00272246115606
56.95,-0.0257685551983,-0.00833524990602,0.00270857007501
57.0,-0.0254341847525,-0.00836147472309,0.00269431184141
57.05,-0.0251072440186,-0.00838654287908,0.00267971878273
57.1,-0.0247874572074,-0.00841033379544,0.0026648093092
57.15,-0.0244745677496,-0.00843306594975,0.0026496067249
57.2,-0.0241683330535,-0.00845468587145,0.00263413574936
57.25,-0.0238685143215,-0.00847524448147,0.00261841846658
57.3,-0.0235748916548,-0.00849486086546,0.0026024746474
57.35,-0.0232872466398,-0.0085134590745,0.0025863233569
57.4,-0.0230053792551,-0.00853121761937,0.00256998242317
57.45,-0.0227290901282,-0.00854804302049,0.00255346725148
57.5,-0.0224581966828,-0.00856407062316,0.00253679165656
57.55,-0.0221925171667,-0.00857928855924,0.00251997774068
57.6,-0.0219318846716,-0.0085936958172,0.00250303308021
57.65,-0.0216761341168,-0.00860745190279,0.00248597164191
57.7,-0.0214251117767,-0.00862040332452,0.00246880888823
57.75,-0.0211786699837,-0.00863275738892,0.00245155750555
57.8,-0.020936663596,-0.00864444423587,0.00243422967237
57.85,-0.0206990627897,-0.00865543703502,0.00241683572641
57.9,-0.0204656313953,-0.00866595198759,0.00239938640613
57.95,-0.020236242139,-0.00867585298227,0.00238188991488
58.0,-0.0200107785519,-0.00868514192994,0.0023643534984
58.05,-0.0197891272758,-0.0086939645406,0.0023467918521
58.1,-0.0195711772734,-0.0087022872349,0.00232920739625
58.15,-0.0193568257314,-0.00871007116951,0.00231160777303
58.2,-0.0191459729962,-0.00871734038385,0.00229400282157
58.25,-0.0189385236234,-0.00872426012664,0.00227639994105
58.3,-0.0187343835008,-0.00873071197681,0.00225880616028
58.35,-0.018533466263,-0.00873670684569,0.00224122715004
58.4,-0.0183356877125,-0.00874226384849,0.00222366900963
58.45,-0.0181409670154,-0.0087474672283,0.00220613540924
58.5,-0.0179492248353,-0.00875232300823,0.00218863007519
58.55,-0.0177603871025,-0.00875679950673,0.00217116335387
58.6,-0.0175743821728,-0.0087608991739,0.00215373418976
58.65,-0.0173911410167,-0.00876463648942,0.00213634691323
58.7,-0.0172105972238,-0.00876802593617,0.00211900790986
58.75,-0.0170326861933,-0.00877117256516,0.00210172153298
58.8,-0.0168573465722,-0.00877399091736,0.00208449156069
58.85,-0.0166846026372,-0.00877649258871,0.00206732105865
58.9,-0.0165143115764,-0.00877868881036,0.00205021354306
58.95,-0.0163464185458,-0.00878058992291,0.00203317032275
59.0,-0.0161808705737,-0.00878220572714,0.00201619270034
59.05,-0.01601761648,-0.00878354551301,0.00199928841378
59.1,-0.015856607048,-0.00878463535408,0.00198245472272
59.15,-0.0156977939531,-0.00878550763675,0.00196569401603
59.2,-0.0155411312446,-0.00878612507488,0.00194901057187
59.25,-0.0153865744393,-0.00878649516082,0.0019324068143
59.3,-0.0152340805207,-0.00878662497866,0.00191588480435
59.35,-0.0150836078627,-0.00878652261826,0.00189944602024
59.4,-0.0149351161389,-0.0087862069262,0.00188309235534
59.45,-0.0147885662028,-0.00878567008244,0.00186682382496
59.5,-0.0146439201604,-0.00878491779872,0.00185064048995
59.55,-0.0145011412205,-0.00878395550779,0.00183454837583
59.6,-0.0143601938588,-0.00878278828342,0.00181854394755
59.65,-0.0142210434296,-0.00878142100813,0.00180262837013
59.7,-0.0140836562949,-0.00877985831075,0.00178680466962
59.75,-0.0139479998467,-0.00877810454987,0.00177107420353
59.8,-0.013814042407,-0.00877616385301,0.00175543804067
59.85,-0.0136818215568,-0.0087740401326,0.00173989675769
59.9,-0.0135512371298,-0.00877173732085,0.00172445140182
59.95,-0.0134222600297,-0.00876925893309,0.00170910127418
60.0,-0.0132948618826,-0.00876660832902,0.00169384576506
60.05,-0.0131690150134,-0.00876379909931,0.00167868975719
60.1,-0.0130446925294,-0.00876082720276,0.00166362942364
60.15,-0.0129218681236,-0.00875769223122,0.00164866526357
60.2,-0.0128005161669,-0.00875439694553,0.00163379950365
60.25,-0.0126806117163,-0.00875094394488,0.00161903287102
60.3,-0.0125621304417,-0.00874733569765,0.00160436585406
60.35,-0.012445048597,-0.00874357455179,0.00158979851528
60.4,-0.0123293429862,-0.00873966274768,0.00157533132264
60.45,-0.0122149909568,-0.00873560241755,0.00156096322048
60.5,-0.0121019703354,-0.00873139561523,0.00154669325511
60.55,-0.0119902594156,-0.00872704431966,0.00153252550645
60.6,-0.0118798370894,-0.0087225503601,0.00151845611352
60.65,-0.0117706825961,-0.00871791554731,0.00150448518685
60.7,-0.0116627756273,-0.00871314161454,0.00149061443113
60.75,-0.0115560963576,-0.00870823019666,0.00147684419716
60.8,-0.0114506253905,-0.00870318285583,0.00146317463182
60.85,-0.0113464004435,-0.00869800108868,0.00144960550673
60.9,-0.0112433448145,-0.00869269841696,0.00143613701147
60.95,-0.0111414402634,-0.00868726755207,0.00142276792795
61.0,-0.0110406689368,-0.00868170664321,0.00140949713693
61.05,-0.01094101333,-0.00867601700254,0.00139632811424
61.1,-0.010842456383,-0.00867019983978,0.00138325711002
61.15,-0.0107449812761,-0.00866427515074,0.00137028400244
61.2,-0.0106485711646,-0.00865825650032,0.00135741017089
61.25,-0.0105532100219,-0.00865211588301,0.00134463571695
61.3,-0.0104588820392,-0.00864585436862,0.00133196057559
61.35,-0.0103655717146,-0.00863947299422,0.00131938434728
61.4,-0.0102732638367,-0.00863297277146,0.00130690698689
61.45,-0.0101819434878,-0.0086263546827,0.00129452720234
61.5,-0.0100915960057,-0.00861961970288,0.00128224380278
61.55,-0.0100022069815,-0.00861277491937,0.00127005978445
61.6,-0.00991376232666,-0.00860582246066,0.00125797157955
61.65,-0.00982624813048,-0.00859875823328,0.00124597892556
61.7,-0.00973965049712,-0.00859164593928,0.0012340829203
61.75,-0.00965395601658,-0.00858442322906,0.00122228352836
61.8,-0.00956915166558,-0.00857709090673,0.00121058054065
61.85,-0.00948527201842,-0.00856964979434,0.00119897345343
61.9,-0.00940225598236,-0.00856210085881,0.00118746211354
61.95,-0.00932009122278,-0.00855444489629,0.00117604521174
62.0,-0.00923876560946,-0.00854668270891,0.00116472153419
62.05,-0.00915826721596,-0.00853881510395,0.00115349367305
62.1,-0.00907858440015,-0.00853090851803,0.00114235825851
62.15,-0.00899970502874,-0.00852291384871,0.001131314999
62.2,-0.0089216181203,-0.0085148177844,0.00112036470565
62.25,-0.00884431263178,-0.00850662106976,0.00110950721815
62.3,-0.00876777772748,-0.00849832444021,0.00109874223476
62.35,-0.00869200277235,-0.00848992862454,0.0010880691833
62.4,-0.00861697732284,-0.00848144149386,0.00107748778897
62.45,-0.0085426911005,-0.00847292416682,0.00106699675747
62.5,-0.00846913338377,-0.00846434093627,0.00105659495448
62.55,-0.008396294526,-0.00845566305341,0.00104628459454
62.6,-0.0083241648644,-0.00844689119718,0.00103606251529
62.65,-0.00825273485907,-0.00843802608858,0.00102592828109
62.7,-0.00818199514655,-0.00842906844583,0.00101588255661
62.75,-0.00811193655801,-0.00842003494541,0.00100592509602
62.8,-0.00804254965944,-0.00841099257283,0.000996055578007
62.85,-0.00797386554502,-0.00840186124109,0.000986273377867
62.9,-0.00790583483536,-0.00839264175721,0.000976578167082
62.95,-0.00783844905202,-0.00838333478932,0.000966968672942
63.0,-0.00777169985765,-0.00837394101686,0.000957443704662
63.05,-0.00770557905558,-0.00836447351873,0.000948005202856
63.1,-0.00764007821977,-0.00835502612025,0.000938650261011
63.15,-0.00757518946128,-0.008345495374,0.000929378393677
63.2,-0.00751090503955,-0.00833588195071,0.000920190113257
63.25,-0.00744721737461,-0.00832618650219,0.000911085108788
63.3,-0.00738411902908,-0.00831640967477,0.00090206295597
63.35,-0.00732160270353,-0.00830659112589,0.000893123011257
63.4,-0.00725966071642,-0.00829676442429,0.000884264938415
63.45,-0.00719828618206,-0.00828685959904,0.000875487486743
63.5,-0.00713747219277,-0.00827687728602,0.000866789497437
63.55,-0.00707721195648,-0.0082668181293,0.000858172647863
63.6,-0.00701749884173,-0.00825668273272,0.00084963418391
63.65,-0.00695832630058,-0.0082465695736,0.000841173590545
63.7,-0.00689968721094,-0.00823640009845,0.000832791339252
63.75,-0.00684157561428,-0.00822615753206,0.000824487036039
63.8,-0.00678398534075,-0.00821584247467,0.000816260224319
63.85,-0.00672694395074,-0.00820545552172,0.000808110250513
63.9,-0.00667041117131,-0.00819506344471,0.000800036698304
63.95,-0.00661438059838,-0.00818466924472,0.000792038450756
64.0,-0.00655884667515,-0.00817420625726,0.000784114371843
64.05,-0.00650380377204,-0.00816367507281,0.00077626591203
64.1,-0.00644924638902,-0.00815307624384,0.000768490514751
64.15,-0.00639516909205,-0.00814245469291,0.000760787650159
64.2,-0.00634156604775,-0.00813184609191,0.000753157666664
64.25,-0.00628843216923,-0.00812117270886,0.000745600165383
64.3,-0.00623576232734,-0.00811043508871,0.00073811467328
64.35,-0.00618355148205,-0.00809963377085,0.000730700540575
64.4,-0.00613179467791,-0.00808880783837,0.000723357322141
64.45,-0.00608048658052,-0.00807800763164,0.000716083946331
64.5,-0.00602962251727,-0.0080671464189,0.000708879336309
64.55,-0.00597919777706,-0.00805622473317,0.000701744750374
64.6,-0.00592920775229,-0.00804525374384,0.000694677825831
64.65,-0.00587964785765,-0.00803426957804,0.000687678036777
64.7,-0.0058305131421,-0.00802331186242,0.000680745651938
64.75,-0.00578179934355,-0.00801229677281,0.000673880262403
64.8,-0.00573350215023,-0.00800122479649,0.00066708139364
64.85,-0.00568564573466,-0.00799009641485,0.000660348412607
64.9,-0.00563819693113,-0.0079789723449,0.000653680881199
64.95,-0.00559115115103,-0.00796786502279,0.000647077795897
65.0,-0.00554450452436,-0.00795670381265,0.000640538133854
65.05,-0.0054982530794,-0.00794548918701,0.000634062990263
65.1,-0.00545239292616,-0.00793422158502,0.000627650189796
65.15,-0.00540692021354,-0.0079229858417,0.000621299214679
65.2,-0.00536183061593,-0.00791174815997,0.000615010282497
65.25,-0.00531712062971,-0.00790045981776,0.000608782974334
65.3,-0.00527278659583,-0.00788912124461,0.000602616825251
65.35,-0.00522882490982,-0.00787773286431,0.000596511228163
65.4,-0.00518523201885,-0.00786641077016,0.000590465745147
65.45,-0.00514200383634,-0.00785507250354,0.000584479454252
65.5,-0.00509913716697,-0.00784368826596,0.000578551386775
65.55,-0.00505662860689,-0.00783225682373,0.000572682501158
65.6,-0.0050144748209,-0.00782079453667,0.000566870802458
65.65,-0.00497267216027,-0.00780940720807,0.000561115834887
65.7,-0.00493121741242,-0.0077979747557,0.000555417703125
65.75,-0.00489010737935,-0.00778649756376,0.000549776024041
65.8,-0.00484933890748,-0.00777497601004,0.000544190350866
65.85,-0.0048089329187,-0.00776346676278,0.00053866010929
65.9,-0.00476886141703,-0.00775199658873,0.000533184934992
65.95,-0.00472912151534,-0.00774048409423,0.000527763891005
66.0,-0.00468971023691,-0.0077289296425,0.000522396105522
66.05,-0.00465062463919,-0.00771733359968,0.00051708242019
66.1,-0.00461186183081,-0.00770580327152,0.000511821011251
66.15,-0.00457341843946,-0.00769427737524,0.000506611468877
66.2,-0.00453529184222,-0.00768271177288,0.000501453846117
66.25,-0.00449747925713,-0.00767110680219,0.000496347776399
66.3,-0.00445997793707,-0.00765946999842,0.000491292836352
66.35,-0.00442278487886,-0.00764792787766,0.000486288523174
66.4,-0.00438589742442,-0.00763634816658,0.000481334435386
66.45,-0.00434931293342,-0.00762473118315,0.000476429722701
66.5,-0.00431302879246,-0.00761307724891,0.000471573580754
66.55,-0.0042770424151,-0.00760144181521,0.000466766752452
66.6,-0.0042413508882,-0.00758985650841,0.000462007619916
66.65,-0.00420595179907,-0.00757823595889,0.000457295728568
66.7,-0.00417084265725,-0.00756658047921,0.000452631132812
66.75,-0.00413602100453,-0.00755489036975,0.000448013487071
66.8,-0.00410148441058,-0.00754327019484,0.000443442394988
66.85,-0.00406725035825,-0.00753165409851,0.000438917410846
66.9,-0.00403329594798,-0.00752000506422,0.000434438141583
66.95,-0.00399961884266,-0.00750833088559,0.000430003806628
67.0,-0.00396621671363,-0.00749664196911,0.000425613668863
67.05,-0.00393308699286,-0.0074850512009,0.000421268419851
67.1,-0.00390022745008,-0.00747342935363,0.000416966543575
67.15,-0.00386763584736,-0.00746177670983,0.000412707629731
67.2,-0.00383530996962,-0.00745009354941,0.000408491716127
67.25,-0.00380324762787,-0.00743844118664,0.000404318479986
67.3,-0.00377144632193,-0.00742684060086,0.000400187593862
67.35,-0.00373990401824,-0.00741521098917,0.000396098583479
67.4,-0.00370861860058,-0.00740355261081,0.000392051101313
67.45,-0.00367758797361,-0.00739186572172,0.000388044433606
67.5,-0.0036468100596,-0.00738025977214,0.000384077904674
67.55,-0.00361628240443,-0.00736865979451,0.000380152147936
67.6,-0.00358600315888,-0.00735703553088,0.000376265767791
67.65,-0.00355597030484,-0.00734539315474,0.000372418386365
67.7,-0.00352618183428,-0.00733373802413,0.00036861003149
67.75,-0.00349663553935,-0.00732218549365,0.000364840433099
67.8,-0.00346732949487,-0.00731060755431,0.000361109247968
67.85,-0.00343827895523,-0.0072990044444,0.000357416052282
67.9,-0.00340946449559,-0.00728737646447,0.000353760528589
67.95,-0.00338088422711,-0.00727578246625,0.000350142025936
68.0,-0.00335253598687,-0.0072642482259,0.000346559963483
68.05,-0.00332441800923,-0.00725269045723,0.00034301485119
68.1,-0.00329652846446,-0.00724110938145,0.000339505442981
68.15,-0.00326886553229,-0.00722950523439,0.000336031391329
68.2,-0.00324142740828,-0.00721797929684,0.000332592713997
68.25,-0.00321421197274,-0.00720647241848,0.000329189176771
68.3,-0.00318721760437,-0.00719494376256,0.000325820449318
68.35,-0.0031604425545,-0.00718339354899,0.000322486143983
68.4,-0.00313388508876,-0.00717182199703,0.000319185966445
68.45,-0.00310754348759,-0.00716037331116,0.000315919324595
68.5,-0.00308141567028,-0.00714891469822,0.000312685703892
68.55,-0.00305550012661,-0.00713743601257,0.000309485547601
68.6,-0.00302979518844,-0.00712593746036,0.000306317727059
68.65,-0.00300429919603,-0.00711445508144,0.000303181924407
68.7,-0.00297901028048,-0.0071030590944,0.000300078179126
68.75,-0.00295392686373,-0.00709164446218,0.000297006232279
68.8,-0.00292904733489,-0.0070802113923,0.000293965797789
68.85,-0.0029043846108,-0.00706876009053,0.000290956522136
68.9,-0.00287992231468,-0.00705735962963,0.00028797813832
68.95,-0.00285565862669,-0.00704601380827,0.000285030139742
69.0,-0.00283159208035,-0.00703465097559,0.00028211200565
69.05,-0.00280772113522,-0.00702327133916,0.000279224152317
69.1,-0.00278404426709,-0.0070118750922,0.000276365558216
69.15,-0.00276055995933,-0.00700057048438,0.000273535933398
69.2,-0.00273726642301,-0.00698929327357,0.000270735320894
69.25,-0.00271416228722,-0.00697800060618,0.000267963475017
69.3,-0.00269124607839,-0.00696669267696,0.00026522013475
69.35,-0.00266851633438,-0.00695536967914,0.000262504978322
69.4,-0.0026459716039,-0.00694415410572,0.000259817760129
69.45,-0.00262361016116,-0.00693294158192,0.000257158028057
69.5,-0.0026014307186,-0.00692171508358,0.000254525302176
69.55,-0.00257943186106,-0.00691047480655,0.00025191995564
69.6,-0.00255761218754,-0.00689922477778,0.000249341064513
69.65,-0.00253597015449,-0.00688809627505,0.000246788383646
69.7,-0.00251450438768,-0.00687695506193,0.000244261916592
69.75,-0.00249321352052,-0.00686580132476,0.000241761452463
69.8,-0.0024720961968,-0.00685463524802,0.000239286753773
69.85,-0.00245116332021,-0.00684347650763,0.000236837528285
69.9,-0.0024304009153,-0.00683242426706,0.000234413573834
69.95,-0.00240980768426,-0.00682136075871,0.000232014445313
70.0,-0.002389382318,-0.00681029764002,0.00022963972333
70.05,-0.00236912350499,-0.0067992239916,0.000227289744165
70.1,-0.00234902995731,-0.00678816952378,0.000224963672504
70.15,-0.00232910023476,-0.00677721159172,0.000222661288557
70.2,-0.0023093330997,-0.00676624377148,0.000220382590619
70.25,-0.00228972729547,-0.00675526623905,0.000218127386805
70.3,-0.00227028157475,-0.00674427916874,0.000215895461282
70.35,-0.00225099469926,-0.00673331751116,0.00021368654887
70.4,-0.00223186528431,-0.00672244778673,0.000211500466064
70.45,-0.00221289214638,-0.00671156948503,0.000209336808084
70.5,-0.00219407407738,-0.00670068277906,0.000207195195216
70.55,-0.00217540987719,-0.00668978784383,0.000205075928327
70.6,-0.00215689835664,-0.00667891875193,0.00020297825254
70.65,-0.00213853818643,-0.00666814924064,0.000200901968823
70.7,-0.00212032822082,-0.00665737622918,0.000198847074747
70.75,-0.0021022672958,-0.00664659610283,0.00019681339649
70.8,-0.00208435425917,-0.00663580902687,0.00019480073824
70.85,-0.00206659829487,-0.00662504223879,0.00019280885969
70.9,-0.00204898761136,-0.00661437528814,0.000190837594518
70.95,-0.0020315211108,-0.00660370232322,0.000188886577247
71.0,-0.00201419767958,-0.00659302350712,0.000186955464255
71.05,-0.00199701621139,-0.00658233900476,0.00018504452604
71.1,-0.00197997560965,-0.0065716630398,0.000183153080545
71.15,-0.00196307466825,-0.00656109978754,0.000181280945226
71.2,-0.00194631231931,-0.00655053171975,0.00017942811836
71.25,-0.00192968749195,-0.00653995899367,0.000177594441913
71.3,-0.00191319912294,-0.00652938176511,0.000175779738418
71.35,-0.0018968461566,-0.00651880018884,0.00017398379029
71.4,-0.00188062754453,-0.00650833940024,0.000172206430551
71.45,-0.00186454205495,-0.00649788068019,0.000170447356152
71.5,-0.00184858875323,-0.00648742596017,0.000168706244167
71.55,-0.00183276661001,-0.00647697164219,0.000166983338781
71.6,-0.00181707460768,-0.00646651412498,0.000165278024262
71.65,-0.00180151173699,-0.00645615130082,0.000163590122046
71.7,-0.00178607683423,-0.00644581740065,0.000161919652348
71.75,-0.00177076897982,-0.00643548111084,0.000160266462868
71.8,-0.00175558718967,-0.00642514257809,0.000158630392923
71.85,-0.00174053918499,-0.00641480194809,0.000157011245641
71.9,-0.00172561513313,-0.00640452321082,0.000155408870608
71.95,-0.00171081394296,-0.00639430682143,0.000153822988514
72.0,-0.00169613470726,-0.0063840891367,0.000152253312755
72.05,-0.00168157648052,-0.00637387030196,0.000150700062581
72.1,-0.00166713832514,-0.00636365045473,0.000149162681562
72.15,-0.00165281930872,-0.00635345614254,0.000147641008128
72.2,-0.00163861840672,-0.00634337086852,0.000146135054159
72.25,-0.00162453471443,-0.00633328533825,0.000144644688641
72.3,-0.00161056732267,-0.00632319968853,0.000143169766168
72.35,-0.00159671532861,-0.00631311405517,0.000141710108688
72.4,-0.00158297783562,-0.00630302857362,0.000140265579401
72.45,-0.00156935395341,-0.00629304297556,0.000138835910887
72.5,-0.00155584266048,-0.006283082975,0.000137420867309
72.55,-0.00154244314366,-0.00627312383343,0.000136020638213
72.6,-0.00152915453429,-0.00626316567922,0.000134634721118
72.65,-0.00151597596866,-0.00625320864641,0.000133262969929
72.7,-0.00150290658913,-0.00624329627865,0.000131905383688
72.75,-0.00148994544762,-0.00623346480042,0.000130561858039
72.8,-0.00147709172755,-0.00622363511927,0.000129232258194
72.85,-0.00146435191039,-0.00621380736145,0.000127916423263
72.9,-0.00145171770933,-0.0062039816796,0.000126614230137
72.95,-0.00143918830128,-0.00619415819803,0.000125325437242
73.0,-0.00142676286861,-0.00618444175572,0.000124049815585
73.05,-0.00141444047479,-0.00617475505205,0.000122787559786
73.1,-0.00140222037008,-0.00616507119859,0.000121538209191
73.15,-0.00139010175619,-0.00615539031872,0.000120301631739
73.2,-0.00137808384041,-0.00614571253505,0.0001190778264
73.25,-0.0013661658359,-0.00613606674524,0.000117866687535
73.3,-0.00135434688375,-0.00612651476578,0.000116668106728
73.35,-0.00134262622599,-0.00611696648751,0.000115481936596
73.4,-0.00133100309448,-0.0061074220258,0.000114308065398
73.45,-0.00131947672646,-0.00609788149499,0.000113146274961
73.5,-0.00130804636425,-0.00608834501034,0.000111996358468
73.55,-0.00129671125529,-0.00607887925948,0.000110858477022
73.6,-0.00128547056179,-0.00606946863698,0.000109732233066
73.65,-0.00127432357778,-0.00606006292147,0.000108617502912
73.7,-0.00126326956835,-0.00605067111206,0.000107514285625
73.75,-0.00125230779976,-0.00604128415544,0.000106422486391
73.8,-0.00124143754802,-0.00603190215969,0.000105341998198
73.85,-0.00123066424451,-0.00602261869327,0.000104272690029
73.9,-0.00121998081144,-0.00601336247609,0.000103214474388
73.95,-0.00120938658867,-0.00600411177745,0.000102167148376
74.0,-0.00119888087573,-0.0059948667018,0.000101130525219
74.05,-0.00118846297691,-0.00598562735419,0.000100104750379
74.1,-0.00117813220194,-0.00597639383424,9.90894541429e-05
74.15,-0.00116788786483,-0.00596727560157,9.80845290446e-05
74.2,-0.00115772918582,-0.00595816756254,9.70899873731e-05
74.25,-0.00114765554044,-0.00594906585769,9.61057364841e-05
74.3,-0.00113766625918,-0.00593997058443,9.51316797824e-05
74.35,-0.00112776067725,-0.00593088183926,9.41676990003e-05
74.4,-0.00111793813449,-0.0059218030838,9.32137032945e-05
74.45,-0.00110819792713,-0.00591283893591,9.22695213806e-05
74.5,-0.00109853940733,-0.00590388241019,9.13349844676e-05
74.55,-0.00108896193001,-0.0058949426029,9.04102240391e-05
74.6,-0.00107946485144,-0.0058860099928,8.94949068e-05
74.65,-0.00107004753601,-0.0058770846728,8.85889357536e-05
74.7,-0.0010607093526,-0.00586816673505,8.76923104079e-05
74.75,-0.00105144967477,-0.00585936428026,8.68049532622e-05
74.8,-0.0010422677948,-0.00585057067111,8.59267886619e-05
74.85,-0.0010331683039,-0.00584178487899,8.50577040951e-05
74.9,-0.00102414532983,-0.00583300700797,8.41976178664e-05
74.95,-0.00101519826672,-0.00582423714228,8.33463696108e-05
75.0,-0.00100632651281,-0.0058154753666,8.25038073121e-05
75.05,-0.00099752947056,-0.00580681253884,8.16700499924e-05
75.1,-0.00098880647326,-0.00579817427681,8.0844806149e-05
75.15,-0.000980156968118,-0.00578954450794,8.00279836688e-05
75.2,-0.00097158037167,-0.00578092988619,7.92195822221e-05
75.25,-0.00096307610237,-0.00577232638791,7.84195322364e-05
75.3,-0.000954643584413,-0.00576373163207,7.76277553904e-05
75.35,-0.00094628224702,-0.00575520823043,7.68441555571e-05
75.4,-0.000937991464533,-0.00574673599825,7.60686667994e-05
75.45,-0.000929770698323,-0.00573827287691,7.53011413674e-05
75.5,-0.000921619390982,-0.00572981894063,7.45414420506e-05
75.55,-0.000913536988981,-0.00572137426385,7.378967652e-05
75.6,-0.000905522943075,-0.00571293891689,7.30455727378e-05
75.65,-0.000897576707615,-0.00570453633861,7.23090519398e-05
75.7,-0.000889697699016,-0.00569622234846,7.15801196997e-05
75.75,-0.000881885388832,-0.00568791802969,7.08587119556e-05
75.8,-0.00087413924449,-0.00567962344982,7.0144757993e-05
75.85,-0.000866463067421,-0.00567133867555,6.94381711192e-05
75.9,-0.0008588519207,-0.00566306378841,6.87388850478e-05
75.95,-0.000851305284304,-0.00565479885333,6.80467692967e-05
76.0,-0.000843822641861,-0.00564661715154,6.73617001867e-05
76.05,-0.000836403426652,-0.00563847995194,6.66837825332e-05
76.1,-0.000829047152234,-0.00563035538997,6.60127678434e-05
76.15,-0.000821753313733,-0.00562224115869,6.53485851826e-05
76.2,-0.00081452141066,-0.00561413731967,6.46912347079e-05
76.25,-0.000807350946243,-0.00560604393249,6.40406597852e-05
76.3,-0.000800241427316,-0.00559797138138,6.33967968075e-05
76.35,-0.000793192332505,-0.00558999684815,6.27595719776e-05
76.4,-0.000786203179937,-0.00558203303946,6.2128924963e-05
76.45,-0.000779273488139,-0.00557408001021,6.15047380008e-05
76.5,-0.000772402779043,-0.00556613781545,6.08868994719e-05
76.55,-0.000765590577981,-0.00555820651032,6.02754977777e-05
76.6,-0.000758836413946,-0.00555028614657,5.96703111692e-05
76.65,-0.000752139819131,-0.00554240884307,5.90712757514e-05
76.7,-0.000745500294072,-0.00553460958014,5.84783966901e-05
76.75,-0.000738917386901,-0.00552682648329,5.78916218979e-05
76.8,-0.000732390639723,-0.00551905463214,5.73108942435e-05
76.85,-0.000725923227192,-0.00551129407463,5.67361433512e-05
76.9,-0.000719511002939,-0.00550354487095,5.61673154931e-05
76.95,-0.000713153521343,-0.00549580706743,5.56043045055e-05
77.0,-0.000706850339978,-0.00548811947679,5.50470097716e-05
77.05,-0.000700600985692,-0.00548049755284,5.44955160761e-05
77.1,-0.000694405033798,-0.00547288723851,5.39496217323e-05
77.15,-0.000688262052332,-0.00546528857751,5.34092691439e-05
77.2,-0.000682171612488,-0.0054577016129,5.28744588995e-05
77.25,-0.000676133288672,-0.00545012638602,5.23451451772e-05
77.3,-0.000670146658424,-0.0054425629374,5.18212764548e-05
77.35,-0.00066421130239,-0.00543504193465,5.13027894005e-05
77.4,-0.000658326775126,-0.00542759260357,5.07896395591e-05
77.45,-0.000652492671831,-0.00542015522967,5.02817301043e-05
77.5,-0.000646708583096,-0.00541272985006,4.97789702449e-05
77.55,-0.000640974102476,-0.00540532077031,4.92814327158e-05
77.6,-0.000635288825677,-0.00539792887905,4.87889368181e-05
77.65,-0.00062965235108,-0.00539054910238,4.83014309164e-05
77.7,-0.000624064281248,-0.0053831893813,4.78189158275e-05
77.75,-0.000618524200154,-0.00537592183901,4.73413533278e-05
77.8,-0.000613031718869,-0.00536866656308,4.68686967599e-05
77.85,-0.000607589485974,-0.00536142358414,4.64008890328e-05
77.9,-0.000602194022402,-0.00535419294286,4.59378866506e-05
77.95,-0.00059684494682,-0.00534697466843,4.54796032432e-05
78.0,-0.000591541880681,-0.00533976879012,4.50259569655e-05
78.05,-0.000586284448209,-0.00533257533716,4.45770138808e-05
78.1,-0.000581072276544,-0.00532545034261,4.41326106948e-05
78.15,-0.000575904965941,-0.00531836718574,4.36927048511e-05
78.2,-0.000570782161663,-0.00531129758125,4.32572956376e-05
78.25,-0.0005657034995,-0.00530424783712,4.28263460457e-05
78.3,-0.000560668616689,-0.00529721069958,4.23998145742e-05
78.35,-0.000555677154703,-0.00529018619179,4.19776498461e-05
78.4,-0.00055072875768,-0.00528317433648,4.15598126985e-05
78.45,-0.000545823072425,-0.00527617771558,4.11462252632e-05
78.5,-0.000540959733581,-0.00526927394364,4.07368157786e-05
78.55,-0.000536138390443,-0.00526238295265,4.03316446539e-05
78.6,-0.000531358700269,-0.0052555047277,3.99305640691e-05
78.65,-0.00052662032086,-0.00524863928834,3.95335320594e-05
78.7,-0.000521922912582,-0.00524178665353,3.91405497251e-05
78.75,-0.000517266138393,-0.00523494684099,3.87515838164e-05
78.8,-0.000512649663791,-0.00522811986773,3.83665968595e-05
78.85,-0.000508075695917,-0.00522132128615,3.79855426309e-05
78.9,-0.000503541300524,-0.00521460017492,3.76083883987e-05
78.95,-0.000499046154748,-0.00520789197853,3.7235063487e-05
79.0,-0.000494589935253,-0.00520119671082,3.68655013102e-05
79.05,-0.000490172321116,-0.00519451575279,3.64997563806e-05
79.1,-0.000485792993674,-0.00518785539998,3.61376954523e-05
79.15,-0.000481451635511,-0.00518120802759,3.57792809772e-05
79.2,-0.000477147932973,-0.00517457364779,3.54245141924e-05
79.25,-0.000472881574814,-0.00516796253767,3.50733652466e-05
79.3,-0.000468652237424,-0.00516143164749,3.47258024937e-05
79.35,-0.000464459616535,-0.00515491379128,3.43817840261e-05
79.4,-0.000460303408422,-0.00514840897716,3.4041278179e-05
79.45,-0.000456183311665,-0.0051419172127,3.37042215797e-05
79.5,-0.00045209902711,-0.00513543850546,3.33705541936e-05
79.55,-0.000448050257858,-0.00512897286292,3.30403256005e-05
79.6,-0.000444036709338,-0.00512252029066,3.27134153902e-05
79.65,-0.000440058089152,-0.00511608079525,3.23897896382e-05
79.7,-0.000436114107139,-0.00510971620813,3.20694496994e-05
79.75,-0.000432204454319,-0.00510338420799,3.17523717019e-05
79.8,-0.000428328854232,-0.00509706676065,3.14385241152e-05
79.85,-0.000424489145,-0.00509076242167,3.11278694801e-05
79.9,-0.000420682883863,-0.00508447120046,3.08203793996e-05
79.95,-0.00041690979266,-0.00507819309859,3.05159967199e-05
80.0,-0.00041316959534,-0.00507192811764,3.02146673037e-05
80.05,-0.00040946201795,-0.00506567625912,2.99164362595e-05
80.1,-0.000405786788694,-0.00505945655439,2.96211947798e-05
80.15,-0.000402143624789,-0.00505330303186,2.93289141684e-05
80.2,-0.000398532261739,-0.00504716262626,2.90395954223e-05
80.25,-0.000394952434324,-0.00504103533568,2.87532144438e-05
80.3,-0.000391403879368,-0.00503492115771,2.84697439967e-05
80.35,-0.000387886335721,-0.0050288200895,2.81891503467e-05
80.4,-0.000384399544243,-0.00502273212783,2.7911407952e-05
80.45,-0.000380943247793,-0.00501665726906,2.76364652671e-05
80.5,-0.000377517191202,-0.00501059550949,2.73642734735e-05
80.55,-0.000374121121263,-0.00500457575895,2.70948736333e-05
80.6,-0.00037075477388,-0.00499861692038,2.68281692107e-05
80.65,-0.000367417903043,-0.00499267248067,2.65641323226e-05
80.7,-0.000364110261593,-0.004986741121,2.63027644466e-05
80.75,-0.000360831604476,-0.0049808228344,2.60440439553e-05
80.8,-0.000357581688544,-0.00497491761344,2.57879463761e-05
80.85,-0.000354362043472,-0.00496902545029,2.55344413483e-05
80.9,-0.000351170625055,-0.0049631463427,2.52835059604e-05
80.95,-0.000348007196253,-0.00495728028199,2.50350937105e-05
81.0,-0.000344871521854,-0.00495144491066,2.47891605622e-05
81.05,-0.000341763358322,-0.00494567154302,2.45457453231e-05
81.1,-0.000338682476621,-0.00493991117484,2.43047587472e-05
81.15,-0.000335628647291,-0.00493416379563,2.40661761285e-05
81.2,-0.000332601642662,-0.00492842939456,2.38299989707e-05
81.25,-0.000329601236854,-0.00492271192427,2.35962078663e-05
81.3,-0.000326627205301,-0.004917011143,2.33647808928e-05
81.35,-0.000323679325237,-0.0049113233165,2.31356907838e-05
81.4,-0.000320757376076,-0.00490564843205,2.29089169301e-05
81.45,-0.000317861138961,-0.00489998647655,2.26844173744e-05
81.5,-0.000314990396744,-0.00489438719158,2.24621523896e-05
81.55,-0.00031214492153,-0.00488881491007,2.22421577776e-05
81.6,-0.000309324505467,-0.0048832554907,2.20243523308e-05
81.65,-0.00030652893674,-0.00487770891873,2.1808713831e-05
81.7,-0.000303758005201,-0.00487217517911,2.159524381e-05
81.75,-0.000301011502364,-0.00486665425612,2.13839248491e-05
81.8,-0.000298289221391,-0.00486114613366,2.11747371908e-05
81.85,-0.000295592434306,-0.00485565079533,2.09676562386e-05
81.9,-0.000292919431951,-0.00485016822934,2.07626635042e-05
81.95,-0.00029027001275,-0.00484469841864,2.05597211268e-05
82.0,-0.000287643976713,-0.0048392983293,2.03587932627e-05
82.05,-0.000285041113663,-0.00483391505682,2.01599125989e-05
82.1,-0.000282461232858,-0.00482854903168,1.99630055819e-05
82.15,-0.000279904138791,-0.0048231994775,1.97680522947e-05
82.2,-0.000277369637594,-0.00481786257169,1.95750543331e-05
82.25,-0.000274857537329,-0.00481253829474,1.9383996061e-05
82.3,-0.000272367647578,-0.00480722662681,1.91948597204e-05
82.35,-0.000269899779439,-0.00480192754778,1.9007623165e-05
82.4,-0.000267453745506,-0.00479664103734,1.88222697644e-05
82.45,-0.000265029359867,-0.0047913670749,1.86387653444e-05
82.5,-0.000262626438084,-0.00478614607084,1.84570775559e-05
82.55,-0.000260244788238,-0.00478095544742,1.82772359404e-05
82.6,-0.000257884232808,-0.00477577727373,1.80991741727e-05
82.65,-0.000255544591927,-0.00477061152786,1.79228742793e-05
82.7,-0.000253225687162,-0.00476545818767,1.77483378024e-05
82.75,-0.000250927341515,-0.00476031880883,1.75755507091e-05
82.8,-0.000248649379266,-0.00475519765083,1.7404497061e-05
82.85,-0.000246392857095,-0.0047500888427,1.72351569901e-05
82.9,-0.000244156347204,-0.004744992365,1.70675155687e-05
82.95,-0.000241939678555,-0.00473990819398,1.69015419433e-05
83.0,-0.000239742681476,-0.00473483752489,1.67372069122e-05
83.05,-0.000237565185523,-0.00472983334073,1.65745365454e-05
83.1,-0.000235407018896,-0.0047248414516,1.64134720347e-05
83.15,-0.000233268018732,-0.00471986173338,1.6253996839e-05
83.2,-0.000231148020912,-0.00471489416094,1.60961124844e-05
83.25,-0.00022904686264,-0.0047099387087,1.5939806372e-05
83.3,-0.00022696438243,-0.00470499535087,1.57850641552e-05
83.35,-0.0002249004201,-0.00470006406144,1.56318678758e-05
83.4,-0.000222854816754,-0.00469514481428,1.54802041078e-05
83.45,-0.00022082741478,-0.00469023758305,1.53300449932e-05
83.5,-0.000218818057832,-0.00468534234147,1.51813641694e-05
83.55,-0.000216826590826,-0.00468045906325,1.50341851295e-05
83.6,-0.000214852859944,-0.00467563563306,1.48884540226e-05
83.65,-0.000212896705204,-0.00467083704538,1.47441573864e-05
83.7,-0.000210957978438,-0.00466605031291,1.46012962882e-05
83.75,-0.000209036529696,-0.00466127540767,1.44598594148e-05
83.8,-0.000207132210247,-0.00465651230143,1.43198338667e-05
83.85,-0.000205245898283,-0.00465176096586,1.4181203466e-05
83.9,-0.000203376401974,-0.00464702137577,1.40439561557e-05
83.95,-0.00020152357646,-0.00464229350245,1.39080667731e-05
84.0,-0.000199687278053,-0.00463757731725,1.37735115094e-05
84.05,-0.000197867364232,-0.00463287279157,1.36403117869e-05
84.1,-0.000196063693645,-0.0046281798961,1.35084188554e-05
84.15,-0.000194276126078,-0.00462350859116,1.33778196389e-05
84.2,-0.000192504518494,-0.00461888883377,1.32485161988e-05
84.25,-0.00019074873377,-0.0046142805753,1.31204982789e-05
84.3,-0.000189008635227,-0.00460969033734,1.29937542804e-05
84.35,-0.000187284086881,-0.00460511220454,1.28682696897e-05
84.4,-0.000185574954246,-0.00460054549289,1.27440336643e-05
84.45,-0.000183881103981,-0.00459599017178,1.26210234712e-05
84.5,-0.000182202403828,-0.00459144621068,1.2499217604e-05
84.55,-0.000180538722612,-0.00458691357909,1.23786356011e-05
84.6,-0.000178889930238,-0.00458239224592,1.22592333195e-05
84.65,-0.00017725589767,-0.0045778821805,1.21409989877e-05
84.7,-0.00017563649693,-0.00457338335208,1.202393405e-05
84.75,-0.000174031601093,-0.00456889572958,1.1908029398e-05
84.8,-0.000172441084279,-0.00456446378431,1.17932746142e-05
84.85,-0.000170865670185,-0.00456004563091,1.16796573601e-05
84.9,-0.000169304367369,-0.00455563854607,1.15671675001e-05
84.95,-0.000167757053375,-0.00455124249764,1.14557844927e-05
85.0,-0.000166223606746,-0.00454685745356,1.13454889079e-05
85.05,-0.000164703907027,-0.00454248338182,1.12362985707e-05
85.1,-0.00016319783476,-0.00453812024992,1.11281735015e-05
85.15,-0.000161705271464,-0.00453377542609,1.10211031025e-05
85.2,-0.000160226099227,-0.00452944196889,1.09150888307e-05
85.25,-0.000158760201507,-0.00452511936956,1.08101225059e-05
85.3,-0.000157307462752,-0.00452080759545,1.07061947548e-05
85.35,-0.000155867768363,-0.00451650661386,1.06032937493e-05
85.4,-0.000154441004689,-0.00451221839856,1.05014107307e-05
85.45,-0.000153027057176,-0.00450798329158,1.04005274155e-05
85.5,-0.000151625813077,-0.00450375886664,1.0300626398e-05
85.55,-0.000150237162216,-0.00449954505607,1.02017238547e-05
85.6,-0.000148860994751,-0.00449534182619,1.01037835661e-05
85.65,-0.000147497201745,-0.00449114914369,1.00067959866e-05
85.7,-0.000146145675165,-0.00448696697525,9.91076246158e-06
85.75,-0.000144806307875,-0.00448279528731,9.81567563793e-06
85.8,-0.000143478993634,-0.00447863828952,9.7215270818e-06
85.85,-0.000142164337344,-0.00447449446959,9.62830615972e-06
85.9,-0.000140861510165,-0.00447036104486,9.53600501748e-06
85.95,-0.000139570408692,-0.0044662379815,9.4446068791e-06
86.0,-0.00013829093038,-0.00446212524572,9.35409588098e-06
86.05,-0.000137022973539,-0.00445802280386,9.26448687344e-06
86.1,-0.000135766437327,-0.00445394819412,9.17574704611e-06
86.15,-0.000134521219036,-0.00444990788873,9.08786820931e-06
86.2,-0.000133287220396,-0.00444587772864,9.00085153105e-06
86.25,-0.000132064343142,-0.00444185767941,8.91469040129e-06
86.3,-0.00013085248983,-0.00443784770661,8.82937722756e-06
86.35,-0.000129651563828,-0.00443384777575,8.74490239129e-06
86.4,-0.000128461469312,-0.00442985785238,8.66125880338e-06
86.45,-0.000127282111261,-0.00442587790202,8.57843129354e-06
86.5,-0.000126113395445,-0.0044219078903,8.4964055186e-06
86.55,-0.000124955228426,-0.00441794778295,8.41519503226e-06
86.6,-0.00012380751755,-0.00441399754537,8.33477009677e-06
86.65,-0.000122670170939,-0.00441006201915,8.25512297313e-06
86.7,-0.000121543097281,-0.00440613908843,8.17625493511e-06
86.75,-0.000120426206129,-0.00440222593959,8.09816006575e-06
86.8,-0.000119319407914,-0.0043983225381,8.02083153724e-06
86.85,-0.000118223204642,-0.00439446724971,7.94426068014e-06
86.9,-0.000117136902886,-0.00439062213334,7.86844158101e-06
86.95,-0.000116060417111,-0.00438678661558,7.7933602831e-06
87.0,-0.000114993660945,-0.00438296066154,7.71900381256e-06
87.05,-0.000113936548743,-0.00437914423642,7.64538453918e-06
87.1,-0.000112888995582,-0.00437533730516,7.57247550159e-06
87.15,-0.000111850917253,-0.00437153983301,7.50026972318e-06
87.2,-0.000110822230256,-0.00436775178526,7.42876838823e-06
87.25,-0.000109802851797,-0.00436397312709,7.35796616022e-06
87.3,-0.00010879269978,-0.004360205889,7.28785689029e-06
87.35,-0.000107791692729,-0.00435645272269,7.21843276678e-06
87.4,-0.000106799749762,-0.00435270885519,7.14968807814e-06
87.45,-0.000105816790856,-0.00434897425168,7.08161041366e-06
87.5,-0.000104842736665,-0.00434524887743,7.01418804283e-06
87.55,-0.000103877508514,-0.00434153269785,6.9474322638e-06
87.6,-0.000102921028398,-0.00433784886802,6.881318634e-06
87.65,-0.000101973216927,-0.00433418717614,6.81584117551e-06
87.7,-0.00010103399828,-0.00433053452938,6.75100089005e-06
87.75,-0.000100103296464,-0.00432689089277,6.68679297617e-06
87.8,-9.91810361332e-05,-0.00432325623135,6.62321189358e-06
87.85,-9.82676336754e-05,-0.0043196305102,6.56025057995e-06
87.9,-9.7362514371e-05,-0.00431601369596,6.49790387062e-06
87.95,-9.64656049147e-05,-0.00431240575376,6.43616053331e-06
88.0,-9.55768326232e-05,-0.00430880664887,6.37500995286e-06
88.05,-9.46961254305e-05,-0.00430521634669,6.31446244365e-06
88.1,-9.38234118859e-05,-0.00430163481241,6.25449583563e-06
88.15,-9.29586211444e-05,-0.00429806450044,6.19510446171e-06
88.2,-9.21016828871e-05,-0.00429450786785,6.13628940607e-06
88.25,-9.12525273219e-05,-0.00429095991489,6.07804637709e-06
88.3,-9.0411085409e-05,-0.00428742060698,6.02037038708e-06
88.35,-8.95772886977e-05,-0.0042838899096,5.96325506411e-06
88.4,-8.87510693213e-05,-0.00428037638529,5.90669575824e-06
88.45,-8.79323587483e-05,-0.00427689635469,5.85068249352e-06
88.5,-8.71210905662e-05,-0.00427342478764,5.79520562084e-06
88.55,-8.63171986698e-05,-0.00426996164962,5.74027455596e-06
88.6,-8.55206175213e-05,-0.00426650690596,5.68586918415e-06
88.65,-8.47312821407e-05,-0.00426306052226,5.63198439184e-06
88.7,-8.39491281041e-05,-0.00425962246421,5.57862119202e-06
88.75,-8.31740915399e-05,-0.00425619269747,5.52577570034e-06
88.8,-8.24061091236e-05,-0.00425277118773,5.47344342078e-06
88.85,-8.16455260996e-05,-0.00424936454456,5.42161859836e-06
88.9,-8.08918640678e-05,-0.00424596610492,5.37029707216e-06
88.95,-8.01450614407e-05,-0.00424257583457,5.3194696373e-06
89.0,-7.94050571582e-05,-0.00423919369944,5.26912759717e-06
89.05,-7.86717906835e-05,-0.00423581966556,5.21927955289e-06
89.1,-7.79452020012e-05,-0.00423245369887,5.1699072552e-06
89.15,-7.72252316097e-05,-0.00422909576556,5.12100609338e-06
89.2,-7.65118205187e-05,-0.0042257458319,5.07257702689e-06
89.25,-7.58049102458e-05,-0.00422240386417,5.02461656182e-06
89.3,-7.5104442812e-05,-0.00421909107418,4.9771206476e-06
89.35,-7.44103594394e-05,-0.00421579584014,4.93008428606e-06
89.4,-7.37226037173e-05,-0.00421250842961,4.88350361644e-06
89.45,-7.30411191809e-05,-0.00420922880883,4.837370301e-06
89.5,-7.23658498516e-05,-0.00420595694418,4.79167646344e-06
89.55,-7.16967402322e-05,-0.00420269280218,4.74642995737e-06
89.6,-7.10337353059e-05,-0.00419943634923,4.70161421857e-06
89.65,-7.03767805287e-05,-0.00419618777292,4.6572250848e-06
89.7,-6.97258218224e-05,-0.00419295388463,4.61326346002e-06
89.75,-6.9080805418e-05,-0.00418972760085,4.5697262221e-06
89.8,-6.84416781795e-05,-0.00418650888831,4.52660971635e-06
89.85,-6.78087263058e-05,-0.00418329771383,4.483909246e-06
89.9,-6.71815520859e-05,-0.00418009404535,4.44162140874e-06
89.95,-6.65601038461e-05,-0.00417689784985,4.39973865329e-06
90.0,-6.59443303591e-05,-0.00417370909443,4.35825384728e-06
90.05,-6.53341808406e-05,-0.00417052774635,4.31717416496e-06
90.1,-6.47296049472e-05,-0.00416735377281,4.27648457097e-06
90.15,-6.41305527701e-05,-0.00416418714125,4.23618130945e-06
90.2,-6.35369748331e-05,-0.00416102781919,4.19626523159e-06
90.25,-6.29488220895e-05,-0.00415789735997,4.15673350424e-06
90.3,-6.23660448809e-05,-0.00415478088472,4.1175829925e-06
90.35,-6.17885954927e-05,-0.00415167610677,4.07880937914e-06
90.4,-6.12164260739e-05,-0.00414858044549,4.04040960821e-06
90.45,-6.06494892442e-05,-0.00414549190661,4.00237684165e-06
90.5,-6.0087738075e-05,-0.00414241045781,3.96470461559e-06
90.55,-5.9531126045e-05,-0.00413933606688,3.92739948053e-06
90.6,-5.89796070381e-05,-0.00413626870162,3.89044778259e-06
90.65,-5.84331353381e-05,-0.00413320833002,3.85384612828e-06
90.7,-5.78916656266e-05,-0.00413015492022,3.81759531515e-06
90.75,-5.73551529798e-05,-0.00412710844037,3.78169278872e-06
90.8,-5.68235528651e-05,-0.00412406885871,3.74613557457e-06
90.85,-5.62971024843e-05,-0.00412103614358,3.7109198351e-06
90.9,-5.57754712319e-05,-0.00411801026426,3.67604280312e-06
90.95,-5.52586158097e-05,-0.00411499118928,3.64149827695e-06
91.0,-5.47464932961e-05,-0.0041119788873,3.60728040053e-06
91.05,-5.42390611438e-05,-0.00410897332712,3.57339515855e-06
91.1,-5.37362771772e-05,-0.00410597447754,3.53983015236e-06
91.15,-5.32380995882e-05,-0.00410298230756,3.5065823182e-06
91.2,-5.27444869334e-05,-0.0041000019671,3.47365240535e-06
91.25,-5.22553980419e-05,-0.00409703720422,3.44103812689e-06
91.3,-5.17707915974e-05,-0.00409409786687,3.40873689187e-06
91.35,-5.12906273797e-05,-0.00409116506572,3.37674520863e-06
91.4,-4.98925239687e-05,-0.00408823876985,3.34506057772e-06
91.45,-4.80452425862e-05,-0.00408531627591,3.31367497046e-06
91.5,-4.75995252109e-05,-0.00408239625603,3.28258198636e-06
91.55,-4.71578953227e-05,-0.00407948275557,3.25179078671e-06
91.6,-4.67203161074e-05,-0.0040765757428,3.22129010197e-06
91.65,-4.62867510719e-05,-0.0040736751862,3.191077157e-06
91.7,-4.58571640424e-05,-0.00407078105438,3.16115264654e-06
91.75,-4.54315191618e-05,-0.00406789331603,3.13151448951e-06
91.8,-4.5009780887e-05,-0.00406501193994,3.10216025669e-06
91.85,-4.45921368368e-05,-0.00406213939645,3.07308680362e-06
91.9,-4.41783248397e-05,-0.0040592770061,3.04429187762e-06
91.95,-4.3768310288e-05,-0.00405642089936,3.01577038434e-06
92.0,-4.33620589341e-05,-0.0040535710454,2.98751750545e-06
92.05,-4.29595368306e-05,-0.00405072741357,2.95953822863e-06
92.1,-4.25607103283e-05,-0.0040478899732,2.93182231618e-06
92.15,-4.21655460727e-05,-0.00404505869387,2.90436726082e-06
92.2,-4.17740110017e-05,-0.00404223354529,2.87717371313e-06
92.25,-4.13860723441e-05,-0.00403941449724,2.85023979715e-06
92.3,-4.10016976164e-05,-0.0040366015196,2.82356331974e-06
92.35,-4.06208546206e-05,-0.00403379540175,2.79714143648e-06
92.4,-4.02435113274e-05,-0.00403101791262,2.77097212722e-06
92.45,-3.98696357045e-05,-0.00402824641675,2.74505082963e-06
92.5,-3.94991966202e-05,-0.0040254808392,2.71937313832e-06
92.55,-3.91321630061e-05,-0.00402272115033,2.69394360852e-06
92.6,-3.87685040675e-05,-0.00401996732049,2.66875293643e-06
92.65,-3.840818928e-05,-0.00401721932031,2.64379885451e-06
92.7,-3.80511883885e-05,-0.00401448007928,2.61908196958e-06
92.75,-3.76974713674e-05,-0.00401175062992,2.59460059453e-06
92.8,-3.7347008444e-05,-0.00400902693767,2.57035275528e-06
92.85,-3.69999550677e-05,-0.00400630897345,2.54633587615e-06
92.9,-3.66560935075e-05,-0.00400359670884,2.52254811489e-06
92.95,-3.63153948746e-05,-0.00400089011499,2.49898527172e-06
93.0,-3.59778305349e-05,-0.0039981891632,2.47564338278e-06
93.05,-3.56433721065e-05,-0.00399549382493,2.45252660965e-06
93.1,-3.53119914588e-05,-0.00399280407165,2.42962649677e-06
93.15,-3.49836607086e-05,-0.00399011987507,2.40694099388e-06
93.2,-3.46583522195e-05,-0.00398744120701,2.38447066737e-06
93.25,-3.43360385991e-05,-0.00398476803937,2.36221398956e-06
93.3,-3.40166926972e-05,-0.00398210034418,2.34016916955e-06
93.35,-3.37002876038e-05,-0.00397943865902,2.31833387623e-06
93.4,-3.33867966405e-05,-0.00397678804451,2.2967064467e-06
93.45,-3.30761933098e-05,-0.00397414283288,2.27528308095e-06
93.5,-3.2768451412e-05,-0.00397150299655,2.25406018282e-06
93.55,-3.24635449792e-05,-0.00396886850809,2.23304155409e-06
93.6,-3.2161448274e-05,-0.00396625375317,2.21221950854e-06
93.65,-3.1862135414e-05,-0.00396365096668,2.19159225374e-06
93.7,-3.156558128e-05,-0.00396105341791,2.17116029023e-06
93.75,-3.12717608209e-05,-0.00395846107969,2.15092223766e-06
93.8,-3.0980649208e-05,-0.003955873925,2.13087647589e-06
93.85,-3.06923752186e-05,-0.00395329192691,2.11102089272e-06
93.9,-3.04067580674e-05,-0.00395071505906,2.09135398355e-06
93.95,-3.01237736245e-05,-0.00394814329477,2.07187228895e-06
94.0,-2.98433979739e-05,-0.0039455766075,2.05257254455e-06
94.05,-2.95656074117e-05,-0.00394301497085,2.03345822249e-06
94.1,-2.92903784448e-05,-0.00394045835848,2.01452233366e-06
94.15,-2.90176877882e-05,-0.00393790674425,1.99576319911e-06
94.2,-2.8747512364e-05,-0.00393536093074,1.97718130929e-06
94.25,-2.84798292914e-05,-0.00393282607087,1.95877541943e-06
94.3,-2.82146158454e-05,-0.00393029614635,1.94054407419e-06
94.35,-2.79518495602e-05,-0.00392777113136,1.92248536032e-06
94.4,-2.769150817e-05,-0.00392525100018,1.90459791748e-06
94.45,-2.74335696068e-05,-0.00392273572725,1.88687860512e-06
94.5,-2.71780119992e-05,-0.00392022528711,1.86932446012e-06
94.55,-2.69248136702e-05,-0.00391771965446,1.85193865429e-06
94.6,-2.66739531362e-05,-0.00391521880405,1.834714832e-06
94.65,-2.64254091046e-05,-0.00391272271081,1.81765147349e-06
94.7,-2.61791604729e-05,-0.00391023134981,1.80074903467e-06
94.75,-2.59351863263e-05,-0.00390774469618,1.78400638977e-06
94.8,-2.56934659368e-05,-0.00390526272518,1.76742221386e-06
94.85,-2.54541059689e-05,-0.0039027854122,1.7509947736e-06
94.9,-2.52169563573e-05,-0.00390031753728,1.73472283927e-06
94.95,-2.49819969208e-05,-0.00389787130263,1.71860356604e-06
95.0,-2.4749207408e-05,-0.00389543275977,1.70263431278e-06
95.05,-2.45185681741e-05,-0.00389299876737,1.68681795367e-06
95.1,-2.42900596198e-05,-0.0038905693011,1.67114870712e-06
95.15,-2.40636623201e-05,-0.0038881443368,1.65562519603e-06
95.2,-2.38393570236e-05,-0.00388572385043,1.64024784276e-06
95.25,-2.36171246508e-05,-0.00388330781806,1.62501562895e-06
95.3,-2.33969462927e-05,-0.00388089621586,1.60992735472e-06
95.35,-2.31788032091e-05,-0.0038784890201,1.59498144807e-06
95.4,-2.29626768274e-05,-0.00387608620722,1.58017679548e-06
95.45,-2.27485487409e-05,-0.00387368775372,1.56551080623e-06
95.5,-2.25364007076e-05,-0.00387129363626,1.55098103642e-06
95.55,-2.23262146485e-05,-0.00386890383164,1.53659013213e-06
95.6,-2.21179726468e-05,-0.00386651831671,1.52233283426e-06
95.65,-2.19116569455e-05,-0.00386413706849,1.50820789573e-06
95.7,-2.17072499469e-05,-0.00386176006412,1.4942157086e-06
95.75,-2.15047342108e-05,-0.00385939276735,1.48035535242e-06
95.8,-2.1304092415e-05,-0.00385703090007,1.46662574779e-06
95.85,-2.11054128985e-05,-0.00385467322346,1.45302547089e-06
95.9,-2.09085711393e-05,-0.00385231971528,1.43955351409e-06
95.95,-2.07135503463e-05,-0.00384997035306,1.42620752375e-06
96.0,-2.05203338788e-05,-0.00384762511449,1.4129852799e-06
96.05,-2.0328905245e-05,-0.00384528397738,1.3998891995e-06
96.1,-2.01392481014e-05,-0.00384294691961,1.38691449762e-06
96.15,-1.99513462507e-05,-0.0038406139192,1.37406004426e-06
96.2,-1.97651836409e-05,-0.00383828495431,1.36132620265e-06
96.25,-1.95807443643e-05,-0.00383596000318,1.34871214021e-06
96.3,-1.93980126559e-05,-0.00383363904416,1.33621687349e-06
96.35,-1.92169728921e-05,-0.00383132205569,1.32383911003e-06
96.4,-1.90376095899e-05,-0.00382901286095,1.31157793765e-06
96.45,-1.88599073406e-05,-0.00382672641015,1.29943122896e-06
96.5,-1.86838508045e-05,-0.00382444388795,1.28739699001e-06
96.55,-1.85094249804e-05,-0.00382216524519,1.27547741699e-06
96.6,-1.83366149395e-05,-0.00381989046063,1.26366815505e-06
96.65,-1.81654058869e-05,-0.00381761951316,1.25196817929e-06
96.7,-1.7995783161e-05,-0.00381535238179,1.24037782534e-06
96.75,-1.78277322317e-05,-0.00381308904564,1.2288963392e-06
96.8,-1.76612387e-05,-0.0038108294839,1.21752282939e-06
96.85,-1.74963757347e-05,-0.00380857367591,1.20625612274e-06
96.9,-1.7333040036e-05,-0.00380632160132,1.19509539266e-06
96.95,-1.71712176153e-05,-0.00380407323968,1.18403869499e-06
97.0,-1.70108946096e-05,-0.00380182857064,1.17308419627e-06
97.05,-1.68520572811e-05,-0.00379958757398,1.1622339126e-06
97.1,-1.66946920152e-05,-0.00379735022953,1.15148388077e-06
97.15,-1.65387853203e-05,-0.00379511651728,1.14083317177e-06
97.2,-1.6384323826e-05,-0.00379288641734,1.13028209623e-06
97.25,-1.62312942826e-05,-0.00379066330251,1.11982997185e-06
97.3,-1.60796835417e-05,-0.00378844696027,1.10947599405e-06
97.35,-1.59294785754e-05,-0.00378623418586,1.09921910118e-06
97.4,-1.57806664901e-05,-0.00378402495966,1.08905854429e-06
97.45,-1.56332345087e-05,-0.00378181926216,1.07899255601e-06
97.5,-1.54871699691e-05,-0.00377961707394,1.06901946975e-06
97.55,-1.53424603234e-05,-0.00377741837574,1.05914112694e-06
97.6,-1.51990931373e-05,-0.00377522314834,1.04935392004e-06
97.65,-1.50570560883e-05,-0.00377303137265,1.03965700643e-06
97.7,-1.49163369653e-05,-0.00377084302972,1.03005067319e-06
97.75,-1.47769236676e-05,-0.00376865810065,1.02053430247e-06
97.8,-1.46388042036e-05,-0.00376647656667,1.01110716208e-06
97.85,-1.45020391645e-05,-0.0037642984091,1.00176828583e-06
97.9,-1.43665428736e-05,-0.00376212467872,9.92516995165e-07
97.95,-1.42323036775e-05,-0.00375995910035,9.83351684148e-07
98.0,-1.40993100112e-05,-0.00375779685638,9.74270841564e-07
98.05,-1.39675504368e-05,-0.00375563792843,9.65276149225e-07
98.1,-1.38370136199e-05,-0.0037534945104,9.56364322885e-07
98.15,-1.37076882083e-05,-0.0037513568496,9.47534619023e-07
98.2,-1.35795631304e-05,-0.00374922243558,9.38787292511e-07
98.25,-1.34526273586e-05,-0.00374709125026,9.30121783225e-07
98.3,-1.33268699655e-05,-0.00374496327561,9.21537426825e-07
98.35,-1.32022801223e-05,-0.00374283849373,9.13033345615e-07
98.4,-1.3078847098e-05,-0.0037407168868,9.04608923985e-07
98.45,-1.29565602591e-05,-0.00373859843713,8.96262700292e-07
98.5,-1.28354090679e-05,-0.00373648312711,8.87993296467e-07
98.55,-1.27153830824e-05,-0.00373437093924,8.79802248298e-07
98.6,-1.25964719549e-05,-0.00373226185611,8.71686565245e-07
98.65,-1.24786654317e-05,-0.00373015586041,8.6364555335e-07
98.7,-1.23619533517e-05,-0.00372805293495,8.55679456998e-07
98.75,-1.2246325646e-05,-0.00372595443559,8.16622081167e-07
98.8,-1.21317717156e-05,-0.00372386449456,8.05626173243e-07
98.85,-1.20183422853e-05,-0.003721777627,7.98198005656e-07
98.9,-1.19059663829e-05,-0.00371969376866,7.90839379013e-07
98.95,-1.17946343174e-05,-0.00371761290276,7.8354899069e-07
99.0,-1.16843364857e-05,-0.00371553501265,7.76325613924e-07
99.05,-1.15750633715e-05,-0.00371346008177,7.69170677689e-07
99.1,-1.14668055449e-05,-0.00371138809363,7.62081484851e-07
99.15,-1.13595536617e-05,-0.00370931903185,7.55057431343e-07
99.2,-1.12532984622e-05,-0.00370725288016,7.48098768159e-07
99.25,-1.11480307708e-05,-0.00370518962236,7.41204745091e-07
99.3,-1.10437414953e-05,-0.00370312924235,7.34375162786e-07
99.35,-1.09404216258e-05,-0.00370107172411,7.27609322098e-07
99.4,-1.08380622343e-05,-0.00369901705173,7.20906741323e-07
99.45,-1.0736654474e-05,-0.00369697028866,7.14266235474e-07
99.5,-1.06361895607e-05,-0.00369492705176,7.07686691636e-07
99.55,-1.05366588056e-05,-0.00369288662641,7.01169415113e-07
99.6,-1.04380536015e-05,-0.00369084899695,6.94711949451e-07
99.65,-1.03403654193e-05,-0.00368881414779,6.88313746155e-07
99.7,-1.02435858073e-05,-0.00368678206348,6.81975036178e-07
99.75,-1.01477063909e-05,-0.0036847527286,6.75695137746e-07
99.8,-1.00527188715e-05,-0.00368272612784,6.6947387122e-07
99.85,-9.95866479457e-06,-0.00368070224599,6.63310601311e-07
99.9,-9.86548526212e-06,-0.00367868106804,6.57204890949e-07
99.95,-9.7731722144e-06,-0.00367666994715,6.51155661858e-07
100.0,-9.68171760142e-06,-0.00367466699213,6.45161909531e-07
