"time","AMPA","NMDA","GABAa"
0.0,0.0,0.0,0.0
0.05,0.0,0.0,0.0
0.1,0.0,0.0,0.0
0.15,0.0,0.0,0.0
0.2,0.0,0.0,0.0
0.25,0.0,0.0,0.0
0.3,0.0,0.0,0.0
0.35,0.0,0.0,0.0
0.4,0.0,0.0,0.0
0.45,0.0,0.0,0.0
0.5,0.0,0.0,0.0
0.55,0.0,0.0,0.0
0.6,0.0,0.0,0.0
0.65,0.0,0.0,0.0
0.7,0.0,0.0,0.0
0.75,0.0,0.0,0.0
0.8,0.0,0.0,0.0
0.85,0.0,0.0,0.0
0.9,0.0,0.0,0.0
0.95,0.0,0.0,0.0
1.0,0.0,0.0,0.0
1.05,0.0,0.0,0.0
1.1,0.0,0.0,0.0
1.15,0.0,0.0,0.0
1.2,0.0,0.0,0.0
1.25,0.0,0.0,0.0
1.3,0.0,0.0,0.0
1.35,0.0,0.0,0.0
1.4,0.0,0.0,0.0
1.45,0.0,0.0,0.0
1.5,0.0,0.0,0.0
1.55,0.0,0.0,0.0
1.6,0.0,0.0,0.0
1.65,0.0,0.0,0.0
1.7,0.0,0.0,0.0
1.75,0.0,0.0,0.0
1.8,0.0,0.0,0.0
1.85,0.0,0.0,0.0
1.9,0.0,0.0,0.0
1.95,0.0,0.0,0.0
2.0,0.0,0.0,0.0
2.05,0.0,0.0,0.0
2.1,0.0,0.0,0.0
2.15,0.0,0.0,0.0
2.2,0.0,0.0,0.0
2.25,0.0,0.0,0.0
2.3,0.0,0.0,0.0
2.35,0.0,0.0,0.0
2.4,0.0,0.0,0.0
2.45,0.0,0.0,0.0
2.5,0.0,0.0,0.0
2.55,0.0,0.0,0.0
2.6,0.0,0.0,0.0
2.65,0.0,0.0,0.0
2.7,0.0,0.0,0.0
2.75,0.0,0.0,0.0
2.8,0.0,0.0,0.0
2.85,0.0,0.0,0.0
2.9,0.0,0.0,0.0
2.95,0.0,0.0,0.0
3.0,0.0,0.0,0.0
3.05,0.0,0.0,0.0
3.1,0.0,0.0,0.0
3.15,0.0,0.0,0.0
3.2,0.0,0.0,0.0
3.25,0.0,0.0,0.0
3.3,0.0,0.0,0.0
3.35,0.0,0.0,0.0
3.4,0.0,0.0,0.0
3.45,0.0,0.0,0.0
3.5,0.0,0.0,0.0
3.55,0.0,0.0,0.0
3.6,0.0,0.0,0.0
3.65,0.0,0.0,0.0
3.7,0.0,0.0,0.0
3.75,0.0,0.0,0.0
3.8,0.0,0.0,0.0
3.85,0.0,0.0,0.0
3.9,0.0,0.0,0.0
3.95,0.0,0.0,0.0
4.0,0.0,0.0,0.0
4.05,0.0,0.0,0.0
4.1,0.0,0.0,0.0
4.15,0.0,0.0,0.0
4.2,0.0,0.0,0.0
4.25,0.0,0.0,0.0
4.3,0.0,0.0,0.0
4.35,0.0,0.0,0.0
4.4,0.0,0.0,0.0
4.45,0.0,0.0,0.0
4.5,0.0,0.0,0.0
4.55,0.0,0.0,0.0
4.6,0.0,0.0,0.0
4.65,0.0,0.0,0.0
4.7,0.0,0.0,0.0
4.75,0.0,0.0,0.0
4.8,0.0,0.0,0.0
4.85,0.0,0.0,0.0
4.9,0.0,0.0,0.0
4.95,0.0,0.0,0.0
5.0,0.0,0.0,0.0
5.05,0.0,0.0,0.0
5.1,0.0,0.0,0.0
5.15,0.0,0.0,0.0
5.2,0.0,0.0,0.0
5.25,0.0,0.0,0.0
5.3,0.0,0.0,0.0
5.35,0.0,0.0,0.0
5.4,0.0,0.0,0.0
5.45,0.0,0.0,0.0
5.5,0.0,0.0,0.0
5.55,0.0,0.0,0.0
5.6,0.0,0.0,0.0
5.65,0.0,0.0,0.0
5.7,0.0,0.0,0.0
5.75,0.0,0.0,0.0
5.8,0.0,0.0,0.0
5.85,0.0,0.0,0.0
5.9,0.0,0.0,0.0
5.95,0.0,0.0,0.0
6.0,0.0,0.0,0.0
6.05,0.0,0.0,0.0
6.1,0.0,0.0,0.0
6.15,0.0,0.0,0.0
6.2,0.0,0.0,0.0
6.25,0.0,0.0,0.0
6.3,0.0,0.0,0.0
6.35,0.0,0.0,0.0
6.4,0.0,0.0,0.0
6.45,0.0,0.0,0.0
6.5,0.0,0.0,0.0
6.55,0.0,0.0,0.0
6.6,0.0,0.0,0.0
6.65,0.0,0.0,0.0
6.7,0.0,0.0,0.0
6.75,0.0,0.0,0.0
6.8,0.0,0.0,0.0
6.85,0.0,0.0,0.0
6.9,0.0,0.0,0.0
6.95,0.0,0.0,0.0
7.0,0.0,0.0,0.0
7.05,0.0,0.0,0.0
7.1,0.0,0.0,0.0
7.15,0.0,0.0,0.0
7.2,0.0,0.0,0.0
7.25,0.0,0.0,0.0
7.3,0.0,0.0,0.0
7.35,0.0,0.0,0.0
7.4,0.0,0.0,0.0
7.45,0.0,0.0,0.0
7.5,0.0,0.0,0.0
7.55,0.0,0.0,0.0
7.6,0.0,0.0,0.0
7.65,0.0,0.0,0.0
7.7,0.0,0.0,0.0
7.75,0.0,0.0,0.0
7.8,0.0,0.0,0.0
7.85,0.0,0.0,0.0
7.9,0.0,0.0,0.0
7.95,0.0,0.0,0.0
8.0,0.0,0.0,0.0
8.05,0.0,0.0,0.0
8.1,0.0,0.0,0.0
8.15,0.0,0.0,0.0
8.2,0.0,0.0,0.0
8.25,0.0,0.0,0.0
8.3,0.0,0.0,0.0
8.35,0.0,0.0,0.0
8.4,0.0,0.0,0.0
8.45,0.0,0.0,0.0
8.5,0.0,0.0,0.0
8.55,0.0,0.0,0.0
8.6,0.0,0.0,0.0
8.65,0.0,0.0,0.0
8.7,0.0,0.0,0.0
8.75,0.0,0.0,0.0
8.8,0.0,0.0,0.0
8.85,0.0,0.0,0.0
8.9,0.0,0.0,0.0
8.95,0.0,0.0,0.0
9.0,0.0,0.0,0.0
9.05,0.0,0.0,0.0
9.1,0.0,0.0,0.0
9.15,0.0,0.0,0.0
9.2,0.0,0.0,0.0
9.25,0.0,0.0,0.0
9.3,0.0,0.0,0.0
9.35,0.0,0.0,0.0
9.4,0.0,0.0,0.0
9.45,0.0,0.0,0.0
9.5,0.0,0.0,0.0
9.55,0.0,0.0,0.0
9.6,0.0,0.0,0.0
9.65,0.0,0.0,0.0
9.7,0.0,0.0,0.0
9.75,0.0,0.0,0.0
9.8,0.0,0.0,0.0
9.85,0.0,0.0,0.0
9.9,0.0,0.0,0.0
9.95,0.0,0.0,0.0
10.0,0.0,0.0,0.0
10.05,0.0,0.0,0.0
10.1,0.0,0.0,0.0
10.15,0.0,0.0,0.0
10.2,0.0,0.0,0.0
10.25,0.0,0.0,0.0
10.3,0.0,0.0,0.0
10.35,0.0,0.0,0.0
10.4,0.0,0.0,0.0
10.45,0.0,0.0,0.0
10.5,0.0,0.0,0.0
10.55,0.0,0.0,0.0
10.6,0.0,0.0,0.0
10.65,0.0,0.0,0.0
10.7,0.0,0.0,0.0
10.75,0.0,0.0,0.0
10.8,0.0,0.0,0.0
10.85,0.0,0.0,0.0
10.9,0.0,0.0,0.0
10.95,0.0,0.0,0.0
11.0,0.0,0.0,0.0
11.05,0.0,0.0,0.0
11.1,0.0,0.0,0.0
11.15,0.0,0.0,0.0
11.2,0.0,0.0,0.0
11.25,0.0,0.0,0.0
11.3,0.0,0.0,0.0
11.35,0.0,0.0,0.0
11.4,0.0,0.0,0.0
11.45,0.0,0.0,0.0
11.5,0.0,0.0,0.0
11.55,0.0,0.0,0.0
11.6,0.0,0.0,0.0
11.65,0.0,0.0,0.0
11.7,0.0,0.0,0.0
11.75,0.0,0.0,0.0
11.8,0.0,0.0,0.0
11.85,0.0,0.0,0.0
11.9,0.0,0.0,0.0
11.95,0.0,0.0,0.0
12.0,0.0,0.0,0.0
12.05,0.0,0.0,0.0
12.1,0.0,0.0,0.0
12.15,0.0,0.0,0.0
12.2,0.0,0.0,0.0
12.25,0.0,0.0,0.0
12.3,0.0,0.0,0.0
12.35,0.0,0.0,0.0
12.4,0.0,0.0,0.0
12.45,0.0,0.0,0.0
12.5,0.0,0.0,0.0
12.55,0.0,0.0,0.0
12.6,0.0,0.0,0.0
12.65,0.0,0.0,0.0
12.7,0.0,0.0,0.0
12.75,0.0,0.0,0.0
12.8,0.0,0.0,0.0
12.85,0.0,0.0,0.0
12.9,0.0,0.0,0.0
12.95,0.0,0.0,0.0
13.0,0.0,0.0,0.0
13.05,0.0,0.0,0.0
13.1,0.0,0.0,0.0
13.15,0.0,0.0,0.0
13.2,0.0,0.0,0.0
13.25,0.0,0.0,0.0
13.3,0.0,0.0,0.0
13.35,0.0,0.0,0.0
13.4,0.0,0.0,0.0
13.45,0.0,0.0,0.0
13.5,0.0,0.0,0.0
13.55,0.0,0.0,0.0
13.6,0.0,0.0,0.0
13.65,0.0,0.0,0.0
13.7,0.0,0.0,0.0
13.75,0.0,0.0,0.0
13.8,0.0,0.0,0.0
13.85,0.0,0.0,0.0
13.9,0.0,0.0,0.0
13.95,0.0,0.0,0.0
14.0,0.0,0.0,0.0
14.05,0.0,0.0,0.0
14.1,0.0,0.0,0.0
14.15,0.0,0.0,0.0
14.2,0.0,0.0,0.0
14.25,0.0,0.0,0.0
14.3,0.0,0.0,0.0
14.35,0.0,0.0,0.0
14.4,0.0,0.0,0.0
14.45,0.0,0.0,0.0
14.5,0.0,0.0,0.0
14.55,0.0,0.0,0.0
14.6,0.0,0.0,0.0
14.65,0.0,0.0,0.0
14.7,0.0,0.0,0.0
14.75,0.0,0.0,0.0
14.8,0.0,0.0,0.0
14.85,0.0,0.0,0.0
14.9,0.0,0.0,0.0
14.95,0.0,0.0,0.0
15.0,0.0,0.0,0.0
15.05,0.0,0.0,0.0
15.1,0.0,0.0,0.0
15.15,0.0,0.0,0.0
15.2,0.0,0.0,0.0
15.25,0.0,0.0,0.0
15.3,0.0,0.0,0.0
15.35,0.0,0.0,0.0
15.4,0.0,0.0,0.0
15.45,0.0,0.0,0.0
15.5,0.0,0.0,0.0
15.55,0.0,0.0,0.0
15.6,0.0,0.0,0.0
15.65,0.0,0.0,0.0
15.7,0.0,0.0,0.0
15.75,0.0,0.0,0.0
15.8,0.0,0.0,0.0
15.85,0.0,0.0,0.0
15.9,0.0,0.0,0.0
15.95,0.0,0.0,0.0
16.0,0.0,0.0,0.0
16.05,0.0,0.0,0.0
16.1,0.0,0.0,0.0
16.15,0.0,0.0,0.0
16.2,0.0,0.0,0.0
16.25,0.0,0.0,0.0
16.3,0.0,0.0,0.0
16.35,0.0,0.0,0.0
16.4,0.0,0.0,0.0
16.45,0.0,0.0,0.0
16.5,0.0,0.0,0.0
16.55,0.0,0.0,0.0
16.6,0.0,0.0,0.0
16.65,0.0,0.0,0.0
16.7,0.0,0.0,0.0
16.75,0.0,0.0,0.0
16.8,0.0,0.0,0.0
16.85,0.0,0.0,0.0
16.9,0.0,0.0,0.0
16.95,0.0,0.0,0.0
17.0,0.0,0.0,0.0
17.05,0.0,0.0,0.0
17.1,0.0,0.0,0.0
17.15,0.0,0.0,0.0
17.2,0.0,0.0,0.0
17.25,0.0,0.0,0.0
17.3,0.0,0.0,0.0
17.35,0.0,0.0,0.0
17.4,0.0,0.0,0.0
17.45,0.0,0.0,0.0
17.5,0.0,0.0,0.0
17.55,0.0,0.0,0.0
17.6,0.0,0.0,0.0
17.65,0.0,0.0,0.0
17.7,0.0,0.0,0.0
17.75,0.0,0.0,0.0
17.8,0.0,0.0,0.0
17.85,0.0,0.0,0.0
17.9,0.0,0.0,0.0
17.95,0.0,0.0,0.0
18.0,0.0,0.0,0.0
18.05,0.0,0.0,0.0
18.1,0.0,0.0,0.0
18.15,0.0,0.0,0.0
18.2,0.0,0.0,0.0
18.25,0.0,0.0,0.0
18.3,0.0,0.0,0.0
18.35,0.0,0.0,0.0
18.4,0.0,0.0,0.0
18.45,0.0,0.0,0.0
18.5,0.0,0.0,0.0
18.55,0.0,0.0,0.0
18.6,0.0,0.0,0.0
18.65,0.0,0.0,0.0
18.7,0.0,0.0,0.0
18.75,0.0,0.0,0.0
18.8,0.0,0.0,0.0
18.85,0.0,0.0,0.0
18.9,0.0,0.0,0.0
18.95,0.0,0.0,0.0
19.0,0.0,0.0,0.0
19.05,0.0,0.0,0.0
19.1,0.0,0.0,0.0
19.15,0.0,0.0,0.0
19.2,0.0,0.0,0.0
19.25,0.0,0.0,0.0
19.3,0.0,0.0,0.0
19.35,0.0,0.0,0.0
19.4,0.0,0.0,0.0
19.45,0.0,0.0,0.0
19.5,0.0,0.0,0.0
19.55,0.0,0.0,0.0
19.6,0.0,0.0,0.0
19.65,0.0,0.0,0.0
19.7,0.0,0.0,0.0
19.75,0.0,0.0,0.0
19.8,0.0,0.0,0.0
19.85,0.0,0.0,0.0
19.9,0.0,0.0,0.0
19.95,0.0,0.0,0.0
20.0,0.0,0.0,0.0
20.05,0.0,0.0,0.0
20.1,0.0,0.0,0.0
20.15,0.0,0.0,0.0
20.2,0.0,0.0,0.0
20.25,0.0,0.0,0.0
20.3,0.0,0.0,0.0
20.35,0.0,0.0,0.0
20.4,0.0,0.0,0.0
20.45,0.0,0.0,0.0
20.5,0.0,0.0,0.0
20.55,0.0,0.0,0.0
20.6,0.0,0.0,0.0
20.65,0.0,0.0,0.0
20.7,0.0,0.0,0.0
20.75,0.0,0.0,0.0
20.8,0.0,0.0,0.0
20.85,0.0,0.0,0.0
20.9,0.0,0.0,0.0
20.95,0.0,0.0,0.0
21.0,0.0,0.0,0.0
21.05,0.0,0.0,0.0
21.1,0.0,0.0,0.0
21.15,0.0,0.0,0.0
21.2,0.0,0.0,0.0
21.25,0.0,0.0,0.0
21.3,0.0,0.0,0.0
21.35,0.0,0.0,0.0
21.4,0.0,0.0,0.0
21.45,0.0,0.0,0.0
21.5,0.0,0.0,0.0
21.55,0.0,0.0,0.0
21.6,0.0,0.0,0.0
21.65,0.0,0.0,0.0
21.7,0.0,0.0,0.0
21.75,0.0,0.0,0.0
21.8,0.0,0.0,0.0
21.85,0.0,0.0,0.0
21.9,0.0,0.0,0.0
21.95,0.0,0.0,0.0
22.0,0.0,0.0,0.0
22.05,0.0,0.0,0.0
22.1,0.0,0.0,0.0
22.15,0.0,0.0,0.0
22.2,0.0,0.0,0.0
22.25,0.0,0.0,0.0
22.3,0.0,0.0,0.0
22.35,0.0,0.0,0.0
22.4,0.0,0.0,0.0
22.45,0.0,0.0,0.0
22.5,0.0,0.0,0.0
22.55,0.0,0.0,0.0
22.6,0.0,0.0,0.0
22.65,0.0,0.0,0.0
22.7,0.0,0.0,0.0
22.75,0.0,0.0,0.0
22.8,0.0,0.0,0.0
22.85,0.0,0.0,0.0
22.9,0.0,0.0,0.0
22.95,0.0,0.0,0.0
23.0,0.0,0.0,0.0
23.05,0.0,0.0,0.0
23.1,0.0,0.0,0.0
23.15,0.0,0.0,0.0
23.2,0.0,0.0,0.0
23.25,0.0,0.0,0.0
23.3,0.0,0.0,0.0
23.35,0.0,0.0,0.0
23.4,0.0,0.0,0.0
23.45,0.0,0.0,0.0
23.5,0.0,0.0,0.0
23.55,0.0,0.0,0.0
23.6,0.0,0.0,0.0
23.65,0.0,0.0,0.0
23.7,0.0,0.0,0.0
23.75,0.0,0.0,0.0
23.8,0.0,0.0,0.0
23.85,0.0,0.0,0.0
23.9,0.0,0.0,0.0
23.95,0.0,0.0,0.0
24.0,0.0,0.0,0.0
24.05,0.0,0.0,0.0
24.1,0.0,0.0,0.0
24.15,0.0,0.0,0.0
24.2,0.0,0.0,0.0
24.25,0.0,0.0,0.0
24.3,0.0,0.0,0.0
24.35,0.0,0.0,0.0
24.4,0.0,0.0,0.0
24.45,0.0,0.0,0.0
24.5,0.0,0.0,0.0
24.55,0.0,0.0,0.0
24.6,0.0,0.0,0.0
24.65,0.0,0.0,0.0
24.7,0.0,0.0,0.0
24.75,0.0,0.0,0.0
24.8,0.0,0.0,0.0
24.85,0.0,0.0,0.0
24.9,0.0,0.0,0.0
24.95,0.0,0.0,0.0
25.0,0.0,0.0,0.0
25.05,0.0,0.0,0.0
25.1,0.0,0.0,0.0
25.15,0.0,0.0,0.0
25.2,0.0,0.0,0.0
25.25,0.0,0.0,0.0
25.3,0.0,0.0,0.0
25.35,0.0,0.0,0.0
25.4,0.0,0.0,0.0
25.45,0.0,0.0,0.0
25.5,0.0,0.0,0.0
25.55,0.0,0.0,0.0
25.6,0.0,0.0,0.0
25.65,0.0,0.0,0.0
25.7,0.0,0.0,0.0
25.75,0.0,0.0,0.0
25.8,0.0,0.0,0.0
25.85,0.0,0.0,0.0
25.9,0.0,0.0,0.0
25.95,0.0,0.0,0.0
26.0,0.0,0.0,0.0
26.05,0.0,0.0,0.0
26.1,0.0,0.0,0.0
26.15,0.0,0.0,0.0
26.2,0.0,0.0,0.0
26.25,0.0,0.0,0.0
26.3,0.0,0.0,0.0
26.35,0.0,0.0,0.0
26.4,0.0,0.0,0.0
26.45,0.0,0.0,0.0
26.5,0.0,0.0,0.0
26.55,0.0,0.0,0.0
26.6,0.0,0.0,0.0
26.65,0.0,0.0,0.0
26.7,0.0,0.0,8.57067559382e-17
26.75,0.0,0.0,0.000115818275017
26.8,0.0,0.0,0.000205059475309
26.85,0.0,0.0,0.000273653059498
26.9,0.0,0.0,0.000326244246316
26.95,0.0,0.0,0.000596771184063
27.0,0.0,0.0,0.000917853041945
27.05,0.0,0.0,0.00116077943272
27.1,0.0,0.0,0.00134263461742
27.15,0.0,0.0,0.00147710305065
27.2,0.0,0.0,0.00168632876765
27.25,0.0,0.0,0.00183885112791
27.3,0.0,0.0,0.00194769743554
27.35,0.0,0.0,0.00213068621667
27.4,0.0,0.0,0.00225962394163
27.45,0.0,0.0,0.00234721427505
27.5,0.0,0.0,0.00240337055462
27.55,0.0,0.0,0.0024357685485
27.6,0.0,0.0,0.00245031657602
27.65,0.0,0.0,0.0025499061952
27.7,0.0,0.0,0.00261186645947
27.75,0.0,0.0,0.00264247923887
27.8,0.0,0.0,0.00274604714872
27.85,0.0,0.0,0.0028082577771
27.9,0.0,0.0,0.00283813687417
27.95,0.0,0.0,0.00283781161527
28.0,0.0,0.0,0.00281809245294
28.05,0.0,0.0,0.00278708408856
28.1,0.0,0.0,0.00274817183715
28.15,0.0,0.0,0.00270330232512
28.2,0.0,0.0,0.00273196221916
28.25,0.0,0.0,0.00273606854056
28.3,0.0,0.0,0.00272170994282
28.35,0.0,0.0,0.00269172590219
28.4,0.0,0.0,0.00265303651854
28.45,0.0,0.0,0.00260846862116
28.5,0.0,0.0,0.00256012249027
28.55,0.0,0.0,0.00250955465022
28.6,0.0,0.0,0.00252565431299
28.65,0.0,0.0,0.00251947644301
28.7,0.0,0.0,0.00249925952438
28.75,0.0,0.0,0.00246864316148
28.8,0.0,0.0,0.00242886027664
28.85,0.0,0.0,0.00238482967576
28.9,0.0,0.0,0.00233822954928
28.95,0.0,0.0,0.00229030203966
29.0,0.0,0.0,0.00224194851231
29.05,0.0,0.0,0.00219381966874
29.1,0.0,0.0,0.00214638034504
29.15,0.0,0.0,0.00210130049028
29.2,0.0,0.0,0.00206628697363
29.25,0.0,0.0,0.00202968090584
29.3,0.0,0.0,0.00199231730122
29.35,0.0,0.0,0.00195480533214
29.4,0.0,0.0,0.0019175829884
29.45,0.0,0.0,0.00188096473887
29.5,0.0,0.0,0.00184516804169
29.55,0.0,0.0,0.0018099768794
29.6,0.0,0.0,0.00177404200343
29.65,0.0,0.0,0.0017394097443
29.7,0.0,0.0,0.00170608095348
29.75,0.0,0.0,0.0016740369582
29.8,0.0,0.0,0.001643250452
29.85,0.0,0.0,0.00161368616663
29.9,0.0,0.0,0.00158530256531
29.95,0.0,0.0,0.00155805808277
30.0,0.0,0.0,0.00153190809863
30.05,0.0,0.0,0.00150680609584
30.1,0.0,0.0,0.00148270890028
30.15,0.0,0.0,0.00145950807645
30.2,0.0,0.0,0.00143554147851
30.25,0.0,0.0,0.00141254055485
30.3,0.0,0.0,0.00139045631765
30.35,0.0,0.0,0.00136924213059
30.4,0.0,0.0,0.00134885277265
30.45,0.0,0.0,0.00132924792948
30.5,0.0,0.0,0.00131038832442
30.55,0.0,0.0,0.0012922356706
30.6,0.0,0.0,0.00127475638602
30.65,0.0,0.0,0.00125791696
30.7,0.0,0.0,0.00124168879525
30.75,0.0,0.0,0.00122603889201
30.8,0.0,0.0,0.00121093926866
30.85,0.0,0.0,0.00119730397327
30.9,0.0,0.0,0.00120079751848
30.95,0.0,0.0,0.0012005069383
31.0,0.0,0.0,0.00119740621399
31.05,0.0,0.0,0.00119317849248
31.1,0.0,0.0,0.00120469423197
31.15,0.0,0.0,0.00122624018201
31.2,0.0,0.0,0.00125850550584
31.25,0.0,0.0,0.00128021430322
31.3,0.0,0.0,0.0012938835761
31.35,0.0,0.0,0.00130146659331
31.4,0.0,0.0,0.00130447179261
31.45,0.0,0.0,0.00130507549451
31.5,0.0,0.0,0.00131623493147
31.55,0.0,0.0,0.00132210180681
31.6,0.0,0.0,0.00132399913633
31.65,0.0,0.0,0.00132294200992
31.7,0.0,0.0,0.0013197106648
31.75,0.0,0.0,0.00131489926149
31.8,0.0,0.0,0.00130896263679
31.85,0.0,0.0,0.00130286597375
31.9,0.0,0.0,0.00131363251214
31.95,0.0,0.0,0.00131922738306
32.0,0.0,0.0,0.00132169436863
32.05,0.0,0.0,0.00133906175808
32.1,0.0,0.0,0.00134808156004
32.15,0.0,0.0,0.0013504975788
32.2,0.0,0.0,0.00134782260338
32.25,0.0,0.0,0.00134251741169
32.3,0.0,0.0,0.00133532485845
32.35,0.0,0.0,0.00132680787579
32.4,0.0,0.0,0.00131739463582
32.45,0.0,0.0,0.00130731787583
32.5,0.0,0.0,0.00129554311875
32.55,0.0,0.0,0.00128368903235
32.6,0.0,0.0,0.00127277841028
32.65,0.0,0.0,0.00127429318725
32.7,0.0,0.0,0.00127278486832
32.75,0.0,0.0,0.0012690533347
32.8,0.0,0.0,0.00126371184601
32.85,0.0,0.0,0.00125774962451
32.9,0.0,0.0,0.00126763407139
32.95,0.0,0.0,0.00127239924147
33.0,0.0,0.0,0.00127321180344
33.05,0.0,0.0,0.00126987613146
33.1,0.0,0.0,0.00126453643051
33.15,0.0,0.0,0.00125776281372
33.2,0.0,0.0,0.00124998920418
33.25,0.0,0.0,0.00124154283988
33.3,0.0,0.0,0.00123267136254
33.35,0.0,0.0,0.00122356046744
33.4,0.0,0.0,0.00121435088084
33.45,0.0,0.0,0.00120514230338
33.5,0.0,0.0,0.00119601059361
33.55,0.0,0.0,0.00118700951685
33.6,0.0,0.0,0.00117809170733
33.65,0.0,0.0,0.00116808407144
33.7,0.0,0.0,0.00115834904544
33.75,0.0,0.0,0.00114986635455
33.8,0.0,0.0,0.00115002243291
33.85,0.0,0.0,0.00114816967077
33.9,0.0,0.0,0.00114365983694
33.95,0.0,0.0,0.00113820457459
34.0,0.0,0.0,0.00113208509004
34.05,0.0,0.0,0.00112551421304
34.1,0.0,0.0,0.00111865333115
34.15,0.0,0.0,0.00111162329105
34.2,0.0,0.0,0.0011045144841
34.25,0.0,0.0,0.0010973932822
34.3,0.0,0.0,0.00109030923989
34.35,0.0,0.0,0.00108329834726
34.4,0.0,0.0,0.00107638953532
34.45,0.0,0.0,0.00106959703975
34.5,0.0,0.0,0.0010629336351
34.55,0.0,0.0,0.00105640664922
34.6,0.0,0.0,0.00105002035451
34.65,0.0,0.0,0.00104377579776
34.7,0.0,0.0,0.00103849857858
34.75,0.0,0.0,0.0010459618123
34.8,0.0,0.0,0.00105091840538
34.85,0.0,0.0,0.00107502351812
34.9,0.0,0.0,0.00109206296956
34.95,0.0,0.0,0.00110366992015
35.0,0.0,0.0,0.00111111945635
35.05,0.0,0.0,0.00111540288084
35.1,0.0,0.0,0.00111728632121
35.15,0.0,0.0,0.00111736230132
35.2,0.0,0.0,0.0011160865484
35.25,0.0,0.0,0.00111380872287
35.3,0.0,0.0,0.00111079917448
35.35,0.0,0.0,0.00110726232103
35.4,0.0,0.0,0.00110335736233
35.45,0.0,0.0,0.00109920201238
35.5,0.0,0.0,0.00109488710794
35.55,0.0,0.0,0.00109048222551
35.6,0.0,0.0,0.00108603846825
35.65,0.0,0.0,0.00108159484397
35.7,0.0,0.0,0.00107708599139
35.75,0.0,0.0,0.00107131067332
35.8,0.0,0.0,0.00106549819235
35.85,0.0,0.0,0.00105716555969
35.9,0.0,0.0,0.00104906519231
35.95,0.0,0.0,0.00104118384714
36.0,0.0,0.0,0.0010335107225
36.05,0.0,0.0,0.00102603646301
36.1,0.0,0.0,0.00101875095067
36.15,0.0,0.0,0.00101270950701
36.2,0.0,0.0,0.00101434302306
36.25,0.0,0.0,0.00101427102057
36.3,0.0,0.0,0.00101291086912
36.35,0.0,0.0,0.00101058819669
36.4,0.0,0.0,0.00100755024487
36.45,0.0,0.0,0.00100398618061
36.5,0.0,0.0,0.0010000423245
36.55,0.0,0.0,0.000995831403076
36.6,0.0,0.0,0.00099182809673
36.65,0.0,0.0,0.00101309124152
36.7,0.0,0.0,0.00102865382268
36.75,0.0,0.0,0.00105992728977
36.8,0.0,0.0,0.00108239131245
36.85,0.0,0.0,0.00109885228288
36.9,0.0,0.0,0.00112568462378
36.95,0.0,0.0,0.00114574063063
37.0,0.0,0.0,0.00116611789731
37.05,0.0,0.0,0.00118018900107
37.1,0.0,0.0,0.00118943985105
37.15,0.0,0.0,0.00119496812621
37.2,0.0,0.0,0.00119635563639
37.25,0.0,0.0,0.00119571904915
37.3,0.0,0.0,0.00119432784668
37.35,0.0,0.0,0.00120793717568
37.4,0.0,0.0,0.00121661257959
37.45,0.0,0.0,0.00122216466991
37.5,0.0,0.0,0.00124399046253
37.55,0.0,0.0,0.00125875758744
37.6,0.0,0.0,0.00126895769331
37.65,0.0,0.0,0.00128314091944
37.7,0.0,0.0,0.00129172465892
37.75,0.0,0.0,0.00129488537334
37.8,-1.63216133678e-14,-2.79669933366e-15,0.00129552863384
37.85,-0.00603746727917,-6.47289838502e-05,0.00131549414338
37.9,-0.0116851762738,-0.000130023813872,0.00136018418728
37.95,-0.0169427975852,-0.000196489870423,0.0014300853528
38.0,-0.0218193801777,-0.000264864374766,0.00152196458262
38.05,-0.0263240059097,-0.000336197958476,0.00163490752441
38.1,-0.0304699758537,-0.000410526605086,0.00176638091803
38.15,-0.0342724888426,-0.000488947534582,0.00191382610135
38.2,-0.0377469269498,-0.000571778813388,0.0020747710264
38.25,-0.0409119479543,-0.000659255845294,0.00224687948511
38.3,-0.0437834299473,-0.000752228165757,0.00242778792579
38.35,-0.0463813190351,-0.000850451019329,0.00261314946987
38.4,-0.0487214350045,-0.000954695104999,0.00280348539999
38.45,-0.0508228359105,-0.00106515921076,0.00299688514123
38.5,-0.0527015255098,-0.0011816841801,0.00318905884172
38.55,-0.054374309014,-0.00130503252364,0.00338166404061
38.6,-0.0558567207453,-0.00143471694545,0.00357342911415
38.65,-0.0571635824345,-0.00157128834913,0.00375973766788
38.7,-0.0583091784314,-0.00171484048535,0.00394337750705
38.75,-0.0593061620935,-0.0018648136675,0.00412367344066
38.8,-0.0586450067962,-0.00192451054688,0.00429951513929
38.85,-0.0574655417169,-0.00198214519937,0.00445819220329
38.9,-0.0563391560191,-0.0020375346875,0.00460230769421
38.95,-0.0552623569129,-0.00209068951763,0.0047329189133
39.0,-0.0542319137283,-0.00214161562638,0.00485101731772
39.05,-0.0532448503753,-0.00219043311554,0.00495749593496
39.1,-0.0522983842572,-0.00223707021429,0.0050531984429
39.15,-0.051389963293,-0.00228162962577,0.00513890824757
39.2,-0.0505171995661,-0.00232419305288,0.00521534195908
39.25,-0.049677899289,-0.00236477475691,0.00528316638433
39.3,-0.0488700171136,-0.00240343520491,0.00534299009694
39.35,-0.0480916537578,-0.0024403031623,0.00539539746442
39.4,-0.0473410535826,-0.00247537909814,0.00544090987372
39.45,-0.0466165685057,-0.00250869348839,0.00548437601858
39.5,-0.0459169899179,-0.00254040649581,0.0055784266916
39.55,-0.0452449301718,-0.00256991694214,0.0056541369008
39.6,-0.0445979402206,-0.00259751060045,0.00571460393818
39.65,-0.0439739105586,-0.00262332521498,0.00576236429702
39.7,-0.0433710301245,-0.00264747667748,0.00579945711203
39.75,-0.0427877150202,-0.00267009705791,0.00582756341908
39.8,-0.0422225757911,-0.00269129739632,0.00585145669302
39.85,-0.0416748217592,-0.00271113953803,0.0059635648713
39.9,-0.0411494353621,-0.00272880763571,0.0060475557856
39.95,-0.0406436275493,-0.00274460054685,0.00611388801225
40.0,-0.0401554463484,-0.00275879338185,0.00622602991026
40.05,-0.039687129397,-0.00277087127954,0.00630827876944
40.1,-0.0392359383666,-0.00278123919959,0.00636689040828
40.15,-0.0387996809658,-0.00279009040817,0.00640681553367
40.2,-0.0383765893928,-0.00279772764137,0.00643194645809
40.25,-0.0379652334176,-0.00280422130749,0.00644535545888
40.3,-0.0375644455599,-0.00280975045271,0.00644944836509
40.35,-0.0371732632818,-0.0028144868867,0.00644613261831
40.4,-0.036790889518,-0.00281845094829,0.00643689113853
40.45,-0.0364166552713,-0.00282172461118,0.00642242422791
40.5,-0.0360499659665,-0.00282438264348,0.00639673853829
40.55,-0.0356899056828,-0.00282655360455,0.00636825991238
40.6,-0.0353360944337,-0.00282832239066,0.00633753851956
40.65,-0.03498820085,-0.0028296840876,0.00630501672846
40.7,-0.0346459354915,-0.00283066878155,0.00627103542828
40.75,-0.0343090408821,-0.00283130528576,0.00623587699558
40.8,-0.0339772868838,-0.00283161872163,0.00620415975114
40.85,-0.0336508770302,-0.0028315892971,0.00622630822709
40.9,-0.0333324295944,-0.00283071698737,0.00623249852794
40.95,-0.0330207895812,-0.00282917638634,0.00622592036547
41.0,-0.0327150337658,-0.00282710725458,0.0062025023075
41.05,-0.032414070312,-0.00282468495605,0.00617219883327
41.1,-0.03211738968,-0.00282198648913,0.00613669215047
41.15,-0.0318245960498,-0.00281907127972,0.00609728115852
41.2,-0.0315353806533,-0.00281598522283,0.00605496796827
41.25,-0.0312495013529,-0.00281277912241,0.00601052957841
41.3,-0.0309667666969,-0.00280948792059,0.00596455683231
41.35,-0.030687024765,-0.00280611141657,0.00591752546076
41.4,-0.030410154268,-0.00280266565041,0.00586977424246
41.45,-0.0301360561283,-0.00279916316744,0.0058256030733
41.5,-0.029864845932,-0.00279557554942,0.00586961408943
41.55,-0.029600730436,-0.00279107233713,0.00589114418071
41.6,-0.0293423728109,-0.00278588368303,0.00589547979907
41.65,-0.0290887573972,-0.00278023509554,0.00588671619827
41.7,-0.0288391127549,-0.00277424458533,0.0058680190941
41.75,-0.028592856409,-0.00276798673394,0.00584554220285
41.8,-0.0283497193297,-0.00276150368178,0.00591166416074
41.85,-0.0281138088883,-0.00275401111155,0.00594216005199
41.9,-0.0278831023921,-0.00274589038351,0.00595133664203
41.95,-0.0276564640623,-0.00273728247853,0.00594435667229
42.0,-0.0274330462688,-0.00272839202225,0.00593654876759
42.05,-0.0272127177307,-0.00271927202952,0.00619016149476
42.1,-0.0270067620599,-0.00270740952224,0.00636669338272
42.15,-0.0268112492253,-0.00269373415988,0.00648394016408
42.2,-0.0266232195594,-0.0026787027609,0.00655586339088
42.25,-0.0264404644222,-0.00266284529749,0.00659333416347
42.3,-0.0262613480302,-0.00264650532106,0.00660476960117
42.35,-0.0260846647358,-0.00262988269908,0.00659667467027
42.4,-0.0259095409544,-0.00261318422845,0.00657402075352
42.45,-0.025735352402,-0.00259661492129,0.00654002475788
42.5,-0.0255616321728,-0.00258019293432,0.00649148487962
42.55,-0.0253878137911,-0.00256404506827,0.00643778709081
42.6,-0.0252137306145,-0.00254829558381,0.00638057276909
42.65,-0.0250392906838,-0.002532907631,0.00632107851328
42.7,-0.0248644522371,-0.00251786634847,0.00626023507964
42.75,-0.0246892142727,-0.00250327100368,0.00619811304922
42.8,-0.0245135803233,-0.00248905244742,0.00612938815304
42.85,-0.0243374733673,-0.00247524959476,0.00606134319111
42.9,-0.02416085609,-0.00246194328021,0.00599419393653
42.95,-0.0239838163222,-0.00244899466634,0.00592809952766
43.0,-0.0238064465557,-0.00243650127839,0.00586142670275
43.05,-0.0236287766888,-0.00242437077895,0.00577711944469
43.1,-0.023450221446,-0.00241281155425,0.00569526421374
43.15,-0.0232709433929,-0.00240174545961,0.00561573741819
43.2,-0.0230910915125,-0.00239119103361,0.00553842450607
43.25,-0.0229108061806,-0.00238105754395,0.00546321664058
43.3,-0.0227302160955,-0.00237141087276,0.00539001912973
43.35,-0.0225494424189,-0.00236211656445,0.00531873912661
43.4,-0.0223685975021,-0.00235327205515,0.00525298129843
43.45,-0.0221879085294,-0.00234473806783,0.00525357927483
43.5,-0.0220096253071,-0.00233595059226,0.00523899237881
43.55,-0.0218331822537,-0.00232712229401,0.00521310940241
43.6,-0.0216581708613,-0.00231824845111,0.00517888776629
43.65,-0.0214842989657,-0.00230948744306,0.00513860395134
43.7,-0.0213113609118,-0.00230085144748,0.00509399495557
43.75,-0.0211392186745,-0.00229234107469,0.00504638048795
43.8,-0.0209677815334,-0.0022840919485,0.00500180142939
43.85,-0.0207972571131,-0.00227596261951,0.00498154078374
43.9,-0.0206282966358,-0.00226779110734,0.0049537754054
43.95,-0.0204606412923,-0.00225968360622,0.0049205081158
44.0,-0.0202941071746,-0.00225160781704,0.00488328040546
44.05,-0.0201285656432,-0.0022436671144,0.00484326341671
44.1,-0.0199639282557,-0.00223586545018,0.00480132794829
44.15,-0.0198001381896,-0.00222817180533,0.00475814630211
44.2,-0.0196371607239,-0.00222067908312,0.00471422660485
44.25,-0.0194749765041,-0.00221334123114,0.00466995184383
44.3,-0.0193135797152,-0.00220613349411,0.00462560741767
44.35,-0.0191529724937,-0.00219913049931,0.00458141290201
44.4,-0.0189931620794,-0.0021922874465,0.00453707956389
44.45,-0.0188341486484,-0.00218557721435,0.00448753422867
44.5,-0.0186757913997,-0.00217908598028,0.00443878832568
44.55,-0.0185181208982,-0.00217281476784,0.00439087110377
44.6,-0.0183611680136,-0.00216670657909,0.00434377865679
44.65,-0.0182049617833,-0.00216075582304,0.0042975126019
44.7,-0.0180495298595,-0.00215502535605,0.00425206739964
44.75,-0.0178948975832,-0.00214945233125,0.00420925920282
44.8,-0.0177411377727,-0.00214400318583,0.00426404455086
44.85,-0.0175908723417,-0.0021378936608,0.00428933562232
44.9,-0.0174431474963,-0.0021314631871,0.00429664639082
44.95,-0.0172974343403,-0.00212477661411,0.00429039838714
45.0,-0.0171533426807,-0.00211793947825,0.00427399376853
45.05,-0.0170105857865,-0.00211110815537,0.00425005146948
45.1,-0.0168689547181,-0.00210430036996,0.00422056175684
45.15,-0.0167283005923,-0.00209753425473,0.00418705571072
45.2,-0.0165885185102,-0.00209089914904,0.00415070141485
45.25,-0.0164495359825,-0.00208440270322,0.00411238815135
45.3,-0.0163113061916,-0.00207802062114,0.00407278948248
45.35,-0.0161738002031,-0.00207178799291,0.00403242650799
45.4,-0.0160370021306,-0.00206575226162,0.00399167124488
45.45,-0.0159009060976,-0.00205985136879,0.00395081546777
45.5,-0.0157655130798,-0.0020540870945,0.00391007330754
45.55,-0.0156308288471,-0.00204851097696,0.00386960668187
45.6,-0.0154968619192,-0.00204309668378,0.00382951854125
45.65,-0.0153636234746,-0.00203781372309,0.00378989028004
45.7,-0.0152311256671,-0.00203265942962,0.00375077878625
45.75,-0.0150993812421,-0.00202767267708,0.00371156007204
45.8,-0.014968388215,-0.00202283961332,0.00366786178563
45.85,-0.0148381253358,-0.00201816711775,0.0036271900259
45.9,-0.0147085858899,-0.00201363259741,0.00366650192211
45.95,-0.014581461136,-0.00200862589548,0.00368661081932
46.0,-0.0144562818125,-0.00200336407724,0.00369213645892
46.05,-0.0143326972231,-0.00199789755625,0.00368665229529
46.1,-0.0142104466616,-0.00199231312858,0.00367289803002
46.15,-0.0140893374301,-0.00198669621706,0.00365298752259
46.2,-0.0139692280425,-0.00198113644227,0.00362854237245
46.25,-0.0138500164544,-0.00197560912205,0.00360080323765
46.3,-0.0137316298013,-0.00197014051927,0.0035707227594
46.35,-0.0136140172309,-0.00196478605837,0.00353902427184
46.4,-0.0134971438084,-0.00195956444551,0.00350624951786
46.45,-0.0133809871446,-0.00195444477307,0.00347281804156
46.5,-0.0132655336745,-0.0019494295256,0.0034390440288
46.55,-0.0131507763296,-0.00194455080282,0.00340516668203
46.6,-0.0130367123993,-0.00193982009566,0.00337135275428
46.65,-0.0129233427665,-0.00193519738016,0.00333773205032
46.7,-0.0128106704512,-0.00193068195437,0.00330439962783
46.75,-0.0126986999557,-0.00192627239149,0.00327142398552
46.8,-0.0125874366942,-0.0019220177844,0.00323885795934
46.85,-0.0124769486172,-0.0019178715118,0.00320619245667
46.9,-0.0123671687781,-0.00191382674867,0.0031692379648
46.95,-0.0122580205028,-0.00190991594167,0.00313301727906
47.0,-0.0121495178578,-0.00190613407914,0.00309750488005
47.05,-0.0120416737237,-0.00190250315165,0.00306267932922
47.1,-0.0119344996626,-0.00189901202614,0.00302850905438
47.15,-0.0118280064024,-0.00189563415731,0.00299497142828
47.2,-0.0117222035847,-0.00189236538191,0.0029620449929
47.25,-0.011617099921,-0.00188920170335,0.002929709304
47.3,-0.0115127032484,-0.00188613928501,0.0028979489245
47.35,-0.0114090206486,-0.00188317441394,0.00286674642512
47.4,-0.0113060584467,-0.00188033223855,0.00283608335176
47.45,-0.0112038220236,-0.00187758686275,0.00280594107552
47.5,-0.011102316355,-0.00187492738217,0.002776303955
47.55,-0.0110015456876,-0.0018723506944,0.002747159694
47.6,-0.0109015137122,-0.00186985379702,0.00271848629385
47.65,-0.0108022234378,-0.0018674338585,0.00269026971983
47.7,-0.0107036773442,-0.0018650881596,0.00266249655424
47.75,-0.0106058774139,-0.0018628140887,0.00263515396428
47.8,-0.0105088251626,-0.00186060913734,0.00260823331573
47.85,-0.0104125737589,-0.0018584793567,0.00258172390385
47.9,-0.010317070645,-0.00185643022827,0.0025556140816
47.95,-0.0102223162082,-0.0018544472847,0.00252989130419
48.0,-0.0101283104082,-0.00185252339404,0.00250454579381
48.05,-0.0100350528854,-0.00185065651185,0.00247957046076
48.1,-0.00994254299899,-0.00184884465222,0.00245494924629
48.15,-0.00985077971307,-0.0018470859524,0.00243067306038
48.2,-0.00975976171251,-0.00184537862163,0.00240673317848
48.25,-0.00966948742057,-0.00184372093818,0.00238312122351
48.3,-0.0095799550156,-0.00184211124648,0.00235983244565
48.35,-0.00949116249129,-0.00184054793051,0.00233686006897
48.4,-0.00940310763768,-0.00183902942832,0.0023141960856
48.45,-0.00931578803417,-0.00183755424067,0.00229183179285
48.5,-0.00922920105039,-0.00183612093566,0.0022697608189
48.55,-0.00914334388673,-0.0018347281314,0.00224797911417
48.6,-0.00905821361238,-0.00183337447889,0.00222647437831
48.65,-0.00897380706599,-0.00183205872161,0.00220524050084
48.7,-0.00889012094605,-0.00183078887692,0.00218427159325
48.75,-0.00880715177154,-0.00182955569061,0.00216356202909
48.8,-0.00872489601627,-0.00182835635973,0.00214310929992
48.85,-0.0138013194243,-0.00193332154416,0.002122908996
48.9,-0.0185310616207,-0.00204669935685,0.00211614066937
48.95,-0.0229144514766,-0.00216855866582,0.00212128246221
49.0,-0.0269596657922,-0.00229939932505,0.00213690013515
49.05,-0.0306748026714,-0.00244022441767,0.00216166220295
49.1,-0.0340714399953,-0.00259050617441,0.00219432478167
49.15,-0.0371627052874,-0.0027514799604,0.00223374590641
49.2,-0.0399618557192,-0.00292315487203,0.00227887902015
49.25,-0.0424849403307,-0.00310559000738,0.00232876592002
49.3,-0.0447456474721,-0.0032995946735,0.00238254422959
49.35,-0.0467611820908,-0.00350448467422,0.00243942802053
49.4,-0.0485454408425,-0.00372108675634,0.00249870685422
49.45,-0.0501149768958,-0.00394932357211,0.00255974759982
49.5,-0.0514838198564,-0.00418866387142,0.00262198742294
49.55,-0.0526668867765,-0.00443997546446,0.00268493086569
49.6,-0.0536779373532,-0.00470210513645,0.00274812625332
49.65,-0.0545301521221,-0.00497544101717,0.00281118415104
49.7,-0.0552365431365,-0.00526009138385,0.00287376582343
49.75,-0.0558084574336,-0.00555464451962,0.00293558433091
49.8,-0.0549872290333,-0.00571006183488,0.00299638410935
49.85,-0.0537368937824,-0.00586125667817,0.00305301919117
49.9,-0.0525370832238,-0.00600721657904,0.00310476378807
49.95,-0.0513851156564,-0.00614798824687,0.00315190774996
50.0,-0.0502784734099,-0.00628360068396,0.00319472547262
50.05,-0.0492147924367,-0.00641406709877,0.00323347742594
50.1,-0.0481918526272,-0.00653942404706,0.00326839605544
50.15,-0.0472076001913,-0.00665993785939,0.0032997034003
50.2,-0.046260032373,-0.00677543318137,0.00332761618414
50.25,-0.0453473338063,-0.0068862435689,0.00335233015466
50.3,-0.0444677300414,-0.00699239784342,0.00337404155566
50.35,-0.0436196097611,-0.00709398922661,0.00339292532423
50.4,-0.0428014252102,-0.00719117641026,0.00340914735155
50.45,-0.0420117163937,-0.00728410289569,0.00342286231124
50.5,-0.0412491055536,-0.00737289845746,0.00343421875695
50.55,-0.0405122923651,-0.00745768042402,0.00344335990498
50.6,-0.039800049452,-0.00753861120649,0.0034504079855
50.65,-0.0391112355941,-0.00761593751324,0.00345548442048
50.7,-0.0384447303035,-0.00768959093528,0.00345870856301
50.75,-0.0377994974988,-0.00775990530416,0.00346019034816
50.8,-0.0371745703724,-0.00782684264092,0.00346003684734
50.85,-0.0365691855937,-0.00789073644765,0.00345834980168
50.9,-0.0359822848912,-0.00795151080202,0.0034552201484
50.95,-0.0354130343561,-0.0080094152216,0.00345073347062
51.0,-0.0348606284953,-0.0080646266192,0.00344497531618
51.05,-0.034324330048,-0.00811715304063,0.00343802676061
51.1,-0.0338034279023,-0.00816713058911,0.00342995314188
51.15,-0.0332972465342,-0.00821468539176,0.00342082473875
51.2,-0.0328051447422,-0.00825993422559,0.00341070806017
51.25,-0.0323265138154,-0.00830298526029,0.00339966604683
51.3,-0.0318607758119,-0.00834393874119,0.00338776299362
51.35,-0.0314073822707,-0.00838289752005,0.00337505675655
51.4,-0.0309658123047,-0.00841994221818,0.00336159998335
51.45,-0.0305355712336,-0.00845514846482,0.00334744097433
51.5,-0.0301161891135,-0.00848859054211,0.00333262825311
51.55,-0.029707219607,-0.00852040562378,0.00331721081901
51.6,-0.0293082448385,-0.00855069453383,0.00330122202821
51.65,-0.0289188529843,-0.00857943150552,0.00328470325609
51.7,-0.0285386609964,-0.0086066711319,0.00326769266825
51.75,-0.0281673049614,-0.00863266476405,0.00325022633441
51.8,-0.0278044420017,-0.00865730385841,0.00323234251665
51.85,-0.0274498747358,-0.00868064303926,0.00321407554796
51.9,-0.0271031532502,-0.00870291956909,0.00319545483306
51.95,-0.0267639732949,-0.00872394824402,0.00317650794597
52.0,-0.0264320534466,-0.0087440149426,0.00315726270504
52.05,-0.0261071273637,-0.00876296455894,0.00313774816877
52.1,-0.0257889359927,-0.00878101687095,0.00311798083696
52.15,-0.0254772383401,-0.00879805292049,0.00309798334093
52.2,-0.0251717995172,-0.00881429742004,0.0030777776933
52.25,-0.024872401053,-0.00882956530895,0.00305738407859
52.3,-0.024578833062,-0.0088441798174,0.00303682600795
52.35,-0.0242908926264,-0.00885791404656,0.00301612335109
52.4,-0.0240083928903,-0.00887094634144,0.00299529222387
52.45,-0.0237311494175,-0.00888329692601,0.00297434724349
52.5,-0.0234589920487,-0.00889489948944,0.00295330405843
52.55,-0.0231917570065,-0.00890596081826,0.00293218034875
52.6,-0.0229292841789,-0.00891637165663,0.00291098240186
52.65,-0.022671426684,-0.00892612708029,0.00288972264882
52.7,-0.0224180424264,-0.00893540280604,0.00286841302789
52.75,-0.0221689923247,-0.00894412657298,0.00284706519125
52.8,-0.0219241486604,-0.00895228013122,0.00282569346889
52.85,-0.0216834965,-0.00895993657487,0.0028043090152
52.9,-0.0214468040264,-0.00896720499835,0.00278292095449
52.95,-0.021213959307,-0.00897397405478,0.00276153621356
53.0,-0.0209848549015,-0.0089802666041,0.00274016369158
53.05,-0.0207593880693,-0.00898611931934,0.00271881429785
53.1,-0.0205374591798,-0.00899165424344,0.00269748839687
53.15,-0.0203189741901,-0.00899676746021,0.00267619282841
53.2,-0.020103842873,-0.00900147701676,0.00265493403554
53.25,-0.0198919787718,-0.00900579987992,0.00263371806859
53.3,-0.0196832990048,-0.00900975787068,0.00261255425677
53.35,-0.0194777232079,-0.00901345830796,0.00259144916152
53.4,-0.0192751754733,-0.00901681217656,0.00257040718348
53.45,-0.0190755828355,-0.00901983284732,0.00254943131648
53.5,-0.0188788751261,-0.00902253293238,0.00252852652781
53.55,-0.0186849849352,-0.00902492429635,0.00250769981523
53.6,-0.0184938475752,-0.00902701806517,0.0024869484588
53.65,-0.0183054005142,-0.00902885260298,0.00246627606308
53.7,-0.0181195826765,-0.00903045409637,0.00244568610374
53.75,-0.017936336417,-0.00903178403834,0.0024251816922
53.8,-0.0177556059363,-0.00903285138398,0.0024047691224
53.85,-0.0175774254239,-0.00903366452265,0.00238445215061
53.9,-0.0174016527188,-0.00903423162577,0.00236423288412
53.95,-0.0172282379624,-0.00903456013026,0.00234411214716
54.0,-0.0170571329337,-0.00903467100918,0.0023240926855
54.05,-0.0168882909407,-0.00903455744487,0.00230417922428
54.1,-0.0167216670618,-0.00903422521281,0.00228436764086
54.15,-0.016557217594,-0.00903368026368,0.00226465971397
54.2,-0.0163949002382,-0.00903293986638,0.00224505709168
54.25,-0.0162346736787,-0.00903201830996,0.00222556134099
54.3,-0.0160764983573,-0.0090308969515,0.00220617693699
54.35,-0.0159203359485,-0.00902958192642,0.00218690610741
54.4,-0.015766149299,-0.00902809032638,0.00216774955315
54.45,-0.0156139022301,-0.00902641237061,0.00214870696138
54.5,-0.0154635596644,-0.00902455205347,0.00212977982647
54.55,-0.0153150875397,-0.00902251313912,0.00211097149883
54.6,-0.0151684528359,-0.00902029914371,0.00209227728907
54.65,-0.0150236232299,-0.00901791347319,0.00207369796486
54.7,-0.0148805672719,-0.00901535934633,0.00205523422107
54.75,-0.0147392543463,-0.00901263980577,0.00203688668396
54.8,-0.0145996546349,-0.00900975772839,0.00201865873534
54.85,-0.0144618114574,-0.00900671579067,0.00200055172799
54.9,-0.0143256223945,-0.0090035167364,0.00198256571524
54.95,-0.0141910599839,-0.00900016294402,0.00196469978231
55.0,-0.01405809738,-0.00899665668367,0.00194695471256
55.05,-0.0139267083905,-0.00899300009678,0.00192933301656
55.1,-0.0137968675111,-0.00898919517542,0.00191182988657
55.15,-0.0136685496499,-0.00898524388375,0.00189444553018
55.2,-0.0135417302845,-0.00898114808429,0.00187718011436
55.25,-0.0134163854397,-0.00897690954436,0.00186003376783
55.3,-0.0132924916667,-0.00897252994219,0.00184300915805
55.35,-0.0131700261074,-0.00896801083195,0.0018261071208
55.4,-0.013048966413,-0.00896335367777,0.00180932726943
55.45,-0.0129292906872,-0.00895855987752,0.00179266841298
55.5,-0.0128109774464,-0.0089536618629,0.00177613092775
55.55,-0.0126940052544,-0.00894864583939,0.0017597168304
55.6,-0.0125783536699,-0.0089434991643,0.00174342141705
55.65,-0.0124640024035,-0.00893822302358,0.00172724458633
55.7,-0.0123509315641,-0.00893281855249,0.00171118621358
55.75,-0.0122391216466,-0.00892728683954,0.00169524615218
55.8,-0.0121285535197,-0.00892162893001,0.00167942658094
55.85,-0.0120192685513,-0.00891584579237,0.0016637280202
55.9,-0.0119111868513,-0.00890995054365,0.00164814993009
55.95,-0.0118042903885,-0.00890393532685,0.00163269101112
56.0,-0.0116985614824,-0.00889779779306,0.0016173513941
56.05,-0.0115939828033,-0.008891538783,0.00160213266529
56.1,-0.0114905373862,-0.00888515908268,0.0015870303568
56.15,-0.0113882084504,-0.00887867011275,0.00157204418647
56.2,-0.0112869791366,-0.00887210912779,0.0015571739041
56.25,-0.0111868333222,-0.0088654318114,0.00154241919205
56.3,-0.0110877551101,-0.00885863892232,0.00152778186161
56.35,-0.0109897289409,-0.00885173117101,0.00151326222046
56.4,-0.0108927395446,-0.00884470924494,0.00149885957786
56.45,-0.0107967719075,-0.00883757382573,0.00148457259082
56.5,-0.0107018112508,-0.00883032560082,0.00147040122715
56.55,-0.0106078430619,-0.00882296524372,0.00145634678352
56.6,-0.0105148531231,-0.00881549339365,0.00144240505731
56.65,-0.0104228273642,-0.00880797978883,0.00142857565399
56.7,-0.0103317512343,-0.00880036151182,0.00141485825809
56.75,-0.0102416115174,-0.00879263559892,0.00140125241087
56.8,-0.0101523948714,-0.00878480271996,0.00138775962756
56.85,-0.0100641385307,-0.00877686351178,0.0013743800596
56.9,-0.00997677820943,-0.00876881876363,0.00136111298401
56.95,-0.00989030133057,-0.00876066910306,0.00134795705583
57.0,-0.00980469551372,-0.00875244297756,0.00133491212237
57.05,-0.00971994806838,-0.00874418413543,0.00132197930447
57.1,-0.00963604716491,-0.00873582398868,0.00130915465787
57.15,-0.00955298103175,-0.00872736319609,0.00129643770505
57.2,-0.00947073810526,-0.00871880241867,0.00128382796112
57.25,-0.00938930702662,-0.00871014231991,0.00127132493398
57.3,-0.00930867663887,-0.00870138356589,0.00125892988331
57.35,-0.00922883602336,-0.00869256889591,0.00124664283265
57.4,-0.00914977386242,-0.00868371627268,0.00123446306069
57.45,-0.00907147979912,-0.00867477615078,0.0012223892166
57.5,-0.0089939434528,-0.00866574154378,0.00121042105572
57.55,-0.0089171546693,-0.00865661309411,0.00119855942537
57.6,-0.00884110350667,-0.00864739142424,0.00118680065
57.65,-0.00876578013514,-0.00863809622873,0.00117514419044
57.7,-0.00869117439896,-0.00862879173475,0.0011635895642
57.75,-0.00861727691739,-0.00861939755567,0.00115213620933
57.8,-0.0085440784002,-0.00860991436329,0.00114078516247
57.85,-0.00847161209697,-0.00860034280551,0.00112953634104
57.9,-0.00839982582755,-0.00859068366568,0.00111838894233
57.95,-0.00832871085896,-0.00858097126317,0.00110734165859
58.0,-0.00825825804165,-0.00857124715354,0.0010963942333
58.05,-0.00818845910053,-0.00856143883339,0.00108554731574
58.1,-0.00811930580147,-0.00855154692759,0.00107479747728
58.15,-0.00805079000646,-0.00854157210935,0.00106414413098
58.2,-0.00798290372853,-0.00853151505247,0.00105358668594
58.25,-0.00791563912906,-0.00852145829554,0.00104312454741
58.3,-0.00784898778108,-0.00851135311378,0.00103275865114
58.35,-0.00778294249027,-0.00850116901913,0.00102248878871
58.4,-0.00771749589197,-0.00849090664191,0.00101231412126
58.45,-0.00765264075297,-0.00848056661532,0.00100223337449
58.5,-0.00758836996149,-0.00847019191901,0.000992246163793
58.55,-0.00752467596701,-0.00845983057796,0.000982353076904
58.6,-0.00746155206302,-0.00844939476916,0.000972550910703
58.65,-0.00739899151595,-0.00843888513995,0.000962839048167
58.7,-0.00733698771642,-0.00842830233557,0.000953216870104
58.75,-0.00727553417679,-0.00841766523424,0.000943683755324
58.8,-0.00721462404977,-0.00840706049005,0.000934240445864
58.85,-0.00715428693646,-0.00839638566801,0.000924886700238
58.9,-0.00709448023235,-0.00838564409287,0.000915621695604
58.95,-0.00703519795345,-0.00837484547565,0.000906444202104
59.0,-0.00697643418374,-0.00836398862951,0.000897353799775
59.05,-0.00691818271512,-0.00835318030541,0.000888350935029
59.1,-0.00686043794626,-0.00834230613855,0.000879432645234
59.15,-0.00680319430524,-0.00833136672643,0.000870598299937
59.2,-0.00674644631917,-0.00832036266229,0.000861847268293
59.25,-0.00669018861208,-0.00830930911969,0.00085317891922
59.3,-0.00663441545769,-0.00829830666134,0.0008445938574
59.35,-0.00657912174485,-0.00828724236717,0.000836091799374
59.4,-0.0065243024104,-0.00827611677671,0.000827671922741
59.45,-0.00646995247501,-0.00826493042761,0.000819333052087
59.5,-0.00641606703609,-0.00825371428554,0.000811074742191
59.55,-0.00636264079743,-0.00824254001528,0.000802897347334
59.6,-0.00630966914268,-0.00823130760787,0.000794798123799
59.65,-0.00625714741039,-0.00822001759884,0.000786776444936
59.7,-0.00620507101683,-0.00820867051821,0.000778831685201
59.75,-0.00615343545405,-0.00819732265974,0.000770963220289
59.8,-0.00610223575211,-0.00818599751129,0.000763171561127
59.85,-0.00605149798152,-0.00817461781746,0.000755456385103
59.9,-0.00600118702223,-0.00816318416165,0.000747816909868
59.95,-0.00595129869062,-0.00815169701616,0.000740252024317
60.0,-0.00590182886194,-0.0081402459238,0.000732761278421
60.05,-0.00585277287118,-0.00812879975683,0.00072534496803
60.1,-0.00580412696728,-0.00811730557718,0.000718000551946
60.15,-0.00575588720597,-0.00810576072617,0.000710727421041
60.2,-0.00570804971145,-0.00809416566601,0.000703524967391
60.25,-0.00566061066634,-0.00808264973761,0.00069639258546
60.3,-0.0056135656242,-0.00807109434372,0.000689330722264
60.35,-0.00556691124554,-0.00805949098231,0.000682339022437
60.4,-0.00552064390648,-0.00804784006585,0.000675416731776
60.45,-0.00547476003299,-0.00803618904777,0.000668562810428
60.5,-0.00542925563566,-0.00802459758303,0.000661776875226
60.55,-0.00538412733501,-0.0080129606816,0.000655059077449
60.6,-0.00533937172402,-0.00800127872366,0.000648407114134
60.65,-0.00529498542135,-0.00798955211452,0.000641820402007
60.7,-0.00525096509189,-0.00797786393807,0.000635298360895
60.75,-0.00520730691885,-0.00796619033004,0.000628840480913
60.8,-0.00516400786852,-0.00795447409791,0.000622447030901
60.85,-0.00512109035177,-0.00794271560694,0.000616117700726
60.9,-0.00507852512823,-0.00793091530518,0.000609851789521
60.95,-0.0050363091077,-0.00791920714655,0.000603648331492
61.0,-0.00499443861464,-0.00790746670815,0.000597506980959
61.05,-0.00495291095376,-0.00789568632232,0.00059142781962
61.1,-0.00491172316455,-0.00788386631545,0.000585408744076
61.15,-0.00487087230538,-0.00787205167018,0.000579449204244
61.2,-0.00483035506539,-0.0078602962251,0.000573548705478
61.25,-0.00479016868399,-0.00784850298105,0.00056770669087
61.3,-0.00475031033501,-0.0078366722715,0.000561923404965
61.35,-0.00471077723369,-0.0078248044113,0.000556198547317
61.4,-0.00467156662972,-0.00781299799768,0.00055053145869
61.45,-0.0046326753037,-0.00780120047465,0.000544921312544
61.5,-0.00459410078154,-0.00778936747939,0.000539367679155
61.55,-0.0045558404111,-0.00777750493249,0.000533870650431
61.6,-0.00451789156423,-0.00776562365647,0.000528428312275
61.65,-0.00448025132145,-0.00775384216304,0.000523040192509
61.7,-0.0044429171387,-0.00774202713864,0.000517705778199
61.75,-0.00440588648027,-0.00773017887838,0.00051242456272
61.8,-0.00436915683729,-0.00771829767379,0.000507196751911
61.85,-0.00433274738702,-0.00770644703592,0.000502022060267
61.9,-0.00429663321127,-0.00769464525443,0.00049689993495
61.95,-0.00426081202588,-0.00768281969665,0.000491829541442
62.0,-0.00422528143014,-0.00767096864069,0.000486810504721
62.05,-0.00419003905249,-0.00765908678685,0.000481842896274
62.1,-0.00415508256035,-0.00764729082128,0.000476924974898
62.15,-0.00412040916029,-0.00763549303289,0.000472056326633
62.2,-0.00408601677967,-0.00762366592005,0.000467236451251
62.25,-0.00405190315093,-0.00761180974309,0.00046246488043
62.3,-0.0040180660281,-0.00759994919796,0.000457741789228
62.35,-0.00398450289833,-0.00758818020802,0.000453066947733
62.4,-0.00395121161743,-0.0075763835657,0.00044843978982
62.45,-0.00391819001664,-0.00756455950575,0.00044385956738
62.5,-0.00388543594439,-0.0075527082657,0.000439325931306
62.55,-0.00385294726944,-0.00754090458675,0.000434838936275
62.6,-0.00382072152019,-0.00752914444806,0.000430397049896
62.65,-0.00378875673383,-0.00751735847932,0.000425999817929
62.7,-0.00375705083872,-0.00750554691731,0.000421646806452
62.75,-0.00372560178148,-0.00749370999648,0.000417337585334
62.8,-0.00369440752673,-0.00748197030307,0.00041307230531
62.85,-0.00366348394711,-0.00747022820492,0.000408850772633
62.9,-0.00363281059381,-0.0074584621181,0.000404672452637
62.95,-0.00360238550221,-0.00744667225451,0.00040053666357
63.0,-0.00357220672208,-0.00743488274064,0.000396443083946
63.05,-0.00354227206425,-0.00742319193701,0.000392391790254
63.1,-0.00351257965749,-0.0074114886073,0.000388381345629
63.15,-0.00348312758879,-0.00739976297742,0.000384411351177
63.2,-0.0034539139763,-0.00738801526278,0.000380481409614
63.25,-0.00342493695362,-0.00737631184024,0.000376591127275
63.3,-0.0033961943643,-0.00736466462169,0.000372740674735
63.35,-0.00336768448236,-0.00735299654478,0.000368929808557
63.4,-0.00333940549843,-0.00734130780496,0.000365158061379
63.45,-0.00331135561677,-0.00732960201589,0.000361424813433
63.5,-0.00328353304931,-0.00731798998688,0.000357729770806
63.55,-0.00325593567043,-0.0073063967257,0.000354073014887
63.6,-0.00322856188568,-0.00729478417421,0.000350453229394
63.65,-0.00320140995779,-0.00728315253365,0.000346870048509
63.7,-0.00317447816304,-0.00727150200382,0.000343323109836
63.75,-0.00314776479105,-0.00725997258338,0.000339812054381
63.8,-0.00312126777059,-0.00724842822232,0.000336337045552
63.85,-0.00309500108519,-0.00723686612004,0.000332897846868
63.9,-0.0030689473108,-0.00722528651705,0.000329494035903
63.95,-0.00304310480336,-0.00721371837266,0.000326125050025
64.0,-0.0030174717122,-0.00720224660787,0.000322790648801
64.05,-0.002992046461,-0.00719075843902,0.000319490854517
64.1,-0.00296682745009,-0.0071792540396,0.000316224494185
64.15,-0.00294181308633,-0.00716773359752,0.000312991234784
64.2,-0.00291700178845,-0.00715625283012,0.000309790746481
64.25,-0.00289239174775,-0.00714484255107,0.000306622734171
64.3,-0.00286798148187,-0.0071334173179,0.000303487288389
64.35,-0.00284376945305,-0.00712197730577,0.000300384215776
64.4,-0.00281975413544,-0.0071105226864,0.000297313130341
64.45,-0.00279593401388,-0.00709913113027,0.000294273522176
64.5,-0.00277230733028,-0.00708778879562,0.000291265179757
64.55,-0.00274887268884,-0.00707643288733,0.000288288113358
64.6,-0.002725628614,-0.007065073105,0.000285341262552
64.65,-0.0027025736257,-0.00705370180343,0.000282424326276
64.7,-0.00267970626378,-0.00704241186884,0.000279537005187
64.75,-0.00265702482182,-0.00703115483143,0.000276679036919
64.8,-0.00263452797552,-0.00701988560174,0.000273850495339
64.85,-0.00261222736026,-0.00700860434616,0.000271051204206
64.9,-0.00259010826459,-0.00699731127722,0.00026828081539
64.95,-0.00256816929336,-0.0069861125489,0.000265538867025
65.0,-0.00254640880229,-0.00697494716821,0.00026282517068
65.05,-0.00252482552337,-0.0069637713207,0.000260139731345
65.1,-0.00250341809705,-0.00695258480197,0.000257481590554
65.15,-0.00248218517011,-0.00694138778016,0.000254850473731
65.2,-0.00246112539892,-0.00693029242034,0.000252246109006
65.25,-0.00244023719827,-0.0069192131353,0.000249668260664
65.3,-0.00241951936423,-0.0069081243103,0.000247116991356
65.35,-0.00239897058807,-0.00689702610325,0.000244592140701
65.4,-0.00237858957066,-0.00688591866936,0.000242093391576
65.45,-0.00235837502164,-0.00687491436915,0.000239620326035
65.5,-0.00233832542029,-0.00686392608305,0.000237172773828
65.55,-0.00231843960907,-0.00685292948601,0.000234750735918
65.6,-0.00229871632986,-0.00684192472749,0.00023235334635
65.65,-0.00227915433038,-0.00683091196776,0.00022998035635
65.7,-0.00225975236709,-0.00681999779217,0.000227631519617
65.75,-0.00224050898397,-0.00680910544111,0.000225306621934
65.8,-0.00222142305938,-0.00679820599531,0.000223005719467
65.85,-0.00220250438859,-0.00678729960559,0.000220728666641
65.9,-0.00218374055318,-0.00677638646171,0.000218475177782
65.95,-0.00216513036134,-0.0067655611986,0.000216244874865
66.0,-0.00214667242944,-0.00675476963451,0.000214037601422
66.05,-0.00212836567064,-0.00674397217505,0.000211853359489
66.1,-0.00211020892247,-0.00673317480351,0.000209691366819
66.15,-0.00209220102312,-0.00672237669911,0.000207551398798
66.2,-0.00207434081985,-0.00671164938302,0.000205433232931
66.25,-0.00205662699828,-0.00670097381938,0.000203336671799
66.3,-0.00203905849495,-0.00669029351478,0.000201261768685
66.35,-0.00202163419022,-0.00667960861219,0.000199208391525
66.4,-0.00200435297243,-0.00666891925233,0.000197176280655
66.45,-0.00198721373742,-0.00665827707019,0.00019516509433
66.5,-0.00197021524299,-0.00664771860172,0.000193174686187
66.55,-0.00195335643957,-0.00663716027423,0.000191205062936
66.6,-0.00193663624719,-0.00662659844265,0.000189255518438
66.65,-0.00192005359436,-0.00661603325097,0.000187325848807
66.7,-0.00190360741699,-0.00660548501324,0.000185415852216
66.75,-0.00188729654483,-0.00659504378897,0.000183525344235
66.8,-0.00187111994768,-0.00658459999541,0.000181654378296
66.85,-0.00185508585873,-0.00657415376818,0.000179802834777
66.9,-0.00183918380187,-0.00656370527547,0.000177970479832
66.95,-0.00182341275633,-0.00655325465027,0.00017615700457
67.0,-0.00180777170794,-0.00654291239832,0.000174362258778
67.05,-0.00179225947892,-0.00653258689334,0.000172586276101
67.1,-0.00177687515428,-0.00652225999722,0.000170828407456
67.15,-0.00176161774315,-0.00651193184538,0.000169088468456
67.2,-0.00174648626149,-0.00650160257263,0.000167366276587
67.25,-0.00173147973204,-0.00649133634684,0.000165661651182
67.3,-0.00171659705424,-0.00648113250257,0.000163974660197
67.35,-0.00170183731308,-0.0064709282622,0.000162305189285
67.4,-0.00168719955554,-0.00646072375119,0.000160653026266
67.45,-0.00167268283502,-0.00645051909502,0.000159017892101
67.5,-0.0016582862111,-0.00644032521147,0.000157399650996
67.55,-0.00164400866158,-0.00643024612758,0.000155798324279
67.6,-0.00162984926981,-0.00642017006,0.000154213334792
67.65,-0.00161580711543,-0.00641010238893,0.000152644516118
67.7,-0.00160188128121,-0.00640003552526,0.000151091703981
67.75,-0.00158807086127,-0.00638996959471,0.000149554735093
67.8,-0.00157437495606,-0.00637997868012,0.000148033654644
67.85,-0.00156080035177,-0.00637003891502,0.000146528381712
67.9,-0.00154733826429,-0.00636010077155,0.000145038718879
67.95,-0.0015339878182,-0.00635016436659,0.000143564414061
68.0,-0.00152074814382,-0.00634023376073,0.000142105344501
68.05,-0.00150761837525,-0.00633031713696,0.000140661518749
68.1,-0.00149459757715,-0.0063205194919,0.000139232427549
68.15,-0.00148168490314,-0.00631072434475,0.000137817919869
68.2,-0.00146887950969,-0.00630093181258,0.00013641784663
68.25,-0.00145618055911,-0.00629114201177,0.000135032060281
68.3,-0.00144358721952,-0.00628135505805,0.000133660601513
68.35,-0.00143109866536,-0.00627162008536,0.000132303382195
68.4,-0.0014187139835,-0.00626195941716,0.000130960242349
68.45,-0.00140643239014,-0.00625230218964,0.000129630950497
68.5,-0.00139425307905,-0.0062426485121,0.000128315395756
68.55,-0.00138217524962,-0.00623299849258,0.000127013585534
68.6,-0.00137019810722,-0.00622335223574,0.000125725050288
68.65,-0.00135832086188,-0.00621379205879,0.000124449654325
68.7,-0.0013465426245,-0.0062042720939,0.000123187277775
68.75,-0.00133486266251,-0.00619475646603,0.000121937781326
68.8,-0.00132328020463,-0.00618524528182,0.000120701201744
68.85,-0.00131180104116,-0.00617573864412,0.000119477459484
68.9,-0.00130041773273,-0.00616623667842,0.000118266398975
68.95,-0.00128912952637,-0.00615684406518,0.000117067814947
69.0,-0.00127793556525,-0.0061474682758,0.000115881622652
69.05,-0.00126683516193,-0.00613809768992,0.000114707821482
69.1,-0.00125582758138,-0.00612873240312,0.000113545987434
69.15,-0.00124491209301,-0.00611938165955,0.000112395997995
69.2,-0.00123408796696,-0.00611003918671,0.000111257732511
69.25,-0.0012233544438,-0.00610081435716,0.000110131076392
69.3,-0.00121271077961,-0.00609159557378,0.000109016067143
69.35,-0.00120215628262,-0.00608238280751,0.000107912630745
69.4,-0.00119169025008,-0.00607317615006,0.000106820626328
69.45,-0.00118131198414,-0.00606397569291,0.000105739868571
69.5,-0.00117102079167,-0.00605478693919,0.00010467026739
69.55,-0.00116081593227,-0.0060457217759,0.000103611836468
69.6,-0.00115069672261,-0.00603666329689,0.000102564193211
69.65,-0.00114066248584,-0.00602761159286,0.000101527227011
69.7,-0.00113071254985,-0.00601856675382,0.000100500828405
69.75,-0.00112084624732,-0.00600952886907,9.94848890538e-05
69.8,-0.00111106291562,-0.00600049802722,9.84794393215e-05
69.85,-0.00110136740125,-0.00599158057257,9.74844146959e-05
69.9,-0.00109175335339,-0.00598267443151,9.64997011485e-05
69.95,-0.00108222017235,-0.00597377578865,9.55251250245e-05
70.0,-0.00107276721741,-0.00596488472619,9.45606050475e-05
70.05,-0.00106339385243,-0.00595600132524,9.36061471239e-05
70.1,-0.00105409944599,-0.00594712566422,9.26614056789e-05
70.15,-0.00104488337066,-0.00593834278811,9.17262811302e-05
70.2,-0.00103574492774,-0.00592959098933,9.08006855313e-05
70.25,-0.00102668353458,-0.00592084734296,8.98845163318e-05
70.3,-0.0010176985786,-0.00591211192759,8.89778011015e-05
70.35,-0.00100878945184,-0.00590338481886,8.80804817026e-05
70.4,-0.000999955550705,-0.00589466609102,8.7192443623e-05
70.45,-0.000991196275891,-0.00588600861213,8.63135360576e-05
70.5,-0.000982510973469,-0.00587741274093,8.54436941943e-05
70.55,-0.000973899074175,-0.00586882562592,8.45829207182e-05
70.6,-0.000965359992998,-0.00586024733634,8.37309035437e-05
70.65,-0.000956893148696,-0.00585168386733,8.28875528521e-05
70.7,-0.000948497962073,-0.00584313275672,8.2052780051e-05
70.75,-0.000940173859078,-0.00583460053601,8.12264973265e-05
70.8,-0.000931920231344,-0.00582617115687,8.04087355276e-05
70.85,-0.000923741135772,-0.00581775110948,7.95994417858e-05
70.9,-0.000915631309735,-0.00580934047531,7.87985130104e-05
70.95,-0.000907590199496,-0.00580093931849,7.80058130735e-05
71.0,-0.000899617255198,-0.00579254770338,7.72212760968e-05
71.05,-0.000891711930966,-0.00578417318783,7.6444907402e-05
71.1,-0.000883873682517,-0.00577586790468,7.56764256233e-05
71.15,-0.00087610191903,-0.00576761651555,7.49157573466e-05
71.2,-0.000868396126791,-0.00575937505879,7.41628196515e-05
71.25,-0.000860755776658,-0.00575114359543,7.34175331703e-05
71.3,-0.000853180343307,-0.00574292218585,7.26799208981e-05
71.35,-0.00084566930537,-0.00573471088794,7.19499358363e-05
71.4,-0.000838222145297,-0.00572650975834,7.12274849384e-05
71.45,-0.000830838349258,-0.00571840815972,7.05124455026e-05
71.5,-0.00082351734937,-0.00571032652931,6.98047665096e-05
71.55,-0.00081625866849,-0.00570225534672,6.91044489655e-05
71.6,-0.000809061805076,-0.00569419466387,6.84112383974e-05
71.65,-0.000801926260948,-0.00568614453521,6.77250618989e-05
71.7,-0.000794851541553,-0.00567810501456,6.70458473193e-05
71.75,-0.000787837155939,-0.00567008642339,6.63735232553e-05
71.8,-0.000780882585837,-0.00566216478868,6.57081152414e-05
71.85,-0.000773991219714,-0.00565425401731,6.50495805625e-05
71.9,-0.00076715863721,-0.0056463541706,6.43978354633e-05
71.95,-0.000760384363765,-0.0056384652954,6.37527692083e-05
72.0,-0.000753667928217,-0.0056305874387,6.3114328466e-05
72.05,-0.000747008862863,-0.00562272064656,6.24825180997e-05
72.1,-0.00074040670352,-0.00561487987724,6.18571083621e-05
72.15,-0.00073386095966,-0.00560713240529,6.12380378759e-05
72.2,-0.000727371177965,-0.00559940216377,6.06252411183e-05
72.25,-0.000720936903563,-0.00559168326639,6.00186539419e-05
72.3,-0.000714557686545,-0.00558397575605,5.94182956455e-05
72.35,-0.000708233080414,-0.00557627967361,5.88241283175e-05
72.4,-0.000701962641981,-0.00556859505881,5.82360763985e-05
72.45,-0.000695745931304,-0.00556092683442,5.7654040075e-05
72.5,-0.000689582487177,-0.00555335687649,5.70779749431e-05
72.55,-0.000683471878228,-0.00554580288923,5.65078854219e-05
72.6,-0.000677413674007,-0.00553826577113,5.59435640898e-05
72.65,-0.000671407446884,-0.0055307403993,5.53849519959e-05
72.7,-0.000665452773699,-0.00552322681038,5.4831990614e-05
72.75,-0.000659549234423,-0.00551572504041,5.42846220256e-05
72.8,-0.000653696412138,-0.00550823512481,5.37428639964e-05
72.85,-0.000647897130993,-0.00550082633348,5.32066825499e-05
72.9,-0.000642147643804,-0.00549344937843,5.26760151188e-05
72.95,-0.000636447561369,-0.00548608444887,5.21507692075e-05
73.0,-0.000630796480702,-0.00547873157526,5.16309016749e-05
73.05,-0.000625194001819,-0.00547139078727,5.11164169877e-05
73.1,-0.000619639727771,-0.00546406211297,5.06071276792e-05
73.15,-0.000614133264408,-0.0054567455822,5.01029805554e-05
73.2,-0.000608674220515,-0.00544946937107,4.96039229742e-05
73.25,-0.000603262182588,-0.00544226377778,4.91099064807e-05
73.3,-0.000597896772316,-0.00543507046541,4.86209464295e-05
73.35,-0.000592577607964,-0.00542788945889,4.81370122875e-05
73.4,-0.000587304310669,-0.00542072078224,4.76580427122e-05
73.45,-0.00058207650438,-0.00541356445911,4.7183956505e-05
73.5,-0.000576893815829,-0.00540642051315,4.67147149377e-05
73.55,-0.000571755874553,-0.00539928896724,4.62503223551e-05
73.6,-0.000566662312924,-0.00539222679432,4.57906094383e-05
73.65,-0.000561612737233,-0.00538520437245,4.53355325109e-05
73.7,-0.000556606797769,-0.00537820275406,4.48850424174e-05
73.75,-0.000551644133986,-0.00537121367664,4.44390924587e-05
73.8,-0.00054672438976,-0.00536423716009,4.39976976418e-05
73.85,-0.00054184991962,-0.00535727322269,4.35608306211e-05
73.9,-0.000537017613428,-0.00535032189133,4.31284362455e-05
73.95,-0.000532227123845,-0.00534338318292,4.27004413095e-05
74.0,-0.000527478106128,-0.00533652433257,4.22768110368e-05
74.05,-0.000522770190081,-0.00532969368861,4.1857553716e-05
74.1,-0.000518103049589,-0.00532288347296,4.1442514437e-05
74.15,-0.000513476346758,-0.00531608598715,4.1031650293e-05
74.2,-0.000508889747725,-0.00530930124544,4.0624918609e-05
74.25,-0.000504342921154,-0.00530252926163,4.02222771532e-05
74.3,-0.000499835538218,-0.00529577004898,3.98237397696e-05
74.35,-0.000495367272637,-0.00528902361932,3.94292819695e-05
74.4,-0.000490937800622,-0.00528234934906,3.9038854025e-05
74.45,-0.000486546776666,-0.00527570725697,3.86523934665e-05
74.5,-0.000482193893073,-0.00526907800087,3.82698674389e-05
74.55,-0.000477878833876,-0.0052624615895,3.78912799348e-05
74.6,-0.00047360128555,-0.0052558580304,3.75164926689e-05
74.65,-0.000469360936871,-0.00524926733233,3.71454668631e-05
74.7,-0.000465157478991,-0.00524268950358,3.67781641421e-05
74.75,-0.000460990605422,-0.005236124552,3.64145465288e-05
74.8,-0.00045686001202,-0.00522960635437,3.60546268113e-05
74.85,-0.000452767641902,-0.00522314324046,3.56983856909e-05
74.9,-0.000448710895859,-0.00521669304249,3.53457775586e-05
74.95,-0.000444689477805,-0.00521025576405,3.49967428401e-05
75.0,-0.000440703093901,-0.0052038314087,3.46512534498e-05
75.05,-0.000436751452565,-0.00519741997944,3.43093132507e-05
75.1,-0.00043283426448,-0.00519102147814,3.39707972757e-05
75.15,-0.000428951242481,-0.0051846359078,3.36356706502e-05
75.2,-0.000425102101612,-0.0051782692609,3.33038988611e-05
75.25,-0.00042128655821,-0.00517198221726,3.29754478864e-05
75.3,-0.000417504310872,-0.00516571708341,3.26503326089e-05
75.35,-0.00041375509155,-0.00515946490423,3.23285318988e-05
75.4,-0.000410038624471,-0.00515322567829,3.20100053839e-05
75.45,-0.000406354635981,-0.00514699940389,3.16946993419e-05
75.5,-0.000402702854523,-0.0051407860793,3.1382588564e-05
75.55,-0.000399083010643,-0.00513458570224,3.10736767744e-05
75.6,-0.000395494836998,-0.00512840571184,3.07678510158e-05
75.65,-0.000391938067215,-0.00512224276136,3.04650800729e-05
75.7,-0.000388412428166,-0.00511616065207,3.01653343605e-05
75.75,-0.000384917658586,-0.00511009150049,2.9868583164e-05
75.8,-0.000381453500112,-0.00510403529169,2.9574837276e-05
75.85,-0.000378021585169,-0.00509799201992,2.92840790899e-05
75.9,-0.000374619733698,-0.00509196168523,2.89962722875e-05
75.95,-0.000371247693441,-0.00508594428089,2.87113684146e-05
76.0,-0.000367905214084,-0.00507993980013,2.84293448422e-05
76.05,-0.000364592047268,-0.0050739482357,2.8150205151e-05
76.1,-0.000361307946592,-0.00506796957946,2.7873847216e-05
76.15,-0.000358052667525,-0.00506206466194,2.76002428175e-05
76.2,-0.000354825951288,-0.0050561797146,2.73293664318e-05
76.25,-0.000351627565347,-0.00505030764157,2.70611892058e-05
76.3,-0.000348457271182,-0.00504444843345,2.67957211772e-05
76.35,-0.000345314832161,-0.00503860207991,2.65329465969e-05
76.4,-0.00034220001351,-0.00503276857009,2.62728327264e-05
76.45,-0.000339112582291,-0.00502694789292,2.60153358635e-05
76.5,-0.000336052307379,-0.00502114003727,2.57604357021e-05
76.55,-0.000333018959471,-0.00501534499162,2.55081356843e-05
76.6,-0.000330012311079,-0.00500959096229,2.52583434656e-05
76.65,-0.000327032125707,-0.00500388666905,2.50110352719e-05
76.7,-0.000324078183032,-0.00499819850565,2.4766185443e-05
76.75,-0.000321150260761,-0.00499252766541,2.45237691356e-05
76.8,-0.000318248138233,-0.00498686956972,2.4283795708e-05
76.85,-0.00031537317316,-0.00498122420413,2.40462510702e-05
76.9,-0.000312523542581,-0.004975591559,2.38111057597e-05
76.95,-0.000309699031987,-0.00496997161909,2.35783203468e-05
77.0,-0.000306899428552,-0.00496436436917,2.33478766034e-05
77.05,-0.000304124521135,-0.00495876979359,2.3119777824e-05
77.1,-0.000301374100281,-0.00495323092222,2.28939404838e-05
77.15,-0.000298647947107,-0.00494773252379,2.26703434049e-05
77.2,-0.000295945859445,-0.00494224674397,2.24489633853e-05
77.25,-0.000293267633026,-0.00493677356555,2.22297780163e-05
77.3,-0.000290613065199,-0.00493131297103,2.20127958745e-05
77.35,-0.000287981954938,-0.00492586494214,2.17980043538e-05
77.4,-0.000285374102814,-0.00492042946023,2.15853768878e-05
77.45,-0.000282789310984,-0.00491500650644,2.13748778967e-05
77.5,-0.000280227383168,-0.00490959606195,2.11664910181e-05
77.55,-0.000277688124653,-0.00490419810758,2.09602193999e-05
77.6,-0.000275171342289,-0.0048988373933,2.0755987479e-05
77.65,-0.000272676836399,-0.00489352398918,2.05537759201e-05
77.7,-0.000270204419525,-0.0048882229895,2.03535639873e-05
77.75,-0.000267753903297,-0.00488293437371,2.01553315213e-05
77.8,-0.00026532510085,-0.00487765812107,1.99590864551e-05
77.85,-0.000262919140769,-0.00487239421014,1.97648175156e-05
77.9,-0.000260534499973,-0.00486714262348,1.95725007883e-05
77.95,-0.00025817099642,-0.00486190333905,1.93821041642e-05
78.0,-0.000255828449519,-0.00485667633484,1.91936129566e-05
78.05,-0.000253506680129,-0.00485146158852,1.90070301703e-05
78.1,-0.000251205510554,-0.00484625907724,1.88222874322e-05
78.15,-0.000248924764506,-0.00484111384851,1.86393662516e-05
78.2,-0.000246664258361,-0.00483599350885,1.84582496556e-05
78.25,-0.000244423822746,-0.0048308920599,1.82789189126e-05
78.3,-0.000242203285208,-0.00482580273706,1.81013814448e-05
78.35,-0.000240002475277,-0.00482072551592,1.79256271666e-05
78.4,-0.00023782122386,-0.00481566037179,1.77516345095e-05
78.45,-0.000235659363223,-0.00481060727983,1.7579374488e-05
78.5,-0.000233516726981,-0.00480556621525,1.74088339158e-05
78.55,-0.00023139315009,-0.00480053715301,1.72400156521e-05
78.6,-0.000229288468851,-0.00479552205553,1.70728578127e-05
78.65,-0.000227202520712,-0.00479052512157,1.69073437783e-05
78.7,-0.000225135144112,-0.00478557856975,1.67434571498e-05
78.75,-0.000223086172146,-0.00478065954654,1.65811827114e-05
78.8,-0.000221055449579,-0.00477575237874,1.64205267741e-05
78.85,-0.000219043914083,-0.00477085703947,1.62614803151e-05
78.9,-0.000217050294151,-0.00476597350511,1.61040239061e-05
78.95,-0.000215074435615,-0.00476110174835,1.59481313745e-05
79.0,-0.000213116185556,-0.00475624174188,1.57937908791e-05
79.05,-0.000211175392294,-0.00475139345821,1.56410051342e-05
79.1,-0.000209251905389,-0.00474655686941,1.54897181149e-05
79.15,-0.00020734557561,-0.00474173194809,1.53399148374e-05
79.2,-0.000205456254938,-0.00473691866673,1.51915804714e-05
79.25,-0.000203583796565,-0.00473212328063,1.50447003383e-05
79.3,-0.000201728050864,-0.00472738448294,1.48992813402e-05
79.35,-0.000199888874007,-0.00472265720375,1.47553153379e-05
79.4,-0.000198066122893,-0.00471794141386,1.46127848069e-05
79.45,-0.000196259655585,-0.00471323708398,1.44716661129e-05
79.5,-0.000194469331304,-0.0047085441849,1.4331948624e-05
79.55,-0.000192695010421,-0.00470386268722,1.41936349158e-05
79.6,-0.000190936554455,-0.00469919256118,1.40566742591e-05
79.65,-0.000189193826047,-0.0046945337775,1.39210531645e-05
79.7,-0.000187466688961,-0.00468988630681,1.37867582805e-05
79.75,-0.00018575500808,-0.00468525621691,1.36537763919e-05
79.8,-0.000184058649009,-0.00468063874673,1.35221133694e-05
79.85,-0.000182378390216,-0.00467603251477,1.33917620235e-05
79.9,-0.000180713170862,-0.0046714844814,1.3262706578e-05
79.95,-0.000179062854614,-0.00466694911575,1.31349266077e-05
80.0,-0.00017742731518,-0.00466242485975,1.30084121021e-05
80.05,-0.000175806424352,-0.00465791168225,1.28831654973e-05
80.1,-0.000174200054981,-0.00465340955182,1.27591408452e-05
80.15,-0.000172608080954,-0.00464892590708,1.26363259962e-05
80.2,-0.000171030376756,-0.0046444537434,1.25147089928e-05
80.25,-0.000169466818332,-0.00463999254885,1.23942779337e-05
80.3,-0.000167917282677,-0.00463554229212,1.22750381836e-05
80.35,-0.000166381647807,-0.00463110294157,1.2156983296e-05
80.4,-0.000164859792748,-0.00462667446539,1.20400990325e-05
80.45,-0.000163351597522,-0.00462225683176,1.19243661175e-05
80.5,-0.000161856943144,-0.00461785905886,1.18097759849e-05
80.55,-0.000160375708603,-0.0046135087474,1.16963314178e-05
80.6,-0.000158907777491,-0.00460916914126,1.15839907093e-05
80.65,-0.000157453033845,-0.0046048402081,1.14727429146e-05
80.7,-0.000156011362663,-0.00460052191557,1.13625771999e-05
80.75,-0.000154582649898,-0.00459621423125,1.12534828416e-05
80.8,-0.000153166782448,-0.00459191712268,1.11454647961e-05
80.85,-0.000151764406602,-0.00458763055712,1.10385172953e-05
80.9,-0.000150374638001,-0.00458335450411,1.09326275016e-05
80.95,-0.000148997366556,-0.00457908893073,1.08277779955e-05
81.0,-0.00014763248309,-0.00457483380414,1.07239610804e-05
81.05,-0.000146279879334,-0.00457058909143,1.06211789407e-05
81.1,-0.000144939447924,-0.00456635475946,1.0519393869e-05
81.15,-0.000143611082384,-0.0045621307755,1.04185960177e-05
81.2,-0.000142294677126,-0.0045579484424,1.03187756386e-05
81.25,-0.000140990123868,-0.00455379174081,1.02199236412e-05
81.3,-0.000139697320231,-0.00454964876328,1.0122044388e-05
81.35,-0.00013841616317,-0.00454551597366,1.00251327417e-05
81.4,-0.000137146550675,-0.00454139333814,9.92917711119e-06
81.45,-0.000135888381583,-0.00453728082292,9.83416174846e-06
81.5,-0.000134641555578,-0.0045331783943,9.7400797351e-06
81.55,-0.000133405973183,-0.00452908601854,9.64693312615e-06
81.6,-0.000132181535756,-0.0045250036617,9.55468774368e-06
81.65,-0.000130968145475,-0.00452093621051,9.46333471166e-06
81.7,-0.00012976570512,-0.00451688153105,9.37286527783e-06
81.75,-0.000128574118389,-0.00451283678537,9.28327076248e-06
81.8,-0.000127393289913,-0.00450880193979,9.19455539913e-06
81.85,-0.000126223755934,-0.00450477696045,9.10671457387e-06
81.9,-0.000125064779637,-0.00450078140569,9.01973783814e-06
81.95,-0.0001239162657,-0.00449681628566,8.93361135796e-06
82.0,-0.00012277812301,-0.00449286088951,8.8483287787e-06
82.05,-0.000121650260382,-0.00448891518283,8.76389203059e-06
82.1,-0.000120532587397,-0.00448497913109,8.68027012693e-06
82.15,-0.000119425014392,-0.00448105270013,8.59745506498e-06
82.2,-0.000118327452459,-0.00447713585579,8.51543892252e-06
82.25,-0.000117239813438,-0.00447322856393,8.43421385705e-06
82.3,-0.000116162009914,-0.00446933079043,8.3537837758e-06
82.35,-0.000115093955211,-0.00446544250101,8.27414454766e-06
82.4,-0.000114035563383,-0.00446156366135,8.19528673571e-06
82.45,-0.000112986749212,-0.00445769423718,8.11719746962e-06
82.5,-0.000111947428198,-0.00445383419434,8.03987116473e-06
82.55,-0.000110917516555,-0.00444998349865,7.96330964214e-06
82.6,-0.00010989693121,-0.00444614211584,7.88748481209e-06
82.65,-0.000108885589787,-0.00444232392746,7.8123894673e-06
82.7,-0.000107883408731,-0.00443853858584,7.73801677074e-06
82.75,-0.000106890307634,-0.00443476390962,7.66435956767e-06
82.8,-0.000105906206197,-0.0044310039251,7.59142147147e-06
82.85,-0.00010493154906,-0.00442725305568,7.51919881328e-06
82.9,-0.000103965722751,-0.0044235112684,7.44768307243e-06
82.95,-0.000103008649207,-0.00441977852873,7.37686260403e-06
83.0,-0.000102060251029,-0.00441605480224,7.30673238339e-06
83.05,-0.000101120451471,-0.00441234005454,7.23729411586e-06
83.1,-0.000100189174444,-0.00440863425112,7.16852232237e-06
83.15,-9.92663444985e-05,-0.00440493986875,7.10041050099e-06
83.2,-9.83518867469e-05,-0.00440125938687,7.03295222807e-06
83.25,-9.74457268571e-05,-0.00439758776258,6.96614115684e-06
83.3,-9.65477913003e-05,-0.00439392496172,6.89998061663e-06
83.35,-9.56580071758e-05,-0.00439027095006,6.83446729711e-06
83.4,-9.47763022044e-05,-0.00438662569335,6.76959350422e-06
83.45,-9.39026047231e-05,-0.00438299851848,6.7053487059e-06
83.5,-9.30368422931e-05,-0.00437940550977,6.64172860848e-06
83.55,-9.2178944814e-05,-0.00437582111308,6.57873475854e-06
83.6,-9.13288424849e-05,-0.00437224529393,6.51634403967e-06
83.65,-9.04864660982e-05,-0.00436867801816,6.45455058452e-06
83.7,-8.96517470375e-05,-0.00436511925164,6.39334858413e-06
83.75,-8.88246172728e-05,-0.00436156896035,6.33273228742e-06
83.8,-8.80050093559e-05,-0.00435802711029,6.27270476396e-06
83.85,-8.71932921684e-05,-0.0043544936674,6.21326304727e-06
83.9,-8.63889551765e-05,-0.00435096859898,6.15440018711e-06
83.95,-8.55919327744e-05,-0.00434745187104,6.09610665029e-06
84.0,-8.48021599169e-05,-0.00434394344973,6.0383783727e-06
84.05,-8.40195721168e-05,-0.00434044330124,5.98121685118e-06
84.1,-8.32441054405e-05,-0.0043369513917,5.92460111504e-06
84.15,-8.24756965005e-05,-0.00433346768757,5.86852587469e-06
84.2,-8.17142824537e-05,-0.00432999215538,5.81298589297e-06
84.25,-8.09598009963e-05,-0.00432652476171,5.75797598459e-06
84.3,-8.02121903602e-05,-0.00432307319021,5.70349898387e-06
84.35,-7.94713886197e-05,-0.00431966103008,5.64955234782e-06
84.4,-7.87373343699e-05,-0.00431625692689,5.59612990998e-06
84.45,-7.80099678462e-05,-0.00431286080413,5.54322297607e-06
84.5,-7.72892294178e-05,-0.00430947262819,5.49082788589e-06
84.55,-7.65750599675e-05,-0.00430609236552,5.43894603563e-06
84.6,-7.58674008873e-05,-0.00430271998253,5.38755839055e-06
84.65,-7.51661940724e-05,-0.00429935566873,5.33666017429e-06
84.7,-7.44713819132e-05,-0.00429600629407,5.28624665857e-06
84.75,-7.37829071258e-05,-0.00429266471514,5.23631318956e-06
84.8,-7.31007131022e-05,-0.00428933089878,5.18686237648e-06
84.85,-7.24251056702e-05,-0.0042860048118,5.13789183719e-06
84.9,-7.17556601894e-05,-0.00428268642217,5.08939589419e-06
84.95,-7.10923216087e-05,-0.0042793756968,5.04136673302e-06
85.0,-7.04350353523e-05,-0.00427607260278,4.9938010607e-06
85.05,-6.97837473158e-05,-0.00427277710724,4.94670018253e-06
85.1,-6.91384038631e-05,-0.00426948917731,4.90004682151e-06
85.15,-6.84989518206e-05,-0.0042662087804,4.85383666755e-06
85.2,-6.78653384749e-05,-0.00426293588402,4.808065453e-06
85.25,-6.72375115686e-05,-0.00425968648458,4.76272895215e-06
85.3,-6.66154182807e-05,-0.00425645809115,4.71782973765e-06
85.35,-6.59990076495e-05,-0.00425323706458,4.67336561249e-06
85.4,-6.53882287909e-05,-0.00425002337228,4.62933144044e-06
85.45,-6.47830312612e-05,-0.00424681698174,4.58572014233e-06
85.5,-6.4183365054e-05,-0.00424361786062,4.54252875126e-06
85.55,-6.35891805965e-05,-0.00424042597663,4.4997584828e-06
85.6,-6.30004287469e-05,-0.00423724129752,4.45739364882e-06
85.65,-6.24170607887e-05,-0.00423406379129,4.41543035575e-06
85.7,-6.18390284284e-05,-0.00423089342604,4.37386474819e-06
85.75,-6.12662837926e-05,-0.00422773016998,4.33269300855e-06
85.8,-6.06987794239e-05,-0.0042245780635,4.2919173528e-06
85.85,-6.01367687318e-05,-0.00422143565738,4.25153587996e-06
85.9,-5.95798986261e-05,-0.0042183002808,4.21154395608e-06
85.95,-5.90281229686e-05,-0.00421517190208,4.17193516907e-06
86.0,-5.84813960225e-05,-0.00421205048969,4.13270684751e-06
86.05,-5.79396724492e-05,-0.00420893601219,4.09386012479e-06
86.1,-5.74029073054e-05,-0.00420582843817,4.05538075506e-06
86.15,-5.68710560386e-05,-0.00420272773647,4.01726522227e-06
86.2,-5.63440744844e-05,-0.00419963909971,3.97951004475e-06
86.25,-5.58219187665e-05,-0.00419657462,3.94211179082e-06
86.3,-5.53045446731e-05,-0.00419352862599,3.90507263618e-06
86.35,-5.47919095025e-05,-0.00419048936223,3.86839081252e-06
86.4,-5.42839706364e-05,-0.00418745679752,3.8320621164e-06
86.45,-5.37806858286e-05,-0.00418443090082,3.79608073519e-06
86.5,-5.32820132013e-05,-0.00418141164121,3.7604442595e-06
86.55,-5.2787911243e-05,-0.00417839898786,3.72515374182e-06
86.6,-5.22983388049e-05,-0.00417539290999,3.69019624025e-06
86.65,-5.18132550975e-05,-0.00417239337707,3.65556857577e-06
86.7,-5.13326196879e-05,-0.00416940035866,3.62126760033e-06
86.75,-5.08563924971e-05,-0.00416641382444,3.58729019647e-06
86.8,-5.03845337971e-05,-0.00416343374419,3.55363824182e-06
86.85,-4.99172536711e-05,-0.00416046008771,3.52031019399e-06
86.9,-4.94542587417e-05,-0.00415749282564,3.48730225135e-06
86.95,-4.89955103878e-05,-0.00415453192796,3.45460914668e-06
87.0,-4.85409703263e-05,-0.00415157736481,3.42222870943e-06
87.05,-4.809060061e-05,-0.0041486291064,3.39016191934e-06
87.1,-4.76443636245e-05,-0.00414568712302,3.35839701989e-06
87.15,-4.72022220849e-05,-0.00414275138515,3.32693113891e-06
87.2,-4.67641390337e-05,-0.00413982186344,3.29576143205e-06
87.25,-4.63300778376e-05,-0.00413689852858,3.26488508253e-06
87.3,-4.59000021854e-05,-0.0041339833436,3.2343038194e-06
87.35,-4.5473876055e-05,-0.00413110091828,3.20401626399e-06
87.4,-4.50516630062e-05,-0.0041282271585,3.1740191027e-06
87.45,-4.46333280343e-05,-0.00412535945321,3.14430750179e-06
87.5,-4.42188361062e-05,-0.00412249777327,3.11487950214e-06
87.55,-4.38081524966e-05,-0.00411964208962,3.08573601178e-06
87.6,-4.3401242786e-05,-0.00411679237326,3.05686634601e-06
87.65,-4.29980728574e-05,-0.00411394859542,3.02826790622e-06
87.7,-4.25986088939e-05,-0.00411111371008,2.9999381189e-06
87.75,-4.22028173349e-05,-0.00410828875904,2.97187444237e-06
87.8,-4.18106649021e-05,-0.00410546967635,2.94407847486e-06
87.85,-4.14223256778e-05,-0.0041026564335,2.9165489714e-06
87.9,-4.10375559618e-05,-0.00409984900268,2.88928281476e-06
87.95,-4.06563234644e-05,-0.00409704735558,2.86227567295e-06
88.0,-4.02785961807e-05,-0.00409425146402,2.83552577908e-06
88.05,-3.99043423879e-05,-0.00409146129994,2.80903397611e-06
88.1,-3.95335306436e-05,-0.00408867683532,2.78279055357e-06
88.15,-3.9166129782e-05,-0.00408589804237,2.75679316154e-06
88.2,-3.88021089127e-05,-0.00408312489341,2.7310394727e-06
88.25,-3.84414374183e-05,-0.00408035736088,2.70552718211e-06
88.3,-3.80840849516e-05,-0.00407759541732,2.68025775154e-06
88.35,-3.77300214341e-05,-0.00407483903533,2.65523006311e-06
88.4,-3.73792170534e-05,-0.00407208818759,2.6304412938e-06
88.45,-3.70316422606e-05,-0.00406934284692,2.60588751482e-06
88.5,-3.66872677683e-05,-0.00406660870031,2.5815671324e-06
88.55,-3.63460642123e-05,-0.00406389653108,2.55748098522e-06
88.6,-3.60080029028e-05,-0.00406118976149,2.53362023331e-06
88.65,-3.56730553337e-05,-0.00405848836463,2.50998274962e-06
88.7,-3.53411932509e-05,-0.00405579231374,2.48656642747e-06
88.75,-3.50123886511e-05,-0.00405310158214,2.46336918042e-06
88.8,-3.46866137788e-05,-0.00405041614328,2.4403923514e-06
88.85,-3.43640128601e-05,-0.00404774240927,2.41763493458e-06
88.9,-3.40443834545e-05,-0.00404507392994,2.39509438398e-06
88.95,-3.37276985908e-05,-0.0040424106789,2.37276713355e-06
89.0,-3.34139315366e-05,-0.00403975262988,2.35065174314e-06
89.05,-3.31030557965e-05,-0.00403709975672,2.32874893595e-06
89.1,-3.27950451106e-05,-0.00403445203335,2.3070506858e-06
89.15,-3.24898734514e-05,-0.00403180943386,2.28555506791e-06
89.2,-3.21875150227e-05,-0.00402917276759,2.26426017586e-06
89.25,-3.18879442485e-05,-0.00402654722824,2.24316412294e-06
89.3,-3.15911357259e-05,-0.00402392675124,2.22226815433e-06
89.35,-3.12970643427e-05,-0.00402131131098,2.20157136519e-06
89.4,-3.10057052101e-05,-0.00401870088194,2.18107143658e-06
89.45,-3.07170336606e-05,-0.00401609543874,2.16076513232e-06
89.5,-3.04310252459e-05,-0.00401349495611,2.14065115195e-06
89.55,-3.01476557352e-05,-0.00401089940891,2.12073016494e-06
89.6,-2.98669011137e-05,-0.00400830877206,2.10099487285e-06
89.65,-2.95887375799e-05,-0.00400572302068,2.08144353324e-06
89.7,-2.93131415446e-05,-0.00400314212998,2.06207442027e-06
89.75,-2.90400896283e-05,-0.0040005660753,2.04288582452e-06
89.8,-2.87695586602e-05,-0.00399800125492,2.02387888034e-06
89.85,-2.85016678665e-05,-0.00399545475653,2.00505281626e-06
89.9,-2.82362493232e-05,-0.00399291299848,1.98640551908e-06
89.95,-2.79732805221e-05,-0.00399037595632,1.96793405032e-06
90.0,-2.77127391555e-05,-0.00398784360569,1.94963723435e-06
90.05,-2.74546031144e-05,-0.00398531592238,1.9315156896e-06
90.1,-2.71988504871e-05,-0.00398279288222,1.91356277736e-06
90.15,-2.6945459557e-05,-0.00398027446126,1.89577691897e-06
90.2,-2.66944088015e-05,-0.00397776063563,1.8781565508e-06
90.25,-2.64456768898e-05,-0.00397525138159,1.86070012402e-06
90.3,-2.61992426817e-05,-0.00397274667551,1.84340867987e-06
90.35,-2.59550852258e-05,-0.00397025089498,1.82628148526e-06
90.4,-2.57131837207e-05,-0.00396776153828,1.80931664021e-06
90.45,-2.5473517573e-05,-0.00396527667331,1.79251147966e-06
90.5,-2.52360663897e-05,-0.00396279627675,1.77586494121e-06
90.55,-2.50008099604e-05,-0.00396032032537,1.75937759649e-06
90.6,-2.47677282552e-05,-0.00395784879602,1.74304340666e-06
90.65,-2.45368014234e-05,-0.00395538166572,1.72686094177e-06
90.7,-2.43080097918e-05,-0.00395291891162,1.71082878538e-06
90.75,-2.40813338633e-05,-0.00395046603909,1.69494553443e-06
90.8,-2.38567542721e-05,-0.00394801873802,1.67921215258e-06
90.85,-2.36343699741e-05,-0.00394557576038,1.66362798107e-06
90.9,-2.34140415593e-05,-0.00394313708392,1.64819129072e-06
90.95,-2.31957502559e-05,-0.00394070268615,1.63289965862e-06
91.0,-2.29794774599e-05,-0.00393827254469,1.61775212423e-06
91.05,-2.27652047343e-05,-0.00393584663728,1.60274921552e-06
91.1,-2.25529138069e-05,-0.00393342494174,1.58788543835e-06
91.15,-2.23425865695e-05,-0.00393100743604,1.57315949698e-06
91.2,-2.2134205076e-05,-0.00392859409827,1.55857010786e-06
91.25,-2.19277515414e-05,-0.00392619746003,1.54411599953e-06
91.3,-2.17232081239e-05,-0.00392381018059,1.52979808715e-06
91.35,-2.15205574531e-05,-0.00392142698535,1.51561575918e-06
91.4,-2.038671936e-05,-0.00391904785262,1.50156744616e-06
91.45,-1.87960430367e-05,-0.00391667014226,1.48764982405e-06
91.5,-1.86206741535e-05,-0.00391429256383,1.47386151477e-06
91.55,-1.84469283985e-05,-0.00391191909033,1.46020473113e-06
91.6,-1.82747909297e-05,-0.00390954969922,1.44667447088e-06
91.65,-1.81042470379e-05,-0.00390718436809,1.43326955669e-06
91.7,-1.79352821461e-05,-0.00390482307469,1.4199888223e-06
91.75,-1.7767881808e-05,-0.00390246579686,1.40683111244e-06
91.8,-1.7602031707e-05,-0.00390011251257,1.39379722996e-06
91.85,-1.74378048012e-05,-0.00389776564184,1.38088663607e-06
91.9,-1.72750981568e-05,-0.00389542648249,1.3680979075e-06
91.95,-1.71138978441e-05,-0.00389309126544,1.35542904631e-06
92.0,-1.69541900803e-05,-0.00389075996899,1.34287926403e-06
92.05,-1.67959612063e-05,-0.00388843257155,1.33044900769e-06
92.1,-1.66391976858e-05,-0.00388610905164,1.31813372524e-06
92.15,-1.64838861039e-05,-0.00388378938792,1.3059323495e-06
92.2,-1.63300131665e-05,-0.00388147355919,1.29384382329e-06
92.25,-1.61775656989e-05,-0.00387916496185,1.28186709936e-06
92.3,-1.6026530627e-05,-0.00387686338083,1.27000291808e-06
92.35,-1.58768949959e-05,-0.00387456558687,1.258250797e-06
92.4,-1.57286459847e-05,-0.00387227155905,1.24660944166e-06
92.45,-1.55817708877e-05,-0.00386998127656,1.23507703277e-06
92.5,-1.54362571137e-05,-0.00386769471876,1.22365285692e-06
92.55,-1.52920921849e-05,-0.00386541186506,1.21233732643e-06
92.6,-1.51492637356e-05,-0.003863132695,1.20112629827e-06
92.65,-1.50077595119e-05,-0.00386085718828,1.19001880479e-06
92.7,-1.486756737e-05,-0.00385858532469,1.17901388734e-06
92.75,-1.47286752755e-05,-0.00385631708414,1.16811059627e-06
92.8,-1.45910713029e-05,-0.00385405412095,1.15730960762e-06
92.85,-1.44548158121e-05,-0.00385180889489,1.1466104953e-06
92.9,-1.43198233974e-05,-0.00384956723028,1.13601209131e-06
92.95,-1.41860824995e-05,-0.00384732909405,1.12551273734e-06
93.0,-1.40535816407e-05,-0.00384509446651,1.11511178726e-06
93.05,-1.39223094468e-05,-0.00384286332805,1.10480962081e-06
93.1,-1.37922546461e-05,-0.00384063565918,1.09460246638e-06
93.15,-1.36634060687e-05,-0.00383841144056,1.08448944592e-06
93.2,-1.35357526453e-05,-0.00383619065294,1.07446968959e-06
93.25,-1.34092834065e-05,-0.00383397327718,1.06454233566e-06
93.3,-1.32839874821e-05,-0.00383175929427,1.05470800394e-06
93.35,-1.31598540999e-05,-0.00382954923887,1.04496629893e-06
93.4,-1.30368725828e-05,-0.00382734807452,1.03531615399e-06
93.45,-1.29150323291e-05,-0.00382515026034,1.02575607061e-06
93.5,-1.27943228569e-05,-0.00382295577759,1.01628546377e-06
93.55,-1.26747337791e-05,-0.00382076460767,1.00690468331e-06
93.6,-1.25562548025e-05,-0.00381857673202,9.97610295563e-07
93.65,-1.24388757267e-05,-0.00381639213226,9.88401503917e-07
93.7,-1.2322586444e-05,-0.00381421079009,9.79277519168e-07
93.75,-1.22073769377e-05,-0.00381203407005,9.70237559438e-07
93.8,-1.20932372765e-05,-0.0038098657091,9.61282194188e-07
93.85,-1.19802174759e-05,-0.00380770056633,9.52411070387e-07
93.9,-1.18682467394e-05,-0.00380553862388,9.43623218717e-07
93.95,-1.17573154265e-05,-0.00380337986383,9.34917272341e-07
94.0,-1.16474139839e-05,-0.00380122426836,9.26292701319e-07
94.05,-1.15385329449e-05,-0.00379907181976,9.17749827772e-07
94.1,-1.14306629282e-05,-0.00379692250041,9.09285525252e-07
94.15,-1.13237946377e-05,-0.00379477629281,9.00899070793e-07
94.2,-1.12179188614e-05,-0.00379263317957,8.92589748126e-07
94.25,-1.11130264707e-05,-0.00379049314341,8.84356847612e-07
94.3,-1.10091084196e-05,-0.00378835616712,8.76200890302e-07
94.35,-1.09061557443e-05,-0.00378622223361,8.6812155376e-07
94.4,-1.08041595623e-05,-0.00378409132585,8.60117957501e-07
94.45,-1.07031110713e-05,-0.00378196342693,8.52188858684e-07
94.5,-1.06030015492e-05,-0.00377983852004,8.44333777248e-07
94.55,-1.05038223527e-05,-0.00377771658848,8.36553009765e-07
94.6,-1.04055649172e-05,-0.00377560937708,8.28843709299e-07
94.65,-1.03082206693e-05,-0.0037735072726,8.21205237002e-07
94.7,-1.02117812414e-05,-0.00377140808293,8.13636934249e-07
94.75,-1.01162383017e-05,-0.00376931179161,8.06138156577e-07
94.8,-1.00215835938e-05,-0.00376721838231,7.98709381336e-07
94.85,-9.92785855118e-06,-0.00376512783877,7.91350316975e-07
94.9,-9.83500447438e-06,-0.00376304486064,7.84060163249e-07
94.95,-9.74301332943e-06,-0.00376096599619,7.76837792539e-07
95.0,-9.65187716664e-06,-0.0037588899629,7.69682770201e-07
95.05,-9.56158811258e-06,-0.00375681674478,7.62595368699e-07
95.1,-9.47213836534e-06,-0.0037547463259,7.55572994875e-07
95.15,-9.38352019382e-06,-0.00375267869048,7.4861505259e-07
95.2,-9.29572593713e-06,-0.00375061382281,7.41720951196e-07
95.25,-9.20874800399e-06,-0.00374855170729,7.34890105482e-07
95.3,-9.12257887212e-06,-0.00374649815382,7.2812295287e-07
95.35,-9.03721107044e-06,-0.00374444791723,7.2141923329e-07
95.4,-8.95263721172e-06,-0.00374240040097,7.14778219626e-07
95.45,-8.86884997763e-06,-0.00374035558967,7.08198883197e-07
95.5,-8.78584211639e-06,-0.00373831346804,7.01680829139e-07
95.55,-8.70360644215e-06,-0.00373627402089,6.95224307957e-07
95.6,-8.62213583445e-06,-0.00373423723311,6.88826957668e-07
95.65,-8.54142323761e-06,-0.00373220308971,6.82488236823e-07
95.7,-8.46146166011e-06,-0.00373017157577,6.76207608943e-07
95.75,-8.38224417411e-06,-0.00372814267648,6.69984542477e-07
95.8,-8.30376391482e-06,-0.00372611637711,6.63819438158e-07
95.85,-8.22605518993e-06,-0.003724092663,6.57712057654e-07
95.9,-8.1490693387e-06,-0.00372207151971,6.51661739782e-07
95.95,-8.07279969416e-06,-0.00372005293274,6.45667548687e-07
96.0,-7.99723965002e-06,-0.00371803688771,6.39729126327e-07
96.05,-7.92238266018e-06,-0.00371602337032,6.33846703023e-07
96.1,-7.84822223812e-06,-0.00371401236633,6.28018127222e-07
96.15,-7.77475195642e-06,-0.00371200386162,6.22242907128e-07
96.2,-7.7019654462e-06,-0.00370999784216,6.16520555443e-07
96.25,-7.62985639661e-06,-0.003707994294,6.10850589334e-07
96.3,-7.55841855434e-06,-0.00370599320328,6.05233375941e-07
96.35,-7.48764572306e-06,-0.0037039945562,5.99668699726e-07
96.4,-7.41753176296e-06,-0.00370200119365,5.94155959576e-07
96.45,-7.34807058339e-06,-0.00370001328635,5.8869430532e-07
96.5,-7.27925614907e-06,-0.00369802779527,5.52297072478e-07
96.55,-7.21108212392e-06,-0.00369604919478,5.43776346996e-07
96.6,-7.14354288789e-06,-0.00369408115354,5.38779281689e-07
96.65,-7.07663262845e-06,-0.00369211547361,5.33827917269e-07
96.7,-7.01034553544e-06,-0.00369015214163,5.28921836926e-07
96.75,-6.94467585171e-06,-0.00368819114434,5.24060627656e-07
96.8,-6.87961787266e-06,-0.00368623628932,5.19244651207e-07
96.85,-6.81519999648e-06,-0.00368428623436,5.14473739439e-07
96.9,-6.75138188612e-06,-0.00368233848907,5.09747371765e-07
96.95,-6.68815800223e-06,-0.00368039304036,5.05064797882e-07
97.0,-6.625522856e-06,-0.00367844987524,5.00425433637e-07
97.05,-6.56347100868e-06,-0.0036765089808,4.9582981803e-07
97.1,-6.50199707123e-06,-0.00367457034421,4.91276189137e-07
97.15,-6.44109570374e-06,-0.0036726339527,4.86764164626e-07
97.2,-6.38076161509e-06,-0.00367069979361,4.82293365648e-07
97.25,-6.32098956248e-06,-0.00366876785436,4.77863416804e-07
97.3,-6.261774351e-06,-0.00366683812242,4.73474649132e-07
97.35,-6.20311083319e-06,-0.00366491058536,4.38256466733e-07
97.4,-6.14499360076e-06,-0.00366298564212,4.30799946666e-07
97.45,-6.08741788473e-06,-0.00366106290798,4.26844946071e-07
97.5,-6.0303787123e-06,-0.00365914232435,4.22926431658e-07
97.55,-5.97387112133e-06,-0.00365722387918,4.19044922085e-07
97.6,-5.91789019507e-06,-0.00365530756049,4.15198837598e-07
97.65,-5.86243106172e-06,-0.00365339335639,4.11387856194e-07
97.7,-5.80748889404e-06,-0.00365148125507,4.07611658794e-07
97.75,-5.75305890895e-06,-0.00364957124479,4.03869929218e-07
97.8,-5.69913636716e-06,-0.00364766331387,4.00162995244e-07
97.85,-5.64574478751e-06,-0.00364575745073,3.96490429646e-07
97.9,-5.59285074549e-06,-0.00364385469744,3.92852144347e-07
97.95,-5.54044963708e-06,-0.00364195873152,3.89247541983e-07
98.0,-5.4885368939e-06,-0.00364006481224,3.54925940912e-07
98.05,-5.43710772694e-06,-0.00363817333745,3.48250950176e-07
98.1,-5.38615791039e-06,-0.0036362839252,3.45056391601e-07
98.15,-5.33568303928e-06,-0.00363439651805,3.41890963464e-07
98.2,-5.28567871833e-06,-0.00363251110487,3.38754401369e-07
98.25,-5.23614059248e-06,-0.00363062767461,3.35646443318e-07
98.3,-5.18706434657e-06,-0.00362874809667,3.32567414323e-07
98.35,-5.13844570184e-06,-0.00362687480816,3.29516951158e-07
98.4,-5.09028041479e-06,-0.00362500348394,3.26495000279e-07
98.45,-5.04256428812e-06,-0.00362313411311,3.23501041936e-07
98.5,-4.99529316298e-06,-0.00362126668482,3.20534370286e-07
98.55,-4.94846291865e-06,-0.0036194011883,2.25577333511e-07
98.6,-4.9020687415e-06,-0.00361753883631,2.13276651516e-07
98.65,-4.85610726187e-06,-0.00361567851045,2.11320987066e-07
98.7,-4.81057455391e-06,-0.0036138200621,2.09383142539e-07
98.75,-4.76546664517e-06,-0.00361196348102,2.07462956426e-07
98.8,-4.72077959963e-06,-0.00361011873411,2.05560801867e-07
98.85,-4.67653285735e-06,-0.00360827649304,2.03676426679e-07
98.9,-4.63269873782e-06,-0.00360643608607,2.01809854501e-07
98.95,-4.58927341977e-06,-0.00360459750311,1.99960685966e-07
99.0,-4.54625311698e-06,-0.00360276073411,1.98128351317e-07
99.05,-4.50363407794e-06,-0.00360092576909,1.96312698161e-07
99.1,-4.46141258554e-06,-0.00359909259816,1.94513575484e-07
99.15,-4.41958495676e-06,-0.00359726121144,1.92730833631e-07
99.2,-4.37814754236e-06,-0.00359543159917,1.90964324301e-07
99.25,-4.3370967266e-06,-0.00359360375161,1.89213900528e-07
99.3,-4.29642892689e-06,-0.00359177765908,1.87479902966e-07
99.35,-4.25614059354e-06,-0.00358995331199,1.85762098739e-07
99.4,-4.21622820943e-06,-0.00358813070078,1.84060511392e-07
99.45,-4.17668828972e-06,-0.00358631482889,1.82374777067e-07
99.5,-4.13751737487e-06,-0.0035845013766,1.80704377252e-07
99.55,-4.09871204305e-06,-0.00358268964469,1.79049173403e-07
99.6,-4.06026890481e-06,-0.00358087962373,1.77409028115e-07
99.65,-4.02218460182e-06,-0.00357907130436,1.75783805222e-07
99.7,-3.9844558066e-06,-0.00357726467728,1.74173369785e-07
99.75,-3.94707922221e-06,-0.00357545973324,1.72577588078e-07
99.8,-3.91005158203e-06,-0.00357365646305,1.70996771118e-07
99.85,-3.87338900683e-06,-0.00357186096703,1.69430706819e-07
99.9,-3.83706854245e-06,-0.00357006714052,1.67879417826e-07
99.95,-3.80108701744e-06,-0.00356827497438,1.35828418384e-07
100.0,-3.76544110373e-06,-0.00356648485761,1.31191682695e-07
