"time","AMPA","NMDA","GABAa"
0.0,0.0,0.0,0.0
0.05,0.0,0.0,0.0
0.1,0.0,0.0,0.0
0.15,0.0,0.0,0.0
0.2,0.0,0.0,0.0
0.25,0.0,0.0,0.0
0.3,0.0,0.0,0.0
0.35,0.0,0.0,0.0
0.4,0.0,0.0,0.0
0.45,0.0,0.0,0.0
0.5,0.0,0.0,0.0
0.55,0.0,0.0,0.0
0.6,0.0,0.0,0.0
0.65,0.0,0.0,0.0
0.7,0.0,0.0,0.0
0.75,0.0,0.0,0.0
0.8,0.0,0.0,0.0
0.85,0.0,0.0,0.0
0.9,0.0,0.0,0.0
0.95,0.0,0.0,0.0
1.0,0.0,0.0,0.0
1.05,0.0,0.0,0.0
1.1,0.0,0.0,0.0
1.15,0.0,0.0,0.0
1.2,0.0,0.0,0.0
1.25,0.0,0.0,0.0
1.3,0.0,0.0,0.0
1.35,0.0,0.0,0.0
1.4,0.0,0.0,0.0
1.45,0.0,0.0,0.0
1.5,0.0,0.0,0.0
1.55,0.0,0.0,0.0
1.6,0.0,0.0,0.0
1.65,0.0,0.0,0.0
1.7,0.0,0.0,0.0
1.75,0.0,0.0,0.0
1.8,0.0,0.0,0.0
1.85,0.0,0.0,0.0
1.9,0.0,0.0,0.0
1.95,0.0,0.0,0.0
2.0,0.0,0.0,0.0
2.05,0.0,0.0,0.0
2.1,0.0,0.0,0.0
2.15,0.0,0.0,0.0
2.2,0.0,0.0,0.0
2.25,0.0,0.0,0.0
2.3,0.0,0.0,0.0
2.35,0.0,0.0,0.0
2.4,0.0,0.0,0.0
2.45,0.0,0.0,0.0
2.5,0.0,0.0,0.0
2.55,0.0,0.0,0.0
2.6,0.0,0.0,0.0
2.65,0.0,0.0,0.0
2.7,0.0,0.0,0.0
2.75,0.0,0.0,0.0
2.8,0.0,0.0,0.0
2.85,0.0,0.0,0.0
2.9,0.0,0.0,0.0
2.95,0.0,0.0,0.0
3.0,0.0,0.0,0.0
3.05,0.0,0.0,0.0
3.1,0.0,0.0,0.0
3.15,0.0,0.0,0.0
3.2,0.0,0.0,0.0
3.25,0.0,0.0,0.0
3.3,0.0,0.0,0.0
3.35,0.0,0.0,0.0
3.4,0.0,0.0,0.0
3.45,0.0,0.0,0.0
3.5,0.0,0.0,0.0
3.55,0.0,0.0,0.0
3.6,0.0,0.0,0.0
3.65,0.0,0.0,0.0
3.7,0.0,0.0,0.0
3.75,0.0,0.0,0.0
3.8,0.0,0.0,0.0
3.85,0.0,0.0,0.0
3.9,0.0,0.0,0.0
3.95,0.0,0.0,0.0
4.0,0.0,0.0,0.0
4.05,0.0,0.0,0.0
4.1,0.0,0.0,0.0
4.15,0.0,0.0,0.0
4.2,0.0,0.0,0.0
4.25,0.0,0.0,0.0
4.3,0.0,0.0,0.0
4.35,0.0,0.0,0.0
4.4,0.0,0.0,0.0
4.45,0.0,0.0,0.0
4.5,0.0,0.0,0.0
4.55,0.0,0.0,0.0
4.6,0.0,0.0,0.0
4.65,0.0,0.0,0.0
4.7,0.0,0.0,0.0
4.75,0.0,0.0,0.0
4.8,0.0,0.0,0.0
4.85,0.0,0.0,0.0
4.9,0.0,0.0,0.0
4.95,0.0,0.0,0.0
5.0,0.0,0.0,0.0
5.05,0.0,0.0,0.0
5.1,0.0,0.0,0.0
5.15,0.0,0.0,0.0
5.2,0.0,0.0,0.0
5.25,0.0,0.0,0.0
5.3,0.0,0.0,0.0
5.35,0.0,0.0,0.0
5.4,0.0,0.0,0.0
5.45,0.0,0.0,0.0
5.5,0.0,0.0,0.0
5.55,0.0,0.0,0.0
5.6,0.0,0.0,0.0
5.65,0.0,0.0,0.0
5.7,0.0,0.0,0.0
5.75,0.0,0.0,0.0
5.8,0.0,0.0,0.0
5.85,0.0,0.0,0.0
5.9,0.0,0.0,0.0
5.95,0.0,0.0,0.0
6.0,0.0,0.0,0.0
6.05,0.0,0.0,0.0
6.1,0.0,0.0,0.0
6.15,0.0,0.0,0.0
6.2,0.0,0.0,0.0
6.25,0.0,0.0,0.0
6.3,0.0,0.0,0.0
6.35,0.0,0.0,0.0
6.4,0.0,0.0,0.0
6.45,0.0,0.0,0.0
6.5,0.0,0.0,0.0
6.55,0.0,0.0,0.0
6.6,0.0,0.0,0.0
6.65,0.0,0.0,0.0
6.7,0.0,0.0,0.0
6.75,0.0,0.0,0.0
6.8,0.0,0.0,0.0
6.85,0.0,0.0,0.0
6.9,0.0,0.0,0.0
6.95,0.0,0.0,0.0
7.0,0.0,0.0,0.0
7.05,0.0,0.0,0.0
7.1,0.0,0.0,0.0
7.15,0.0,0.0,0.0
7.2,0.0,0.0,0.0
7.25,0.0,0.0,0.0
7.3,0.0,0.0,0.0
7.35,0.0,0.0,0.0
7.4,0.0,0.0,0.0
7.45,0.0,0.0,0.0
7.5,0.0,0.0,0.0
7.55,0.0,0.0,0.0
7.6,0.0,0.0,0.0
7.65,0.0,0.0,0.0
7.7,0.0,0.0,0.0
7.75,0.0,0.0,0.0
7.8,0.0,0.0,0.0
7.85,0.0,0.0,0.0
7.9,0.0,0.0,0.0
7.95,0.0,0.0,0.0
8.0,0.0,0.0,0.0
8.05,0.0,0.0,0.0
8.1,0.0,0.0,0.0
8.15,0.0,0.0,0.0
8.2,0.0,0.0,0.0
8.25,0.0,0.0,0.0
8.3,0.0,0.0,0.0
8.35,0.0,0.0,0.0
8.4,0.0,0.0,0.0
8.45,0.0,0.0,0.0
8.5,0.0,0.0,0.0
8.55,0.0,0.0,0.0
8.6,0.0,0.0,0.0
8.65,0.0,0.0,0.0
8.7,0.0,0.0,0.0
8.75,0.0,0.0,0.0
8.8,0.0,0.0,0.0
8.85,0.0,0.0,0.0
8.9,0.0,0.0,0.0
8.95,0.0,0.0,0.0
9.0,0.0,0.0,0.0
9.05,0.0,0.0,0.0
9.1,0.0,0.0,0.0
9.15,0.0,0.0,0.0
9.2,0.0,0.0,0.0
9.25,0.0,0.0,0.0
9.3,0.0,0.0,0.0
9.35,0.0,0.0,0.0
9.4,0.0,0.0,0.0
9.45,0.0,0.0,0.0
9.5,0.0,0.0,0.0
9.55,0.0,0.0,0.0
9.6,0.0,0.0,0.0
9.65,0.0,0.0,0.0
9.7,0.0,0.0,0.0
9.75,0.0,0.0,0.0
9.8,0.0,0.0,0.0
9.85,0.0,0.0,0.0
9.9,0.0,0.0,0.0
9.95,0.0,0.0,0.0
10.0,0.0,0.0,0.0
10.05,0.0,0.0,0.0
10.1,0.0,0.0,0.0
10.15,0.0,0.0,0.0
10.2,0.0,0.0,0.0
10.25,0.0,0.0,0.0
10.3,0.0,0.0,0.0
10.35,0.0,0.0,0.0
10.4,0.0,0.0,0.0
10.45,0.0,0.0,0.0
10.5,0.0,0.0,0.0
10.55,0.0,0.0,0.0
10.6,0.0,0.0,0.0
10.65,0.0,0.0,0.0
10.7,0.0,0.0,0.0
10.75,0.0,0.0,0.0
10.8,0.0,0.0,0.0
10.85,0.0,0.0,0.0
10.9,0.0,0.0,0.0
10.95,0.0,0.0,0.0
11.0,0.0,0.0,0.0
11.05,0.0,0.0,0.0
11.1,0.0,0.0,0.0
11.15,0.0,0.0,0.0
11.2,0.0,0.0,0.0
11.25,0.0,0.0,0.0
11.3,0.0,0.0,0.0
11.35,0.0,0.0,0.0
11.4,0.0,0.0,0.0
11.45,0.0,0.0,0.0
11.5,0.0,0.0,0.0
11.55,0.0,0.0,0.0
11.6,0.0,0.0,0.0
11.65,0.0,0.0,0.0
11.7,0.0,0.0,0.0
11.75,0.0,0.0,0.0
11.8,0.0,0.0,0.0
11.85,0.0,0.0,0.0
11.9,0.0,0.0,0.0
11.95,0.0,0.0,0.0
12.0,0.0,0.0,0.0
12.05,0.0,0.0,0.0
12.1,0.0,0.0,0.0
12.15,0.0,0.0,0.0
12.2,0.0,0.0,0.0
12.25,0.0,0.0,0.0
12.3,0.0,0.0,0.0
12.35,0.0,0.0,0.0
12.4,0.0,0.0,0.0
12.45,0.0,0.0,0.0
12.5,0.0,0.0,0.0
12.55,0.0,0.0,0.0
12.6,0.0,0.0,0.0
12.65,0.0,0.0,0.0
12.7,0.0,0.0,0.0
12.75,0.0,0.0,0.0
12.8,0.0,0.0,0.0
12.85,0.0,0.0,0.0
12.9,0.0,0.0,0.0
12.95,0.0,0.0,0.0
13.0,0.0,0.0,0.0
13.05,0.0,0.0,0.0
13.1,0.0,0.0,0.0
13.15,0.0,0.0,0.0
13.2,0.0,0.0,0.0
13.25,0.0,0.0,0.0
13.3,0.0,0.0,0.0
13.35,0.0,0.0,0.0
13.4,0.0,0.0,0.0
13.45,0.0,0.0,0.0
13.5,0.0,0.0,0.0
13.55,0.0,0.0,0.0
13.6,0.0,0.0,0.0
13.65,0.0,0.0,0.0
13.7,0.0,0.0,0.0
13.75,0.0,0.0,0.0
13.8,0.0,0.0,0.0
13.85,0.0,0.0,0.0
13.9,0.0,0.0,0.0
13.95,0.0,0.0,0.0
14.0,0.0,0.0,0.0
14.05,0.0,0.0,0.0
14.1,0.0,0.0,0.0
14.15,0.0,0.0,0.0
14.2,0.0,0.0,0.0
14.25,0.0,0.0,0.0
14.3,0.0,0.0,0.0
14.35,0.0,0.0,0.0
14.4,0.0,0.0,0.0
14.45,0.0,0.0,0.0
14.5,0.0,0.0,0.0
14.55,0.0,0.0,0.0
14.6,0.0,0.0,0.0
14.65,0.0,0.0,0.0
14.7,0.0,0.0,0.0
14.75,0.0,0.0,0.0
14.8,0.0,0.0,0.0
14.85,0.0,0.0,0.0
14.9,0.0,0.0,0.0
14.95,0.0,0.0,0.0
15.0,0.0,0.0,0.0
15.05,0.0,0.0,0.0
15.1,0.0,0.0,0.0
15.15,0.0,0.0,0.0
15.2,0.0,0.0,0.0
15.25,0.0,0.0,0.0
15.3,0.0,0.0,0.0
15.35,0.0,0.0,0.0
15.4,0.0,0.0,0.0
15.45,0.0,0.0,0.0
15.5,0.0,0.0,0.0
15.55,0.0,0.0,0.0
15.6,0.0,0.0,0.0
15.65,0.0,0.0,0.0
15.7,0.0,0.0,0.0
15.75,0.0,0.0,0.0
15.8,0.0,0.0,0.0
15.85,0.0,0.0,0.0
15.9,0.0,0.0,0.0
15.95,0.0,0.0,0.0
16.0,0.0,0.0,0.0
16.05,0.0,0.0,0.0
16.1,0.0,0.0,0.0
16.15,0.0,0.0,0.0
16.2,0.0,0.0,0.0
16.25,0.0,0.0,0.0
16.3,0.0,0.0,0.0
16.35,0.0,0.0,0.0
16.4,0.0,0.0,0.0
16.45,0.0,0.0,0.0
16.5,0.0,0.0,0.0
16.55,0.0,0.0,0.0
16.6,0.0,0.0,0.0
16.65,0.0,0.0,0.0
16.7,0.0,0.0,0.0
16.75,0.0,0.0,0.0
16.8,0.0,0.0,0.0
16.85,0.0,0.0,0.0
16.9,0.0,0.0,0.0
16.95,0.0,0.0,0.0
17.0,0.0,0.0,0.0
17.05,0.0,0.0,0.0
17.1,0.0,0.0,0.0
17.15,0.0,0.0,0.0
17.2,0.0,0.0,0.0
17.25,0.0,0.0,0.0
17.3,0.0,0.0,0.0
17.35,0.0,0.0,0.0
17.4,0.0,0.0,0.0
17.45,0.0,0.0,0.0
17.5,0.0,0.0,0.0
17.55,0.0,0.0,0.0
17.6,0.0,0.0,0.0
17.65,0.0,0.0,0.0
17.7,0.0,0.0,0.0
17.75,0.0,0.0,0.0
17.8,0.0,0.0,0.0
17.85,0.0,0.0,0.0
17.9,0.0,0.0,0.0
17.95,0.0,0.0,0.0
18.0,0.0,0.0,0.0
18.05,0.0,0.0,0.0
18.1,0.0,0.0,0.0
18.15,0.0,0.0,0.0
18.2,0.0,0.0,0.0
18.25,0.0,0.0,0.0
18.3,0.0,0.0,0.0
18.35,0.0,0.0,0.0
18.4,0.0,0.0,0.0
18.45,0.0,0.0,0.0
18.5,0.0,0.0,0.0
18.55,0.0,0.0,0.0
18.6,0.0,0.0,0.0
18.65,0.0,0.0,0.0
18.7,0.0,0.0,0.0
18.75,0.0,0.0,0.0
18.8,0.0,0.0,0.0
18.85,0.0,0.0,0.0
18.9,0.0,0.0,0.0
18.95,0.0,0.0,0.0
19.0,0.0,0.0,0.0
19.05,0.0,0.0,0.0
19.1,0.0,0.0,0.0
19.15,0.0,0.0,0.0
19.2,0.0,0.0,0.0
19.25,0.0,0.0,0.0
19.3,0.0,0.0,0.0
19.35,0.0,0.0,0.0
19.4,0.0,0.0,0.0
19.45,0.0,0.0,0.0
19.5,0.0,0.0,0.0
19.55,0.0,0.0,0.0
19.6,0.0,0.0,0.0
19.65,0.0,0.0,0.0
19.7,0.0,0.0,0.0
19.75,0.0,0.0,0.0
19.8,0.0,0.0,0.0
19.85,0.0,0.0,0.0
19.9,0.0,0.0,0.0
19.95,0.0,0.0,0.0
20.0,0.0,0.0,0.0
20.05,0.0,0.0,0.0
20.1,0.0,0.0,0.0
20.15,0.0,0.0,0.0
20.2,0.0,0.0,0.0
20.25,0.0,0.0,0.0
20.3,0.0,0.0,0.0
20.35,0.0,0.0,0.0
20.4,0.0,0.0,0.0
20.45,0.0,0.0,0.0
20.5,0.0,0.0,0.0
20.55,0.0,0.0,0.0
20.6,0.0,0.0,0.0
20.65,0.0,0.0,0.0
20.7,0.0,0.0,0.0
20.75,0.0,0.0,0.0
20.8,0.0,0.0,0.0
20.85,0.0,0.0,0.0
20.9,0.0,0.0,0.0
20.95,0.0,0.0,0.0
21.0,0.0,0.0,0.0
21.05,0.0,0.0,0.0
21.1,0.0,0.0,0.0
21.15,0.0,0.0,0.0
21.2,0.0,0.0,0.0
21.25,0.0,0.0,0.0
21.3,0.0,0.0,0.0
21.35,0.0,0.0,0.0
21.4,0.0,0.0,0.0
21.45,0.0,0.0,0.0
21.5,0.0,0.0,0.0
21.55,0.0,0.0,0.0
21.6,0.0,0.0,0.0
21.65,0.0,0.0,0.0
21.7,0.0,0.0,0.0
21.75,0.0,0.0,0.0
21.8,0.0,0.0,0.0
21.85,0.0,0.0,0.0
21.9,0.0,0.0,0.0
21.95,0.0,0.0,0.0
22.0,0.0,0.0,0.0
22.05,0.0,0.0,0.0
22.1,0.0,0.0,0.0
22.15,0.0,0.0,0.0
22.2,0.0,0.0,0.0
22.25,0.0,0.0,0.0
22.3,0.0,0.0,0.0
22.35,0.0,0.0,0.0
22.4,0.0,0.0,0.0
22.45,0.0,0.0,0.0
22.5,0.0,0.0,0.0
22.55,0.0,0.0,0.0
22.6,0.0,0.0,0.0
22.65,0.0,0.0,0.0
22.7,0.0,0.0,0.0
22.75,0.0,0.0,0.0
22.8,0.0,0.0,0.0
22.85,0.0,0.0,0.0
22.9,0.0,0.0,0.0
22.95,0.0,0.0,0.0
23.0,0.0,0.0,0.0
23.05,0.0,0.0,0.0
23.1,0.0,0.0,0.0
23.15,0.0,0.0,0.0
23.2,0.0,0.0,0.0
23.25,0.0,0.0,0.0
23.3,0.0,0.0,0.0
23.35,0.0,0.0,0.0
23.4,0.0,0.0,0.0
23.45,0.0,0.0,0.0
23.5,0.0,0.0,0.0
23.55,0.0,0.0,0.0
23.6,0.0,0.0,0.0
23.65,0.0,0.0,0.0
23.7,0.0,0.0,0.0
23.75,0.0,0.0,0.0
23.8,0.0,0.0,0.0
23.85,0.0,0.0,0.0
23.9,0.0,0.0,0.0
23.95,0.0,0.0,0.0
24.0,0.0,0.0,0.0
24.05,0.0,0.0,0.0
24.1,0.0,0.0,0.0
24.15,0.0,0.0,0.0
24.2,0.0,0.0,0.0
24.25,0.0,0.0,0.0
24.3,0.0,0.0,0.0
24.35,0.0,0.0,0.0
24.4,0.0,0.0,0.0
24.45,0.0,0.0,0.0
24.5,0.0,0.0,0.0
24.55,0.0,0.0,0.0
24.6,0.0,0.0,0.0
24.65,0.0,0.0,0.0
24.7,0.0,0.0,0.0
24.75,0.0,0.0,0.0
24.8,0.0,0.0,0.0
24.85,0.0,0.0,0.0
24.9,0.0,0.0,0.0
24.95,0.0,0.0,0.0
25.0,0.0,0.0,0.0
25.05,0.0,0.0,0.0
25.1,0.0,0.0,0.0
25.15,0.0,0.0,0.0
25.2,0.0,0.0,0.0
25.25,0.0,0.0,0.0
25.3,0.0,0.0,0.0
25.35,0.0,0.0,0.0
25.4,0.0,0.0,0.0
25.45,0.0,0.0,0.0
25.5,0.0,0.0,0.0
25.55,0.0,0.0,0.0
25.6,0.0,0.0,0.0
25.65,0.0,0.0,0.0
25.7,0.0,0.0,0.0
25.75,0.0,0.0,0.0
25.8,0.0,0.0,0.0
25.85,0.0,0.0,0.0
25.9,0.0,0.0,0.0
25.95,0.0,0.0,0.0
26.0,0.0,0.0,0.0
26.05,0.0,0.0,0.0
26.1,0.0,0.0,0.0
26.15,0.0,0.0,0.0
26.2,0.0,0.0,0.0
26.25,0.0,0.0,0.0
26.3,0.0,0.0,0.0
26.35,0.0,0.0,0.0
26.4,0.0,0.0,0.0
26.45,0.0,0.0,8.57139925941e-17
26.5,0.0,0.0,0.000115827957477
26.55,0.0,0.0,0.000205076448915
26.6,0.0,0.0,0.000273675486804
26.65,0.0,0.0,0.000326270718921
26.7,0.0,0.0,0.000366485834903
26.75,0.0,0.0,0.000397138107098
26.8,0.0,0.0,0.000535043154996
26.85,0.0,0.0,0.000640130562941
26.9,0.0,0.0,0.000719772648641
26.95,0.0,0.0,0.000779744973179
27.0,0.0,0.0,0.000824548612832
27.05,0.0,0.0,0.000857678636376
27.1,0.0,0.0,0.00099347962299
27.15,0.0,0.0,0.00109509850931
27.2,0.0,0.0,0.0011703232121
27.25,0.0,0.0,0.00133468773736
27.3,0.0,0.0,0.00145601347376
27.35,0.0,0.0,0.00165174873805
27.4,0.0,0.0,0.00190087447059
27.45,0.0,0.0,0.0020804580982
27.5,0.0,0.0,0.00220319607538
27.55,0.0,0.0,0.00228573998779
27.6,0.0,0.0,0.00233776981528
27.65,0.0,0.0,0.00236677788775
27.7,0.0,0.0,0.00237852841597
27.75,0.0,0.0,0.00247313296547
27.8,0.0,0.0,0.00252833319787
27.85,0.0,0.0,0.00265012951126
27.9,0.0,0.0,0.00272604165652
27.95,0.0,0.0,0.00276744386512
28.0,0.0,0.0,0.00278312227951
28.05,0.0,0.0,0.002779174649
28.1,0.0,0.0,0.00275823638264
28.15,0.0,0.0,0.00272769280071
28.2,0.0,0.0,0.00268984343522
28.25,0.0,0.0,0.0026445068721
28.3,0.0,0.0,0.00259603174085
28.35,0.0,0.0,0.00254274818418
28.4,0.0,0.0,0.00248645359453
28.45,0.0,0.0,0.00250515246496
28.5,0.0,0.0,0.00250387157225
28.55,0.0,0.0,0.0024880689154
28.6,0.0,0.0,0.00246188844396
28.65,0.0,0.0,0.00242845078147
28.7,0.0,0.0,0.00238960610446
28.75,0.0,0.0,0.00234514936189
28.8,0.0,0.0,0.00229863698089
28.85,0.0,0.0,0.00224909778941
28.9,0.0,0.0,0.00219983676587
28.95,0.0,0.0,0.00215129528606
29.0,0.0,0.0,0.00210378560703
29.05,0.0,0.0,0.00211770281736
29.1,0.0,0.0,0.00211617192895
29.15,0.0,0.0,0.00210341647059
29.2,0.0,0.0,0.00208264345768
29.25,0.0,0.0,0.00205627781255
29.3,0.0,0.0,0.00202613453109
29.35,0.0,0.0,0.00199357359682
29.4,0.0,0.0,0.0019592073737
29.45,0.0,0.0,0.00192220849108
29.5,0.0,0.0,0.00188529489764
29.55,0.0,0.0,0.00184882830558
29.6,0.0,0.0,0.00181306642419
29.65,0.0,0.0,0.00177818279056
29.7,0.0,0.0,0.00174429284181
29.75,0.0,0.0,0.00171147100526
29.8,0.0,0.0,0.00167975345029
29.85,0.0,0.0,0.00165038522823
29.9,0.0,0.0,0.00164022297465
29.95,0.0,0.0,0.00163700213673
30.0,0.0,0.0,0.00164138790211
30.05,0.0,0.0,0.00164998806455
30.1,0.0,0.0,0.00165034028928
30.15,0.0,0.0,0.00164464268102
30.2,0.0,0.0,0.00163457157733
30.25,0.0,0.0,0.00162139922497
30.3,0.0,0.0,0.00160608851228
30.35,0.0,0.0,0.00158936478686
30.4,0.0,0.0,0.00157176748481
30.45,0.0,0.0,0.00155370232339
30.5,0.0,0.0,0.00153546676884
30.55,0.0,0.0,0.00151728189049
30.6,0.0,0.0,0.00149930621635
30.65,0.0,0.0,0.00148165207019
30.7,0.0,0.0,0.0014643986519
30.75,0.0,0.0,0.00144759935806
30.8,0.0,0.0,0.00143220205035
30.85,0.0,0.0,0.00143399930089
30.9,0.0,0.0,0.00143023277579
30.95,0.0,0.0,0.00142204794213
31.0,0.0,0.0,0.00141034224808
31.05,0.0,0.0,0.00139589906101
31.1,0.0,0.0,0.00138075433484
31.15,0.0,0.0,0.00136523447995
31.2,0.0,0.0,0.00134958163091
31.25,0.0,0.0,0.0013339731378
31.3,0.0,0.0,0.00131853725463
31.35,0.0,0.0,0.00130336705423
31.4,0.0,0.0,0.00128852514252
31.45,0.0,0.0,0.00127405467272
31.5,0.0,0.0,0.00125998076148
31.55,0.0,0.0,0.00124730914791
31.6,0.0,0.0,0.00124683282085
31.65,0.0,0.0,0.00124370060574
31.7,0.0,0.0,0.0012386270892
31.75,0.0,0.0,0.00123215776294
31.8,0.0,0.0,0.00122459549054
31.85,0.0,0.0,0.00121497258538
31.9,0.0,0.0,0.00120499744028
31.95,0.0,0.0,0.00119484050268
32.0,0.0,0.0,0.00118462835619
32.05,0.0,0.0,0.00117445522117
32.1,0.0,0.0,0.00116438705747
32.15,0.0,0.0,0.00115447151238
32.2,0.0,0.0,0.00114474231676
32.25,0.0,0.0,0.00113522212797
32.3,0.0,0.0,0.00112592527059
32.35,0.0,0.0,0.00111686282566
32.4,0.0,0.0,0.00110803630017
32.45,0.0,0.0,0.00109944567315
32.5,0.0,0.0,0.00109108842846
32.55,0.0,0.0,0.00108287756753
32.6,0.0,0.0,0.00107350487815
32.65,0.0,0.0,0.00106440451374
32.7,0.0,0.0,0.00105556322812
32.75,0.0,0.0,0.00104696847507
32.8,0.0,0.0,0.00103860836881
32.85,0.0,0.0,0.00103047439574
32.9,0.0,0.0,0.00102255412022
32.95,0.0,0.0,0.00101483739227
33.0,0.0,0.0,0.00100731458738
33.05,0.0,0.0,0.000999977489561
33.1,0.0,0.0,0.000992817476661
33.15,0.0,0.0,0.000985824229837
33.2,0.0,0.0,0.000978989998236
33.25,0.0,0.0,0.000972307425753
33.3,0.0,0.0,0.000965769529646
33.35,0.0,0.0,0.000959372239543
33.4,0.0,0.0,0.000953107631402
33.45,0.0,0.0,0.000946969700809
33.5,0.0,0.0,0.000940952742972
33.55,0.0,0.0,0.000935052189647
33.6,0.0,0.0,0.000929262926817
33.65,0.0,0.0,0.000923578089985
33.7,0.0,0.0,0.000917993060345
33.75,0.0,0.0,0.000912503446761
33.8,0.0,0.0,0.000907105073902
33.85,0.0,0.0,0.000901796376621
33.9,0.0,0.0,0.000896572055193
33.95,0.0,0.0,0.000891428495831
34.0,0.0,0.0,0.000886362259181
34.05,0.0,0.0,0.000881370875291
34.1,0.0,0.0,0.000876451266307
34.15,0.0,0.0,0.000871598611283
34.2,0.0,0.0,0.000866810116578
34.25,0.0,0.0,0.000862083122573
34.3,0.0,0.0,0.000857415096948
34.35,0.0,0.0,0.000852805903213
34.4,0.0,0.0,0.000848251810294
34.45,0.0,0.0,0.000843750612897
34.5,0.0,0.0,0.000839300209167
34.55,0.0,0.0,0.000834899357093
34.6,0.0,0.0,0.00083054618544
34.65,0.0,0.0,0.000826237118144
34.7,0.0,0.0,0.000821970447091
34.75,0.0,0.0,0.000817744544529
34.8,0.0,0.0,0.000813557859183
34.85,0.0,0.0,0.000809411071694
34.9,0.0,0.0,0.000805301415418
34.95,0.0,0.0,0.000801227531382
35.0,0.0,0.0,0.000797188122917
35.05,0.0,0.0,0.000793182676153
35.1,0.0,0.0,0.000789210048482
35.15,0.0,0.0,0.000785267446302
35.2,0.0,0.0,0.000781353819175
35.25,0.0,0.0,0.000777468165635
35.3,0.0,0.0,0.000773609530892
35.35,0.0,0.0,0.00076977905807
35.4,0.0,0.0,0.000765974591442
35.45,0.0,0.0,0.000762195289646
35.5,0.0,0.0,0.000758440349301
35.55,0.0,0.0,0.000754709691628
35.6,0.0,0.0,0.000751002621391
35.65,0.0,0.0,0.00074731685386
35.7,0.0,0.0,0.000743651743608
35.75,0.0,0.0,0.000740006675454
35.8,-1.60520858362e-14,-2.96419019338e-15,0.000736381063079
35.85,-0.00593466718597,-6.87300180415e-05,0.000732776302428
35.9,-0.0114796705641,-0.000138315855907,0.000743246507149
35.95,-0.0166343529121,-0.000209424729307,0.000766179636343
36.0,-0.0214070904538,-0.000282871865702,0.000800052759078
36.05,-0.0258062107053,-0.000359853622292,0.000843448414146
36.1,-0.0298440935629,-0.000440455885605,0.000895048080997
36.15,-0.0335349688155,-0.000525964736006,0.000953630971624
36.2,-0.0368932865889,-0.000616806113331,0.00101807920658
36.25,-0.0399367734434,-0.000713382145022,0.00108736794851
36.3,-0.0426805437906,-0.000816743069334,0.00116056721545
36.35,-0.0451438071824,-0.000926738072558,0.00123683549444
36.4,-0.0473420234386,-0.00104434533905,0.0013154126432
36.45,-0.0492938045702,-0.00116995454472,0.00139561737219
36.5,-0.0510149259945,-0.00130354395343,0.00147684259269
36.55,-0.0525222466378,-0.00144609333277,0.00155855087148
36.6,-0.053831296737,-0.00159723599297,0.00164026836752
36.65,-0.054957008413,-0.00175765653727,0.00172157417548
36.7,-0.0559141609701,-0.00192765441771,0.00180210489271
36.75,-0.0567157162391,-0.00210673546805,0.00188154723949
36.8,-0.0559231609716,-0.00218510413293,0.00195962999183
36.85,-0.0546349348975,-0.00226212264906,0.00203311404705
36.9,-0.0533985874842,-0.00233748411396,0.00210122271267
36.95,-0.0522114009972,-0.002411044316,0.00216426679175
37.0,-0.0510708396242,-0.00248283386891,0.0022225359346
37.05,-0.0499745331074,-0.00255270511872,0.00227630262655
37.1,-0.0489202325988,-0.00262064889111,0.00232582359968
37.15,-0.0479058195016,-0.00268664791329,0.00237133534793
37.2,-0.046929297024,-0.00275067742114,0.00241306493967
37.25,-0.0459887830585,-0.00281270568174,0.00245122618542
37.3,-0.0450825031578,-0.00287270942794,0.00248602044756
37.35,-0.0442087977017,-0.00293080407088,0.00251764245916
37.4,-0.0433660711536,-0.00298686687743,0.00254626910861
37.45,-0.0425528460312,-0.00304100348342,0.00257206743547
37.5,-0.0417676998408,-0.00309323622033,0.00259519823821
37.55,-0.0410093135252,-0.003143559679,0.00261581259607
37.6,-0.0402764285194,-0.00319201953465,0.00263405249856
37.65,-0.0395678547754,-0.0032386556241,0.00265004624004
37.7,-0.0388824663339,-0.00328350248383,0.00266392014174
37.75,-0.0382191979649,-0.00332658974477,0.00267579350689
37.8,-0.0375770416297,-0.00336803644839,0.00268577902941
37.85,-0.040943860773,-0.0035943452671,0.00269398945979
37.9,-0.0439612204594,-0.00383291409307,0.00270724996124
37.95,-0.04664306309,-0.00408312750657,0.00272477867812
38.0,-0.04900823326,-0.00434480091278,0.00274585571597
38.05,-0.0510743485564,-0.0046189911716,0.00276983051368
38.1,-0.0528605177096,-0.00490358317987,0.0027961154499
38.15,-0.0543859976769,-0.00519991971397,0.00282417180292
38.2,-0.0556691348569,-0.00550699815448,0.00285352343289
38.25,-0.0567293406542,-0.00582363976805,0.00288375001428
38.3,-0.0575834384143,-0.00615052372354,0.0029144784446
38.35,-0.0582499353302,-0.00648519896487,0.00294539228994
38.4,-0.0587442407474,-0.00682812901285,0.00297619856377
38.45,-0.0590829530715,-0.00717820557775,0.00300665125304
38.5,-0.0592801558322,-0.00753348398547,0.0030365416566
38.55,-0.059349994165,-0.00789469511068,0.00306569526892
38.6,-0.0593050471279,-0.00825918481705,0.0030939729824
38.65,-0.0591570646539,-0.0086269482946,0.00312125068442
38.7,-0.0589170110077,-0.00899723164241,0.00314744517195
38.75,-0.0585940896867,-0.00936763942356,0.00317250423965
38.8,-0.0573134399638,-0.00949706169773,0.00319640488319
38.85,-0.0557667761897,-0.00961533872776,0.00321766820324
38.9,-0.0542879090144,-0.0097236519593,0.0032361233248
38.95,-0.0528703515717,-0.0098229246586,0.00325208347968
39.0,-0.0515074247652,-0.0099139577361,0.00326587212602
39.05,-0.0501920303766,-0.00999751137483,0.00327783725285
39.1,-0.0489166602797,-0.0100745474083,0.00328834526959
39.15,-0.0476732079426,-0.0101457020968,0.00329778600494
39.2,-0.0464526317899,-0.0102118223327,0.00330660356534
39.25,-0.0452447263436,-0.0102734428268,0.00331530102529
39.3,-0.0440374470012,-0.0103312235519,0.00332447425151
39.35,-0.0428161583664,-0.0103854649686,0.00333485853832
39.4,-0.041562116556,-0.0104362799346,0.0033473816368
39.45,-0.0402502054183,-0.0104833135101,0.00336329691402
39.5,-0.0388448123953,-0.0105251514236,0.00338438493021
39.55,-0.0372923054435,-0.0105583699121,0.00341333408916
39.6,-0.0355062319559,-0.0105747565091,0.00345447759768
39.65,-0.0333359568478,-0.0105538679526,0.00351536276924
39.7,-0.0304931561257,-0.0104397324522,0.00361045509475
39.75,-0.0263596447876,-0.0100545612677,0.00377077790199
39.8,-0.0194308875352,-0.00871005006019,0.00407185256514
39.85,-0.00582823075805,-0.00331851017967,0.00470844813281
39.9,0.0196661424124,0.0140638307951,0.00594289805052
39.95,0.0440561096492,0.0340901136557,0.00712357330696
40.0,0.0540680423588,0.0427375563031,0.00758360601476
40.05,0.0563620961676,0.0450663785514,0.00765665235323
40.1,0.0560208956819,0.0452128884298,0.00759770329023
40.15,0.0545917875616,0.0444333409779,0.00748438625386
40.2,0.0524339584328,0.0430091311188,0.00733469532641
40.25,0.0495982315724,0.0409649412048,0.00715113186335
40.3,0.0460767950859,0.0382750121892,0.00693324815479
40.35,0.0418775014714,0.034927208963,0.00668140329483
40.4,0.0370469184132,0.0309463583839,0.00639787950291
40.45,0.031674160756,0.0264039995781,0.00608712209258
40.5,0.0258848263577,0.0214221746544,0.00575542714326
40.55,0.0198288042582,0.0161738216889,0.00541033525941
40.6,0.0136656151038,0.0108791515767,0.00505988339866
40.65,0.00755209172371,0.00579536987608,0.00471197845607
40.7,0.00164438859037,0.00119882891405,0.00437452101845
40.75,-0.00390159687606,-0.00266219226127,0.00405541451803
40.8,-0.00901049097347,-0.00567398551266,0.00375850064528
40.85,-0.0137831968855,-0.00789153011561,0.00347871075212
40.9,-0.0184253914025,-0.00940972038831,0.003205633911
40.95,-0.023105870679,-0.0102655173289,0.00293071637741
41.0,-0.0278435293939,-0.0104696034928,0.00265299316202
41.05,-0.0324475589662,-0.0101164900111,0.00238214489227
41.1,-0.0365949035381,-0.00943271548072,0.00213458558179
41.15,-0.0400356116071,-0.00866953643764,0.0019230432599
41.2,-0.0427053384364,-0.00798144000601,0.00175084056297
41.25,-0.0446734882844,-0.00742132061917,0.00161450335929
41.3,-0.0460548301759,-0.00698842152637,0.00150824173986
41.35,-0.0469623894944,-0.00666464619913,0.00142634667913
41.4,-0.0474922543674,-0.00642932639476,0.00136395396778
41.45,-0.0477228190123,-0.00626460369929,0.00131709411844
41.5,-0.0477170553358,-0.0061557177275,0.00128257615189
41.55,-0.0475253415666,-0.006091181045,0.0012578463815
41.6,-0.0471879960216,-0.00606209195531,0.00124085842473
41.65,-0.0467373372707,-0.00606117273264,0.00122996772812
41.7,-0.0461992854041,-0.00608281660704,0.00122385604019
41.75,-0.0455946754864,-0.00612267532215,0.00122146241
41.8,-0.0449402576658,-0.00617697819435,0.00122193269196
41.85,-0.0442497508748,-0.00624298372293,0.00122458073572
41.9,-0.0435337758264,-0.00631803145738,0.00122884941899
41.95,-0.0428011092887,-0.00640039769256,0.0012342886519
42.0,-0.0420587729737,-0.0064882396026,0.00124053741789
42.05,-0.0413124242755,-0.00658020573033,0.00124730509827
42.1,-0.0405665930491,-0.00667514300396,0.00125435733534
42.15,-0.0398248913275,-0.00677207217268,0.00126150370152
42.2,-0.0390901825916,-0.00687016484576,0.00126859445392
42.25,-0.0383647193193,-0.00696872252038,0.00127551096817
42.3,-0.0376502546294,-0.00706715795168,0.00128216007848
42.35,-0.0369481332836,-0.0071649787945,0.0012884728988
42.4,-0.0362593662931,-0.00726177331774,0.00129439212958
42.45,-0.0355846914126,-0.00735719826724,0.0012998765144
42.5,-0.0349246232678,-0.00745096832516,0.00130489622976
42.55,-0.034279494429,-0.00754284716374,0.00130943199114
42.6,-0.0336494893024,-0.00763263982815,0.00131347104925
42.65,-0.0330346719114,-0.00772018634085,0.00131700400192
42.7,-0.0324350086826,-0.00780535635313,0.00132002922852
42.75,-0.0318503876051,-0.0078881857914,0.00132254918257
42.8,-0.0312806489115,-0.0079685151414,0.00132456881669
42.85,-0.0307257026167,-0.00804624335984,0.00132610098747
42.9,-0.030185123835,-0.00812145698938,0.00132715408493
42.95,-0.0296586317368,-0.00819415551564,0.00132773947057
43.0,-0.0291458910572,-0.00826419825815,0.00132787136706
43.05,-0.0286465805764,-0.00833185814233,0.00132756452947
43.1,-0.0281603349972,-0.00839689057173,0.00132683493027
43.15,-0.0276868110282,-0.0084595748824,0.00132569457414
43.2,-0.0272256310009,-0.00851980015731,0.00132416008183
43.25,-0.0267764413641,-0.00857761159332,0.00132224688029
43.3,-0.0263388646068,-0.00863325542881,0.00131997169537
43.35,-0.0259125448818,-0.00868660757194,0.00131735369891
43.4,-0.0254971199861,-0.0087377668687,0.00131440679774
43.45,-0.0250922312251,-0.00878680574234,0.00131114690598
43.5,-0.0246975248535,-0.00883390234658,0.00130758973088
43.55,-0.0243126431638,-0.00887902750132,0.0013037524252
43.6,-0.0239372537465,-0.00892225369034,0.00129964977137
43.65,-0.0235710218034,-0.00896365918873,0.00129529391111
43.7,-0.0232136195273,-0.00900332000787,0.00129069940978
43.75,-0.022864726572,-0.00904130983475,0.0012858804945
43.8,-0.0225240302804,-0.00907770005086,0.0012808510411
43.85,-0.0221913367437,-0.00911255977414,0.00127562796739
43.9,-0.0218662338411,-0.00914595623319,0.0012702223886
43.95,-0.0215484329577,-0.0091779541693,0.00126464706635
44.0,-0.021237653443,-0.0092086508939,0.00125891438821
44.05,-0.0209336275093,-0.00923813524072,0.00125303725335
44.1,-0.020636083988,-0.00926641490079,0.00124702771184
44.15,-0.0203447656926,-0.0092935460091,0.00124089442737
44.2,-0.0200594228379,-0.00931958316528,0.00123464835218
44.25,-0.0197798129772,-0.00934462557641,0.00122830009485
44.3,-0.0195057045904,-0.00936878203394,0.00122185973095
44.35,-0.0192368636007,-0.00939200664407,0.00121534075087
44.4,-0.0189730681933,-0.00941435542549,0.00120875080285
44.45,-0.0187141025448,-0.00943599538806,0.00120209924195
44.5,-0.0184597591576,-0.00945690305503,0.00119539501993
44.55,-0.0182098290583,-0.00947707135145,0.0011886482836
44.6,-0.01796411267,-0.00949665236017,0.00118186770445
44.65,-0.0177224171349,-0.00951566363866,0.00117505908121
44.7,-0.0174845467965,-0.00953407003831,0.00116823089527
44.75,-0.0172503135176,-0.00955205509593,0.00116139126587
44.8,-0.0170195335039,-0.00956957545416,0.0011545481164
44.85,-0.0167921033089,-0.00958662178076,0.00114771265252
44.9,-0.0165677546042,-0.00960344371939,0.0011408908842
44.95,-0.0163463036019,-0.00961987902042,0.00113409082234
45.0,-0.0161275652262,-0.00963603667453,0.00112732057582
45.05,-0.0159113562091,-0.00965201695939,0.00112058921026
45.1,-0.0156974838364,-0.00966774027908,0.00111390536335
45.15,-0.0154857543409,-0.00968337732477,0.00110727535535
45.2,-0.0152759686399,-0.0096989081924,0.00110070817936
45.25,-0.015067913994,-0.00971432459359,0.0010942135844
45.3,-0.0148613694694,-0.00972982564669,0.00108780178781
45.35,-0.0146561011179,-0.00974533091747,0.00108148661641
45.4,-0.0144518529319,-0.00976088086704,0.00107527844016
45.45,-0.0142483491502,-0.00977664732484,0.00106919048391
45.5,-0.0140452878124,-0.00979259824739,0.00106323740229
45.55,-0.0138423276216,-0.00980877610548,0.00105743694543
45.6,-0.0136390867593,-0.00982525314609,0.00105180816125
45.65,-0.0134351288907,-0.00984216751928,0.00104637077541
45.7,-0.0132299511995,-0.00985953029595,0.00104115033122
45.75,-0.0130229582011,-0.00987740625789,0.00103617736671
45.8,-0.0128134448798,-0.00989587504623,0.00103148832442
45.85,-0.0126006228842,-0.00991501276292,0.00102713026435
45.9,-0.0123833825167,-0.00993488860812,0.00102315622434
45.95,-0.0121604214831,-0.00995556656644,0.00101963478027
46.0,-0.0119300817998,-0.00997715458692,0.00101665362908
46.05,-0.0116902223384,-0.00999950575117,0.00101432736345
46.1,-0.0114380013893,-0.010022623142,0.00101280736745
46.15,-0.0111695492087,-0.0100461393559,0.00101229806588
46.2,-0.0108794525226,-0.0100694087467,0.00101308892846
46.25,-0.0105598643148,-0.0100910757557,0.00101560014979
46.3,-0.0101989274537,-0.0101081969133,0.00102046730785
46.35,-0.00977783234385,-0.010114484235,0.00102870213354
46.4,-0.00926484133551,-0.0100954822695,0.00104200638713
46.45,-0.00860218435876,-0.0100149576764,0.00106348172205
46.5,-0.00767430642413,-0.00976964053135,0.00109933370923
46.55,-0.00622263697443,-0.00901212906594,0.00116345194963
46.6,-0.00361023356737,-0.00634570758091,0.00129005712567
46.65,0.00151609732589,0.00340432396791,0.00155189015064
46.7,0.00876898299587,0.0228154936395,0.00192834528123
46.75,0.0135045745032,0.0366114901129,0.00217002308857
46.8,0.0151499009195,0.0417162452062,0.00224591083011
46.85,0.0154274274805,0.0429251706272,0.00224842120808
46.9,0.0151613149496,0.0425583610017,0.00222180193829
46.95,0.0146010046248,0.0413097673715,0.00217944054091
47.0,0.0138105858458,0.0393446080844,0.00212476518226
47.05,0.0128059677799,0.0366889572417,0.00205861569009
47.1,0.0115976653513,0.0333542898705,0.00198154071266
47.15,0.0102041057127,0.0293801443672,0.0018945127213
47.2,0.0086547570057,0.024850199109,0.00179910669702
47.25,0.00698879505893,0.0198979648166,0.00169742515266
47.3,0.0052515748407,0.0147081932392,0.00159190875574
47.35,0.0034903053569,0.00951308794073,0.00148510727446
47.4,0.00175083561356,0.00458108287054,0.00137949497706
47.45,7.87950751494e-05,0.000194827354167,0.0012775419583
47.5,-0.00148300637563,-0.00341035458723,0.00118157059771
47.55,-0.00292423200646,-0.00615919791811,0.00109214976203
47.6,-0.0042865897171,-0.00812723030146,0.00100702747785
47.65,-0.00563236700572,-0.00939391490537,0.000922829258436
47.7,-0.00700237599014,-0.00997782094819,0.000837341446849
47.75,-0.0083839622411,-0.00990819362049,0.000751248228749
47.8,-0.00970284266667,-0.00934042348395,0.000668582184886
47.85,-0.0108654513941,-0.00854272459582,0.000594436262914
47.9,-0.0118188834689,-0.00774472329769,0.000531694757852
47.95,-0.012562590896,-0.00705621499617,0.000480403501509
48.0,-0.0131233091467,-0.00650064337198,0.000439123730128
48.05,-0.0135335785517,-0.00606530438024,0.00040609814972
48.1,-0.0138227954282,-0.00572896391926,0.000379736816852
48.15,-0.0140154449915,-0.00547093946983,0.00035871351988
48.2,-0.0141312797971,-0.0052745226143,0.000341958342074
48.25,-0.0141861429282,-0.00512607857395,0.000328612484972
48.3,-0.0141926819001,-0.00501545324561,0.000317989839312
48.35,-0.0141609910607,-0.0049344803868,0.000309543168469
48.4,-0.0140991440281,-0.00487703497007,0.000302833176418
48.45,-0.0140135956306,-0.00483829226323,0.000297508716386
48.5,-0.0139095108052,-0.00481441404037,0.000293288491097
48.55,-0.013791030938,-0.0048025955508,0.000289946918577
48.6,-0.0136614791243,-0.00480032682654,0.000287302519314
48.65,-0.0135235240334,-0.00480574101791,0.000285208685919
48.7,-0.0133793105527,-0.00481736829467,0.00028354783899
48.75,-0.0132305616907,-0.00483402047814,0.00028222529887
48.8,-0.0130786644501,-0.00485456313315,0.000281164633544
48.85,-0.0129247959641,-0.00487835934327,0.000280305075084
48.9,-0.01276978512,-0.00490464462607,0.000279596476551
48.95,-0.0126143466307,-0.00493284217648,0.000278998964485
49.0,-0.0124590535889,-0.0049626258593,0.000278480377454
49.05,-0.0123043644991,-0.00499359067552,0.000278015052241
49.1,-0.0121506396126,-0.00502537613342,0.000277582452966
49.15,-0.0119981651412,-0.00505773837688,0.000277165484151
49.2,-0.0118471652761,-0.00509047375512,0.000276751023212
49.25,-0.0116978138848,-0.00512352128244,0.000276328701711
49.3,-0.0115502457224,-0.00515664904542,0.000275890294207
49.35,-0.0114045583905,-0.00518972224333,0.000275430350308
49.4,-0.0112608249037,-0.00522264267724,0.000274943591074
49.45,-0.0111190964765,-0.00525533560957,0.000274426385234
49.5,-0.0109794066562,-0.00528782920219,0.000273876076861
49.55,-0.0108417763769,-0.00532000966453,0.000273290957734
49.6,-0.0107062112352,-0.00535178710806,0.000272669939759
49.65,-0.0105727098284,-0.00538312022848,0.000272011735808
49.7,-0.0104412633509,-0.00541404353709,0.000271316047338
49.75,-0.0103118586886,-0.00544457406724,0.000270582820861
49.8,-0.0101844741855,-0.00547457993978,0.000269812483098
49.85,-0.0100591371036,-0.00550403896214,0.000269006261161
49.9,-0.00993576989054,-0.00553310151738,0.000268164400604
49.95,-0.00981434566996,-0.00556163603916,0.000267287642573
50.0,-0.00969483298732,-0.00558958395069,0.000266376989931
50.05,-0.00957720110773,-0.00561709338579,0.000265433655695
50.1,-0.00946141948691,-0.00564408182362,0.000264458625168
50.15,-0.00934745421252,-0.00567045865634,0.000263452506716
50.2,-0.00923527296693,-0.00569644837445,0.000262416386243
50.25,-0.0091248440069,-0.00572185327565,0.000261351326289
50.3,-0.00901613343911,-0.00574671836346,0.000260258517617
50.35,-0.00890911020799,-0.00577115534533,0.00025913969284
50.4,-0.00880374050805,-0.00579495852493,0.000257995631129
50.45,-0.00869999294582,-0.00581841583228,0.00025682740784
50.5,-0.00859783688205,-0.00584126335222,0.000255636063924
50.55,-0.00849724051094,-0.00586369686981,0.000254422945084
50.6,-0.00839817437207,-0.00588558807223,0.000253189057175
50.65,-0.00830060761616,-0.00590703203966,0.00025193494396
50.7,-0.00820451195194,-0.00592797577876,0.000250661549197
50.75,-0.00810985763497,-0.00594847030953,0.000249369905658
50.8,-0.00801661751313,-0.00596847511517,0.000248060908894
50.85,-0.00792480268598,-0.00598805889653,0.000246736195892
50.9,-0.00783434642031,-0.00600713275741,0.000245396218049
50.95,-0.00774522156968,-0.00602584883142,0.00024404189196
51.0,-0.00765740304896,-0.00604400891471,0.000242674025476
51.05,-0.00757086508493,-0.00606189110655,0.000241293691736
51.1,-0.00748558349649,-0.00607921332557,0.000239901675178
51.15,-0.00740153454821,-0.00609620998594,0.000238498223738
51.2,-0.00731869362806,-0.00611274992761,0.000237084149264
51.25,-0.00723703866092,-0.00612884321007,0.0002356601279
51.3,-0.00715654651035,-0.00614463122023,0.000234226902058
51.35,-0.00707719572018,-0.00615991670263,0.000232785747229
51.4,-0.00699896510364,-0.00617488825715,0.000231336925829
51.45,-0.00692183280953,-0.00618947006068,0.000229881124765
51.5,-0.00684577906768,-0.00620358150851,0.000228418919616
51.55,-0.00677078408482,-0.0062174544986,0.000226951099972
51.6,-0.00669682734648,-0.00623090617417,0.000225478307592
51.65,-0.00662389052116,-0.00624391712481,0.000224000580316
51.7,-0.00655195511854,-0.0062567108151,0.000222518448818
51.75,-0.00648100198644,-0.0062691018697,0.000221032487032
51.8,-0.0064110139976,-0.00628107950531,0.000219543160336
51.85,-0.00634200557265,-0.00629280961312,0.000218051529691
51.9,-0.00627392647441,-0.00630420364304,0.000216557751564
51.95,-0.00620676060215,-0.00631520950293,0.000215062248054
52.0,-0.00614049183341,-0.00632589883761,0.000213565447498
52.05,-0.00607510380117,-0.0063363643734,0.000212067990512
52.1,-0.00601058122509,-0.00634646495777,0.000210570279308
52.15,-0.00594690903298,-0.00635620942731,0.0002090722551
52.2,-0.00588407247053,-0.00636569258117,0.00020757429314
52.25,-0.00582205651755,-0.00637492850421,0.000206076788879
52.3,-0.00576084726475,-0.00638382900286,0.000204580079761
52.35,-0.00570043090661,-0.00639240203735,0.000203085044017
52.4,-0.00564079393615,-0.00640070196218,0.000201591670135
52.45,-0.00558192269038,-0.00640880619773,0.000200100293269
52.5,-0.00552380434177,-0.00641660923903,0.00019861120549
52.55,-0.00546642622223,-0.00642411055552,0.000197124873956
52.6,-0.00540977594741,-0.00643131711348,0.000195641584739
52.65,-0.00535384139189,-0.00643831695298,0.00019416119176
52.7,-0.00529861023282,-0.00644509376694,0.000192683980352
52.75,-0.00524407102867,-0.00645159190434,0.000191210190096
52.8,-0.00519021240881,-0.00645781766366,0.000189740060927
52.85,-0.00513704891004,-0.00646377717164,0.000188274325968
52.9,-0.00508454335792,-0.00646949351861,0.00018681289798
52.95,-0.00503268482023,-0.00647505890662,0.000185356002431
53.0,-0.00498146289775,-0.00648037213865,0.000183903838209
53.05,-0.00493086736979,-0.00648543875278,0.000182456764251
53.1,-0.00488088822475,-0.00649026413569,0.000181014974474
53.15,-0.00483151565388,-0.00649485353026,0.000179578264937
53.2,-0.00478274004286,-0.00649921204738,0.000178146809381
53.25,-0.00473455197103,-0.00650340881187,0.000176720774392
53.3,-0.00468694191739,-0.00650741687777,0.000175300336217
53.35,-0.00463990096678,-0.00651120560468,0.000173886104057
53.4,-0.00459342026879,-0.00651477962407,0.000172477934883
53.45,-0.00454749114611,-0.00651814345233,0.000171075965026
53.5,-0.00450210509314,-0.00652130861643,0.00016968032438
53.55,-0.00445725375972,-0.0065242758797,0.000168291290809
53.6,-0.00441292896757,-0.006527045866,0.000166908990845
53.65,-0.00436912270491,-0.00652965027057,0.000165533185268
53.7,-0.0043258269468,-0.00653210994573,0.000164163994232
53.75,-0.00428303404483,-0.00653438161511,0.000162801519715
53.8,-0.00424073645207,-0.0065364690867,0.000161445861303
53.85,-0.00419894775173,-0.00653837607269,0.000160097540661
53.9,-0.00415763923664,-0.00654010626533,0.000158756383433
53.95,-0.00411680379822,-0.00654166318774,0.0001574224717
54.0,-0.00407643446368,-0.00654306081691,0.000156095882742
54.05,-0.00403652437647,-0.00654429234336,0.00015477683132
54.1,-0.00399706682753,-0.00654536070329,0.000153465393368
54.15,-0.00395805523516,-0.00654626908068,0.00015216130994
54.2,-0.00391948313921,-0.00654702058803,0.000150864644854
54.25,-0.00388134420083,-0.00654761826218,0.000149575458014
54.3,-0.00384363215791,-0.00654810525508,0.000148293807964
54.35,-0.00380634087398,-0.00654844317726,0.000147020141192
54.4,-0.00376946438489,-0.00654863379537,0.000145754260656
54.45,-0.00373299681689,-0.00654867989329,0.000144496208739
54.5,-0.00369693240436,-0.00654858418902,0.000143246024269
54.55,-0.00366126548744,-0.00654834933659,0.000142003872157
54.6,-0.00362599051062,-0.00654797792535,0.00014076979154
54.65,-0.00359110201957,-0.00654747248415,0.000139543515261
54.7,-0.00355659465682,-0.00654683548886,0.000138325073093
54.75,-0.00352246316176,-0.00654606935824,0.000137114491964
54.8,-0.00348870236854,-0.00654517645548,0.000135911796036
54.85,-0.00345532447212,-0.00654415908979,0.000134717366163
54.9,-0.00342230685412,-0.00654301957757,0.000133530998358
54.95,-0.00338964462876,-0.00654176012,0.000132352706369
55.0,-0.00335733299686,-0.00654038676764,0.000131182501326
55.05,-0.00332536723891,-0.00653890456478,0.000130020510716
55.1,-0.00329374271555,-0.00653730876951,0.000128866747618
55.15,-0.00326245487765,-0.00653560139,0.000127720944822
55.2,-0.00323149925372,-0.00653378439548,0.000126583107607
55.25,-0.00320087145002,-0.00653185971213,0.0001254532392
55.3,-0.00317056714894,-0.00652982922424,0.000124331340842
55.35,-0.00314058210735,-0.00652769477541,0.000123217740543
55.4,-0.00311091215704,-0.00652545816331,0.000122112230561
55.45,-0.00308155319985,-0.00652312115105,0.000121014804165
55.5,-0.00305250120743,-0.00652069268603,0.000119925452718
55.55,-0.00302375221129,-0.00651817087335,0.000118844274645
55.6,-0.0029953023151,-0.00651555376694,0.000117771263754
55.65,-0.00296714769242,-0.00651284298323,0.000116706158411
55.7,-0.00293928457952,-0.00651004010989,0.000115648946523
55.75,-0.00291170927553,-0.00650714670188,0.000114599614542
55.8,-0.00288441814115,-0.00650416428234,0.000113558147524
55.85,-0.00285742187743,-0.00650109434343,0.000112524829338
55.9,-0.00283070238899,-0.00649793839614,0.000111499455827
55.95,-0.00280425621965,-0.00649469786949,0.000110482005855
56.0,-0.00277807996974,-0.00649137416399,0.000109472456923
56.05,-0.00275217029493,-0.00648796865241,0.000108470884164
56.1,-0.00272652390563,-0.0064844826786,0.000107477267792
56.15,-0.00270113756535,-0.00648091756,0.00010649135552
56.2,-0.00267600808847,-0.00647727459279,0.000105513123181
56.25,-0.00265113234038,-0.0064735550481,0.000104542545611
56.3,-0.00262650723646,-0.00646976017268,0.000103579596694
56.35,-0.00260212974111,-0.00646589118948,0.000102624523149
56.4,-0.00257799686809,-0.00646194929309,0.000101677125993
56.45,-0.00255410567734,-0.00645793565881,0.00010073737439
56.5,-0.00253045327484,-0.00645385208114,9.98052365558e-05
56.55,-0.00250703681115,-0.00644970898758,9.88807700196e-05
56.6,-0.00248385347258,-0.00644551918305,9.79639465652e-05
56.65,-0.00246090044607,-0.00644127421027,9.70545288835e-05
56.7,-0.00243817503422,-0.00643696423597,9.61524835022e-05
56.75,-0.00241567456015,-0.00643259029916,9.52577775532e-05
56.8,-0.00239339638796,-0.00642815342019,9.43703775436e-05
56.85,-0.00237134977277,-0.00642365460125,9.34904987736e-05
56.9,-0.00234952006765,-0.00641909486704,9.26179513333e-05
56.95,-0.00232790475933,-0.00641447518179,9.17526980748e-05
57.0,-0.00230650137233,-0.00640980036467,9.08947012081e-05
57.05,-0.00228530746474,-0.00640507425929,9.00440046692e-05
57.1,-0.00226432062896,-0.00640029102624,8.92005741609e-05
57.15,-0.00224353849915,-0.00639545156275,8.83641825465e-05
57.2,-0.00222295874358,-0.00639055675439,8.75347925248e-05
57.25,-0.00220257906485,-0.00638560747182,8.6712366398e-05
57.3,-0.00218239719918,-0.00638060457114,8.58968660933e-05
57.35,-0.00216241091581,-0.00637554889421,8.50884801607e-05
57.4,-0.00214261801732,-0.00637044126468,8.42870279133e-05
57.45,-0.00212301633744,-0.00636529705699,8.34924685171e-05
57.5,-0.00210360368983,-0.00636013650955,8.27047637951e-05
57.55,-0.00208437798295,-0.00635492734252,8.1923946074e-05
57.6,-0.00206533714339,-0.00634967031757,8.11499772495e-05
57.65,-0.0020464791272,-0.00634436618417,8.03826442914e-05
57.7,-0.00202780191867,-0.00633901568315,7.96219070533e-05
57.75,-0.00200930353054,-0.00633361954371,7.88677251808e-05
57.8,-0.00199098200338,-0.00632817848367,7.81200581276e-05
57.85,-0.00197284526457,-0.00632269320973,7.73790715827e-05
57.9,-0.00195488135357,-0.00631716445119,7.66445960107e-05
57.95,-0.00193708839518,-0.0063115928909,7.59165887422e-05
58.0,-0.00191946454002,-0.00630597920138,7.51950068734e-05
58.05,-0.00190200796409,-0.00630033187044,7.44798752194e-05
58.1,-0.0018847168629,-0.00629464624737,7.3771154363e-05
58.15,-0.0018675894605,-0.00628897530786,7.30686457587e-05
58.2,-0.00185062392623,-0.0062832678265,7.23723128789e-05
58.25,-0.00183381857429,-0.00627752225031,7.16821118286e-05
58.3,-0.00181717170194,-0.00627173918632,7.09980010737e-05
58.35,-0.00180068162923,-0.00626591923279,7.03201266165e-05
58.4,-0.00178434669923,-0.00626006297584,6.96483294979e-05
58.45,-0.00176816527661,-0.00625417099542,6.8982566603e-05
58.5,-0.00175213574764,-0.00624824449222,6.83227947104e-05
58.55,-0.00173625651938,-0.00624229314543,6.76690322553e-05
58.6,-0.00172052601397,-0.00623630779137,6.7021239459e-05
58.65,-0.00170494268072,-0.00623028897656,6.63792319019e-05
58.7,-0.00168950498861,-0.0062242562084,6.57429681877e-05
58.75,-0.00167421137393,-0.00621823518497,6.51124101353e-05
58.8,-0.00165906035857,-0.00621218300165,6.44875155999e-05
58.85,-0.00164405868731,-0.00620610017029,6.38684136137e-05
58.9,-0.00162919652996,-0.00619998722343,6.32549566085e-05
58.95,-0.00161447245511,-0.0061938446574,6.26471019992e-05
59.0,-0.00159988504951,-0.00618767296195,6.20448071893e-05
59.05,-0.00158543291772,-0.00618147262036,6.14480856304e-05
59.1,-0.001571114682,-0.00617524410854,6.08568976555e-05
59.15,-0.00155692898185,-0.00616898789614,6.02710727112e-05
59.2,-0.00154287447334,-0.00616270444915,5.96905701995e-05
59.25,-0.00152894982923,-0.0061564332414,5.91153496252e-05
59.3,-0.00151515367734,-0.00615016407642,5.85453743415e-05
59.35,-0.0015014847473,-0.00614386965423,5.79807572668e-05
59.4,-0.00148794176192,-0.00613755040758,5.74213614004e-05
59.45,-0.00147452345927,-0.00613120676554,5.68671454203e-05
59.5,-0.00146122859283,-0.00612483915179,5.63180680598e-05
59.55,-0.00144805593115,-0.00611845254401,5.57741389893e-05
59.6,-0.00143500425528,-0.00611204827293,5.52353198755e-05
59.65,-0.00142207236057,-0.00610562129097,5.47014536783e-05
59.7,-0.00140925905946,-0.00609917200217,5.41725011885e-05
59.75,-0.0013965631786,-0.006092733111,5.36484233487e-05
59.8,-0.0013839835048,-0.00608631063129,5.3129184551e-05
59.85,-0.00137152576521,-0.00607986757567,5.2614885273e-05
59.9,-0.00135918184117,-0.00607340434554,5.21053992516e-05
59.95,-0.00134695061712,-0.00606692131338,5.16006868772e-05
60.0,-0.00133483099058,-0.00606041884728,5.11007086434e-05
60.05,-0.00132282187186,-0.00605390493019,5.06054713123e-05
60.1,-0.0013109221803,-0.00604737475472,5.01149382308e-05
60.15,-0.00129913085038,-0.00604082624404,4.96289649081e-05
60.2,-0.00128744682984,-0.00603425975001,4.91475139076e-05
60.25,-0.00127586907851,-0.00602772891788,4.86705479769e-05
60.3,-0.00126439650816,-0.00602119992705,4.81980337417e-05
60.35,-0.00125302812949,-0.00601465447164,4.77300599741e-05
60.4,-0.0012417629389,-0.00600809287953,4.72665102367e-05
60.45,-0.00123059994393,-0.00600151547631,4.68073469547e-05
60.5,-0.00121953816329,-0.00599492258383,4.63525326876e-05
60.55,-0.00120857662673,-0.00598831452031,4.59020720034e-05
60.6,-0.00119771437495,-0.00598169159956,4.54559299157e-05
60.65,-0.00118695045935,-0.00597505413183,4.50139738176e-05
60.7,-0.00117628394164,-0.00596842394116,4.45761683142e-05
60.75,-0.0011657138523,-0.00596183191572,4.41424807889e-05
60.8,-0.00115523928445,-0.00595522669725,4.37128755942e-05
60.85,-0.00114486505309,-0.00594860857892,4.32874333588e-05
60.9,-0.00113458442954,-0.00594197786955,4.28660473235e-05
60.95,-0.00112439652881,-0.00593533485455,4.24486821269e-05
61.0,-0.00111430047553,-0.00592867981616,4.20353025625e-05
61.05,-0.00110429540385,-0.00592201450435,4.16259115502e-05
61.1,-0.00109438045672,-0.00591534595674,4.12204762069e-05
61.15,-0.00108455478363,-0.00590866849125,4.08188753265e-05
61.2,-0.0010748175237,-0.00590205216481,4.04210770851e-05
61.25,-0.00106516783342,-0.00589542566756,4.00270493542e-05
61.3,-0.00105560490168,-0.00588878918621,3.96367587579e-05
61.35,-0.00104612791787,-0.00588214297806,3.92502773462e-05
61.4,-0.00103673608018,-0.00587548729568,3.88675071444e-05
61.45,-0.00102742859513,-0.00586882239007,3.84884150892e-05
61.5,-0.00101820467762,-0.00586214850953,3.81129682831e-05
61.55,-0.00100906355078,-0.00585547032093,3.77411684219e-05
61.6,-0.00100000444429,-0.00584878895561,3.73729848321e-05
61.65,-0.000991026595613,-0.00584216540122,3.70083066482e-05
61.7,-0.000982129200393,-0.00583554292924,3.66471060786e-05
61.75,-0.000973311539497,-0.0058289130521,3.62893507214e-05
61.8,-0.000964572876621,-0.00582227599876,3.59350099417e-05
61.85,-0.000955917260281,-0.00581563199571,3.55841482436e-05
61.9,-0.000947339100023,-0.00580898128273,3.52366761116e-05
61.95,-0.000938837683463,-0.00580232408041,3.48925627893e-05
62.0,-0.000930412305496,-0.005795660607,3.45517776909e-05
62.05,-0.0009220622682,-0.0057889910784,3.42143216112e-05
62.1,-0.000913786880803,-0.00578237609952,3.38801659255e-05
62.15,-0.000905585414043,-0.00577577020456,3.35492121688e-05
62.2,-0.00089745721267,-0.0057691591989,3.322143019e-05
62.25,-0.000889401607375,-0.00576254328614,3.28967913594e-05
62.3,-0.000881417935572,-0.00575592266768,3.25752672614e-05
62.35,-0.000873505541321,-0.00574929754276,3.22569157403e-05
62.4,-0.000865663775377,-0.0057426681069,3.1941654942e-05
62.45,-0.000857891994883,-0.00573603455449,3.16294563949e-05
62.5,-0.000850189563376,-0.00572939707783,3.13202917976e-05
62.55,-0.00084255585071,-0.00572281230791,3.10141613093e-05
62.6,-0.000834990192571,-0.00571625030351,3.07110409831e-05
62.65,-0.000827491987525,-0.00570968665005,3.04108374269e-05
62.7,-0.000820060624292,-0.0057031201125,3.01135239987e-05
62.75,-0.00081269549804,-0.00569655086988,2.98190742369e-05
62.8,-0.000805396009858,-0.0056899790993,2.95274618874e-05
62.85,-0.000798165555549,-0.00568340497593,2.92387388983e-05
62.9,-0.000790999482342,-0.00567682868612,2.89528306767e-05
62.95,-0.000783897209854,-0.0056702504004,2.86697109527e-05
63.0,-0.000776858163332,-0.00566372191252,2.83893536232e-05
63.05,-0.000769881737981,-0.00565721577902,2.81117606468e-05
63.1,-0.000762967385512,-0.0056507163644,2.78369066138e-05
63.15,-0.000756114546217,-0.00564421587732,2.75647074794e-05
63.2,-0.000749322667958,-0.0056377144763,2.72951386664e-05
63.25,-0.00074259120389,-0.00563121231816,2.70281757975e-05
63.3,-0.000735919612401,-0.00562470955797,2.67637946944e-05
63.35,-0.000729307357052,-0.0056182063491,2.65020420717e-05
63.4,-0.000722753906611,-0.00561170284193,2.62428498911e-05
63.45,-0.000716258734839,-0.00560524289982,2.59861939941e-05
63.5,-0.000709821290072,-0.00559881262494,2.57320523162e-05
63.55,-0.000703441068367,-0.00559238271231,2.54804234801e-05
63.6,-0.000697117558986,-0.00558595330298,2.52312849738e-05
63.65,-0.00069085025601,-0.0055795245364,2.49845601835e-05
63.7,-0.000684638658207,-0.00557309655143,2.47402265363e-05
63.75,-0.000678482269058,-0.00556666948533,2.44982616491e-05
63.8,-0.000672380596702,-0.00556024347383,2.42586433271e-05
63.85,-0.00066633648392,-0.00555381865109,2.4021413641e-05
63.9,-0.00066034605406,-0.00554742598692,2.37865107091e-05
63.95,-0.000654408805289,-0.00554107628677,2.35539139459e-05
64.0,-0.000648524272996,-0.00553472836909,2.33236008293e-05
64.05,-0.000642691989384,-0.00552838235845,2.30955705401e-05
64.1,-0.000636911491014,-0.00552204331558,2.28698024377e-05
64.15,-0.000631182317597,-0.00551571054493,2.26462269225e-05
64.2,-0.000625504013266,-0.00550938006353,2.2424823369e-05
64.25,-0.000619876127325,-0.00550305199056,2.22055712684e-05
64.3,-0.000614298213226,-0.00549672644384,2.1988450289e-05
64.35,-0.00060876982853,-0.00549041492838,2.17734983571e-05
64.4,-0.00060329051687,-0.0054841658554,2.15606602924e-05
64.45,-0.000597859847031,-0.00547791981926,2.13499156218e-05
64.5,-0.000592477389202,-0.00547167692921,2.11412441817e-05
64.55,-0.000587142717495,-0.00546543729319,2.09346450495e-05
64.6,-0.000581855409921,-0.005459208713,2.07300993416e-05
64.65,-0.000576615046724,-0.00545298498596,2.05275438388e-05
64.7,-0.000571421213286,-0.00544676484601,2.03269596438e-05
64.75,-0.000566273499049,-0.00544054839618,2.01283280072e-05
64.8,-0.000561171497177,-0.00543433573828,1.99316303452e-05
64.85,-0.000556117583736,-0.0054281804978,1.97369008878e-05
64.9,-0.000551108502122,-0.00542204552373,1.95440900416e-05
64.95,-0.000546143868706,-0.00541591479028,1.93531785504e-05
65.0,-0.000541223292442,-0.00540978839124,1.91641480007e-05
65.05,-0.000536346385799,-0.00540366641921,1.89769974249e-05
65.1,-0.000531512764742,-0.0053975489653,1.87917095789e-05
65.15,-0.000526722048681,-0.00539143611946,1.86082269388e-05
65.2,-0.0005219738604,-0.00538532797117,1.84265322421e-05
65.25,-0.00051726782606,-0.00537922460875,1.82466083812e-05
65.3,-0.000512603575169,-0.0053731418974,1.80684384027e-05
65.35,-0.000507980725197,-0.00536711655219,1.78920542274e-05
65.4,-0.000503398915706,-0.00536109637326,1.77174091124e-05
65.45,-0.000498857786499,-0.00535508144178,1.75444861482e-05
65.5,-0.000494356980584,-0.00534907183781,1.73732685523e-05
65.55,-0.00048989614414,-0.00534306764037,1.72037553614e-05
65.6,-0.000485474926499,-0.00533707104803,1.70359308601e-05
65.65,-0.000481092979742,-0.00533108664316,1.68697428433e-05
65.7,-0.000476749958239,-0.00532510789201,1.67051756566e-05
65.75,-0.000472445520593,-0.00531913486958,1.65422137131e-05
65.8,-0.000468179328427,-0.00531320208039,1.63808415683e-05
65.85,-0.00046395334819,-0.0053073072892,1.62210882814e-05
65.9,-0.000459764890618,-0.00530141855596,1.60629112239e-05
65.95,-0.000455613627275,-0.00529553594892,1.59062949988e-05
66.0,-0.000451499232618,-0.00528965953537,1.57512243272e-05
66.05,-0.000447421383962,-0.00528378938162,1.55976982748e-05
66.1,-0.00044337976147,-0.00527793033513,1.54457025356e-05
66.15,-0.000439374047358,-0.00527208166907,1.52951897498e-05
66.2,-0.000435403926758,-0.0052662394726,1.51461456429e-05
66.25,-0.000431469088201,-0.00526040380839,1.49985560312e-05
66.3,-0.000427569222947,-0.00525461380752,1.48524068624e-05
66.35,-0.000423704009263,-0.00524885616028,1.47077244743e-05
66.4,-0.000419873150259,-0.00524310531229,1.45644700998e-05
66.45,-0.000416076345591,-0.00523736132026,1.44226297382e-05
66.5,-0.000412313297536,-0.00523162424003,1.42821894975e-05
66.55,-0.000408583710968,-0.00522589412653,1.41431484948e-05
66.6,-0.000404887293339,-0.00522017103363,1.40054937244e-05
66.65,-0.000401223754651,-0.0052144550143,1.38691821659e-05
66.7,-0.000397592807411,-0.0052087461212,1.37342008097e-05
66.75,-0.000393994166625,-0.00520304440609,1.36005367678e-05
66.8,-0.000390427549782,-0.00519737890481,1.34681772731e-05
66.85,-0.000386894597718,-0.00519175455292,1.3337146085e-05
66.9,-0.000383393066554,-0.00518613760502,1.32074081376e-05
66.95,-0.000379922681939,-0.00518052810729,1.30789507146e-05
67.0,-0.000376483171895,-0.00517492610512,1.29517612e-05
67.05,-0.000373074266802,-0.00516933164312,1.28258387763e-05
67.1,-0.000369695699378,-0.00516374476492,1.27011716346e-05
67.15,-0.000366347204655,-0.00515817345823,1.25777207468e-05
67.2,-0.000363028518912,-0.00515261034832,1.2455474369e-05
67.25,-0.000359739381697,-0.00514705496563,1.23344208033e-05
67.3,-0.000356479534877,-0.00514151108193,1.22145484579e-05
67.35,-0.000353248714477,-0.00513603210968,1.20958786501e-05
67.4,-0.000350046667585,-0.00513056103999,1.1978379765e-05
67.45,-0.000346873142983,-0.00512509790955,1.18620402622e-05
67.5,-0.000343727891616,-0.00511964275431,1.17468486929e-05
67.55,-0.000340610666575,-0.00511419560955,1.16328043105e-05
67.6,-0.000337521223081,-0.00510875856678,1.15198964006e-05
67.65,-0.000334459318221,-0.00510333603043,1.14080895783e-05
67.7,-0.000331424710653,-0.00509792162248,1.12973731768e-05
67.75,-0.000328417161889,-0.00509251537548,1.11877365801e-05
67.8,-0.000325436435489,-0.00508711732131,1.10791692733e-05
67.85,-0.000322483908674,-0.00508174917608,1.09716901091e-05
67.9,-0.000319557697356,-0.00507642637161,1.08652710718e-05
67.95,-0.000316657574356,-0.00507111189793,1.07599015287e-05
68.0,-0.000313783311954,-0.00506580578233,1.06555710976e-05
68.05,-0.000310934684381,-0.0050605080515,1.05522791051e-05
68.1,-0.000308111467807,-0.00505521873131,1.04500158371e-05
68.15,-0.000305313440321,-0.00504993784701,1.03487491855e-05
68.2,-0.0003025403819,-0.00504466542359,1.02484694351e-05
68.25,-0.000299792074407,-0.00503940148546,1.01491669637e-05
68.3,-0.000297068301575,-0.00503414605638,1.00508322414e-05
68.35,-0.000294368848988,-0.00502889915952,9.95348238117e-06
68.4,-0.000291693504083,-0.00502368078308,9.85709142183e-06
68.45,-0.000289042048341,-0.00501850761897,9.7616504133e-06
68.5,-0.000286414275113,-0.00501334308223,9.66714981025e-06
68.55,-0.000283809977455,-0.00500818719203,9.57358901502e-06
68.6,-0.000281228950191,-0.00500303996685,9.48095922847e-06
68.65,-0.000278670989905,-0.00499790663889,9.38923133447e-06
68.7,-0.000276135894399,-0.00499278499936,9.29839656633e-06
68.75,-0.000273623463441,-0.00498767209371,9.20844622641e-06
68.8,-0.000271133498804,-0.00498256793841,9.11937168134e-06
68.85,-0.000268667146628,-0.00497747254941,9.03118847216e-06
68.9,-0.000266222843507,-0.00497238594624,8.94387306675e-06
68.95,-0.000263800396633,-0.00496730814353,8.85741688818e-06
69.0,-0.000261399614842,-0.00496229197975,8.77181142894e-06
69.05,-0.000259020298899,-0.00495728620401,8.68705682638e-06
69.1,-0.000256662266004,-0.00495228928777,8.60314478215e-06
69.15,-0.000254325330032,-0.00494730896351,8.52004889225e-06
69.2,-0.00025200930576,-0.00494233803393,8.43776123275e-06
69.25,-0.000249714010197,-0.00493737601253,8.35627391245e-06
69.3,-0.000247439261962,-0.00493242290917,8.27557911373e-06
69.35,-0.000245184881218,-0.00492747873319,8.19569095709e-06
69.4,-0.000242950689672,-0.00492254349315,8.1165880981e-06
69.45,-0.000240736510546,-0.00491761719733,8.03826277171e-06
69.5,-0.00023854216857,-0.00491269985357,7.96070727599e-06
69.55,-0.000236367489969,-0.00490780141977,7.88392116312e-06
69.6,-0.000234212297399,-0.00490295407904,7.80789757371e-06
69.65,-0.000232076421037,-0.004898115721,7.73261250785e-06
69.7,-0.000229959691673,-0.00489328635063,7.65805875161e-06
69.75,-0.00022786194154,-0.00488846597249,7.5842291613e-06
69.8,-0.000225783004302,-0.00488365459073,7.51111666272e-06
69.85,-0.000223723833107,-0.00487885220907,7.43873409367e-06
69.9,-0.000221683124788,-0.0048740588342,7.36706210928e-06
69.95,-0.000219660717542,-0.00486927446882,7.29609368325e-06
70.0,-0.000217656450943,-0.00486449911522,7.22582184658e-06
70.05,-0.000215670165934,-0.00485973277532,7.15624621484e-06
70.1,-0.000213701704817,-0.00485497545051,7.0873602741e-06
70.15,-0.000211750911237,-0.00485022979214,7.01914232205e-06
70.2,-0.000209817629975,-0.00484554587574,6.95158585459e-06
70.25,-0.000207901699949,-0.0048408733104,6.88468491957e-06
70.3,-0.00020600297244,-0.00483620977958,6.81843287701e-06
70.35,-0.000204121296511,-0.00483155528183,6.75284140181e-06
70.4,-0.000202256522513,-0.00482690981499,6.68789294908e-06
70.45,-0.000200408502071,-0.00482227337678,6.62358116181e-06
70.5,-0.000198577088074,-0.00481764596456,6.559899735e-06
70.55,-0.000196762134665,-0.00481302757535,6.49684834142e-06
70.6,-0.000194963497235,-0.00480841820572,6.43442108937e-06
70.65,-0.000193181032404,-0.00480382293031,6.37259829781e-06
70.7,-0.000191414597679,-0.00479923957738,6.31137409421e-06
70.75,-0.000189664051935,-0.0047946652485,6.25074265284e-06
70.8,-0.00018792925545,-0.00479011022707,6.19069819152e-06
70.85,-0.000186210996583,-0.00478560128538,6.13125159338e-06
70.9,-0.000184508190189,-0.00478110135027,6.0723869083e-06
70.95,-0.00018282070047,-0.00477661041496,6.01409838593e-06
71.0,-0.000181148392783,-0.00477212847239,5.95638032305e-06
71.05,-0.000179491133636,-0.00476765551522,5.89923244425e-06
71.1,-0.000177848790674,-0.0047631915357,5.84264942171e-06
71.15,-0.000176221232673,-0.00475873652581,5.78661340613e-06
71.2,-0.000174608329524,-0.00475429047747,5.73111906535e-06
71.25,-0.000173009952229,-0.0047498533823,5.67616111938e-06
71.3,-0.000171425972889,-0.00474542523164,5.6217343399e-06
71.35,-0.000169856264701,-0.00474100601657,5.56784840218e-06
71.4,-0.000168300701947,-0.00473659572766,5.51448889011e-06
71.45,-0.000166759159982,-0.00473219435537,5.46165061113e-06
71.5,-0.000165231515225,-0.00472784286477,5.40932841512e-06
71.55,-0.000163717640317,-0.00472350422421,5.35752241415e-06
71.6,-0.000162217416253,-0.00471917445829,5.30622762893e-06
71.65,-0.000160730722693,-0.00471485378964,5.25542787134e-06
71.7,-0.000159257440306,-0.00471054946266,5.20511832149e-06
71.75,-0.00015779745039,-0.00470625399127,5.15529423386e-06
71.8,-0.000156350635676,-0.00470196736329,5.10595088067e-06
71.85,-0.000154917654103,-0.00469768956628,5.05709707041e-06
71.9,-0.000153497601191,-0.00469342058989,5.00871973345e-06
71.95,-0.000152090362873,-0.0046891604211,4.96081417415e-06
72.0,-0.000150695826056,-0.00468490904669,4.91337573529e-06
72.05,-0.000149313878618,-0.0046806664532,4.86640423673e-06
72.1,-0.000147944409392,-0.00467643262691,4.81989533051e-06
72.15,-0.000146587308167,-0.00467221014087,4.77383433828e-06
72.2,-0.000145242465542,-0.00466804307565,4.72821691549e-06
72.25,-0.000143909768793,-0.00466388572722,4.68303905575e-06
72.3,-0.000142589112712,-0.0046597370889,4.63829633821e-06
72.35,-0.000141280390903,-0.00465559714516,4.59399678451e-06
72.4,-0.000139983497887,-0.00465146588014,4.55012853941e-06
72.45,-0.000138698329083,-0.00464734327788,4.50668735712e-06
72.5,-0.000137424780808,-0.00464322932227,4.46366902654e-06
72.55,-0.000136162750268,-0.004639123997,4.42107340379e-06
72.6,-0.000134912135549,-0.00463502728555,4.37889655864e-06
72.65,-0.000133672835613,-0.00463093917122,4.33712517531e-06
72.7,-0.000132444750286,-0.00462685963729,4.29575531769e-06
72.75,-0.000131227780253,-0.00462278866689,4.25478308821e-06
72.8,-0.000130021827053,-0.00461872624296,4.21420462746e-06
72.85,-0.00012882743689,-0.00461467234832,4.17402724818e-06
72.9,-0.000127643856672,-0.00461064032007,4.13424020546e-06
72.95,-0.00012647098833,-0.00460664346359,4.09483982641e-06
73.0,-0.000125308737585,-0.00460265506569,4.05582226273e-06
73.05,-0.000124157010375,-0.0045986751077,4.01718740288e-06
73.1,-0.000123015713449,-0.00459470357079,3.97893169492e-06
73.15,-0.000121884754355,-0.00459074043596,3.94104305827e-06
73.2,-0.000120764041434,-0.0045867911534,3.90351793484e-06
73.25,-0.000119653483593,-0.00458285229627,3.866352817e-06
73.3,-0.000118552990666,-0.00457892179975,3.82954422124e-06
73.35,-0.00011746247335,-0.00457499964437,3.79309881044e-06
73.4,-0.00011638184311,-0.00457108581035,3.75700683624e-06
73.45,-0.000115311012175,-0.00456718027792,3.72126483225e-06
73.5,-0.000114249893526,-0.00456328302717,3.68586936026e-06
73.55,-0.000113198400896,-0.00455939403809,3.65082034023e-06
73.6,-0.000112156448759,-0.00455551329052,3.61611456534e-06
73.65,-0.000111123952329,-0.00455164099325,3.58174107745e-06
73.7,-0.00011010082754,-0.00454781747071,3.54769666383e-06
73.75,-0.000109086988163,-0.00454400644622,3.51397834643e-06
73.8,-0.000108082352915,-0.00454020357479,3.4805828809e-06
73.85,-0.000107087375132,-0.00453640883506,3.44751633938e-06
73.9,-0.000106101428101,-0.00453262220713,3.41476987953e-06
73.95,-0.000105124431542,-0.00452884366937,3.38234036683e-06
74.0,-0.000104156305863,-0.00452507320008,3.35022469225e-06
74.05,-0.000103196972163,-0.00452131077747,3.31842279896e-06
74.1,-0.000102246352217,-0.00451755637962,3.28693178805e-06
74.15,-0.000101304368478,-0.00451380998453,3.25574171462e-06
74.2,-0.000100370944067,-0.00451007157023,3.22484967316e-06
74.25,-9.94460027699e-05,-0.00450634111469,3.19425278651e-06
74.3,-9.8529469029e-05,-0.00450261859578,3.16394820564e-06
74.35,-9.76212679411e-05,-0.00449890399133,3.13394146925e-06
74.4,-9.67213252519e-05,-0.00449519727894,3.10422455698e-06
74.45,-9.58295673484e-05,-0.00449149843624,3.07479463799e-06
74.5,-9.49459212546e-05,-0.00448782614389,3.04564890434e-06
74.55,-9.40703129137e-05,-0.00448417805932,3.01678744418e-06
74.6,-9.32026712642e-05,-0.00448053775239,2.98820759382e-06
74.65,-9.23429252522e-05,-0.00447690519986,2.95990032716e-06
74.7,-9.14910044376e-05,-0.00447328348963,2.93186301731e-06
74.75,-9.06468388949e-05,-0.00446967371425,2.90409306984e-06
74.8,-8.9810359274e-05,-0.00446607163935,2.87658791777e-06
74.85,-8.89819416479e-05,-0.00446247724148,2.84935261058e-06
74.9,-8.81610646448e-05,-0.0044588904984,2.82237987107e-06
74.95,-8.73476609586e-05,-0.00445531138648,2.79566713901e-06
75.0,-8.6541663866e-05,-0.00445173988208,2.76921187479e-06
75.05,-8.57430072223e-05,-0.00444817596148,2.74301406146e-06
75.1,-8.49516254571e-05,-0.00444461960092,2.71707133258e-06
75.15,-8.41674535686e-05,-0.00444107077658,2.69137549681e-06
75.2,-8.33904271185e-05,-0.00443753482619,2.66592418098e-06
75.25,-8.26204820784e-05,-0.00443400838588,2.64071504572e-06
75.3,-8.18575550741e-05,-0.00443048942652,2.61574576745e-06
75.35,-8.11015833395e-05,-0.00442698283426,2.59102095275e-06
75.4,-8.03525036375e-05,-0.00442351140328,2.56653407113e-06
75.45,-7.96102544598e-05,-0.00442004735568,2.54228279701e-06
75.5,-7.8874774697e-05,-0.00441659066687,2.51826483323e-06
75.55,-7.81460037707e-05,-0.00441314131225,2.4944801765e-06
75.6,-7.74238816297e-05,-0.00440969926716,2.47092668697e-06
75.65,-7.67083487449e-05,-0.00440626450693,2.4475969273e-06
75.7,-7.59993461047e-05,-0.00440283700696,2.42448875095e-06
75.75,-7.52968152111e-05,-0.00439941674265,2.40160003227e-06
75.8,-7.46006980755e-05,-0.00439600368938,2.37892866625e-06
75.85,-7.39113065885e-05,-0.00439259782252,2.35647885434e-06
75.9,-7.32282071903e-05,-0.00438919911847,2.33424460359e-06
75.95,-7.25513435002e-05,-0.00438580755254,2.31222382161e-06
76.0,-7.18806596289e-05,-0.00438242310002,2.29041443278e-06
76.05,-7.1216100174e-05,-0.0043790457362,2.26881644763e-06
76.1,-7.05576102168e-05,-0.00437567543635,2.24742793332e-06
76.15,-6.99051353175e-05,-0.00437231217571,2.22624213843e-06
76.2,-6.92586215108e-05,-0.00436895679769,2.20525712343e-06
76.25,-6.86180152824e-05,-0.00436561470219,2.18447096904e-06
76.3,-6.79832634622e-05,-0.00436229741226,2.16388178351e-06
76.35,-6.73543124062e-05,-0.00435899944741,2.14349347907e-06
76.4,-6.67311104578e-05,-0.00435570838842,2.12330058414e-06
76.45,-6.61136059997e-05,-0.00435242421005,2.10330120547e-06
76.5,-6.55017478657e-05,-0.00434914688707,2.08349346497e-06
76.55,-6.48954853363e-05,-0.00434587639429,2.06387738215e-06
76.6,-6.42947681361e-05,-0.00434261270648,2.04445120861e-06
76.65,-6.36995464288e-05,-0.00433935579845,2.02520881241e-06
76.7,-6.31097708141e-05,-0.00433610870083,2.00614843867e-06
76.75,-6.25253922594e-05,-0.00433287248492,1.98726835414e-06
76.8,-6.19463621414e-05,-0.00432964298944,1.96856684385e-06
76.85,-6.13729390642e-05,-0.00432642018923,1.95004740481e-06
76.9,-6.08047626373e-05,-0.00432320405998,1.93170509793e-06
76.95,-6.02417856783e-05,-0.00431999457652,1.91353821154e-06
77.0,-5.96839614181e-05,-0.00431679171369,1.8955450476e-06
77.05,-5.91312434975e-05,-0.00431359544636,1.87772563435e-06
77.1,-5.85835859635e-05,-0.00431040574941,1.86007839153e-06
77.15,-5.80409432661e-05,-0.00430722259773,1.84259775042e-06
77.2,-5.75032702546e-05,-0.00430404596633,1.82528212437e-06
77.25,-5.69705221741e-05,-0.00430087583022,1.80812994206e-06
77.3,-5.64426546628e-05,-0.0042977311689,1.79113964732e-06
77.35,-5.59196228731e-05,-0.00429460173724,1.77431449589e-06
77.4,-5.54013836051e-05,-0.00429147870115,1.75764997531e-06
77.45,-5.48878936754e-05,-0.00428836203539,1.74114453659e-06
77.5,-5.43791102796e-05,-0.00428525171473,1.72479664304e-06
77.55,-5.38749909895e-05,-0.00428214771399,1.70860632866e-06
77.6,-5.33754937497e-05,-0.00427905000803,1.69257216377e-06
77.65,-5.28805768747e-05,-0.00427595857173,1.67668908925e-06
77.7,-5.2390199045e-05,-0.00427287338005,1.66095566926e-06
77.75,-5.19043193047e-05,-0.00426980013578,1.64537048178e-06
77.8,-5.14228969598e-05,-0.00426673437142,1.62993212571e-06
77.85,-5.09461463588e-05,-0.0042636747925,1.61464351474e-06
77.9,-5.04737680387e-05,-0.00426062137475,1.59950057579e-06
77.95,-5.0005722544e-05,-0.00425757409322,1.58450190778e-06
78.0,-4.95419707663e-05,-0.00425453292298,1.56964612069e-06
78.05,-4.90824739418e-05,-0.00425149783916,1.5549332538e-06
78.1,-4.86271936483e-05,-0.00424846881692,1.54036201429e-06
78.15,-4.8176091802e-05,-0.00424544583148,1.52592780612e-06
78.2,-4.77291306546e-05,-0.00424242971227,1.5116293305e-06
78.25,-4.72862727772e-05,-0.00423942577249,1.49746530207e-06
78.3,-4.68474809881e-05,-0.00423642781156,1.48343445395e-06
78.35,-4.64127185331e-05,-0.00423344160265,1.46953944415e-06
78.4,-4.5981948504e-05,-0.00423048097022,1.45577660829e-06
78.45,-4.55551348992e-05,-0.00422752621925,1.44214467094e-06
78.5,-4.51322419444e-05,-0.00422457732489,1.42864237331e-06
78.55,-4.47132341808e-05,-0.00422163426234,1.41526975748e-06
78.6,-4.4298076463e-05,-0.00421869700684,1.40202565306e-06
78.65,-4.38867339559e-05,-0.00421576553369,1.38890588296e-06
78.7,-4.3479172132e-05,-0.00421283981831,1.37590927106e-06
78.75,-4.3075356769e-05,-0.00420991983617,1.36303465249e-06
78.8,-4.26752539471e-05,-0.0042070055628,1.35028087355e-06
78.85,-4.22790413373e-05,-0.00420409697378,1.33765035983e-06
78.9,-4.188647019e-05,-0.00420119404536,1.32513975007e-06
78.95,-4.14975075382e-05,-0.00419829675322,1.31274789641e-06
79.0,-4.11121207066e-05,-0.00419540507309,1.30047365992e-06
79.05,-4.07302773092e-05,-0.0041925189808,1.28831708574e-06
79.1,-4.03519452465e-05,-0.00418963845221,1.27627711523e-06
79.15,-3.99770927033e-05,-0.00418676346322,1.2643499526e-06
79.2,-3.96056881461e-05,-0.00418389398988,1.2525345337e-06
79.25,-3.92377003206e-05,-0.00418103353931,1.24082980451e-06
79.3,-3.88730982039e-05,-0.00417818188685,1.22923472451e-06
79.35,-3.85118510526e-05,-0.00417533569411,1.21775151116e-06
79.4,-3.81539284396e-05,-0.00417249493719,1.20637711032e-06
79.45,-3.77993002079e-05,-0.00416965959233,1.19511048293e-06
79.5,-3.74479364677e-05,-0.0041668296358,1.18395059795e-06
79.55,-3.70998075947e-05,-0.00416402762927,1.17289750225e-06
79.6,-3.67548836698e-05,-0.0041612315129,1.16195027938e-06
79.65,-3.6413135887e-05,-0.00415844069258,1.15110545728e-06
79.7,-3.60745354145e-05,-0.0041556551446,1.14036207184e-06
79.75,-3.57390536769e-05,-0.00415288049027,1.12971916811e-06
79.8,-3.54066622858e-05,-0.00415011232791,1.11917580525e-06
79.85,-3.50775084597e-05,-0.00414734938279,1.10873400493e-06
79.9,-3.47513856441e-05,-0.00414459163184,1.09839099121e-06
79.95,-3.44282663188e-05,-0.00414183905158,1.08814582251e-06
80.0,-3.41081232081e-05,-0.00413909161859,1.07799756457e-06
80.05,-3.37909292785e-05,-0.00413634930953,1.06794626446e-06
80.1,-3.34766577372e-05,-0.00413361210114,1.05799105424e-06
80.15,-3.31652820294e-05,-0.00413087997021,1.04812879678e-06
80.2,-3.28567758366e-05,-0.00412815289365,1.03835861912e-06
80.25,-3.25511130743e-05,-0.00412543084846,1.0286796566e-06
80.3,-3.22482678902e-05,-0.00412271381169,1.01909105277e-06
80.35,-3.19482146623e-05,-0.00412000176049,1.00959465243e-06
80.4,-3.16509279968e-05,-0.00411729467204,1.00018793264e-06
80.45,-3.1356382726e-05,-0.0041145925236,9.90870040839e-07
80.5,-3.10645539066e-05,-0.00411189529256,9.81640131026e-07
80.55,-3.07754168175e-05,-0.00410920295633,9.72498250789e-07
80.6,-3.04889469582e-05,-0.00410651549242,9.63443614414e-07
80.65,-3.02051200467e-05,-0.00410383287841,9.54473369694e-07
80.7,-2.99239120174e-05,-0.00410115509198,9.45586726146e-07
80.75,-2.96452990196e-05,-0.00409848353601,9.36782900766e-07
80.8,-2.93692574016e-05,-0.00409583561038,9.28061119012e-07
80.85,-2.9095908762e-05,-0.00409319983203,9.19423094109e-07
80.9,-2.88250817671e-05,-0.00409056878961,9.10866521978e-07
80.95,-2.85567534586e-05,-0.0040879424608,9.0239062968e-07
81.0,-2.82909010827e-05,-0.00408532082336,8.93994650203e-07
81.05,-2.8027502089e-05,-0.00408270385513,8.85678630299e-07
81.1,-2.77665341282e-05,-0.00408009153405,8.77441857789e-07
81.15,-2.75079750508e-05,-0.0040774838381,8.69281738404e-07
81.2,-2.72518029049e-05,-0.00407488074539,8.61197555474e-07
81.25,-2.69979959348e-05,-0.00407228571902,8.53188599093e-07
81.3,-2.67465325483e-05,-0.00406969853926,8.45254168408e-07
81.35,-2.64973913494e-05,-0.00406711591303,8.37395802747e-07
81.4,-2.62505511627e-05,-0.00406453781863,8.29611416409e-07
81.45,-2.60059910024e-05,-0.00406196423444,8.21900309017e-07
81.5,-2.57636900702e-05,-0.00405939513893,8.14261785536e-07
81.55,-2.55236277541e-05,-0.00405683051066,8.0669589207e-07
81.6,-2.52857836266e-05,-0.00405427032827,7.99201983442e-07
81.65,-2.5050137443e-05,-0.00405171457045,7.91777700136e-07
81.7,-2.48166691399e-05,-0.00404916321605,7.84422392725e-07
81.75,-2.45853588335e-05,-0.00404661624395,7.77135417893e-07
81.8,-2.43561868183e-05,-0.00404407363316,7.69916138384e-07
81.85,-2.41292541521e-05,-0.00404153536274,7.62765957642e-07
81.9,-2.39044185262e-05,-0.00403900141217,7.5568297928e-07
81.95,-2.36816607953e-05,-0.00403647176068,7.48666568618e-07
82.0,-2.34609619853e-05,-0.00403394638756,7.41716095788e-07
82.05,-2.32423032925e-05,-0.00403142527221,7.34831605988e-07
82.1,-2.30256660816e-05,-0.00402890839409,7.28012514685e-07
82.15,-2.28110318846e-05,-0.00402639573274,7.2125667565e-07
82.2,-2.25983823991e-05,-0.00402390417085,7.14563500334e-07
82.25,-2.23876992238e-05,-0.00402141867557,7.07932425883e-07
82.3,-2.2178964517e-05,-0.00401894331085,7.01362864525e-07
82.35,-2.19721604265e-05,-0.00401647267855,6.94856100625e-07
82.4,-2.17672693007e-05,-0.00401400616082,6.88410409322e-07
82.45,-2.15642736509e-05,-0.00401154373738,6.82025214809e-07
82.5,-2.13631561455e-05,-0.00400908538804,6.75699945624e-07
82.55,-2.11638996084e-05,-0.00400663109271,6.69434645264e-07
82.6,-2.09664870179e-05,-0.00400418083135,6.63228783523e-07
82.65,-2.07709015052e-05,-0.00400173458404,6.57080407424e-07
82.7,-2.05771263532e-05,-0.00399929233094,6.50988982998e-07
82.75,-2.03851449951e-05,-0.00399685546055,6.44953981279e-07
82.8,-2.01949410036e-05,-0.00399442777735,6.38974878972e-07
82.85,-2.00065980579e-05,-0.0039920040447,6.33052848295e-07
82.9,-1.98199980871e-05,-0.00398958424326,6.27186320032e-07
82.95,-1.96351251428e-05,-0.00398716835347,6.21374772016e-07
83.0,-1.94519634203e-05,-0.00398475635588,6.15617686005e-07
83.05,-1.92704972568e-05,-0.00398234823113,6.09915104e-07
83.1,-1.90907111306e-05,-0.00397994395992,6.04266545284e-07
83.15,-1.89125896597e-05,-0.00397754352304,5.98670232812e-07
83.2,-1.87361176003e-05,-0.00397514690139,5.93125682333e-07
83.25,-1.85612798462e-05,-0.00397275407597,5.87632414118e-07
83.3,-1.8388061427e-05,-0.00397036502783,5.82189952916e-07
83.35,-1.82164475072e-05,-0.00396797973814,5.76799366545e-07
83.4,-1.80464233852e-05,-0.0039655981881,5.71459227456e-07
83.45,-1.78779744916e-05,-0.00396322035905,5.66169062102e-07
83.5,-1.77110863886e-05,-0.00396084623237,5.60928400476e-07
83.55,-1.75457447684e-05,-0.00395847578956,5.55737283011e-07
83.6,-1.73819354524e-05,-0.00395610901218,5.18842630753e-07
83.65,-1.72196434905e-05,-0.0039537463372,5.10511332729e-07
83.7,-1.70588557904e-05,-0.00395139302015,5.05787604643e-07
83.75,-1.68995585311e-05,-0.00394905439884,5.01107511785e-07
83.8,-1.67417380737e-05,-0.00394672327111,4.96470648171e-07
83.85,-1.65854637358e-05,-0.00394439825472,4.60172172339e-07
83.9,-1.64306367057e-05,-0.0039420772368,4.52390334479e-07
83.95,-1.62772444968e-05,-0.0039397597943,4.48206328496e-07
84.0,-1.61252740468e-05,-0.00393744585879,4.44061498459e-07
84.05,-1.59747123143e-05,-0.00393513541247,4.39955936793e-07
84.1,-1.58255463761e-05,-0.00393282843761,4.35888979875e-07
84.15,-1.56777634254e-05,-0.0039305249166,4.31859536727e-07
84.2,-1.55313507712e-05,-0.0039282248319,4.27867261036e-07
84.25,-1.53862958369e-05,-0.00392592816605,4.23911809707e-07
84.3,-1.52425861599e-05,-0.00392364082778,4.19992842825e-07
84.35,-1.51002093607e-05,-0.00392135747991,3.84496513178e-07
84.4,-1.49591524225e-05,-0.00391907796019,3.77427802898e-07
84.45,-1.48194039368e-05,-0.00391680184751,3.73940087346e-07
84.5,-1.46809519746e-05,-0.00391452907437,3.70485028664e-07
84.55,-1.45437846267e-05,-0.00391225962377,3.67062739838e-07
84.6,-1.44078900918e-05,-0.00390999347881,3.63672644578e-07
84.65,-1.42732566754e-05,-0.00390773062265,3.60313776847e-07
84.7,-1.41398727889e-05,-0.00390547103856,3.56985848964e-07
84.75,-1.40077269486e-05,-0.00390321470987,3.53688575913e-07
84.8,-1.38768077746e-05,-0.00390096162001,3.50421675315e-07
84.85,-1.37471726923e-05,-0.00389871175248,3.47185419104e-07
84.9,-1.36187404728e-05,-0.00389646509105,3.43979428073e-07
84.95,-1.34915000629e-05,-0.00389422161937,3.40803418761e-07
85.0,-1.33654405093e-05,-0.00389198132117,3.37657109662e-07
85.05,-1.32405509581e-05,-0.00388974418027,3.34540604897e-07
85.1,-1.31168206534e-05,-0.00388751018054,3.31453380368e-07
85.15,-1.29942389372e-05,-0.00388527930596,3.28394556731e-07
85.2,-1.28727952478e-05,-0.00388305154058,3.25363872874e-07
85.25,-1.27524791193e-05,-0.00388082686854,3.22361070094e-07
85.3,-1.26332801807e-05,-0.00387860720074,3.19385892076e-07
85.35,-1.25151881473e-05,-0.00387639502963,3.16438588207e-07
85.4,-1.23981928175e-05,-0.00387419301185,3.13518814995e-07
85.45,-1.22822840129e-05,-0.00387200183238,3.10626320593e-07
85.5,-1.21674517662e-05,-0.00386981367346,3.0776084739e-07
85.55,-1.20536861715e-05,-0.00386762851942,2.73516196612e-07
85.6,-1.19409767988e-05,-0.00386544679068,2.67501912777e-07
85.65,-1.18293144893e-05,-0.00386326807697,2.65035170882e-07
85.7,-1.17186896737e-05,-0.00386109231365,2.62591097758e-07
85.75,-1.16090928004e-05,-0.00385891948543,2.601694853e-07
85.8,-1.15005144042e-05,-0.0038567534601,2.57770127322e-07
85.85,-1.13930020287e-05,-0.0038545928719,2.55393278685e-07
85.9,-1.12864883128e-05,-0.00385243518834,2.53038652728e-07
85.95,-1.11809640646e-05,-0.00385028039431,2.50706041524e-07
86.0,-1.10764201755e-05,-0.00384812847479,2.4839523851e-07
86.05,-1.09728476197e-05,-0.00384597941483,2.46106039161e-07
86.1,-1.08702374532e-05,-0.00384383319956,2.43838359434e-07
86.15,-1.07685808137e-05,-0.00384168981419,2.41591495178e-07
86.2,-1.06678689189e-05,-0.003839549244,2.39365255625e-07
86.25,-1.05680930666e-05,-0.00383741147435,2.37159451764e-07
86.3,-1.04692446336e-05,-0.00383527649069,2.34973896317e-07
86.35,-1.03713150753e-05,-0.00383314427854,2.32808821539e-07
86.4,-1.02742959245e-05,-0.00383101482347,1.99247049525e-07
86.45,-1.01781782685e-05,-0.00382888854717,1.62473227898e-07
86.5,-1.0082953759e-05,-0.00382676547707,1.26056038481e-07
86.55,-9.98861418322e-06,-0.00382464559082,8.99907979526e-08
86.6,-9.89515140282e-06,-0.00382252886629,8.56696190883e-08
86.65,-9.80255785571e-06,-0.00382041484584,8.48808209022e-08
86.7,-9.71082558261e-06,-0.00381830346663,8.40992538395e-08
86.75,-9.61994663935e-06,-0.00381619471516,8.33248517789e-08
86.8,-9.52991315407e-06,-0.00381408857797,8.25575492043e-08
86.85,-9.44076450721e-06,-0.00381199129205,8.17976620904e-08
86.9,-9.35244484032e-06,-0.00380989660846,8.10447378758e-08
86.95,-9.26494650922e-06,-0.00380780451384,8.02987129319e-08
87.0,-9.17826193939e-06,-0.00380571499491,7.95595242117e-08
87.05,-9.09238362528e-06,-0.00380362803842,7.88271092447e-08
87.1,-9.00730412973e-06,-0.00380154363124,7.81018226883e-08
87.15,-8.92301608337e-06,-0.00379946176026,7.73831781607e-08
87.2,-8.83951218399e-06,-0.00379738241247,7.667111502e-08
87.25,-8.75678519594e-06,-0.00379530557491,7.5965573178e-08
87.3,-8.67482794954e-06,-0.00379324368557,7.52664930931e-08
87.35,-8.59363326892e-06,-0.003791191261,4.33215059798e-08
87.4,-8.51319370029e-06,-0.00378914174361,3.94477615283e-08
87.45,-8.43350267184e-06,-0.00378709473438,3.90847894189e-08
87.5,-8.35455332295e-06,-0.00378505017232,3.8725141438e-08
87.55,-8.27633880651e-06,-0.00378300804469,3.83687872346e-08
87.6,-8.19885233784e-06,-0.00378096833883,3.80160765176e-08
87.65,-8.12208719421e-06,-0.00377893104214,3.76665919679e-08
87.7,-8.04603671419e-06,-0.00377689614211,3.73203041777e-08
87.75,-7.97069429718e-06,-0.00377486362626,3.6977184007e-08
87.8,-7.89605340285e-06,-0.0037728334822,3.66372025814e-08
87.85,-7.82214664197e-06,-0.00377080569762,3.63003312896e-08
87.9,-7.74892773086e-06,-0.00376878026035,3.59665417821e-08
87.95,-7.6763903181e-06,-0.0037667571582,3.56358059667e-08
88.0,-7.60452811023e-06,-0.00376473637903,3.53080960069e-08
88.05,-7.53333487125e-06,-0.00376271791079,3.49833843177e-08
88.1,-7.4628044221e-06,-0.00376070174146,3.49751979575e-09
88.15,-7.3929302648e-06,-0.00375868828399,0.0
88.2,-7.32370667983e-06,-0.00375667714184,0.0
88.25,-7.25512769836e-06,-0.00375466825529,0.0
88.3,-7.18718736363e-06,-0.00375266161267,0.0
88.35,-7.11987977333e-06,-0.00375066148821,0.0
88.4,-7.05319906926e-06,-0.00374866545754,0.0
88.45,-6.98713945264e-06,-0.00374667165042,0.0
88.5,-6.92169518205e-06,-0.00374468005535,0.0
88.55,-6.85686056856e-06,-0.00374269066086,0.0
88.6,-6.79262997527e-06,-0.00374070345556,0.0
88.65,-6.72899781685e-06,-0.00373871842811,0.0
88.7,-6.66595855904e-06,-0.00373673556725,0.0
88.75,-6.6035067182e-06,-0.00373475486177,0.0
88.8,-6.54163686091e-06,-0.00373277630051,0.0
88.85,-6.4803759893e-06,-0.00373080607092,0.0
88.9,-6.41968573122e-06,-0.00372883797795,0.0
88.95,-6.35956081096e-06,-0.00372687201052,0.0
89.0,-6.29999600106e-06,-0.0037249081576,0.0
89.05,-6.24098612188e-06,-0.00372294640821,0.0
89.1,-6.18252604117e-06,-0.00372098675145,0.0
89.15,-6.12461067365e-06,-0.00371902917648,0.0
89.2,-6.0672349806e-06,-0.0037170736725,0.0
89.25,-6.01039396941e-06,-0.00371512022879,0.0
89.3,-5.95408269316e-06,-0.00371316883467,0.0
89.35,-5.89829625025e-06,-0.00371121947955,0.0
89.4,-4.89951465237e-06,-0.00370928134515,0.0
89.45,-3.43750393428e-06,-0.00370734507845,0.0
89.5,-3.40529426929e-06,-0.00370540706611,0.0
89.55,-3.37338480574e-06,-0.00370347115368,0.0
89.6,-3.34177276651e-06,-0.0037015373294,0.0
89.65,-3.31045539989e-06,-0.00369960558158,0.0
89.7,-3.27942997934e-06,-0.00369767589857,0.0
89.75,-3.24869380326e-06,-0.00369574826884,0.0
89.8,-3.2182441948e-06,-0.00369382268091,0.0
89.85,-3.18809443421e-06,-0.00369190150757,0.0
89.9,-3.15822564398e-06,-0.00368998602614,0.0
89.95,-3.1286352211e-06,-0.00368807256638,0.0
90.0,-3.09932059023e-06,-0.003686161117,0.0
90.05,-3.07027919959e-06,-0.00368425166675,0.0
90.1,-3.04150852077e-06,-0.00368234420445,0.0
90.15,-3.01300604847e-06,-0.00368043871901,0.0
90.2,-2.98476930038e-06,-0.00367853519939,0.0
90.25,-2.95679581688e-06,-0.00367663363464,0.0
90.3,-2.9290831609e-06,-0.00367473401385,0.0
90.35,-2.9016289177e-06,-0.00367284057885,0.0
90.4,-2.87443069068e-06,-0.00367095092467,0.0
90.45,-2.84748610756e-06,-0.00366906319615,0.0
90.5,-2.82079281958e-06,-0.00366717738257,0.0
90.55,-2.79434849948e-06,-0.00366529347326,0.0
90.6,-2.76815084135e-06,-0.0036634114576,0.0
90.65,-2.7421975604e-06,-0.00366153132507,0.0
90.7,-2.7164863928e-06,-0.0036596530652,0.0
90.75,-2.69101509549e-06,-0.00365777666758,0.0
90.8,-2.66578144595e-06,-0.00365590212189,0.0
90.85,-2.64079643955e-06,-0.00365402941784,0.0
90.9,-2.61604443636e-06,-0.00365215854528,0.0
90.95,-2.59152327835e-06,-0.00365028949406,0.0
91.0,-2.56723082727e-06,-0.0036484222541,0.0
91.05,-2.54316496447e-06,-0.00364655681541,0.0
91.1,-2.51932359074e-06,-0.00364469316802,0.0
91.15,-2.49570462613e-06,-0.00364283130206,0.0
91.2,-2.47230600976e-06,-0.00364097120771,0.0
91.25,-2.44912569968e-06,-0.00363911287521,0.0
91.3,-2.42616167266e-06,-0.00363725629486,0.0
91.35,-2.40341192405e-06,-0.00363540199877,0.0
91.4,-1.43423302292e-06,-0.00363355485321,0.0
91.45,0.0,-0.00363170691842,0.0
91.5,0.0,-0.00362985696237,0.0
91.55,0.0,-0.00362800883032,0.0
91.6,0.0,-0.0036261625115,0.0
91.65,0.0,-0.00362431799521,0.0
91.7,0.0,-0.00362247938657,0.0
91.75,0.0,-0.00362064878836,0.0
91.8,0.0,-0.0036188199587,0.0
91.85,0.0,-0.00361699525398,0.0
91.9,0.0,-0.00361517594297,0.0
91.95,0.0,-0.00361335838285,0.0
92.0,0.0,-0.0036115425632,0.0
92.05,0.0,-0.0036097284737,0.0
92.1,0.0,-0.00360791610409,0.0
92.15,0.0,-0.00360610544417,0.0
92.2,0.0,-0.00360429648385,0.0
92.25,0.0,-0.00360248921307,0.0
92.3,0.0,-0.00360068362187,0.0
92.35,0.0,-0.00359887970034,0.0
92.4,0.0,-0.00359707743866,0.0
92.45,0.0,-0.00359527682705,0.0
92.5,0.0,-0.00359347785583,0.0
92.55,0.0,-0.00359168051538,0.0
92.6,0.0,-0.00358988479614,0.0
92.65,0.0,-0.00358809068861,0.0
92.7,0.0,-0.00358629818339,0.0
92.75,0.0,-0.00358450727111,0.0
92.8,0.0,-0.00358271794249,0.0
92.85,0.0,-0.0035809301883,0.0
92.9,0.0,-0.00357914862278,0.0
92.95,0.0,-0.00357736986856,0.0
93.0,0.0,-0.00357559267479,0.0
93.05,0.0,-0.00357381703239,0.0
93.1,0.0,-0.00357204293235,0.0
93.15,0.0,-0.00357027036572,0.0
93.2,0.0,-0.00356849932361,0.0
93.25,0.0,-0.00356672979719,0.0
93.3,0.0,-0.00356496177771,0.0
93.35,0.0,-0.00356319579448,0.0
93.4,0.0,-0.00356143668142,0.0
93.45,0.0,-0.00355967906289,0.0
93.5,0.0,-0.00355792293025,0.0
93.55,0.0,-0.00355616827492,0.0
93.6,0.0,-0.0035544150884,0.0
93.65,0.0,-0.00355266336222,0.0
93.7,0.0,-0.003550913088,0.0
93.75,0.0,-0.0035491642574,0.0
93.8,0.0,-0.00354741686216,0.0
93.85,0.0,-0.00354567089406,0.0
93.9,0.0,-0.00354392634494,0.0
93.95,0.0,-0.0035421832067,0.0
94.0,0.0,-0.00354044147131,0.0
94.05,0.0,-0.00353870113078,0.0
94.1,0.0,-0.00353696217718,0.0
94.15,0.0,-0.00353522460266,0.0
94.2,0.0,-0.00353348839938,0.0
94.25,0.0,-0.0035317535596,0.0
94.3,0.0,-0.00353002902128,0.0
94.35,0.0,-0.00352830594981,0.0
94.4,0.0,-0.00352658702275,0.0
94.45,0.0,-0.00352487241349,0.0
94.5,0.0,-0.00352315914324,0.0
94.55,0.0,-0.00352144720437,0.0
94.6,0.0,-0.00351973658926,0.0
94.65,0.0,-0.00351802729039,0.0
94.7,0.0,-0.00351631930025,0.0
94.75,0.0,-0.00351461261142,0.0
94.8,0.0,-0.00351290721652,0.0
94.85,0.0,-0.0035112031082,0.0
94.9,0.0,-0.00350950487288,0.0
94.95,0.0,-0.00350780915658,0.0
95.0,0.0,-0.00350611471824,0.0
95.05,0.0,-0.00350442155064,0.0
95.1,0.0,-0.00350272964659,0.0
95.15,0.0,-0.00350103899896,0.0
95.2,0.0,-0.00349934960067,0.0
95.25,0.0,-0.00349766144469,0.0
95.3,0.0,-0.00349597452404,0.0
95.35,0.0,-0.00349428883179,0.0
95.4,0.0,-0.00349260436107,0.0
95.45,0.0,-0.00349092110504,0.0
95.5,0.0,-0.00348923905692,0.0
95.55,0.0,-0.00348755820999,0.0
95.6,0.0,-0.00348587855755,0.0
95.65,0.0,-0.00348420009299,0.0
95.7,0.0,-0.00348252280969,0.0
95.75,0.0,-0.00348084670114,0.0
95.8,0.0,-0.00347917176084,0.0
95.85,0.0,-0.00347749798233,0.0
95.9,0.0,-0.00347582639516,0.0
95.95,0.0,-0.00347416062036,0.0
96.0,0.0,-0.00347249600114,0.0
96.05,0.0,-0.00347083253111,0.0
96.1,0.0,-0.00346917020394,0.0
96.15,0.0,-0.00346750901336,0.0
96.2,0.0,-0.00346584895312,0.0
96.25,0.0,-0.00346419001703,0.0
96.3,0.0,-0.00346253219894,0.0
96.35,0.0,-0.00346087549275,0.0
96.4,0.0,-0.0034592226785,0.0
96.45,0.0,-0.00345757393014,0.0
96.5,0.0,-0.00345592628853,0.0
96.55,0.0,-0.00345427974764,0.0
96.6,0.0,-0.00345263430146,0.0
96.65,0.0,-0.00345098994403,0.0
96.7,0.0,-0.00344934666944,0.0
96.75,0.0,-0.00344770447182,0.0
96.8,0.0,-0.00344606334534,0.0
96.85,0.0,-0.00344442328421,0.0
96.9,0.0,-0.00344278428269,0.0
96.95,0.0,-0.00344114633508,0.0
97.0,0.0,-0.00343950943571,0.0
97.05,0.0,-0.00343787357896,0.0
97.1,0.0,-0.00343623875926,0.0
97.15,0.0,-0.00343461134135,0.0
97.2,0.0,-0.00343298657525,0.0
97.25,0.0,-0.00343136283254,0.0
97.3,0.0,-0.00342974010772,0.0
97.35,0.0,-0.00342811839527,0.0
97.4,0.0,-0.00342649768977,0.0
97.45,0.0,-0.00342488292054,0.0
97.5,0.0,-0.00342326983899,0.0
97.55,0.0,-0.00342165776064,0.0
97.6,0.0,-0.00342004668009,0.0
97.65,0.0,-0.00341843659197,0.0
97.7,0.0,-0.00341682749097,0.0
97.75,0.0,-0.0034152193718,0.0
97.8,0.0,-0.00341361222922,0.0
97.85,0.0,-0.00341200605802,0.0
97.9,0.0,-0.00341040188297,0.0
97.95,0.0,-0.00340880330536,0.0
98.0,0.0,-0.00340720569629,0.0
98.05,0.0,-0.00340560905059,0.0
98.1,0.0,-0.00340401336313,0.0
98.15,0.0,-0.00340241862881,0.0
98.2,0.0,-0.00340082484258,0.0
98.25,0.0,-0.00339923199943,0.0
98.3,0.0,-0.00339764009436,0.0
98.35,0.0,-0.00339604912244,0.0
98.4,0.0,-0.00339445907874,0.0
98.45,0.0,-0.00339286995841,0.0
98.5,0.0,-0.0033912817566,0.0
98.55,0.0,-0.00338969446851,0.0
98.6,0.0,-0.00338810808937,0.0
98.65,0.0,-0.00338652261445,0.0
98.7,0.0,-0.00338493803905,0.0
98.75,0.0,-0.0033833543585,0.0
98.8,0.0,-0.00338177156818,0.0
98.85,0.0,-0.0033801896635,0.0
98.9,0.0,-0.00337860863988,0.0
98.95,0.0,-0.00337703168042,0.0
99.0,0.0,-0.00337545794853,0.0
99.05,0.0,-0.00337388509643,0.0
99.1,0.0,-0.00337231311959,0.0
99.15,0.0,-0.0033707420135,0.0
99.2,0.0,-0.00336917177369,0.0
99.25,0.0,-0.00336760239572,0.0
99.3,0.0,-0.00336603387517,0.0
99.35,0.0,-0.00336446620768,0.0
99.4,0.0,-0.00336289938889,0.0
99.45,0.0,-0.00336133832205,0.0
99.5,0.0,-0.00335977878301,0.0
99.55,0.0,-0.00335822009212,0.0
99.6,0.0,-0.00335666224505,0.0
99.65,0.0,-0.00335510523751,0.0
99.7,0.0,-0.00335354906523,0.0
99.75,0.0,-0.00335199372398,0.0
99.8,0.0,-0.00335043920955,0.0
99.85,0.0,-0.00334888551778,0.0
99.9,0.0,-0.00334733264452,0.0
99.95,0.0,-0.00334578058566,0.0
100.0,0.0,-0.00334422933713,0.0
