"time","AMPA","NMDA","GABAa"
0.0,0.0,0.0,0.0
0.05,0.0,0.0,0.0
0.1,0.0,0.0,0.0
0.15,0.0,0.0,0.0
0.2,0.0,0.0,0.0
0.25,0.0,0.0,0.0
0.3,0.0,0.0,0.0
0.35,0.0,0.0,0.0
0.4,0.0,0.0,0.0
0.45,0.0,0.0,0.0
0.5,0.0,0.0,0.0
0.55,0.0,0.0,0.0
0.6,0.0,0.0,0.0
0.65,0.0,0.0,0.0
0.7,0.0,0.0,0.0
0.75,0.0,0.0,0.0
0.8,0.0,0.0,0.0
0.85,0.0,0.0,0.0
0.9,0.0,0.0,0.0
0.95,0.0,0.0,0.0
1.0,0.0,0.0,0.0
1.05,0.0,0.0,0.0
1.1,0.0,0.0,0.0
1.15,0.0,0.0,0.0
1.2,0.0,0.0,0.0
1.25,0.0,0.0,0.0
1.3,0.0,0.0,0.0
1.35,0.0,0.0,0.0
1.4,0.0,0.0,0.0
1.45,0.0,0.0,0.0
1.5,0.0,0.0,0.0
1.55,0.0,0.0,0.0
1.6,0.0,0.0,0.0
1.65,0.0,0.0,0.0
1.7,0.0,0.0,0.0
1.75,0.0,0.0,0.0
1.8,0.0,0.0,0.0
1.85,0.0,0.0,0.0
1.9,0.0,0.0,0.0
1.95,0.0,0.0,0.0
2.0,0.0,0.0,0.0
2.05,0.0,0.0,0.0
2.1,0.0,0.0,0.0
2.15,0.0,0.0,0.0
2.2,0.0,0.0,0.0
2.25,0.0,0.0,0.0
2.3,0.0,0.0,0.0
2.35,0.0,0.0,0.0
2.4,0.0,0.0,0.0
2.45,0.0,0.0,0.0
2.5,0.0,0.0,0.0
2.55,0.0,0.0,0.0
2.6,0.0,0.0,0.0
2.65,0.0,0.0,0.0
2.7,0.0,0.0,0.0
2.75,0.0,0.0,0.0
2.8,0.0,0.0,0.0
2.85,0.0,0.0,0.0
2.9,0.0,0.0,0.0
2.95,0.0,0.0,0.0
3.0,0.0,0.0,0.0
3.05,0.0,0.0,0.0
3.1,0.0,0.0,0.0
3.15,0.0,0.0,0.0
3.2,0.0,0.0,0.0
3.25,0.0,0.0,0.0
3.3,0.0,0.0,0.0
3.35,0.0,0.0,0.0
3.4,0.0,0.0,0.0
3.45,0.0,0.0,0.0
3.5,0.0,0.0,0.0
3.55,0.0,0.0,0.0
3.6,0.0,0.0,0.0
3.65,0.0,0.0,0.0
3.7,0.0,0.0,0.0
3.75,0.0,0.0,0.0
3.8,0.0,0.0,0.0
3.85,0.0,0.0,0.0
3.9,0.0,0.0,0.0
3.95,0.0,0.0,0.0
4.0,0.0,0.0,0.0
4.05,0.0,0.0,0.0
4.1,0.0,0.0,0.0
4.15,0.0,0.0,0.0
4.2,0.0,0.0,0.0
4.25,0.0,0.0,0.0
4.3,0.0,0.0,0.0
4.35,0.0,0.0,0.0
4.4,0.0,0.0,0.0
4.45,0.0,0.0,0.0
4.5,0.0,0.0,0.0
4.55,0.0,0.0,0.0
4.6,0.0,0.0,0.0
4.65,0.0,0.0,0.0
4.7,0.0,0.0,0.0
4.75,0.0,0.0,0.0
4.8,0.0,0.0,0.0
4.85,0.0,0.0,0.0
4.9,0.0,0.0,0.0
4.95,0.0,0.0,0.0
5.0,0.0,0.0,0.0
5.05,0.0,0.0,0.0
5.1,0.0,0.0,0.0
5.15,0.0,0.0,0.0
5.2,0.0,0.0,0.0
5.25,0.0,0.0,0.0
5.3,0.0,0.0,0.0
5.35,0.0,0.0,0.0
5.4,0.0,0.0,0.0
5.45,0.0,0.0,0.0
5.5,0.0,0.0,0.0
5.55,0.0,0.0,0.0
5.6,0.0,0.0,0.0
5.65,0.0,0.0,0.0
5.7,0.0,0.0,0.0
5.75,0.0,0.0,0.0
5.8,0.0,0.0,0.0
5.85,0.0,0.0,0.0
5.9,0.0,0.0,0.0
5.95,0.0,0.0,0.0
6.0,0.0,0.0,0.0
6.05,0.0,0.0,0.0
6.1,0.0,0.0,0.0
6.15,0.0,0.0,0.0
6.2,0.0,0.0,0.0
6.25,0.0,0.0,0.0
6.3,0.0,0.0,0.0
6.35,0.0,0.0,0.0
6.4,0.0,0.0,0.0
6.45,0.0,0.0,0.0
6.5,0.0,0.0,0.0
6.55,0.0,0.0,0.0
6.6,0.0,0.0,0.0
6.65,0.0,0.0,0.0
6.7,0.0,0.0,0.0
6.75,0.0,0.0,0.0
6.8,0.0,0.0,0.0
6.85,0.0,0.0,0.0
6.9,0.0,0.0,0.0
6.95,0.0,0.0,0.0
7.0,0.0,0.0,0.0
7.05,0.0,0.0,0.0
7.1,0.0,0.0,0.0
7.15,0.0,0.0,0.0
7.2,0.0,0.0,0.0
7.25,0.0,0.0,0.0
7.3,0.0,0.0,0.0
7.35,0.0,0.0,0.0
7.4,0.0,0.0,0.0
7.45,0.0,0.0,0.0
7.5,0.0,0.0,0.0
7.55,0.0,0.0,0.0
7.6,0.0,0.0,0.0
7.65,0.0,0.0,0.0
7.7,0.0,0.0,0.0
7.75,0.0,0.0,0.0
7.8,0.0,0.0,0.0
7.85,0.0,0.0,0.0
7.9,0.0,0.0,0.0
7.95,0.0,0.0,0.0
8.0,0.0,0.0,0.0
8.05,0.0,0.0,0.0
8.1,0.0,0.0,0.0
8.15,0.0,0.0,0.0
8.2,0.0,0.0,0.0
8.25,0.0,0.0,0.0
8.3,0.0,0.0,0.0
8.35,0.0,0.0,0.0
8.4,0.0,0.0,0.0
8.45,0.0,0.0,0.0
8.5,0.0,0.0,0.0
8.55,0.0,0.0,0.0
8.6,0.0,0.0,0.0
8.65,0.0,0.0,0.0
8.7,0.0,0.0,0.0
8.75,0.0,0.0,0.0
8.8,0.0,0.0,0.0
8.85,0.0,0.0,0.0
8.9,0.0,0.0,0.0
8.95,0.0,0.0,0.0
9.0,0.0,0.0,0.0
9.05,0.0,0.0,0.0
9.1,0.0,0.0,0.0
9.15,0.0,0.0,0.0
9.2,0.0,0.0,0.0
9.25,0.0,0.0,0.0
9.3,0.0,0.0,0.0
9.35,0.0,0.0,0.0
9.4,0.0,0.0,0.0
9.45,0.0,0.0,0.0
9.5,0.0,0.0,0.0
9.55,0.0,0.0,0.0
9.6,0.0,0.0,0.0
9.65,0.0,0.0,0.0
9.7,0.0,0.0,0.0
9.75,0.0,0.0,0.0
9.8,0.0,0.0,0.0
9.85,0.0,0.0,0.0
9.9,0.0,0.0,0.0
9.95,0.0,0.0,0.0
10.0,0.0,0.0,0.0
10.05,0.0,0.0,0.0
10.1,0.0,0.0,0.0
10.15,0.0,0.0,0.0
10.2,0.0,0.0,0.0
10.25,0.0,0.0,0.0
10.3,0.0,0.0,0.0
10.35,0.0,0.0,0.0
10.4,0.0,0.0,0.0
10.45,0.0,0.0,0.0
10.5,0.0,0.0,0.0
10.55,0.0,0.0,0.0
10.6,0.0,0.0,0.0
10.65,0.0,0.0,0.0
10.7,0.0,0.0,0.0
10.75,0.0,0.0,0.0
10.8,0.0,0.0,0.0
10.85,0.0,0.0,0.0
10.9,0.0,0.0,0.0
10.95,0.0,0.0,0.0
11.0,0.0,0.0,0.0
11.05,0.0,0.0,0.0
11.1,0.0,0.0,0.0
11.15,0.0,0.0,0.0
11.2,0.0,0.0,0.0
11.25,0.0,0.0,0.0
11.3,0.0,0.0,0.0
11.35,0.0,0.0,0.0
11.4,0.0,0.0,0.0
11.45,0.0,0.0,0.0
11.5,0.0,0.0,0.0
11.55,0.0,0.0,0.0
11.6,0.0,0.0,0.0
11.65,0.0,0.0,0.0
11.7,0.0,0.0,0.0
11.75,0.0,0.0,0.0
11.8,0.0,0.0,0.0
11.85,0.0,0.0,0.0
11.9,0.0,0.0,0.0
11.95,0.0,0.0,0.0
12.0,0.0,0.0,0.0
12.05,0.0,0.0,0.0
12.1,0.0,0.0,0.0
12.15,0.0,0.0,0.0
12.2,0.0,0.0,0.0
12.25,0.0,0.0,0.0
12.3,0.0,0.0,0.0
12.35,0.0,0.0,0.0
12.4,0.0,0.0,0.0
12.45,0.0,0.0,0.0
12.5,0.0,0.0,0.0
12.55,0.0,0.0,0.0
12.6,0.0,0.0,0.0
12.65,0.0,0.0,0.0
12.7,0.0,0.0,0.0
12.75,0.0,0.0,0.0
12.8,0.0,0.0,0.0
12.85,0.0,0.0,0.0
12.9,0.0,0.0,0.0
12.95,0.0,0.0,0.0
13.0,0.0,0.0,0.0
13.05,0.0,0.0,0.0
13.1,0.0,0.0,0.0
13.15,0.0,0.0,0.0
13.2,0.0,0.0,0.0
13.25,0.0,0.0,0.0
13.3,0.0,0.0,0.0
13.35,0.0,0.0,0.0
13.4,0.0,0.0,0.0
13.45,0.0,0.0,0.0
13.5,0.0,0.0,0.0
13.55,0.0,0.0,0.0
13.6,0.0,0.0,0.0
13.65,0.0,0.0,0.0
13.7,0.0,0.0,0.0
13.75,0.0,0.0,0.0
13.8,0.0,0.0,0.0
13.85,0.0,0.0,0.0
13.9,0.0,0.0,0.0
13.95,0.0,0.0,0.0
14.0,0.0,0.0,0.0
14.05,0.0,0.0,0.0
14.1,0.0,0.0,0.0
14.15,0.0,0.0,0.0
14.2,0.0,0.0,0.0
14.25,0.0,0.0,0.0
14.3,0.0,0.0,0.0
14.35,0.0,0.0,0.0
14.4,0.0,0.0,0.0
14.45,0.0,0.0,0.0
14.5,0.0,0.0,0.0
14.55,0.0,0.0,0.0
14.6,0.0,0.0,0.0
14.65,0.0,0.0,0.0
14.7,0.0,0.0,0.0
14.75,0.0,0.0,0.0
14.8,0.0,0.0,0.0
14.85,0.0,0.0,0.0
14.9,0.0,0.0,0.0
14.95,0.0,0.0,0.0
15.0,0.0,0.0,0.0
15.05,0.0,0.0,0.0
15.1,0.0,0.0,0.0
15.15,0.0,0.0,0.0
15.2,0.0,0.0,0.0
15.25,0.0,0.0,0.0
15.3,0.0,0.0,0.0
15.35,0.0,0.0,0.0
15.4,0.0,0.0,0.0
15.45,0.0,0.0,0.0
15.5,0.0,0.0,0.0
15.55,0.0,0.0,0.0
15.6,0.0,0.0,0.0
15.65,0.0,0.0,0.0
15.7,0.0,0.0,0.0
15.75,0.0,0.0,0.0
15.8,0.0,0.0,0.0
15.85,0.0,0.0,0.0
15.9,0.0,0.0,0.0
15.95,0.0,0.0,0.0
16.0,0.0,0.0,0.0
16.05,0.0,0.0,0.0
16.1,0.0,0.0,0.0
16.15,0.0,0.0,0.0
16.2,0.0,0.0,0.0
16.25,0.0,0.0,0.0
16.3,0.0,0.0,0.0
16.35,0.0,0.0,0.0
16.4,0.0,0.0,0.0
16.45,0.0,0.0,0.0
16.5,0.0,0.0,0.0
16.55,0.0,0.0,0.0
16.6,0.0,0.0,0.0
16.65,0.0,0.0,0.0
16.7,0.0,0.0,0.0
16.75,0.0,0.0,0.0
16.8,0.0,0.0,0.0
16.85,0.0,0.0,0.0
16.9,0.0,0.0,0.0
16.95,0.0,0.0,0.0
17.0,0.0,0.0,0.0
17.05,0.0,0.0,0.0
17.1,0.0,0.0,0.0
17.15,0.0,0.0,0.0
17.2,0.0,0.0,0.0
17.25,0.0,0.0,0.0
17.3,0.0,0.0,0.0
17.35,0.0,0.0,0.0
17.4,0.0,0.0,0.0
17.45,0.0,0.0,0.0
17.5,0.0,0.0,0.0
17.55,0.0,0.0,0.0
17.6,0.0,0.0,0.0
17.65,0.0,0.0,0.0
17.7,0.0,0.0,0.0
17.75,0.0,0.0,0.0
17.8,0.0,0.0,0.0
17.85,0.0,0.0,0.0
17.9,0.0,0.0,0.0
17.95,0.0,0.0,0.0
18.0,0.0,0.0,0.0
18.05,0.0,0.0,0.0
18.1,0.0,0.0,0.0
18.15,0.0,0.0,0.0
18.2,0.0,0.0,0.0
18.25,0.0,0.0,0.0
18.3,0.0,0.0,0.0
18.35,0.0,0.0,0.0
18.4,0.0,0.0,0.0
18.45,0.0,0.0,0.0
18.5,0.0,0.0,0.0
18.55,0.0,0.0,0.0
18.6,0.0,0.0,0.0
18.65,0.0,0.0,0.0
18.7,0.0,0.0,0.0
18.75,0.0,0.0,0.0
18.8,0.0,0.0,0.0
18.85,0.0,0.0,0.0
18.9,0.0,0.0,0.0
18.95,0.0,0.0,0.0
19.0,0.0,0.0,0.0
19.05,0.0,0.0,0.0
19.1,0.0,0.0,0.0
19.15,0.0,0.0,0.0
19.2,0.0,0.0,0.0
19.25,0.0,0.0,0.0
19.3,0.0,0.0,0.0
19.35,0.0,0.0,0.0
19.4,0.0,0.0,0.0
19.45,0.0,0.0,0.0
19.5,0.0,0.0,0.0
19.55,0.0,0.0,0.0
19.6,0.0,0.0,0.0
19.65,0.0,0.0,0.0
19.7,0.0,0.0,0.0
19.75,0.0,0.0,0.0
19.8,0.0,0.0,0.0
19.85,0.0,0.0,0.0
19.9,0.0,0.0,0.0
19.95,0.0,0.0,0.0
20.0,0.0,0.0,0.0
20.05,0.0,0.0,0.0
20.1,0.0,0.0,0.0
20.15,0.0,0.0,0.0
20.2,0.0,0.0,0.0
20.25,0.0,0.0,0.0
20.3,0.0,0.0,0.0
20.35,0.0,0.0,0.0
20.4,0.0,0.0,0.0
20.45,0.0,0.0,0.0
20.5,0.0,0.0,0.0
20.55,0.0,0.0,0.0
20.6,0.0,0.0,0.0
20.65,0.0,0.0,0.0
20.7,0.0,0.0,0.0
20.75,0.0,0.0,0.0
20.8,0.0,0.0,0.0
20.85,0.0,0.0,0.0
20.9,0.0,0.0,0.0
20.95,0.0,0.0,0.0
21.0,0.0,0.0,0.0
21.05,0.0,0.0,0.0
21.1,0.0,0.0,0.0
21.15,0.0,0.0,0.0
21.2,0.0,0.0,0.0
21.25,0.0,0.0,0.0
21.3,0.0,0.0,0.0
21.35,0.0,0.0,0.0
21.4,0.0,0.0,0.0
21.45,0.0,0.0,0.0
21.5,0.0,0.0,0.0
21.55,0.0,0.0,0.0
21.6,0.0,0.0,0.0
21.65,0.0,0.0,0.0
21.7,0.0,0.0,0.0
21.75,0.0,0.0,0.0
21.8,0.0,0.0,0.0
21.85,0.0,0.0,0.0
21.9,0.0,0.0,0.0
21.95,0.0,0.0,0.0
22.0,0.0,0.0,0.0
22.05,0.0,0.0,0.0
22.1,0.0,0.0,0.0
22.15,0.0,0.0,0.0
22.2,0.0,0.0,0.0
22.25,0.0,0.0,0.0
22.3,0.0,0.0,0.0
22.35,0.0,0.0,0.0
22.4,0.0,0.0,0.0
22.45,0.0,0.0,0.0
22.5,0.0,0.0,0.0
22.55,0.0,0.0,0.0
22.6,0.0,0.0,0.0
22.65,0.0,0.0,0.0
22.7,0.0,0.0,0.0
22.75,0.0,0.0,0.0
22.8,0.0,0.0,0.0
22.85,0.0,0.0,0.0
22.9,0.0,0.0,0.0
22.95,0.0,0.0,0.0
23.0,0.0,0.0,0.0
23.05,0.0,0.0,0.0
23.1,0.0,0.0,0.0
23.15,0.0,0.0,0.0
23.2,0.0,0.0,0.0
23.25,0.0,0.0,0.0
23.3,0.0,0.0,0.0
23.35,0.0,0.0,0.0
23.4,0.0,0.0,0.0
23.45,0.0,0.0,0.0
23.5,0.0,0.0,0.0
23.55,0.0,0.0,0.0
23.6,0.0,0.0,0.0
23.65,0.0,0.0,0.0
23.7,0.0,0.0,0.0
23.75,0.0,0.0,0.0
23.8,0.0,0.0,0.0
23.85,0.0,0.0,0.0
23.9,0.0,0.0,0.0
23.95,0.0,0.0,0.0
24.0,0.0,0.0,0.0
24.05,0.0,0.0,0.0
24.1,0.0,0.0,0.0
24.15,0.0,0.0,0.0
24.2,0.0,0.0,0.0
24.25,0.0,0.0,0.0
24.3,0.0,0.0,0.0
24.35,0.0,0.0,0.0
24.4,0.0,0.0,0.0
24.45,0.0,0.0,0.0
24.5,0.0,0.0,0.0
24.55,0.0,0.0,0.0
24.6,0.0,0.0,0.0
24.65,0.0,0.0,0.0
24.7,0.0,0.0,0.0
24.75,0.0,0.0,0.0
24.8,0.0,0.0,0.0
24.85,0.0,0.0,0.0
24.9,0.0,0.0,0.0
24.95,0.0,0.0,0.0
25.0,0.0,0.0,0.0
25.05,0.0,0.0,0.0
25.1,0.0,0.0,0.0
25.15,0.0,0.0,0.0
25.2,0.0,0.0,0.0
25.25,0.0,0.0,0.0
25.3,0.0,0.0,0.0
25.35,0.0,0.0,0.0
25.4,0.0,0.0,0.0
25.45,0.0,0.0,0.0
25.5,0.0,0.0,0.0
25.55,0.0,0.0,0.0
25.6,0.0,0.0,0.0
25.65,0.0,0.0,0.0
25.7,0.0,0.0,0.0
25.75,0.0,0.0,0.0
25.8,0.0,0.0,0.0
25.85,0.0,0.0,0.0
25.9,0.0,0.0,0.0
25.95,0.0,0.0,0.0
26.0,0.0,0.0,0.0
26.05,0.0,0.0,0.0
26.1,0.0,0.0,0.0
26.15,0.0,0.0,0.0
26.2,0.0,0.0,0.0
26.25,0.0,0.0,0.0
26.3,0.0,0.0,0.0
26.35,0.0,0.0,0.0
26.4,0.0,0.0,0.0
26.45,0.0,0.0,0.0
26.5,0.0,0.0,0.0
26.55,0.0,0.0,0.0
26.6,0.0,0.0,0.0
26.65,0.0,0.0,0.0
26.7,0.0,0.0,0.0
26.75,0.0,0.0,5.70432590052e-18
26.8,0.0,0.0,7.70856400236e-06
26.85,0.0,0.0,2.13668223085e-05
26.9,0.0,0.0,3.19086593735e-05
26.95,0.0,0.0,4.00451445335e-05
27.0,0.0,0.0,5.40336693583e-05
27.05,0.0,0.0,8.02475315528e-05
27.1,0.0,0.0,0.000100480132753
27.15,0.0,0.0,0.000116096211518
27.2,0.0,0.0,0.000128149118957
27.25,0.0,0.0,0.000137451866041
27.3,0.0,0.0,0.000144631941146
27.35,0.0,0.0,0.000150173683445
27.4,0.0,0.0,0.000154450939176
27.45,0.0,0.0,0.000157752229137
27.5,0.0,0.0,0.000160300222892
27.55,0.0,0.0,0.000162266787884
27.6,0.0,0.0,0.000163784638437
27.65,0.0,0.0,0.000164956157292
27.7,0.0,0.0,0.000165860366891
27.75,0.0,0.0,0.000166502047808
27.8,0.0,0.0,0.000166640769174
27.85,0.0,0.0,0.000166381632928
27.9,0.0,0.0,0.000166050463602
27.95,0.0,0.0,0.000165608646536
28.0,0.0,0.0,0.000164726035328
28.05,0.0,0.0,0.000163250567429
28.1,0.0,0.0,0.000161788152998
28.15,0.0,0.0,0.000160338678346
28.2,0.0,0.0,0.000158902030754
28.25,0.0,0.0,0.000157478098467
28.3,0.0,0.0,0.000156067074144
28.35,0.0,0.0,0.000154668841889
28.4,0.0,0.0,0.000153282983374
28.45,0.0,0.0,0.00015190939079
28.5,0.0,0.0,0.000150548260712
28.55,0.0,0.0,0.000149199784587
28.6,0.0,0.0,0.000147863238432
28.65,0.0,0.0,0.000146538518345
28.7,0.0,0.0,0.000152934085312
28.75,0.0,0.0,0.000157582403492
28.8,0.0,0.0,0.000160884967121
28.85,0.0,0.0,0.000163151421458
28.9,0.0,0.0,0.000164620460566
28.95,0.0,0.0,0.000165476512931
29.0,0.0,0.0,0.000165862182075
29.05,0.0,0.0,0.000165887570165
29.1,0.0,0.0,0.000165636860697
29.15,0.0,0.0,0.000172884008732
29.2,0.0,0.0,0.000178212010878
29.25,0.0,0.0,0.000182061131722
29.3,0.0,0.0,0.00018477139027
29.35,0.0,0.0,0.000186605003651
29.4,0.0,0.0,0.000187764084983
29.45,0.0,0.0,0.000188404811307
29.5,0.0,0.0,0.00018864795866
29.55,0.0,0.0,0.000188586778856
29.6,0.0,0.0,0.000188511822302
29.65,0.0,0.0,0.000190324874131
29.7,0.0,0.0,0.000191228900447
29.75,0.0,0.0,0.000191879142241
29.8,0.0,0.0,0.000194491981414
29.85,0.0,0.0,0.000196300066503
29.9,0.0,0.0,0.000197488864492
29.95,0.0,0.0,0.000206123604543
30.0,0.0,0.0,0.000214904806066
30.05,0.0,0.0,0.000221527794263
30.1,0.0,0.0,0.000226429983207
30.15,0.0,0.0,0.000229761239741
30.2,0.0,0.0,0.000232116123094
30.25,0.0,0.0,0.000233719090903
30.3,0.0,0.0,0.000234743602989
30.35,0.0,0.0,0.000235323537513
30.4,0.0,0.0,0.000235562201667
30.45,0.0,0.0,0.0002432478592
30.5,0.0,0.0,0.000248974824374
30.55,0.0,0.0,0.000253191878322
30.6,0.0,0.0,0.000256229682213
30.65,0.0,0.0,0.000258072950316
30.7,0.0,0.0,0.000259231756597
30.75,0.0,0.0,0.000260032280405
30.8,0.0,0.0,0.000263131046243
30.85,0.0,0.0,0.000265239582853
30.9,0.0,0.0,0.000266530126231
30.95,0.0,0.0,0.000266931090652
31.0,0.0,0.0,0.00026659727966
31.05,0.0,0.0,0.000265934895294
31.1,0.0,0.0,0.000265022492111
31.15,0.0,0.0,0.000263921252206
31.2,0.0,0.0,0.00026267757678
31.25,0.0,0.0,0.00026132725347
31.3,0.0,0.0,0.000259898370837
31.35,0.0,0.0,0.000258412048757
31.4,0.0,0.0,0.000256828577158
31.45,0.0,0.0,0.000254929671278
31.5,0.0,0.0,0.000253025344089
31.55,0.0,0.0,0.000251120340209
31.6,0.0,0.0,0.000249375804859
31.65,0.0,0.0,0.000251342457096
31.7,0.0,0.0,0.000252721111936
31.75,0.0,0.0,0.000254772477509
31.8,0.0,0.0,0.000263434733524
31.85,0.0,0.0,0.000269729101534
31.9,0.0,0.0,0.000274199325121
31.95,0.0,0.0,0.000277265634651
32.0,0.0,0.0,0.000279251586043
32.05,0.0,0.0,0.000280406838414
32.1,0.0,0.0,0.000280924276688
32.15,0.0,0.0,0.000280952968514
32.2,0.0,0.0,0.000280607757487
32.25,0.0,0.0,0.000279977042243
32.3,0.0,0.0,0.000279129737449
32.35,0.0,0.0,0.000278118041879
32.4,0.0,0.0,0.000276982631779
32.45,0.0,0.0,0.000275755405658
32.5,0.0,0.0,0.00027446026017
32.55,0.0,0.0,0.000273115573883
32.6,0.0,0.0,0.000271708683747
32.65,0.0,0.0,0.000269982566951
32.7,0.0,0.0,0.000268238672264
32.75,0.0,0.0,0.000266135870044
32.8,0.0,0.0,0.000263938319674
32.85,0.0,0.0,0.000264719350714
32.9,0.0,0.0,0.000264844467192
32.95,0.0,0.0,0.00026446804298
33.0,0.0,0.0,0.000263708555903
33.05,0.0,0.0,0.000262657379387
33.1,0.0,0.0,0.000261385185594
33.15,0.0,0.0,0.000259946790289
33.2,0.0,0.0,0.000258580252443
33.25,0.0,0.0,0.000259835257569
33.3,0.0,0.0,0.000260402513369
33.35,0.0,0.0,0.000260442053181
33.4,0.0,0.0,0.000260077821286
33.45,0.0,0.0,0.000259405884972
33.5,0.0,0.0,0.000258707461881
33.55,0.0,0.0,0.00026024723605
33.6,0.0,0.0,0.000261100007195
33.65,0.0,0.0,0.000261425779365
33.7,0.0,0.0,0.000261347685922
33.75,0.0,0.0,0.000260960941314
33.8,0.0,0.0,0.000260317584046
33.85,0.0,0.0,0.000259198515678
33.9,0.0,0.0,0.000257950642956
33.95,0.0,0.0,0.000256606950038
34.0,0.0,0.0,0.000255192713254
34.05,0.0,0.0,0.000253727209983
34.1,0.0,0.0,0.000252361610527
34.15,0.0,0.0,0.000255212857685
34.2,0.0,0.0,0.000257059285044
34.25,0.0,0.0,0.000258276366203
34.3,0.0,0.0,0.000263508968143
34.35,0.0,0.0,0.000267249183939
34.4,0.0,0.0,0.000269839933948
34.45,0.0,0.0,0.000271546289496
34.5,0.0,0.0,0.000272555050727
34.55,0.0,0.0,0.000272743604669
34.6,0.0,0.0,0.000272537295105
34.65,0.0,0.0,0.00027202955637
34.7,0.0,0.0,0.000271292084033
34.75,0.0,0.0,0.000270587291971
34.8,0.0,0.0,0.000272194319447
34.85,0.0,0.0,0.000273143496845
34.9,0.0,0.0,0.000273587285099
34.95,0.0,0.0,0.000273643717297
35.0,0.0,0.0,0.00027340374592
35.05,0.0,0.0,0.000272937690147
35.1,0.0,0.0,0.000272268447482
35.15,0.0,0.0,0.000271174458279
35.2,0.0,0.0,0.000269990318977
35.25,0.0,0.0,0.000268706383649
35.3,0.0,0.0,0.000266778131065
35.35,0.0,0.0,0.000264826967519
35.4,0.0,0.0,0.000262862019448
35.45,0.0,0.0,0.000260890643422
35.5,0.0,0.0,0.000258918365884
35.55,0.0,0.0,0.000256949546232
35.6,0.0,0.0,0.000254987131868
35.65,0.0,0.0,0.000253252233888
35.7,0.0,0.0,0.000253675009248
35.75,0.0,0.0,0.000253600111318
35.8,0.0,0.0,0.000252861082577
35.85,0.0,0.0,0.000251847826538
35.9,0.0,0.0,0.000250626833898
35.95,0.0,0.0,0.000249249525189
36.0,0.0,0.0,0.000247755448365
36.05,0.0,0.0,0.000246513565041
36.1,0.0,0.0,0.000252006190214
36.15,0.0,0.0,0.000255899656176
36.2,0.0,0.0,0.000258724686508
36.25,0.0,0.0,0.000264414578325
36.3,0.0,0.0,0.00026978393477
36.35,0.0,0.0,0.00027368475782
36.4,0.0,0.0,0.000276454277092
36.45,0.0,0.0,0.000278352758725
36.5,0.0,0.0,0.000279581189878
36.55,0.0,0.0,0.000280294690895
36.6,0.0,0.0,0.000280612633356
36.65,0.0,0.0,0.000280611939905
36.7,0.0,0.0,0.000280080901872
36.75,0.0,0.0,0.000279485547472
36.8,0.0,0.0,0.000283736050804
36.85,0.0,0.0,0.000286752539802
36.9,0.0,0.0,0.000288818916028
36.95,0.0,0.0,0.000290154284067
37.0,0.0,0.0,0.000290927735975
37.05,0.0,0.0,0.000291220386004
37.1,0.0,0.0,0.00029059048715
37.15,0.0,0.0,0.00028972185744
37.2,0.0,0.0,0.000288861064476
37.25,0.0,0.0,0.000289804533312
37.3,0.0,0.0,0.000289838787191
37.35,0.0,0.0,0.000289410476954
37.4,0.0,0.0,0.000288629171133
37.45,0.0,0.0,0.000287579403334
37.5,0.0,0.0,0.000286326384592
37.55,0.0,0.0,0.00028492060686
37.6,0.0,0.0,0.000283401268187
37.65,0.0,0.0,0.000281797862575
37.7,0.0,0.0,0.000280133498893
37.75,0.0,0.0,0.00027838966024
37.8,2.15993889441e-16,3.6450899751e-17,0.000276323704592
37.85,7.98808329398e-05,8.44237129975e-07,0.000274247489866
37.9,0.000154795669012,1.69979964727e-06,0.000272167620658
37.95,0.000225014975925,2.57846069028e-06,0.000270089157454
38.0,0.000290858642113,3.49345468892e-06,0.00026819651331
38.05,0.000352584904326,4.46228574417e-06,0.000269422617579
38.1,0.000410455746042,5.48838193921e-06,0.000269948100919
38.15,0.000464716135727,6.58996746301e-06,0.000269936114465
38.2,0.000515579515886,7.77506543053e-06,0.000269496858921
38.25,0.000563276984045,9.05089939942e-06,0.000268446056589
38.3,0.000607981383207,1.04336805345e-05,0.000267163134728
38.35,0.000649906537145,1.19240907547e-05,0.000265704611695
38.4,0.000689200848768,1.35378422785e-05,0.000264114700539
38.45,0.000726049451571,1.52822940454e-05,0.000262427490106
38.5,0.000760591125661,1.71601137684e-05,0.000260669255354
38.55,0.000792977848746,1.91880880635e-05,0.000258860395083
38.6,0.000823341679847,2.13639735999e-05,0.000257231516875
38.65,0.000851806773347,2.37001383556e-05,0.00025782142107
38.7,0.000878498043473,2.61995619282e-05,0.000258109358954
38.75,0.000903516346367,2.88580340271e-05,0.000259946298224
38.8,0.000903516346367,3.01582239805e-05,0.000261168268721
38.85,0.000894975715403,3.14333112715e-05,0.000265937945695
38.9,0.000886515592469,3.26620398263e-05,0.000269318862543
38.95,0.000878135221,3.38442264128e-05,0.000271630550997
39.0,0.000869833851517,3.49793486883e-05,0.000273096920654
39.05,0.000861610741559,3.60674592056e-05,0.000273634506481
39.1,0.00085346515562,3.71107366356e-05,0.000273693542743
39.15,0.000845396365081,3.81099096259e-05,0.000273386184801
39.2,0.00083740364815,3.90651895982e-05,0.000272799166166
39.25,0.000829486289792,3.9977395818e-05,0.000271999902199
39.3,0.000821643581674,4.08478799729e-05,0.000271040158859
39.35,0.000813874822093,4.16777031057e-05,0.000269959058295
39.4,0.000806179315925,4.2466425326e-05,0.000268787316604
39.45,0.000798556374553,4.32173756143e-05,0.000267548601685
39.5,0.000791005315814,4.3929357861e-05,0.000266464623243
39.55,0.000783525463936,4.46033401613e-05,0.000267871058787
39.6,0.000776116149476,4.52279895579e-05,0.000268877132466
39.65,0.000768776709266,4.58053535116e-05,0.000271515225597
39.7,0.000761506486349,4.63277075996e-05,0.000275212500953
39.75,0.000754304829926,4.67902391512e-05,0.000280455284487
39.8,0.000747171095295,4.71868975632e-05,0.000284207515533
39.85,0.00074010834251,4.75264772592e-05,0.000286729132816
39.9,0.000733112166575,4.78174704234e-05,0.000291288320569
39.95,0.000726181941843,4.80512096456e-05,0.000294525419569
40.0,0.000719317048525,4.82363423153e-05,0.000296744585901
40.05,0.000712516872636,4.8380434501e-05,0.000298321363385
40.1,0.000705780805942,4.84901249191e-05,0.000303424611506
40.15,0.000699108245907,4.85461152425e-05,0.000307122390115
40.2,0.000692498595635,4.8558797421e-05,0.000309737283104
40.25,0.000685951263825,4.85367483696e-05,0.000311518793504
40.3,0.000679465664711,4.84866834632e-05,0.000312658941414
40.35,0.000673041218017,4.84139802857e-05,0.00031330645116
40.4,0.0006666773489,4.83227100267e-05,0.000313575541854
40.45,0.000660373487905,4.8217030788e-05,0.000313554609538
40.5,0.00065412907091,4.809874823e-05,0.000313293429618
40.55,0.000647943539079,4.79699454151e-05,0.000312565689818
40.6,0.00064181633881,4.78339188274e-05,0.000311699495397
40.65,0.00063574692169,4.76919217654e-05,0.000310430499212
40.7,0.000629734744443,4.75475948426e-05,0.000308778114178
40.75,0.000623779268885,4.74028786917e-05,0.000306788360771
40.8,0.000617879961873,4.72593275058e-05,0.000304777190512
40.85,0.000612039353946,4.71170873361e-05,0.000302732850317
40.9,0.000606253802355,4.69765123027e-05,0.000300386278184
40.95,0.000600522789712,4.68403437394e-05,0.000298046106245
41.0,0.000594845803479,4.67072429769e-05,0.000295952513775
41.05,0.000589222335915,4.65757948378e-05,0.000295515044299
41.1,0.000583651884036,4.64369683784e-05,0.000294412567709
41.15,0.000578133949568,4.62952918784e-05,0.000293036488998
41.2,0.000572668038903,4.61529863416e-05,0.000291453952703
41.25,0.00056725366306,4.60103807976e-05,0.000289716995792
41.3,0.000561890337634,4.58683929517e-05,0.000287864979366
41.35,0.000556577582759,4.57276833655e-05,0.000285928938841
41.4,0.000551314923066,4.55898583038e-05,0.000283932637997
41.45,0.000546101887637,4.54542895335e-05,0.000281894033381
41.5,0.000540938009967,4.53209540695e-05,0.000280021458127
41.55,0.000535822827921,4.51889524428e-05,0.000280893515592
41.6,0.000530755883693,4.50442739029e-05,0.000281124495959
41.65,0.000525736723768,4.48918822209e-05,0.000281082732873
41.7,0.000520764898879,4.47325372474e-05,0.000282819184415
41.75,0.000515839963969,4.45575420027e-05,0.000283776772321
41.8,0.000510961478151,4.43726531726e-05,0.000284136197196
41.85,0.000506131534079,4.41816388974e-05,0.000284037303077
41.9,0.000501347119345,4.39863015056e-05,0.000283588275487
41.95,0.000496607806094,4.37894474176e-05,0.000282872087219
42.0,0.000491913170475,4.35928978908e-05,0.000281940750319
42.05,0.000487262792608,4.33966395484e-05,0.000280557008362
42.1,0.000482656256547,4.32038175992e-05,0.000279063198538
42.15,0.000478093150238,4.30150896432e-05,0.000277488242982
42.2,0.000473573065489,4.28296477576e-05,0.000275854443833
42.25,0.00046909559793,4.26483258997e-05,0.00027417920557
42.3,0.000464660346981,4.24717439694e-05,0.000272699702985
42.35,0.000460266915811,4.22976484655e-05,0.000273192117332
42.4,0.000455914911309,4.21169668371e-05,0.000273217537606
42.45,0.000451603944045,4.19337366892e-05,0.000272885458411
42.5,0.00044733362824,4.17482082299e-05,0.0002722604128
42.55,0.000443103581725,4.15620210341e-05,0.000271131276151
42.6,0.000438913425914,4.13792233702e-05,0.000269851522776
42.65,0.000434762785769,4.11986659473e-05,0.000268622554552
42.7,0.000430651289765,4.10200676394e-05,0.000270153630878
42.75,0.000426578569857,4.08330180358e-05,0.000270910705808
42.8,0.000422544261451,4.06396631312e-05,0.000271280977276
42.85,0.000418550095083,4.04423259399e-05,0.000273629832986
42.9,0.000414593579619,4.02342705953e-05,0.00027507432825
42.95,0.000410674361237,4.00182638321e-05,0.000275823890813
43.0,0.000406792089431,3.97991750036e-05,0.000276040318834
43.05,0.000402946416978,3.95790128449e-05,0.000275849261816
43.1,0.000399136999906,3.9359252832e-05,0.000275346477262
43.15,0.000395363497465,3.91425716353e-05,0.000274606056889
43.2,0.000391625572095,3.89280963967e-05,0.000273685639642
43.25,0.000387922889401,3.87183033604e-05,0.000272629369626
43.3,0.000384255118117,3.85122915585e-05,0.000271456611727
43.35,0.000380621930082,3.8310585876e-05,0.000269909536
43.4,0.000377023000208,3.81155137192e-05,0.000268312520526
43.45,0.000373458006453,3.79254274978e-05,0.000266680361671
43.5,0.000369926629793,3.7741513209e-05,0.000265024616129
43.55,0.00036642855419,3.75631261697e-05,0.000263354900914
43.6,0.00036296346657,3.73894042723e-05,0.000261677516159
43.65,0.000359531056791,3.7221565993e-05,0.000259974566069
43.7,0.000356131017616,3.70585764748e-05,0.000257976856686
43.75,0.000352763044688,3.69009404995e-05,0.000255990481539
43.8,0.000349426836502,3.67494191665e-05,0.00025399888155
43.85,0.000346123824142,3.66034008863e-05,0.000251723370747
43.9,0.00034285194754,3.64631417213e-05,0.000249468190384
43.95,0.000339610914101,3.63284761127e-05,0.000247232966784
44.0,0.000336400433971,3.62002513445e-05,0.00024517988619
44.05,0.00033322022001,3.60763418935e-05,0.000246721277935
44.1,0.000330069987767,3.59437693549e-05,0.000247464972365
44.15,0.000326949455456,3.58061362848e-05,0.000247596776136
44.2,0.00032385834393,3.56666796399e-05,0.000247260779267
44.25,0.000320796376656,3.55260947771e-05,0.000246567336141
44.3,0.000317763279691,3.53857134907e-05,0.00024560171041
44.35,0.00031475878166,3.52475883813e-05,0.000244430401505
44.4,0.000311782613729,3.51117166171e-05,0.000243103834101
44.45,0.000308834509581,3.49781882262e-05,0.000241826058524
44.5,0.000305914205396,3.48469471449e-05,0.000243967941557
44.55,0.000303021439825,3.47075431415e-05,0.000245245889867
44.6,0.000300155953968,3.45620785232e-05,0.000245860011736
44.65,0.000297317491349,3.44130552861e-05,0.000245965067834
44.7,0.000294505797898,3.42636880634e-05,0.000245680990355
44.75,0.000291720621922,3.41143119124e-05,0.000245099564439
44.8,0.00028896171409,3.3965660606e-05,0.000244291716391
44.85,0.00028623025785,3.3819553304e-05,0.000243461156646
44.9,0.000283524549608,3.36755276464e-05,0.00024643283598
44.95,0.000280844347403,3.35209910425e-05,0.000248409188087
45.0,0.000278189411535,3.33606275902e-05,0.000249594040967
45.05,0.000275559504552,3.31969213407e-05,0.000249895753703
45.1,0.000272954391225,3.3032128454e-05,0.000250184498843
45.15,0.000270373838527,3.2867909507e-05,0.000254579346947
45.2,0.000267817615617,3.26907678903e-05,0.000257696714937
45.25,0.000265285493811,3.25055473055e-05,0.000259830665067
45.3,0.000262777246572,3.2316466872e-05,0.000261207877396
45.35,0.000260292649483,3.21246639963e-05,0.000262234314501
45.4,0.000257831480228,3.19334231656e-05,0.000264830459711
45.45,0.000255393518575,3.17363102021e-05,0.000269741272103
45.5,0.000252978546355,3.15290379966e-05,0.000273058693788
45.55,0.000250586347444,3.13153540624e-05,0.000275383688682
45.6,0.000248216707741,3.10999922339e-05,0.000276944406478
45.65,0.000245869415152,3.08837542241e-05,0.00027791729103
45.7,0.000243544259571,3.06700955548e-05,0.000278438534438
45.75,0.000241241032858,3.04583418544e-05,0.000278613357265
45.8,0.000238959528827,3.02513949746e-05,0.000278522711344
45.85,0.00023670072614,3.00476743221e-05,0.000278200701256
45.9,0.000234463215996,2.98498063689e-05,0.000277548630813
45.95,0.000232246798301,2.96562771162e-05,0.000281452125185
46.0,0.000230051274835,2.94577118292e-05,0.00028420805644
46.05,0.000227876449234,2.92554635043e-05,0.000286080739841
46.1,0.000225722126973,2.90540023982e-05,0.000287241169364
46.15,0.00022358811535,2.88531092723e-05,0.000287282734587
46.2,0.000221474223465,2.86575230033e-05,0.000286934317642
46.25,0.00021938026221,2.84658775631e-05,0.000286288269828
46.3,0.000217306044246,2.82807262527e-05,0.000285415841401
46.35,0.000215251383988,2.81002999398e-05,0.000284358791274
46.4,0.000213216097592,2.79267263033e-05,0.000282851418262
46.45,0.000211200002935,2.77590238406e-05,0.00028095624136
46.5,0.0002092029196,2.75988912663e-05,0.000279001338193
46.55,0.00020722466886,2.74454030525e-05,0.000277004879548
46.6,0.000205265073664,2.72982558746e-05,0.000274980349395
46.65,0.000203323958618,2.715802742e-05,0.000272939044915
46.7,0.000201401149972,2.70232735161e-05,0.00027088855518
46.75,0.000199496475604,2.68945471853e-05,0.00026883518111
46.8,0.000197609765006,2.67715178834e-05,0.00026678374929
46.85,0.000195741827492,2.66532905011e-05,0.000264738126486
46.9,0.000193891498041,2.6540224521e-05,0.000262667499037
46.95,0.000192058611184,2.6432283284e-05,0.000260314298552
47.0,0.000190243003,2.63291478919e-05,0.000257982176419
47.05,0.000188444511105,2.62305909652e-05,0.000255671060007
47.1,0.000186662974634,2.61373017852e-05,0.000253380393846
47.15,0.00018489823423,2.60482506103e-05,0.000251110557368
47.2,0.000183150132028,2.59631190608e-05,0.00024886080526
47.25,0.000181418511642,2.58817266405e-05,0.000246630962563
47.3,0.00017970321815,2.58043609685e-05,0.000244420855812
47.35,0.000178004098083,2.57307390265e-05,0.000242230475524
47.4,0.000176320999408,2.5660330755e-05,0.000240060018727
47.45,0.000174653771516,2.55929908262e-05,0.000237909355419
47.5,0.000173002265211,2.55285812394e-05,0.000235777956274
47.55,0.000171366332693,2.54669940712e-05,0.000233665754912
47.6,0.000169745827546,2.54086716176e-05,0.000231572243672
47.65,0.000168140604728,2.53528781877e-05,0.000229497769329
47.7,0.000166550520556,2.529950285e-05,0.000227441650718
47.75,0.00016497543269,2.52484411107e-05,0.00022540372794
47.8,0.000163415200128,2.51995936389e-05,0.000223383842457
47.85,0.000161870492139,2.5152865986e-05,0.000221381985604
47.9,0.000160340345299,2.51081845795e-05,0.000219398337451
47.95,0.000158824622771,2.5065641588e-05,0.000217432779185
48.0,0.000157323189,2.50252299816e-05,0.000215484827038
48.05,0.0001558359097,2.49865821269e-05,0.000213554420344
48.1,0.000154362651842,2.49496246881e-05,0.000211641095135
48.15,0.000152903283646,2.49142883679e-05,0.00020974516834
48.2,0.000151457674563,2.48805063373e-05,0.000207866017421
48.25,0.000150025695268,2.48482157395e-05,0.00020600349624
48.3,0.000148607217648,2.48173566658e-05,0.000204157459907
48.35,0.000147202114789,2.47878720032e-05,0.000202327900501
48.4,0.000145810260966,2.47597070522e-05,0.000200514982593
48.45,0.000144431531633,2.47328091015e-05,0.000198718597598
48.5,0.000143065803409,2.47071277933e-05,0.000196938303383
48.55,0.00014171295407,2.46826155851e-05,0.000195174044505
48.6,0.000140372862538,2.46592269457e-05,0.000193425396929
48.65,0.000139045408867,2.46369616539e-05,0.000191692650306
48.7,0.000137730474237,2.46158519156e-05,0.000189975235679
48.75,0.00013642794094,2.45957299376e-05,0.000188273019489
48.8,0.000135137692371,2.45765587113e-05,0.000186585869315
48.85,0.000133860281991,2.45583028654e-05,0.000184913777918
48.9,0.000132594913085,2.45409295516e-05,0.000183256895706
48.95,0.000131341472496,2.45244056945e-05,0.000181615123438
49.0,0.000130099848124,2.45086995982e-05,0.000179988057036
49.05,0.000128869928922,2.44937813995e-05,0.000178375645828
49.1,0.000127651604881,2.44796223871e-05,0.000176777502277
49.15,0.000126444767021,2.44661955197e-05,0.000175193891102
49.2,0.000125249307386,2.44534742443e-05,0.000173624292317
49.25,0.000124065119028,2.44414337984e-05,0.000172068583856
49.3,0.000122892096004,2.4430050462e-05,0.000170526644698
49.35,0.000121730133361,2.44193015078e-05,0.000168998468226
49.4,0.000120579127129,2.44091649619e-05,0.000167484191902
49.45,0.000119438974313,2.4399690101e-05,0.000165983725027
49.5,0.000118309572884,2.43907953528e-05,0.000164496698302
49.55,0.000117190821767,2.43824515643e-05,0.000163023065415
49.6,0.000116082620834,2.43746399956e-05,0.000161562472185
49.65,0.000114984870895,2.43673430651e-05,0.000160115160547
49.7,0.000113897473692,2.43605432941e-05,0.000158680655269
49.75,0.000112820331885,2.43542245088e-05,0.000157258844792
49.8,0.000111753349046,2.43483711774e-05,0.000155849618509
49.85,0.000110696982864,2.4342968381e-05,0.000154452970375
49.9,0.00010965057449,2.43380025806e-05,0.000153069026019
49.95,0.000108614030346,2.43334593868e-05,0.000151697702549
50.0,0.000107587257731,2.43293249171e-05,0.000150338662452
50.05,0.000106570164813,2.4325586206e-05,0.000148991863402
50.1,0.000105562660619,2.43222306725e-05,0.000147656981699
50.15,0.000104564655027,2.43192465799e-05,0.000146334238459
50.2,0.000103576058763,2.43166220819e-05,0.000145023199349
50.25,0.000102596783384,2.43143463319e-05,0.000143723762415
50.3,0.00010162674128,2.43124088864e-05,0.000142435826568
50.35,0.000100665845659,2.43107996882e-05,0.000141159386283
50.4,9.9714010542e-05,2.43095088879e-05,0.000139894556378
50.45,9.87711507572e-05,2.43085266288e-05,0.000138641261094
50.5,9.78371819295e-05,2.43078433651e-05,0.000137399191967
50.55,9.69120204743e-05,2.43074502451e-05,0.000136168310314
50.6,9.59955835904e-05,2.43073386308e-05,0.000134948320298
50.65,9.50877892522e-05,2.43075005262e-05,0.000133739424
50.7,9.41885562029e-05,2.43079277103e-05,0.000132541224473
50.75,9.32978039468e-05,2.43087048382e-05,0.000131353628535
50.8,9.24154527429e-05,2.43097511377e-05,0.0001301765438
50.85,0.00017142271402,2.57419204576e-05,0.000129009965218
50.9,0.000245472213128,2.73359074535e-05,0.000127853997724
50.95,0.000314834340394,2.90976610048e-05,0.000126708572079
51.0,0.00037982890759,3.10389827436e-05,0.00012557340637
51.05,0.000440714075524,3.31814327146e-05,0.000124448465242
51.1,0.000497751752444,3.55243741791e-05,0.00012333347832
51.15,0.000551186832289,3.80938572473e-05,0.000122228630294
51.2,0.000601232683738,4.08985250639e-05,0.00012113355838
51.25,0.000648120331178,4.394930439e-05,0.000120048177417
51.3,0.000692022545161,4.7268662155e-05,0.00011897240297
51.35,0.000733153077689,5.08568261746e-05,0.000117906230424
51.4,0.000771660260568,5.47381035554e-05,0.000116849755681
51.45,0.00080772915686,5.89236617904e-05,0.000115802915464
51.5,0.000841498476897,6.34178112731e-05,0.000114765452122
51.55,0.000873120129266,6.82481160548e-05,0.000113737333344
51.6,0.000902726104515,7.34082480331e-05,0.000112718312025
51.65,0.000930440489196,7.89231740215e-05,0.000111708556959
51.7,0.000956388130338,8.48003038988e-05,0.000110707736586
51.75,0.000980669817518,9.10385239067e-05,0.000109715773076
51.8,0.00097994014913,9.51480729304e-05,0.000108732589261
51.85,0.0009706771101,9.9264841614e-05,0.000107758180922
51.9,0.000961501388861,0.000103350324236,0.000106792635708
51.95,0.000952412164852,0.000107399433866,0.000105835895788
52.0,0.000943408625202,0.00011140389992,0.000104887725686
52.05,0.000934489964648,0.000115358437903,0.000103948095873
52.1,0.000925655385471,0.000119257633069,0.000103016780511
52.15,0.000916904097422,0.000123098739621,0.000102093933866
52.2,0.000908235317656,0.000126876697811,0.000101179252917
52.25,0.000899648270658,0.000130586386928,0.000100272666531
52.3,0.000891142188179,0.000134227556556,9.93741041809e-05
52.35,0.000882716309165,0.000137796421139,9.84835620126e-05
52.4,0.000874369879692,0.000141289752419,9.76011201311e-05
52.45,0.000866102152899,0.000144706584623,9.67267256818e-05
52.5,0.000857912388922,0.000148045978912,9.58601634566e-05
52.55,0.000849799854827,0.000151306712676,9.50014064675e-05
52.6,0.000841763824548,0.000154487716065,9.4150248315e-05
52.65,0.000833803578823,0.000157587922546,9.33068299874e-05
52.7,0.000825918405126,0.000160606267863,9.24708745435e-05
52.75,0.00081810759761,0.000163546820342,9.16423169727e-05
52.8,0.000810370457041,0.000166405320507,9.08210928193e-05
52.85,0.000802710302307,0.000169183949532,9.00071985599e-05
52.9,0.000795122355818,0.000171883043034,8.92007074052e-05
52.95,0.000787605939004,0.00017450420882,8.84015710498e-05
53.0,0.000780160379652,0.000177045344566,8.76095928082e-05
53.05,0.000772785011844,0.000179511931229,8.68247480153e-05
53.1,0.000765479175899,0.00018190257547,8.60468480362e-05
53.15,0.000758242218314,0.000184217818794,8.52760217243e-05
53.2,0.000751073491706,0.000186459368308,8.45120159746e-05
53.25,0.000743972354757,0.000188628882508,8.37547713718e-05
53.3,0.000736938172157,0.000190727967852,8.3004229008e-05
53.35,0.000729970314545,0.000192758412355,8.22603856628e-05
53.4,0.000723068158456,0.000194721600422,8.15233082459e-05
53.45,0.000716231086268,0.00019661889079,8.07929526094e-05
53.5,0.000709458486142,0.00019845169667,8.00691389963e-05
53.55,0.000702749751973,0.000200221393425,7.93518448645e-05
53.6,0.000696104283333,0.00020192931479,7.86408978145e-05
53.65,0.000689521485422,0.00020357675958,7.79364156097e-05
53.7,0.000683000769011,0.00020516618111,7.72381669293e-05
53.75,0.000676541550392,0.000206700821762,7.6546097472e-05
53.8,0.000670143251328,0.00020817915809,7.58601533998e-05
53.85,0.000663808616403,0.000209602324764,7.51803317696e-05
53.9,0.000657533694746,0.000210976687242,7.45066937324e-05
53.95,0.000651317925207,0.00021229904333,7.38391989399e-05
54.0,0.000645160751894,0.000213571729146,7.31776831065e-05
54.05,0.000639061624119,0.000214799347239,7.25221256304e-05
54.1,0.000633019996353,0.000215977789014,7.18723689504e-05
54.15,0.000627035328176,0.000217115088847,7.1228520694e-05
54.2,0.000621107084229,0.000218205926757,7.05903694499e-05
54.25,0.000615234734168,0.000219257644324,6.99578655905e-05
54.3,0.000609417752617,0.000220265610881,6.93309599116e-05
54.35,0.00060365561912,0.000221237578414,6.87096497233e-05
54.4,0.000597947818099,0.000222168102339,6.80939909135e-05
54.45,0.000592293838804,0.00022306455831,6.74839466066e-05
54.5,0.000586693175269,0.000223923481077,6.6879366657e-05
54.55,0.00058114532627,0.000224747543124,6.62802322358e-05
54.6,0.00057564979528,0.000225539541964,6.56863993431e-05
54.65,0.00057020609042,0.000226296782399,6.50979663429e-05
54.7,0.000564813724424,0.000227024036114,6.45147400201e-05
54.75,0.000559472214589,0.000227720899883,6.39366750181e-05
54.8,0.000554181082736,0.000228386414931,6.3363726368e-05
54.85,0.000548942598525,0.000229024511785,6.27958916112e-05
54.9,0.000543753494746,0.00022963578805,6.22332218254e-05
54.95,0.000538613307351,0.000230218722567,6.16756833089e-05
55.0,0.00053352157664,0.000230774315589,6.1123138839e-05
55.05,0.000528477847218,0.000231307588518,6.05755712073e-05
55.1,0.000523481667953,0.000231815117811,6.00328488079e-05
55.15,0.00051853259194,0.00023229774481,5.94950615386e-05
55.2,0.00051363017646,0.000232756267303,5.8962032814e-05
55.25,0.000508773982939,0.000233194414053,5.84337211816e-05
55.3,0.000503963576914,0.000233610374841,5.79100855427e-05
55.35,0.000499198527988,0.000234004303726,5.73911236504e-05
55.4,0.000494478409799,0.000234376869606,5.68768821862e-05
55.45,0.000489802799977,0.000234728707408,5.63673303489e-05
55.5,0.000485171280111,0.000235062737884,5.58623427266e-05
55.55,0.000480583435708,0.000235377949553,5.5361903592e-05
55.6,0.000476038856159,0.000235674069377,5.48658926662e-05
55.65,0.000471537134703,0.000235951632459,5.43743921097e-05
55.7,0.000467077868389,0.0002362111448,5.38872405357e-05
55.75,0.000462660658042,0.000236453094874,5.34044000593e-05
55.8,0.000458285108227,0.000236677949401,5.29258331192e-05
55.85,0.000453953095861,0.000236888037928,5.24515376618e-05
55.9,0.000449661919094,0.000237081863939,5.19815563509e-05
55.95,0.000445411194177,0.000237259791617,5.15158610364e-05
56.0,0.000441200540959,0.000237422206736,5.10543371002e-05
56.05,0.000437029582844,0.000237569481579,5.05969701687e-05
56.1,0.000432897946766,0.000237701971436,5.01436503154e-05
56.15,0.000428805263152,0.000237820019529,4.96944526292e-05
56.2,0.000424751165892,0.000237923949825,4.92492296138e-05
56.25,0.000420735292304,0.000238014077401,4.88079466449e-05
56.3,0.000416757283103,0.000238090704256,4.83705693941e-05
56.35,0.000412816782371,0.000238154157248,4.79370959846e-05
56.4,0.000408913437521,0.000238205439785,4.7507565408e-05
56.45,0.000405046899272,0.000238244440726,4.70819519373e-05
56.5,0.000401216821615,0.000238270947368,4.66601508192e-05
56.55,0.00039742286178,0.000238285205228,4.62421489174e-05
56.6,0.000393664680213,0.000238287449537,4.58278457665e-05
56.65,0.000389941940536,0.000238277909557,4.54173099928e-05
56.7,0.000386254309527,0.000238256801745,4.50104067946e-05
56.75,0.000382601457084,0.000238224339083,4.46071045278e-05
56.8,0.000378983056199,0.000238180727026,4.42073718186e-05
56.85,0.000375400659004,0.000238126163936,4.38112069517e-05
56.9,0.000371852031181,0.000238060854444,4.34186455627e-05
56.95,0.000368336855386,0.000237984979373,4.30296641389e-05
57.0,0.000364854817246,0.000237898850088,4.26441669431e-05
57.05,0.000361405605336,0.000237802742153,4.22621419696e-05
57.1,0.000357988911143,0.000237696584338,4.18834973998e-05
57.15,0.000354604429047,0.000237580540528,4.15082959536e-05
57.2,0.000351251856288,0.000237454766077,4.11364144313e-05
57.25,0.000347930892943,0.000237319416163,4.07678239127e-05
57.3,0.0003446412419,0.000237174641954,4.04024957239e-05
57.35,0.000341382608826,0.00023702059088,4.00404282975e-05
57.4,0.00033815470215,0.000236857405733,3.9681654202e-05
57.45,0.000334957233028,0.000236685223466,3.93261519483e-05
57.5,0.000331789915326,0.00023650417778,3.89738340392e-05
57.55,0.000328652465587,0.000236314608267,3.86246895024e-05
57.6,0.000325544603013,0.000236117028776,3.82786344219e-05
57.65,0.000322466049434,0.000235911041506,3.79357261195e-05
57.7,0.000319416529288,0.000235696770325,3.7595851999e-05
57.75,0.000316395769595,0.000235474340723,3.72589856294e-05
57.8,0.000313403499933,0.000235243876245,3.69251008048e-05
57.85,0.000310441003852,0.000235005498649,3.65941960927e-05
57.9,0.00030750643366,0.000234759657015,3.62663012584e-05
57.95,0.000304599526929,0.000234506235372,3.59413966623e-05
58.0,0.000301720023685,0.000234245261765,3.5619402338e-05
58.05,0.000298867666391,0.000233976850442,3.53003082576e-05
58.1,0.00029604219992,0.000233701113829,3.49840377278e-05
58.15,0.000293243371537,0.000233418165457,3.46706431365e-05
58.2,0.000290470930872,0.000233128114557,3.43600215788e-05
58.25,0.000287724629901,0.000232831437214,3.40521488983e-05
58.3,0.000285004222923,0.000232529033063,3.37470011448e-05
58.35,0.000282309466538,0.000232219914881,3.3444577009e-05
58.4,0.000279640119629,0.000231904190329,3.31449036945e-05
58.45,0.000276995943333,0.000231581964226,3.28479632518e-05
58.5,0.000274376701029,0.000231253362645,3.25536825975e-05
58.55,0.00027178215831,0.000230918811662,3.22620525663e-05
58.6,0.000269212082967,0.000230578074545,3.19730030662e-05
58.65,0.000266666244966,0.00023023125679,3.16865819758e-05
58.7,0.000264144416427,0.000229878460356,3.14026952474e-05
58.75,0.000261646371608,0.000229521482193,3.11213208037e-05
58.8,0.00025917188688,0.000229159000599,3.08424367556e-05
58.85,0.000256722023686,0.000228790904116,3.05660419068e-05
58.9,0.000254295254062,0.000228417303637,3.02921611192e-05
58.95,0.000251891360989,0.000228038297707,3.00207779885e-05
59.0,0.00024951012948,0.000227653984152,2.97518257212e-05
59.05,0.000247151346562,0.000227264462135,2.94852959412e-05
59.1,0.000244814801257,0.000226870148983,2.92211245889e-05
59.15,0.000242500284561,0.000226472720093,2.89593554224e-05
59.2,0.000240207589429,0.000226070425663,2.86999024882e-05
59.25,0.000237936510757,0.000225663363185,2.84427456093e-05
59.3,0.000235686845358,0.000225251629491,2.81878647807e-05
59.35,0.000233458391953,0.00022483532073,2.79352589089e-05
59.4,0.000231250951144,0.00022441471884,2.76849507161e-05
59.45,0.000229064325405,0.000223990601431,2.74369252098e-05
59.5,0.000226898319057,0.000223563966173,2.71911213454e-05
59.55,0.000224752738258,0.000223133174674,2.69475314676e-05
59.6,0.000222627390978,0.000222698317347,2.67060970305e-05
59.65,0.000220522086989,0.000222259485389,2.64668580259e-05
59.7,0.000218436637845,0.000221816766794,2.62297358982e-05
59.75,0.000216370856864,0.000221370251104,2.59947122071e-05
59.8,0.000214324559116,0.000220922569,2.57617686693e-05
59.85,0.000212298622371,0.000220471390389,2.55309042855e-05
59.9,0.000210291783065,0.00022001672861,2.53021398221e-05
59.95,0.000208303861731,0.000219558666473,2.50754615772e-05
60.0,0.000206334680585,0.000219097285678,2.485081376e-05
60.05,0.000204384063506,0.000218633114757,2.46281893744e-05
60.1,0.000202451836024,0.000218168466139,2.44075349131e-05
60.15,0.000200537825301,0.000217700786067,2.4188886926e-05
60.2,0.000198641860121,0.00021723015195,2.39721736188e-05
60.25,0.000196763770869,0.000216756642289,2.37573781382e-05
60.3,0.000194903389519,0.000216280334489,2.35444837746e-05
60.35,0.000193060549621,0.0002158025903,2.33334896147e-05
60.4,0.000191235086282,0.000215323832736,2.31244146375e-05
60.45,0.000189426836154,0.000214842539172,2.29172463205e-05
60.5,0.000187635637421,0.000214358779871,2.27119336747e-05
60.55,0.000185861329781,0.000213872625313,2.2508470306e-05
60.6,0.000184103754435,0.000213384282827,2.23068073127e-05
60.65,0.000182362754072,0.000212896553566,2.21069780986e-05
60.7,0.000180638172854,0.000212406670476,2.1908917049e-05
60.75,0.000178929856403,0.000211914699789,2.17126087608e-05
60.8,0.00017723765179,0.000211420706565,2.15180379628e-05
60.85,0.000175562284894,0.000210924754687,2.132520382e-05
60.9,0.000173902710799,0.000210429486916,2.11341236784e-05
60.95,0.000172258781094,0.000209933300522,2.09447860928e-05
61.0,0.000170630348759,0.000209435378137,2.07571444631e-05
61.05,0.000169017268149,0.000208935777591,2.05711929454e-05
61.1,0.000167419394984,0.000208434555235,2.03868868469e-05
61.15,0.000165836586334,0.000207934035458,2.02042566965e-05
61.2,0.000164268700611,0.000207432928402,2.00232425266e-05
61.25,0.000162715597549,0.000206930396739,1.98438302601e-05
61.3,0.0001611771382,0.000206426492932,1.966600594e-05
61.35,0.000159653184913,0.00020592126832,1.94897688034e-05
61.4,0.000158143601331,0.000205417122551,1.93151347031e-05
61.45,0.000156648252372,0.00020491265593,1.91420931791e-05
61.5,0.000155167004218,0.000204407043835,1.8970601642e-05
61.55,0.000153699724309,0.000203900478583,1.8800654751e-05
61.6,0.000152246281323,0.000203393034083,1.86322116599e-05
61.65,0.000150806545171,0.000202887284942,1.84653002701e-05
61.7,0.00014938038698,0.000202381167682,1.82998657753e-05
61.75,0.000147967679088,0.000201874155498,1.81358953099e-05
61.8,0.000146568295026,0.000201366289426,1.79733761183e-05
61.85,0.000145182835069,0.00020085760951,1.78123075032e-05
61.9,0.000143810435113,0.000200351447587,1.76527039528e-05
61.95,0.000142450972428,0.000199844612635,1.74945559077e-05
62.0,0.000141104325434,0.000199337108536,1.7337824444e-05
62.05,0.00013977037369,0.00019882897048,1.71825046805e-05
62.1,0.000138448997881,0.000198320962156,1.70285592866e-05
62.15,0.000137140079811,0.000197815015365,1.68760137623e-05
62.2,0.000135843502391,0.000197308562279,1.67248180183e-05
62.25,0.000134559149628,0.000196801634846,1.65749602965e-05
62.3,0.000133286906617,0.000196294264183,1.64264289391e-05
62.35,0.000132026659527,0.000195788104359,1.62792233088e-05
62.4,0.000130778295595,0.000195283325531,1.61333566469e-05
62.45,0.000129541703115,0.000194778511454,1.59888202165e-05
62.5,0.000128316771425,0.000194273435102,1.58455784441e-05
62.55,0.000127103390902,0.000193768082388,1.57036268686e-05
62.6,0.000125901452949,0.00019326511994,1.55629313723e-05
62.65,0.000124710849987,0.000192762704715,1.54235152604e-05
62.7,0.000123531475445,0.000192260112893,1.52853327549e-05
62.75,0.00012236322375,0.000191757368253,1.51483731096e-05
62.8,0.000121205990318,0.000191254863245,1.50126256701e-05
62.85,0.000120060271552,0.000190755290495,1.48780898539e-05
62.9,0.000118925352873,0.000190255660813,1.47447777627e-05
62.95,0.000117801132788,0.000189755993882,1.46126814116e-05
63.0,0.000116687510757,0.000189256308728,1.44817682887e-05
63.05,0.000115584387177,0.000188758207101,1.4352034317e-05
63.1,0.000114491663383,0.000188262264054,1.42234483153e-05
63.15,0.000113409241629,0.000187766383229,1.4096031583e-05
63.2,0.000112337025089,0.000187270581319,1.3969742282e-05
63.25,0.000111274917841,0.00018677487556,1.3844570591e-05
63.3,0.000110222824862,0.000186282033574,1.37205067727e-05
63.35,0.00010918065202,0.000185790004139,1.35975502947e-05
63.4,0.000108148306064,0.000185298141775,1.34757122172e-05
63.45,0.000107125694617,0.000184806460528,1.33549852425e-05
63.5,0.000106112726168,0.000184315571541,1.32353396569e-05
63.55,0.000105109310062,0.000183827711261,1.31167717344e-05
63.6,0.000104115356493,0.000183340094469,1.29992529775e-05
63.65,0.000103130776499,0.000182852734265,1.28828028523e-05
63.7,0.000102155481949,0.000182365642448,1.27673831217e-05
63.75,0.000101189385539,0.000181880675074,1.26529848098e-05
63.8,0.000100232400782,0.000181397576851,1.25395990173e-05
63.85,9.92849381836e-05,0.000180914803958,1.24272252577e-05
63.9,9.83464068155e-05,0.000180432370608,1.2315873639e-05
63.95,9.74167227482e-05,0.000179950464828,1.22055374919e-05
64.0,9.64958028374e-05,0.000179472128341,1.20961896601e-05
64.05,9.55835647177e-05,0.000178994499806,1.19878267382e-05
64.1,9.46799267949e-05,0.000178517269452,1.18804226814e-05
64.15,9.37848082391e-05,0.000178040446401,1.17739952804e-05
64.2,9.28981289775e-05,0.000177564963187,1.16685095892e-05
64.25,9.20198096873e-05,0.000177092372082,1.15639574045e-05
64.3,9.11497717886e-05,0.000176620232855,1.14603305927e-05
64.35,9.02879374378e-05,0.000176148553311,1.13576287094e-05
64.4,8.94342295203e-05,0.000175677340776,1.12558609926e-05
64.45,8.85885716439e-05,0.000175208709063,1.11550213469e-05
64.5,8.77508881323e-05,0.00017474183416,1.10550849534e-05
64.55,8.6921104018e-05,0.000174275464611,1.09560486997e-05
64.6,8.60991450358e-05,0.000173809839382,1.08578887827e-05
64.65,8.52849376164e-05,0.000173344773803,1.0760621462e-05
64.7,8.447840888e-05,0.000172883470259,1.06642147992e-05
64.75,8.36794866295e-05,0.000172422830079,1.05686612971e-05
64.8,8.28880993441e-05,0.000171962743228,1.04739535222e-05
64.85,8.21045864939e-05,0.000171503214984,1.03800910682e-05
64.9,8.13284594066e-05,0.000171045249525,1.02870823782e-05
64.95,8.05596486754e-05,0.00017059019746,1.01949218813e-05
65.0,7.97980855436e-05,0.000170135737635,1.01035868947e-05
65.05,7.90437018981e-05,0.000169681874128,1.0013074574e-05
65.1,7.82964302641e-05,0.00016922861075,9.92336316471e-06
65.15,7.75562037984e-05,0.000168777965561,9.834467527e-06
65.2,7.68229562842e-05,0.000168329235817,9.74635847144e-06
65.25,7.60966221246e-05,0.000167881134534,9.65902914597e-06
65.3,7.53771363375e-05,0.000167433665211,9.57247275702e-06
65.35,7.46644345491e-05,0.000166986831228,9.4866889332e-06
65.4,7.3958452989e-05,0.000166543585984,9.40168539088e-06
65.45,7.3259128484e-05,0.000166101410899,9.3174570387e-06
65.5,7.25663984527e-05,0.000165660103195,9.23398314616e-06
65.55,7.18802009001e-05,0.000165219458417,9.15126111359e-06
65.6,7.1200474412e-05,0.000164780039291,9.069271059e-06
65.65,7.05271581497e-05,0.000164343989804,8.98802656346e-06
65.7,6.98601918443e-05,0.000163908626028,8.90750094988e-06
65.75,6.91995157919e-05,0.000163473950159,8.82768795595e-06
65.8,6.85450708478e-05,0.000163039964307,8.7485813728e-06
65.85,6.78971377398e-05,0.000162608010306,8.67018086102e-06
65.9,6.72553123558e-05,0.000162178649902,8.59249347284e-06
65.95,6.66195372994e-05,0.000161750002332,8.51551455509e-06
66.0,6.59897557115e-05,0.000161322068592,8.43922516155e-06
66.05,6.53659112654e-05,0.00016089484997,8.36362291627e-06
66.1,6.4747948162e-05,0.000160470502638,8.2886896485e-06
66.15,6.41358111251e-05,0.000160048181124,8.21443777039e-06
66.2,6.35294453957e-05,0.000159626593462,8.14084290093e-06
66.25,6.29287967282e-05,0.000159205740744,8.06789931678e-06
66.3,6.23338113848e-05,0.000158785624007,7.99560134349e-06
66.35,6.17444361311e-05,0.00015836882945,7.92394867082e-06
66.4,6.11606182316e-05,0.000157953367232,7.85294774406e-06
66.45,6.05823054445e-05,0.000157538657476,7.78259431053e-06
66.5,6.00094460178e-05,0.000157124700353,7.71287105466e-06
66.55,5.9441988684e-05,0.000156711496311,7.64377580503e-06
66.6,5.88798826561e-05,0.00015630208536,7.5752919548e-06
66.65,5.8323077623e-05,0.000155893536364,7.50743084783e-06
66.7,5.77715237447e-05,0.000155485755198,7.44017020155e-06
66.75,5.72251716486e-05,0.000155078742201,7.37350478524e-06
66.8,5.66839724244e-05,0.000154672795785,7.30742941281e-06
66.85,5.61481582225e-05,0.000154270419832,7.24194380075e-06
66.9,5.56173948589e-05,0.00015386882798,7.17705383961e-06
66.95,5.50916348688e-05,0.000153468019808,7.11275564271e-06
67.0,5.45708312323e-05,0.00015306825034,7.04903338483e-06
67.05,5.40549373694e-05,0.000152669820773,6.98588508144e-06
67.1,5.35439071367e-05,0.000152274689962,6.92329555503e-06
67.15,5.30376948228e-05,0.000151880355135,6.8612751731e-06
67.2,5.25362551444e-05,0.000151486815629,6.79980357092e-06
67.25,5.20395432424e-05,0.000151094071154,6.73887596797e-06
67.3,5.15475146781e-05,0.000150702794795,6.67848762453e-06
67.35,5.10601254288e-05,0.000150314665591,6.61863828149e-06
67.4,5.05773318842e-05,0.0001499273427,6.55933332239e-06
67.45,5.00990908427e-05,0.000149540825239,6.50056919508e-06
67.5,4.96253595073e-05,0.000149155112292,6.44233143642e-06
67.55,4.9156095482e-05,0.000148770873134,6.38461823265e-06
67.6,4.8691256768e-05,0.000148389810395,6.32741571259e-06
67.65,4.823080176e-05,0.000148009739339,6.27073335142e-06
67.7,4.77746892425e-05,0.000147630482112,6.21455253719e-06
67.75,4.73228783863e-05,0.000147252037985,6.15886890081e-06
67.8,4.68753287446e-05,0.000146874941837,6.10367811051e-06
67.85,4.64322322962e-05,0.000146501066748,6.04897992948e-06
67.9,4.59933126847e-05,0.000146128015331,5.99477927792e-06
67.95,4.55585306586e-05,0.000145755786309,5.9410729094e-06
68.0,4.51278473344e-05,0.000145384378385,5.88784760559e-06
68.05,4.47012241924e-05,0.000145014058426,5.83510170887e-06
68.1,4.42786230737e-05,0.000144647191273,5.78282254191e-06
68.15,4.3860006177e-05,0.000144281152989,5.73101876439e-06
68.2,4.34453360548e-05,0.00014391594217,5.67967336624e-06
68.25,4.30345756106e-05,0.000143551557722,5.62878235444e-06
68.3,4.26276880952e-05,0.000143187998545,5.57834177005e-06
68.35,4.22246371036e-05,0.000142827968752,5.52835139664e-06
68.4,4.18253865721e-05,0.000142468924524,5.47881573091e-06
68.45,4.14299007746e-05,0.000142110712246,5.42973180587e-06
68.5,4.10381443198e-05,0.000141753493017,5.38108754088e-06
68.55,4.06500821478e-05,0.000141397184305,5.33288142096e-06
68.6,4.02656795275e-05,0.000141043827717,5.28510185994e-06
68.65,3.98849020528e-05,0.000140691995121,5.23775677215e-06
68.7,3.95077156404e-05,0.000140340997826,5.19083061156e-06
68.75,3.9134086526e-05,0.000139990834458,5.14431972883e-06
68.8,3.87639812619e-05,0.000139641503646,5.09822050575e-06
68.85,3.83975586067e-05,0.000139294408997,5.05253274452e-06
68.9,3.80345900249e-05,0.000138949513351,5.00726055483e-06
68.95,3.76750430572e-05,0.000138605456522,4.96240122504e-06
69.0,3.73188855484e-05,0.000138262236713,4.91794371428e-06
69.05,3.69660856443e-05,0.000137919852305,4.87388663797e-06
69.1,3.66166117892e-05,0.000137578849183,4.83021940713e-06
69.15,3.62704327229e-05,0.000137241058006,4.78694925493e-06
69.2,3.59275174778e-05,0.000136904119966,4.74406197337e-06
69.25,3.55878353765e-05,0.000136568020343,4.70155422718e-06
69.3,3.52513560292e-05,0.000136232757513,4.65942270959e-06
69.35,3.49180493303e-05,0.000135898329855,4.61766723982e-06
69.4,3.45878854565e-05,0.000135566946466,4.57629157384e-06
69.45,3.42608348639e-05,0.000135236865686,4.5352932334e-06
69.5,3.39368682853e-05,0.000134907623311,4.49466212789e-06
69.55,3.36159567277e-05,0.000134579217528,4.45439699192e-06
69.6,3.32980714697e-05,0.000134251646492,4.41448814788e-06
69.65,3.2983184059e-05,0.00013392594065,4.37494220639e-06
69.7,3.26712663101e-05,0.000133602663326,4.33574618232e-06
69.75,3.23622903012e-05,0.000133280223688,4.29689702747e-06
69.8,3.20562283725e-05,0.000132958619929,4.25839171966e-06
69.85,3.1753211811e-05,0.000132637850254,4.22023009368e-06
69.9,3.14530516269e-05,0.000132317913793,4.18241558222e-06
69.95,3.11557209779e-05,0.000132001086388,4.14494592035e-06
70.0,3.08611932728e-05,0.000131685476959,4.10781188594e-06
70.05,3.05694421697e-05,0.000131370846674,4.07101232249e-06
70.1,3.02804415732e-05,0.000131057049879,4.03453838536e-06
70.15,2.99941656322e-05,0.000130744084676,3.99839611618e-06
70.2,2.97105887381e-05,0.000130432728221,3.96257364744e-06
70.25,2.94296855219e-05,0.000130123949741,3.9270681933e-06
70.3,2.91514308522e-05,0.000129816004416,3.8918769917e-06
70.35,2.88757998332e-05,0.000129508890262,3.85699989163e-06
70.4,2.86027678021e-05,0.000129202605249,3.82244003036e-06
70.45,2.83323103273e-05,0.00012889714724,3.78819533787e-06
70.5,2.8064403206e-05,0.000128594122788,3.75425738579e-06
70.55,2.77990224622e-05,0.000128292793682,3.72062511715e-06
70.6,2.75361443446e-05,0.000127992292326,3.68729044855e-06
70.65,2.72757453242e-05,0.000127692745037,3.65425890165e-06
70.7,2.70178020926e-05,0.000127394094727,3.62151963033e-06
70.75,2.67622915599e-05,0.000127096266326,3.58907008855e-06
70.8,2.65091908525e-05,0.000126801463211,3.55690775195e-06
70.85,2.62586085391e-05,0.000126507703856,3.52503248255e-06
70.9,2.60103883332e-05,0.000126214767632,3.49344714757e-06
70.95,2.57645080372e-05,0.00012592265226,3.46214985518e-06
71.0,2.55209456614e-05,0.00012563135546,3.4311329024e-06
71.05,2.52796794218e-05,0.000125341087658,3.40039532327e-06
71.1,2.50406877388e-05,0.000125053795033,3.36992973009e-06
71.15,2.48039492346e-05,0.000124767320767,3.33974116927e-06
71.2,2.45694427318e-05,0.000124481662537,3.30981972823e-06
71.25,2.43371472514e-05,0.000124196818176,3.28016308005e-06
71.3,2.41070420108e-05,0.000123912785526,3.25076891764e-06
71.35,2.3879106422e-05,0.000123629964259,3.2216371149e-06
71.4,2.365332009e-05,0.000123349869774,3.19277029226e-06
71.45,2.34296628108e-05,0.000123070586231,3.16416672073e-06
71.5,2.32081145699e-05,0.000122792124062,3.13581936032e-06
71.55,2.29886555398e-05,0.000122514666327,3.10772732818e-06
71.6,2.27712660793e-05,0.00012223801304,3.0798838725e-06
71.65,2.25559267309e-05,0.000121962526676,3.05229360533e-06
71.7,2.23426182196e-05,0.000121689743261,3.02494746726e-06
71.75,2.21313214507e-05,0.000121417763055,2.99784333163e-06
71.8,2.19220175089e-05,0.000121146583785,2.97097908994e-06
71.85,2.17147961761e-05,0.000120876203186,2.94435462693e-06
71.9,2.15095282096e-05,0.000120606619605,2.91797233751e-06
71.95,2.13061952529e-05,0.000120337934764,2.89183064147e-06
72.0,2.11047791215e-05,0.000120072151122,2.86592310477e-06
72.05,2.0905261801e-05,0.000119807162555,2.84024892055e-06
72.1,2.07076254458e-05,0.000119542966661,2.81480191809e-06
72.15,2.05118523774e-05,0.000119279623923,2.78958631251e-06
72.2,2.0317925083e-05,0.000119017194619,2.76459382413e-06
72.25,2.01258262137e-05,0.000118755551357,2.73982250933e-06
72.3,1.99355385832e-05,0.00011849646256,2.71527044109e-06
72.35,1.9747045166e-05,0.000118238546776,2.69093751405e-06
72.4,1.95603290965e-05,0.00011798141483,2.66682591701e-06
72.45,1.93753736666e-05,0.000117725064255,2.64293420577e-06
72.5,1.91921623251e-05,0.000117469492588,2.61925650004e-06
72.55,1.90106786757e-05,0.00011721469745,2.59579206242e-06
72.6,1.88309064757e-05,0.000116961698453,2.5725352533e-06
72.65,1.86528296347e-05,0.000116710554707,2.54948992501e-06
72.7,1.84764322129e-05,0.000116460184757,2.52664851048e-06
72.75,1.83016984199e-05,0.000116210586217,2.50400923339e-06
72.8,1.81286126134e-05,0.000115961756711,2.48157033256e-06
72.85,1.79572490395e-05,0.000115713693873,2.45933171171e-06
72.9,1.77875008197e-05,0.000115466457785,2.43729537124e-06
72.95,1.7619352774e-05,0.000115221969968,2.41545999127e-06
73.0,1.74527898644e-05,0.000114978246128,2.39382019761e-06
73.05,1.72877971938e-05,0.000114735433403,2.37237531632e-06
73.1,1.71243600047e-05,0.00011449342782,2.3511201932e-06
73.15,1.69624636776e-05,0.000114252179284,2.330058349e-06
73.2,1.68020937302e-05,0.000114011685303,2.30918286795e-06
73.25,1.66432358156e-05,0.000113772823485,2.2884921266e-06
73.3,1.64858757214e-05,0.000113535824996,2.26798451537e-06
73.35,1.63299993685e-05,0.000113299577645,2.24765994626e-06
73.4,1.61755928093e-05,0.000113064078953,2.2275202475e-06
73.45,1.60226422272e-05,0.000112829326399,2.2075642128e-06
73.5,1.58711339349e-05,0.000112595317463,2.18778693053e-06
73.55,1.57210543734e-05,0.000112362049695,2.16818778476e-06
73.6,1.55723901105e-05,0.000112130908425,2.14876206489e-06
73.65,1.54251278403e-05,0.000111901059147,2.12951298866e-06
73.7,1.52792543811e-05,0.000111672118207,2.11043423551e-06
73.75,1.5134756675e-05,0.000111443912448,2.09152432175e-06
73.8,1.49916217864e-05,0.000111216439416,2.07278177631e-06
73.85,1.48499111137e-05,0.000110989696666,2.05420651877e-06
73.9,1.47095362729e-05,0.000110763682159,2.03580022001e-06
73.95,1.45704847106e-05,0.000110539986119,2.01756177756e-06
74.0,1.44327439912e-05,0.000110317302255,1.99948670254e-06
74.05,1.42963017952e-05,0.000110095342263,1.98157443201e-06
74.1,1.41611459188e-05,0.000109874103615,1.96382066083e-06
74.15,1.40272642724e-05,0.000109653583839,1.94622832977e-06
74.2,1.38946448795e-05,0.000109433780403,1.9287916623e-06
74.25,1.37632758761e-05,0.000109214690859,1.9115093024e-06
74.3,1.36331455089e-05,0.000108997815217,1.89437990563e-06
74.35,1.3504242135e-05,0.000108781970592,1.87740339849e-06
74.4,1.33765542206e-05,0.000108566835359,1.86058130805e-06
74.45,1.32500703397e-05,0.000108352406963,1.84391262673e-06
74.5,1.31247791735e-05,0.000108138682855,1.82739325198e-06
74.55,1.30006695093e-05,0.00010792574497,1.81102266935e-06
74.6,1.28777302392e-05,0.000107713607721,1.79479694421e-06
74.65,1.27559503598e-05,0.00010750329316,1.77871876424e-06
74.7,1.26353189703e-05,0.000107294314511,1.76278285007e-06
74.75,1.25158252724e-05,0.000107086030757,1.7469879624e-06
74.8,1.23974585689e-05,0.000106878439404,1.7313328725e-06
74.85,1.22802696337e-05,0.000106671537965,1.71581751321e-06
74.9,1.21641853769e-05,0.000106465324284,1.70044328016e-06
74.95,1.20491954174e-05,0.000106259795829,1.68520925248e-06
75.0,1.19352894714e-05,0.000106055420263,1.67011168074e-06
75.05,1.18224573511e-05,0.000105852962849,1.65515009476e-06
75.1,1.17106889647e-05,0.000105651185507,1.64032089855e-06
75.15,1.15999743143e-05,0.000105450085734,1.62562654846e-06
75.2,1.1490303496e-05,0.000105249781897,1.61106221954e-06
75.25,1.13816666987e-05,0.000105050196152,1.59662677913e-06
75.3,1.12740542029e-05,0.000104851280859,1.58231910427e-06
75.35,1.11674563805e-05,0.000104653033551,1.56813913356e-06
75.4,1.10618636934e-05,0.000104456640402,1.55408814252e-06
75.45,1.09572666928e-05,0.000104261373073,1.54016528955e-06
75.5,1.08536560185e-05,0.000104066768313,1.52636714792e-06
75.55,1.07510223981e-05,0.000103872823606,1.5126932879e-06
75.6,1.06493566458e-05,0.000103679536438,1.49914042303e-06
75.65,1.05486496621e-05,0.000103486904339,1.48571079825e-06
75.7,1.04488924328e-05,0.000103294924797,1.47240000385e-06
75.75,1.03500760279e-05,0.000103103595364,1.45920700468e-06
75.8,1.02521916012e-05,0.000102914449501,1.44613077444e-06
75.85,1.01552811409e-05,0.000102726007052,1.43317125701e-06
75.9,1.00592842044e-05,0.00010253820948,1.42032961811e-06
75.95,9.96419220712e-06,0.000102351054253,1.40760508859e-06
76.0,9.8699966446e-06,0.00010216453885,1.39499453665e-06
76.05,9.77668909218e-06,0.000101978687379,1.38249756956e-06
76.1,9.68426120409e-06,0.000101793619514,1.37011118371e-06
76.15,9.5927047127e-06,0.000101609184491,1.35783743081e-06
76.2,9.50201142782e-06,0.000101426905258,1.34567228071e-06
76.25,9.41217323598e-06,0.000101245264685,1.33361478735e-06
76.3,9.3231820997e-06,0.000101064251211,1.32166401274e-06
76.35,9.2350300568e-06,0.00010088386237,1.30981990561e-06
76.4,9.14770921969e-06,0.000100704095692,1.29808353136e-06
76.45,9.06121177466e-06,0.000100524948688,1.28645418701e-06
76.5,8.97552998119e-06,0.000100346418878,1.27492901033e-06
76.55,8.89065617131e-06,0.00010016850382,1.26350764239e-06
76.6,8.80658274887e-06,9.99923717828e-05,1.25218733808e-06
76.65,8.72330218888e-06,9.98171567748e-05,1.24096997255e-06
76.7,8.64080703688e-06,9.96426173963e-05,1.2298518625e-06
76.75,8.55908990825e-06,9.94687750842e-05,1.2188321433e-06
76.8,8.47814348757e-06,9.9295537137e-05,1.20790995769e-06
76.85,8.39800249723e-06,9.91229011268e-05,1.19708525883e-06
76.9,8.3186169538e-06,9.89508648452e-05,1.18635902039e-06
76.95,8.23997975805e-06,9.87794258417e-05,1.17573059993e-06
77.0,8.16208387724e-06,9.86090674573e-05,1.16519738155e-06
77.05,8.08492234451e-06,9.84402350006e-05,1.1547590372e-06
77.1,8.00848825822e-06,9.8271993782e-05,1.14441305807e-06
77.15,7.93277478139e-06,9.8104341374e-05,1.1341611579e-06
77.2,7.85777514107e-06,9.79372753245e-05,1.1239999704e-06
77.25,7.78348262775e-06,9.77707932274e-05,1.11392870537e-06
77.3,7.70989059476e-06,9.76048926864e-05,1.10394657934e-06
77.35,7.63699245772e-06,9.74395713155e-05,1.09405354947e-06
77.4,7.56478169388e-06,9.72748267281e-05,1.08425050566e-06
77.45,7.49325184165e-06,9.71114976126e-05,1.07453686075e-06
77.5,7.42239649993e-06,9.69492611941e-05,1.06491022399e-06
77.55,7.35220932762e-06,9.67875954309e-05,1.05537029558e-06
77.6,7.282684043e-06,9.66266390313e-05,1.04591478261e-06
77.65,7.21381442324e-06,9.64662740201e-05,1.03654525132e-06
77.7,7.14559430379e-06,9.63064728911e-05,1.02725862519e-06
77.75,7.07801757787e-06,9.61472332822e-05,1.01805418201e-06
77.8,7.01107819593e-06,9.59885528409e-05,1.00893120573e-06
77.85,6.94480487196e-06,9.58304292247e-05,9.99889657218e-07
77.9,6.87915627172e-06,9.56736464533e-05,9.90930349773e-07
77.95,6.81412652442e-06,9.55179338418e-05,9.82052746767e-07
78.0,6.7497098143e-06,9.53627720383e-05,9.73254663222e-07
78.05,6.68590038001e-06,9.52081586736e-05,9.64535825135e-07
78.1,6.62269251421e-06,9.50540913833e-05,9.5589413696e-07
78.15,6.56008056298e-06,9.49005678316e-05,9.4733103013e-07
78.2,6.49805892538e-06,9.47476038031e-05,9.38843692901e-07
78.25,6.4366220529e-06,9.45953102226e-05,9.30431465231e-07
78.3,6.37576444904e-06,9.44435537904e-05,9.22093692709e-07
78.35,6.31548066876e-06,9.42926727452e-05,9.13830339562e-07
78.4,6.25576531804e-06,9.41432299074e-05,9.05642149089e-07
78.45,6.19661305339e-06,9.39943180231e-05,8.97528630852e-07
78.5,6.13801858137e-06,9.38459347461e-05,8.8948778793e-07
78.55,6.07997665814e-06,9.36980777582e-05,8.81519369902e-07
78.6,6.02248208898e-06,9.35507447464e-05,8.73621461586e-07
78.65,5.96552972787e-06,9.34039334245e-05,8.65795371211e-07
78.7,5.90911447697e-06,9.32576414913e-05,8.58038529037e-07
78.75,5.85323128623e-06,9.31118666809e-05,8.50350331832e-07
78.8,5.79787515291e-06,9.2966606737e-05,8.42730181509e-07
78.85,5.74306982232e-06,9.28225681593e-05,8.35178045372e-07
78.9,5.68878111272e-06,9.26795204406e-05,8.27694602749e-07
78.95,5.63500416922e-06,9.2536981545e-05,8.20279405409e-07
79.0,5.5817341824e-06,9.23949491819e-05,8.12930628307e-07
79.05,5.52896638789e-06,9.22534210866e-05,8.05648042574e-07
79.1,5.47669606592e-06,9.21124814714e-05,7.98429897865e-07
79.15,5.42491854096e-06,9.1972113832e-05,7.91277389813e-07
79.2,5.37362918124e-06,9.18322441356e-05,7.84188169852e-07
79.25,5.32282339839e-06,9.16928701629e-05,7.77161686667e-07
79.3,5.27249664701e-06,9.15539897043e-05,7.7019739365e-07
79.35,5.22264442428e-06,9.14162186253e-05,7.6329526092e-07
79.4,5.17326226956e-06,9.12794505635e-05,7.56455909333e-07
79.45,5.12434576401e-06,9.11431698461e-05,7.49678929239e-07
79.5,5.07589053018e-06,9.10073742385e-05,7.42962652672e-07
79.55,5.02789223161e-06,9.08720615302e-05,7.36306870461e-07
79.6,4.9803465725e-06,9.07372295167e-05,7.29709982912e-07
79.65,4.93324929727e-06,9.06028760167e-05,7.2317308275e-07
79.7,4.88659619025e-06,9.04689988387e-05,7.16694023548e-07
79.75,4.84038307523e-06,9.03357125773e-05,7.10272301443e-07
79.8,4.79460581517e-06,9.02029245548e-05,7.03907416871e-07
79.85,4.74928404645e-06,9.00707011699e-05,6.97599342524e-07
79.9,4.70438950217e-06,8.99399266464e-05,6.91348645822e-07
79.95,4.65991816754e-06,8.98096185228e-05,6.85154952372e-07
80.0,4.61586606538e-06,8.96797746187e-05,6.79016737768e-07
80.05,4.57222925573e-06,8.95503927764e-05,6.72933810844e-07
80.1,4.52900383555e-06,8.94214708444e-05,6.66904709587e-07
80.15,4.48618593835e-06,8.92930066932e-05,6.60930432674e-07
80.2,4.44377173385e-06,8.91649981847e-05,6.55009018418e-07
80.25,4.40175742767e-06,8.90374432091e-05,6.49140006323e-07
80.3,4.36013926093e-06,8.89103396656e-05,6.43322939823e-07
80.35,4.31891350999e-06,8.87836854632e-05,6.37557793958e-07
80.4,4.2780764861e-06,8.86576595528e-05,6.31845087312e-07
80.45,4.23762453503e-06,8.85329164926e-05,6.26184477716e-07
80.5,4.19755403682e-06,8.84086167422e-05,6.20574571968e-07
80.55,4.15786140541e-06,8.82847582054e-05,6.15015195354e-07
80.6,4.11854308833e-06,8.81613755726e-05,6.09505011696e-07
80.65,4.0795955664e-06,8.80385449098e-05,6.04044933716e-07
80.7,4.04101535342e-06,8.79161496427e-05,5.98633168566e-07
80.75,4.00279899585e-06,8.77941877168e-05,5.93269295386e-07
80.8,3.96494307251e-06,8.76726570868e-05,5.87952896904e-07
80.85,3.9274638219e-06,8.75515557167e-05,5.82683950311e-07
80.9,3.89033786845e-06,8.74308816712e-05,5.77462929555e-07
80.95,3.85356189208e-06,8.73106329151e-05,5.72289521917e-07
81.0,3.81713260382e-06,8.71915494462e-05,5.67162454108e-07
81.05,3.78104674551e-06,8.70731081462e-05,5.62081566449e-07
81.1,3.74530108947e-06,8.69550862145e-05,5.57045637768e-07
81.15,3.70989243829e-06,8.68374816363e-05,5.52055502228e-07
81.2,3.67481762447e-06,8.67202923921e-05,5.4710952129e-07
81.25,3.64007351021e-06,8.66035869554e-05,5.42207310317e-07
81.3,3.60565698709e-06,8.64873593247e-05,5.37348487951e-07
81.35,3.5715649758e-06,8.63715414499e-05,5.32533033346e-07
81.4,3.53779442589e-06,8.62561313544e-05,5.27761379658e-07
81.45,3.50434231547e-06,8.6141127062e-05,5.23033241084e-07
81.5,3.47120565097e-06,8.60265266043e-05,5.18347453924e-07
81.55,3.43838146687e-06,8.59123280316e-05,5.13703872244e-07
81.6,3.40586682543e-06,8.57992734885e-05,5.09101379975e-07
81.65,3.37365881643e-06,8.56867803835e-05,5.04540739486e-07
81.7,3.34175455692e-06,8.55746834e-05,5.00020453266e-07
81.75,3.31015119096e-06,8.54629806004e-05,4.95540169781e-07
81.8,3.27884588938e-06,8.53516700564e-05,4.91099540497e-07
81.85,3.24785208075e-06,8.52407498487e-05,4.86698546362e-07
81.9,3.21715043444e-06,8.5130218141e-05,4.82337583251e-07
81.95,3.18673820487e-06,8.50200730181e-05,4.7801638996e-07
82.0,3.1566126722e-06,8.4910312573e-05,4.73733902947e-07
82.05,3.12677114206e-06,8.48009349159e-05,4.69489988839e-07
82.1,3.09721094531e-06,8.46919381639e-05,4.65283627624e-07
82.15,3.06792943779e-06,8.45834572187e-05,4.61115516056e-07
82.2,3.03892400013e-06,8.44755900807e-05,4.56984285513e-07
82.25,3.01019203749e-06,8.4368723926e-05,4.52889614717e-07
82.3,2.98173097934e-06,8.42622316475e-05,4.48831185133e-07
82.35,2.95353827921e-06,8.41561113818e-05,4.44808979346e-07
82.4,2.9256114145e-06,8.40503612713e-05,4.40823359162e-07
82.45,2.89794788624e-06,8.39449794598e-05,4.36874085856e-07
82.5,2.87054521887e-06,8.38399640994e-05,4.32960187424e-07
82.55,2.84340096001e-06,8.37353133585e-05,4.29081541972e-07
82.6,2.81651268029e-06,8.36310254124e-05,4.25237217282e-07
82.65,2.78987797305e-06,8.3527098452e-05,4.21427850136e-07
82.7,2.76349445424e-06,8.34235306668e-05,4.17652189709e-07
82.75,2.73735976209e-06,8.33203481793e-05,4.13909942375e-07
82.8,2.71147155701e-06,8.32176249606e-05,4.10200817015e-07
82.85,2.68584094387e-06,8.3115285646e-05,4.06524797713e-07
82.9,2.66045193703e-06,8.30140662237e-05,4.02882215134e-07
82.95,2.635302266e-06,8.29131989504e-05,3.992728511e-07
83.0,2.6103896816e-06,8.28126805514e-05,3.95695817267e-07
83.05,2.58571195568e-06,8.27125092518e-05,3.92151002233e-07
83.1,2.56126688097e-06,8.26126832841e-05,3.88637554012e-07
83.15,2.53705227087e-06,8.25132008954e-05,3.85156054582e-07
83.2,2.51306595927e-06,8.24140603323e-05,3.81705360772e-07
83.25,2.48930580033e-06,8.23152598597e-05,3.78285204231e-07
83.3,2.46576966833e-06,8.22167977507e-05,3.74895318894e-07
83.35,2.44245545744e-06,8.21186722871e-05,3.71535690216e-07
83.4,2.41936108159e-06,8.20208817563e-05,3.68206620402e-07
83.45,2.39648447422e-06,8.19234244483e-05,3.64907910053e-07
83.5,2.37382358814e-06,8.18262986608e-05,3.61638747282e-07
83.55,2.35137639535e-06,8.17295419789e-05,3.58399030276e-07
83.6,2.32914088683e-06,8.16338187263e-05,3.55187980379e-07
83.65,2.3071150724e-06,8.15385118258e-05,3.52006129478e-07
83.7,2.28529698053e-06,8.14435808692e-05,3.48852432795e-07
83.75,2.26368465815e-06,8.13489733416e-05,3.45726645073e-07
83.8,2.2422761705e-06,8.12546875734e-05,3.42628523149e-07
83.85,2.22108070086e-06,8.11607219031e-05,3.3955805373e-07
83.9,2.20008502974e-06,8.10670747267e-05,3.36515513009e-07
83.95,2.17928727957e-06,8.09737443904e-05,3.33500718749e-07
84.0,2.15868559035e-06,8.08807292478e-05,3.30512928943e-07
84.05,2.1382781195e-06,8.07880276666e-05,3.2755205054e-07
84.1,2.11806304168e-06,8.06956380211e-05,3.24617371902e-07
84.15,2.09803854869e-06,8.06035586986e-05,3.21709379137e-07
84.2,2.07820284922e-06,8.05117880874e-05,3.18827117389e-07
84.25,2.05855416876e-06,8.04203245912e-05,3.15970362512e-07
84.3,2.03909074942e-06,8.03294347684e-05,3.13138892269e-07
84.35,2.01981084978e-06,8.02394006836e-05,3.10332694514e-07
84.4,2.00071274473e-06,8.01496692101e-05,3.07552021666e-07
84.45,1.98179472531e-06,8.00602387515e-05,3.04796707175e-07
84.5,1.96305509858e-06,7.99711077193e-05,3.02066072897e-07
84.55,1.94449218747e-06,7.98822745379e-05,2.99360033788e-07
84.6,1.9261043306e-06,7.97937376386e-05,2.96677939462e-07
84.65,1.90788988218e-06,7.97054954652e-05,2.94020234187e-07
84.7,1.88984721183e-06,7.96175464627e-05,2.91386045292e-07
84.75,1.87197470443e-06,7.95298890909e-05,2.88775167921e-07
84.8,1.85427076002e-06,7.94425218177e-05,2.86187398966e-07
84.85,1.8367429728e-06,7.93554431185e-05,2.83622727325e-07
84.9,1.8193804108e-06,7.92686515169e-05,2.81081383694e-07
84.95,1.80218152133e-06,7.91821454964e-05,2.78563215856e-07
85.0,1.78514476625e-06,7.90959235481e-05,2.76067604033e-07
85.05,1.76826862183e-06,7.90099841751e-05,2.73594470503e-07
85.1,1.75155157859e-06,7.89246022002e-05,2.71143220856e-07
85.15,1.7349921412e-06,7.88399098904e-05,2.68714261124e-07
85.2,1.71858882835e-06,7.87555860737e-05,2.66306793745e-07
85.25,1.70234017257e-06,7.86715391554e-05,2.63920631495e-07
85.3,1.68624472018e-06,7.8587767657e-05,2.61555588747e-07
85.35,1.67030103107e-06,7.85042701074e-05,2.59211655354e-07
85.4,1.65450767865e-06,7.84210450418e-05,2.56889042157e-07
85.45,1.63886324969e-06,7.83380909991e-05,2.5458761004e-07
85.5,1.62336634421e-06,7.82554065252e-05,2.52306792569e-07
85.55,1.60801557531e-06,7.81729901777e-05,2.5004651871e-07
85.6,1.59280956912e-06,7.80908405207e-05,2.47806245215e-07
85.65,1.57774696463e-06,7.80089561296e-05,2.45586343169e-07
85.7,1.56282641358e-06,7.79273355814e-05,2.43386083653e-07
85.75,1.54804658034e-06,7.78459774666e-05,2.41205295559e-07
85.8,1.5334061418e-06,7.77649548286e-05,2.39043809238e-07
85.85,1.51891137806e-06,7.76842404119e-05,2.36901615414e-07
85.9,1.50455324883e-06,7.76037846529e-05,2.34778906782e-07
85.95,1.49033047009e-06,7.75239141049e-05,2.32675556199e-07
86.0,1.47624176986e-06,7.74445621824e-05,2.30591045984e-07
86.05,1.46228588809e-06,7.73654645992e-05,2.28525311218e-07
86.1,1.44846157649e-06,7.7286619972e-05,2.26477855407e-07
86.15,1.43476759849e-06,7.72080269286e-05,2.24449017699e-07
86.2,1.4212027291e-06,7.71296840989e-05,2.22438131912e-07
86.25,1.40776575479e-06,7.70515901253e-05,2.20445041664e-07
86.3,1.39445547341e-06,7.69737436574e-05,2.18469591908e-07
86.35,1.38127069408e-06,7.6896143352e-05,2.16511774168e-07
86.4,1.36821023704e-06,7.68187878718e-05,2.14571764552e-07
86.45,1.35527293362e-06,7.67416758834e-05,2.12649446861e-07
86.5,1.34245762608e-06,7.66648060599e-05,2.10744347969e-07
86.55,1.32976316753e-06,7.65881770852e-05,2.08856408546e-07
86.6,1.31718842182e-06,7.65117876489e-05,2.0698517483e-07
86.65,1.30473226345e-06,7.64356404367e-05,2.05130956778e-07
86.7,1.29239357748e-06,7.63598576349e-05,2.03293145548e-07
86.75,1.28017125938e-06,7.62843108985e-05,2.01471598215e-07
86.8,1.26806421501e-06,7.62089989437e-05,1.99666173079e-07
86.85,1.25607763774e-06,7.6134158628e-05,1.97876862391e-07
86.9,1.24420405162e-06,7.60598539456e-05,1.96103827103e-07
86.95,1.23244239483e-06,7.598578009e-05,1.94346961017e-07
87.0,1.2207916155e-06,7.59119357849e-05,1.92605831729e-07
87.05,1.20925067159e-06,7.58383197639e-05,1.90880385014e-07
87.1,1.19781853084e-06,7.57649307666e-05,1.89170206166e-07
87.15,1.18649417066e-06,7.56917675424e-05,1.87475578464e-07
87.2,1.17527657801e-06,7.56188288434e-05,1.85795945468e-07
87.25,1.16416474937e-06,7.55461134324e-05,1.84131176556e-07
87.3,1.15315769062e-06,7.5473656202e-05,1.8248114222e-07
87.35,1.14225441691e-06,7.54015029492e-05,1.80845835382e-07
87.4,1.13145395267e-06,7.53295696858e-05,1.7922540314e-07
87.45,1.12075533144e-06,7.52578551942e-05,1.77619748436e-07
87.5,1.11015759582e-06,7.51863582632e-05,1.76028476082e-07
87.55,1.09965979737e-06,7.51150776908e-05,1.74451536521e-07
87.6,1.08926099655e-06,7.50440122808e-05,1.72888550739e-07
87.65,1.07896026261e-06,7.4973160846e-05,1.71339777635e-07
87.7,1.06875667354e-06,7.49025222023e-05,1.6980470866e-07
87.75,1.05864931596e-06,7.48320951754e-05,1.68283224435e-07
87.8,1.04863728503e-06,7.47618785979e-05,1.66775206599e-07
87.85,1.03872487547e-06,7.4692314331e-05,1.65280648682e-07
87.9,1.02890590498e-06,7.46230088288e-05,1.63799685122e-07
87.95,1.01917949547e-06,7.45539101679e-05,1.62332227215e-07
88.0,1.00954477708e-06,7.44850171887e-05,1.60877913787e-07
88.05,1.0000008881e-06,7.44163287405e-05,1.59436699545e-07
88.1,9.90546974886e-07,7.43478436779e-05,1.58008238097e-07
88.15,9.81182191794e-07,7.42795608647e-05,1.56592766058e-07
88.2,9.71905701096e-07,7.42115720618e-05,1.5518981865e-07
88.25,9.6271667291e-07,7.41438183603e-05,1.53799286769e-07
88.3,9.53614285132e-07,7.4076263935e-05,1.52421062241e-07
88.35,9.44597723354e-07,7.40089076707e-05,1.51055139153e-07
88.4,9.356661808e-07,7.39417484576e-05,1.49701640371e-07
88.45,9.26818858252e-07,7.38747851898e-05,1.48360484827e-07
88.5,9.18054963978e-07,7.38080167676e-05,1.47031342431e-07
88.55,9.09373713663e-07,7.37414420994e-05,1.45714171791e-07
88.6,9.00774330342e-07,7.3675060099e-05,1.44408656327e-07
88.65,8.92256044329e-07,7.36088696887e-05,1.43115012288e-07
88.7,8.83818093149e-07,7.35428697935e-05,1.41832814901e-07
88.75,8.75459721472e-07,7.34770593475e-05,1.40561964451e-07
88.8,8.67180181046e-07,7.3411437291e-05,1.39302362074e-07
88.85,8.58983023424e-07,7.33461184407e-05,1.38054002367e-07
88.9,8.50863136089e-07,7.32813058727e-05,1.36816997621e-07
88.95,8.42819792903e-07,7.32168067682e-05,1.35591273745e-07
89.0,8.34852274529e-07,7.31524921072e-05,1.3437652906e-07
89.05,8.26959868364e-07,7.30883608425e-05,1.33172725735e-07
89.1,8.19141868482e-07,7.30244119324e-05,1.3197957444e-07
89.15,8.11397575567e-07,7.29606443429e-05,1.30797272811e-07
89.2,8.03726296853e-07,7.28970570432e-05,1.29625432633e-07
89.25,7.96127346063e-07,7.28336490112e-05,1.28463962774e-07
89.3,7.88600043349e-07,7.27704192306e-05,1.27312772881e-07
89.35,7.8114371523e-07,7.27073666908e-05,1.26171858015e-07
89.4,7.73757694535e-07,7.26444903863e-05,1.25041320801e-07
89.45,7.66441320342e-07,7.25817893158e-05,1.23921093526e-07
89.5,7.59193937923e-07,7.25192624832e-05,1.22810900477e-07
89.55,7.52014898681e-07,7.24569089002e-05,1.21710707077e-07
89.6,7.44903560098e-07,7.23947275833e-05,1.206202489e-07
89.65,7.37859285674e-07,7.23327175565e-05,1.1953970657e-07
89.7,7.30881444874e-07,7.22709306131e-05,1.18468725288e-07
89.75,7.23969413071e-07,7.22093847659e-05,1.17407221763e-07
89.8,7.17122571491e-07,7.21480077109e-05,1.1635511342e-07
89.85,7.10343857123e-07,7.20867984904e-05,1.15312395743e-07
89.9,7.03629042125e-07,7.20257561666e-05,1.14279162528e-07
89.95,6.9697752601e-07,7.19648797902e-05,1.13255351887e-07
90.0,6.90388713915e-07,7.1904168417e-05,1.12240711837e-07
90.05,6.83862016548e-07,7.18438718813e-05,1.11235210779e-07
90.1,6.77396850137e-07,7.17838907213e-05,1.10238607044e-07
90.15,6.70992636375e-07,7.17240716591e-05,1.09251065713e-07
90.2,6.64648802373e-07,7.16644137623e-05,1.0827226252e-07
90.25,6.58364780609e-07,7.1604916106e-05,1.07302121345e-07
90.3,6.52140008875e-07,7.15455777709e-05,1.0634056672e-07
90.35,6.45973930232e-07,7.1486476546e-05,1.05387594518e-07
90.4,6.39865992954e-07,7.14275672743e-05,1.04443290461e-07
90.45,6.33815650489e-07,7.13688149563e-05,1.03507597988e-07
90.5,6.278223614e-07,7.13102186884e-05,1.02580286805e-07
90.55,6.21885589326e-07,7.12517775734e-05,1.01661328031e-07
90.6,6.1600480293e-07,7.11934907193e-05,1.00750500799e-07
90.65,6.10179475853e-07,7.11353572403e-05,9.9847955979e-08
90.7,6.04409086668e-07,7.1077376254e-05,9.89533972165e-08
90.75,5.98693118835e-07,7.10195468853e-05,9.80667549432e-08
90.8,5.93031060651e-07,7.09618682639e-05,9.71879601849e-08
90.85,5.87425340888e-07,7.09043395249e-05,9.63170091709e-08
90.9,5.81872463293e-07,7.08469598201e-05,9.54539802445e-08
90.95,5.76371931287e-07,7.07897282924e-05,9.45988217138e-08
91.0,5.70923252943e-07,7.07326440897e-05,9.3751323105e-08
91.05,5.65525940942e-07,7.06757063661e-05,9.29114580239e-08
91.1,5.60179512525e-07,7.06189142802e-05,9.20790246117e-08
91.15,5.54883489459e-07,7.05622669969e-05,9.12541607548e-08
91.2,5.49637397987e-07,7.05057783905e-05,9.04365956047e-08
91.25,5.44440768791e-07,7.04495395486e-05,8.9626265581e-08
91.3,5.39293136949e-07,7.03935538656e-05,8.88231076459e-08
91.35,5.34194041894e-07,7.03379602675e-05,8.80271183533e-08
91.4,5.12735195904e-07,7.02825076785e-05,8.72383693037e-08
91.45,4.83262915813e-07,7.02271271644e-05,8.64568132541e-08
91.5,4.78693236352e-07,7.01717849831e-05,8.56822578461e-08
91.55,4.74166649195e-07,7.01165842583e-05,8.49146789571e-08
91.6,4.69682749218e-07,7.00615241478e-05,8.4153892102e-08
91.65,4.65241135088e-07,7.00066038154e-05,8.34000232996e-08
91.7,4.60841409236e-07,6.99518224288e-05,8.26528250129e-08
91.75,4.56483177817e-07,6.98971791625e-05,8.19122391338e-08
91.8,4.52166050676e-07,6.98426731959e-05,8.11782080503e-08
91.85,4.47891879668e-07,6.97883471371e-05,8.04507286127e-08
91.9,4.43657999018e-07,6.97342236775e-05,7.97298662589e-08
91.95,4.39464030104e-07,6.96802354508e-05,7.90155778121e-08
92.0,4.35309597846e-07,6.96263816516e-05,7.830768747e-08
92.05,4.31194330681e-07,6.95726614804e-05,7.76061731862e-08
92.1,4.27117860521e-07,6.95190741425e-05,7.69108663539e-08
92.15,4.2307982273e-07,6.94656188491e-05,7.62218821458e-08
92.2,4.19079856085e-07,6.9412294815e-05,7.55389943301e-08
92.25,4.15117602746e-07,6.93591012613e-05,7.48621497998e-08
92.3,4.11192708225e-07,6.93060374139e-05,7.41912959016e-08
92.35,4.07304821357e-07,6.92531025036e-05,7.35264297569e-08
92.4,4.03453594264e-07,6.92002957655e-05,7.28676111715e-08
92.45,3.99638682328e-07,6.91476164387e-05,7.22148006847e-08
92.5,3.95859744158e-07,6.90950637667e-05,7.15678376253e-08
92.55,3.92116441564e-07,6.9042636999e-05,7.09267018444e-08
92.6,3.88408439521e-07,6.89903353892e-05,7.02912392471e-08
92.65,3.84735406147e-07,6.89381581967e-05,6.96615550931e-08
92.7,3.81097012667e-07,6.88862670497e-05,6.90374426223e-08
92.75,3.77492933387e-07,6.883475525e-05,6.84188532985e-08
92.8,3.73922845666e-07,6.87833874634e-05,6.78057390001e-08
92.85,3.7038828091e-07,6.87321414943e-05,6.71980970965e-08
92.9,3.66887034635e-07,6.86810166207e-05,6.65959822458e-08
92.95,3.63418793734e-07,6.86300121169e-05,6.59993583839e-08
93.0,3.59983248032e-07,6.85791272615e-05,6.54080786682e-08
93.05,3.56580090261e-07,6.85283613386e-05,6.4822124684e-08
93.1,3.53209016028e-07,6.84777136365e-05,6.42413555993e-08
93.15,3.49869723794e-07,6.8427183449e-05,6.36658676141e-08
93.2,3.46561914841e-07,6.8376770073e-05,6.30954717639e-08
93.25,3.43285293251e-07,6.83264728112e-05,6.253012369e-08
93.3,3.40039565878e-07,6.82762909705e-05,6.19697794126e-08
93.35,3.36824442321e-07,6.8226233658e-05,6.14144365274e-08
93.4,3.33639634899e-07,6.8176388341e-05,6.08641449882e-08
93.45,3.30484858628e-07,6.81266567433e-05,6.0318871835e-08
93.5,3.27359831192e-07,6.80770381846e-05,5.97784828635e-08
93.55,3.2426427292e-07,6.802753199e-05,5.92429612443e-08
93.6,3.21197906763e-07,6.79781374885e-05,5.87121782663e-08
93.65,3.18160458265e-07,6.79288540143e-05,5.81862218499e-08
93.7,3.15151655544e-07,6.78796809045e-05,5.76649192944e-08
93.75,3.12171229264e-07,6.78306175017e-05,5.71482300591e-08
93.8,3.09218912613e-07,6.77816631525e-05,5.66361139495e-08
93.85,3.06295972004e-07,6.77328172078e-05,5.61285687682e-08
93.9,3.03400584417e-07,6.76840790284e-05,5.56256401696e-08
93.95,3.00532490925e-07,6.76354479723e-05,5.51272980303e-08
94.0,2.97691435027e-07,6.75869234013e-05,5.46334196972e-08
94.05,2.94877162624e-07,6.75385046821e-05,5.41439897889e-08
94.1,2.92089421996e-07,6.74901911851e-05,5.36588906728e-08
94.15,2.89327963782e-07,6.74419822855e-05,5.31782027017e-08
94.2,2.86592540955e-07,6.73938773614e-05,5.27017680393e-08
94.25,2.83882908802e-07,6.73461191165e-05,5.22295496341e-08
94.3,2.81198824905e-07,6.72986201683e-05,5.1761510751e-08
94.35,2.78540049112e-07,6.72512237207e-05,5.12976493819e-08
94.4,2.75906343525e-07,6.72039291582e-05,5.08380072517e-08
94.45,2.73297472472e-07,6.71567358681e-05,5.03825568297e-08
94.5,2.7071320249e-07,6.71096432422e-05,4.99311860193e-08
94.55,2.68153302303e-07,6.70626506762e-05,4.94838807631e-08
94.6,2.65617542801e-07,6.70157575701e-05,4.90405335529e-08
94.65,2.63105697022e-07,6.6968963328e-05,4.86012178258e-08
94.7,2.60617540129e-07,6.69222673571e-05,4.816578933e-08
94.75,2.58152849394e-07,6.68756690693e-05,4.77342142033e-08
94.8,2.55711404174e-07,6.68291678802e-05,4.73064588721e-08
94.85,2.53294251739e-07,6.67827632093e-05,4.68825215012e-08
94.9,2.50899884527e-07,6.67365375442e-05,4.64624402244e-08
94.95,2.48528088417e-07,6.66904298776e-05,4.60461898803e-08
95.0,2.46178651292e-07,6.66444173558e-05,4.56336680206e-08
95.05,2.43851363023e-07,6.65984994092e-05,4.52248617977e-08
95.1,2.41546015448e-07,6.65526754721e-05,4.48196729563e-08
95.15,2.39262402354e-07,6.65069449827e-05,4.44181686131e-08
95.2,2.37000319462e-07,6.64613073822e-05,4.40202169319e-08
95.25,2.34759564405e-07,6.64157621161e-05,4.36257869648e-08
95.3,2.32539936709e-07,6.63703086336e-05,4.3234848028e-08
95.35,2.30341237783e-07,6.63249463873e-05,4.28473984441e-08
95.4,2.28163270891e-07,6.62796748333e-05,4.24634730649e-08
95.45,2.26005841145e-07,6.62344934306e-05,4.20830488946e-08
95.5,2.23868755478e-07,6.61894016417e-05,4.17060323023e-08
95.55,2.21751822636e-07,6.6144398933e-05,4.13324115465e-08
95.6,2.19654853155e-07,6.60994847743e-05,4.09620968284e-08
95.65,2.17577659345e-07,6.60546586393e-05,4.05951494882e-08
95.7,2.15520055276e-07,6.60099200044e-05,4.02314490365e-08
95.75,2.1348185676e-07,6.59652924294e-05,3.98709671891e-08
95.8,2.11462881335e-07,6.59208408055e-05,3.95136759032e-08
95.85,2.09463995051e-07,6.58764755067e-05,3.91595736458e-08
95.9,2.07483951215e-07,6.5832196024e-05,3.88086922689e-08
95.95,2.05522572758e-07,6.57880522076e-05,3.8461010756e-08
96.0,2.03579684268e-07,6.57441915724e-05,3.8116443535e-08
96.05,2.01655111976e-07,6.5700415264e-05,3.77749798748e-08
96.1,1.99748683742e-07,6.56567227764e-05,3.74365377056e-08
96.15,1.97860229036e-07,6.5613113607e-05,3.7101173088e-08
96.2,1.95989578927e-07,6.55695872562e-05,3.67687759031e-08
96.25,1.94136566065e-07,6.55261432281e-05,3.64393203011e-08
96.3,1.92301024668e-07,6.54827810303e-05,3.61127806527e-08
96.35,1.90482790508e-07,6.54395001734e-05,3.57891555568e-08
96.4,1.88681700894e-07,6.53963502533e-05,3.54684741241e-08
96.45,1.86897594659e-07,6.53533340631e-05,3.5150717147e-08
96.5,1.85130312147e-07,6.53103981001e-05,3.48358064183e-08
96.55,1.83379695198e-07,6.52675418845e-05,3.45237321306e-08
96.6,1.81645587131e-07,6.52247649393e-05,3.42144192777e-08
96.65,1.79927832737e-07,6.5182066791e-05,3.39079190953e-08
96.7,1.78226278258e-07,6.51394469687e-05,3.36041309421e-08
96.75,1.76540771379e-07,6.50969050053e-05,3.33030311932e-08
96.8,1.7487116121e-07,6.50544404366e-05,3.30045964253e-08
96.85,1.7321816394e-07,6.50120528015e-05,3.27088253579e-08
96.9,1.71580748604e-07,6.49697416453e-05,3.2415744596e-08
96.95,1.69958768774e-07,6.49275065122e-05,3.21253365853e-08
97.0,1.68352079391e-07,6.48853469496e-05,3.18375298497e-08
97.05,1.66760536755e-07,6.48432625081e-05,3.15523154261e-08
97.1,1.65183998514e-07,6.48012527412e-05,3.12696247639e-08
97.15,1.63622323646e-07,6.47593172058e-05,3.09895046888e-08
97.2,1.62075372451e-07,6.4717455461e-05,3.07118632219e-08
97.25,1.6054300654e-07,6.46756670695e-05,3.04366787716e-08
97.3,1.59025088816e-07,6.4634052735e-05,3.01639299304e-08
97.35,1.5752148347e-07,6.4592521331e-05,2.98936155282e-08
97.4,1.56032055962e-07,6.4551062348e-05,2.96257598801e-08
97.45,1.54556673015e-07,6.45096753561e-05,2.93603469426e-08
97.5,1.530952026e-07,6.44683599283e-05,2.90973113915e-08
97.55,1.51647513924e-07,6.44271156406e-05,2.74584299013e-08
97.6,1.50213477419e-07,6.43859526385e-05,2.70591248255e-08
97.65,1.48792964733e-07,6.43448609313e-05,2.68167216942e-08
97.7,1.47385848714e-07,6.43038389111e-05,2.65764634553e-08
97.75,1.45992003405e-07,6.42628861677e-05,2.6338331424e-08
97.8,1.44611304026e-07,6.42220022939e-05,2.61023070751e-08
97.85,1.43244342835e-07,6.4181186885e-05,2.58683903696e-08
97.9,1.41890267267e-07,6.41405853294e-05,2.56366045519e-08
97.95,1.40548956231e-07,6.41002239058e-05,2.54069359724e-08
98.0,1.3922028977e-07,6.40599301546e-05,2.5179325934e-08
98.05,1.37904149051e-07,6.40197036733e-05,2.49537539501e-08
98.1,1.36600416352e-07,6.3979544062e-05,2.47301780242e-08
98.15,1.35308975056e-07,6.39394509237e-05,2.45086382431e-08
98.2,1.34029709636e-07,6.38994238636e-05,2.4289058746e-08
98.25,1.32762505649e-07,6.38594624899e-05,2.40714224564e-08
98.3,1.31507249723e-07,6.38195664135e-05,2.38557124434e-08
98.35,1.30263829548e-07,6.3779735248e-05,2.36419286716e-08
98.4,1.29032133866e-07,6.37399686092e-05,2.34300923845e-08
98.45,1.27812052462e-07,6.37002661153e-05,2.32201911074e-08
98.5,1.26603476153e-07,6.36606273871e-05,2.30121711952e-08
98.55,1.25406296779e-07,6.36210520481e-05,2.28060139246e-08
98.6,1.24220407193e-07,6.35815397244e-05,2.26016809136e-08
98.65,1.23045701252e-07,6.35420900447e-05,2.23992087989e-08
98.7,1.21882073808e-07,6.35027026398e-05,2.21985282489e-08
98.75,1.20729420698e-07,6.34633771434e-05,2.19996236568e-08
98.8,1.19587638736e-07,6.34241793485e-05,2.18024795487e-08
98.85,1.18457217693e-07,6.33850859426e-05,2.02292942696e-08
98.9,1.17337452534e-07,6.33460640117e-05,1.98947875051e-08
98.95,1.16228243122e-07,6.33071038697e-05,1.97165554405e-08
99.0,1.15129490256e-07,6.32682039971e-05,1.9539922465e-08
99.05,1.14041095666e-07,6.32293640408e-05,1.93648725152e-08
99.1,1.12962962003e-07,6.31905836505e-05,1.91913715518e-08
99.15,1.11894992827e-07,6.31518624781e-05,1.90194540885e-08
99.2,1.10837092603e-07,6.31132001774e-05,1.88490577826e-08
99.25,1.09789166691e-07,6.30745964052e-05,1.86801693835e-08
99.3,1.08751121338e-07,6.30360508201e-05,1.85127757534e-08
99.35,1.07722863667e-07,6.29975630835e-05,1.8346863867e-08
99.4,1.06704301673e-07,6.29591328587e-05,1.81824667253e-08
99.45,1.05695344211e-07,6.292084716e-05,1.80195748832e-08
99.5,1.04695900994e-07,6.2882630637e-05,1.78581444986e-08
99.55,1.03705882575e-07,6.28444709514e-05,1.76981608905e-08
99.6,1.0272520035e-07,6.28063677724e-05,1.75395929493e-08
99.65,1.01753766543e-07,6.27683207716e-05,1.73824722183e-08
99.7,1.007914942e-07,6.27303296222e-05,1.72267417205e-08
99.75,9.98382971823e-08,6.26923940001e-05,1.70723893457e-08
99.8,9.8894090159e-08,6.26545135834e-05,1.6919403087e-08
99.85,9.79592781526e-08,6.26166880523e-05,1.67677710399e-08
99.9,9.70332781267e-08,6.2578917091e-05,1.66175233654e-08
99.95,9.61160072716e-08,6.25412003836e-05,1.64686514311e-08
100.0,9.52073835533e-08,6.25035376163e-05,1.63211151683e-08
