"time","AMPA","NMDA","GABAa"
0.0,0.0,0.0,0.0
0.05,0.0,0.0,0.0
0.1,0.0,0.0,0.0
0.15,0.0,0.0,0.0
0.2,0.0,0.0,0.0
0.25,0.0,0.0,0.0
0.3,0.0,0.0,0.0
0.35,0.0,0.0,0.0
0.4,0.0,0.0,0.0
0.45,0.0,0.0,0.0
0.5,0.0,0.0,0.0
0.55,0.0,0.0,0.0
0.6,0.0,0.0,0.0
0.65,0.0,0.0,0.0
0.7,0.0,0.0,0.0
0.75,0.0,0.0,0.0
0.8,0.0,0.0,0.0
0.85,0.0,0.0,0.0
0.9,0.0,0.0,0.0
0.95,0.0,0.0,0.0
1.0,0.0,0.0,0.0
1.05,0.0,0.0,0.0
1.1,0.0,0.0,0.0
1.15,0.0,0.0,0.0
1.2,0.0,0.0,0.0
1.25,0.0,0.0,0.0
1.3,0.0,0.0,0.0
1.35,0.0,0.0,0.0
1.4,0.0,0.0,0.0
1.45,0.0,0.0,0.0
1.5,0.0,0.0,0.0
1.55,0.0,0.0,0.0
1.6,0.0,0.0,0.0
1.65,0.0,0.0,0.0
1.7,0.0,0.0,0.0
1.75,0.0,0.0,0.0
1.8,0.0,0.0,0.0
1.85,0.0,0.0,0.0
1.9,0.0,0.0,0.0
1.95,0.0,0.0,0.0
2.0,0.0,0.0,0.0
2.05,0.0,0.0,0.0
2.1,0.0,0.0,0.0
2.15,0.0,0.0,0.0
2.2,0.0,0.0,0.0
2.25,0.0,0.0,0.0
2.3,0.0,0.0,0.0
2.35,0.0,0.0,0.0
2.4,0.0,0.0,0.0
2.45,0.0,0.0,0.0
2.5,0.0,0.0,0.0
2.55,0.0,0.0,0.0
2.6,0.0,0.0,0.0
2.65,0.0,0.0,0.0
2.7,0.0,0.0,0.0
2.75,0.0,0.0,0.0
2.8,0.0,0.0,0.0
2.85,0.0,0.0,0.0
2.9,0.0,0.0,0.0
2.95,0.0,0.0,0.0
3.0,0.0,0.0,0.0
3.05,0.0,0.0,0.0
3.1,0.0,0.0,0.0
3.15,0.0,0.0,0.0
3.2,0.0,0.0,0.0
3.25,0.0,0.0,0.0
3.3,0.0,0.0,0.0
3.35,0.0,0.0,0.0
3.4,0.0,0.0,0.0
3.45,0.0,0.0,0.0
3.5,0.0,0.0,0.0
3.55,0.0,0.0,0.0
3.6,0.0,0.0,0.0
3.65,0.0,0.0,0.0
3.7,0.0,0.0,0.0
3.75,0.0,0.0,0.0
3.8,0.0,0.0,0.0
3.85,0.0,0.0,0.0
3.9,0.0,0.0,0.0
3.95,0.0,0.0,0.0
4.0,0.0,0.0,0.0
4.05,0.0,0.0,0.0
4.1,0.0,0.0,0.0
4.15,0.0,0.0,0.0
4.2,0.0,0.0,0.0
4.25,0.0,0.0,0.0
4.3,0.0,0.0,0.0
4.35,0.0,0.0,0.0
4.4,0.0,0.0,0.0
4.45,0.0,0.0,0.0
4.5,0.0,0.0,0.0
4.55,0.0,0.0,0.0
4.6,0.0,0.0,0.0
4.65,0.0,0.0,0.0
4.7,0.0,0.0,0.0
4.75,0.0,0.0,0.0
4.8,0.0,0.0,0.0
4.85,0.0,0.0,0.0
4.9,0.0,0.0,0.0
4.95,0.0,0.0,0.0
5.0,0.0,0.0,0.0
5.05,0.0,0.0,0.0
5.1,0.0,0.0,0.0
5.15,0.0,0.0,0.0
5.2,0.0,0.0,0.0
5.25,0.0,0.0,0.0
5.3,0.0,0.0,0.0
5.35,0.0,0.0,0.0
5.4,0.0,0.0,0.0
5.45,0.0,0.0,0.0
5.5,0.0,0.0,0.0
5.55,0.0,0.0,0.0
5.6,0.0,0.0,0.0
5.65,0.0,0.0,0.0
5.7,0.0,0.0,0.0
5.75,0.0,0.0,0.0
5.8,0.0,0.0,0.0
5.85,0.0,0.0,0.0
5.9,0.0,0.0,0.0
5.95,0.0,0.0,0.0
6.0,0.0,0.0,0.0
6.05,0.0,0.0,0.0
6.1,0.0,0.0,0.0
6.15,0.0,0.0,0.0
6.2,0.0,0.0,0.0
6.25,0.0,0.0,0.0
6.3,0.0,0.0,0.0
6.35,0.0,0.0,0.0
6.4,0.0,0.0,0.0
6.45,0.0,0.0,0.0
6.5,0.0,0.0,0.0
6.55,0.0,0.0,0.0
6.6,0.0,0.0,0.0
6.65,0.0,0.0,0.0
6.7,0.0,0.0,0.0
6.75,0.0,0.0,0.0
6.8,0.0,0.0,0.0
6.85,0.0,0.0,0.0
6.9,0.0,0.0,0.0
6.95,0.0,0.0,0.0
7.0,0.0,0.0,0.0
7.05,0.0,0.0,0.0
7.1,0.0,0.0,0.0
7.15,0.0,0.0,0.0
7.2,0.0,0.0,0.0
7.25,0.0,0.0,0.0
7.3,0.0,0.0,0.0
7.35,0.0,0.0,0.0
7.4,0.0,0.0,0.0
7.45,0.0,0.0,0.0
7.5,0.0,0.0,0.0
7.55,0.0,0.0,0.0
7.6,0.0,0.0,0.0
7.65,0.0,0.0,0.0
7.7,0.0,0.0,0.0
7.75,0.0,0.0,0.0
7.8,0.0,0.0,0.0
7.85,0.0,0.0,0.0
7.9,0.0,0.0,0.0
7.95,0.0,0.0,0.0
8.0,0.0,0.0,0.0
8.05,0.0,0.0,0.0
8.1,0.0,0.0,0.0
8.15,0.0,0.0,0.0
8.2,0.0,0.0,0.0
8.25,0.0,0.0,0.0
8.3,0.0,0.0,0.0
8.35,0.0,0.0,0.0
8.4,0.0,0.0,0.0
8.45,0.0,0.0,0.0
8.5,0.0,0.0,0.0
8.55,0.0,0.0,0.0
8.6,0.0,0.0,0.0
8.65,0.0,0.0,0.0
8.7,0.0,0.0,0.0
8.75,0.0,0.0,0.0
8.8,0.0,0.0,0.0
8.85,0.0,0.0,0.0
8.9,0.0,0.0,0.0
8.95,0.0,0.0,0.0
9.0,0.0,0.0,0.0
9.05,0.0,0.0,0.0
9.1,0.0,0.0,0.0
9.15,0.0,0.0,0.0
9.2,0.0,0.0,0.0
9.25,0.0,0.0,0.0
9.3,0.0,0.0,0.0
9.35,0.0,0.0,0.0
9.4,0.0,0.0,0.0
9.45,0.0,0.0,0.0
9.5,0.0,0.0,0.0
9.55,0.0,0.0,0.0
9.6,0.0,0.0,0.0
9.65,0.0,0.0,0.0
9.7,0.0,0.0,0.0
9.75,0.0,0.0,0.0
9.8,0.0,0.0,0.0
9.85,0.0,0.0,0.0
9.9,0.0,0.0,0.0
9.95,0.0,0.0,0.0
10.0,0.0,0.0,0.0
10.05,0.0,0.0,0.0
10.1,0.0,0.0,0.0
10.15,0.0,0.0,0.0
10.2,0.0,0.0,0.0
10.25,0.0,0.0,0.0
10.3,0.0,0.0,0.0
10.35,0.0,0.0,0.0
10.4,0.0,0.0,0.0
10.45,0.0,0.0,0.0
10.5,0.0,0.0,0.0
10.55,0.0,0.0,0.0
10.6,0.0,0.0,0.0
10.65,0.0,0.0,0.0
10.7,0.0,0.0,0.0
10.75,0.0,0.0,0.0
10.8,0.0,0.0,0.0
10.85,0.0,0.0,0.0
10.9,0.0,0.0,0.0
10.95,0.0,0.0,0.0
11.0,0.0,0.0,0.0
11.05,0.0,0.0,0.0
11.1,0.0,0.0,0.0
11.15,0.0,0.0,0.0
11.2,0.0,0.0,0.0
11.25,0.0,0.0,0.0
11.3,0.0,0.0,0.0
11.35,0.0,0.0,0.0
11.4,0.0,0.0,0.0
11.45,0.0,0.0,0.0
11.5,0.0,0.0,0.0
11.55,0.0,0.0,0.0
11.6,0.0,0.0,0.0
11.65,0.0,0.0,0.0
11.7,0.0,0.0,0.0
11.75,0.0,0.0,0.0
11.8,0.0,0.0,0.0
11.85,0.0,0.0,0.0
11.9,0.0,0.0,0.0
11.95,0.0,0.0,0.0
12.0,0.0,0.0,0.0
12.05,0.0,0.0,0.0
12.1,0.0,0.0,0.0
12.15,0.0,0.0,0.0
12.2,0.0,0.0,0.0
12.25,0.0,0.0,0.0
12.3,0.0,0.0,0.0
12.35,0.0,0.0,0.0
12.4,0.0,0.0,0.0
12.45,0.0,0.0,0.0
12.5,0.0,0.0,0.0
12.55,0.0,0.0,0.0
12.6,0.0,0.0,0.0
12.65,0.0,0.0,0.0
12.7,0.0,0.0,0.0
12.75,0.0,0.0,0.0
12.8,0.0,0.0,0.0
12.85,0.0,0.0,0.0
12.9,0.0,0.0,0.0
12.95,0.0,0.0,0.0
13.0,0.0,0.0,0.0
13.05,0.0,0.0,0.0
13.1,0.0,0.0,0.0
13.15,0.0,0.0,0.0
13.2,0.0,0.0,0.0
13.25,0.0,0.0,0.0
13.3,0.0,0.0,0.0
13.35,0.0,0.0,0.0
13.4,0.0,0.0,0.0
13.45,0.0,0.0,0.0
13.5,0.0,0.0,0.0
13.55,0.0,0.0,0.0
13.6,0.0,0.0,0.0
13.65,0.0,0.0,0.0
13.7,0.0,0.0,0.0
13.75,0.0,0.0,0.0
13.8,0.0,0.0,0.0
13.85,0.0,0.0,0.0
13.9,0.0,0.0,0.0
13.95,0.0,0.0,0.0
14.0,0.0,0.0,0.0
14.05,0.0,0.0,0.0
14.1,0.0,0.0,0.0
14.15,0.0,0.0,0.0
14.2,0.0,0.0,0.0
14.25,0.0,0.0,0.0
14.3,0.0,0.0,0.0
14.35,0.0,0.0,0.0
14.4,0.0,0.0,0.0
14.45,0.0,0.0,0.0
14.5,0.0,0.0,0.0
14.55,0.0,0.0,0.0
14.6,0.0,0.0,0.0
14.65,0.0,0.0,0.0
14.7,0.0,0.0,0.0
14.75,0.0,0.0,0.0
14.8,0.0,0.0,0.0
14.85,0.0,0.0,0.0
14.9,0.0,0.0,0.0
14.95,0.0,0.0,0.0
15.0,0.0,0.0,0.0
15.05,0.0,0.0,0.0
15.1,0.0,0.0,0.0
15.15,0.0,0.0,0.0
15.2,0.0,0.0,0.0
15.25,0.0,0.0,0.0
15.3,0.0,0.0,0.0
15.35,0.0,0.0,0.0
15.4,0.0,0.0,0.0
15.45,0.0,0.0,0.0
15.5,0.0,0.0,0.0
15.55,0.0,0.0,0.0
15.6,0.0,0.0,0.0
15.65,0.0,0.0,0.0
15.7,0.0,0.0,0.0
15.75,0.0,0.0,0.0
15.8,0.0,0.0,0.0
15.85,0.0,0.0,0.0
15.9,0.0,0.0,0.0
15.95,0.0,0.0,0.0
16.0,0.0,0.0,0.0
16.05,0.0,0.0,0.0
16.1,0.0,0.0,0.0
16.15,0.0,0.0,0.0
16.2,0.0,0.0,0.0
16.25,0.0,0.0,0.0
16.3,0.0,0.0,0.0
16.35,0.0,0.0,0.0
16.4,0.0,0.0,0.0
16.45,0.0,0.0,0.0
16.5,0.0,0.0,0.0
16.55,0.0,0.0,0.0
16.6,0.0,0.0,0.0
16.65,0.0,0.0,0.0
16.7,0.0,0.0,0.0
16.75,0.0,0.0,0.0
16.8,0.0,0.0,0.0
16.85,0.0,0.0,0.0
16.9,0.0,0.0,0.0
16.95,0.0,0.0,0.0
17.0,0.0,0.0,0.0
17.05,0.0,0.0,0.0
17.1,0.0,0.0,0.0
17.15,0.0,0.0,0.0
17.2,0.0,0.0,0.0
17.25,0.0,0.0,0.0
17.3,0.0,0.0,0.0
17.35,0.0,0.0,0.0
17.4,0.0,0.0,0.0
17.45,0.0,0.0,0.0
17.5,0.0,0.0,0.0
17.55,0.0,0.0,0.0
17.6,0.0,0.0,0.0
17.65,0.0,0.0,0.0
17.7,0.0,0.0,0.0
17.75,0.0,0.0,0.0
17.8,0.0,0.0,0.0
17.85,0.0,0.0,0.0
17.9,0.0,0.0,0.0
17.95,0.0,0.0,0.0
18.0,0.0,0.0,0.0
18.05,0.0,0.0,0.0
18.1,0.0,0.0,0.0
18.15,0.0,0.0,0.0
18.2,0.0,0.0,0.0
18.25,0.0,0.0,0.0
18.3,0.0,0.0,0.0
18.35,0.0,0.0,0.0
18.4,0.0,0.0,0.0
18.45,0.0,0.0,0.0
18.5,0.0,0.0,0.0
18.55,0.0,0.0,0.0
18.6,0.0,0.0,0.0
18.65,0.0,0.0,0.0
18.7,0.0,0.0,0.0
18.75,0.0,0.0,0.0
18.8,0.0,0.0,0.0
18.85,0.0,0.0,0.0
18.9,0.0,0.0,0.0
18.95,0.0,0.0,0.0
19.0,0.0,0.0,0.0
19.05,0.0,0.0,0.0
19.1,0.0,0.0,0.0
19.15,0.0,0.0,0.0
19.2,0.0,0.0,0.0
19.25,0.0,0.0,0.0
19.3,0.0,0.0,0.0
19.35,0.0,0.0,0.0
19.4,0.0,0.0,0.0
19.45,0.0,0.0,0.0
19.5,0.0,0.0,0.0
19.55,0.0,0.0,0.0
19.6,0.0,0.0,0.0
19.65,0.0,0.0,0.0
19.7,0.0,0.0,0.0
19.75,0.0,0.0,0.0
19.8,0.0,0.0,0.0
19.85,0.0,0.0,0.0
19.9,0.0,0.0,0.0
19.95,0.0,0.0,0.0
20.0,0.0,0.0,0.0
20.05,0.0,0.0,0.0
20.1,0.0,0.0,0.0
20.15,0.0,0.0,0.0
20.2,0.0,0.0,0.0
20.25,0.0,0.0,0.0
20.3,0.0,0.0,0.0
20.35,0.0,0.0,0.0
20.4,0.0,0.0,0.0
20.45,0.0,0.0,0.0
20.5,0.0,0.0,0.0
20.55,0.0,0.0,0.0
20.6,0.0,0.0,0.0
20.65,0.0,0.0,0.0
20.7,0.0,0.0,0.0
20.75,0.0,0.0,0.0
20.8,0.0,0.0,0.0
20.85,0.0,0.0,0.0
20.9,0.0,0.0,0.0
20.95,0.0,0.0,0.0
21.0,0.0,0.0,0.0
21.05,0.0,0.0,0.0
21.1,0.0,0.0,0.0
21.15,0.0,0.0,0.0
21.2,0.0,0.0,0.0
21.25,0.0,0.0,0.0
21.3,0.0,0.0,0.0
21.35,0.0,0.0,0.0
21.4,0.0,0.0,0.0
21.45,0.0,0.0,0.0
21.5,0.0,0.0,0.0
21.55,0.0,0.0,0.0
21.6,0.0,0.0,0.0
21.65,0.0,0.0,0.0
21.7,0.0,0.0,0.0
21.75,0.0,0.0,0.0
21.8,0.0,0.0,0.0
21.85,0.0,0.0,0.0
21.9,0.0,0.0,0.0
21.95,0.0,0.0,0.0
22.0,0.0,0.0,0.0
22.05,0.0,0.0,0.0
22.1,0.0,0.0,0.0
22.15,0.0,0.0,0.0
22.2,0.0,0.0,0.0
22.25,0.0,0.0,0.0
22.3,0.0,0.0,0.0
22.35,0.0,0.0,0.0
22.4,0.0,0.0,0.0
22.45,0.0,0.0,0.0
22.5,0.0,0.0,0.0
22.55,0.0,0.0,0.0
22.6,0.0,0.0,0.0
22.65,0.0,0.0,0.0
22.7,0.0,0.0,0.0
22.75,0.0,0.0,0.0
22.8,0.0,0.0,0.0
22.85,0.0,0.0,0.0
22.9,0.0,0.0,0.0
22.95,0.0,0.0,0.0
23.0,0.0,0.0,0.0
23.05,0.0,0.0,0.0
23.1,0.0,0.0,0.0
23.15,0.0,0.0,0.0
23.2,0.0,0.0,0.0
23.25,0.0,0.0,0.0
23.3,0.0,0.0,0.0
23.35,0.0,0.0,0.0
23.4,0.0,0.0,0.0
23.45,0.0,0.0,0.0
23.5,0.0,0.0,0.0
23.55,0.0,0.0,0.0
23.6,0.0,0.0,0.0
23.65,0.0,0.0,0.0
23.7,0.0,0.0,0.0
23.75,0.0,0.0,0.0
23.8,0.0,0.0,0.0
23.85,0.0,0.0,0.0
23.9,0.0,0.0,0.0
23.95,0.0,0.0,0.0
24.0,0.0,0.0,0.0
24.05,0.0,0.0,0.0
24.1,0.0,0.0,0.0
24.15,0.0,0.0,0.0
24.2,0.0,0.0,0.0
24.25,0.0,0.0,0.0
24.3,0.0,0.0,0.0
24.35,0.0,0.0,0.0
24.4,0.0,0.0,0.0
24.45,0.0,0.0,0.0
24.5,0.0,0.0,0.0
24.55,0.0,0.0,0.0
24.6,0.0,0.0,0.0
24.65,0.0,0.0,0.0
24.7,0.0,0.0,0.0
24.75,0.0,0.0,0.0
24.8,0.0,0.0,0.0
24.85,0.0,0.0,0.0
24.9,0.0,0.0,0.0
24.95,0.0,0.0,0.0
25.0,0.0,0.0,0.0
25.05,0.0,0.0,0.0
25.1,0.0,0.0,0.0
25.15,0.0,0.0,0.0
25.2,0.0,0.0,0.0
25.25,0.0,0.0,0.0
25.3,0.0,0.0,0.0
25.35,0.0,0.0,0.0
25.4,0.0,0.0,0.0
25.45,0.0,0.0,0.0
25.5,0.0,0.0,0.0
25.55,0.0,0.0,0.0
25.6,0.0,0.0,0.0
25.65,0.0,0.0,0.0
25.7,0.0,0.0,0.0
25.75,0.0,0.0,0.0
25.8,0.0,0.0,0.0
25.85,0.0,0.0,0.0
25.9,0.0,0.0,0.0
25.95,0.0,0.0,0.0
26.0,0.0,0.0,0.0
26.05,0.0,0.0,0.0
26.1,0.0,0.0,0.0
26.15,0.0,0.0,0.0
26.2,0.0,0.0,0.0
26.25,0.0,0.0,0.0
26.3,0.0,0.0,0.0
26.35,0.0,0.0,0.0
26.4,0.0,0.0,5.70432590052e-18
26.45,0.0,0.0,7.70856400236e-06
26.5,0.0,0.0,1.36582583061e-05
26.55,0.0,0.0,1.82504010673e-05
26.6,0.0,0.0,2.17947434661e-05
26.65,0.0,0.0,2.45303618898e-05
26.7,0.0,0.0,2.66417833522e-05
26.75,0.0,0.0,3.59799957239e-05
26.8,0.0,0.0,4.3187492502e-05
26.85,0.0,0.0,5.64590010088e-05
26.9,0.0,0.0,6.67023247423e-05
26.95,0.0,0.0,7.46083827077e-05
27.0,0.0,0.0,8.0710492874e-05
27.05,0.0,0.0,0.000100837390406
27.1,0.0,0.0,0.000116371899659
27.15,0.0,0.0,0.000128361861498
27.2,0.0,0.0,0.000137616034723
27.25,0.0,0.0,0.00014475862638
27.3,0.0,0.0,0.000157980027036
27.35,0.0,0.0,0.000168184647178
27.4,0.0,0.0,0.000176004637902
27.45,0.0,0.0,0.00018173997996
27.5,0.0,0.0,0.000186100791633
27.55,0.0,0.0,0.000197109809897
27.6,0.0,0.0,0.000205542171509
27.65,0.0,0.0,0.00021969492663
27.7,0.0,0.0,0.000230498638419
27.75,0.0,0.0,0.000238473898038
27.8,0.0,0.0,0.000244444862741
27.85,0.0,0.0,0.000256334457575
27.9,0.0,0.0,0.000265319247817
27.95,0.0,0.0,0.000272064024384
28.0,0.0,0.0,0.000276968913253
28.05,0.0,0.0,0.000279967131083
28.1,0.0,0.0,0.000281964327846
28.15,0.0,0.0,0.000283191694172
28.2,0.0,0.0,0.000283827689271
28.25,0.0,0.0,0.000283954095959
28.3,0.0,0.0,0.000283445559824
28.35,0.0,0.0,0.000282684410537
28.4,0.0,0.0,0.000281731338628
28.45,0.0,0.0,0.000280633649561
28.5,0.0,0.0,0.000279371118565
28.55,0.0,0.0,0.000277741023744
28.6,0.0,0.0,0.000276008154458
28.65,0.0,0.0,0.000273955545125
28.7,0.0,0.0,0.00027189428578
28.75,0.0,0.0,0.00026983085118
28.8,0.0,0.0,0.0002677137969
28.85,0.0,0.0,0.000265315422862
28.9,0.0,0.0,0.000262938272044
28.95,0.0,0.0,0.000260582413022
29.0,0.0,0.0,0.000258247403962
29.05,0.0,0.0,0.000255933921334
29.1,0.0,0.0,0.000253640909787
29.15,0.0,0.0,0.000251368494449
29.2,0.0,0.0,0.000249116189009
29.25,0.0,0.0,0.000246884071727
29.3,0.0,0.0,0.000244671987715
29.35,0.0,0.0,0.000242480038887
29.4,0.0,0.0,0.000240307486622
29.45,0.0,0.0,0.000238154393594
29.5,0.0,0.0,0.000243728919999
29.55,0.0,0.0,0.000247564250382
29.6,0.0,0.0,0.000250060738382
29.65,0.0,0.0,0.000251528249538
29.7,0.0,0.0,0.000252205415781
29.75,0.0,0.0,0.000252475490489
29.8,0.0,0.0,0.00025493063261
29.85,0.0,0.0,0.000256425868907
29.9,0.0,0.0,0.00025718336233
29.95,0.0,0.0,0.000257374955424
30.0,0.0,0.0,0.000257133231585
30.05,0.0,0.0,0.000256561252809
30.1,0.0,0.0,0.000255737226025
30.15,0.0,0.0,0.000254928146675
30.2,0.0,0.0,0.000256437958838
30.25,0.0,0.0,0.00025727580322
30.3,0.0,0.0,0.000257597961571
30.35,0.0,0.0,0.000257525263911
30.4,0.0,0.0,0.000257150286034
30.45,0.0,0.0,0.000256488610917
30.5,0.0,0.0,0.000255364332266
30.55,0.0,0.0,0.000254120682243
30.6,0.0,0.0,0.000252787879962
30.65,0.0,0.0,0.000251571358037
30.7,0.0,0.0,0.000253391579996
30.75,0.0,0.0,0.00025445376592
30.8,0.0,0.0,0.000254651345698
30.85,0.0,0.0,0.00025442009208
30.9,0.0,0.0,0.000253861068433
30.95,0.0,0.0,0.000253052431571
31.0,0.0,0.0,0.000252054779514
31.05,0.0,0.0,0.000250914716077
31.1,0.0,0.0,0.000249667695569
31.15,0.0,0.0,0.000248323610647
31.2,0.0,0.0,0.000246623796425
31.25,0.0,0.0,0.000244888433161
31.3,0.0,0.0,0.000243463299857
31.35,0.0,0.0,0.000248939393526
31.4,0.0,0.0,0.000252826274814
31.45,0.0,0.0,0.000255489559675
31.5,0.0,0.0,0.000257211694198
31.55,0.0,0.0,0.000258210527183
31.6,0.0,0.0,0.000258653730561
31.65,0.0,0.0,0.000258648677655
31.7,0.0,0.0,0.000258021521638
31.75,0.0,0.0,0.00025715231294
31.8,0.0,0.0,0.000256099970389
31.85,0.0,0.0,0.000254909616145
31.9,0.0,0.0,0.000253615959163
31.95,0.0,0.0,0.000252245889434
32.0,0.0,0.0,0.000250820386112
32.05,0.0,0.0,0.000249355497225
32.1,0.0,0.0,0.000247863173889
32.15,0.0,0.0,0.000246353055546
32.2,0.0,0.0,0.000244997282625
32.25,0.0,0.0,0.000247156329517
32.3,0.0,0.0,0.000248459417812
32.35,0.0,0.0,0.000248551775329
32.4,0.0,0.0,0.000248183224287
32.45,0.0,0.0,0.000247462824165
32.5,0.0,0.0,0.000246622605222
32.55,0.0,0.0,0.000249528496055
32.6,0.0,0.0,0.000251379060113
32.65,0.0,0.0,0.000252418725785
32.7,0.0,0.0,0.000252836364568
32.75,0.0,0.0,0.000252776886472
32.8,0.0,0.0,0.000252352780578
32.85,0.0,0.0,0.000251651020867
32.9,0.0,0.0,0.000250737798855
32.95,0.0,0.0,0.00024966465412
33.0,0.0,0.0,0.000248471549508
33.05,0.0,0.0,0.000247189046728
33.1,0.0,0.0,0.000245840653168
33.15,0.0,0.0,0.000244578331179
33.2,0.0,0.0,0.000247560331317
33.25,0.0,0.0,0.000249240491861
33.3,0.0,0.0,0.00025015429505
33.35,0.0,0.0,0.000250480381862
33.4,0.0,0.0,0.000250355773467
33.45,0.0,0.0,0.000249886636553
33.5,0.0,0.0,0.000249325921589
33.55,0.0,0.0,0.000250894318657
33.6,0.0,0.0,0.000251719071495
33.65,0.0,0.0,0.000251973272784
33.7,0.0,0.0,0.000251899374481
33.75,0.0,0.0,0.000256431744492
33.8,0.0,0.0,0.000259581590749
33.85,0.0,0.0,0.000261667803793
33.9,0.0,0.0,0.000262935728368
33.95,0.0,0.0,0.000263575103837
34.0,0.0,0.0,0.000263732527602
34.05,0.0,0.0,0.000263679643052
34.1,0.0,0.0,0.0002670128672
34.15,0.0,0.0,0.000269261337148
34.2,0.0,0.0,0.000270405447373
34.25,0.0,0.0,0.000270935070575
34.3,0.0,0.0,0.00027099351959
34.35,0.0,0.0,0.000270691730538
34.4,0.0,0.0,0.000270114606895
34.45,0.0,0.0,0.000269328019362
34.5,0.0,0.0,0.000268363640571
34.55,0.0,0.0,0.000266982664666
34.6,0.0,0.0,0.000265518483467
34.65,0.0,0.0,0.000263993620662
34.7,0.0,0.0,0.00026238988769
34.75,0.0,0.0,0.000260463510024
34.8,0.0,0.0,0.000258526580158
34.85,0.0,0.0,0.000256585789094
34.9,0.0,0.0,0.000254645632533
34.95,0.0,0.0,0.00025270988075
35.0,0.0,0.0,0.000250968665474
35.05,0.0,0.0,0.000252148016719
35.1,0.0,0.0,0.000252370867302
35.15,0.0,0.0,0.000252094242748
35.2,0.0,0.0,0.000251436536462
35.25,0.0,0.0,0.000250488813875
35.3,0.0,0.0,0.000249320873461
35.35,0.0,0.0,0.000247986904963
35.4,0.0,0.0,0.000246702606955
35.45,0.0,0.0,0.000248596591045
35.5,0.0,0.0,0.000249674999185
35.55,0.0,0.0,0.000250127820098
35.6,0.0,0.0,0.00025010106924
35.65,0.0,0.0,0.000249707263968
35.7,0.0,0.0,0.000249033876332
35.75,0.0,0.0,0.000248148135417
35.8,0.0,0.0,0.000247101486821
35.85,0.0,0.0,0.000245933752864
35.9,0.0,0.0,0.000244675748396
35.95,0.0,0.0,0.00024357123655
36.0,0.0,0.0,0.000244500919055
36.05,0.0,0.0,0.000244617753534
36.1,0.0,0.0,0.000244345295938
36.15,0.0,0.0,0.000243775363736
36.2,0.0,0.0,0.000242979164324
36.25,0.0,0.0,0.000242011812729
36.3,0.0,0.0,0.000240915258345
36.35,0.0,0.0,0.000239721982736
36.4,0.0,0.0,0.000238433266371
36.45,0.0,0.0,0.000236796189331
36.5,0.0,0.0,0.000235236922599
36.55,0.0,0.0,0.000238820510835
36.6,0.0,0.0,0.000243603563482
36.65,0.0,0.0,0.000246971252584
36.7,0.0,0.0,0.000249249524238
36.75,0.0,0.0,0.000250690096564
36.8,0.0,0.0,0.000251486601653
36.85,0.0,0.0,0.000251788789167
36.9,0.0,0.0,0.000251712216278
36.95,0.0,0.0,0.00025144831272
37.0,0.0,0.0,0.000255385246493
37.05,0.0,0.0,0.00025823427716
37.1,0.0,0.0,0.000263959455594
37.15,0.0,0.0,0.000268075282883
37.2,0.0,0.0,0.000270951645528
37.25,0.0,0.0,0.000272874223322
37.3,0.0,0.0,0.000274063109829
37.35,0.0,0.0,0.000274688324532
37.4,0.0,0.0,0.00027488107103
37.45,0.0,0.0,0.000274742872217
37.5,0.0,0.0,0.000274315744719
37.55,0.0,0.0,0.000273386226402
37.6,0.0,0.0,0.000272021620226
37.65,0.0,0.0,0.000270559763738
37.7,0.0,0.0,0.000269026463554
37.75,0.0,0.0,0.00026758338878
37.8,2.15993889441e-16,3.68948659068e-17,0.00027020537792
37.85,7.98808329398e-05,8.54285551885e-07,0.000271865589963
37.9,0.000154795669012,1.71937810714e-06,0.000272786691243
37.95,0.000225014975925,2.60699199168e-06,0.000273106342981
38.0,0.000290858642113,3.53035619814e-06,0.000272698257825
38.05,0.000352584904326,4.50689894365e-06,0.000271939122625
38.1,0.000410455746042,5.54055379733e-06,0.00027063930146
38.15,0.000464716135727,6.6498994459e-06,0.000269160752516
38.2,0.000515579515886,7.84286829047e-06,0.000267548464106
38.25,0.000563276984045,9.12729014539e-06,0.000265837300184
38.3,0.000607981383207,1.0518944615e-05,0.000264053805313
38.35,0.000649906537145,1.20188703562e-05,0.000262376146141
38.4,0.000689200848768,1.36425043254e-05,0.000264356336569
38.45,0.000726049451571,1.53944878193e-05,0.000265468617026
38.5,0.000760591125661,1.72774984474e-05,0.000265915080066
38.55,0.000792977848746,1.93065139212e-05,0.000265851347595
38.6,0.000823341679847,2.14796336233e-05,0.000265397823834
38.65,0.000851806773347,2.38088045571e-05,0.000264646432328
38.7,0.000878498043473,2.63002496111e-05,0.000263668690507
38.75,0.000903516346367,2.89515376151e-05,0.000262489850561
38.8,0.000903516346367,3.02443707816e-05,0.000260887840169
38.85,0.000894975715403,3.15196944683e-05,0.000259197942849
38.9,0.000886515592469,3.27667602761e-05,0.000257444218071
38.95,0.000878135221,3.39832231788e-05,0.000255645434097
39.0,0.000869833851517,3.51681341241e-05,0.000253816160137
39.05,0.000861610741559,3.63199387869e-05,0.00025220006297
39.1,0.00085346515562,3.74362166874e-05,0.000252354694752
39.15,0.000845396365081,3.85097568225e-05,0.000252095121284
39.2,0.00083740364815,3.95415097349e-05,0.000251519205549
39.25,0.000829486289792,4.05314146986e-05,0.000250702452317
39.3,0.000821643581674,4.14801865541e-05,0.000249703414213
39.35,0.000813874822093,4.23891529131e-05,0.000248539764749
39.4,0.000806179315925,4.32592186185e-05,0.000246977765079
39.45,0.000798556374553,4.40914775091e-05,0.000245347069636
39.5,0.000791005315814,4.48888175135e-05,0.000243667432863
39.55,0.000783525463936,4.56499503708e-05,0.00024195379509
39.6,0.000776116149476,4.63779068995e-05,0.000240217686645
39.65,0.000768776709266,4.70725029195e-05,0.00023846758608
39.7,0.000761506486349,4.77345948095e-05,0.000236710316736
39.75,0.000754304829926,4.83653582794e-05,0.000234951113456
39.8,0.000747171095295,4.89658787788e-05,0.00023319426358
39.85,0.00074010834251,4.95371590452e-05,0.000231442546477
39.9,0.000733112166575,5.00801406905e-05,0.000229698600286
39.95,0.000726181941843,5.05956863476e-05,0.000227964062427
40.0,0.000719317048525,5.10845989743e-05,0.000226240514948
40.05,0.000712516872636,5.15476245397e-05,0.000224515889913
40.1,0.000705780805942,5.19868206294e-05,0.000222504865239
40.15,0.000699108245907,5.24044591159e-05,0.000220511632248
40.2,0.000692498595635,5.28005132609e-05,0.000218536035982
40.25,0.000685951263825,5.31772204792e-05,0.000216577922806
40.3,0.000679465664711,5.35346171891e-05,0.00021463739474
40.35,0.000673041218017,5.3873167525e-05,0.000212714041355
40.4,0.0006666773489,5.41949308928e-05,0.000210807991398
40.45,0.000660373487905,5.44987771464e-05,0.000208918974847
40.5,0.00065412907091,5.47872560929e-05,0.000207047069245
40.55,0.000647943539079,5.50594894333e-05,0.000205192073381
40.6,0.00064181633881,5.53169216477e-05,0.000203354135217
40.65,0.00063574692169,5.55603540229e-05,0.000201532457427
40.7,0.000629734744443,5.57890446621e-05,0.000199726898389
40.75,0.000623779268885,5.60058802842e-05,0.000197937317694
40.8,0.000617879961873,5.62096062873e-05,0.000196163808578
40.85,0.000612039353946,5.64005628874e-05,0.00019440599594
40.9,0.000606253802355,5.65810416808e-05,0.000192663997443
40.95,0.000600522789712,5.67503033574e-05,0.000190937566308
41.0,0.000594845803479,5.69084819185e-05,0.000189226773402
41.05,0.000589222335915,5.70561742645e-05,0.000187531434833
41.1,0.000583651884036,5.7195412525e-05,0.000185851685829
41.15,0.000578133949568,5.73249926768e-05,0.000184186797687
41.2,0.000572668038903,5.74453760723e-05,0.000182536640976
41.25,0.00056725366306,5.75569996322e-05,0.000180901087369
41.3,0.000561890337634,5.7660430551e-05,0.000179280222081
41.35,0.000556577582759,5.77569531822e-05,0.000177673702293
41.4,0.000551314923066,5.78458161611e-05,0.000176081635542
41.45,0.000546101887637,5.7927373511e-05,0.000174503796288
41.5,0.000540938009967,5.80019617285e-05,0.0001729402493
41.55,0.000535822827921,5.80698985203e-05,0.000171390826513
41.6,0.000530755883693,5.8131485657e-05,0.000169855651514
41.65,0.000525736723768,5.81870075865e-05,0.000168334058321
41.7,0.000520764898879,5.82372460822e-05,0.000166825928642
41.75,0.000515839963969,5.82821116301e-05,0.000165331145196
41.8,0.000510961478151,5.83216407496e-05,0.000163849785862
41.85,0.000506131534079,5.83561450435e-05,0.000162381537328
41.9,0.000501347119345,5.83858991345e-05,0.000160926497875
41.95,0.000496607806094,5.84109990484e-05,0.000159484461376
42.0,0.000491913170475,5.84316473444e-05,0.000158055487024
42.05,0.000487262792608,5.84480352947e-05,0.000156639421219
42.1,0.000482656256547,5.84603451637e-05,0.000155236376913
42.15,0.000478093150238,5.84687485768e-05,0.000153845745443
42.2,0.000473573065489,5.84734128137e-05,0.000152467418698
42.25,0.00046909559793,5.84744971404e-05,0.000151101289491
42.3,0.000464660346981,5.8472153231e-05,0.000149747429
42.35,0.000460266915811,5.84665241492e-05,0.000148405550877
42.4,0.000455914911309,5.84577476284e-05,0.000147075744945
42.45,0.000451603944045,5.84459533842e-05,0.000145757822818
42.5,0.00044733362824,5.84312657239e-05,0.000144451838595
42.55,0.000443103581725,5.84138019114e-05,0.000143157651895
42.6,0.000438913425914,5.8393674061e-05,0.000141875365949
42.65,0.000434762785769,5.837098747e-05,0.000140604424481
42.7,0.000430651289765,5.83458462002e-05,0.000139344728686
42.75,0.000426578569857,5.83183495746e-05,0.000138096180601
42.8,0.000422544261451,5.82885924165e-05,0.000136858845277
42.85,0.000418550095083,5.82566639822e-05,0.000135632461013
42.9,0.000414593579619,5.82226571904e-05,0.000134417109902
42.95,0.000410674361237,5.81866530125e-05,0.00013321261977
43.0,0.000406792089431,5.81487294225e-05,0.000132019040061
43.05,0.000402946416978,5.81089597996e-05,0.000130836242477
43.1,0.000399136999906,5.80674145524e-05,0.000129664321363
43.15,0.000395363497465,5.80241595046e-05,0.000128502768321
43.2,0.000391625572095,5.79792608879e-05,0.000127351493049
43.25,0.000387922889401,5.79327820714e-05,0.000126210406018
43.3,0.000384255118117,5.78847836995e-05,0.000125079566679
43.35,0.000380621930082,5.78353399975e-05,0.000123958735855
43.4,0.000377023000208,5.77846627024e-05,0.000122847988574
43.45,0.000373458006453,5.77326307194e-05,0.00012174716748
43.5,0.000369926629793,5.76792943711e-05,0.000120656317762
43.55,0.00036642855419,5.76247008265e-05,0.000119575322164
43.6,0.00036296346657,5.75688955218e-05,0.000118504266911
43.65,0.000359531056791,5.75119206421e-05,0.000117442687362
43.7,0.000356131017616,5.74538196097e-05,0.000116390500989
43.75,0.000352763044688,5.73947552592e-05,0.000115347625966
43.8,0.000349426836502,5.73349530286e-05,0.000114314116628
43.85,0.000426004657082,6.04929170299e-05,0.000113289754385
43.9,0.000497647616551,6.39246606367e-05,0.000112274607805
43.95,0.000564625890026,6.76341575419e-05,0.000111268533078
44.0,0.000627259076084,7.16354559968e-05,0.000110271571502
44.05,0.000685805124336,7.59615652704e-05,0.000109283615914
44.1,0.00074052573381,8.05998544456e-05,0.000108304745117
44.15,0.000791665591183,8.5588049571e-05,0.000107334534462
44.2,0.000839437859817,9.09331326217e-05,0.000106372908523
44.25,0.000884073360701,9.66361428488e-05,0.000105419792517
44.3,0.000925744662898,0.000102731008006,0.000104475236103
44.35,0.000964665318805,0.000109198794287,0.000103539039504
44.4,0.0010009834625,0.000116068897658,0.000102611265387
44.45,0.00103488396115,0.00012334801076,0.00010169178232
44.5,0.00106650533106,0.000131022773153,0.000100780628045
44.55,0.00109599928857,0.000139129478623,9.98777046231e-05
44.6,0.00112349763381,0.000147638970493,9.89830840756e-05
44.65,0.0011491242647,0.000156573042522,9.80963783016e-05
44.7,0.00117300384137,0.000165939475503,9.7217518367e-05
44.75,0.00119523696829,0.000175707148318,9.63464359261e-05
44.8,0.00119247806046,0.00018122713305,9.54831763632e-05
44.85,0.00118120597325,0.000186646094978,9.46275570959e-05
44.9,0.00117004014208,0.000191930995497,9.37796353976e-05
44.95,0.0011589795684,0.000197070923523,9.29392911477e-05
45.0,0.00114802326305,0.000202071858697,9.21065588414e-05
45.05,0.00113717024611,0.000206927365007,9.12813489684e-05
45.1,0.00112641954684,0.000211638760347,9.0463727351e-05
45.15,0.00111577020361,0.000216207575744,8.9653339292e-05
45.2,0.00110522126377,0.000220635607467,8.88501217903e-05
45.25,0.0010947717836,0.000224924941831,8.80540123826e-05
45.3,0.00108442082825,0.000229077988599,8.72650525471e-05
45.35,0.00107416747158,0.000233097507731,8.64830754159e-05
45.4,0.00106401079615,0.00023699103941,8.57081333332e-05
45.45,0.00105394989313,0.000240760377863,8.49401165169e-05
45.5,0.00104398386217,0.000244410950568,8.41790564932e-05
45.55,0.00103411181138,0.000247949893917,8.34248714558e-05
45.6,0.00102433285722,0.000251382581283,8.2677621562e-05
45.65,0.00101464612442,0.000254713399279,8.19369826426e-05
45.7,0.00100505074592,0.000257955047306,8.12028971193e-05
45.75,0.000995545862784,0.000261109977488,8.04753079047e-05
45.8,0.000986130624122,0.000264186316529,7.97542529071e-05
45.85,0.00097680906865,0.000267192510623,7.90395796208e-05
45.9,0.000967575382571,0.00027013872404,7.83313358846e-05
45.95,0.000958428740144,0.000273033213664,7.76294213654e-05
46.0,0.00094936832336,0.000275884351008,7.69338648758e-05
46.05,0.00094039332187,0.000278702060193,7.62445916507e-05
46.1,0.000931502932916,0.000281496832705,7.55616566695e-05
46.15,0.000922696361256,0.000284279853396,7.48847636641e-05
46.2,0.0009139728191,0.000287063185833,7.42138600117e-05
46.25,0.000905331526035,0.000289859971122,7.35488935384e-05
46.3,0.000896771708956,0.000292684696138,7.28898988898e-05
46.35,0.000888292602005,0.000295553878135,7.22367366862e-05
46.4,0.000879893446493,0.000298485871285,7.15894506489e-05
46.45,0.000871573490841,0.00030150155487,7.09479490804e-05
46.5,0.000863331990511,0.000304626148604,7.03122583135e-05
46.55,0.000855168207939,0.000307889263947,6.96823100179e-05
46.6,0.000847081412474,0.000311324702272,6.90581544411e-05
46.65,0.000839070880308,0.000314975130915,6.84395208143e-05
46.7,0.000831135894415,0.000318896160948,6.7826361044e-05
46.75,0.000823275744489,0.000323156819613,6.7218627447e-05
46.8,0.000815489726879,0.000327846039286,6.66163516867e-05
46.85,0.000807781181439,0.000333083791223,6.60194063797e-05
46.9,0.000800145300396,0.000339036401685,6.54278314845e-05
46.95,0.000792581400896,0.000345937006946,6.48415431956e-05
47.0,0.000785088806479,0.000354127328452,6.42605655795e-05
47.05,0.00077766684702,0.00036413546612,6.36848361871e-05
47.1,0.00077031485867,0.000376811661695,6.3114400941e-05
47.15,0.000763032183797,0.000393624347891,6.25490123772e-05
47.2,0.000755818170931,0.000417313943115,6.19886265416e-05
47.25,0.000748672174701,0.000453491444784,6.14331998549e-05
47.3,0.000741593555784,0.000514761171472,6.08827612554e-05
47.35,0.000734581680842,0.000628412660034,6.03371943235e-05
47.4,0.000727635922474,0.000805691064158,5.97965355783e-05
47.45,0.000720755659154,0.000911652199313,5.92607084276e-05
47.5,0.000713940275178,0.000933386673828,5.87297348663e-05
47.55,0.000707189160613,0.000937205354109,5.82035578203e-05
47.6,0.000700501711239,0.00093754872122,5.76822192597e-05
47.65,0.000693877328496,0.000936804824556,5.71654930195e-05
47.7,0.000687315419435,0.000935379028708,5.66533389285e-05
47.75,0.000680815396659,0.00093321433199,5.61457171584e-05
47.8,0.00067437667828,0.000930059234255,5.56426541568e-05
47.85,0.000668002026218,0.000925498314079,5.5144043524e-05
47.9,0.000661687464644,0.00091890853742,5.46499186362e-05
47.95,0.000655432428865,0.000909393189532,5.41602094932e-05
48.0,0.000649236359474,0.000895727802352,5.3674936197e-05
48.05,0.000643098702308,0.000876363232319,5.31940465857e-05
48.1,0.000637018908389,0.000849565329385,5.2717579017e-05
48.15,0.000630996433884,0.000813777825421,5.22453267919e-05
48.2,0.000625030740052,0.00076828040327,5.17772531965e-05
48.25,0.000619121293198,0.000714078176745,5.13133218305e-05
48.3,0.000613267564629,0.000653769377517,5.08535568651e-05
48.35,0.0006074690306,0.000589299734626,5.03978610586e-05
48.4,0.000601725172275,0.000520771134714,4.99462649142e-05
48.45,0.000596035475678,0.00044815522742,4.94987044567e-05
48.5,0.000590399431649,0.000373896780641,4.90551980579e-05
48.55,0.000584816535795,0.000304005843679,4.86156980454e-05
48.6,0.000579286288452,0.000245239202277,4.81802394757e-05
48.65,0.000573808194636,0.000200523967102,4.77486334398e-05
48.7,0.000568381764002,0.000168405077981,4.7320846384e-05
48.75,0.000563006510797,0.000145771394153,4.68968450407e-05
48.8,0.000557681953822,0.000129803833789,4.6476651501e-05
48.85,0.000552410377074,0.000118462589994,4.60601768924e-05
48.9,0.000547188492703,0.000110368777809,4.56474490929e-05
48.95,0.000542015833732,0.000104600527905,4.52384096335e-05
49.0,0.000536891937556,0.000100529326635,4.48330753048e-05
49.05,0.000531816345901,9.77246482286e-05,4.44314025374e-05
49.1,0.000526788604787,9.58842098922e-05,4.40334233707e-05
49.15,0.000521808264486,9.4785362196e-05,4.36389651547e-05
49.2,0.000516874879481,9.4266747397e-05,4.32479972237e-05
49.25,0.000511988008429,9.42096032613e-05,4.28604891736e-05
49.3,0.000507147214121,9.45219100839e-05,4.24764611938e-05
49.35,0.000502352063442,9.51289187549e-05,4.20958320611e-05
49.4,0.000497602127337,9.59781639608e-05,4.17186272541e-05
49.45,0.000492896980767,9.70223007946e-05,4.13447933361e-05
49.5,0.000488236202677,9.82255624367e-05,4.09743456526e-05
49.55,0.000483619375957,9.95582880522e-05,4.06072443843e-05
49.6,0.000479046087404,0.000100995777132,4.02435188127e-05
49.65,0.000474515927686,0.000102519942435,3.98830111479e-05
49.7,0.000470028491308,0.000104112537273,3.95256933633e-05
49.75,0.000465583376573,0.000105757968638,3.91715376717e-05
49.8,0.000461180185548,0.000107445963774,3.88205625249e-05
49.85,0.000456820807006,0.00010916702951,3.84726936906e-05
49.9,0.00045250252203,0.0001109097212,3.81279544542e-05
49.95,0.000448224944447,0.000112669025859,3.77862959785e-05
50.0,0.000443987691702,0.000114438605454,3.7447732288e-05
50.05,0.000439790384823,0.000116210700156,3.71122269907e-05
50.1,0.000435632648386,0.000117982313764,3.6779806848e-05
50.15,0.000431514110484,0.000119750620101,3.64503276505e-05
50.2,0.000427434402693,0.000121509536556,3.61237637842e-05
50.25,0.00042339316004,0.000123256252901,3.58000898532e-05
50.3,0.000419390020971,0.000124989559534,3.54793227213e-05
50.35,0.000415424627319,0.00012670790423,3.51613945452e-05
50.4,0.000411496624271,0.000128407542342,3.48463266063e-05
50.45,0.000407605660338,0.000130086969179,3.45340742706e-05
50.5,0.000403751387325,0.00013174489656,3.42246503557e-05
50.55,0.000399933460299,0.000133380218811,3.39180216017e-05
50.6,0.000396151537558,0.000134991985883,3.36142124666e-05
50.65,0.000392405280602,0.000136579378697,3.33130911532e-05
50.7,0.000388694354101,0.000138141692513,3.30146342517e-05
50.75,0.000385018425869,0.000139678317924,3.27188185523e-05
50.8,0.000381377166833,0.000141188726599,3.24256594673e-05
50.85,0.000377772138929,0.000142672458347,3.21350949925e-05
50.9,0.000374201093725,0.000144129316334,3.18471445776e-05
50.95,0.000370663711872,0.000145558950457,3.15617674304e-05
51.0,0.000367159677012,0.000146960970287,3.12789752651e-05
51.05,0.00036368867575,0.00014833500429,3.09987376845e-05
51.1,0.000360250397627,0.000149680810343,3.07210770416e-05
51.15,0.00035684453509,0.000151000949364,3.04458728827e-05
51.2,0.000353470783468,0.000152293206389,3.0173103813e-05
51.25,0.000350128840944,0.000153557036238,2.99027486202e-05
51.3,0.000346818408527,0.000154792280549,2.96348213902e-05
51.35,0.000343539190026,0.000156001963533,2.93692654553e-05
51.4,0.000340290892027,0.000157184479975,2.91060985913e-05
51.45,0.000337073223864,0.000158338380268,2.88452835169e-05
51.5,0.000333885897591,0.000159466290741,2.85868309381e-05
51.55,0.000330728627964,0.000160568405682,2.83307130739e-05
51.6,0.00032760113241,0.000161641933628,2.80769503534e-05
51.65,0.000324503131001,0.00016269172643,2.78254326903e-05
51.7,0.000321434346436,0.000163714465963,2.75761405311e-05
51.75,0.000318394504009,0.000164711081958,2.73290544893e-05
51.8,0.00031538333159,0.000165683885002,2.70841874384e-05
51.85,0.000312402120837,0.000166629214489,2.68414875881e-05
51.9,0.000309449012387,0.000167552927171,2.66009711842e-05
51.95,0.000306523742154,0.00016844882058,2.63626041541e-05
52.0,0.00030362604852,0.000169324265869,2.61263962824e-05
52.05,0.000300755672323,0.000170172483983,2.58923221792e-05
52.1,0.000297912356824,0.000171000445538,2.56604005153e-05
52.15,0.00029509584769,0.000171802679189,2.54305306793e-05
52.2,0.000292305892971,0.000172583910737,2.52026948008e-05
52.25,0.000289542243076,0.000173341786284,2.49768751618e-05
52.3,0.000286804650751,0.000174077017159,2.47530835277e-05
52.35,0.00028409287106,0.000174792093796,2.45312725658e-05
52.4,0.00028140666136,0.000175483292098,2.43114571238e-05
52.45,0.000278745781282,0.000176156271262,2.40936060614e-05
52.5,0.000276109992708,0.000176807531494,2.38777283212e-05
52.55,0.000273499059752,0.000177436625109,2.36638006987e-05
52.6,0.000270912748736,0.000178048900394,2.34518402575e-05
52.65,0.000268350828175,0.000178639468999,2.32417550458e-05
52.7,0.000265813068748,0.000179209115489,2.30335287313e-05
52.75,0.000263299243288,0.000179762844368,2.2827145121e-05
52.8,0.000260809126752,0.000180296163284,2.26226149676e-05
52.85,0.000258343787289,0.00018080952808,2.24198950123e-05
52.9,0.000255901687284,0.000181306650054,2.22189988248e-05
52.95,0.000253482608344,0.000181785943594,2.20198979451e-05
53.0,0.000251086334127,0.000182246471273,2.18226005462e-05
53.05,0.000248712650313,0.000182688647903,2.16270854206e-05
53.1,0.00024636134459,0.000183116610265,2.14333681633e-05
53.15,0.000244032206636,0.0001835271933,2.12413647368e-05
53.2,0.000241725028098,0.00018392049609,2.10510602144e-05
53.25,0.000239439602574,0.000184296897917,2.08624397968e-05
53.3,0.000237175725596,0.000184658704377,2.06755133113e-05
53.35,0.000234933194611,0.000185005754337,2.04902412222e-05
53.4,0.000232711808964,0.000185336879613,2.03066359315e-05
53.45,0.000230511369879,0.000185652424936,2.01246714286e-05
53.5,0.000228331680443,0.000185952727104,1.99443551829e-05
53.55,0.000226172545586,0.000186238993746,1.97656678124e-05
53.6,0.000224033772069,0.000186512511771,1.95886235698e-05
53.65,0.00022191516846,0.000186771649,1.94131456507e-05
53.7,0.000219816545123,0.000187016712992,1.9239220413e-05
53.75,0.000217737714197,0.000187248003945,1.90668343311e-05
53.8,0.000215678489583,0.000187465814884,1.88959963866e-05
53.85,0.000213639754596,0.000187670431121,1.87266704467e-05
53.9,0.000211620237691,0.000187863306325,1.85588678457e-05
53.95,0.000209619758266,0.000188044663557,1.83925648119e-05
54.0,0.000207638137415,0.00018821386192,1.82277681718e-05
54.05,0.000205675197903,0.00018837087788,1.80644602114e-05
54.1,0.000203730764159,0.000188515955906,1.7902653957e-05
54.15,0.000201804662254,0.000188649342809,1.77422792144e-05
54.2,0.000199896719888,0.000188771281488,1.75833235157e-05
54.25,0.000198006766376,0.000188882009175,1.74257744996e-05
54.3,0.000196134632631,0.000188981757591,1.72696403745e-05
54.35,0.00019428015115,0.000189070752427,1.71148881176e-05
54.4,0.000192443155999,0.000189149261447,1.69615280875e-05
54.45,0.000190623482799,0.000189218458364,1.68095385587e-05
54.5,0.000188820968711,0.000189277475015,1.66589257701e-05
54.55,0.00018703545242,0.000189326517714,1.65096735323e-05
54.6,0.000185266774124,0.000189365788237,1.63617937504e-05
54.65,0.000183514775519,0.000189395483024,1.62152222718e-05
54.7,0.000181779299781,0.000189415795823,1.60699477017e-05
54.75,0.000180060191559,0.000189426916048,1.59259587427e-05
54.8,0.000178357296956,0.000189429028903,1.57832628967e-05
54.85,0.000176671346437,0.00018942231488,1.56418299831e-05
54.9,0.000175001288486,0.000189406957539,1.5501669469e-05
54.95,0.000173346973753,0.000189383129263,1.53627614988e-05
55.0,0.00017170825429,0.000189350998966,1.52251117744e-05
55.05,0.000170084983532,0.000189310731358,1.50887054998e-05
55.1,0.000168477016287,0.000189262487723,1.49535535555e-05
55.15,0.000166884208724,0.00018920642517,1.48195973103e-05
55.2,0.000165306418357,0.000189142699027,1.46868263503e-05
55.25,0.000163743504038,0.000189071461322,1.45552303503e-05
55.3,0.000162195325937,0.000188992860881,1.44248161666e-05
55.35,0.000160661745538,0.000188907042843,1.42955562162e-05
55.4,0.000159142625618,0.000188814149887,1.41674591515e-05
55.45,0.000157637830245,0.000188714600256,1.40405068257e-05
55.5,0.000156147224755,0.000188608495103,1.39147044499e-05
55.55,0.00015467067575,0.000188495828973,1.37900385017e-05
55.6,0.000153208051078,0.000188376631362,1.3666518925e-05
55.65,0.000151759219829,0.000188251029452,1.35440921351e-05
55.7,0.000150324052316,0.000188119149285,1.34227486142e-05
55.75,0.000148902420069,0.00018798111437,1.33024789259e-05
55.8,0.000147494195823,0.00018783704575,1.31832893365e-05
55.85,0.000146099983642,0.000187687061552,1.30651546368e-05
55.9,0.000144718913965,0.000187531283374,1.29480827346e-05
55.95,0.000143350863287,0.000187369824521,1.2832057045e-05
56.0,0.000141995709259,0.000187202796323,1.27170823306e-05
56.05,0.000140653330678,0.000187030821138,1.26031462328e-05
56.1,0.000139323607478,0.000186853910639,1.24902578397e-05
56.15,0.000138006420715,0.000186671798775,1.23783681784e-05
56.2,0.00013670165256,0.000186484588324,1.22674685506e-05
56.25,0.000135409186288,0.000186292380099,1.21575503318e-05
56.3,0.000134128906267,0.000186095272994,1.20486192491e-05
56.35,0.000132860697948,0.00018589336357,1.1940652263e-05
56.4,0.000131604447855,0.000185686747032,1.18336566007e-05
56.45,0.000130360043576,0.000185475516296,1.17276171046e-05
56.5,0.000129127373751,0.000185259762755,1.16225381276e-05
56.55,0.000127906328065,0.000185039575691,1.15184083747e-05
56.6,0.000126696797233,0.000184815042827,1.14152361517e-05
56.65,0.000125498672998,0.000184586249733,1.1312976701e-05
56.7,0.000124311848114,0.000184353281572,1.12116220727e-05
56.75,0.000123136216343,0.00018411711102,1.11111643848e-05
56.8,0.00012197167244,0.000183877498534,1.10116088712e-05
56.85,0.000120818715942,0.000183633998583,1.09129344756e-05
56.9,0.000119676627758,0.000183386694096,1.08151478031e-05
56.95,0.000118545305754,0.000183135839149,1.07182350008e-05
57.0,0.000117424648752,0.000182881570794,1.06222000468e-05
57.05,0.000116314556524,0.000182623913746,1.05270326183e-05
57.1,0.000115214929778,0.000182362753296,1.04327403063e-05
57.15,0.000114125670153,0.000182098160052,1.03392822053e-05
57.2,0.00011304668021,0.00018183020441,1.02466510497e-05
57.25,0.00011197786342,0.000181559603159,1.01548396359e-05
57.3,0.000110919124163,0.000181286875812,1.00638527474e-05
57.35,0.00010987036771,0.000181011027209,9.97367114009e-06
57.4,0.000108831500221,0.000180732122427,9.8843008506e-06
57.45,0.000107802428737,0.000180450224988,9.7957292183e-06
57.5,0.000106783061166,0.000180165397463,9.70795987895e-06
57.55,0.000105773306282,0.000179877700992,9.62098339823e-06
57.6,0.000104773073713,0.000179587195714,9.53480671378e-06
57.65,0.000103782273933,0.000179293940284,9.44939244076e-06
57.7,0.000102800818255,0.000178999160384,9.36473393892e-06
57.75,0.000101828618824,0.000178702545024,9.28082462469e-06
57.8,0.000100865588606,0.000178403386755,9.19766886981e-06
57.85,9.99121406994e-05,0.000178101740372,9.11524908657e-06
57.9,9.89676804438e-05,0.000177797663574,9.03357079197e-06
57.95,9.8032123379e-05,0.000177491209126,8.95262241508e-06
58.0,9.71053858357e-05,0.000177182429025,8.87240727873e-06
58.05,9.61873849281e-05,0.000176871374071,8.79291676062e-06
58.1,9.52780385465e-05,0.000176559501367,8.71415720125e-06
58.15,9.43772653504e-05,0.000176246171134,8.63609443347e-06
58.2,9.34849847613e-05,0.000175930745555,8.55872238855e-06
58.25,9.2601116955e-05,0.000175613272127,8.48203504953e-06
58.3,9.17255828556e-05,0.00017529379752,8.40603641192e-06
58.35,9.08583041273e-05,0.000174972367294,8.33071040173e-06
58.4,8.99992031687e-05,0.000174649026521,8.25606206114e-06
58.45,8.91482031049e-05,0.000174324547248,8.1820808151e-06
58.5,8.83052277815e-05,0.000174000063756,8.10876970046e-06
58.55,8.74702017574e-05,0.000173674094586,8.03612083702e-06
58.6,8.66430502984e-05,0.000173346418054,7.96414001958e-06
58.65,8.58236993704e-05,0.000173017074335,7.8927960217e-06
58.7,8.50120756331e-05,0.000172686103658,7.82208329697e-06
58.75,8.42081064332e-05,0.000172353545556,7.75199634633e-06
58.8,8.34117197985e-05,0.000172020134417,7.68253882138e-06
58.85,8.26232573432e-05,0.000171686851469,7.6136960316e-06
58.9,8.18422273082e-05,0.000171352126439,7.54547258521e-06
58.95,8.10685598482e-05,0.000171015995485,7.47785881733e-06
59.0,8.0302185772e-05,0.000170678494263,7.41085750343e-06
59.05,7.95430365364e-05,0.000170339657576,7.34446144156e-06
59.1,7.87910442402e-05,0.00016999951968,7.27867592776e-06
59.15,7.80461416181e-05,0.000169659538714,7.21347242321e-06
59.2,7.73082620349e-05,0.000169319318344,7.14884585889e-06
59.25,7.65773394793e-05,0.000168977922881,7.08479120902e-06
59.3,7.58533085587e-05,0.000168635384304,7.02131181092e-06
59.35,7.51361044927e-05,0.000168291733801,6.95839423846e-06
59.4,7.4425663108e-05,0.000167947002259,6.89604270323e-06
59.45,7.37219208323e-05,0.000167601494422,6.83424837221e-06
59.5,7.30248146889e-05,0.000167257159332,6.77301378199e-06
59.55,7.23342822912e-05,0.000166911857023,6.71233235047e-06
59.6,7.1650261837e-05,0.000166565615692,6.65220891786e-06
59.65,7.09726921032e-05,0.000166218462776,6.59261740167e-06
59.7,7.03015124402e-05,0.000165870425833,6.53355316914e-06
59.75,6.9636662767e-05,0.000165521531942,6.47501162706e-06
59.8,6.89780835653e-05,0.0001651738002,6.41699582551e-06
59.85,6.83260573361e-05,0.000164825805431,6.35949349394e-06
59.9,6.76801774148e-05,0.000164477057802,6.30250848144e-06
59.95,6.70403860421e-05,0.000164127581978,6.24603271525e-06
60.0,6.64066259997e-05,0.000163777669618,6.19006851363e-06
60.05,6.57788406054e-05,0.000163427286617,6.134609861e-06
60.1,6.51569737074e-05,0.000163077877915,6.07966118098e-06
60.15,6.45409696802e-05,0.000162728837802,6.02519863595e-06
60.2,6.3930773419e-05,0.000162379210373,5.9712179919e-06
60.25,6.33263303355e-05,0.000162029017757,5.91771505097e-06
60.3,6.27275863524e-05,0.000161678281698,5.86469260069e-06
60.35,6.21344878992e-05,0.000161327023369,5.81213942664e-06
60.4,6.15469819069e-05,0.000160976655406,5.76005904663e-06
60.45,6.09650158041e-05,0.000160627007499,5.70844408269e-06
60.5,6.03885375115e-05,0.000160276920024,5.65729665357e-06
60.55,5.98174954379e-05,0.000159926412358,5.60661126144e-06
60.6,5.92518384755e-05,0.000159575503577,5.55639194918e-06
60.65,5.86915159953e-05,0.000159224212209,5.50661693085e-06
60.7,5.81364778425e-05,0.0001588739809,5.45728233685e-06
60.75,5.75866743325e-05,0.000158524592328,5.40838433063e-06
60.8,5.70420562462e-05,0.000158174896255,5.3599254598e-06
60.85,5.65028572004e-05,0.000157824909974,5.31189547515e-06
60.9,5.59687409001e-05,0.000157474652546,5.26429759172e-06
60.95,5.54396595806e-05,0.000157124140594,5.21712506655e-06
61.0,5.49155659248e-05,0.00015677501087,5.17037983603e-06
61.05,5.43964130588e-05,0.0001564266647,5.12405687552e-06
61.1,5.38821545474e-05,0.000156078131091,5.07815987994e-06
61.15,5.33727443906e-05,0.000155729425067,5.03266893844e-06
61.2,5.28681370189e-05,0.000155380561807,4.98758051448e-06
61.25,5.23682872901e-05,0.000155031556222,4.94289110169e-06
61.3,5.18731504844e-05,0.000154684364953,4.89860302844e-06
61.35,5.13826823011e-05,0.000154337752502,4.85470692764e-06
61.4,5.08968388546e-05,0.000153991058722,4.81120573762e-06
61.45,5.04155766702e-05,0.000153644297113,4.76809329578e-06
61.5,4.99388526806e-05,0.000153297653008,4.72537137185e-06
61.55,4.9466624222e-05,0.000152951166139,4.68303537364e-06
61.6,4.89988490303e-05,0.000152607140298,4.64108867807e-06
61.65,4.85354852373e-05,0.000152263382528,4.59951308799e-06
61.7,4.80764913671e-05,0.000151919639198,4.55830537124e-06
61.75,4.76218263327e-05,0.000151575922351,4.51746232324e-06
61.8,4.71714494317e-05,0.000151232243814,4.47698607195e-06
61.85,4.67255538558e-05,0.000150888839358,4.43686805652e-06
61.9,4.62838615026e-05,0.000150547892097,4.39711096236e-06
61.95,4.58463328729e-05,0.000150207034905,4.3577091573e-06
62.0,4.54129288372e-05,0.000149866278455,4.31866425872e-06
62.05,4.49836106327e-05,0.000149525633117,4.2799720697e-06
62.1,4.45583398595e-05,0.000149185109097,4.2416356765e-06
62.15,4.41370784774e-05,0.000148845448961,4.20363844818e-06
62.2,4.37197888024e-05,0.000148507810216,4.16597743076e-06
62.25,4.33064335035e-05,0.000148170337951,4.12864969549e-06
62.3,4.28969755995e-05,0.00014783304163,4.09165718718e-06
62.35,4.24913784554e-05,0.000147495930427,4.05499208179e-06
62.4,4.20896057796e-05,0.000147159013468,4.0186568336e-06
62.45,4.16916216204e-05,0.000146823548453,3.9826462952e-06
62.5,4.12973903629e-05,0.000146489648982,3.94696194476e-06
62.55,4.09068767257e-05,0.000146155984349,3.91159994659e-06
62.6,4.05200457583e-05,0.000145822562689,3.87656312131e-06
62.65,4.01368628373e-05,0.000145489391856,3.84183626939e-06
62.7,3.9757293664e-05,0.000145156479851,3.80741669111e-06
62.75,3.93813042609e-05,0.000144825583848,3.77330170977e-06
62.8,3.90088609689e-05,0.000144495801164,3.73949310281e-06
62.85,3.86401235496e-05,0.000144166314104,3.70598371958e-06
62.9,3.82748620238e-05,0.000143837131152,3.67277580313e-06
62.95,3.7913043727e-05,0.000143508259267,3.63986464909e-06
63.0,3.75546363011e-05,0.000143179792943,3.60725160839e-06
63.05,3.71996076905e-05,0.000142854052308,3.57493317549e-06
63.1,3.68479261402e-05,0.000142529196276,3.54291192824e-06
63.15,3.64995601925e-05,0.00014220469185,3.5111739753e-06
63.2,3.61544786842e-05,0.000141880545267,3.47971684933e-06
63.25,3.58126507442e-05,0.000141556762648,3.448538104e-06
63.3,3.54740457905e-05,0.000141233451145,3.41763936376e-06
63.35,3.51386335276e-05,0.000140912949564,3.38701409343e-06
63.4,3.48063839436e-05,0.000140592841946,3.35666434299e-06
63.45,3.44772673079e-05,0.000140273133676,3.32658581297e-06
63.5,3.41512541686e-05,0.000139953830078,3.29677973803e-06
63.55,3.38283153494e-05,0.000139634936289,3.26724291434e-06
63.6,3.35084219476e-05,0.000139316918341,3.23797769789e-06
63.65,3.31915453312e-05,0.000139001369651,3.20897139294e-06
63.7,3.28776571363e-05,0.000138686257385,3.18022174451e-06
63.75,3.25667292652e-05,0.000138371586258,3.15172651684e-06
63.8,3.2258733883e-05,0.000138057360887,3.12348719455e-06
63.85,3.19538031061e-05,0.000137743585715,3.09549780494e-06
63.9,3.1651746751e-05,0.000137431001005,3.06776022155e-06
63.95,3.13525378057e-05,0.000137120623836,3.04027051495e-06
64.0,3.10561495111e-05,0.000136810721763,3.01302981356e-06
64.05,3.07625553588e-05,0.000136501298644,2.98603518928e-06
64.1,3.04717290885e-05,0.00013619235827,2.95928879531e-06
64.15,3.01836446861e-05,0.000135883904256,2.93277902865e-06
64.2,2.98982763809e-05,0.000135576849425,2.90650382839e-06
64.25,2.96155986437e-05,0.000135271830681,2.88046115119e-06
64.3,2.93355861844e-05,0.0001349673197,2.8546523539e-06
64.35,2.90582139499e-05,0.000134663319757,2.82907197787e-06
64.4,2.87834571217e-05,0.00013435983413,2.80372173541e-06
64.45,2.85112911137e-05,0.000134056865941,2.77859803527e-06
64.5,2.82416915704e-05,0.000133755403943,2.75370190876e-06
64.55,2.79746343641e-05,0.000133456121945,2.7290306798e-06
64.6,2.77100955936e-05,0.00013315755944,2.70458631626e-06
64.65,2.74480515813e-05,0.000132859569245,2.6803582138e-06
64.7,2.71884788715e-05,0.000132562121554,2.65634448887e-06
64.75,2.69313542285e-05,0.000132265218996,2.63254327403e-06
64.8,2.6676654634e-05,0.000131969777383,2.60895580933e-06
64.85,2.64244893428e-05,0.000131676353535,2.58557710595e-06
64.9,2.6174701081e-05,0.00013138349229,2.56240872881e-06
64.95,2.59272675107e-05,0.000131091195791,2.53944739577e-06
65.0,2.56821665033e-05,0.000130799466157,2.51669404936e-06
65.05,2.54393761374e-05,0.000130508305391,2.49414624383e-06
65.1,2.51988746968e-05,0.00013021843884,2.47180577769e-06
65.15,2.49606406688e-05,0.000129930763347,2.44966295929e-06
65.2,2.47246527423e-05,0.000129643671129,2.42771606721e-06
65.25,2.44908898056e-05,0.000129357163939,2.40596339471e-06
65.3,2.42593309448e-05,0.000129071243478,2.38440607515e-06
65.35,2.40299554419e-05,0.00012878591134,2.36303954905e-06
65.4,2.38027427732e-05,0.000128501564121,2.34186524667e-06
65.45,2.3577672607e-05,0.000128219713751,2.32088016835e-06
65.5,2.33547248021e-05,0.000127938464411,2.3000851755e-06
65.55,2.31338794062e-05,0.000127657817341,2.27947803286e-06
65.6,2.29151166536e-05,0.000127377773751,2.25906038416e-06
65.65,2.26984169641e-05,0.000127098334742,2.2388233719e-06
65.7,2.24837609408e-05,0.000126819501516,2.2187654228e-06
65.75,2.22711293687e-05,0.000126543441227,2.19888497705e-06
65.8,2.20605032126e-05,0.000126268087754,2.17918307043e-06
65.85,2.18519728218e-05,0.000125993350882,2.15965553591e-06
65.9,2.16454081371e-05,0.000125719232177,2.14030368064e-06
65.95,2.14407906862e-05,0.000125445732436,2.12112476313e-06
66.0,2.12381021694e-05,0.000125172852441,2.10211957067e-06
66.05,2.10373244586e-05,0.000124902254595,2.08328606037e-06
66.1,2.08384395956e-05,0.000124633155549,2.0646257345e-06
66.15,2.06414297902e-05,0.000124364777471,2.04613049789e-06
66.2,2.04462774188e-05,0.000124097029637,2.0277989127e-06
66.25,2.02529650231e-05,0.000123829912545,2.00962955335e-06
66.3,2.00614753081e-05,0.000123563426661,1.99162336648e-06
66.35,1.9871791141e-05,0.000123298256573,1.97377654371e-06
66.4,1.96838955492e-05,0.000123035205557,1.95609027969e-06
66.45,1.94977717195e-05,0.000122772793467,1.93856206888e-06
66.5,1.93134029958e-05,0.000122511020496,1.9211926308e-06
66.55,1.91307728785e-05,0.000122249886766,1.90398009841e-06
66.6,1.89498650221e-05,0.000121989392386,1.88692584467e-06
66.65,1.87706632345e-05,0.000121729537381,1.87002247116e-06
66.7,1.85931514754e-05,0.000121472141389,1.85326866378e-06
66.75,1.84173138547e-05,0.000121215693819,1.83666311965e-06
66.8,1.82431346311e-05,0.000120959891967,1.82020670394e-06
66.85,1.80706885197e-05,0.000120704735711,1.80389593605e-06
66.9,1.78998679669e-05,0.00012045022548,1.78773190781e-06
66.95,1.77306576969e-05,0.000120196361085,1.77171232933e-06
67.0,1.75630425766e-05,0.000119943782871,1.7558378582e-06
67.05,1.73970076148e-05,0.00011969328686,1.74010678808e-06
67.1,1.72325379607e-05,0.000119443441675,1.72452037374e-06
67.15,1.70696189026e-05,0.000119194246874,1.70907185355e-06
67.2,1.69082358666e-05,0.000118945702093,1.69376002651e-06
67.25,1.67483744153e-05,0.000118697806951,1.67858370188e-06
67.3,1.65900202464e-05,0.00011845056104,1.66354367037e-06
67.35,1.64331591918e-05,0.000118205282038,1.64863675094e-06
67.4,1.6277777216e-05,0.000117961363745,1.63386394145e-06
67.45,1.6123860415e-05,0.000117718098515,1.61922314911e-06
67.5,1.59713950149e-05,0.000117475485738,1.60471497489e-06
67.55,1.58203673712e-05,0.000117233614435,1.59033785933e-06
67.6,1.5670763967e-05,0.000116992547773,1.57609294919e-06
67.65,1.5522571412e-05,0.000116752275193,1.56197406483e-06
67.7,1.53757764414e-05,0.000116514393277,1.54798010859e-06
67.75,1.52303659148e-05,0.000116277403089,1.53410999224e-06
67.8,1.50863268149e-05,0.000116041066959,1.52036443841e-06
67.85,1.4943720928e-05,0.000115805384036,1.50674053987e-06
67.9,1.48024593116e-05,0.000115570353918,1.49323920858e-06
67.95,1.46625293333e-05,0.000115335975711,1.47985853188e-06
68.0,1.45239184785e-05,0.000115102248522,1.46659905902e-06
68.05,1.43866143503e-05,0.000114871077142,1.45345936476e-06
68.1,1.42506046676e-05,0.00011464058048,1.44044049716e-06
68.15,1.41158772645e-05,0.000114410736373,1.42753680843e-06
68.2,1.39824200888e-05,0.000114181543805,1.41474729542e-06
68.25,1.38502212014e-05,0.000113953001744,1.40207096354e-06
68.3,1.37192687751e-05,0.00011372510915,1.38950847324e-06
68.35,1.35895510932e-05,0.000113497864941,1.3770571675e-06
68.4,1.34610565491e-05,0.00011327308443,1.36471787979e-06
68.45,1.33337736446e-05,0.000113049013097,1.35248886207e-06
68.5,1.32076909894e-05,0.000112825590908,1.34037061633e-06
68.55,1.30827973e-05,0.000112602816634,1.32836183997e-06
68.6,1.29590813984e-05,0.000112380689042,1.31646349088e-06
68.65,1.28365322114e-05,0.000112159206858,1.30467040735e-06
68.7,1.27151387697e-05,0.000111938368872,1.29298167257e-06
68.75,1.25948902066e-05,0.000111719648439,1.28139637755e-06
68.8,1.24757757572e-05,0.000111501921282,1.26991512589e-06
68.85,1.23578465165e-05,0.000111284838303,1.25853548928e-06
68.9,1.22410289326e-05,0.000111068398514,1.24725822944e-06
68.95,1.21253125589e-05,0.000110852600537,1.23608174878e-06
69.0,1.20106870465e-05,0.000110637442999,1.22500650609e-06
69.05,1.18971421435e-05,0.000110422952651,1.21403131088e-06
69.1,1.17846676941e-05,0.000110210141258,1.20315703858e-06
69.15,1.16732536375e-05,0.000109999021607,1.19237897177e-06
69.2,1.15628900071e-05,0.000109788551762,1.18169627254e-06
69.25,1.14535669297e-05,0.000109578719495,1.17110811013e-06
69.3,1.13452746246e-05,0.000109369523316,1.1606150362e-06
69.35,1.12380034027e-05,0.000109160961703,1.15021483142e-06
69.4,1.11317436658e-05,0.000108953033157,1.13990819197e-06
69.45,1.10264859053e-05,0.000108745784173,1.12969365776e-06
69.5,1.0922220702e-05,0.000108540831865,1.11957164807e-06
69.55,1.08189387248e-05,0.000108336512852,1.10954107491e-06
69.6,1.07166307299e-05,0.000108132823766,1.09960273834e-06
69.65,1.06152875604e-05,0.000107929762952,1.08975232697e-06
69.7,1.05149001449e-05,0.000107727328805,1.079989075e-06
69.75,1.04154594973e-05,0.000107525519717,1.07031222317e-06
69.8,1.03169567155e-05,0.000107324334079,1.06072227568e-06
69.85,1.02194340527e-05,0.000107124399037,1.0512172042e-06
69.9,1.01228306847e-05,0.00010692611889,1.04179764499e-06
69.95,1.00271379725e-05,0.000106728460336,1.03246226363e-06
70.0,9.93234735801e-06,0.000106531421656,1.02321144332e-06
70.05,9.83845036341e-06,0.000106335001114,1.0140441897e-06
70.1,9.74543859014e-06,0.000106139196976,1.00496123398e-06
70.15,9.65330371835e-06,0.000105944007483,9.95958635836e-07
70.2,9.56203750612e-06,0.000105749430927,9.8703569539e-07
70.25,9.47163178872e-06,0.000105556336169,9.78191718737e-07
70.3,9.3820784779e-06,0.000105364589153,9.69427166655e-07
70.35,9.29336956118e-06,0.000105173452379,9.60740185412e-07
70.4,9.20549710114e-06,0.000104982924059,9.52131356498e-07
70.45,9.1184532347e-06,0.000104793002385,9.43599460344e-07
70.5,9.03223017247e-06,0.000104603685559,9.35144847175e-07
70.55,8.94682019801e-06,0.000104414971765,9.26766608206e-07
70.6,8.86221566719e-06,0.000104227008043,9.18465411722e-07
70.65,8.77840900749e-06,0.000104040559979,9.10237656531e-07
70.7,8.69539271737e-06,0.000103855542566,9.02082702993e-07
70.75,8.61315936554e-06,0.000103671124009,8.93999916927e-07
70.8,8.53170159037e-06,0.000103487302439,8.85989719455e-07
70.85,8.4510543336e-06,0.000103304075975,8.78050416392e-07
70.9,8.37116729605e-06,0.000103121442979,8.70182539178e-07
70.95,8.29203333364e-06,0.000102939401562,8.62384973214e-07
71.0,8.21364536921e-06,0.000102757949848,8.54658038579e-07
71.05,8.13599639187e-06,0.000102577458837,8.47000904708e-07
71.1,8.0590794564e-06,0.000102398678163,8.39414182366e-07
71.15,7.98288768262e-06,0.000102220483458,8.31894580312e-07
71.2,7.90741425479e-06,0.000102042872794,8.24441513959e-07
71.25,7.83265242103e-06,0.000101865844248,8.1705440371e-07
71.3,7.75859549267e-06,0.000101689395897,8.0973363444e-07
71.35,7.68523684373e-06,0.000101513525805,8.02477657781e-07
71.4,7.61256991028e-06,0.000101338232056,7.95286959433e-07
71.45,7.54058818987e-06,0.000101163512719,7.88160520729e-07
71.5,7.469285241e-06,0.00010099045322,7.810986342e-07
71.55,7.39865468249e-06,0.000100818319315,7.74100540765e-07
71.6,7.32869019295e-06,0.00010064675572,7.67166798623e-07
71.65,7.25938551024e-06,0.000100475760436,7.60294399805e-07
71.7,7.19073443085e-06,0.000100305331499,7.5348281004e-07
71.75,7.12273080944e-06,0.000100135466951,7.46731499614e-07
71.8,7.05536855823e-06,9.99661648357e-05,7.40040820277e-07
71.85,6.98867657262e-06,9.9797423188e-05,7.33409356929e-07
71.9,6.92261325723e-06,9.96292562134e-05,7.26837553466e-07
71.95,6.85717270421e-06,9.94630099453e-05,7.20324478894e-07
72.0,6.79234906104e-06,9.92973251745e-05,7.13870400568e-07
72.05,6.72813652999e-06,9.91321946673e-05,7.07474624741e-07
72.1,6.66452936764e-06,9.89677072606e-05,7.01137661566e-07
72.15,6.60152188438e-06,9.88038991975e-05,6.94856761969e-07
72.2,6.53910844387e-06,9.8640746346e-05,6.88631437661e-07
72.25,6.47728346257e-06,9.8478140589e-05,6.82461204521e-07
72.3,6.41604140924e-06,9.83160799342e-05,6.76346384025e-07
72.35,6.35537680444e-06,9.81545623829e-05,6.70285682867e-07
72.4,6.29528422009e-06,9.79948935686e-05,6.64279506739e-07
72.45,6.23575827892e-06,9.78357865686e-05,6.58327004776e-07
72.5,6.17679365407e-06,9.76772179485e-05,6.52428421321e-07
72.55,6.11838506858e-06,9.75191856672e-05,6.46583122339e-07
72.6,6.0605272949e-06,9.73616876909e-05,6.40791574074e-07
72.65,6.00321515451e-06,9.7204721978e-05,6.3505126406e-07
72.7,5.94644351735e-06,9.70482865204e-05,6.29361746036e-07
72.75,5.89020730149e-06,9.68923793147e-05,6.2372257755e-07
72.8,5.83450147257e-06,9.6736998362e-05,6.18134052406e-07
72.85,5.77934992591e-06,9.65829862224e-05,6.12594988613e-07
72.9,5.72471826383e-06,9.64299254733e-05,6.07105756945e-07
72.95,5.67060160078e-06,9.6277386199e-05,6.01665579771e-07
73.0,5.61699509696e-06,9.61253663594e-05,5.96274680403e-07
73.05,5.56389395789e-06,9.59738639116e-05,5.90932479375e-07
73.1,5.51129343401e-06,9.58228768204e-05,5.85639402805e-07
73.15,5.45918882022e-06,9.56724030452e-05,5.8039315447e-07
73.2,5.40757545551e-06,9.55224405759e-05,5.75193326519e-07
73.25,5.35644872251e-06,9.53729874082e-05,5.7003951458e-07
73.3,5.30580404713e-06,9.52240631463e-05,5.64931987172e-07
73.35,5.25563689808e-06,9.50768354829e-05,5.59869664034e-07
73.4,5.20594278657e-06,9.4930115805e-05,5.5485288403e-07
73.45,5.15671726582e-06,9.47838983205e-05,5.49880936457e-07
73.5,5.10795593072e-06,9.46381809998e-05,5.44954025408e-07
73.55,5.05965441744e-06,9.44929618114e-05,5.40071621291e-07
73.6,5.01180840303e-06,9.43482772221e-05,5.35234113547e-07
73.65,4.96441360505e-06,9.42042115732e-05,5.30439403588e-07
73.7,4.91746578115e-06,9.40607860208e-05,5.25687118666e-07
73.75,4.87096072878e-06,9.39178514017e-05,5.20976889212e-07
73.8,4.82489428475e-06,9.3775421695e-05,5.16308960634e-07
73.85,4.77928620948e-06,9.36346193625e-05,5.11682345648e-07
73.9,4.73410805752e-06,9.3494306998e-05,5.07097353952e-07
73.95,4.68935578872e-06,9.33544784257e-05,5.02553336014e-07
74.0,4.64502540074e-06,9.32151316206e-05,4.98050478359e-07
74.05,4.60111292877e-06,9.30762645578e-05,4.93588296978e-07
74.1,4.55761444509e-06,9.29378752205e-05,4.89167147792e-07
74.15,4.5145260588e-06,9.27999615898e-05,4.84785112836e-07
74.2,4.47184391542e-06,9.26625216738e-05,4.80441851444e-07
74.25,4.42956419658e-06,9.25255534868e-05,4.76137025856e-07
74.3,4.38768311969e-06,9.23890550499e-05,4.71870860358e-07
74.35,4.34619693756e-06,9.22537072214e-05,4.67642452641e-07
74.4,4.30510193814e-06,9.21192472729e-05,4.63452085746e-07
74.45,4.26439444413e-06,9.19852517465e-05,4.59299166045e-07
74.5,4.22407081269e-06,9.18517186436e-05,4.55183864012e-07
74.55,4.1841274351e-06,9.17186459668e-05,4.51105737293e-07
74.6,4.14456073646e-06,9.15860317268e-05,4.47065111177e-07
74.65,4.10536717537e-06,9.14538739337e-05,4.43060232776e-07
74.7,4.06654324358e-06,9.13221706226e-05,4.39090790744e-07
74.75,4.02808546575e-06,9.11909198352e-05,4.35156476392e-07
74.8,3.98999039908e-06,9.10601196202e-05,4.31257494702e-07
74.85,3.95227438466e-06,9.09297680271e-05,4.27393021025e-07
74.9,3.91491389924e-06,9.0800700052e-05,4.23563314042e-07
74.95,3.87790560179e-06,9.06722892748e-05,4.19767831218e-07
75.0,3.84124618254e-06,9.05443218607e-05,4.16006728353e-07
75.05,3.80493236275e-06,9.04167958424e-05,4.12279601167e-07
75.1,3.76896089436e-06,9.02897092612e-05,4.08586746951e-07
75.15,3.73332855975e-06,9.01632027238e-05,4.04926563688e-07
75.2,3.69803217143e-06,9.00372472537e-05,4.01298766827e-07
75.25,3.66306857175e-06,8.99117658076e-05,3.97703074248e-07
75.3,3.62843463267e-06,8.97867168872e-05,3.9413967329e-07
75.35,3.59412725543e-06,8.96620985638e-05,3.90607810282e-07
75.4,3.5601433703e-06,8.95379089215e-05,3.8710772164e-07
75.45,3.52647993631e-06,8.94146546286e-05,3.83638911524e-07
75.5,3.49313394098e-06,8.92923101259e-05,3.80201522324e-07
75.55,3.46010240004e-06,8.9170388923e-05,3.76795184557e-07
75.6,3.4273823572e-06,8.90488890904e-05,3.73420169927e-07
75.65,3.39497088386e-06,8.89278086995e-05,3.70075014299e-07
75.7,3.36286507885e-06,8.88071458439e-05,3.66759457614e-07
75.75,3.3310620682e-06,8.86868986248e-05,3.63473242033e-07
75.8,3.29955900487e-06,8.85670651507e-05,3.60216538772e-07
75.85,3.26836940225e-06,8.84476435325e-05,3.56988659027e-07
75.9,3.23747380758e-06,8.83286319743e-05,3.53789818866e-07
75.95,3.20686945797e-06,8.82100285994e-05,3.50619565125e-07
76.0,3.17655361638e-06,8.80918315408e-05,3.4747802794e-07
76.05,3.14652357141e-06,8.79747013216e-05,3.44364869627e-07
76.1,3.11677663707e-06,8.78582497228e-05,3.41280338506e-07
76.15,3.0873101525e-06,8.77421991037e-05,3.38223096457e-07
76.2,3.05812148178e-06,8.76265475983e-05,3.35192905806e-07
76.25,3.02920801367e-06,8.7511293348e-05,3.32189530906e-07
76.3,3.00056716141e-06,8.7396434502e-05,3.29213128235e-07
76.35,2.97219636243e-06,8.72819692126e-05,3.26263068273e-07
76.4,2.94409307822e-06,8.71678956444e-05,3.23339548493e-07
76.45,2.916254794e-06,8.70542119644e-05,3.20442154734e-07
76.5,2.88867901858e-06,8.69409163497e-05,3.17571005931e-07
76.55,2.86136328409e-06,8.68280069806e-05,3.14725793464e-07
76.6,2.8343051458e-06,8.67154820463e-05,3.1190674428e-07
76.65,2.80750218188e-06,8.66037246826e-05,3.09112635431e-07
76.7,2.78095199318e-06,8.64930522244e-05,3.06343249698e-07
76.75,2.75465220303e-06,8.6382840059e-05,3.03598371715e-07
76.8,2.72860045706e-06,8.62730061334e-05,3.00878144494e-07
76.85,2.70280793029e-06,8.6163548637e-05,2.98181992697e-07
76.9,2.67725853608e-06,8.60544658362e-05,2.95510096799e-07
76.95,2.65194998963e-06,8.59457559342e-05,2.92862078287e-07
77.0,2.62688002753e-06,8.58374171435e-05,2.90238045858e-07
77.05,2.60204640755e-06,8.57294476813e-05,2.87637717456e-07
77.1,2.57744690848e-06,8.56218457729e-05,2.85061300494e-07
77.15,2.55307932992e-06,8.5514609647e-05,2.82507677282e-07
77.2,2.52894149206e-06,8.54077375504e-05,2.79976649296e-07
77.25,2.50503123552e-06,8.53012277373e-05,2.77468019708e-07
77.3,2.48134642113e-06,8.51953417691e-05,2.7498191922e-07
77.35,2.45788492979e-06,8.50903808413e-05,2.72517822012e-07
77.4,2.43464466221e-06,8.49857770888e-05,2.70075893027e-07
77.45,2.4116235388e-06,8.48815287644e-05,2.6765578633e-07
77.5,2.38881949944e-06,8.47776341304e-05,2.65257601262e-07
77.55,2.36623050331e-06,8.46740914541e-05,2.62881080043e-07
77.6,2.3438545287e-06,8.45708990109e-05,2.60526412236e-07
77.65,2.32168957287e-06,8.446805508e-05,2.58192576347e-07
77.7,2.29973365182e-06,8.43655579578e-05,2.5587939094e-07
77.75,2.27798480014e-06,8.42634059481e-05,2.53586676127e-07
77.8,2.25644107085e-06,8.41615973624e-05,2.51314551361e-07
77.85,2.23511170525e-06,8.40601305165e-05,2.49062536079e-07
77.9,2.21398340034e-06,8.39590037904e-05,2.46830781028e-07
77.95,2.19305426669e-06,8.38582155131e-05,2.44618970045e-07
78.0,2.17232243254e-06,8.37582240094e-05,2.42427193923e-07
78.05,2.15178604367e-06,8.36588837622e-05,2.40255217069e-07
78.1,2.13144326323e-06,8.35598770195e-05,2.38103212729e-07
78.15,2.11129227156e-06,8.34612489289e-05,2.35970247329e-07
78.2,2.09133126607e-06,8.33630610595e-05,2.33856155048e-07
78.25,2.07155846103e-06,8.32653205842e-05,2.31760771482e-07
78.3,2.05197208743e-06,8.31679078283e-05,2.29684205801e-07
78.35,2.03257039287e-06,8.30708211489e-05,2.27626018806e-07
78.4,2.01335164132e-06,8.29740589136e-05,2.25586348266e-07
78.45,1.99431411305e-06,8.28776194946e-05,2.23564905233e-07
78.5,1.97545610441e-06,8.27815012729e-05,2.21561772684e-07
78.55,1.95677592773e-06,8.26857026346e-05,2.19576735304e-07
78.6,1.93827191115e-06,8.25902219741e-05,2.17609951426e-07
78.65,1.91994239847e-06,8.24950576896e-05,2.1566056783e-07
78.7,1.90178574901e-06,8.24002631928e-05,2.13728432966e-07
78.75,1.88380033746e-06,8.23064502768e-05,2.1181339658e-07
78.8,1.86598455374e-06,8.22129489841e-05,2.09915558446e-07
78.85,1.84834604004e-06,8.21197577248e-05,2.08034517165e-07
78.9,1.83087379531e-06,8.20268749624e-05,2.06170398652e-07
78.95,1.81356625707e-06,8.19342991206e-05,2.04322938825e-07
79.0,1.79642187746e-06,8.18420286323e-05,2.0249221352e-07
79.05,1.7794391231e-06,8.17500619355e-05,2.00678025954e-07
79.1,1.76261647501e-06,8.16583974762e-05,1.98880520834e-07
79.15,1.74595242839e-06,8.1567033705e-05,1.97098918373e-07
79.2,1.72944549258e-06,8.14759690867e-05,1.95333080067e-07
79.25,1.71309419084e-06,8.13852020936e-05,1.93582868592e-07
79.3,1.6968970603e-06,8.12947312053e-05,1.91848375137e-07
79.35,1.68085265177e-06,8.12045549063e-05,1.9012923285e-07
79.4,1.66495952963e-06,8.11146716908e-05,1.88425556808e-07
79.45,1.64921627174e-06,8.10250800578e-05,1.86737105658e-07
79.5,1.63362146924e-06,8.0936220815e-05,1.85063948711e-07
79.55,1.61817372651e-06,8.08478794198e-05,1.83405906118e-07
79.6,1.60287166099e-06,8.07598250883e-05,1.81763110133e-07
79.65,1.58771390306e-06,8.0672060438e-05,1.80134848084e-07
79.7,1.57269909594e-06,8.05847114194e-05,1.78520993388e-07
79.75,1.55782589559e-06,8.04977519811e-05,1.76921420541e-07
79.8,1.54309297051e-06,8.04110980916e-05,1.75336212882e-07
79.85,1.5285066405e-06,8.0324724694e-05,1.73765035134e-07
79.9,1.51405780813e-06,8.02386303618e-05,1.72207992469e-07
79.95,1.4997451813e-06,8.01528136374e-05,1.70664864308e-07
80.0,1.48556747998e-06,8.00672730714e-05,1.69135713996e-07
80.05,1.47152343614e-06,7.99820072199e-05,1.67620377164e-07
80.1,1.45761179365e-06,7.98970146465e-05,1.66118974682e-07
80.15,1.44383130809e-06,7.98122939197e-05,1.64630855218e-07
80.2,1.43018074674e-06,7.97278436205e-05,1.63155903083e-07
80.25,1.41665888842e-06,7.96436623371e-05,1.61694003575e-07
80.3,1.40326452338e-06,7.95598927846e-05,1.6024523286e-07
80.35,1.38999645319e-06,7.94768660195e-05,1.58809284518e-07
80.4,1.37685349067e-06,7.93941039978e-05,1.5738625467e-07
80.45,1.36383445976e-06,7.93116053153e-05,1.55975941721e-07
80.5,1.3509381954e-06,7.92293685755e-05,1.54578403564e-07
80.55,1.33816354345e-06,7.91473923875e-05,1.53193489977e-07
80.6,1.32550936059e-06,7.9065675368e-05,1.51821311428e-07
80.65,1.31297451422e-06,7.89842161385e-05,1.50461272642e-07
80.7,1.30055788233e-06,7.89030133326e-05,1.49113267889e-07
80.75,1.28825835345e-06,7.88220655909e-05,1.47777192338e-07
80.8,1.27607482649e-06,7.87413715607e-05,1.46453115602e-07
80.85,1.26401252765e-06,7.86609298948e-05,1.45140757632e-07
80.9,1.25206393375e-06,7.85807392833e-05,1.43840206276e-07
80.95,1.24022797626e-06,7.85007983916e-05,1.42551277291e-07
81.0,1.22850359666e-06,7.8421105893e-05,1.41274023587e-07
81.05,1.21688974633e-06,7.8341660466e-05,1.40008307871e-07
81.1,1.2053853865e-06,7.82624607962e-05,1.38754231102e-07
81.15,1.1939894881e-06,7.81835055742e-05,1.37511249243e-07
81.2,1.18270103171e-06,7.810525967e-05,1.36279265661e-07
81.25,1.17151900746e-06,7.80275572138e-05,1.3505818455e-07
81.3,1.16044241495e-06,7.79501570129e-05,1.33848069528e-07
81.35,1.14947026312e-06,7.78729968016e-05,1.32648664654e-07
81.4,1.13860157022e-06,7.77960752838e-05,1.31460050211e-07
81.45,1.12783536369e-06,7.77193911685e-05,1.30282057817e-07
81.5,1.11717068008e-06,7.76429431721e-05,1.29114735825e-07
81.55,1.10660656496e-06,7.75667300165e-05,1.2795795876e-07
81.6,1.09614207287e-06,7.74907504308e-05,1.26811818893e-07
81.65,1.08577626717e-06,7.74150031489e-05,1.25675819009e-07
81.7,1.07550822002e-06,7.73394869154e-05,1.24549870794e-07
81.75,1.06533701226e-06,7.72642004816e-05,1.23433886686e-07
81.8,1.05526173336e-06,7.71891426054e-05,1.2232792483e-07
81.85,1.04528670516e-06,7.71143120497e-05,1.21231751312e-07
81.9,1.0354057063e-06,7.7039707609e-05,1.20145439506e-07
81.95,1.02561785314e-06,7.69653280586e-05,1.1906883552e-07
82.0,1.01592227034e-06,7.6891172181e-05,1.18001983548e-07
82.05,1.00631809073e-06,7.68172387639e-05,1.16944768915e-07
82.1,9.96804455287e-07,7.67435266017e-05,1.15897275947e-07
82.15,9.87380513015e-07,7.66704259574e-05,1.14859050227e-07
82.2,9.78045420897e-07,7.6597675253e-05,1.1383001104e-07
82.25,9.6879834381e-07,7.65251421307e-05,1.12810078362e-07
82.3,9.59638454455e-07,7.64528253975e-05,1.11799305332e-07
82.35,9.50564933279e-07,7.6380723866e-05,1.10797478169e-07
82.4,9.41576968412e-07,7.6308836356e-05,1.09804663932e-07
82.45,9.32673755584e-07,7.62371616928e-05,1.08820721976e-07
82.5,9.23854498063e-07,7.61656987082e-05,1.07845692689e-07
82.55,9.15118406579e-07,7.60944462396e-05,1.06879471265e-07
82.6,9.0646469926e-07,7.60234031307e-05,1.05922134776e-07
82.65,8.97892601556e-07,7.59525682302e-05,1.04973267913e-07
82.7,8.89401346176e-07,7.58819945732e-05,1.04032796909e-07
82.75,8.80990173018e-07,7.58117265148e-05,1.03100648628e-07
82.8,8.72658329104e-07,7.57417603068e-05,1.02176871635e-07
82.85,8.64409388422e-07,7.56719985781e-05,1.01261270548e-07
82.9,8.56238206159e-07,7.56024402227e-05,1.00353906656e-07
82.95,8.4814405159e-07,7.55330841197e-05,9.94546514172e-08
83.0,8.40126200832e-07,7.54639291551e-05,9.85635417453e-08
83.05,8.32183936782e-07,7.53949742198e-05,9.76804818547e-08
83.1,8.24316549055e-07,7.53262182111e-05,9.68055421824e-08
83.15,8.16523333915e-07,7.5257820518e-05,9.59383431653e-08
83.2,8.08803594222e-07,7.5189934704e-05,9.50788173861e-08
83.25,8.01156639363e-07,7.51222444607e-05,9.42268980025e-08
83.3,7.93581785194e-07,7.50547486979e-05,9.33826294003e-08
83.35,7.86078353982e-07,7.49874463304e-05,9.25458330138e-08
83.4,7.78645674339e-07,7.492033628e-05,9.17165648566e-08
83.45,7.71283081169e-07,7.48534174735e-05,9.08947074505e-08
83.5,7.63989915607e-07,7.47866888442e-05,9.00802945318e-08
83.55,7.5676552496e-07,7.47201493304e-05,8.92732385593e-08
83.6,7.4960926265e-07,7.46537978763e-05,8.84736039075e-08
83.65,7.42520488156e-07,7.45876334312e-05,8.7681043682e-08
83.7,7.35498566961e-07,7.45216549527e-05,8.68954962679e-08
83.75,7.28542870492e-07,7.44558614041e-05,8.61169005758e-08
83.8,7.21652776064e-07,7.43902517548e-05,8.53452971716e-08
83.85,7.14831239222e-07,7.43248249788e-05,8.45805228583e-08
83.9,7.08074005414e-07,7.42595800723e-05,8.38226288284e-08
83.95,7.01380470362e-07,7.41945160203e-05,8.30715077151e-08
84.0,6.94750035443e-07,7.4129631814e-05,8.2327190351e-08
84.05,6.88182107643e-07,7.40649264491e-05,8.15895967295e-08
84.1,6.81676099501e-07,7.40003989274e-05,8.08587856844e-08
84.15,6.75231429059e-07,7.39360482552e-05,8.01344401781e-08
84.2,6.68847519808e-07,7.38718885143e-05,7.94165038988e-08
84.25,6.62523800641e-07,7.38080880553e-05,7.87049210152e-08
84.3,6.56259705798e-07,7.37449255905e-05,7.79997286013e-08
84.35,6.5005467482e-07,7.36819475962e-05,7.73007775067e-08
84.4,6.439081525e-07,7.36191422844e-05,7.66081145177e-08
84.45,6.37819588829e-07,7.35565086769e-05,7.59216415083e-08
84.5,6.31788438952e-07,7.34940458013e-05,7.52413866575e-08
84.55,6.25814163119e-07,7.343175269e-05,7.45672768448e-08
84.6,6.19896226637e-07,7.33696283812e-05,7.38993658402e-08
84.65,6.14034099821e-07,7.33076719176e-05,7.32373638931e-08
84.7,6.08227257951e-07,7.32458823497e-05,7.25812195383e-08
84.75,6.02475181222e-07,7.31842587331e-05,7.19308817501e-08
84.8,5.96777354702e-07,7.31228001292e-05,7.12863844115e-08
84.85,5.91136222503e-07,7.30615056037e-05,7.06475912091e-08
84.9,5.85548266285e-07,7.30003742413e-05,7.00145449025e-08
84.95,5.80012986335e-07,7.29394051181e-05,6.93871558115e-08
85.0,5.74529887617e-07,7.28785973159e-05,6.87654496894e-08
85.05,5.69098479732e-07,7.2817949921e-05,6.81493597092e-08
85.1,5.63718276874e-07,7.27574620253e-05,6.75389350131e-08
85.15,5.58388797786e-07,7.26971327247e-05,6.69339107889e-08
85.2,5.53109565721e-07,7.26369611227e-05,6.63342400011e-08
85.25,5.47880108395e-07,7.25769463276e-05,6.57398760154e-08
85.3,5.42699957948e-07,7.25170874531e-05,6.51508497989e-08
85.35,5.37568650905e-07,7.2457383617e-05,6.45670367703e-08
85.4,5.3248572813e-07,7.23978339433e-05,6.3988476009e-08
85.45,5.2745073479e-07,7.23384375598e-05,6.34150855534e-08
85.5,5.22463220311e-07,7.2279572168e-05,6.28468889403e-08
85.55,5.17522738343e-07,7.22208667237e-05,6.22838250945e-08
85.6,5.12628846714e-07,7.21623119359e-05,6.17259389285e-08
85.65,5.077811074e-07,7.21039069415e-05,6.11729884222e-08
85.7,5.02979086476e-07,7.20456508844e-05,6.06249305883e-08
85.75,4.98222354086e-07,7.19876420483e-05,6.00817228064e-08
85.8,4.93510484401e-07,7.19298733185e-05,5.95433933781e-08
85.85,4.88845498603e-07,7.18722974314e-05,5.90098284449e-08
85.9,4.84224487169e-07,7.18148678896e-05,5.84810637226e-08
85.95,4.79647036856e-07,7.17575838532e-05,5.79570243039e-08
86.0,4.75112738288e-07,7.17004444877e-05,5.74377316998e-08
86.05,4.70621185927e-07,7.16434489631e-05,5.69231300919e-08
86.1,4.66171978031e-07,7.15865964541e-05,5.64132605269e-08
86.15,4.61764716621e-07,7.15298861399e-05,5.59079018152e-08
86.2,4.57399007444e-07,7.14733172059e-05,5.54070146695e-08
86.25,4.53074459943e-07,7.14168888423e-05,5.49105601376e-08
86.3,4.48790687216e-07,7.13606002442e-05,5.44185640851e-08
86.35,4.44547305988e-07,7.13044506109e-05,5.39309224533e-08
86.4,4.40343936572e-07,7.12484391468e-05,5.34476678839e-08
86.45,4.3618020284e-07,7.11925650606e-05,5.29687319168e-08
86.5,4.32055732186e-07,7.11368275657e-05,5.24941342117e-08
86.55,4.27970155496e-07,7.10812258799e-05,5.20238237542e-08
86.6,4.23923107113e-07,7.10257592256e-05,5.15578380583e-08
86.65,4.19914224808e-07,7.09704268292e-05,5.1095974972e-08
86.7,4.15943149744e-07,7.0915227923e-05,5.06381985893e-08
86.75,4.12009526446e-07,7.08601617441e-05,5.01844733104e-08
86.8,4.08113002772e-07,7.08053748478e-05,4.97348227751e-08
86.85,4.04255250157e-07,7.07509175728e-05,4.92891518805e-08
86.9,4.00433862544e-07,7.06965907566e-05,4.88474904591e-08
86.95,3.96648498197e-07,7.06423936443e-05,4.8409775943e-08
87.0,3.9289881858e-07,7.0588325486e-05,4.79760262999e-08
87.05,3.8918448833e-07,7.05343855357e-05,4.7546194906e-08
87.1,3.85505175221e-07,7.04805730522e-05,4.71203160467e-08
87.15,3.81860550142e-07,7.04268872979e-05,4.66982049688e-08
87.2,3.78250287063e-07,7.03733275412e-05,4.62798288567e-08
87.25,3.74674063006e-07,7.03199540209e-05,4.58651551748e-08
87.3,3.71131558022e-07,7.02667970469e-05,4.54542055281e-08
87.35,3.67622455156e-07,7.02138435878e-05,4.50468929992e-08
87.4,3.64146440425e-07,7.01610140053e-05,4.46432448528e-08
87.45,3.60703202784e-07,7.01083075818e-05,4.42432039063e-08
87.5,3.57292434104e-07,7.00557236041e-05,4.38467865809e-08
87.55,3.53913829142e-07,7.0003261363e-05,4.34539502656e-08
87.6,3.50567085517e-07,6.99509201535e-05,4.30647262949e-08
87.65,3.47251903678e-07,6.98986992745e-05,4.26789458172e-08
87.7,3.43967986882e-07,6.98465980304e-05,4.22965788411e-08
87.75,3.40715041166e-07,6.97946157295e-05,4.19175956316e-08
87.8,3.37492775324e-07,6.97427516846e-05,4.15420159338e-08
87.85,3.34302571562e-07,6.96910052121e-05,4.11697603115e-08
87.9,3.31142440171e-07,6.96393756399e-05,4.08008536827e-08
87.95,3.28012098549e-07,6.95878622924e-05,4.04352437863e-08
88.0,3.24911266741e-07,6.95364644985e-05,4.00729456302e-08
88.05,3.21839667414e-07,6.94851815906e-05,3.9713920271e-08
88.1,3.18797025832e-07,6.94340129052e-05,3.93581963461e-08
88.15,3.15783069833e-07,6.93829577825e-05,3.90056195368e-08
88.2,3.12797529803e-07,6.93320155677e-05,3.86561624332e-08
88.25,3.09840138655e-07,6.92812214027e-05,3.83097978593e-08
88.3,3.06910631801e-07,6.92308097428e-05,3.7966543861e-08
88.35,3.04008747134e-07,6.91805092805e-05,3.76263278388e-08
88.4,3.01134225002e-07,6.9130319159e-05,3.72891725663e-08
88.45,2.98286808184e-07,6.90802387353e-05,3.69550302804e-08
88.5,2.95466241871e-07,6.90302673704e-05,3.66239146971e-08
88.55,2.92672273638e-07,6.89804044287e-05,3.6295790225e-08
88.6,2.89904653428e-07,6.8930649279e-05,3.59706830367e-08
88.65,2.87163133526e-07,6.88810012933e-05,3.56484520955e-08
88.7,2.84447468536e-07,6.88314598484e-05,3.53290723506e-08
88.75,2.81757415364e-07,6.87820488774e-05,3.5012518965e-08
88.8,2.79092733194e-07,6.8732834453e-05,3.46988084315e-08
88.85,2.76454565054e-07,6.8683836229e-05,3.43878743992e-08
88.9,2.73841265535e-07,6.86349428474e-05,3.40797376813e-08
88.95,2.71252600939e-07,6.85861536966e-05,3.37743546259e-08
89.0,2.68688339752e-07,6.85374681686e-05,3.34717377684e-08
89.05,2.66148252633e-07,6.84888856591e-05,3.31718545807e-08
89.1,2.63632112386e-07,6.84404055676e-05,3.28747289828e-08
89.15,2.61139693943e-07,6.8392027297e-05,3.25802320767e-08
89.2,2.58670774346e-07,6.83437502544e-05,3.22883409679e-08
89.25,2.56225132723e-07,6.82955738512e-05,3.1999032957e-08
89.3,2.53802550272e-07,6.82474975019e-05,3.17123231173e-08
89.35,2.51402810241e-07,6.81995206245e-05,3.14281508086e-08
89.4,2.49025697908e-07,6.81516426412e-05,3.11465350528e-08
89.45,2.46671000563e-07,6.8103862977e-05,3.0867435955e-08
89.5,2.44338507487e-07,6.80561810609e-05,3.05908649718e-08
89.55,2.42028009937e-07,6.80085963252e-05,3.03167923746e-08
89.6,2.39739301125e-07,6.79611082056e-05,3.00452400247e-08
89.65,2.37472176201e-07,6.79137161411e-05,2.97760901183e-08
89.7,2.35226432233e-07,6.7866419575e-05,2.95093217313e-08
89.75,2.33001868192e-07,6.7819217954e-05,2.9244914118e-08
89.8,2.30798284932e-07,6.77721107283e-05,2.89828810543e-08
89.85,2.28616627692e-07,6.77250973511e-05,2.87231671194e-08
89.9,2.26455535785e-07,6.7678338033e-05,2.84657896979e-08
89.95,2.24314815952e-07,6.76317815626e-05,2.82107123286e-08
90.0,2.22194276742e-07,6.75853173781e-05,2.79579454821e-08
90.05,2.20093728498e-07,6.75389449395e-05,2.77074619885e-08
90.1,2.18012983338e-07,6.749266371e-05,2.74592818275e-08
90.15,2.15951855141e-07,6.74464731561e-05,2.72132973346e-08
90.2,2.13910159529e-07,6.74003727482e-05,2.69694893864e-08
90.25,2.11887713851e-07,6.73543619601e-05,2.6727839023e-08
90.3,2.09884337166e-07,6.73085432623e-05,2.64883588345e-08
90.35,2.07899850228e-07,6.72628996189e-05,2.62509981701e-08
90.4,2.05934075472e-07,6.72173776244e-05,2.60157729183e-08
90.45,2.03986836994e-07,6.71719439074e-05,2.57826497558e-08
90.5,2.0205796054e-07,6.7126597951e-05,2.55516382522e-08
90.55,2.00147273488e-07,6.70813392416e-05,2.53227135759e-08
90.6,1.98254604831e-07,6.70361672685e-05,2.37202822657e-08
90.65,1.96379785167e-07,6.69910925786e-05,2.33547903445e-08
90.7,1.9452264668e-07,6.69461046545e-05,2.31455482944e-08
90.75,1.92683023127e-07,6.69012017483e-05,2.29381579709e-08
90.8,1.90860749823e-07,6.68563833654e-05,2.27326319269e-08
90.85,1.89056608441e-07,6.68116490142e-05,2.25289249087e-08
90.9,1.8726947375e-07,6.67669982101e-05,2.23270524659e-08
90.95,1.8549918593e-07,6.67224304675e-05,2.21269851634e-08
91.0,1.83745586662e-07,6.66779453039e-05,2.19287327583e-08
91.05,1.82008519105e-07,6.66335422397e-05,2.1732273559e-08
91.1,1.8028782789e-07,6.65892207984e-05,2.15376112787e-08
91.15,1.78583359101e-07,6.65449805064e-05,2.13446712213e-08
91.2,1.76894960266e-07,6.65008208936e-05,2.11534383865e-08
91.25,1.75222480339e-07,6.64567414927e-05,2.09638979023e-08
91.3,1.73565769691e-07,6.64127418396e-05,2.07760612413e-08
91.35,1.71924680092e-07,6.63688214727e-05,2.05898870447e-08
91.4,1.53891233232e-07,6.63249799338e-05,2.04053895238e-08
91.45,1.27812052462e-07,6.62811510196e-05,2.02225417769e-08
91.5,1.26603476153e-07,6.6237302506e-05,2.00413527212e-08
91.55,1.25406296779e-07,6.61935342713e-05,1.84852369035e-08
91.6,1.24220407193e-07,6.61498567704e-05,1.81665524003e-08
91.65,1.23045701252e-07,6.61062596145e-05,1.80038095199e-08
91.7,1.21882073808e-07,6.60628308843e-05,1.78425066828e-08
91.75,1.20729420699e-07,6.60196297406e-05,1.76826313441e-08
91.8,1.19587638736e-07,6.59765736596e-05,1.75241950273e-08
91.85,1.18457217693e-07,6.59336808402e-05,1.73671609627e-08
91.9,1.17337452534e-07,6.58909299735e-05,1.7211543159e-08
91.95,1.16228243122e-07,6.58482561883e-05,1.56811874184e-08
92.0,1.15129490256e-07,6.58056697805e-05,1.53876320529e-08
92.05,1.14041095666e-07,6.5763160535e-05,1.52497662733e-08
92.1,1.12962962003e-07,6.57207267761e-05,1.51131693729e-08
92.15,1.11894992827e-07,6.56783680482e-05,1.49777809809e-08
92.2,1.10837092603e-07,6.5636083899e-05,1.48435905713e-08
92.25,1.09789166692e-07,6.55938738794e-05,1.47105877082e-08
92.3,1.08751121338e-07,6.55517375433e-05,1.45787839436e-08
92.35,1.07722863667e-07,6.55096744474e-05,1.44481466841e-08
92.4,1.06704301673e-07,6.54676841516e-05,1.43186897359e-08
92.45,1.05695344212e-07,6.54257662187e-05,1.41903785733e-08
92.5,1.04695900994e-07,6.53839202145e-05,1.26855832183e-08
92.55,1.03705882575e-07,6.53421564147e-05,1.2418695547e-08
92.6,1.0272520035e-07,6.53004646914e-05,1.23074571766e-08
92.65,1.01753766543e-07,6.52588434106e-05,1.21972029637e-08
92.7,1.007914942e-07,6.52172921524e-05,1.20879243366e-08
92.75,9.98382971823e-08,6.51758104996e-05,1.19796127966e-08
92.8,9.88940901591e-08,6.51343980382e-05,1.18722799317e-08
92.85,9.79592781527e-08,6.50930543564e-05,1.17658969753e-08
92.9,9.70332781267e-08,6.50517790474e-05,1.16604775579e-08
92.95,9.61160072716e-08,6.50105717052e-05,1.15559911298e-08
93.0,9.52073835534e-08,6.49694319265e-05,1.14524462686e-08
93.05,9.43073257063e-08,6.49283593107e-05,9.97589665683e-09
93.1,9.34157532256e-08,6.48873640714e-05,9.7337247399e-09
93.15,9.25325863607e-08,6.48464362003e-05,9.6465250736e-09
93.2,9.16577461079e-08,6.48055741074e-05,9.56009701436e-09
93.25,9.07911542036e-08,6.47647774055e-05,9.47443384023e-09
93.3,8.9932733117e-08,6.47240787163e-05,9.38954717821e-09
93.35,8.90824060438e-08,6.46835301639e-05,9.305411765e-09
93.4,8.82400968992e-08,6.46431413298e-05,9.22204107671e-09
93.45,8.7405730311e-08,6.46028170701e-05,9.13940820288e-09
93.5,8.65792316132e-08,6.4562557004e-05,7.68328346502e-09
93.55,8.57605268393e-08,6.45223713131e-05,7.46158336575e-09
93.6,8.49495427159e-08,6.4482250055e-05,6.01934575833e-09
93.65,8.41462066558e-08,6.44422022218e-05,5.81244195606e-09
93.7,8.33504467523e-08,6.44022218515e-05,5.76036125164e-09
93.75,8.25621917723e-08,6.43625068884e-05,5.70874150505e-09
93.8,8.17813711501e-08,6.43228543433e-05,5.6575954166e-09
93.85,8.10083198229e-08,6.42832631222e-05,5.60690195375e-09
93.9,8.02425556433e-08,6.42437328653e-05,5.55667547153e-09
93.95,7.94840101314e-08,6.42042632141e-05,5.50689339714e-09
94.0,7.87326154483e-08,6.41648538121e-05,5.45755185944e-09
94.05,7.79883043906e-08,6.41255043055e-05,5.40864702032e-09
94.1,7.72510103841e-08,6.40862143429e-05,5.36019513267e-09
94.15,7.65206674784e-08,6.4046983575e-05,5.31217196622e-09
94.2,7.57972103406e-08,6.4007811655e-05,5.26457378631e-09
94.25,7.50805742499e-08,6.39686982387e-05,5.21739688997e-09
94.3,7.43706950916e-08,6.39296429838e-05,3.79560667091e-09
94.35,7.36675093516e-08,6.38906559072e-05,3.60865514488e-09
94.4,7.29709541108e-08,6.3851727289e-05,3.57632765011e-09
94.45,7.22809670397e-08,6.38128556253e-05,3.54428620542e-09
94.5,7.15974863924e-08,6.37740405857e-05,3.51252831891e-09
94.55,7.09204510016e-08,6.3735281842e-05,3.48105151999e-09
94.6,7.02498002732e-08,6.36965790683e-05,3.44987169099e-09
94.65,6.95854741807e-08,6.36579319405e-05,3.41896770663e-09
94.7,6.89274132601e-08,6.36193401371e-05,3.38833716451e-09
94.75,6.82755586045e-08,6.35808033387e-05,3.35797768269e-09
94.8,6.7629851859e-08,6.35423212279e-05,3.3278868996e-09
94.85,6.69905700029e-08,6.35040003817e-05,3.29806247364e-09
94.9,6.63573143202e-08,6.34658148436e-05,1.89293909755e-09
94.95,6.57300281806e-08,6.34277157389e-05,1.72297982099e-09
95.0,6.51086554842e-08,6.33896717275e-05,1.70753660488e-09
95.05,6.44931406565e-08,6.33516813347e-05,1.6922301289e-09
95.1,6.38834286435e-08,6.33137442519e-05,1.67707595489e-09
95.15,6.32794649067e-08,6.32758601723e-05,1.66205581337e-09
95.2,6.26811954186e-08,6.32380287915e-05,1.64716853741e-09
95.25,6.20885666577e-08,6.3200249807e-05,1.63241297e-09
95.3,6.15015256037e-08,6.31625229182e-05,1.61778796404e-09
95.35,6.09200197331e-08,6.31248478268e-05,1.6032923822e-09
95.4,6.03439970145e-08,6.30872242365e-05,1.58892509685e-09
95.45,5.97734059037e-08,6.30496518526e-05,1.57468499e-09
95.5,5.92081953395e-08,6.30121303829e-05,1.56057095319e-09
95.55,5.86483147391e-08,6.29746595367e-05,1.54658188729e-09
95.6,5.80937139936e-08,6.29372390257e-05,1.54658188585e-10
95.65,5.75443434635e-08,6.28998787965e-05,0.0
95.7,5.70001539745e-08,6.28625692937e-05,0.0
95.75,5.6461096813e-08,6.282530908e-05,0.0
95.8,5.5927123722e-08,6.2788097877e-05,0.0
95.85,5.5398463752e-08,6.27509354082e-05,0.0
95.9,5.4874787181e-08,6.27138214e-05,0.0
95.95,5.43560471783e-08,6.26767555795e-05,0.0
96.0,5.38421973515e-08,6.26398607329e-05,0.0
96.05,5.33331917426e-08,6.2603071974e-05,0.0
96.1,5.28289848243e-08,6.25663307416e-05,0.0
96.15,5.23295314956e-08,6.25296367655e-05,0.0
96.2,5.18347870779e-08,6.24929897775e-05,0.0
96.25,5.1344707311e-08,6.24563895111e-05,0.0
96.3,5.08592483494e-08,6.24198357017e-05,0.0
96.35,5.03783667583e-08,6.23834012649e-05,0.0
96.4,4.99020195098e-08,6.23470937079e-05,0.0
96.45,4.9430163979e-08,6.2310884268e-05,0.0
96.5,4.89627579403e-08,6.22747209116e-05,0.0
96.55,4.84997595639e-08,6.22386033766e-05,0.0
96.6,4.80411274117e-08,6.22025314027e-05,0.0
96.65,4.75868204339e-08,6.21665047311e-05,0.0
96.7,4.71367979654e-08,6.21305231052e-05,0.0
96.75,4.6691019722e-08,6.20945862698e-05,0.0
96.8,4.62494457971e-08,6.20586939716e-05,0.0
96.85,4.58122656061e-08,6.20228459589e-05,0.0
96.9,4.53792064826e-08,6.19870419828e-05,0.0
96.95,4.49502296992e-08,6.19512817949e-05,0.0
97.0,4.45252968914e-08,6.19155651488e-05,0.0
97.05,4.41043700539e-08,6.18798917996e-05,0.0
97.1,4.36874115374e-08,6.18442615041e-05,0.0
97.15,4.32743840453e-08,6.18086740208e-05,0.0
97.2,4.28652506301e-08,6.17731291097e-05,0.0
97.25,4.24599746905e-08,6.17376265326e-05,0.0
97.3,4.2058519968e-08,6.1702166053e-05,0.0
97.35,4.1660850544e-08,6.16667474357e-05,0.0
97.4,2.48590993651e-08,6.16313704474e-05,0.0
97.45,0.0,6.1595973108e-05,0.0
97.5,0.0,6.15605253622e-05,0.0
97.55,0.0,6.152512122e-05,0.0
97.6,0.0,6.14897604196e-05,0.0
97.65,0.0,6.14544427011e-05,0.0
97.7,0.0,6.14191678067e-05,0.0
97.75,0.0,6.13839354805e-05,0.0
97.8,0.0,6.13487454683e-05,0.0
97.85,0.0,6.13136381664e-05,0.0
97.9,0.0,6.1278653351e-05,0.0
97.95,0.0,6.12437915683e-05,0.0
98.0,0.0,6.12089717589e-05,0.0
98.05,0.0,6.11741936719e-05,0.0
98.1,0.0,6.11394570582e-05,0.0
98.15,0.0,6.11047616706e-05,0.0
98.2,0.0,6.10701072637e-05,0.0
98.25,0.0,6.10354935939e-05,0.0
98.3,0.0,6.10009204195e-05,0.0
98.35,0.0,6.09663875006e-05,0.0
98.4,0.0,6.0931894599e-05,0.0
98.45,0.0,6.08974414784e-05,0.0
98.5,0.0,6.08630568233e-05,0.0
98.55,0.0,6.08288424032e-05,0.0
98.6,0.0,6.07946673601e-05,0.0
98.65,0.0,6.07605313131e-05,0.0
98.7,0.0,6.07264340308e-05,0.0
98.75,0.0,6.06923752833e-05,0.0
98.8,0.0,6.06583548426e-05,0.0
98.85,0.0,6.06243724823e-05,0.0
98.9,0.0,6.05904279779e-05,0.0
98.95,0.0,6.05565211063e-05,0.0
99.0,0.0,6.05226516463e-05,0.0
99.05,0.0,6.04888193782e-05,0.0
99.1,0.0,6.0455024084e-05,0.0
99.15,0.0,6.04212655474e-05,0.0
99.2,0.0,6.03875435535e-05,0.0
99.25,0.0,6.03538578894e-05,0.0
99.3,0.0,6.03202083433e-05,0.0
99.35,0.0,6.02866039278e-05,0.0
99.4,0.0,6.02531274446e-05,0.0
99.45,0.0,6.02197723973e-05,0.0
99.5,0.0,6.01864650451e-05,0.0
99.55,0.0,6.01531934104e-05,0.0
99.6,0.0,6.01199572849e-05,0.0
99.65,0.0,6.0086756462e-05,0.0
99.7,0.0,6.00535907365e-05,0.0
99.75,0.0,6.00204599049e-05,0.0
99.8,0.0,5.99873637649e-05,0.0
99.85,0.0,5.99543021162e-05,0.0
99.9,0.0,5.99212747596e-05,0.0
99.95,0.0,5.98882814975e-05,0.0
100.0,0.0,5.98553221338e-05,0.0
