"time","AMPA","NMDA","GABAa"
0.0,0.0,0.0,0.0
0.05,0.0,0.0,0.0
0.1,0.0,0.0,0.0
0.15,0.0,0.0,0.0
0.2,0.0,0.0,0.0
0.25,0.0,0.0,0.0
0.3,0.0,0.0,0.0
0.35,0.0,0.0,0.0
0.4,0.0,0.0,0.0
0.45,0.0,0.0,0.0
0.5,0.0,0.0,0.0
0.55,0.0,0.0,0.0
0.6,0.0,0.0,0.0
0.65,0.0,0.0,0.0
0.7,0.0,0.0,0.0
0.75,0.0,0.0,0.0
0.8,0.0,0.0,0.0
0.85,0.0,0.0,0.0
0.9,0.0,0.0,0.0
0.95,0.0,0.0,0.0
1.0,0.0,0.0,0.0
1.05,0.0,0.0,0.0
1.1,0.0,0.0,0.0
1.15,0.0,0.0,0.0
1.2,0.0,0.0,0.0
1.25,0.0,0.0,0.0
1.3,0.0,0.0,0.0
1.35,0.0,0.0,0.0
1.4,0.0,0.0,0.0
1.45,0.0,0.0,0.0
1.5,0.0,0.0,0.0
1.55,0.0,0.0,0.0
1.6,0.0,0.0,0.0
1.65,0.0,0.0,0.0
1.7,0.0,0.0,0.0
1.75,0.0,0.0,0.0
1.8,0.0,0.0,0.0
1.85,0.0,0.0,0.0
1.9,0.0,0.0,0.0
1.95,0.0,0.0,0.0
2.0,0.0,0.0,0.0
2.05,0.0,0.0,0.0
2.1,0.0,0.0,0.0
2.15,0.0,0.0,0.0
2.2,0.0,0.0,0.0
2.25,0.0,0.0,0.0
2.3,0.0,0.0,0.0
2.35,0.0,0.0,0.0
2.4,0.0,0.0,0.0
2.45,0.0,0.0,0.0
2.5,0.0,0.0,0.0
2.55,0.0,0.0,0.0
2.6,0.0,0.0,0.0
2.65,0.0,0.0,0.0
2.7,0.0,0.0,0.0
2.75,0.0,0.0,0.0
2.8,0.0,0.0,0.0
2.85,0.0,0.0,0.0
2.9,0.0,0.0,0.0
2.95,0.0,0.0,0.0
3.0,0.0,0.0,0.0
3.05,0.0,0.0,0.0
3.1,0.0,0.0,0.0
3.15,0.0,0.0,0.0
3.2,0.0,0.0,0.0
3.25,0.0,0.0,0.0
3.3,0.0,0.0,0.0
3.35,0.0,0.0,0.0
3.4,0.0,0.0,0.0
3.45,0.0,0.0,0.0
3.5,0.0,0.0,0.0
3.55,0.0,0.0,0.0
3.6,0.0,0.0,0.0
3.65,0.0,0.0,0.0
3.7,0.0,0.0,0.0
3.75,0.0,0.0,0.0
3.8,0.0,0.0,0.0
3.85,0.0,0.0,0.0
3.9,0.0,0.0,0.0
3.95,0.0,0.0,0.0
4.0,0.0,0.0,0.0
4.05,0.0,0.0,0.0
4.1,0.0,0.0,0.0
4.15,0.0,0.0,0.0
4.2,0.0,0.0,0.0
4.25,0.0,0.0,0.0
4.3,0.0,0.0,0.0
4.35,0.0,0.0,0.0
4.4,0.0,0.0,0.0
4.45,0.0,0.0,0.0
4.5,0.0,0.0,0.0
4.55,0.0,0.0,0.0
4.6,0.0,0.0,0.0
4.65,0.0,0.0,0.0
4.7,0.0,0.0,0.0
4.75,0.0,0.0,0.0
4.8,0.0,0.0,0.0
4.85,0.0,0.0,0.0
4.9,0.0,0.0,0.0
4.95,0.0,0.0,0.0
5.0,0.0,0.0,0.0
5.05,0.0,0.0,0.0
5.1,0.0,0.0,0.0
5.15,0.0,0.0,0.0
5.2,0.0,0.0,0.0
5.25,0.0,0.0,0.0
5.3,0.0,0.0,0.0
5.35,0.0,0.0,0.0
5.4,0.0,0.0,0.0
5.45,0.0,0.0,0.0
5.5,0.0,0.0,0.0
5.55,0.0,0.0,0.0
5.6,0.0,0.0,0.0
5.65,0.0,0.0,0.0
5.7,0.0,0.0,0.0
5.75,0.0,0.0,0.0
5.8,0.0,0.0,0.0
5.85,0.0,0.0,0.0
5.9,0.0,0.0,0.0
5.95,0.0,0.0,0.0
6.0,0.0,0.0,0.0
6.05,0.0,0.0,0.0
6.1,0.0,0.0,0.0
6.15,0.0,0.0,0.0
6.2,0.0,0.0,0.0
6.25,0.0,0.0,0.0
6.3,0.0,0.0,0.0
6.35,0.0,0.0,0.0
6.4,0.0,0.0,0.0
6.45,0.0,0.0,0.0
6.5,0.0,0.0,0.0
6.55,0.0,0.0,0.0
6.6,0.0,0.0,0.0
6.65,0.0,0.0,0.0
6.7,0.0,0.0,0.0
6.75,0.0,0.0,0.0
6.8,0.0,0.0,0.0
6.85,0.0,0.0,0.0
6.9,0.0,0.0,0.0
6.95,0.0,0.0,0.0
7.0,0.0,0.0,0.0
7.05,0.0,0.0,0.0
7.1,0.0,0.0,0.0
7.15,0.0,0.0,0.0
7.2,0.0,0.0,0.0
7.25,0.0,0.0,0.0
7.3,0.0,0.0,0.0
7.35,0.0,0.0,0.0
7.4,0.0,0.0,0.0
7.45,0.0,0.0,0.0
7.5,0.0,0.0,0.0
7.55,0.0,0.0,0.0
7.6,0.0,0.0,0.0
7.65,0.0,0.0,0.0
7.7,0.0,0.0,0.0
7.75,0.0,0.0,0.0
7.8,0.0,0.0,0.0
7.85,0.0,0.0,0.0
7.9,0.0,0.0,0.0
7.95,0.0,0.0,0.0
8.0,0.0,0.0,0.0
8.05,0.0,0.0,0.0
8.1,0.0,0.0,0.0
8.15,0.0,0.0,0.0
8.2,0.0,0.0,0.0
8.25,0.0,0.0,0.0
8.3,0.0,0.0,0.0
8.35,0.0,0.0,0.0
8.4,0.0,0.0,0.0
8.45,0.0,0.0,0.0
8.5,0.0,0.0,0.0
8.55,0.0,0.0,0.0
8.6,0.0,0.0,0.0
8.65,0.0,0.0,0.0
8.7,0.0,0.0,0.0
8.75,0.0,0.0,0.0
8.8,0.0,0.0,0.0
8.85,0.0,0.0,0.0
8.9,0.0,0.0,0.0
8.95,0.0,0.0,0.0
9.0,0.0,0.0,0.0
9.05,0.0,0.0,0.0
9.1,0.0,0.0,0.0
9.15,0.0,0.0,0.0
9.2,0.0,0.0,0.0
9.25,0.0,0.0,0.0
9.3,0.0,0.0,0.0
9.35,0.0,0.0,0.0
9.4,0.0,0.0,0.0
9.45,0.0,0.0,0.0
9.5,0.0,0.0,0.0
9.55,0.0,0.0,0.0
9.6,0.0,0.0,0.0
9.65,0.0,0.0,0.0
9.7,0.0,0.0,0.0
9.75,0.0,0.0,0.0
9.8,0.0,0.0,0.0
9.85,0.0,0.0,0.0
9.9,0.0,0.0,0.0
9.95,0.0,0.0,0.0
10.0,0.0,0.0,0.0
10.05,0.0,0.0,0.0
10.1,0.0,0.0,0.0
10.15,0.0,0.0,0.0
10.2,0.0,0.0,0.0
10.25,0.0,0.0,0.0
10.3,0.0,0.0,0.0
10.35,0.0,0.0,0.0
10.4,0.0,0.0,0.0
10.45,0.0,0.0,0.0
10.5,0.0,0.0,0.0
10.55,0.0,0.0,0.0
10.6,0.0,0.0,0.0
10.65,0.0,0.0,0.0
10.7,0.0,0.0,0.0
10.75,0.0,0.0,0.0
10.8,0.0,0.0,0.0
10.85,0.0,0.0,0.0
10.9,0.0,0.0,0.0
10.95,0.0,0.0,0.0
11.0,0.0,0.0,0.0
11.05,0.0,0.0,0.0
11.1,0.0,0.0,0.0
11.15,0.0,0.0,0.0
11.2,0.0,0.0,0.0
11.25,0.0,0.0,0.0
11.3,0.0,0.0,0.0
11.35,0.0,0.0,0.0
11.4,0.0,0.0,0.0
11.45,0.0,0.0,0.0
11.5,0.0,0.0,0.0
11.55,0.0,0.0,0.0
11.6,0.0,0.0,0.0
11.65,0.0,0.0,0.0
11.7,0.0,0.0,0.0
11.75,0.0,0.0,0.0
11.8,0.0,0.0,0.0
11.85,0.0,0.0,0.0
11.9,0.0,0.0,0.0
11.95,0.0,0.0,0.0
12.0,0.0,0.0,0.0
12.05,0.0,0.0,0.0
12.1,0.0,0.0,0.0
12.15,0.0,0.0,0.0
12.2,0.0,0.0,0.0
12.25,0.0,0.0,0.0
12.3,0.0,0.0,0.0
12.35,0.0,0.0,0.0
12.4,0.0,0.0,0.0
12.45,0.0,0.0,0.0
12.5,0.0,0.0,0.0
12.55,0.0,0.0,0.0
12.6,0.0,0.0,0.0
12.65,0.0,0.0,0.0
12.7,0.0,0.0,0.0
12.75,0.0,0.0,0.0
12.8,0.0,0.0,0.0
12.85,0.0,0.0,0.0
12.9,0.0,0.0,0.0
12.95,0.0,0.0,0.0
13.0,0.0,0.0,0.0
13.05,0.0,0.0,0.0
13.1,0.0,0.0,0.0
13.15,0.0,0.0,0.0
13.2,0.0,0.0,0.0
13.25,0.0,0.0,0.0
13.3,0.0,0.0,0.0
13.35,0.0,0.0,0.0
13.4,0.0,0.0,0.0
13.45,0.0,0.0,0.0
13.5,0.0,0.0,0.0
13.55,0.0,0.0,0.0
13.6,0.0,0.0,0.0
13.65,0.0,0.0,0.0
13.7,0.0,0.0,0.0
13.75,0.0,0.0,0.0
13.8,0.0,0.0,0.0
13.85,0.0,0.0,0.0
13.9,0.0,0.0,0.0
13.95,0.0,0.0,0.0
14.0,0.0,0.0,0.0
14.05,0.0,0.0,0.0
14.1,0.0,0.0,0.0
14.15,0.0,0.0,0.0
14.2,0.0,0.0,0.0
14.25,0.0,0.0,0.0
14.3,0.0,0.0,0.0
14.35,0.0,0.0,0.0
14.4,0.0,0.0,0.0
14.45,0.0,0.0,0.0
14.5,0.0,0.0,0.0
14.55,0.0,0.0,0.0
14.6,0.0,0.0,0.0
14.65,0.0,0.0,0.0
14.7,0.0,0.0,0.0
14.75,0.0,0.0,0.0
14.8,0.0,0.0,0.0
14.85,0.0,0.0,0.0
14.9,0.0,0.0,0.0
14.95,0.0,0.0,0.0
15.0,0.0,0.0,0.0
15.05,0.0,0.0,0.0
15.1,0.0,0.0,0.0
15.15,0.0,0.0,0.0
15.2,0.0,0.0,0.0
15.25,0.0,0.0,0.0
15.3,0.0,0.0,0.0
15.35,0.0,0.0,0.0
15.4,0.0,0.0,0.0
15.45,0.0,0.0,0.0
15.5,0.0,0.0,0.0
15.55,0.0,0.0,0.0
15.6,0.0,0.0,0.0
15.65,0.0,0.0,0.0
15.7,0.0,0.0,0.0
15.75,0.0,0.0,0.0
15.8,0.0,0.0,0.0
15.85,0.0,0.0,0.0
15.9,0.0,0.0,0.0
15.95,0.0,0.0,0.0
16.0,0.0,0.0,0.0
16.05,0.0,0.0,0.0
16.1,0.0,0.0,0.0
16.15,0.0,0.0,0.0
16.2,0.0,0.0,0.0
16.25,0.0,0.0,0.0
16.3,0.0,0.0,0.0
16.35,0.0,0.0,0.0
16.4,0.0,0.0,0.0
16.45,0.0,0.0,0.0
16.5,0.0,0.0,0.0
16.55,0.0,0.0,0.0
16.6,0.0,0.0,0.0
16.65,0.0,0.0,0.0
16.7,0.0,0.0,0.0
16.75,0.0,0.0,0.0
16.8,0.0,0.0,0.0
16.85,0.0,0.0,0.0
16.9,0.0,0.0,0.0
16.95,0.0,0.0,0.0
17.0,0.0,0.0,0.0
17.05,0.0,0.0,0.0
17.1,0.0,0.0,0.0
17.15,0.0,0.0,0.0
17.2,0.0,0.0,0.0
17.25,0.0,0.0,0.0
17.3,0.0,0.0,0.0
17.35,0.0,0.0,0.0
17.4,0.0,0.0,0.0
17.45,0.0,0.0,0.0
17.5,0.0,0.0,0.0
17.55,0.0,0.0,0.0
17.6,0.0,0.0,0.0
17.65,0.0,0.0,0.0
17.7,0.0,0.0,0.0
17.75,0.0,0.0,0.0
17.8,0.0,0.0,0.0
17.85,0.0,0.0,0.0
17.9,0.0,0.0,0.0
17.95,0.0,0.0,0.0
18.0,0.0,0.0,0.0
18.05,0.0,0.0,0.0
18.1,0.0,0.0,0.0
18.15,0.0,0.0,0.0
18.2,0.0,0.0,0.0
18.25,0.0,0.0,0.0
18.3,0.0,0.0,0.0
18.35,0.0,0.0,0.0
18.4,0.0,0.0,0.0
18.45,0.0,0.0,0.0
18.5,0.0,0.0,0.0
18.55,0.0,0.0,0.0
18.6,0.0,0.0,0.0
18.65,0.0,0.0,0.0
18.7,0.0,0.0,0.0
18.75,0.0,0.0,0.0
18.8,0.0,0.0,0.0
18.85,0.0,0.0,0.0
18.9,0.0,0.0,0.0
18.95,0.0,0.0,0.0
19.0,0.0,0.0,0.0
19.05,0.0,0.0,0.0
19.1,0.0,0.0,0.0
19.15,0.0,0.0,0.0
19.2,0.0,0.0,0.0
19.25,0.0,0.0,0.0
19.3,0.0,0.0,0.0
19.35,0.0,0.0,0.0
19.4,0.0,0.0,0.0
19.45,0.0,0.0,0.0
19.5,0.0,0.0,0.0
19.55,0.0,0.0,0.0
19.6,0.0,0.0,0.0
19.65,0.0,0.0,0.0
19.7,0.0,0.0,0.0
19.75,0.0,0.0,0.0
19.8,0.0,0.0,0.0
19.85,0.0,0.0,0.0
19.9,0.0,0.0,0.0
19.95,0.0,0.0,0.0
20.0,0.0,0.0,0.0
20.05,0.0,0.0,0.0
20.1,0.0,0.0,0.0
20.15,0.0,0.0,0.0
20.2,0.0,0.0,0.0
20.25,0.0,0.0,0.0
20.3,0.0,0.0,0.0
20.35,0.0,0.0,0.0
20.4,0.0,0.0,0.0
20.45,0.0,0.0,0.0
20.5,0.0,0.0,0.0
20.55,0.0,0.0,0.0
20.6,0.0,0.0,0.0
20.65,0.0,0.0,0.0
20.7,0.0,0.0,0.0
20.75,0.0,0.0,0.0
20.8,0.0,0.0,0.0
20.85,0.0,0.0,0.0
20.9,0.0,0.0,0.0
20.95,0.0,0.0,0.0
21.0,0.0,0.0,0.0
21.05,0.0,0.0,0.0
21.1,0.0,0.0,0.0
21.15,0.0,0.0,0.0
21.2,0.0,0.0,0.0
21.25,0.0,0.0,0.0
21.3,0.0,0.0,0.0
21.35,0.0,0.0,0.0
21.4,0.0,0.0,0.0
21.45,0.0,0.0,0.0
21.5,0.0,0.0,0.0
21.55,0.0,0.0,0.0
21.6,0.0,0.0,0.0
21.65,0.0,0.0,0.0
21.7,0.0,0.0,0.0
21.75,0.0,0.0,0.0
21.8,0.0,0.0,0.0
21.85,0.0,0.0,0.0
21.9,0.0,0.0,0.0
21.95,0.0,0.0,0.0
22.0,0.0,0.0,0.0
22.05,0.0,0.0,0.0
22.1,0.0,0.0,0.0
22.15,0.0,0.0,0.0
22.2,0.0,0.0,0.0
22.25,0.0,0.0,0.0
22.3,0.0,0.0,0.0
22.35,0.0,0.0,0.0
22.4,0.0,0.0,0.0
22.45,0.0,0.0,0.0
22.5,0.0,0.0,0.0
22.55,0.0,0.0,0.0
22.6,0.0,0.0,0.0
22.65,0.0,0.0,0.0
22.7,0.0,0.0,0.0
22.75,0.0,0.0,0.0
22.8,0.0,0.0,0.0
22.85,0.0,0.0,0.0
22.9,0.0,0.0,0.0
22.95,0.0,0.0,0.0
23.0,0.0,0.0,0.0
23.05,0.0,0.0,0.0
23.1,0.0,0.0,0.0
23.15,0.0,0.0,0.0
23.2,0.0,0.0,0.0
23.25,0.0,0.0,0.0
23.3,0.0,0.0,0.0
23.35,0.0,0.0,0.0
23.4,0.0,0.0,0.0
23.45,0.0,0.0,0.0
23.5,0.0,0.0,0.0
23.55,0.0,0.0,0.0
23.6,0.0,0.0,0.0
23.65,0.0,0.0,0.0
23.7,0.0,0.0,0.0
23.75,0.0,0.0,0.0
23.8,0.0,0.0,0.0
23.85,0.0,0.0,0.0
23.9,0.0,0.0,0.0
23.95,0.0,0.0,0.0
24.0,0.0,0.0,0.0
24.05,0.0,0.0,0.0
24.1,0.0,0.0,0.0
24.15,0.0,0.0,0.0
24.2,0.0,0.0,0.0
24.25,0.0,0.0,0.0
24.3,0.0,0.0,0.0
24.35,0.0,0.0,0.0
24.4,0.0,0.0,0.0
24.45,0.0,0.0,0.0
24.5,0.0,0.0,0.0
24.55,0.0,0.0,0.0
24.6,0.0,0.0,0.0
24.65,0.0,0.0,0.0
24.7,0.0,0.0,0.0
24.75,0.0,0.0,0.0
24.8,0.0,0.0,0.0
24.85,0.0,0.0,0.0
24.9,0.0,0.0,0.0
24.95,0.0,0.0,0.0
25.0,0.0,0.0,0.0
25.05,0.0,0.0,0.0
25.1,0.0,0.0,0.0
25.15,0.0,0.0,0.0
25.2,0.0,0.0,0.0
25.25,0.0,0.0,0.0
25.3,0.0,0.0,0.0
25.35,0.0,0.0,0.0
25.4,0.0,0.0,0.0
25.45,0.0,0.0,0.0
25.5,0.0,0.0,0.0
25.55,0.0,0.0,0.0
25.6,0.0,0.0,0.0
25.65,0.0,0.0,0.0
25.7,0.0,0.0,0.0
25.75,0.0,0.0,0.0
25.8,0.0,0.0,0.0
25.85,0.0,0.0,0.0
25.9,0.0,0.0,0.0
25.95,0.0,0.0,0.0
26.0,0.0,0.0,0.0
26.05,0.0,0.0,0.0
26.1,0.0,0.0,0.0
26.15,0.0,0.0,0.0
26.2,0.0,0.0,0.0
26.25,0.0,0.0,0.0
26.3,0.0,0.0,0.0
26.35,0.0,0.0,0.0
26.4,0.0,0.0,0.0
26.45,0.0,0.0,0.0
26.5,0.0,0.0,0.0
26.55,0.0,0.0,0.0
26.6,0.0,0.0,0.0
26.65,0.0,0.0,0.0
26.7,0.0,0.0,0.0
26.75,0.0,0.0,0.0
26.8,0.0,0.0,0.0
26.85,0.0,0.0,1.1408651801e-17
26.9,0.0,0.0,1.54171280047e-05
26.95,0.0,0.0,2.73165166123e-05
27.0,0.0,0.0,3.65008021347e-05
27.05,0.0,0.0,4.35894869322e-05
27.1,0.0,0.0,5.6769287782e-05
27.15,0.0,0.0,8.23589530151e-05
27.2,0.0,0.0,0.000102109781123
27.25,0.0,0.0,0.000117354013992
27.3,0.0,0.0,0.0001291199207
27.35,0.0,0.0,0.000138201153072
27.4,0.0,0.0,0.000152918801929
27.45,0.0,0.0,0.000164278288056
27.5,0.0,0.0,0.000173045842978
27.55,0.0,0.0,0.000179812869311
27.6,0.0,0.0,0.000185035810985
27.65,0.0,0.0,0.000204484098164
27.7,0.0,0.0,0.000219494843057
27.75,0.0,0.0,0.000231080554015
27.8,0.0,0.0,0.000240022719348
27.85,0.0,0.0,0.000246812094557
27.9,0.0,0.0,0.000251451622863
27.95,0.0,0.0,0.000254900785982
28.0,0.0,0.0,0.000257432357533
28.05,0.0,0.0,0.000259200650926
28.1,0.0,0.0,0.000260024427514
28.15,0.0,0.0,0.000267575081091
28.2,0.0,0.0,0.000273079852502
28.25,0.0,0.0,0.000277008406956
28.3,0.0,0.0,0.000279723223284
28.35,0.0,0.0,0.000281447838565
28.4,0.0,0.0,0.000282167459389
28.45,0.0,0.0,0.000282348139325
28.5,0.0,0.0,0.000282116167376
28.55,0.0,0.0,0.000281568988323
28.6,0.0,0.0,0.000280669664643
28.65,0.0,0.0,0.000279013883525
28.7,0.0,0.0,0.000277245916762
28.75,0.0,0.0,0.000275395699118
28.8,0.0,0.0,0.000273486297468
28.85,0.0,0.0,0.000271535478118
28.9,0.0,0.0,0.00026955777467
28.95,0.0,0.0,0.000267562830204
29.0,0.0,0.0,0.000265558726802
29.05,0.0,0.0,0.000263551666296
29.1,0.0,0.0,0.000261490465385
29.15,0.0,0.0,0.000259148339157
29.2,0.0,0.0,0.000256826932946
29.25,0.0,0.0,0.000254526066299
29.3,0.0,0.0,0.000252245560305
29.35,0.0,0.0,0.00024998523758
29.4,0.0,0.0,0.000247745706541
29.45,0.0,0.0,0.000245525992924
29.5,0.0,0.0,0.000243559564882
29.55,0.0,0.0,0.0002433713062
29.6,0.0,0.0,0.000242798545545
29.65,0.0,0.0,0.000241934165387
29.7,0.0,0.0,0.000241096016971
29.75,0.0,0.0,0.000241461742111
29.8,0.0,0.0,0.00024138583165
29.85,0.0,0.0,0.000240972224965
29.9,0.0,0.0,0.000240301835076
29.95,0.0,0.0,0.000239435801588
30.0,0.0,0.0,0.000238421851269
30.05,0.0,0.0,0.000237296789757
30.1,0.0,0.0,0.000236089008028
30.15,0.0,0.0,0.000234821381034
30.2,0.0,0.0,0.00023350975694
30.25,0.0,0.0,0.000232167121222
30.3,0.0,0.0,0.000230803478508
30.35,0.0,0.0,0.000229426520698
30.4,0.0,0.0,0.000228042814474
30.45,0.0,0.0,0.000226656229405
30.5,0.0,0.0,0.000225257403526
30.55,0.0,0.0,0.000223562730878
30.6,0.0,0.0,0.00022206309128
30.65,0.0,0.0,0.000223575629982
30.7,0.0,0.0,0.000224585135997
30.75,0.0,0.0,0.000235569650846
30.8,0.0,0.0,0.000243697368974
30.85,0.0,0.0,0.000249623223821
30.9,0.0,0.0,0.000253852900101
30.95,0.0,0.0,0.00025677629603
31.0,0.0,0.0,0.000258694487917
31.05,0.0,0.0,0.000259840134882
31.1,0.0,0.0,0.000260392237541
31.15,0.0,0.0,0.00026048999117
31.2,0.0,0.0,0.000260412804739
31.25,0.0,0.0,0.000263357438912
31.3,0.0,0.0,0.000265347617725
31.35,0.0,0.0,0.000266603619331
31.4,0.0,0.0,0.000267295633676
31.45,0.0,0.0,0.000267554650762
31.5,0.0,0.0,0.000267661853632
31.55,0.0,0.0,0.000270641168304
31.6,0.0,0.0,0.000272690121606
31.65,0.0,0.0,0.000273743616028
31.7,0.0,0.0,0.000274187286648
31.75,0.0,0.0,0.000273639846424
31.8,0.0,0.0,0.000272799735645
31.85,0.0,0.0,0.000271737429715
31.9,0.0,0.0,0.000270507468418
31.95,0.0,0.0,0.000269151598458
32.0,0.0,0.0,0.000267882098515
32.05,0.0,0.0,0.000269669669853
32.1,0.0,0.0,0.000270692697881
32.15,0.0,0.0,0.000271129252477
32.2,0.0,0.0,0.000271091926366
32.25,0.0,0.0,0.000270415197255
32.3,0.0,0.0,0.000269482799021
32.35,0.0,0.0,0.000268575292963
32.4,0.0,0.0,0.000269887254005
32.45,0.0,0.0,0.000272585534555
32.5,0.0,0.0,0.000274345544951
32.55,0.0,0.0,0.000275105175568
32.6,0.0,0.0,0.000275330810128
32.65,0.0,0.0,0.000275147910969
32.7,0.0,0.0,0.000274652522357
32.75,0.0,0.0,0.000273919943055
32.8,0.0,0.0,0.000273006721584
32.85,0.0,0.0,0.000271957154437
32.9,0.0,0.0,0.0002708055464
32.95,0.0,0.0,0.000269578090698
33.0,0.0,0.0,0.000268272295291
33.05,0.0,0.0,0.000266630471034
33.1,0.0,0.0,0.00026496748029
33.15,0.0,0.0,0.000263292047003
33.2,0.0,0.0,0.000261610175963
33.25,0.0,0.0,0.000259927564943
33.3,0.0,0.0,0.000258247172316
33.35,0.0,0.0,0.000256556247341
33.4,0.0,0.0,0.000254559878382
33.45,0.0,0.0,0.000252279205909
33.5,0.0,0.0,0.000250018716669
33.55,0.0,0.0,0.000247778818152
33.6,0.0,0.0,0.000245558741054
33.65,0.0,0.0,0.00024335866876
33.7,0.0,0.0,0.000241178066895
33.75,0.0,0.0,0.000239017484684
33.8,0.0,0.0,0.000236876020748
33.85,0.0,0.0,0.000234753508537
33.9,0.0,0.0,0.000232650211372
33.95,0.0,0.0,0.000230565833675
34.0,0.0,0.0,0.000228499902066
34.05,0.0,0.0,0.000226452788958
34.1,0.0,0.0,0.000224423791265
34.15,0.0,0.0,0.000222413076586
34.2,0.0,0.0,0.000220420156539
34.25,0.0,0.0,0.000218445533078
34.3,0.0,0.0,0.000216488382404
34.35,0.0,0.0,0.000214548552303
34.4,0.0,0.0,0.000212626283433
34.45,0.0,0.0,0.000210721305654
34.5,0.0,0.0,0.000208833186329
34.55,0.0,0.0,0.000206962265821
34.6,0.0,0.0,0.000205107901554
34.65,0.0,0.0,0.000203270246704
34.7,0.0,0.0,0.000201448854923
34.75,0.0,0.0,0.000199644184963
34.8,0.0,0.0,0.000197855483928
34.85,0.0,0.0,0.000196082612705
34.9,0.0,0.0,0.000194325791238
34.95,0.0,0.0,0.000192584772638
35.0,0.0,0.0,0.000190859161506
35.05,0.0,0.0,0.000189149268908
35.1,0.0,0.0,0.000187454507576
35.15,0.0,0.0,0.000185775017501
35.2,0.0,0.0,0.000184110390751
35.25,0.0,0.0,0.000182461046596
35.3,0.0,0.0,0.000180826296939
35.35,0.0,0.0,0.00017920601464
35.4,0.0,0.0,0.000177600400714
35.45,0.0,0.0,0.000176009229522
35.5,0.0,0.0,0.000174432139695
35.55,0.0,0.0,0.000172869415526
35.6,0.0,0.0,0.000171320520293
35.65,0.0,0.0,0.000169785581938
35.7,0.0,0.0,0.00016826422764
35.75,0.0,0.0,0.000166756840581
35.8,0.0,0.0,0.00016526279189
35.85,0.0,0.0,0.000163781965368
35.9,0.0,0.0,0.00016231454473
35.95,0.0,0.0,0.000160860323756
36.0,0.0,0.0,0.000159418972181
36.05,0.0,0.0,0.000157990749829
36.1,0.0,0.0,0.000156575166173
36.15,0.0,0.0,0.000155172338143
36.2,0.0,0.0,0.000153781925006
36.25,0.0,0.0,0.000152404276964
36.3,0.0,0.0,0.000151038819273
36.35,0.0,0.0,0.000149685445735
36.4,0.0,0.0,0.000148344324252
36.45,0.0,0.0,0.000147015266354
36.5,0.0,0.0,0.0001456979702
36.55,0.0,0.0,0.000144392673253
36.6,0.0,0.0,0.000143098927204
36.65,0.0,0.0,0.00014181683892
36.7,0.0,0.0,0.000140546096994
36.75,0.0,0.0,0.000139287021486
36.8,0.0,0.0,0.00013803908712
36.85,0.0,0.0,0.000136802196838
36.9,0.0,0.0,0.000135576504091
36.95,0.0,0.0,0.000134361836631
37.0,0.0,0.0,0.000133157918596
37.05,0.0,0.0,0.000131964967011
37.1,0.0,0.0,0.000130782572151
37.15,0.0,0.0,0.000129610831686
37.2,0.0,0.0,0.000128449461011
37.25,0.0,0.0,0.00012729875264
37.3,0.0,0.0,0.000126158226505
37.35,0.0,0.0,0.000125027793904
37.4,0.0,0.0,0.000123907595079
37.45,0.0,0.0,0.000122797472608
37.5,0.0,0.0,0.000121697174371
37.55,0.0,0.0,0.000120606898714
37.6,0.0,0.0,0.000119526271179
37.65,0.0,0.0,0.000118455381026
37.7,0.0,0.0,0.000117393968149
37.75,0.0,0.0,0.000116342299884
37.8,4.31987778882e-16,8.11627183673e-17,0.000115299937482
37.85,0.00015976166588,1.88266055059e-06,0.000114266799875
37.9,0.000309591338023,3.82093081692e-06,0.000113243015235
37.95,0.00045002995185,5.87689933992e-06,0.000112228439689
38.0,0.000581717284226,8.11606987042e-06,0.000111222842817
38.05,0.000705169808652,1.0616773694e-05,0.000110226405894
38.1,0.000820911492085,1.3428046064e-05,0.000109238786689
38.15,0.000929432271454,1.66386966532e-05,0.000108260066783
38.2,0.00103115903177,2.0317745197e-05,0.000107290008454
38.25,0.00112655396809,2.4537355083e-05,0.00010632885603
38.3,0.00121596276641,2.93976699532e-05,0.000105376208524
38.35,0.00129981307429,3.49632668442e-05,0.000104431991847
38.4,0.00137840169754,4.13426612532e-05,0.000103496323137
38.45,0.00145209890314,4.86299700603e-05,0.000102569070906
38.5,0.00152118225132,5.69015359343e-05,0.000101650024565
38.55,0.00158595569749,6.62809531601e-05,0.000100739349787
38.6,0.00164668335969,7.68325106488e-05,9.98367337966e-05
38.65,0.00170361354669,8.86680673141e-05,9.89422511527e-05
38.7,0.00175699608695,0.00010187802666,9.80556845944e-05
38.75,0.00180703269273,0.000116507629683,9.717725742e-05
38.8,0.00180703269273,0.000126273076775,9.63066031561e-05
38.85,0.00178995143081,0.000136199016179,9.54436540886e-05
38.9,0.00177303118494,0.000146164645867,9.45885172761e-05
38.95,0.001756270442,0.000156124324602,9.37410725452e-05
39.0,0.00173966770303,0.000166032722652,9.29011274336e-05
39.05,0.00172322148312,0.000175851716672,9.20688333541e-05
39.1,0.00170693031124,0.000185548445406,9.12439044523e-05
39.15,0.00169079273016,0.000195089339714,9.04264088694e-05
39.2,0.0016748072963,0.000204446977078,8.9616148044e-05
39.25,0.00165897257958,0.000213600512917,8.88133260553e-05
39.3,0.00164328716335,0.000222534024071,8.80176079719e-05
39.35,0.00162774964419,0.000231233855905,8.72289319079e-05
39.4,0.00161235863185,0.000239690477021,8.64473957072e-05
39.45,0.00159711274911,0.000247906267422,8.56728895398e-05
39.5,0.00158201063163,0.000255881866722,8.49052375084e-05
39.55,0.00156705092787,0.00026362681625,8.41445779939e-05
39.6,0.00155223229895,0.000271157629662,8.33906497449e-05
39.65,0.00153755341853,0.000278497316,8.26435150379e-05
39.7,0.0015230129727,0.000285681542209,8.19029924013e-05
39.75,0.00150860965985,0.000292746227403,8.11692683496e-05
39.8,0.00149434219059,0.000299744818239,8.04420367785e-05
39.85,0.00148021668502,0.000306740923742,7.97212411285e-05
39.9,0.00146622433315,0.000313814295686,7.90069708223e-05
39.95,0.00145236388369,0.000321064793412,7.82991254827e-05
40.0,0.00143863409705,0.000328621475861,7.75975443518e-05
40.05,0.00142503374527,0.000336655267443,7.69023539001e-05
40.1,0.00141156161188,0.000345397019217,7.62133153619e-05
40.15,0.00139821649181,0.000355177732203,7.55304856535e-05
40.2,0.00138499719127,0.000366491230276,7.48536989225e-05
40.25,0.00137190252765,0.000380115844793,7.41831256303e-05
40.3,0.00135893132942,0.000397364044272,7.35184860186e-05
40.35,0.00134608243603,0.000420630409657,7.28597283959e-05
40.4,0.0013333546978,0.000454698001527,7.22069344883e-05
40.45,0.00132074697581,0.00051010870925,7.15600125581e-05
40.5,0.00130825814182,0.000610596783774,7.09188156836e-05
40.55,0.00129588707816,0.000782347981703,7.028345945e-05
40.6,0.00128363267762,0.000920414955402,6.96537256421e-05
40.65,0.00127149384338,0.00095451291499,6.90296662774e-05
40.7,0.00125946948889,0.000960483327653,6.84111297782e-05
40.75,0.00124755853777,0.000961331411731,6.77982719344e-05
40.8,0.00123575992375,0.000960789489312,6.71908370663e-05
40.85,0.00122407870789,0.000959525417995,6.65887779314e-05
40.9,0.00121250760471,0.000957556504376,6.59921692217e-05
40.95,0.00120104557942,0.000954674249209,6.54009270953e-05
41.0,0.00118969160696,0.000950506864747,6.48149172757e-05
41.05,0.00117844467183,0.000944492427391,6.42342454001e-05
41.1,0.00116730376807,0.000935816755938,6.36587120347e-05
41.15,0.00115626789914,0.000923354995074,6.30883647198e-05
41.2,0.00114533607781,0.000905650080582,6.25230649239e-05
41.25,0.00113450732612,0.00088101656482,6.19629550284e-05
41.3,0.00112378067527,0.000847815253512,6.14078013594e-05
41.35,0.00111315516552,0.000805029346856,6.08575607406e-05
41.4,0.00110262984613,0.000753091572504,6.03123014354e-05
41.45,0.00109220377527,0.000694313852291,5.9771946818e-05
41.5,0.00108187601993,0.000631270245779,5.92363741691e-05
41.55,0.00107164565584,0.00056478775931,5.87056800335e-05
41.6,0.00106151176739,0.000494649834206,5.81796821427e-05
41.65,0.00105147344754,0.000421894190789,5.76584239452e-05
41.7,0.00104152979776,0.000350630516005,5.71417788327e-05
41.75,0.00103167992794,0.000287240400495,5.6629876932e-05
41.8,0.0010219229563,0.000236500546608,5.61225046813e-05
41.85,0.00101226306816,0.000198943058876,5.56196226203e-05
41.9,0.00100269423869,0.000172221884372,5.51212931373e-05
41.95,0.000993215612187,0.000153454779494,5.46274462014e-05
42.0,0.000983826340949,0.000140312471935,5.41379696555e-05
42.05,0.000974525585217,0.000131157878038,5.36529517352e-05
42.1,0.000965312513093,0.000124870386564,5.31722258594e-05
42.15,0.000956186300475,0.000120695169347,5.26958317371e-05
42.2,0.000947146130977,0.000118107043248,5.22236536571e-05
42.25,0.00093819119586,0.000116737252492,5.17558105462e-05
42.3,0.000929320693961,0.000116320200363,5.12921072238e-05
42.35,0.000920533831622,0.000116661149711,5.08325076258e-05
42.4,0.000911829822618,0.000117611637756,5.03770687706e-05
42.45,0.000903207888091,0.000119059796596,4.99257266552e-05
42.5,0.000894667256479,0.000120916394541,4.94783787754e-05
42.55,0.000886207163449,0.000123109899054,4.90351057727e-05
42.6,0.000877826851828,0.000125584044708,4.85957554032e-05
42.65,0.000869525571539,0.000128291877983,4.81603639584e-05
42.7,0.00086130257953,0.000131192280719,4.7728825686e-05
42.75,0.000853157139714,0.000134251991629,4.73012492772e-05
42.8,0.000845088522901,0.000137442300616,4.68774563501e-05
42.85,0.000837100190166,0.000140738327202,4.64574139447e-05
42.9,0.000829187159237,0.00014411844633,4.6041174172e-05
42.95,0.000821348722473,0.00014756373385,4.56286785375e-05
43.0,0.000813584178862,0.000151057585621,4.52198333595e-05
43.05,0.000805892833957,0.000154585375778,4.48147123387e-05
43.1,0.000798273999812,0.000158134166845,4.44131763348e-05
43.15,0.00079072699493,0.000161692475866,4.40152585156e-05
43.2,0.000783251144191,0.000165250070025,4.36208622308e-05
43.25,0.000775845778802,0.000168797802242,4.32300868167e-05
43.3,0.000768510236234,0.000172327465214,4.28427692445e-05
43.35,0.000761243860163,0.000175831733454,4.24588793911e-05
43.4,0.000754046000416,0.000179304443391,4.20784648823e-05
43.45,0.000746916012906,0.000182739072403,4.17014722581e-05
43.5,0.000739853259585,0.000186134249481,4.13278159e-05
43.55,0.00073285710838,0.0001894826508,4.09575631653e-05
43.6,0.00072592693314,0.000192779009657,4.05905868893e-05
43.65,0.000719062113581,0.000196026258268,4.02269173851e-05
43.7,0.000712262035231,0.000199214918027,3.98664663212e-05
43.75,0.000705526089376,0.000202348394601,3.95093244838e-05
43.8,0.000698853673004,0.000205419368825,3.9155342876e-05
43.85,0.000692247648284,0.000208433318939,3.88044939672e-05
43.9,0.00068570389508,0.000211382992297,3.84568212843e-05
43.95,0.000679221828202,0.000214269849922,3.81122759684e-05
44.0,0.000672800867942,0.000217096061595,3.77707797702e-05
44.05,0.00066644044002,0.000219858029085,3.74323942495e-05
44.1,0.000660139975534,0.000222556339924,3.70970031866e-05
44.15,0.000653898910913,0.000225191737067,3.67646342856e-05
44.2,0.00064771668786,0.000227766252975,3.64352068175e-05
44.25,0.000641592753312,0.000230280270341,3.61088037547e-05
44.3,0.000635526559383,0.000232733842934,3.57852889243e-05
44.35,0.00062951756332,0.000235128235722,3.54646371653e-05
44.4,0.000623565227457,0.000237464819515,3.51468882581e-05
44.45,0.000617669019162,0.000239745061798,3.48319975492e-05
44.5,0.000611828410792,0.000241970524718,3.4519893524e-05
44.55,0.00060604287965,0.000244142861408,3.4210632444e-05
44.6,0.000600311907936,0.000246264678193,3.39041080923e-05
44.65,0.000594634982699,0.000248338171603,3.36003457887e-05
44.7,0.000589011595796,0.000250364359704,3.32992717523e-05
44.75,0.000583441243845,0.000252345191736,3.30009618143e-05
44.8,0.00057792342818,0.000254282687437,3.27052915219e-05
44.85,0.000572460515699,0.000256178945948,3.24122378797e-05
44.9,0.000567049099217,0.000258039939279,3.21218372443e-05
44.95,0.000561688694805,0.000259865210382,3.18340488055e-05
45.0,0.00055637882307,0.000261656267458,3.15488072038e-05
45.05,0.000551119009104,0.00026341566243,3.12661638584e-05
45.1,0.000545908782449,0.000265150149919,3.09860216944e-05
45.15,0.000540747677055,0.000266858025245,3.07084038522e-05
45.2,0.000535635231233,0.000268541941283,3.04332429013e-05
45.25,0.000530570987623,0.000270208961518,3.0160608146e-05
45.3,0.000525554493145,0.000271858535042,2.98903858452e-05
45.35,0.000520585298966,0.000273492930111,2.96225549827e-05
45.4,0.000515662960455,0.000275120214737,2.93571487858e-05
45.45,0.000510787037149,0.000276739296621,2.90941299568e-05
45.5,0.00050595709271,0.000278353960523,2.88334387617e-05
45.55,0.000501172694888,0.000279972059115,2.8575122194e-05
45.6,0.000496433415483,0.000281592910845,2.8319091534e-05
45.65,0.000491738830305,0.000283222813476,2.80653679304e-05
45.7,0.000487088519142,0.000284867800103,2.78138897564e-05
45.75,0.000482482065717,0.000286529672075,2.75647203514e-05
45.8,0.000477919057654,0.000288216811045,2.73177557638e-05
45.85,0.000473401452279,0.000289934715057,2.70729767861e-05
45.9,0.000468926431992,0.000291688100846,2.6830413786e-05
45.95,0.000464493596602,0.000293487014095,2.65900326759e-05
46.0,0.00046010254967,0.00029533956478,2.63517788629e-05
46.05,0.000455752898468,0.000297253591068,2.6115695296e-05
46.1,0.000451444253946,0.000299240380935,2.58817008915e-05
46.15,0.000447176230699,0.00030131573928,2.56498149777e-05
46.2,0.00044294844693,0.00030349175133,2.54199812321e-05
46.25,0.00043876052442,0.000305786021833,2.51922575424e-05
46.3,0.000434612088491,0.000308219656581,2.49665489041e-05
46.35,0.000430502767976,0.000310817988991,2.47428377629e-05
46.4,0.000426432195185,0.0003136122776,2.45211518728e-05
46.45,0.000422400005871,0.000316640390572,2.43014600798e-05
46.5,0.0004184058392,0.000319948971752,2.40837124902e-05
46.55,0.000414449337721,0.000323597782604,2.38679483561e-05
46.6,0.000410530147328,0.000327668226077,2.36540935726e-05
46.65,0.000406647917235,0.000332260380837,2.34421658046e-05
46.7,0.000402802299943,0.00033751927519,2.3232113577e-05
46.75,0.000398992951208,0.000343638601336,2.30239897954e-05
46.8,0.000395219530012,0.000350903770823,2.28177076321e-05
46.85,0.000391483654984,0.000359736135038,2.26132510437e-05
46.9,0.000387782996083,0.000370797855921,2.24106453953e-05
46.95,0.000384117222368,0.000385186550828,2.22098622146e-05
47.0,0.000380486006,0.000404836572623,2.20108559019e-05
47.05,0.000376889022209,0.000433464117371,2.18136623311e-05
47.1,0.000373325949267,0.000478836233327,2.16182137753e-05
47.15,0.000369796468459,0.000557906201813,2.14245263791e-05
47.2,0.000366300264055,0.000696915041561,2.12325530978e-05
47.25,0.000362837023283,0.000849717767181,2.10423422834e-05
47.3,0.0003594064363,0.000906155195016,2.08538145813e-05
47.35,0.000356008196166,0.000917364823723,2.06669553292e-05
47.4,0.000352641998816,0.000919513247203,2.04817877088e-05
47.45,0.000349307543032,0.000919376170915,2.02982856985e-05
47.5,0.000346004530422,0.000918232790952,2.01164076232e-05
47.55,0.000342732665385,0.000916249867408,1.99361862693e-05
47.6,0.000339491655092,0.000913246147782,1.97575597391e-05
47.65,0.000336281209457,0.000908826264486,1.95805427875e-05
47.7,0.000333101041111,0.00090236632236,1.9405092419e-05
47.75,0.000329950865381,0.00089295517055,1.92312528239e-05
47.8,0.000326830400256,0.000879334728237,1.90589514778e-05
47.85,0.000323740984279,0.000859910150742,1.88881749799e-05
47.9,0.000320680690599,0.000832903826836,1.87189445172e-05
47.95,0.000317649245542,0.000796743802783,1.85512363074e-05
48.0,0.000314646378,0.000750781668472,1.83850122625e-05
48.05,0.000311671819399,0.000696180344751,1.82203023469e-05
48.1,0.000308725303685,0.000635676049443,1.80570499904e-05
48.15,0.000305806567292,0.000571223474634,1.78952686781e-05
48.2,0.000302915349126,0.000502989536234,1.77349191148e-05
48.25,0.000300051390537,0.000431171484226,1.75760416876e-05
48.3,0.000297214435296,0.000358475138869,1.74185701141e-05
48.35,0.000294404229578,0.000290868629128,1.7262492147e-05
48.4,0.000291620521933,0.000234549874589,1.71078271496e-05
48.45,0.000288863063266,0.000191813639117,1.69545533867e-05
48.5,0.000286131606818,0.000160993124955,1.68026360483e-05
48.55,0.000283425908141,0.000139084705756,1.66521025199e-05
48.6,0.000280745725076,0.000123444496928,1.65029011002e-05
48.65,0.000278090817734,0.000112161200955,1.63550441137e-05
48.7,0.000275460948473,0.000103941873036,1.62084956473e-05
48.75,0.000272855881879,9.79148957195e-05,1.6063292612e-05
48.8,0.000270275384742,9.3487493884e-05,1.59193744301e-05
48.85,0.000267720563981,9.02490930541e-05,1.57767299087e-05
48.9,0.00026518982617,8.79104836019e-05,1.56353767443e-05
48.95,0.000262682944991,8.62609372957e-05,1.54952950724e-05
49.0,0.000260199696249,8.51455811608e-05,1.53564530793e-05
49.05,0.000257739857845,8.44501020287e-05,1.52188757933e-05
49.1,0.000255303209761,8.40874317426e-05,1.5082515963e-05
49.15,0.000252889534042,8.39897823212e-05,1.4947384852e-05
49.2,0.000250498614772,8.41052860675e-05,1.48134496384e-05
49.25,0.000248130238057,8.43917272793e-05,1.46807440562e-05
49.3,0.000245784192008,8.48168544804e-05,1.45492127417e-05
49.35,0.000243460266721,8.5354567104e-05,1.44188454651e-05
49.4,0.000241158254257,8.59827752775e-05,1.42896584e-05
49.45,0.000238877948627,8.66831227843e-05,1.41616333917e-05
49.5,0.000236619145768,8.74445467718e-05,1.40347413643e-05
49.55,0.000234381643533,8.82525375537e-05,1.39090051923e-05
49.6,0.000232165241667,8.90973737861e-05,1.37843816909e-05
49.65,0.000229969741791,8.99711256787e-05,1.36608811545e-05
49.7,0.000227794947385,9.08673395349e-05,1.3538473586e-05
49.75,0.00022564066377,9.17819203436e-05,1.34171898159e-05
49.8,0.000223506698093,9.27084430013e-05,1.32969792458e-05
49.85,0.000221393965729,9.36429675508e-05,1.31778325262e-05
49.9,0.00021930114898,9.45821631351e-05,1.30597644387e-05
49.95,0.000217228060692,9.55231955336e-05,1.2942758391e-05
50.0,0.000215174515462,9.6463650526e-05,1.28267878101e-05
50.05,0.000213140329626,9.74034478343e-05,1.27118736013e-05
50.1,0.000211125321237,9.83392471262e-05,1.2597976297e-05
50.15,0.000209129310055,9.92693003069e-05,1.24851053054e-05
50.2,0.000207152117526,0.000100192302802,1.23732332112e-05
50.25,0.000205193566769,0.000101107120806,1.22623881915e-05
50.3,0.00020325348256,0.000102015575025,1.21525240026e-05
50.35,0.000201331691317,0.000102914440967,1.20436321e-05
50.4,0.000199428021084,0.000103802729073,1.19357259928e-05
50.45,0.000197542301514,0.000104679771815,1.1828790517e-05
50.5,0.000195674363859,0.000105548795969,1.17228013865e-05
50.55,0.000193824040949,0.000106405614986,1.16177777075e-05
50.6,0.000191991167181,0.000107249777267,1.15136834091e-05
50.65,0.000190175578504,0.000108084042,1.141052709e-05
50.7,0.000188377112406,0.000108906220822,1.13082836943e-05
50.75,0.000186595607894,0.00010971474524,1.12069789741e-05
50.8,0.000184830905485,0.00011051341502,1.11065706657e-05
50.85,0.000183083762159,0.000111298826102,1.10070509601e-05
50.9,0.000181353088233,0.000112070915254,1.09084322037e-05
50.95,0.000179638728938,0.000112833021737,1.08107005375e-05
51.0,0.000177940530953,0.000113580546884,1.07138337659e-05
51.05,0.000176258342396,0.000114317733823,1.06178493504e-05
51.1,0.000174592012804,0.000115041164352,1.05227143249e-05
51.15,0.000172941393125,0.000115752575864,1.04284365479e-05
51.2,0.000171306335703,0.000116451724222,1.03349931201e-05
51.25,0.000169686694266,0.000117137838288,1.02424075771e-05
51.3,0.000168082323909,0.000117812563252,1.01506412928e-05
51.35,0.000166493081087,0.000118473884872,1.00596871303e-05
51.4,0.0001649188236,0.00011912407652,9.96955637336e-06
51.45,0.000163359410578,0.000119761125368,9.88023635586e-06
51.5,0.000161814702472,0.000120386693554,9.79170679242e-06
51.55,0.00016028456104,0.000120999993198,9.70398364184e-06
51.6,0.000158768849337,0.000121600860408,9.61703677527e-06
51.65,0.000157267431697,0.000122190932002,9.53087337475e-06
51.7,0.00015578017373,0.000122767027641,9.44547251206e-06
51.75,0.000154306942301,0.000123334385573,9.36085569699e-06
51.8,0.000152847605526,0.000123887617009,9.27698762803e-06
51.85,0.000151402789394,0.000124430766026,9.19386178245e-06
51.9,0.000149971592783,0.000124962168393,9.11148847293e-06
51.95,0.000148553887705,0.000125480557044,9.02985612347e-06
52.0,0.000147149547371,0.000125990617476,8.94894619463e-06
52.05,0.000145758446178,0.000126487527799,8.86877327164e-06
52.1,0.000144380459702,0.00012697334987,8.78930981882e-06
52.15,0.000143015464682,0.000127449739064,8.71056240006e-06
52.2,0.000141663339012,0.000127913549512,8.63251188839e-06
52.25,0.000140323961732,0.000128367084167,8.5551779423e-06
52.3,0.000138997213011,0.000128811155132,8.47852829863e-06
52.35,0.000137682974143,0.000129243194554,8.40255699605e-06
52.4,0.000136381127535,0.000129664699955,8.32727345965e-06
52.45,0.000135091556693,0.000130077859273,8.25266710975e-06
52.5,0.000133814146215,0.000130479825111,8.17872100259e-06
52.55,0.000132548781782,0.000130870485308,8.10544846805e-06
52.6,0.000131295350145,0.000131253635308,8.03282434043e-06
52.65,0.000130053739114,0.000131626315433,7.96085461867e-06
52.7,0.000128823837553,0.000131988180649,7.88952182202e-06
52.75,0.000127605535367,0.000132339962676,7.81884391701e-06
52.8,0.000126398723491,0.000132684498524,7.74879141733e-06
52.85,0.000125203919594,0.000133018688275,7.67935887471e-06
52.9,0.000124020378484,0.00013334271262,7.61055490306e-06
52.95,0.000122847994321,0.000133656772868,7.54236983327e-06
53.0,0.000121686662254,0.000133964361177,7.4747881799e-06
53.05,0.000120536278416,0.000134262223452,7.40782212556e-06
53.1,0.000119396739913,0.000134550525112,7.34144867053e-06
53.15,0.000118267944814,0.000134829429167,7.27567329741e-06
53.2,0.000117149792141,0.000135100132484,7.21048003003e-06
53.25,0.000116042181865,0.000135363670501,7.14588528853e-06
53.3,0.000114945014892,0.000135618215542,7.08186212446e-06
53.35,0.000113858193056,0.000135863920682,7.01840555849e-06
53.4,0.000112781619113,0.000136100936434,6.95552346312e-06
53.45,0.000111715196726,0.000136329410519,6.89320700147e-06
53.5,0.000110658830464,0.000136551937252,6.8314420209e-06
53.55,0.000109612425788,0.000136766244405,6.77023965549e-06
53.6,0.000108575889046,0.000136972376322,6.70957888506e-06
53.65,0.000107549127464,0.000137170472025,6.64946472035e-06
53.7,0.000106532049134,0.000137360668009,6.58988256022e-06
53.75,0.000105524563013,0.000137543098706,6.53084741156e-06
53.8,0.00010452657891,0.000137718983247,6.47233464533e-06
53.85,0.000103538524914,0.000137888317812,6.41433971078e-06
53.9,0.000102559784783,0.000138050222527,6.35686980283e-06
53.95,0.00010159027099,0.000138204823366,6.29991684517e-06
54.0,0.00010062989683,0.000138352687164,6.24346790328e-06
54.05,9.96785764079e-05,0.000138493511063,6.18753315291e-06
54.1,9.87362246344e-05,0.000138627400995,6.1320933831e-06
54.15,9.78027572164e-05,0.000138754474968,6.07715317329e-06
54.2,9.68780906507e-05,0.000138875247659,6.02269917906e-06
54.25,9.59621422161e-05,0.000138990553646,5.96874511567e-06
54.3,9.50548299662e-05,0.000139099333709,5.91526847388e-06
54.35,9.41560727222e-05,0.000139201698828,5.86226509461e-06
54.4,9.3265790066e-05,0.000139297758157,5.80974155352e-06
54.45,9.23839023326e-05,0.000139387618827,5.75769046942e-06
54.5,9.15103306033e-05,0.000139471386278,5.70610002104e-06
54.55,9.0644996699e-05,0.000139549164394,5.65497950835e-06
54.6,8.97878231729e-05,0.000139621055065,5.60431137381e-06
54.65,8.89387333037e-05,0.000139687158809,5.55409980274e-06
54.7,8.80976510893e-05,0.000139747574323,5.50433259925e-06
54.75,8.72645012394e-05,0.000139802398874,5.45502229814e-06
54.8,8.64392091693e-05,0.000139851727781,5.40614832753e-06
54.85,8.56221288926e-05,0.000139896187998,5.35770688629e-06
54.9,8.48127508013e-05,0.000139935614563,5.30970398413e-06
54.95,8.4011002515e-05,0.00013996978158,5.26213287514e-06
55.0,8.32168123312e-05,0.000139998778914,5.21498275551e-06
55.05,8.2430109219e-05,0.000140022695132,5.16826212475e-06
55.1,8.16508228125e-05,0.000140041617098,5.12195493649e-06
55.15,8.0878883405e-05,0.000140055630546,5.07606501583e-06
55.2,8.01142219426e-05,0.000140064819662,5.03058121656e-06
55.25,7.93567700184e-05,0.000140069267439,4.98551499462e-06
55.3,7.8606459866e-05,0.000140069055205,4.94084754873e-06
55.35,7.78632243539e-05,0.00014006426331,4.89657540492e-06
55.4,7.71269969796e-05,0.000140054970818,4.85270405565e-06
55.45,7.63977118633e-05,0.000140041255322,4.80922733563e-06
55.5,7.56753037426e-05,0.000140023501352,4.76613537091e-06
55.55,7.49597079665e-05,0.000140001632305,4.72343592946e-06
55.6,7.42508604897e-05,0.000139975568966,4.68111434601e-06
55.65,7.35486978669e-05,0.000139945384211,4.63917411643e-06
55.7,7.28531572472e-05,0.000139911149602,4.59760505385e-06
55.75,7.21641763689e-05,0.000139872935711,4.55641762822e-06
55.8,7.14816935534e-05,0.000139830811681,4.51559465646e-06
55.85,7.08060015554e-05,0.000139784845861,4.47513296359e-06
55.9,7.013667895e-05,0.000139735107804,4.43503756935e-06
55.95,6.94736658815e-05,0.000139681663455,4.39530283909e-06
56.0,6.8816903055e-05,0.000139624577769,4.3559197487e-06
56.05,6.81663317306e-05,0.000139563914802,4.31689539757e-06
56.1,6.75218937188e-05,0.000139499737371,4.27821638264e-06
56.15,6.68835313749e-05,0.000139432107524,4.23988589891e-06
56.2,6.62511875942e-05,0.000139361086193,4.20189463628e-06
56.25,6.56248058069e-05,0.000139286733488,4.16425216355e-06
56.3,6.50043299731e-05,0.000139209108292,4.12694277658e-06
56.35,6.43897045777e-05,0.000139128268841,4.08996357366e-06
56.4,6.37808746259e-05,0.000139044272455,4.05331914248e-06
56.45,6.31777856377e-05,0.000138957175387,4.01700433336e-06
56.5,6.25803836439e-05,0.000138867033054,3.98101089888e-06
56.55,6.19886151807e-05,0.000138773900126,3.94534532739e-06
56.6,6.14024272851e-05,0.000138677830207,3.90999536944e-06
56.65,6.08217674907e-05,0.000138578876271,3.874963945e-06
56.7,6.02465838222e-05,0.000138477090336,3.84024254532e-06
56.75,5.96768247918e-05,0.000138372523735,3.80583991561e-06
56.8,5.91124393938e-05,0.000138265226744,3.77174170335e-06
56.85,5.85536697243e-05,0.000138155249113,3.73794525659e-06
56.9,5.80001672821e-05,0.000138042641699,3.70445476817e-06
56.95,5.74518825693e-05,0.000137927452509,3.67126553163e-06
57.0,5.6908766551e-05,0.000137810426082,3.63837000939e-06
57.05,5.6370770652e-05,0.000137691371112,3.60577413137e-06
57.1,5.58378467519e-05,0.000137569903727,3.57346670239e-06
57.15,5.53099471808e-05,0.000137446068807,3.54145039114e-06
57.2,5.47870247156e-05,0.00013731991042,3.50971742117e-06
57.25,5.42690325753e-05,0.000137191472065,3.47827578502e-06
57.3,5.37559244171e-05,0.000137060796339,3.44711236548e-06
57.35,5.32476543325e-05,0.000136927925407,3.41622473884e-06
57.4,5.27441768428e-05,0.000136792900781,3.38561673706e-06
57.45,5.22454468954e-05,0.000136655763196,3.35528405877e-06
57.5,5.175141986e-05,0.000136516552797,3.32521981513e-06
57.55,5.12620515241e-05,0.000136375309204,3.2954294257e-06
57.6,5.07772980897e-05,0.00013623207126,3.26590265885e-06
57.65,5.0297116169e-05,0.000136086877375,3.23664195356e-06
57.7,4.98214627807e-05,0.000135939765267,3.2076402027e-06
57.75,4.93502953463e-05,0.000135790772173,3.17890471091e-06
57.8,4.88835716863e-05,0.000135639934552,3.15042348994e-06
57.85,4.84214920044e-05,0.000135487677117,3.12219432472e-06
57.9,4.79637681042e-05,0.000135334294499,3.09422071737e-06
57.95,4.75103590529e-05,0.00013517919815,3.06649873675e-06
58.0,4.70612243008e-05,0.000135022422141,3.03902208693e-06
58.05,4.66163236781e-05,0.000134864000105,3.01179572101e-06
58.1,4.61756173912e-05,0.000134703965006,2.98481028798e-06
58.15,4.57390660191e-05,0.000134542349456,2.95806801691e-06
58.2,4.53066305102e-05,0.000134379185473,2.93156241237e-06
58.25,4.48782721784e-05,0.000134214504674,2.9053001503e-06
58.3,4.44539527003e-05,0.000134048338009,2.87927027427e-06
58.35,4.40336341113e-05,0.000133880716138,2.85347075984e-06
58.4,4.36172788024e-05,0.000133711669251,2.82790480772e-06
58.45,4.32048495171e-05,0.000133541226966,2.80256882511e-06
58.5,4.27963093478e-05,0.000133369730753,2.77745705798e-06
58.55,4.23916217326e-05,0.000133198246142,2.7525740331e-06
58.6,4.19907504523e-05,0.000133025474209,2.7279112043e-06
58.65,4.15936596269e-05,0.00013285144263,2.70347060881e-06
58.7,4.12003137129e-05,0.00013267617857,2.67924631024e-06
58.75,4.08106774994e-05,0.000132499708863,2.65524440993e-06
58.8,4.04247161058e-05,0.000132322059767,2.63145489448e-06
58.85,4.00425950922e-05,0.000132143257303,2.60787591367e-06
58.9,3.96640761321e-05,0.000131963328346,2.58451039275e-06
58.95,3.92891253757e-05,0.000131782297996,2.56135504814e-06
59.0,3.89177092901e-05,0.000131600190995,2.53840462104e-06
59.05,3.85497946565e-05,0.000131417031779,2.51566324861e-06
59.1,3.81853485671e-05,0.000131233928445,2.49312312026e-06
59.15,3.78243384225e-05,0.000131050092355,2.47078609785e-06
59.2,3.74667319286e-05,0.000130865292491,2.44864675595e-06
59.25,3.71124970935e-05,0.000130679551612,2.42671067076e-06
59.3,3.67616022254e-05,0.000130492891979,2.4049686907e-06
59.35,3.64140159291e-05,0.000130305335662,2.38341912482e-06
59.4,3.60697071034e-05,0.000130116904393,2.36206464659e-06
59.45,3.57286449388e-05,0.00012992761948,2.34090225504e-06
59.5,3.53907989142e-05,0.000129737501934,2.319927144e-06
59.55,3.50561387944e-05,0.000129546572505,2.29914309455e-06
59.6,3.47246346276e-05,0.000129355350253,2.27854296833e-06
59.65,3.43962567426e-05,0.000129164291353,2.25812846696e-06
59.7,3.40709757462e-05,0.000128972496612,2.23789463198e-06
59.75,3.37487625206e-05,0.000128779985338,2.21784655963e-06
59.8,3.34295882208e-05,0.000128586776407,2.19797588603e-06
59.85,3.31135897583e-05,0.000128392888541,2.17828106575e-06
59.9,3.28005700469e-05,0.000128198341189,2.15876454215e-06
59.95,3.24905010941e-05,0.000128003152396,2.13942357256e-06
60.0,3.21833551696e-05,0.000127807339948,2.12025376446e-06
60.05,3.18791048028e-05,0.000127611240527,2.10125857351e-06
60.1,3.15777227804e-05,0.00012741539494,2.08243147574e-06
60.15,3.12791821439e-05,0.000127219735031,2.06377402631e-06
60.2,3.09834561873e-05,0.000127023535776,2.04528169351e-06
60.25,3.06905184549e-05,0.00012682681347,2.026959135e-06
60.3,3.04003427387e-05,0.000126629584041,2.00879870672e-06
60.35,3.01129030761e-05,0.000126431863289,1.99079899627e-06
60.4,2.98281737478e-05,0.000126233666768,1.97296223673e-06
60.45,2.95461292756e-05,0.000126035009722,1.95528592146e-06
60.5,2.92667444197e-05,0.000125835907178,1.93776603603e-06
60.55,2.89899941768e-05,0.000125636463994,1.92040573865e-06
60.6,2.87158537782e-05,0.000125438045013,1.90319906687e-06
60.65,2.84442986868e-05,0.000125239237314,1.88614744199e-06
60.7,2.81753045957e-05,0.000125040054834,1.86924672237e-06
60.75,2.79088474257e-05,0.000124840511345,1.85250116474e-06
60.8,2.76449033231e-05,0.000124640620298,1.835903783e-06
60.85,2.73835855083e-05,0.000124440395041,1.8194532863e-06
60.9,2.71247309988e-05,0.000124239849543,1.80315171551e-06
60.95,2.68683166462e-05,0.00012403899665,1.78699677975e-06
61.0,2.66143195185e-05,0.00012383784903,1.77098481009e-06
61.05,2.63627168986e-05,0.000123637814629,1.75511869293e-06
61.1,2.61134862824e-05,0.00012343768186,1.73939297899e-06
61.15,2.58666053762e-05,0.00012323730292,1.72380896726e-06
61.2,2.56220520953e-05,0.000123036689532,1.70836287254e-06
61.25,2.53798045618e-05,0.000122835853281,1.69305858521e-06
61.3,2.51398411028e-05,0.000122634805473,1.67788972044e-06
61.35,2.49021402483e-05,0.000122433557332,1.6628550985e-06
61.4,2.46666807296e-05,0.000122232119902,1.64795658458e-06
61.45,2.44334414771e-05,0.000122030503996,1.63319208499e-06
61.5,2.42024016186e-05,0.000121830191369,1.61855824658e-06
61.55,2.39735404775e-05,0.000121630014516,1.60405770732e-06
61.6,2.37468375708e-05,0.000121429920574,1.58968548694e-06
61.65,2.35222726077e-05,0.000121229701621,1.57544277263e-06
61.7,2.3299825487e-05,0.000121029367471,1.56132610497e-06
61.75,2.30794762965e-05,0.000120828927827,1.54733903951e-06
61.8,2.286120531e-05,0.000120628392147,1.53347574096e-06
61.85,2.26451061562e-05,0.000120427769823,1.5197351311e-06
61.9,2.24310440552e-05,0.000120227249174,1.50611891462e-06
61.95,2.22189998642e-05,0.000120028060632,1.49262517801e-06
62.0,2.20089546195e-05,0.000119828823046,1.47925085673e-06
62.05,2.18008895349e-05,0.000119629545054,1.46599836169e-06
62.1,2.15947860003e-05,0.000119430235091,1.45286314129e-06
62.15,2.13906255799e-05,0.000119230901517,1.43984628051e-06
62.2,2.11883900105e-05,0.000119031552517,1.42694461771e-06
62.25,2.09880612001e-05,0.000118832196176,1.4141614024e-06
62.3,2.07896212258e-05,0.000118632840375,1.40149130152e-06
62.35,2.05930523331e-05,0.000118434068957,1.38893332967e-06
62.4,2.03983369334e-05,0.000118236315693,1.3764890448e-06
62.45,2.02054576032e-05,0.00011803859487,1.36415669811e-06
62.5,2.00143970819e-05,0.000117840913763,1.3519334888e-06
62.55,1.98251382708e-05,0.000117643279557,1.33982162031e-06
62.6,1.96376642315e-05,0.000117445699263,1.32781693275e-06
62.65,1.9451958184e-05,0.000117248179828,1.31592041776e-06
62.7,1.92680035058e-05,0.000117050728047,1.30412918578e-06
62.75,1.908578373e-05,0.000116853350637,1.29244620666e-06
62.8,1.89052825441e-05,0.000116657087977,1.28086660635e-06
62.85,1.8726577375e-05,0.000116461450207,1.26938948424e-06
62.9,1.85495567654e-05,0.000116265914774,1.25801626422e-06
62.95,1.83742048848e-05,0.000116070487766,1.246745348e-06
63.0,1.82005060511e-05,0.000115875175179,1.23557417583e-06
63.05,1.8028444729e-05,0.000115680040778,1.2245047615e-06
63.1,1.78580055285e-05,0.000115485356149,1.21353330317e-06
63.15,1.76891732041e-05,0.000115290804527,1.20266070713e-06
63.2,1.75219326528e-05,0.000115096391476,1.19188433251e-06
63.25,1.73562689132e-05,0.00011490361609,1.18120689355e-06
63.3,1.71921671639e-05,0.000114711054981,1.17062393571e-06
63.35,1.70296127226e-05,0.000114518655823,1.16013463591e-06
63.4,1.68685910444e-05,0.000114326423713,1.14974029545e-06
63.45,1.67090877205e-05,0.00011413436362,1.13943945362e-06
63.5,1.65510884772e-05,0.000113942480432,1.12922977101e-06
63.55,1.63945791747e-05,0.000113750778976,1.11911308805e-06
63.6,1.62395458055e-05,0.000113559263948,1.10908593014e-06
63.65,1.60859744933e-05,0.000113368322159,1.09914912554e-06
63.7,1.5933851492e-05,0.000113178727214,1.08930026071e-06
63.75,1.5783163184e-05,0.000112989339012,1.07954181628e-06
63.8,1.56338960796e-05,0.000112800161789,1.06986972107e-06
63.85,1.54861142077e-05,0.000112611199755,1.06028322287e-06
63.9,1.53397253977e-05,0.000112422457484,1.05078351098e-06
63.95,1.51947165584e-05,0.000112233938986,1.0413692504e-06
64.0,1.50510747214e-05,0.000112045648205,1.03203830306e-06
64.05,1.49087870394e-05,0.000111857589031,1.02279235101e-06
64.1,1.47678407858e-05,0.000111670492385,1.0136282187e-06
64.15,1.4628223353e-05,0.000111484418536,1.0045466631e-06
64.2,1.44899222516e-05,0.000111298593437,9.95545478391e-07
64.25,1.43529251089e-05,0.000111113020584,9.86626931698e-07
64.3,1.42172196685e-05,0.000110927703354,9.77787302265e-07
64.35,1.40827937885e-05,0.000110742645104,9.69025902599e-07
64.4,1.39496354409e-05,0.000110557849126,9.60343819651e-07
64.45,1.38177327103e-05,0.000110373318617,9.51739833319e-07
64.5,1.3687073793e-05,0.000110189056714,9.4321198956e-07
64.55,1.35576469957e-05,0.000110006017541,9.34761825646e-07
64.6,1.3429440735e-05,0.000109824093531,9.26386439338e-07
64.65,1.33024435357e-05,0.000109642508336,9.18086522464e-07
64.7,1.31766440302e-05,0.000109461210039,9.09860059058e-07
64.75,1.30520309575e-05,0.000109280201372,9.01709121107e-07
64.8,1.29285931622e-05,0.000109099484968,8.93630308102e-07
64.85,1.28063835934e-05,0.000108919063444,8.85622991721e-07
64.9,1.26853260298e-05,0.000108738939722,8.77688165362e-07
64.95,1.25654096457e-05,0.00010855911627,8.69824713935e-07
65.0,1.24466237165e-05,0.000108380619941,8.6203085158e-07
65.05,1.23289576183e-05,0.000108202857237,8.54307983259e-07
65.1,1.22124008265e-05,0.000108025406736,8.46653456523e-07
65.15,1.20969429151e-05,0.000107848270627,8.39067903657e-07
65.2,1.19825735561e-05,0.000107671451028,8.31549482205e-07
65.25,1.18692825176e-05,0.000107494950025,8.24100085824e-07
65.3,1.17570596641e-05,0.000107318769616,8.16716606678e-07
65.35,1.16458949548e-05,0.000107142911791,8.09398470527e-07
65.4,1.1535778443e-05,0.000106967378491,8.02146585268e-07
65.45,1.14267002752e-05,0.000106793094759,7.94959931785e-07
65.5,1.131865069e-05,0.00010661963472,7.87836877925e-07
65.55,1.12116200179e-05,0.000106446509039,7.80778707726e-07
65.6,1.11055986795e-05,0.000106273719357,7.73782997034e-07
65.65,1.10005771856e-05,0.000106101267299,7.66850323712e-07
65.7,1.08965461355e-05,0.000105929154429,7.59979003884e-07
65.75,1.07934962168e-05,0.000105757382287,7.53170768219e-07
65.8,1.06914182045e-05,0.000105585952335,7.46422776372e-07
65.85,1.05903558853e-05,0.000105414866032,7.39734503525e-07
65.9,1.04902462274e-05,0.000105244754234,7.33106779435e-07
65.95,1.03910802782e-05,0.000105075741329,7.265386727e-07
66.0,1.02928491691e-05,0.000104907080327,7.20028691643e-07
66.05,1.01955441144e-05,0.000104738772437,7.13578009787e-07
66.1,1.00991564108e-05,0.000104571007069,7.07184411622e-07
66.15,1.00036774365e-05,0.00010440375433,7.00848425276e-07
66.2,9.90909865032e-06,0.000104236859067,6.94568511801e-07
66.25,9.8154115913e-06,0.000104070322329,6.8834625291e-07
66.3,9.72260787757e-06,0.000103904145098,6.82179052723e-07
66.35,9.63067920585e-06,0.00010373845661,6.76066431593e-07
66.4,9.5396173506e-06,0.000103574342668,6.70009147859e-07
66.45,9.44941416338e-06,0.000103410594529,6.64006350286e-07
66.5,9.36006157204e-06,0.00010324721298,6.58056675582e-07
66.55,9.27155158009e-06,0.000103084198792,6.52161196268e-07
66.6,9.18387626595e-06,0.000102921552682,6.46317887519e-07
66.65,9.09702778226e-06,0.000102759275359,6.40527232008e-07
66.7,9.01099835517e-06,0.000102597367487,6.34787823242e-07
66.75,8.9257802837e-06,0.000102435829716,6.29101106799e-07
66.8,8.84136593901e-06,0.000102274662637,6.23464710222e-07
66.85,8.75779153108e-06,0.000102114571655,6.17878195148e-07
66.9,8.67500493507e-06,0.000101955450246,6.12342254646e-07
66.95,8.59299874762e-06,0.00010179670448,6.06856110744e-07
67.0,8.5117656347e-06,0.000101638334775,6.0141851749e-07
67.05,8.43129833094e-06,0.000101480341533,5.96030455093e-07
67.1,8.35158963904e-06,0.000101322725112,5.90690073002e-07
67.15,8.27263242911e-06,0.000101165485863,5.85397812348e-07
67.2,8.19441963803e-06,0.000101008624101,5.80152387691e-07
67.25,8.11694426884e-06,0.000100852140128,5.74955120192e-07
67.3,8.04019939011e-06,0.000100696034198,5.69803841588e-07
67.35,7.96417813535e-06,0.000100541281932,5.64698151245e-07
67.4,7.8888737024e-06,0.000100387193468,5.5963868258e-07
67.45,7.81427935282e-06,0.000100233486393,5.54624724581e-07
67.5,7.74038841127e-06,0.000100080160816,5.49655138534e-07
67.55,7.66719426499e-06,9.9927216834e-05,5.44730820281e-07
67.6,7.59469036314e-06,9.97747343292e-05,5.39850078547e-07
67.65,7.52287021627e-06,9.96228829241e-05,5.35013316494e-07
67.7,7.45172739576e-06,9.94714142078e-05,5.30219359321e-07
67.75,7.38125553318e-06,9.93203281802e-05,5.25469414475e-07
67.8,7.3114483198e-06,9.91696247992e-05,5.20761500315e-07
67.85,7.2423356998e-06,9.90202388276e-05,5.16095250688e-07
67.9,7.17387456806e-06,9.88715175531e-05,5.11471244494e-07
67.95,7.10605880231e-06,9.87231812513e-05,5.06888831917e-07
68.0,7.0388823376e-06,9.85752297494e-05,5.02346972251e-07
68.05,6.97233916577e-06,9.84276628665e-05,4.97846484233e-07
68.1,6.90642333495e-06,9.82804803881e-05,4.93385822155e-07
68.15,6.84112894901e-06,9.81336820991e-05,4.88965354479e-07
68.2,6.77645016703e-06,9.79872677578e-05,4.84584007518e-07
68.25,6.71238120282e-06,9.7841237116e-05,4.80242884795e-07
68.3,6.64891632437e-06,9.76955898894e-05,4.75940175226e-07
68.35,6.58604985338e-06,9.75509064759e-05,4.71675544174e-07
68.4,6.52377616473e-06,9.74071962436e-05,4.67449520712e-07
68.45,6.462089686e-06,9.7263870568e-05,4.63261510955e-07
68.5,6.40098489697e-06,9.71209290563e-05,4.59110563767e-07
68.55,6.34045632915e-06,9.69783713103e-05,4.54997427418e-07
68.6,6.28049856527e-06,9.68361969027e-05,4.50920689238e-07
68.65,6.22110623882e-06,9.66944054078e-05,4.46880685976e-07
68.7,6.16227403358e-06,9.65529963771e-05,4.42876436354e-07
68.75,6.10399668313e-06,9.64119693579e-05,4.38908948919e-07
68.8,6.04626897041e-06,9.62713238668e-05,4.34976568463e-07
68.85,5.98911565803e-06,9.61310594256e-05,4.3107898915e-07
68.9,5.93250109982e-06,9.59922092401e-05,4.27216694519e-07
68.95,5.87642023291e-06,9.58538314148e-05,4.23389141798e-07
69.0,5.82086804183e-06,9.57158349972e-05,4.19595461714e-07
69.05,5.76583955809e-06,9.55782194023e-05,4.15836338136e-07
69.1,5.71132985972e-06,9.54409840213e-05,4.12110479979e-07
69.15,5.65733407087e-06,9.53044237849e-05,4.08418195009e-07
69.2,5.60384736134e-06,9.51682624527e-05,4.04758586406e-07
69.25,5.55086494618e-06,9.50324803969e-05,4.01132575911e-07
69.3,5.49838208527e-06,9.48970769521e-05,3.9753865078e-07
69.35,5.44639408286e-06,9.47620514593e-05,3.939765315e-07
69.4,5.39489628722e-06,9.46274214433e-05,3.9044665999e-07
69.45,5.3438840902e-06,9.44942233338e-05,3.86948540194e-07
69.5,5.29335292678e-06,9.43614063145e-05,3.83481377659e-07
69.55,5.24329827476e-06,9.42289659723e-05,3.80045797391e-07
69.6,5.19371565427e-06,9.40969015402e-05,3.7664061943e-07
69.65,5.14460062742e-06,9.3965212255e-05,3.73266125051e-07
69.7,5.09594879793e-06,9.38338973379e-05,3.69921494623e-07
69.75,5.04775581067e-06,9.37029560096e-05,3.66607570554e-07
69.8,5.00001735136e-06,9.3572387469e-05,3.63322970299e-07
69.85,4.95275389765e-06,9.34421909215e-05,3.60067438402e-07
69.9,4.90593597163e-06,9.33123656922e-05,3.56841378749e-07
69.95,4.85955938649e-06,9.318291096e-05,3.53644337979e-07
70.0,4.81361999467e-06,9.30545832007e-05,3.50475590013e-07
70.05,4.76811368741e-06,9.29268974351e-05,3.47335706067e-07
70.1,4.72303639446e-06,9.27995809296e-05,3.44223607737e-07
70.15,4.67838408367e-06,9.26726327986e-05,3.41139552089e-07
70.2,4.63415276069e-06,9.25460521442e-05,3.38082790038e-07
70.25,4.59033846853e-06,9.24198380692e-05,3.35054091485e-07
70.3,4.54693728732e-06,9.22939896578e-05,3.32052192881e-07
70.35,4.50394533388e-06,9.21685060021e-05,3.29076860757e-07
70.4,4.4613587614e-06,9.20433861883e-05,3.26128464234e-07
70.45,4.41917375912e-06,9.19186292901e-05,3.23206588973e-07
70.5,4.37738655199e-06,9.17942343783e-05,3.20310571389e-07
70.55,4.3359934003e-06,9.16702488415e-05,3.17440933533e-07
70.6,4.2949905994e-06,9.15475560117e-05,3.14596689817e-07
70.65,4.25437447934e-06,9.14254159097e-05,3.11778075184e-07
70.7,4.21414140455e-06,9.13037452782e-05,3.08984405019e-07
70.75,4.17428777355e-06,9.11824338266e-05,3.06216382961e-07
70.8,4.13481001858e-06,9.10614805392e-05,3.03472854212e-07
70.85,4.09572507384e-06,9.09408844083e-05,3.00753605397e-07
70.9,4.05700856228e-06,9.08206445254e-05,2.98058973868e-07
70.95,4.0186570216e-06,9.07007598663e-05,2.95388580948e-07
71.0,3.98066702192e-06,9.05812294055e-05,2.92741820165e-07
71.05,3.94303516548e-06,9.04620521193e-05,2.90119168637e-07
71.1,3.90575808634e-06,9.03432269725e-05,2.87519725607e-07
71.15,3.86883245009e-06,9.02247529355e-05,2.84943705794e-07
71.2,3.83225495354e-06,9.0107466056e-05,2.82390483509e-07
71.25,3.79602232444e-06,8.99906245576e-05,2.79860701829e-07
71.3,3.76013132122e-06,8.98741319043e-05,2.77353305348e-07
71.35,3.72457873263e-06,8.97579870169e-05,2.74868099055e-07
71.4,3.68936137754e-06,8.96421888139e-05,2.72405391268e-07
71.45,3.65447610459e-06,8.9526736206e-05,2.69964835901e-07
71.5,3.61991979197e-06,8.94116281037e-05,2.67545878681e-07
71.55,3.5856893471e-06,8.92968634202e-05,2.65148955663e-07
71.6,3.55178170637e-06,8.91824410596e-05,2.62773243613e-07
71.65,3.5181938349e-06,8.90683599318e-05,2.60418938772e-07
71.7,3.48492272622e-06,8.89546189409e-05,2.58085469303e-07
71.75,3.45196540205e-06,8.88412169939e-05,2.55773422934e-07
71.8,3.41931891199e-06,8.8728367492e-05,2.53481835095e-07
71.85,3.38699725993e-06,8.86165241874e-05,2.51210527562e-07
71.9,3.35498028706e-06,8.85050174358e-05,2.48959782116e-07
71.95,3.3232651302e-06,8.83938460957e-05,2.46729282457e-07
72.0,3.29184895297e-06,8.82830090269e-05,2.44518522018e-07
72.05,3.26072894556e-06,8.81725050923e-05,2.42327899322e-07
72.1,3.22990232448e-06,8.80623331479e-05,2.40156661993e-07
72.15,3.1993663323e-06,8.79525888153e-05,2.38004989379e-07
72.2,3.16911823743e-06,8.78433678327e-05,2.35872358861e-07
72.25,3.13915533385e-06,8.77344763127e-05,2.33759307583e-07
72.3,3.10947494091e-06,8.7625913099e-05,2.31664953993e-07
72.35,3.08007440304e-06,8.75176770433e-05,2.29589135208e-07
72.4,3.05095108957e-06,8.74097669975e-05,2.27532108754e-07
72.45,3.02210239447e-06,8.73021949649e-05,2.25493585557e-07
72.5,2.99352573611e-06,8.71957650959e-05,2.23473102648e-07
72.55,2.96521855706e-06,8.70896613816e-05,2.21471024252e-07
72.6,2.93717832386e-06,8.69838796173e-05,2.19486662746e-07
72.65,2.90940252676e-06,8.68784186236e-05,2.17520182044e-07
72.7,2.88188867954e-06,8.67732772182e-05,2.15571104507e-07
72.75,2.85463431928e-06,8.66684542235e-05,2.13639921047e-07
72.8,2.82763700613e-06,8.65639484552e-05,2.11725825989e-07
72.85,2.80090832074e-06,8.64597587377e-05,2.09828670466e-07
72.9,2.77443159259e-06,8.63558839642e-05,2.07948689841e-07
72.95,2.74820445393e-06,8.62523229546e-05,2.06085619919e-07
73.0,2.72222455922e-06,8.61490745315e-05,2.0423903758e-07
73.05,2.69648958484e-06,8.60461375216e-05,2.02409275698e-07
73.1,2.67099722897e-06,8.59435107476e-05,2.00595705834e-07
73.15,2.64574521132e-06,8.58413102731e-05,1.98798477796e-07
73.2,2.62073127299e-06,8.5740086062e-05,1.97017155052e-07
73.25,2.5959531762e-06,8.56391690276e-05,1.95252186264e-07
73.3,2.57140870415e-06,8.55385579667e-05,1.93502835099e-07
73.35,2.54709566082e-06,8.54382516845e-05,1.91768965503e-07
73.4,2.52301187073e-06,8.53382489884e-05,1.90050792582e-07
73.45,2.49915517882e-06,8.52385486832e-05,1.8834807488e-07
73.5,2.47552345017e-06,8.51391495773e-05,1.86660425694e-07
73.55,2.4521145699e-06,8.50400504835e-05,1.84988149248e-07
73.6,2.42892644294e-06,8.49412502117e-05,1.83330671194e-07
73.65,2.40595699382e-06,8.48427560635e-05,1.81688128442e-07
73.7,2.38320416655e-06,8.47448296745e-05,1.80060122036e-07
73.75,2.3606659244e-06,8.46471994422e-05,1.78447062019e-07
73.8,2.3383402497e-06,8.45498641741e-05,1.76848275435e-07
73.85,2.31623671917e-06,8.44528226865e-05,1.7526363794e-07
73.9,2.29434154699e-06,8.43564905478e-05,1.73693346126e-07
73.95,2.27265277512e-06,8.42607700514e-05,1.72137179319e-07
74.0,2.25116846389e-06,8.41653401726e-05,1.70594784098e-07
74.05,2.22988669177e-06,8.40701997083e-05,1.69066438504e-07
74.1,2.20880555523e-06,8.39753474537e-05,1.67551617621e-07
74.15,2.18792316859e-06,8.38807822113e-05,1.66050446577e-07
74.2,2.16723766381e-06,8.37865027836e-05,1.64562560752e-07
74.25,2.14674719034e-06,8.36925079786e-05,1.63088334899e-07
74.3,2.126449915e-06,8.35987966019e-05,1.61627153981e-07
74.35,2.10634402174e-06,8.35053674671e-05,1.60178904358e-07
74.4,2.08642771155e-06,8.34122193908e-05,1.58743765699e-07
74.45,2.06669920226e-06,8.33193511894e-05,1.57321536324e-07
74.5,2.04715672841e-06,8.32267616828e-05,1.55911893231e-07
74.55,2.02779854106e-06,8.31344496966e-05,1.54515090531e-07
74.6,2.00862290766e-06,8.30424140549e-05,1.53130648486e-07
74.65,1.98962811191e-06,8.2950776184e-05,1.51758681454e-07
74.7,1.97081245358e-06,8.2859977836e-05,1.50398856199e-07
74.75,1.95217424837e-06,8.27694525889e-05,1.49051515218e-07
74.8,1.93371182775e-06,8.26791992537e-05,1.4771609641e-07
74.85,1.9154331113e-06,8.25892166497e-05,1.46392495915e-07
74.9,1.89732669867e-06,8.24995036445e-05,1.4508087794e-07
74.95,1.87939097067e-06,8.24100590598e-05,1.43781058161e-07
75.0,1.86162432326e-06,8.23208817216e-05,1.42492741379e-07
75.05,1.84402516742e-06,8.22319704617e-05,1.41216159831e-07
75.1,1.82659192901e-06,8.21433241113e-05,1.39950875072e-07
75.15,1.80932304863e-06,8.2054941509e-05,1.38696991617e-07
75.2,1.79221698151e-06,8.1967018264e-05,1.3745420491e-07
75.25,1.77527219732e-06,8.18794308163e-05,1.3622282797e-07
75.3,1.75848718008e-06,8.17921045064e-05,1.35002347076e-07
75.35,1.74186042801e-06,8.17050381779e-05,1.33792667306e-07
75.4,1.72539045338e-06,8.16182306776e-05,1.32593938735e-07
75.45,1.70907578243e-06,8.15316808537e-05,1.31405992905e-07
75.5,1.69291495517e-06,8.14459467932e-05,1.30228560021e-07
75.55,1.67690652532e-06,8.13605490334e-05,1.29061852334e-07
75.6,1.66104906014e-06,8.12754056826e-05,1.27905469134e-07
75.65,1.6453411403e-06,8.11905155841e-05,1.26759505942e-07
75.7,1.62978135978e-06,8.11058775833e-05,1.25623684414e-07
75.75,1.61436832574e-06,8.10214905311e-05,1.24498290628e-07
75.8,1.59910065838e-06,8.09373532788e-05,1.23382855077e-07
75.85,1.58398490684e-06,8.08534646854e-05,1.22277291012e-07
75.9,1.56901164354e-06,8.07698236502e-05,1.21181735588e-07
75.95,1.55417952945e-06,8.06864290369e-05,1.20096034847e-07
76.0,1.53948723809e-06,8.06032797133e-05,1.19019942216e-07
76.05,1.52493345542e-06,8.05203745533e-05,1.17953651677e-07
76.1,1.51051687968e-06,8.04377124313e-05,1.16896797009e-07
76.15,1.49623622132e-06,8.03552922292e-05,1.1584946551e-07
76.2,1.48209020287e-06,8.02731128305e-05,1.14811402794e-07
76.25,1.46807755881e-06,8.01911731247e-05,1.13782870317e-07
76.3,1.45419703549e-06,8.01094720016e-05,1.12763438983e-07
76.35,1.44044739099e-06,8.00283272122e-05,1.11753029506e-07
76.4,1.42682739504e-06,7.9947692539e-05,1.10751767239e-07
76.45,1.41333582888e-06,7.98672932726e-05,1.09759511474e-07
76.5,1.39997148517e-06,7.97871283011e-05,1.0877603686e-07
76.55,1.38673316789e-06,7.97071965185e-05,1.07801520684e-07
76.6,1.37361969221e-06,7.96274968203e-05,1.06835628245e-07
76.65,1.36062988442e-06,7.95480281087e-05,1.05878439327e-07
76.7,1.3477625818e-06,7.94689005617e-05,1.04929721438e-07
76.75,1.33501663252e-06,7.93901530911e-05,1.03989713533e-07
76.8,1.32239089554e-06,7.93116341821e-05,1.03058023445e-07
76.85,1.30989078674e-06,7.92333427451e-05,1.02134578714e-07
76.9,1.29750850989e-06,7.91552777249e-05,1.01219493904e-07
76.95,1.28524295766e-06,7.90774380378e-05,1.00312640416e-07
77.0,1.27309303313e-06,7.89998226048e-05,9.9413812297e-08
77.05,1.26105764961e-06,7.89224303526e-05,9.85231715731e-08
77.1,1.24913573063e-06,7.884526021e-05,9.76404123508e-08
77.15,1.23732620976e-06,7.8768311112e-05,9.67656075484e-08
77.2,1.22562803059e-06,7.86915819967e-05,9.58985446844e-08
77.25,1.2140401466e-06,7.86150834916e-05,9.5039442145e-08
77.3,1.20256152105e-06,7.85393351899e-05,9.41879415189e-08
77.35,1.19119112695e-06,7.84638056633e-05,9.33439765815e-08
77.4,1.17992794689e-06,7.83884919869e-05,9.25076520362e-08
77.45,1.16877097302e-06,7.83133931025e-05,9.16788503535e-08
77.5,1.15771920692e-06,7.82385079565e-05,9.08573833049e-08
77.55,1.14677165953e-06,7.81638355013e-05,9.00433989724e-08
77.6,1.13592735104e-06,7.80893746913e-05,8.92366177901e-08
77.65,1.12518531084e-06,7.80151244875e-05,8.84371064002e-08
77.7,1.11454457741e-06,7.79410838541e-05,8.76446706092e-08
77.75,1.10400419823e-06,7.78672517609e-05,8.68595100071e-08
77.8,1.09356322971e-06,7.77936271795e-05,8.60812970306e-08
77.85,1.08322615056e-06,7.77202090883e-05,8.53099711551e-08
77.9,1.07298651362e-06,7.76469964948e-05,8.45456280721e-08
77.95,1.06284340318e-06,7.75739883839e-05,8.37881603679e-08
78.0,1.0527959121e-06,7.75011837455e-05,8.30373960145e-08
78.05,1.04284314178e-06,7.74285815749e-05,8.22934703487e-08
78.1,1.03298420198e-06,7.73561808697e-05,8.15561278665e-08
78.15,1.02321821083e-06,7.72839806338e-05,8.08254294743e-08
78.2,1.01354429471e-06,7.72120107607e-05,8.01011976926e-08
78.25,1.0039615882e-06,7.71405375209e-05,7.93836149329e-08
78.3,9.94469233963e-07,7.70696886707e-05,7.86723818249e-08
78.35,9.85066382701e-07,7.69990372339e-05,7.79674430532e-08
78.4,9.75752193076e-07,7.69285822125e-05,7.72688860735e-08
78.45,9.66525831627e-07,7.68583226113e-05,7.65766127167e-08
78.5,9.57386472704e-07,7.67882574402e-05,7.58904657614e-08
78.55,9.48333298392e-07,7.67183857145e-05,7.52105688959e-08
78.6,9.39365498436e-07,7.66487064524e-05,7.45366886072e-08
78.65,9.30482270177e-07,7.65792186782e-05,7.38688805595e-08
78.7,9.21682818473e-07,7.65099214197e-05,7.32069825488e-08
78.75,9.12966355635e-07,7.64408137099e-05,7.25511612867e-08
78.8,9.04332101353e-07,7.63718945846e-05,7.19011431693e-08
78.85,8.95783759336e-07,7.63031630857e-05,7.12568776422e-08
78.9,8.87315998037e-07,7.62346182798e-05,7.06184446337e-08
78.95,8.78928060208e-07,7.61662592159e-05,6.99857544242e-08
79.0,8.70619195693e-07,7.60980849479e-05,6.93586633241e-08
79.05,8.62388661362e-07,7.60300945348e-05,6.8737284376e-08
79.1,8.54235721043e-07,7.59622870388e-05,6.8121404165e-08
79.15,8.46159645461e-07,7.58946615275e-05,6.75110735644e-08
79.2,8.3815971217e-07,7.58272170724e-05,6.6906144331e-08
79.25,8.30235205492e-07,7.57599527498e-05,6.63067688276e-08
79.3,8.22385416451e-07,7.56928676388e-05,6.57126969991e-08
79.35,8.14609642715e-07,7.56262869667e-05,6.51238826422e-08
79.4,8.06907188529e-07,7.55600134586e-05,6.45403988061e-08
79.45,7.99277364656e-07,7.5493916469e-05,6.3962163493e-08
79.5,7.91719488317e-07,7.54279950815e-05,6.33890453806e-08
79.55,7.84232883128e-07,7.53622483851e-05,6.2821147782e-08
79.6,7.76816879043e-07,7.52966754718e-05,6.22582756508e-08
79.65,7.69470812295e-07,7.52312754393e-05,6.17004754816e-08
79.7,7.62194025335e-07,7.51660473888e-05,6.11476117903e-08
79.75,7.54985866775e-07,7.51011932562e-05,6.05998238261e-08
79.8,7.47845691332e-07,7.50365550441e-05,6.00568830557e-08
79.85,7.40776561821e-07,7.49720869617e-05,5.95187472527e-08
79.9,7.33774069271e-07,7.49077881368e-05,5.89854831787e-08
79.95,7.26837587468e-07,7.48436576836e-05,5.84570158937e-08
80.0,7.19966496065e-07,7.47796947212e-05,5.79332253779e-08
80.05,7.13160180522e-07,7.47158983738e-05,5.74142060525e-08
80.1,7.06418032057e-07,7.46522677685e-05,5.68997796585e-08
80.15,6.99739447588e-07,7.45888020381e-05,5.63899886887e-08
80.2,6.93123829682e-07,7.45255003188e-05,5.58847093201e-08
80.25,6.86570586503e-07,7.44623617519e-05,5.53840688166e-08
80.3,6.80079131756e-07,7.43993854815e-05,5.48878583148e-08
80.35,6.73648884642e-07,7.43365706573e-05,5.43960392225e-08
80.4,6.67279269799e-07,7.42739164334e-05,5.39086725553e-08
80.45,6.60969717257e-07,7.42114219671e-05,5.34256898231e-08
80.5,6.54719662384e-07,7.4149287094e-05,5.29469813362e-08
80.55,6.48528545841e-07,7.40875226081e-05,5.2472633389e-08
80.6,6.42395813526e-07,7.40259154159e-05,5.2002483065e-08
80.65,6.3632091653e-07,7.39644646807e-05,5.15365691997e-08
80.7,6.30303311088e-07,7.39031695691e-05,5.10747786274e-08
80.75,6.24342458528e-07,7.38420292528e-05,5.06172276587e-08
80.8,6.18437825227e-07,7.37810429063e-05,5.01637254067e-08
80.85,6.12591944009e-07,7.37202097098e-05,4.97142366007e-08
80.9,6.06801168834e-07,7.36595288609e-05,4.92688170049e-08
80.95,6.0106498185e-07,7.35989995469e-05,4.8827404024e-08
81.0,5.95382870054e-07,7.35386209597e-05,4.83898974091e-08
81.05,5.89754325248e-07,7.34783922958e-05,4.79563760275e-08
81.1,5.84178843992e-07,7.34183127548e-05,4.75266909846e-08
81.15,5.78655927563e-07,7.33583815417e-05,4.71008777735e-08
81.2,5.73185081909e-07,7.32985978647e-05,4.66788329684e-08
81.25,5.67765817605e-07,7.32390854654e-05,4.62606628693e-08
81.3,5.6239764981e-07,7.3179836596e-05,4.58461930185e-08
81.35,5.57080098225e-07,7.312073372e-05,4.54353911813e-08
81.4,5.51812687051e-07,7.30617760548e-05,4.50283083222e-08
81.45,5.46594944945e-07,7.30029628214e-05,4.46248872334e-08
81.5,5.41426404981e-07,7.29442932448e-05,4.42250362943e-08
81.55,5.36306604606e-07,7.28857665547e-05,4.38288275841e-08
81.6,5.31235085602e-07,7.2827381984e-05,4.34361250236e-08
81.65,5.26211394044e-07,7.27691387705e-05,4.30469610508e-08
81.7,5.21235080259e-07,7.27110361553e-05,4.26612411419e-08
81.75,5.16305698788e-07,7.26531359851e-05,4.22790624475e-08
81.8,5.11422808347e-07,7.25956840704e-05,4.19002655256e-08
81.85,5.06588503478e-07,7.2538370549e-05,4.15248209156e-08
81.9,5.01799769055e-07,7.24811946788e-05,4.11527751957e-08
81.95,4.97056176834e-07,7.24241557104e-05,4.07840760818e-08
82.0,4.92357302585e-07,7.23672528983e-05,4.04186398391e-08
82.05,4.87702726046e-07,7.23104855016e-05,4.0056532343e-08
82.1,4.83092030896e-07,7.22538527827e-05,3.96976292264e-08
82.15,4.78524804709e-07,7.21973540085e-05,3.93419601355e-08
82.2,4.74000638925e-07,7.21409884498e-05,3.8989438682e-08
82.25,4.69519128809e-07,7.20847553815e-05,3.86401536548e-08
82.3,4.65079873419e-07,7.20286540814e-05,3.8293959335e-08
82.35,4.60682475565e-07,7.19726838326e-05,3.79508287976e-08
82.4,4.56326541783e-07,7.19168439216e-05,3.76108046118e-08
82.45,4.5201168229e-07,7.18611336386e-05,3.72738389936e-08
82.5,4.47737510957e-07,7.18055522776e-05,3.69398554152e-08
82.55,4.43503645273e-07,7.17500991368e-05,3.66089140821e-08
82.6,4.3930970631e-07,7.16947735177e-05,3.62809013313e-08
82.65,4.3515531869e-07,7.16395747263e-05,3.59558442576e-08
82.7,4.31040110552e-07,7.15845020717e-05,3.56336639077e-08
82.75,4.2696371352e-07,7.15296049422e-05,3.53144414288e-08
82.8,4.2292576267e-07,7.1475018659e-05,3.49980436438e-08
82.85,4.18927990102e-07,7.14205572589e-05,3.4684445945e-08
82.9,4.14967902431e-07,7.1366220068e-05,3.43736872378e-08
82.95,4.11045145516e-07,7.13120064063e-05,3.4065723851e-08
83.0,4.07159368536e-07,7.12579155978e-05,3.37604858434e-08
83.05,4.03310223953e-07,7.12039469705e-05,3.34580282386e-08
83.1,3.99497367484e-07,7.11500998557e-05,3.31582471564e-08
83.15,3.95720458073e-07,7.10965136224e-05,3.28611673597e-08
83.2,3.91979157854e-07,7.10432401319e-05,3.25667166907e-08
83.25,3.8827313213e-07,7.09900862286e-05,3.22749693122e-08
83.3,3.84602049337e-07,7.09370512492e-05,3.19858035095e-08
83.35,3.80965581016e-07,7.08841345349e-05,3.1699196793e-08
83.4,3.77363401788e-07,7.08313354307e-05,3.14151847194e-08
83.45,3.73795189319e-07,7.07786532848e-05,3.11337273763e-08
83.5,3.70260624295e-07,7.07260874491e-05,3.08547608422e-08
83.55,3.66759390396e-07,7.06736372796e-05,3.05783354049e-08
83.6,3.63291174263e-07,7.06213021354e-05,3.03043561251e-08
83.65,3.59855665474e-07,7.05690813796e-05,2.86625080832e-08
83.7,3.56452556517e-07,7.05169861624e-05,2.82532607832e-08
83.75,3.53081542758e-07,7.04650051801e-05,2.80001533201e-08
83.8,3.4974232242e-07,7.04131364766e-05,2.77492855427e-08
83.85,3.46436327879e-07,7.03613794324e-05,2.75006379397e-08
83.9,3.43161497208e-07,7.03097334385e-05,2.58839064898e-08
83.95,3.39917537548e-07,7.02582096275e-05,2.54995911922e-08
84.0,3.36704158781e-07,7.020679675e-05,2.52711059579e-08
84.05,3.33521073511e-07,7.01554928748e-05,2.50447088419e-08
84.1,3.30367997027e-07,7.01042974018e-05,2.48203151176e-08
84.15,3.27244647291e-07,7.00532097347e-05,2.45979335766e-08
84.2,3.24150744903e-07,7.00022292804e-05,2.43775201469e-08
84.25,3.2108601308e-07,6.99513554493e-05,2.41591387598e-08
84.3,3.18050177632e-07,6.99007974213e-05,2.39426897188e-08
84.35,3.1504296694e-07,6.98503665258e-05,2.37281561906e-08
84.4,3.12064111925e-07,6.98000412789e-05,2.3515555894e-08
84.45,3.09113346031e-07,6.97498210968e-05,2.33048716022e-08
84.5,3.061904052e-07,6.96997053987e-05,2.30960518212e-08
84.55,3.03295027847e-07,6.96496936078e-05,2.28891404367e-08
84.6,3.00426954838e-07,6.95997851497e-05,2.26840600142e-08
84.65,2.97585929465e-07,6.9549979454e-05,2.24808185889e-08
84.7,2.94771697429e-07,6.95005223638e-05,2.22793758818e-08
84.75,2.9198400681e-07,6.94512160028e-05,2.20797903219e-08
84.8,2.89222608052e-07,6.9402010789e-05,2.18819707933e-08
84.85,2.8648868567e-07,6.93529061573e-05,2.16859019116e-08
84.9,2.83780534534e-07,6.93039015516e-05,2.14915998705e-08
84.95,2.81097912463e-07,6.92549964126e-05,2.1299048926e-08
85.0,2.78440579541e-07,6.92061901846e-05,2.1108202016e-08
85.05,2.75808298102e-07,6.91574823151e-05,2.09190992491e-08
85.1,2.73200832704e-07,6.91088722544e-05,2.07316698556e-08
85.15,2.70617950112e-07,6.90603594568e-05,2.05459211788e-08
85.2,2.68059419272e-07,6.90119433791e-05,2.03618164068e-08
85.25,2.65525011298e-07,6.89636234819e-05,2.01794089394e-08
85.3,2.63014499445e-07,6.89153992281e-05,1.99986155032e-08
85.35,2.60527659095e-07,6.88672700844e-05,1.98194220377e-08
85.4,2.58064267732e-07,6.88192355207e-05,1.96418433431e-08
85.45,2.55624104924e-07,6.87712950096e-05,1.94658650301e-08
85.5,2.53206952306e-07,6.8723448027e-05,1.92914440874e-08
85.55,2.50812593558e-07,6.8675694052e-05,1.91186171716e-08
85.6,2.48440814386e-07,6.86280325663e-05,1.89473196038e-08
85.65,2.46091402504e-07,6.8580463055e-05,1.87775580955e-08
85.7,2.43764147617e-07,6.85329850064e-05,1.86092990029e-08
85.75,2.41458841397e-07,6.84855979116e-05,1.84425911301e-08
85.8,2.39175277471e-07,6.84384381696e-05,1.82773583706e-08
85.85,2.36914435386e-07,6.83914577923e-05,1.81135878743e-08
85.9,2.34674905068e-07,6.8344567625e-05,1.79512931674e-08
85.95,2.32456486243e-07,6.82977671633e-05,1.77904610993e-08
86.0,2.30258980512e-07,6.82510559058e-05,1.76310523604e-08
86.05,2.28082191333e-07,6.82044333543e-05,1.74731004524e-08
86.1,2.25925924006e-07,6.81578990129e-05,1.73165462632e-08
86.15,2.23789985654e-07,6.81114523895e-05,1.71613959267e-08
86.2,2.21674185206e-07,6.80650929944e-05,1.70076186948e-08
86.25,2.19578333383e-07,6.80188203411e-05,1.6855259171e-08
86.3,2.17502242676e-07,6.79726339455e-05,1.67042477993e-08
86.35,2.15445727334e-07,6.79265333268e-05,1.65545728355e-08
86.4,2.13408603345e-07,6.78807700069e-05,1.64062466417e-08
86.45,2.11390688423e-07,6.78351008454e-05,1.6259257199e-08
86.5,2.09391801988e-07,6.7789516136e-05,1.61135685814e-08
86.55,2.07411765151e-07,6.77440154025e-05,1.59692114068e-08
86.6,2.05450400701e-07,6.76985981713e-05,1.58261316511e-08
86.65,2.03507533086e-07,6.7653263972e-05,1.56843349202e-08
86.7,2.015829884e-07,6.76080123369e-05,1.55437931124e-08
86.75,1.99676594365e-07,6.75628428014e-05,1.54045469922e-08
86.8,1.97788180318e-07,6.7517754903e-05,1.52665329902e-08
86.85,1.95918556305e-07,6.74727481828e-05,1.51297403732e-08
86.9,1.94066556253e-07,6.74278221884e-05,1.49941804391e-08
86.95,1.92232014543e-07,6.73829764658e-05,1.48598422035e-08
87.0,1.90414767107e-07,6.73382105641e-05,1.47266928325e-08
87.05,1.88614651413e-07,6.72935240352e-05,1.45947603088e-08
87.1,1.86831506451e-07,6.72489164331e-05,1.44639952581e-08
87.15,1.85065172721e-07,6.72043873153e-05,1.2957919084e-08
87.2,1.83315492216e-07,6.71599473315e-05,1.26887053446e-08
87.25,1.81582308407e-07,6.71155859984e-05,9.82832258974e-09
87.3,1.79865466234e-07,6.70713908115e-05,9.43476066553e-09
87.35,1.78164812088e-07,6.7027428697e-05,9.35021118129e-09
87.4,1.76480193798e-07,6.69835430223e-05,9.26643021522e-09
87.45,1.74811460622e-07,6.69397333611e-05,9.1834108474e-09
87.5,1.73158463227e-07,6.68959992901e-05,9.10112616218e-09
87.55,1.71521053679e-07,6.68523403883e-05,9.01960479982e-09
87.6,1.69899085432e-07,6.68087562372e-05,8.93880467532e-09
87.65,1.68292413312e-07,6.67652464211e-05,8.8587195069e-09
87.7,1.66700893505e-07,6.67218105268e-05,8.77934306628e-09
87.75,1.65124383545e-07,6.66784481434e-05,7.32457605609e-09
87.8,1.635627423e-07,6.66351698724e-05,7.10588376806e-09
87.85,1.62016639646e-07,6.65919653347e-05,7.04219789864e-09
87.9,1.60485111287e-07,6.6548832888e-05,6.97909420105e-09
87.95,1.58968020263e-07,6.65057721338e-05,6.91656739786e-09
88.0,1.57465230897e-07,6.64627826761e-05,6.85459392787e-09
88.05,1.55976608781e-07,6.64198641212e-05,5.4168810113e-09
88.1,1.54502020768e-07,6.63770270511e-05,5.21527972061e-09
88.15,1.53041334957e-07,6.63342611367e-05,5.16855687894e-09
88.2,1.51594420681e-07,6.62915647534e-05,5.12224749436e-09
88.25,1.501611485e-07,6.6249004146e-05,5.07634796478e-09
88.3,1.48741390183e-07,6.62066750788e-05,5.03085471885e-09
88.35,1.47335018703e-07,6.61644145432e-05,4.9857642157e-09
88.4,1.45941908222e-07,6.61222221587e-05,4.94108969309e-09
88.45,1.44561934079e-07,6.60800975467e-05,4.89682733954e-09
88.5,1.43194972785e-07,6.6038040331e-05,4.85295662485e-09
88.55,1.41840902003e-07,6.59960501379e-05,3.433169446e-09
88.6,1.40499600546e-07,6.59541373854e-05,3.24933533861e-09
88.65,1.39170948361e-07,6.59122919301e-05,3.22022250634e-09
88.7,1.3785482652e-07,6.58705121876e-05,3.19136732604e-09
88.75,1.36551117209e-07,6.58287977957e-05,3.16276755268e-09
88.8,1.35259703718e-07,6.57871483947e-05,3.13442096043e-09
88.85,1.33981140006e-07,6.57457806608e-05,3.10632534232e-09
88.9,1.3271462864e-07,6.57044779355e-05,1.70088827104e-09
88.95,1.31460056361e-07,6.56632506152e-05,1.5462826355e-10
89.0,1.30217310968e-07,6.56220993498e-05,0.0
89.05,1.28986281313e-07,6.5581012829e-05,0.0
89.1,1.27766857287e-07,6.55399894883e-05,0.0
89.15,1.26558929813e-07,6.54990289814e-05,0.0
89.2,1.25362390837e-07,6.5458130964e-05,0.0
89.25,1.24177133315e-07,6.54172950937e-05,0.0
89.3,1.23003051207e-07,6.53765210304e-05,0.0
89.35,1.21840039466e-07,6.53358084361e-05,0.0
89.4,1.20687994029e-07,6.52951569746e-05,0.0
89.45,1.19546811807e-07,6.5254566312e-05,0.0
89.5,1.18416390679e-07,6.52140361162e-05,0.0
89.55,1.17296629478e-07,6.51735660574e-05,0.0
89.6,1.16187427987e-07,6.51331558076e-05,0.0
89.65,1.15088686927e-07,6.50928050409e-05,0.0
89.7,1.14000307949e-07,6.50525134332e-05,0.0
89.75,1.12922193626e-07,6.50122806627e-05,0.0
89.8,1.11854247444e-07,6.49721064093e-05,0.0
89.85,1.10796927504e-07,6.49319903548e-05,0.0
89.9,1.09749574362e-07,6.48919321855e-05,0.0
89.95,1.08712094357e-07,6.4851931587e-05,0.0
90.0,1.07684394703e-07,6.48119882471e-05,0.0
90.05,1.06666383485e-07,6.47721018553e-05,0.0
90.1,1.05657969649e-07,6.4732272103e-05,0.0
90.15,1.04659062991e-07,6.46924986838e-05,0.0
90.2,1.03669574156e-07,6.46527812927e-05,0.0
90.25,1.02689414622e-07,6.46131196271e-05,0.0
90.3,1.01718496699e-07,6.45735133858e-05,0.0
90.35,1.00756733517e-07,6.45341574561e-05,0.0
90.4,9.98040390196e-08,6.44950759329e-05,0.0
90.45,9.8860327958e-08,6.4456049811e-05,0.0
90.5,9.79255158807e-08,6.44170787846e-05,0.0
90.55,9.69995191279e-08,6.43781625502e-05,0.0
90.6,9.60822548235e-08,6.43393008059e-05,0.0
90.65,9.51736408679e-08,6.43004932517e-05,0.0
90.7,9.42735959308e-08,6.42617395897e-05,0.0
90.75,9.3382039444e-08,6.42230395235e-05,0.0
90.8,9.24988915942e-08,6.41843927591e-05,0.0
90.85,9.16245312123e-08,6.41457990038e-05,0.0
90.9,9.07584129652e-08,6.41072579688e-05,0.0
90.95,8.99004593984e-08,6.40687693654e-05,0.0
91.0,8.90505937828e-08,6.40303329064e-05,0.0
91.05,8.82087401078e-08,6.39919483067e-05,0.0
91.1,8.73748230749e-08,6.39536152828e-05,0.0
91.15,8.65487680906e-08,6.39153335531e-05,0.0
91.2,8.57305012602e-08,6.38771028378e-05,0.0
91.25,8.4919949381e-08,6.38389228588e-05,0.0
91.3,8.41170399361e-08,6.38007933396e-05,0.0
91.35,8.33217010879e-08,6.37627140058e-05,0.0
91.4,4.97181987329e-08,6.37246845845e-05,0.0
91.45,0.0,6.36865779789e-05,0.0
91.5,0.0,6.36483326509e-05,0.0
91.55,0.0,6.36101418798e-05,0.0
91.6,0.0,6.3572005329e-05,0.0
91.65,0.0,6.35339226642e-05,0.0
91.7,0.0,6.34958935538e-05,0.0
91.75,0.0,6.34579176684e-05,0.0
91.8,0.0,6.34199946811e-05,0.0
91.85,0.0,6.3382206676e-05,0.0
91.9,0.0,6.33445979449e-05,0.0
91.95,0.0,6.33070418389e-05,0.0
92.0,0.0,6.32695380342e-05,0.0
92.05,0.0,6.32320862096e-05,0.0
92.1,0.0,6.3194686046e-05,0.0
92.15,0.0,6.31573372269e-05,0.0
92.2,0.0,6.31200394379e-05,0.0
92.25,0.0,6.30827923672e-05,0.0
92.3,0.0,6.30455957051e-05,0.0
92.35,0.0,6.30084491444e-05,0.0
92.4,0.0,6.29713523799e-05,0.0
92.45,0.0,6.2934305109e-05,0.0
92.5,0.0,6.2897307031e-05,0.0
92.55,0.0,6.28603578478e-05,0.0
92.6,0.0,6.28234572631e-05,0.0
92.65,0.0,6.27866049831e-05,0.0
92.7,0.0,6.27499462247e-05,0.0
92.75,0.0,6.27133689295e-05,0.0
92.8,0.0,6.26768392078e-05,0.0
92.85,0.0,6.264035677e-05,0.0
92.9,0.0,6.26039213288e-05,0.0
92.95,0.0,6.25675325989e-05,0.0
93.0,0.0,6.25311902973e-05,0.0
93.05,0.0,6.2494894143e-05,0.0
93.1,0.0,6.24586438571e-05,0.0
93.15,0.0,6.24224391627e-05,0.0
93.2,0.0,6.23862797851e-05,0.0
93.25,0.0,6.23501654517e-05,0.0
93.3,0.0,6.23140958916e-05,0.0
93.35,0.0,6.22780895205e-05,0.0
93.4,0.0,6.22423142444e-05,0.0
93.45,0.0,6.22065836174e-05,0.0
93.5,0.0,6.21708973704e-05,0.0
93.55,0.0,6.21352552365e-05,0.0
93.6,0.0,6.20996569504e-05,0.0
93.65,0.0,6.20641022491e-05,0.0
93.7,0.0,6.20285908715e-05,0.0
93.75,0.0,6.19931225583e-05,0.0
93.8,0.0,6.19576970522e-05,0.0
93.85,0.0,6.1922314098e-05,0.0
93.9,0.0,6.18869734421e-05,0.0
93.95,0.0,6.18516748329e-05,0.0
94.0,0.0,6.18164180208e-05,0.0
94.05,0.0,6.17812027579e-05,0.0
94.1,0.0,6.17460287983e-05,0.0
94.15,0.0,6.17108958977e-05,0.0
94.2,0.0,6.16758038137e-05,0.0
94.25,0.0,6.1640752306e-05,0.0
94.3,0.0,6.16057411355e-05,0.0
94.35,0.0,6.15707700655e-05,0.0
94.4,0.0,6.15358388607e-05,0.0
94.45,0.0,6.15009472875e-05,0.0
94.5,0.0,6.14660951143e-05,0.0
94.55,0.0,6.14312821111e-05,0.0
94.6,0.0,6.13965080494e-05,0.0
94.65,0.0,6.13617727028e-05,0.0
94.7,0.0,6.13270758463e-05,0.0
94.75,0.0,6.12924172566e-05,0.0
94.8,0.0,6.12577967122e-05,0.0
94.85,0.0,6.12232139931e-05,0.0
94.9,0.0,6.11888280144e-05,0.0
94.95,0.0,6.11545227831e-05,0.0
95.0,0.0,6.11202553863e-05,0.0
95.05,0.0,6.10860256043e-05,0.0
95.1,0.0,6.1051833219e-05,0.0
95.15,0.0,6.10176780141e-05,0.0
95.2,0.0,6.09835597746e-05,0.0
95.25,0.0,6.0949528935e-05,0.0
95.3,0.0,6.09156404212e-05,0.0
95.35,0.0,6.08817884026e-05,0.0
95.4,0.0,6.08479726668e-05,0.0
95.45,0.0,6.0814193003e-05,0.0
95.5,0.0,6.0780449202e-05,0.0
95.55,0.0,6.07467410562e-05,0.0
95.6,0.0,6.07130683595e-05,0.0
95.65,0.0,6.06794309073e-05,0.0
95.7,0.0,6.06458284965e-05,0.0
95.75,0.0,6.06122609257e-05,0.0
95.8,0.0,6.05787279949e-05,0.0
95.85,0.0,6.05452295055e-05,0.0
95.9,0.0,6.05117652606e-05,0.0
95.95,0.0,6.04783350644e-05,0.0
96.0,0.0,6.04449387231e-05,0.0
96.05,0.0,6.04115760438e-05,0.0
96.1,0.0,6.03782468355e-05,0.0
96.15,0.0,6.03449509083e-05,0.0
96.2,0.0,6.03116880738e-05,0.0
96.25,0.0,6.02784581451e-05,0.0
96.3,0.0,6.02452609367e-05,0.0
96.35,0.0,6.02120962643e-05,0.0
96.4,0.0,6.01790602478e-05,0.0
96.45,0.0,6.01461590149e-05,0.0
96.5,0.0,6.01132904154e-05,0.0
96.55,0.0,6.00804542644e-05,0.0
96.6,0.0,6.00476503786e-05,0.0
96.65,0.0,6.00148785758e-05,0.0
96.7,0.0,5.99821386754e-05,0.0
96.75,0.0,5.9949430498e-05,0.0
96.8,0.0,5.99167538655e-05,0.0
96.85,0.0,5.98841086013e-05,0.0
96.9,0.0,5.98514945301e-05,0.0
96.95,0.0,5.98189114777e-05,0.0
97.0,0.0,5.97863592713e-05,0.0
97.05,0.0,5.97538377396e-05,0.0
97.1,0.0,5.97213467124e-05,0.0
97.15,0.0,5.96888860206e-05,0.0
97.2,0.0,5.96564554966e-05,0.0
97.25,0.0,5.9624054974e-05,0.0
97.3,0.0,5.95916842877e-05,0.0
97.35,0.0,5.95593432737e-05,0.0
97.4,0.0,5.95270317693e-05,0.0
97.45,0.0,5.9494749613e-05,0.0
97.5,0.0,5.94624966444e-05,0.0
97.55,0.0,5.94302727045e-05,0.0
97.6,0.0,5.93980776353e-05,0.0
97.65,0.0,5.93659112802e-05,0.0
97.7,0.0,5.93337734835e-05,0.0
97.75,0.0,5.93016640908e-05,0.0
97.8,0.0,5.92695829489e-05,0.0
97.85,0.0,5.92375299056e-05,0.0
97.9,0.0,5.92055403357e-05,0.0
97.95,0.0,5.91737385111e-05,0.0
98.0,0.0,5.91419649664e-05,0.0
98.05,0.0,5.91102195481e-05,0.0
98.1,0.0,5.90785103403e-05,0.0
98.15,0.0,5.90469577919e-05,0.0
98.2,0.0,5.90154334847e-05,0.0
98.25,0.0,5.89839368772e-05,0.0
98.3,0.0,5.89524678181e-05,0.0
98.35,0.0,5.89210261571e-05,0.0
98.4,0.0,5.8889611745e-05,0.0
98.45,0.0,5.88582244337e-05,0.0
98.5,0.0,5.88268640764e-05,0.0
98.55,0.0,5.87955305271e-05,0.0
98.6,0.0,5.87642236412e-05,0.0
98.65,0.0,5.87329432749e-05,0.0
98.7,0.0,5.87016892857e-05,0.0
98.75,0.0,5.8670461532e-05,0.0
98.8,0.0,5.86392598735e-05,0.0
98.85,0.0,5.86080841707e-05,0.0
98.9,0.0,5.85769342853e-05,0.0
98.95,0.0,5.85458100799e-05,0.0
99.0,0.0,5.85147114183e-05,0.0
99.05,0.0,5.84836381652e-05,0.0
99.1,0.0,5.84525901863e-05,0.0
99.15,0.0,5.84215673484e-05,0.0
99.2,0.0,5.83905695193e-05,0.0
99.25,0.0,5.83595965676e-05,0.0
99.3,0.0,5.83286483632e-05,0.0
99.35,0.0,5.82977247766e-05,0.0
99.4,0.0,5.82668256797e-05,0.0
99.45,0.0,5.82361198799e-05,0.0
99.5,0.0,5.82054621509e-05,0.0
99.55,0.0,5.81748291396e-05,0.0
99.6,0.0,5.81442207157e-05,0.0
99.65,0.0,5.811363675e-05,0.0
99.7,0.0,5.80830771139e-05,0.0
99.75,0.0,5.80525416802e-05,0.0
99.8,0.0,5.80220303223e-05,0.0
99.85,0.0,5.79915429148e-05,0.0
99.9,0.0,5.79610793331e-05,0.0
99.95,0.0,5.79306394535e-05,0.0
100.0,0.0,5.79002231534e-05,0.0
