"time","AMPA","NMDA","GABAa"
0.0,0.0,0.0,0.0
0.05,0.0,0.0,0.0
0.1,0.0,0.0,0.0
0.15,0.0,0.0,0.0
0.2,0.0,0.0,0.0
0.25,0.0,0.0,0.0
0.3,0.0,0.0,0.0
0.35,0.0,0.0,0.0
0.4,0.0,0.0,0.0
0.45,0.0,0.0,0.0
0.5,0.0,0.0,0.0
0.55,0.0,0.0,0.0
0.6,0.0,0.0,0.0
0.65,0.0,0.0,0.0
0.7,0.0,0.0,0.0
0.75,0.0,0.0,0.0
0.8,0.0,0.0,0.0
0.85,0.0,0.0,0.0
0.9,0.0,0.0,0.0
0.95,0.0,0.0,0.0
1.0,0.0,0.0,0.0
1.05,0.0,0.0,0.0
1.1,0.0,0.0,0.0
1.15,0.0,0.0,0.0
1.2,0.0,0.0,0.0
1.25,0.0,0.0,0.0
1.3,0.0,0.0,0.0
1.35,0.0,0.0,0.0
1.4,0.0,0.0,0.0
1.45,0.0,0.0,0.0
1.5,0.0,0.0,0.0
1.55,0.0,0.0,0.0
1.6,0.0,0.0,0.0
1.65,0.0,0.0,0.0
1.7,0.0,0.0,0.0
1.75,0.0,0.0,0.0
1.8,0.0,0.0,0.0
1.85,0.0,0.0,0.0
1.9,0.0,0.0,0.0
1.95,0.0,0.0,0.0
2.0,0.0,0.0,0.0
2.05,0.0,0.0,0.0
2.1,0.0,0.0,0.0
2.15,0.0,0.0,0.0
2.2,0.0,0.0,0.0
2.25,0.0,0.0,0.0
2.3,0.0,0.0,0.0
2.35,0.0,0.0,0.0
2.4,0.0,0.0,0.0
2.45,0.0,0.0,0.0
2.5,0.0,0.0,0.0
2.55,0.0,0.0,0.0
2.6,0.0,0.0,0.0
2.65,0.0,0.0,0.0
2.7,0.0,0.0,0.0
2.75,0.0,0.0,0.0
2.8,0.0,0.0,0.0
2.85,0.0,0.0,0.0
2.9,0.0,0.0,0.0
2.95,0.0,0.0,0.0
3.0,0.0,0.0,0.0
3.05,0.0,0.0,0.0
3.1,0.0,0.0,0.0
3.15,0.0,0.0,0.0
3.2,0.0,0.0,0.0
3.25,0.0,0.0,0.0
3.3,0.0,0.0,0.0
3.35,0.0,0.0,0.0
3.4,0.0,0.0,0.0
3.45,0.0,0.0,0.0
3.5,0.0,0.0,0.0
3.55,0.0,0.0,0.0
3.6,0.0,0.0,0.0
3.65,0.0,0.0,0.0
3.7,0.0,0.0,0.0
3.75,0.0,0.0,0.0
3.8,0.0,0.0,0.0
3.85,0.0,0.0,0.0
3.9,0.0,0.0,0.0
3.95,0.0,0.0,0.0
4.0,0.0,0.0,0.0
4.05,0.0,0.0,0.0
4.1,0.0,0.0,0.0
4.15,0.0,0.0,0.0
4.2,0.0,0.0,0.0
4.25,0.0,0.0,0.0
4.3,0.0,0.0,0.0
4.35,0.0,0.0,0.0
4.4,0.0,0.0,0.0
4.45,0.0,0.0,0.0
4.5,0.0,0.0,0.0
4.55,0.0,0.0,0.0
4.6,0.0,0.0,0.0
4.65,0.0,0.0,0.0
4.7,0.0,0.0,0.0
4.75,0.0,0.0,0.0
4.8,0.0,0.0,0.0
4.85,0.0,0.0,0.0
4.9,0.0,0.0,0.0
4.95,0.0,0.0,0.0
5.0,0.0,0.0,0.0
5.05,0.0,0.0,0.0
5.1,0.0,0.0,0.0
5.15,0.0,0.0,0.0
5.2,0.0,0.0,0.0
5.25,0.0,0.0,0.0
5.3,0.0,0.0,0.0
5.35,0.0,0.0,0.0
5.4,0.0,0.0,0.0
5.45,0.0,0.0,0.0
5.5,0.0,0.0,0.0
5.55,0.0,0.0,0.0
5.6,0.0,0.0,0.0
5.65,0.0,0.0,0.0
5.7,0.0,0.0,0.0
5.75,0.0,0.0,0.0
5.8,0.0,0.0,0.0
5.85,0.0,0.0,0.0
5.9,0.0,0.0,0.0
5.95,0.0,0.0,0.0
6.0,0.0,0.0,0.0
6.05,0.0,0.0,0.0
6.1,0.0,0.0,0.0
6.15,0.0,0.0,0.0
6.2,0.0,0.0,0.0
6.25,0.0,0.0,0.0
6.3,0.0,0.0,0.0
6.35,0.0,0.0,0.0
6.4,0.0,0.0,0.0
6.45,0.0,0.0,0.0
6.5,0.0,0.0,0.0
6.55,0.0,0.0,0.0
6.6,0.0,0.0,0.0
6.65,0.0,0.0,0.0
6.7,0.0,0.0,0.0
6.75,0.0,0.0,0.0
6.8,0.0,0.0,0.0
6.85,0.0,0.0,0.0
6.9,0.0,0.0,0.0
6.95,0.0,0.0,0.0
7.0,0.0,0.0,0.0
7.05,0.0,0.0,0.0
7.1,0.0,0.0,0.0
7.15,0.0,0.0,0.0
7.2,0.0,0.0,0.0
7.25,0.0,0.0,0.0
7.3,0.0,0.0,0.0
7.35,0.0,0.0,0.0
7.4,0.0,0.0,0.0
7.45,0.0,0.0,0.0
7.5,0.0,0.0,0.0
7.55,0.0,0.0,0.0
7.6,0.0,0.0,0.0
7.65,0.0,0.0,0.0
7.7,0.0,0.0,0.0
7.75,0.0,0.0,0.0
7.8,0.0,0.0,0.0
7.85,0.0,0.0,0.0
7.9,0.0,0.0,0.0
7.95,0.0,0.0,0.0
8.0,0.0,0.0,0.0
8.05,0.0,0.0,0.0
8.1,0.0,0.0,0.0
8.15,0.0,0.0,0.0
8.2,0.0,0.0,0.0
8.25,0.0,0.0,0.0
8.3,0.0,0.0,0.0
8.35,0.0,0.0,0.0
8.4,0.0,0.0,0.0
8.45,0.0,0.0,0.0
8.5,0.0,0.0,0.0
8.55,0.0,0.0,0.0
8.6,0.0,0.0,0.0
8.65,0.0,0.0,0.0
8.7,0.0,0.0,0.0
8.75,0.0,0.0,0.0
8.8,0.0,0.0,0.0
8.85,0.0,0.0,0.0
8.9,0.0,0.0,0.0
8.95,0.0,0.0,0.0
9.0,0.0,0.0,0.0
9.05,0.0,0.0,0.0
9.1,0.0,0.0,0.0
9.15,0.0,0.0,0.0
9.2,0.0,0.0,0.0
9.25,0.0,0.0,0.0
9.3,0.0,0.0,0.0
9.35,0.0,0.0,0.0
9.4,0.0,0.0,0.0
9.45,0.0,0.0,0.0
9.5,0.0,0.0,0.0
9.55,0.0,0.0,0.0
9.6,0.0,0.0,0.0
9.65,0.0,0.0,0.0
9.7,0.0,0.0,0.0
9.75,0.0,0.0,0.0
9.8,0.0,0.0,0.0
9.85,0.0,0.0,0.0
9.9,0.0,0.0,0.0
9.95,0.0,0.0,0.0
10.0,0.0,0.0,0.0
10.05,0.0,0.0,0.0
10.1,0.0,0.0,0.0
10.15,0.0,0.0,0.0
10.2,0.0,0.0,0.0
10.25,0.0,0.0,0.0
10.3,0.0,0.0,0.0
10.35,0.0,0.0,0.0
10.4,0.0,0.0,0.0
10.45,0.0,0.0,0.0
10.5,0.0,0.0,0.0
10.55,0.0,0.0,0.0
10.6,0.0,0.0,0.0
10.65,0.0,0.0,0.0
10.7,0.0,0.0,0.0
10.75,0.0,0.0,0.0
10.8,0.0,0.0,0.0
10.85,0.0,0.0,0.0
10.9,0.0,0.0,0.0
10.95,0.0,0.0,0.0
11.0,0.0,0.0,0.0
11.05,0.0,0.0,0.0
11.1,0.0,0.0,0.0
11.15,0.0,0.0,0.0
11.2,0.0,0.0,0.0
11.25,0.0,0.0,0.0
11.3,0.0,0.0,0.0
11.35,0.0,0.0,0.0
11.4,0.0,0.0,0.0
11.45,0.0,0.0,0.0
11.5,0.0,0.0,0.0
11.55,0.0,0.0,0.0
11.6,0.0,0.0,0.0
11.65,0.0,0.0,0.0
11.7,0.0,0.0,0.0
11.75,0.0,0.0,0.0
11.8,0.0,0.0,0.0
11.85,0.0,0.0,0.0
11.9,0.0,0.0,0.0
11.95,0.0,0.0,0.0
12.0,0.0,0.0,0.0
12.05,0.0,0.0,0.0
12.1,0.0,0.0,0.0
12.15,0.0,0.0,0.0
12.2,0.0,0.0,0.0
12.25,0.0,0.0,0.0
12.3,0.0,0.0,0.0
12.35,0.0,0.0,0.0
12.4,0.0,0.0,0.0
12.45,0.0,0.0,0.0
12.5,0.0,0.0,0.0
12.55,0.0,0.0,0.0
12.6,0.0,0.0,0.0
12.65,0.0,0.0,0.0
12.7,0.0,0.0,0.0
12.75,0.0,0.0,0.0
12.8,0.0,0.0,0.0
12.85,0.0,0.0,0.0
12.9,0.0,0.0,0.0
12.95,0.0,0.0,0.0
13.0,0.0,0.0,0.0
13.05,0.0,0.0,0.0
13.1,0.0,0.0,0.0
13.15,0.0,0.0,0.0
13.2,0.0,0.0,0.0
13.25,0.0,0.0,0.0
13.3,0.0,0.0,0.0
13.35,0.0,0.0,0.0
13.4,0.0,0.0,0.0
13.45,0.0,0.0,0.0
13.5,0.0,0.0,0.0
13.55,0.0,0.0,0.0
13.6,0.0,0.0,0.0
13.65,0.0,0.0,0.0
13.7,0.0,0.0,0.0
13.75,0.0,0.0,0.0
13.8,0.0,0.0,0.0
13.85,0.0,0.0,0.0
13.9,0.0,0.0,0.0
13.95,0.0,0.0,0.0
14.0,0.0,0.0,0.0
14.05,0.0,0.0,0.0
14.1,0.0,0.0,0.0
14.15,0.0,0.0,0.0
14.2,0.0,0.0,0.0
14.25,0.0,0.0,0.0
14.3,0.0,0.0,0.0
14.35,0.0,0.0,0.0
14.4,0.0,0.0,0.0
14.45,0.0,0.0,0.0
14.5,0.0,0.0,0.0
14.55,0.0,0.0,0.0
14.6,0.0,0.0,0.0
14.65,0.0,0.0,0.0
14.7,0.0,0.0,0.0
14.75,0.0,0.0,0.0
14.8,0.0,0.0,0.0
14.85,0.0,0.0,0.0
14.9,0.0,0.0,0.0
14.95,0.0,0.0,0.0
15.0,0.0,0.0,0.0
15.05,0.0,0.0,0.0
15.1,0.0,0.0,0.0
15.15,0.0,0.0,0.0
15.2,0.0,0.0,0.0
15.25,0.0,0.0,0.0
15.3,0.0,0.0,0.0
15.35,0.0,0.0,0.0
15.4,0.0,0.0,0.0
15.45,0.0,0.0,0.0
15.5,0.0,0.0,0.0
15.55,0.0,0.0,0.0
15.6,0.0,0.0,0.0
15.65,0.0,0.0,0.0
15.7,0.0,0.0,0.0
15.75,0.0,0.0,0.0
15.8,0.0,0.0,0.0
15.85,0.0,0.0,0.0
15.9,0.0,0.0,0.0
15.95,0.0,0.0,0.0
16.0,0.0,0.0,0.0
16.05,0.0,0.0,0.0
16.1,0.0,0.0,0.0
16.15,0.0,0.0,0.0
16.2,0.0,0.0,0.0
16.25,0.0,0.0,0.0
16.3,0.0,0.0,0.0
16.35,0.0,0.0,0.0
16.4,0.0,0.0,0.0
16.45,0.0,0.0,0.0
16.5,0.0,0.0,0.0
16.55,0.0,0.0,0.0
16.6,0.0,0.0,0.0
16.65,0.0,0.0,0.0
16.7,0.0,0.0,0.0
16.75,0.0,0.0,0.0
16.8,0.0,0.0,0.0
16.85,0.0,0.0,0.0
16.9,0.0,0.0,0.0
16.95,0.0,0.0,0.0
17.0,0.0,0.0,0.0
17.05,0.0,0.0,0.0
17.1,0.0,0.0,0.0
17.15,0.0,0.0,0.0
17.2,0.0,0.0,0.0
17.25,0.0,0.0,0.0
17.3,0.0,0.0,0.0
17.35,0.0,0.0,0.0
17.4,0.0,0.0,0.0
17.45,0.0,0.0,0.0
17.5,0.0,0.0,0.0
17.55,0.0,0.0,0.0
17.6,0.0,0.0,0.0
17.65,0.0,0.0,0.0
17.7,0.0,0.0,0.0
17.75,0.0,0.0,0.0
17.8,0.0,0.0,0.0
17.85,0.0,0.0,0.0
17.9,0.0,0.0,0.0
17.95,0.0,0.0,0.0
18.0,0.0,0.0,0.0
18.05,0.0,0.0,0.0
18.1,0.0,0.0,0.0
18.15,0.0,0.0,0.0
18.2,0.0,0.0,0.0
18.25,0.0,0.0,0.0
18.3,0.0,0.0,0.0
18.35,0.0,0.0,0.0
18.4,0.0,0.0,0.0
18.45,0.0,0.0,0.0
18.5,0.0,0.0,0.0
18.55,0.0,0.0,0.0
18.6,0.0,0.0,0.0
18.65,0.0,0.0,0.0
18.7,0.0,0.0,0.0
18.75,0.0,0.0,0.0
18.8,0.0,0.0,0.0
18.85,0.0,0.0,0.0
18.9,0.0,0.0,0.0
18.95,0.0,0.0,0.0
19.0,0.0,0.0,0.0
19.05,0.0,0.0,0.0
19.1,0.0,0.0,0.0
19.15,0.0,0.0,0.0
19.2,0.0,0.0,0.0
19.25,0.0,0.0,0.0
19.3,0.0,0.0,0.0
19.35,0.0,0.0,0.0
19.4,0.0,0.0,0.0
19.45,0.0,0.0,0.0
19.5,0.0,0.0,0.0
19.55,0.0,0.0,0.0
19.6,0.0,0.0,0.0
19.65,0.0,0.0,0.0
19.7,0.0,0.0,0.0
19.75,0.0,0.0,0.0
19.8,0.0,0.0,0.0
19.85,0.0,0.0,0.0
19.9,0.0,0.0,0.0
19.95,0.0,0.0,0.0
20.0,0.0,0.0,0.0
20.05,0.0,0.0,0.0
20.1,0.0,0.0,0.0
20.15,0.0,0.0,0.0
20.2,0.0,0.0,0.0
20.25,0.0,0.0,0.0
20.3,0.0,0.0,0.0
20.35,0.0,0.0,0.0
20.4,0.0,0.0,0.0
20.45,0.0,0.0,0.0
20.5,0.0,0.0,0.0
20.55,0.0,0.0,0.0
20.6,0.0,0.0,0.0
20.65,0.0,0.0,0.0
20.7,0.0,0.0,0.0
20.75,0.0,0.0,0.0
20.8,0.0,0.0,0.0
20.85,0.0,0.0,0.0
20.9,0.0,0.0,0.0
20.95,0.0,0.0,0.0
21.0,0.0,0.0,0.0
21.05,0.0,0.0,0.0
21.1,0.0,0.0,0.0
21.15,0.0,0.0,0.0
21.2,0.0,0.0,0.0
21.25,0.0,0.0,0.0
21.3,0.0,0.0,0.0
21.35,0.0,0.0,0.0
21.4,0.0,0.0,0.0
21.45,0.0,0.0,0.0
21.5,0.0,0.0,0.0
21.55,0.0,0.0,0.0
21.6,0.0,0.0,0.0
21.65,0.0,0.0,0.0
21.7,0.0,0.0,0.0
21.75,0.0,0.0,0.0
21.8,0.0,0.0,0.0
21.85,0.0,0.0,0.0
21.9,0.0,0.0,0.0
21.95,0.0,0.0,0.0
22.0,0.0,0.0,0.0
22.05,0.0,0.0,0.0
22.1,0.0,0.0,0.0
22.15,0.0,0.0,0.0
22.2,0.0,0.0,0.0
22.25,0.0,0.0,0.0
22.3,0.0,0.0,0.0
22.35,0.0,0.0,0.0
22.4,0.0,0.0,0.0
22.45,0.0,0.0,0.0
22.5,0.0,0.0,0.0
22.55,0.0,0.0,0.0
22.6,0.0,0.0,0.0
22.65,0.0,0.0,0.0
22.7,0.0,0.0,0.0
22.75,0.0,0.0,0.0
22.8,0.0,0.0,0.0
22.85,0.0,0.0,0.0
22.9,0.0,0.0,0.0
22.95,0.0,0.0,0.0
23.0,0.0,0.0,0.0
23.05,0.0,0.0,0.0
23.1,0.0,0.0,0.0
23.15,0.0,0.0,0.0
23.2,0.0,0.0,0.0
23.25,0.0,0.0,0.0
23.3,0.0,0.0,0.0
23.35,0.0,0.0,0.0
23.4,0.0,0.0,0.0
23.45,0.0,0.0,0.0
23.5,0.0,0.0,0.0
23.55,0.0,0.0,0.0
23.6,0.0,0.0,0.0
23.65,0.0,0.0,0.0
23.7,0.0,0.0,0.0
23.75,0.0,0.0,0.0
23.8,0.0,0.0,0.0
23.85,0.0,0.0,0.0
23.9,0.0,0.0,0.0
23.95,0.0,0.0,0.0
24.0,0.0,0.0,0.0
24.05,0.0,0.0,0.0
24.1,0.0,0.0,0.0
24.15,0.0,0.0,0.0
24.2,0.0,0.0,0.0
24.25,0.0,0.0,0.0
24.3,0.0,0.0,0.0
24.35,0.0,0.0,0.0
24.4,0.0,0.0,0.0
24.45,0.0,0.0,0.0
24.5,0.0,0.0,0.0
24.55,0.0,0.0,0.0
24.6,0.0,0.0,0.0
24.65,0.0,0.0,0.0
24.7,0.0,0.0,0.0
24.75,0.0,0.0,0.0
24.8,0.0,0.0,0.0
24.85,0.0,0.0,0.0
24.9,0.0,0.0,0.0
24.95,0.0,0.0,0.0
25.0,0.0,0.0,0.0
25.05,0.0,0.0,0.0
25.1,0.0,0.0,0.0
25.15,0.0,0.0,0.0
25.2,0.0,0.0,0.0
25.25,0.0,0.0,0.0
25.3,0.0,0.0,0.0
25.35,0.0,0.0,0.0
25.4,0.0,0.0,0.0
25.45,0.0,0.0,0.0
25.5,0.0,0.0,0.0
25.55,0.0,0.0,0.0
25.6,0.0,0.0,0.0
25.65,0.0,0.0,0.0
25.7,0.0,0.0,0.0
25.75,0.0,0.0,0.0
25.8,0.0,0.0,0.0
25.85,0.0,0.0,0.0
25.9,0.0,0.0,0.0
25.95,0.0,0.0,0.0
26.0,0.0,0.0,0.0
26.05,0.0,0.0,0.0
26.1,0.0,0.0,0.0
26.15,0.0,0.0,0.0
26.2,0.0,0.0,0.0
26.25,0.0,0.0,0.0
26.3,0.0,0.0,0.0
26.35,0.0,0.0,0.0
26.4,0.0,0.0,0.0
26.45,0.0,0.0,0.0
26.5,0.0,0.0,8.57125163177e-17
26.55,0.0,0.0,0.000115825982257
26.6,0.0,0.0,0.000205072986303
26.65,0.0,0.0,0.000273670911638
26.7,0.0,0.0,0.000326265318514
26.75,0.0,0.0,0.000366479829038
26.8,0.0,0.0,0.000397131663605
26.85,0.0,0.0,0.000535034560503
26.9,0.0,0.0,0.000754375892189
26.95,0.0,0.0,0.000920755456058
27.0,0.0,0.0,0.00104594039592
27.05,0.0,0.0,0.00113923745292
27.1,0.0,0.0,0.00131953384216
27.15,0.0,0.0,0.00167435095269
27.2,0.0,0.0,0.00193624276882
27.25,0.0,0.0,0.00212588775155
27.3,0.0,0.0,0.00236663765612
27.35,0.0,0.0,0.00253591808864
27.4,0.0,0.0,0.00265046165481
27.45,0.0,0.0,0.00282516854374
27.5,0.0,0.0,0.00293929735792
27.55,0.0,0.0,0.00310249832495
27.6,0.0,0.0,0.00320405713512
27.65,0.0,0.0,0.00325928562899
27.7,0.0,0.0,0.00328003804671
27.75,0.0,0.0,0.00327540881857
27.8,0.0,0.0,0.00325168668134
27.85,0.0,0.0,0.00321098341396
27.9,0.0,0.0,0.0031583611294
27.95,0.0,0.0,0.00310021529787
28.0,0.0,0.0,0.00303866896878
28.05,0.0,0.0,0.00297472269098
28.1,0.0,0.0,0.00290616444641
28.15,0.0,0.0,0.0028326106657
28.2,0.0,0.0,0.00276081310975
28.25,0.0,0.0,0.00269053809345
28.3,0.0,0.0,0.00261990435781
28.35,0.0,0.0,0.00255192036322
28.4,0.0,0.0,0.00255364861822
28.45,0.0,0.0,0.0025361002849
28.5,0.0,0.0,0.00250636044825
28.55,0.0,0.0,0.00246615903221
28.6,0.0,0.0,0.00242081734665
28.65,0.0,0.0,0.00237230178825
28.7,0.0,0.0,0.00232205453146
28.75,0.0,0.0,0.0022711332542
28.8,0.0,0.0,0.00222030502744
28.85,0.0,0.0,0.00217011482997
28.9,0.0,0.0,0.00212094392097
28.95,0.0,0.0,0.00207305223713
29.0,0.0,0.0,0.00202660682574
29.05,0.0,0.0,0.00198171434078
29.1,0.0,0.0,0.00193842650229
29.15,0.0,0.0,0.00189676351225
29.2,0.0,0.0,0.00185671434068
29.25,0.0,0.0,0.00181825387858
29.3,0.0,0.0,0.00178134623894
29.35,0.0,0.0,0.00174558583514
29.4,0.0,0.0,0.00170948217744
29.45,0.0,0.0,0.00167495781255
29.5,0.0,0.0,0.00164192807067
29.55,0.0,0.0,0.00161031794747
29.6,0.0,0.0,0.00158005197128
29.65,0.0,0.0,0.00155106201552
29.7,0.0,0.0,0.00152327922532
29.75,0.0,0.0,0.00149664164441
29.8,0.0,0.0,0.00147109223836
29.85,0.0,0.0,0.00144657550611
29.9,0.0,0.0,0.00142304088008
29.95,0.0,0.0,0.00140043720197
30.0,0.0,0.0,0.00137871629629
30.05,0.0,0.0,0.0013578366795
30.1,0.0,0.0,0.00133775517053
30.15,0.0,0.0,0.00131843352736
30.2,0.0,0.0,0.00129983170068
30.25,0.0,0.0,0.00128191436181
30.3,0.0,0.0,0.00126464933579
30.35,0.0,0.0,0.0012480047726
30.4,0.0,0.0,0.00123195212653
30.45,0.0,0.0,0.00121646144993
30.5,0.0,0.0,0.00120150450929
30.55,0.0,0.0,0.00118705808808
30.6,0.0,0.0,0.00117309674474
30.65,0.0,0.0,0.00115959863595
30.7,0.0,0.0,0.00114653965071
30.75,0.0,0.0,0.0011338991716
30.8,0.0,0.0,0.00112165876414
30.85,0.0,0.0,0.00110979971578
30.9,0.0,0.0,0.0010983057081
30.95,0.0,0.0,0.00108715866467
31.0,0.0,0.0,0.00107634153691
31.05,0.0,0.0,0.00106584130304
31.1,0.0,0.0,0.00105564252142
31.15,0.0,0.0,0.00104573256716
31.2,0.0,0.0,0.0010360963823
31.25,0.0,0.0,0.00102759173321
31.3,0.0,0.0,0.00103981613866
31.35,0.0,0.0,0.00108154383419
31.4,0.0,0.0,0.00111149779499
31.45,0.0,0.0,0.00113238705559
31.5,0.0,0.0,0.001146329634
31.55,0.0,0.0,0.00115583232569
31.6,0.0,0.0,0.00117996207146
31.65,0.0,0.0,0.0011971377541
31.7,0.0,0.0,0.0012274992893
31.75,0.0,0.0,0.00124843612625
31.8,0.0,0.0,0.001262176092
31.85,0.0,0.0,0.00127044838691
31.9,0.0,0.0,0.001274590661
31.95,0.0,0.0,0.00127660552142
32.0,0.0,0.0,0.00129171608846
32.05,0.0,0.0,0.00132045309137
32.1,0.0,0.0,0.00133999191145
32.15,0.0,0.0,0.00135252616055
32.2,0.0,0.0,0.00135975591767
32.25,0.0,0.0,0.00136286578802
32.3,0.0,0.0,0.00136130327153
32.35,0.0,0.0,0.00135471753352
32.4,0.0,0.0,0.00134677764905
32.45,0.0,0.0,0.00133791188066
32.5,0.0,0.0,0.00132844219786
32.55,0.0,0.0,0.00131848679669
32.6,0.0,0.0,0.00130693638085
32.65,0.0,0.0,0.00129529866162
32.7,0.0,0.0,0.00128305452435
32.75,0.0,0.0,0.00129074216627
32.8,0.0,0.0,0.00129361857383
32.85,0.0,0.0,0.00129291265548
32.9,0.0,0.0,0.00128956223348
32.95,0.0,0.0,0.00128418954485
33.0,0.0,0.0,0.00127645885131
33.05,0.0,0.0,0.00128945737636
33.1,0.0,0.0,0.00131785720369
33.15,0.0,0.0,0.00133581041013
33.2,0.0,0.0,0.00134586192698
33.25,0.0,0.0,0.00134998111698
33.3,0.0,0.0,0.00134968828722
33.35,0.0,0.0,0.00134615007578
33.4,0.0,0.0,0.00134025456116
33.45,0.0,0.0,0.0013326800318
33.5,0.0,0.0,0.00132394245513
33.55,0.0,0.0,0.0013144305752
33.6,0.0,0.0,0.0013044367637
33.65,0.0,0.0,0.00129417865552
33.7,0.0,0.0,0.00128368739046
33.75,0.0,0.0,0.00127193085722
33.8,0.0,0.0,0.00126036095358
33.85,0.0,0.0,0.00124903135472
33.9,0.0,0.0,0.00123797530476
33.95,0.0,0.0,0.00122721557163
34.0,0.0,0.0,0.00121661413306
34.05,0.0,0.0,0.0012049220489
34.1,0.0,0.0,0.00119236645151
34.15,0.0,0.0,0.00118026761033
34.2,0.0,0.0,0.0011686022066
34.25,0.0,0.0,0.00115734739765
34.3,0.0,0.0,0.00114648113074
34.35,0.0,0.0,0.00113598391684
34.4,0.0,0.0,0.00112583439409
34.45,0.0,0.0,0.00111601438122
34.5,0.0,0.0,0.00110650781526
34.55,0.0,0.0,0.00109729976444
34.6,0.0,0.0,0.00108923238167
34.65,0.0,0.0,0.0010927264724
34.7,0.0,0.0,0.00109451863171
34.75,0.0,0.0,0.00110487451849
34.8,0.0,0.0,0.00111111451269
34.85,0.0,0.0,0.00111422935128
34.9,0.0,0.0,0.00111498207628
34.95,0.0,0.0,0.00111396277635
35.0,0.0,0.0,0.0011116265335
35.05,0.0,0.0,0.00110832311085
35.1,0.0,0.0,0.00110431841661
35.15,0.0,0.0,0.00109981516523
35.2,0.0,0.0,0.00109496973286
35.25,0.0,0.0,0.00108990022982
35.3,0.0,0.0,0.00108551429814
35.35,0.0,0.0,0.00109362422246
35.4,0.0,0.0,0.00109855393636
35.45,0.0,0.0,0.00110106578936
35.5,0.0,0.0,0.00110276084972
35.55,0.0,0.0,0.00111088278435
35.6,0.0,0.0,0.00111590668333
35.65,0.0,0.0,0.00111734249663
35.7,0.0,0.0,0.0011170227224
35.75,0.0,0.0,0.00111496347669
35.8,0.0,0.0,0.00112502615846
35.85,0.0,0.0,0.00113117265249
35.9,0.0,0.0,0.00113434460727
35.95,0.0,0.0,0.00113527116128
36.0,0.0,0.0,0.00113451533789
36.05,0.0,0.0,0.001132508664
36.1,0.0,0.0,0.00112958407577
36.15,0.0,0.0,0.0011259959967
36.2,0.0,0.0,0.00112193718755
36.25,0.0,0.0,0.0011175578046
36.3,0.0,0.0,0.00111287556191
36.35,0.0,0.0,0.00110677534555
36.4,0.0,0.0,0.00110067170424
36.45,0.0,0.0,0.00109460600887
36.5,0.0,0.0,0.00108855176483
36.55,0.0,0.0,0.00108127958201
36.6,0.0,0.0,0.00107416231297
36.65,0.0,0.0,0.00106720523741
36.7,0.0,0.0,0.00106040907863
36.75,0.0,0.0,0.00105368000516
36.8,0.0,0.0,0.0010458049519
36.85,0.0,0.0,0.00103814241982
36.9,0.0,0.0,0.00103067925788
36.95,0.0,0.0,0.00102340563217
37.0,0.0,0.0,0.00101631295511
37.05,0.0,0.0,0.00100939302527
37.1,0.0,0.0,0.00100263695964
37.15,0.0,0.0,0.000996037102422
37.2,0.0,0.0,0.000989584796129
37.25,0.0,0.0,0.000983274896186
37.3,0.0,0.0,0.000977100053992
37.35,0.0,0.0,0.000971054972353
37.4,0.0,0.0,0.000965131059274
37.45,0.0,0.0,0.000960332242377
37.5,0.0,0.0,0.000966095979648
37.55,0.0,0.0,0.000975786933338
37.6,0.0,0.0,0.00100392013441
37.65,0.0,0.0,0.00102445718965
37.7,0.0,0.0,0.00103912414169
37.75,0.0,0.0,0.00104927267546
37.8,-1.62844280705e-14,-2.81933396945e-15,0.00105595568097
37.85,-0.00602210855359,-6.53139609319e-05,0.00105999076914
37.9,-0.0116520488837,-0.000131330582868,0.0010875457985
37.95,-0.0168893739586,-0.000198680273214,0.0011365950277
38.0,-0.0217429531411,-0.000268126723205,0.00120494767906
38.05,-0.026221703318,-0.000340768195534,0.00129117395791
38.1,-0.0303387382083,-0.000416660200721,0.00141778794055
38.15,-0.0341102054951,-0.000496899585642,0.00155561578814
38.2,-0.0375515714871,-0.000581830928417,0.00173615215424
38.25,-0.040683339121,-0.000671620430226,0.0019212061024
38.3,-0.0435215799199,-0.000767145074658,0.00210998827367
38.35,-0.046086337023,-0.000868144570438,0.00230160369876
38.4,-0.0483936337595,-0.000975415546075,0.00249515550479
38.45,-0.0504625733773,-0.0010891457894,0.00268962018276
38.5,-0.052309193549,-0.001209175753,0.00288088948867
38.55,-0.0539502880311,-0.00133631068465,0.00306737893973
38.6,-0.0554010769869,-0.0014701220424,0.00325063032309
38.65,-0.0566762529372,-0.00161105738423,0.00347441012645
38.7,-0.0577939721791,-0.00175904063035,0.00368872224907
38.75,-0.0587665236531,-0.00191343463135,0.00389416901893
38.8,-0.058098270209,-0.00197490523456,0.00409432666654
38.85,-0.0569192581857,-0.00203411603048,0.00432464600241
38.9,-0.0557994364016,-0.00209041480877,0.00453040056296
38.95,-0.0547341237101,-0.00214388244894,0.00471590406222
39.0,-0.0537192502088,-0.00219467019775,0.00498220408185
39.05,-0.0527590139045,-0.00224190092711,0.00529607313368
39.1,-0.051854628391,-0.00228521832831,0.00555495599084
39.15,-0.0509992441477,-0.00232497213243,0.00577173536394
39.2,-0.0501874028602,-0.00236151868291,0.0059479225254
39.25,-0.0494140881361,-0.00239525871616,0.00609521442206
39.3,-0.0486754297834,-0.00242634251602,0.00621836118948
39.35,-0.0479681348648,-0.00245511299549,0.00632128174005
39.4,-0.0472893818156,-0.00248166775163,0.0064072058361
39.45,-0.0466367285832,-0.00250620761302,0.00647878806627
39.5,-0.0460080521636,-0.00252890007437,0.00653821258261
39.55,-0.0454014949881,-0.00254988543542,0.00658726773629
39.6,-0.0448154205786,-0.00256928180252,0.00662691366417
39.65,-0.0442483424306,-0.00258719368225,0.00665222136888
39.7,-0.0436985101774,-0.00260376665005,0.00667108019176
39.75,-0.0431648027248,-0.00261907097072,0.00668429842342
39.8,-0.042646208808,-0.00263319467219,0.00669210090257
39.85,-0.0421419948704,-0.00264627581876,0.00668867235648
39.9,-0.0416506525024,-0.00265833271614,0.00668160188738
39.95,-0.041171460726,-0.00266952690759,0.00667037055918
40.0,-0.0407036999901,-0.00267983277322,0.0066486373513
40.05,-0.0402462739072,-0.00268944615534,0.00661775497963
40.1,-0.0397982324083,-0.00269838094238,0.0065944480583
40.15,-0.0393597263197,-0.00270671002403,0.00669742573207
40.2,-0.038938308455,-0.00271315361041,0.00676702205393
40.25,-0.038531207468,-0.0027181020423,0.00681054698948
40.3,-0.0381362502967,-0.00272189612032,0.00683375013857
40.35,-0.0377517313262,-0.00272469244708,0.00684114128308
40.4,-0.0373763064783,-0.0027266682113,0.00683623097216
40.45,-0.0370089113372,-0.00272796243644,0.00682176371589
40.5,-0.0366486986312,-0.00272868672911,0.00679988559494
40.55,-0.0362949899088,-0.00272892931883,0.00677226775784
40.6,-0.0359472377748,-0.00272876032074,0.0067402058158
40.65,-0.0356049964411,-0.00272823583496,0.00670470466306
40.7,-0.0352678991228,-0.00272740108977,0.00666655184135
40.75,-0.0349356411034,-0.00272629278534,0.00662635579909
40.8,-0.034607966083,-0.00272494099942,0.0065845970003
40.85,-0.034284827609,-0.00272337055722,0.0065416582574
40.9,-0.0339658622418,-0.0027216023951,0.00649782852232
40.95,-0.0336509073477,-0.00271965389174,0.00645333987596
41.0,-0.0333398199042,-0.00271753980845,0.00640838209784
41.05,-0.0330324731376,-0.00271527274689,0.0063631049998
41.1,-0.0327287535039,-0.0027128635727,0.00631667937378
41.15,-0.0324285089238,-0.00271033056528,0.00625594435399
41.2,-0.0321309145371,-0.00270781414227,0.00619583226083
41.25,-0.0318359534223,-0.00270531334812,0.00613632849683
41.3,-0.0315436080258,-0.00270282733608,0.00607742456531
41.35,-0.0312538605106,-0.00270035530974,0.00601911831419
41.4,-0.0309666930932,-0.00269789646304,0.00596139543529
41.45,-0.0306820874436,-0.00269545638391,0.00590424821327
41.5,-0.0304000247434,-0.00269304646441,0.00584767534164
41.55,-0.0301204866928,-0.0026906475426,0.00579167387638
41.6,-0.0298434549838,-0.00268825894482,0.0057362352721
41.65,-0.0295689110992,-0.00268588004575,0.00568136260904
41.7,-0.0292968368772,-0.0026835101605,0.00563151513346
41.75,-0.0290274224726,-0.00268110737737,0.00565538746415
41.8,-0.0287640225842,-0.00267799534829,0.00573905020175
41.85,-0.0285093096263,-0.00267363947729,0.00592759239677
41.9,-0.0282675593705,-0.00266709160709,0.00605831906847
41.95,-0.0280356472798,-0.00265899930953,0.00614449570074
42.0,-0.0278112044883,-0.00264975152635,0.00619651531786
42.05,-0.0275924475281,-0.00263965674184,0.00622246298735
42.1,-0.0273780363139,-0.00262909533701,0.00623453485323
42.15,-0.0271672271913,-0.00261806333111,0.00625975694971
42.2,-0.0269604656449,-0.00260658987933,0.00626610891088
42.25,-0.0267568175826,-0.00259473923411,0.00625819429871
42.3,-0.026555593769,-0.00258276468345,0.00623955539823
42.35,-0.0263562833481,-0.00257065760088,0.00621291491421
42.4,-0.0261585173861,-0.00255861328042,0.00618379900118
42.45,-0.0259621664388,-0.00254653130922,0.00623656981264
42.5,-0.0257705027806,-0.00253382262147,0.00626346076626
42.55,-0.0255823264015,-0.00252059965058,0.00627072410002
42.6,-0.0253967488724,-0.00250718092387,0.00626317586471
42.65,-0.025213116465,-0.00249360731029,0.00624453299199
42.7,-0.0250309505873,-0.00248002041809,0.00621716783558
42.75,-0.0248498911491,-0.00246652522346,0.00617682714127
42.8,-0.0246694321435,-0.00245315293152,0.00612516005744
42.85,-0.0244892807299,-0.00244013734811,0.00605836162084
42.9,-0.0243087772231,-0.00242746761484,0.00599553428457
42.95,-0.0241281185063,-0.00241519651857,0.00597700536683
43.0,-0.0239489680624,-0.00240288336199,0.00594683075138
43.05,-0.0237708747452,-0.00239065510914,0.0059081385548
43.1,-0.0235935254169,-0.00237859277714,0.00586312247662
43.15,-0.0234166984907,-0.00236671485322,0.00580755960833
43.2,-0.0232400382085,-0.00235516747613,0.00574936701325
43.25,-0.0230634807754,-0.00234389439862,0.00568956661215
43.3,-0.0228870044227,-0.00233298756323,0.00562891651609
43.35,-0.0227106121227,-0.00232236834507,0.00556798867069
43.4,-0.0225343294176,-0.0023121117329,0.00550662002637
43.45,-0.0223581729513,-0.00230215763861,0.00543976095124
43.5,-0.0221819932407,-0.00229256920939,0.0053739243431
43.55,-0.0220058619084,-0.00228334793976,0.00530922260458
43.6,-0.0218298529546,-0.00227441269985,0.00524572181495
43.65,-0.0216540379852,-0.00226587211139,0.00518347114677
43.7,-0.0214784879229,-0.00225759041452,0.00512247730112
43.75,-0.0213032706879,-0.00224960250928,0.00506274553847
43.8,-0.0211284502961,-0.00224192436211,0.00500426403228
43.85,-0.0209541934823,-0.00223447362813,0.00494701684455
43.9,-0.0207804514267,-0.00222728645474,0.00489356421559
43.95,-0.0206073575273,-0.00222034403998,0.00491091306548
44.0,-0.0204370765757,-0.00221300770993,0.00491014602816
44.05,-0.0202689840548,-0.00220547109189,0.00489578204391
44.1,-0.0201026203568,-0.00219788125536,0.00487129164368
44.15,-0.0199376522867,-0.00219025337689,0.00483934616608
44.2,-0.0197738410402,-0.00218270447988,0.00480197412092
44.25,-0.0196110174528,-0.00217528298635,0.00476073500447
44.3,-0.0194490667675,-0.00216796493432,0.00471681040953
44.35,-0.0192879132272,-0.00216082913233,0.00467110137495
44.4,-0.0191275093589,-0.00215388281296,0.00462427611299
44.45,-0.0189678299456,-0.00214708735237,0.00457685478187
44.5,-0.0188088651474,-0.00214048340038,0.00452920775283
44.55,-0.0186506151068,-0.0021340979124,0.00448162180892
44.6,-0.0184930886852,-0.00212787054165,0.00443430266216
44.65,-0.0183362996849,-0.00212180027577,0.00438740933514
44.7,-0.0181802654838,-0.00211595805046,0.00434104297029
44.75,-0.0180250044566,-0.00211027595166,0.00429528437159
44.8,-0.0178705373849,-0.00210473937448,0.00425018411324
44.85,-0.0177169734688,-0.00209934415644,0.00420577868957
44.9,-0.0175642426293,-0.00209416159459,0.00416156385545
44.95,-0.0174123507745,-0.00208911841074,0.0041127773082
45.0,-0.0172611843611,-0.00208424669072,0.00406499267005
45.05,-0.0171107744955,-0.00207953928955,0.00401817322039
45.1,-0.0169611498361,-0.00207501619739,0.00397227938418
45.15,-0.0168123362043,-0.00207067724157,0.00392728281026
45.2,-0.0166643579788,-0.00206648066573,0.00388314351378
45.25,-0.0165172371783,-0.00206242060519,0.00383983379823
45.3,-0.0163709939918,-0.00205849142599,0.00379732366078
45.35,-0.0162256468044,-0.00205468774448,0.00375558840672
45.4,-0.0160812124011,-0.0020510475524,0.00371459337499
45.45,-0.0159377053871,-0.00204752638589,0.00367432739604
45.5,-0.0157951398697,-0.00204411414432,0.00363475159223
45.55,-0.0156535280211,-0.00204080644191,0.00359584518953
45.6,-0.0155128807765,-0.00203759907038,0.00355758411923
45.65,-0.0153732078143,-0.00203448802462,0.00351995334812
45.7,-0.0152345178136,-0.0020314694322,0.00348292721303
45.75,-0.0150968182628,-0.00202856696597,0.00344649033443
45.8,-0.0149601154663,-0.00202575760787,0.00341062492248
45.85,-0.0148244892976,-0.00202302887493,0.00337531707825
45.9,-0.0146898687987,-0.00202037768614,0.0033405438102
45.95,-0.0145562579123,-0.00201780103314,0.00330630217399
46.0,-0.0144236600879,-0.00201529594242,0.0032725643622
46.05,-0.0142920777842,-0.00201285966732,0.00323931825165
46.1,-0.0141615128399,-0.0020104895655,0.00320654836633
46.15,-0.0140319664329,-0.00200818312441,0.00317424700429
46.2,-0.0139034392685,-0.00200593790038,0.00314239654719
46.25,-0.0137759314007,-0.00200377176433,0.0031109883173
46.3,-0.0136494422669,-0.00200166586607,0.00308001110947
46.35,-0.0135239710958,-0.00199961368338,0.00304945703354
46.4,-0.0133995166472,-0.00199761638429,0.00301930946327
46.45,-0.0132760771305,-0.00199567227165,0.0029895698909
46.5,-0.0131536505905,-0.0019937760506,0.00296021711578
46.55,-0.0130322344962,-0.0019919259872,0.00293124385909
46.6,-0.0129118260189,-0.00199012040709,0.00290263960278
46.65,-0.0127924219859,-0.00198835771981,0.00287440066632
46.7,-0.0126740190237,-0.00198663636585,0.00284651421418
46.75,-0.0125566133998,-0.00198495488652,0.00281897532435
46.8,-0.0124402011842,-0.00198331186251,0.00279177649713
46.85,-0.0123248398063,-0.00198170593335,0.00276491328301
46.9,-0.0122104619165,-0.00198013586801,0.00273837328872
46.95,-0.0120970629121,-0.00197860043376,0.00271216020207
47.0,-0.0119846381864,-0.0019770983694,0.00268625701466
47.05,-0.0118731827704,-0.00197563698972,0.00266065921745
47.1,-0.0117626914945,-0.00197421104356,0.00263535931047
47.15,-0.0116531591226,-0.00197281472957,0.00261035580323
47.2,-0.011544580327,-0.00197144703234,0.00258563882283
47.25,-0.0114369495822,-0.0019701070092,0.00256120558092
47.3,-0.0113302612931,-0.00196879373602,0.00253705086224
47.35,-0.0112245097593,-0.00196750632543,0.00251317213878
47.4,-0.0111196892253,-0.00196624390621,0.00248955942016
47.45,-0.0110157937644,-0.0019650056796,0.00246621742938
47.5,-0.0109128175227,-0.00196379080737,0.0024431320132
47.55,-0.0108107544185,-0.00196259855504,0.00242030030071
47.6,-0.0107095983322,-0.00196142820552,0.00239771658386
47.65,-0.0106093430658,-0.00196027908045,0.00237538064024
47.7,-0.0105099824318,-0.00195915049841,0.00235328454527
47.75,-0.0104115101378,-0.00195804183324,0.0023314267615
47.8,-0.010313919889,-0.00195695246521,0.00230980349487
47.85,-0.0152593301286,-0.00206874240487,0.00228841334951
47.9,-0.0198630820438,-0.00218917321944,0.00227996732493
47.95,-0.0241258473852,-0.00231839043352,0.00228300593449
48.0,-0.0280559499134,-0.0024567380159,0.00229613673341
48.05,-0.0316616157988,-0.0026053632975,0.00231807437948
48.1,-0.0349544417662,-0.00276356088684,0.0023476254601
48.15,-0.0379475288685,-0.00293270352113,0.00238369182431
48.2,-0.0406540755831,-0.0031127703411,0.00242526167704
48.25,-0.0430899866016,-0.00330359985739,0.00247141483431
48.3,-0.0452688556263,-0.00350622179794,0.00252131497548
48.35,-0.0472076587575,-0.003719675177,0.00257421015364
48.4,-0.0489201146746,-0.00394487326804,0.00262941500236
48.45,-0.0504225581956,-0.0041817280758,0.002686328853
48.5,-0.0517288224107,-0.00442958613361,0.00274439984049
48.55,-0.0528536242177,-0.00468929182304,0.00280314586584
48.6,-0.0538104749474,-0.00495964355822,0.00286214150356
48.65,-0.0546123363823,-0.00524102304438,0.00292101715872
48.7,-0.0552719934791,-0.00553335021639,0.00297944279226
48.75,-0.0558005935463,-0.00583538566926,0.00303714561054
48.8,-0.0549682845625,-0.0059909885426,0.0030938762401
48.85,-0.053717969568,-0.00614188322206,0.00314658186571
48.9,-0.0525183496549,-0.00628732704052,0.00319456969813
48.95,-0.0513667692816,-0.00642722196826,0.00323812974535
49.0,-0.0502606952371,-0.00656169099069,0.00327751489675
49.05,-0.0491977838875,-0.0066908161619,0.00331297171669
49.1,-0.0481757576528,-0.00681456082577,0.00334473610071
49.15,-0.0471925162842,-0.00693320165799,0.00337303235684
49.2,-0.0462461138001,-0.00704665463925,0.0033980574249
49.25,-0.0453346652623,-0.00715534139712,0.00342001072889
49.3,-0.0444564279633,-0.00725918372187,0.0034390731659
49.35,-0.0436097571747,-0.00735836124585,0.00345541868159
49.4,-0.0427930940768,-0.00745303964453,0.00346920172777
49.45,-0.0420049676722,-0.00754338004713,0.00348058749247
49.5,-0.0412439908535,-0.00762951014991,0.00348970589882
49.55,-0.0405088533275,-0.00771160097473,0.00349669396259
49.6,-0.0397983376941,-0.0077899133833,0.003501674529
49.65,-0.0391112496858,-0.00786440684712,0.00350477598473
49.7,-0.0384464849542,-0.00793537052427,0.00350610569548
49.75,-0.0378030132933,-0.00800288259925,0.00350577221272
49.8,-0.0371798257479,-0.00806716047397,0.00350387858401
49.85,-0.0365761820155,-0.00812820165907,0.00350052208232
49.9,-0.0359910015842,-0.00818636830925,0.0034957861886
49.95,-0.035423425078,-0.00824164831704,0.00348977133134
50.0,-0.0348726691697,-0.00829416320885,0.00348254316384
50.05,-0.0343379758594,-0.00834405993411,0.00347418014043
50.1,-0.0338186260623,-0.00839147441959,0.00346475238854
50.15,-0.0333139372205,-0.00843653253557,0.00345433387662
50.2,-0.0328232619424,-0.00847935075963,0.00344298361213
50.25,-0.0323459853391,-0.00852003713818,0.00343076617589
50.3,-0.0318815239962,-0.00855869179664,0.00341773943267
50.35,-0.0314293241079,-0.00859541784754,0.00340396151606
50.4,-0.0309888600601,-0.00863029585317,0.00338947730555
50.45,-0.0305596325003,-0.00866340159959,0.00337434858084
50.5,-0.0301411683628,-0.00869480941026,0.00335860859943
50.55,-0.029733017697,-0.00872464307582,0.00334230313296
50.6,-0.0293347593531,-0.00875304236987,0.00332547081453
50.65,-0.0289459790827,-0.00877995545735,0.00330815704018
50.7,-0.0285662924047,-0.00880543843212,0.00329039321979
50.75,-0.0281953361664,-0.00882977673001,0.00327221713898
50.8,-0.027832761741,-0.00885279652584,0.00325366182971
50.85,-0.0274783741217,-0.00887464600654,0.00323476184751
50.9,-0.0271317221836,-0.0088954379754,0.00321553961235
50.95,-0.0267925025351,-0.00891508657673,0.00319603558294
51.0,-0.0264604387073,-0.00893386688018,0.00317626288412
51.05,-0.0261352559317,-0.00895155622845,0.00315624874721
51.1,-0.0258167049092,-0.00896848460104,0.0031360138005
51.15,-0.0255045374781,-0.00898442091811,0.00311558561771
51.2,-0.0251985289015,-0.00899964759484,0.0030949790578
51.25,-0.0248984554606,-0.00901401558083,0.00307421709647
51.3,-0.0246041136209,-0.00902767045102,0.00305331746001
51.35,-0.0243153023625,-0.00904063111089,0.00303230070622
51.4,-0.0240318369284,-0.00905282649241,0.00301117648311
51.45,-0.0237535368252,-0.00906452019487,0.00298997153704
51.5,-0.0234802337607,-0.00907551777068,0.00296868845116
51.55,-0.0232117668034,-0.00908590241384,0.00294734235082
51.6,-0.0229479800328,-0.00909581992424,0.00292594428038
51.65,-0.0226887282168,-0.00910513889169,0.00290451065699
51.7,-0.0224338727195,-0.00911390733237,0.00288304773074
51.75,-0.022183279012,-0.00912229869398,0.00286156894715
51.8,-0.0219368213845,-0.00913017184191,0.00284008396161
51.85,-0.0216944881593,-0.00913755859468,0.00281860467436
51.9,-0.0214560527699,-0.00914457208581,0.0027971340307
51.95,-0.0212214032313,-0.00915120647022,0.00277569088826
52.0,-0.0209904366993,-0.00915741063478,0.00275427188903
52.05,-0.0207630534633,-0.00916320465105,0.00273288573382
52.1,-0.0205391583088,-0.00916866715427,0.00271153733999
52.15,-0.0203186582016,-0.00917382509752,0.00269023746582
52.2,-0.0201014669254,-0.00917862102349,0.00266898735403
52.25,-0.0198875011298,-0.00918307067824,0.00264779500855
52.3,-0.0196766811278,-0.00918718881007,0.00262666542036
52.35,-0.0194689305711,-0.00919105366046,0.00260560585509
52.4,-0.0192641747694,-0.00919465433953,0.00258461556767
52.45,-0.01906234413,-0.00919796253972,0.0025637083088
52.5,-0.018863371674,-0.00920099646947,0.00254287795493
52.55,-0.0186671925633,-0.00920375646221,0.0025221296054
52.6,-0.0184737446891,-0.00920625280513,0.00250146502018
52.65,-0.0182829682869,-0.00920854409478,0.0024808913027
52.7,-0.0180948048876,-0.00921062255964,0.00246040733957
52.75,-0.0179091997111,-0.00921246133525,0.00244001812768
52.8,-0.0177260996784,-0.00921406853687,0.00241972606954
52.85,-0.0175455413419,-0.00921545179513,0.00239953578526
52.9,-0.0173673852016,-0.00921661851101,0.00237944455096
52.95,-0.0171915837047,-0.00921757545372,0.00235946325066
53.0,-0.0170180913533,-0.00921832885348,0.00233958450687
53.05,-0.0168468638256,-0.00921891191181,0.00231981136183
53.1,-0.016677857675,-0.00921933077301,0.00230014396807
53.15,-0.0165110318023,-0.00921956021065,0.0022805873651
53.2,-0.0163463463818,-0.0092196051837,0.00226113902345
53.25,-0.0161837627192,-0.0092194704003,0.00224180228606
53.3,-0.0160232434423,-0.00921916024387,0.00222257813445
53.35,-0.015864752345,-0.00921868025141,0.00220346965441
53.4,-0.0157082544085,-0.00921804710332,0.00218447317268
53.45,-0.0155537153885,-0.00921725019548,0.00216559766639
53.5,-0.0154011024948,-0.00921629280522,0.00214683539427
53.55,-0.0152503835591,-0.00921517811275,0.00212818823216
53.6,-0.0151015273836,-0.00921390906758,0.00210965538246
53.65,-0.0149545035947,-0.00921248843803,0.00209124068018
53.7,-0.014809282782,-0.00921091875245,0.00207294103944
53.75,-0.0146658361959,-0.00920920240989,0.00205475880115
53.8,-0.0145241359213,-0.0092073477986,0.00203669418188
53.85,-0.0143842264797,-0.00920536133876,0.00201874938388
53.9,-0.0142460076411,-0.00920323230959,0.00200092048578
53.95,-0.0141094535501,-0.00920096248894,0.00198321511849
54.0,-0.0139745392448,-0.00919856764061,0.00196562564796
54.05,-0.0138412399748,-0.00919603552496,0.00194815329009
54.1,-0.0137095317047,-0.00919336706149,0.00193079683142
54.15,-0.0135793909041,-0.00919056351088,0.00191355932581
54.2,-0.0134507946704,-0.00918762597404,0.001896437521
54.25,-0.0133237204859,-0.00918455549076,0.00187943315513
54.3,-0.0131981463715,-0.00918135297092,0.00186254604694
54.35,-0.0130740507986,-0.00917801922809,0.00184577783577
54.4,-0.012951412731,-0.00917455495749,0.0018291245537
54.45,-0.0128302114189,-0.00917096082338,0.00181259286666
54.5,-0.0127104267346,-0.0091672373065,0.00179617550789
54.55,-0.0125920386951,-0.00916338491448,0.00177987330642
54.6,-0.012475027717,-0.00915940406596,0.00176368489997
54.65,-0.0123593745305,-0.00915529780092,0.0017476128408
54.7,-0.0122450601518,-0.00915108024461,0.00173165395355
54.75,-0.0121320659694,-0.00914673716817,0.00171580961792
54.8,-0.0120203737135,-0.00914226873427,0.00170007947723
54.85,-0.011910024926,-0.00913767505543,0.00168446484977
54.9,-0.0118009409288,-0.00913296861499,0.00166896199164
54.95,-0.0116931042046,-0.00912814052315,0.00165357683762
55.0,-0.011586497737,-0.0091231873996,0.00163830261703
55.05,-0.0114811045825,-0.00911810921691,0.00162313995323
55.1,-0.0113769080673,-0.00911290590117,0.00160808748151
55.15,-0.0112738917196,-0.00910757736464,0.00159314741583
55.2,-0.0111720393657,-0.00910212345633,0.00157831674312
55.25,-0.0110713349704,-0.00909654404237,0.00156359662628
55.3,-0.0109717627513,-0.00909083894742,0.00154898665157
55.35,-0.0108733071262,-0.00908500798117,0.00153448793841
55.4,-0.0107759527493,-0.00907905091853,0.00152009696349
55.45,-0.0106796843772,-0.00907296757173,0.00150581905741
55.5,-0.0105844871072,-0.00906680747416,0.00149164799183
55.55,-0.0104903455095,-0.0090605380859,0.00147758434327
55.6,-0.0103972450991,-0.00905414382066,0.00146362679575
55.65,-0.010305171344,-0.00904762448308,0.00144977731752
55.7,-0.0102141099435,-0.0090409798475,0.00143603312398
55.75,-0.0101240466994,-0.00903420973117,0.00142239523369
55.8,-0.0100349676139,-0.00902731393985,0.0014088632336
55.85,-0.00994690855935,-0.00902029229148,0.00139543810744
55.9,-0.00985980501218,-0.00901314474741,0.00138211664854
55.95,-0.00977364344182,-0.00900589079201,0.00136890367106
56.0,-0.00968841016392,-0.0089985607371,0.00135579353409
56.05,-0.00960409205364,-0.00899110640608,0.00134278666186
56.1,-0.00952067606047,-0.00898352771356,0.00132988185069
56.15,-0.00943814926719,-0.00897582461019,0.0013170808603
56.2,-0.00935649896071,-0.00896799703929,0.00130438113246
56.25,-0.00927571252827,-0.00896004500349,0.00129178356346
56.3,-0.00919577754034,-0.0089519685136,0.00127928774856
56.35,-0.00911668171928,-0.00894382732679,0.00126689455028
56.4,-0.00903841231554,-0.00893559369828,0.00125460107669
56.45,-0.00896095757778,-0.00892724566333,0.00124241163597
56.5,-0.00888430573332,-0.00891877546724,0.0012303210319
56.55,-0.00880844508995,-0.00891018328863,0.00121832962472
56.6,-0.00873336412795,-0.00890146932727,0.00120643628492
56.65,-0.00865905146761,-0.00889265071707,0.0011946425691
56.7,-0.008585495452,-0.00888378824092,0.0011829461717
56.75,-0.00851268509699,-0.00887480670032,0.00117134785159
56.8,-0.00844060952603,-0.00886570641281,0.00115984719428
56.85,-0.0083692998459,-0.00885648772992,0.00114844493172
56.9,-0.0082987027733,-0.00884715114965,0.00113713834043
56.95,-0.00822880790298,-0.008837725428,0.00112593129576
57.0,-0.00815960454178,-0.00882826330922,0.00111481909061
57.05,-0.00809108270759,-0.00881869542773,0.00110380197832
57.1,-0.00802323245992,-0.00880901335022,0.00109287887591
57.15,-0.00795604404291,-0.00879921762892,0.0010820511267
57.2,-0.00788950789695,-0.00878930881875,0.00107131652199
57.25,-0.00782361458835,-0.00877937727579,0.00106067568627
57.3,-0.0077583540907,-0.00876935693498,0.00105012826373
57.35,-0.00769371767767,-0.0087592271295,0.0010396747978
57.4,-0.00762969644711,-0.00874898850925,0.00102931272556
57.45,-0.00756628161676,-0.0087386417833,0.00101904547474
57.5,-0.00750346463668,-0.00872826524651,0.00100886864544
57.55,-0.00744123632251,-0.00871782381653,0.000998782481048
57.6,-0.00737958868282,-0.0087072781267,0.000988785876971
57.65,-0.00731851357959,-0.00869662896402,0.000978879961358
57.7,-0.00725800306019,-0.00868587710974,0.000969062647573
57.75,-0.00719804929818,-0.00867511591422,0.000959334410614
57.8,-0.00713864387941,-0.00866428665119,0.000949694845041
57.85,-0.00707981502653,-0.0086533587495,0.000940144348253
57.9,-0.0070215192928,-0.00864233583276,0.000930680524248
57.95,-0.00696374947454,-0.0086312304618,0.000921306378547
58.0,-0.00690649816514,-0.00862015630264,0.000912017888789
58.05,-0.00684975835371,-0.00860898860885,0.000902815114534
58.1,-0.00679352336727,-0.0085977282037,0.000893696985338
58.15,-0.00673778659982,-0.00858637599028,0.00088466442477
58.2,-0.0066825416081,-0.00857499023182,0.000875715451188
58.25,-0.00662778144768,-0.00856359176497,0.000866850472402
58.3,-0.0065735001387,-0.00855210559124,0.000858068919921
58.35,-0.00651969164309,-0.00854053261079,0.000849371093926
58.4,-0.00646635006517,-0.00852887371328,0.000840754722238
58.45,-0.00641346960896,-0.00851726095376,0.000832222425864
58.5,-0.00636104382728,-0.00850557301409,0.000823770533787
58.55,-0.00630906759239,-0.00849381590908,0.000815398945828
58.6,-0.00625753545478,-0.00848197782063,0.000807106616876
58.65,-0.0062064421143,-0.00847013908067,0.000798894291806
58.7,-0.00615578175404,-0.00845828384236,0.00079076017227
58.75,-0.00610554955314,-0.00844635155225,0.000782704442147
58.8,-0.00605574057001,-0.00843434308623,0.000774726523455
58.85,-0.00600637998589,-0.00842229427198,0.000766826603261
58.9,-0.00595743194984,-0.00841028079366,0.000759002620051
58.95,-0.00590889194492,-0.00839819500992,0.000751256844547
59.0,-0.00586075548995,-0.00838603772954,0.000743585791596
59.05,-0.0058130181573,-0.0083738098039,0.000735989337479
59.1,-0.00576567561862,-0.00836165492119,0.000728466458229
59.15,-0.00571872284538,-0.00834943617595,0.000721017847231
59.2,-0.00567215610783,-0.00833715036636,0.000713641687427
59.25,-0.00562597134692,-0.00832479830384,0.000706338100014
59.3,-0.00558016459579,-0.00831249202682,0.000699106494082
59.35,-0.00553473128958,-0.00830015964408,0.000691947053775
59.4,-0.00548966793896,-0.00828776438616,0.000684857750225
59.45,-0.00544497081294,-0.00827531941887,0.000677840579923
59.5,-0.00540063625519,-0.00826289791201,0.000670892340602
59.55,-0.00535666008805,-0.00825048405477,0.000664012932879
59.6,-0.00531303902597,-0.0082380112915,0.00065720134689
59.65,-0.00526976963019,-0.00822548034269,0.000650458063801
59.7,-0.0052268485394,-0.00821294945373,0.000643781433303
59.75,-0.00518427193505,-0.00820045697218,0.000637171573646
59.8,-0.00514203672831,-0.00818790932426,0.000630627881344
59.85,-0.00510016523359,-0.00817530717197,0.000624150396524
59.9,-0.00505862835172,-0.00816268488239,0.000617737281233
59.95,-0.00501742258593,-0.00815012969189,0.000611390342687
60.0,-0.00497654504607,-0.0081375228848,0.000605106632597
60.05,-0.00493599278433,-0.00812487491044,0.000598885950998
60.1,-0.00489576288406,-0.00811219029293,0.000592727371385
60.15,-0.00485585211923,-0.00809960006773,0.000586631333286
60.2,-0.00481625773283,-0.00808696152483,0.000580596304735
60.25,-0.00477697697694,-0.00807427524448,0.000574622297092
60.3,-0.00473800715274,-0.0080615417868,0.000568708745479
60.35,-0.00469934560257,-0.00804890432671,0.000562855651004
60.4,-0.00466098907824,-0.00803623440812,0.000557061394498
60.45,-0.00462293531899,-0.0080235197629,0.000551327485283
60.5,-0.00458518181,-0.00801076088167,0.000545651242883
60.55,-0.00454772604955,-0.00799807813002,0.000540032457275
60.6,-0.00451056500749,-0.00798538904891,0.000534470332222
60.65,-0.00447369651582,-0.00797265805274,0.000528965162301
60.7,-0.00443711819435,-0.00795988561457,0.000523515542715
60.75,-0.00440082768544,-0.00794716808782,0.000518121458583
60.8,-0.00436482216809,-0.00793447121593,0.000512782438429
60.85,-0.00432912119081,-0.00792173506616,0.000507498434713
60.9,-0.00429370045252,-0.00790896015008,0.000502267898556
60.95,-0.00425855772912,-0.00789622488058,0.000497092204173
61.0,-0.00422369039438,-0.00788354434846,0.00049196896988
61.05,-0.00418909641377,-0.00787082707732,0.000486897969528
61.1,-0.00415477365412,-0.00785807347979,0.000481878401747
61.15,-0.0041207200036,-0.00784532640828,0.000476910542199
61.2,-0.00408693301583,-0.00783265852674,0.000471993152466
61.25,-0.00405341071513,-0.00781995623195,0.000467126191317
61.3,-0.00402015107197,-0.00780721990315,0.000462309160786
61.35,-0.00398715207791,-0.00779446207113,0.000457542024628
61.4,-0.00395441145115,-0.00778181579044,0.000452823404416
61.45,-0.00392192725124,-0.00776913726877,0.000448154521503
61.5,-0.0038896975501,-0.00775642683574,0.000443533164552
61.55,-0.00385772042301,-0.00774369046305,0.000438959131456
61.6,-0.00382599395645,-0.00773106491009,0.000434431689165
61.65,-0.00379451575928,-0.00771843062311,0.000429951137834
61.7,-0.00376328421127,-0.00770576647608,0.000425516278784
61.75,-0.00373229746843,-0.0076930727998,0.000421127073463
61.8,-0.0037015537067,-0.00768044870887,0.000416783063109
61.85,-0.00367106905041,-0.00766785392802,0.000412484257537
61.9,-0.00364082318767,-0.00765523126881,0.00040822935363
61.95,-0.00361081435207,-0.00764258104018,0.000404019446164
62.0,-0.00358104080408,-0.00762996232394,0.000399852533374
62.05,-0.00355150047057,-0.0076174142867,0.000395728467206
62.1,-0.00352219173282,-0.00760484018049,0.000391646565273
62.15,-0.00349311288954,-0.00759224029568,0.0003876070332
62.2,-0.00346426225763,-0.00757963000924,0.000383608810043
62.25,-0.00343563790587,-0.00756713524494,0.00037965188682
62.3,-0.00340723820663,-0.00755461614545,0.000375735839891
62.35,-0.00337906152145,-0.00754207297762,0.000371860624509
62.4,-0.00335110622668,-0.00752950599756,0.000368025075641
62.45,-0.003323370705,-0.00751704113786,0.000364230175106
62.5,-0.00329585295841,-0.00750459582525,0.000360474164292
62.55,-0.00326855156768,-0.00749212807562,0.00035675684509
62.6,-0.00324146496005,-0.00747963814092,0.000353077608503
62.65,-0.00321459157228,-0.00746719615841,0.00034943663563
62.7,-0.00318792954659,-0.00745481747154,0.000345833005108
62.75,-0.00316147744815,-0.00744241791976,0.000342266662448
62.8,-0.00313523375584,-0.00742999774005,0.000338737224713
62.85,-0.00310921249711,-0.00741757048431,0.000335244648108
62.9,-0.00308339611909,-0.00740526373979,0.000331787909766
62.95,-0.00305778315859,-0.00739293768408,0.000328367888369
63.0,-0.00303237215228,-0.00738059252554,0.000324982948784
63.05,-0.0030071616379,-0.00736823027462,0.000321632928432
63.1,-0.00298215016169,-0.00735596422137,0.000318317275842
63.15,-0.00295733594109,-0.00734372833888,0.000315036194766
63.2,-0.00293271768956,-0.00733147480347,0.000311788798591
63.25,-0.00290829398961,-0.00731920383449,0.000308575047081
63.3,-0.00288406343458,-0.00730695420451,0.000305394592744
63.35,-0.00286002439428,-0.00729480134876,0.000302247423529
63.4,-0.0028361755364,-0.00728263221576,0.000299132580611
63.45,-0.00281251548515,-0.00727044701643,0.000296050856436
63.5,-0.00278904287993,-0.00725824593862,0.000293000775174
63.55,-0.00276575636162,-0.00724614749086,0.000289982188613
63.6,-0.00274265426706,-0.00723406694321,0.000286994637749
63.65,-0.00271973540178,-0.00722197164865,0.000284038247171
63.7,-0.00269699844056,-0.00720986180014,0.00028111223187
63.75,-0.00267444206348,-0.00719777923519,0.000278216554332
63.8,-0.00265206474567,-0.00718579125235,0.000275350927539
63.85,-0.00262987838161,-0.00717378980347,0.000272515306034
63.9,-0.00260786829382,-0.00716177512239,0.000269708831709
63.95,-0.00258603320362,-0.0071497474018,0.000266932218003
64.0,-0.00256437184554,-0.00713782738943,0.000264184133314
64.05,-0.00254288266795,-0.00712593581292,0.000261464479956
64.1,-0.00252156454105,-0.00711403224486,0.00025877279111
64.15,-0.00250041622248,-0.00710211687207,0.000256109194487
64.2,-0.00247943647947,-0.00709021120651,0.000253472981449
64.25,-0.0024586239105,-0.00707842082019,0.00025086413969
64.3,-0.0024379773245,-0.00706661964148,0.000248282381382
64.35,-0.00241749551503,-0.00705480784715,0.000245727670368
64.4,-0.00239717728397,-0.00704298560804,0.000243199230596
64.45,-0.00237702143773,-0.00703122832052,0.000240697704854
64.5,-0.00235702657681,-0.00701953270964,0.00023822191998
64.55,-0.00233719160261,-0.00700782762783,0.000235771743751
64.6,-0.00231751534833,-0.00699612272195,0.000233346768605
64.65,-0.00229799664436,-0.00698441039164,0.000230947110525
64.7,-0.00227863433755,-0.00697281075188,0.000228572130366
64.75,-0.00225942703168,-0.0069612265487,0.000226221828789
64.8,-0.00224037371004,-0.00694963417993,0.000223895933462
64.85,-0.00222148434754,-0.00693803381092,0.000221594411513
64.9,-0.00220274651435,-0.00692644248689,0.000219316564186
64.95,-0.00218415895402,-0.00691497086042,0.000217062989549
65.0,-0.00216572058529,-0.00690349217953,0.000214832601575
65.05,-0.00214743031402,-0.00689200660907,0.000212625289555
65.1,-0.00212928705312,-0.00688051431043,0.000210440685708
65.15,-0.00211128972135,-0.00686906471241,0.000208278893365
65.2,-0.00209343708072,-0.00685770228927,0.000206139357137
65.25,-0.00207572811069,-0.00684633402835,0.000204022042245
65.3,-0.00205816175444,-0.00683496008555,0.000201926716586
65.35,-0.00204073696141,-0.0068235806158,0.000199853350435
65.4,-0.00202345268807,-0.00681226960291,0.000197801312355
65.45,-0.00200630771943,-0.00680102097978,0.000195771147738
65.5,-0.00198930109209,-0.00678977539198,0.000193761870885
65.55,-0.00197243177729,-0.00677852913937,0.00019177338277
65.6,-0.00195569875621,-0.00676727852474,0.000189805352085
65.65,-0.00193910101884,-0.00675611413967,0.000187857872023
65.7,-0.00192263738286,-0.00674499520401,0.000185930445824
65.75,-0.00190630692695,-0.00673387273772,0.00018402303776
65.8,-0.00189010866385,-0.00672274688752,0.000182135438523
65.85,-0.00187405097785,-0.00671161779931,0.000180267621354
65.9,-0.00185812335297,-0.00670058462977,0.000178419017689
65.95,-0.00184232464503,-0.00668958794058,0.000176590121911
66.0,-0.00182665397421,-0.00667858883559,0.000174780042349
66.05,-0.00181111038809,-0.00666758745998,0.000172988688978
66.1,-0.00179569294039,-0.00665658975047,0.000171215762648
66.15,-0.00178040068602,-0.00664569426026,0.000169461348056
66.2,-0.00176523252011,-0.00663483427664,0.000167724998434
66.25,-0.00175018758957,-0.00662397294803,0.000166006680651
66.3,-0.0017352649749,-0.0066131104118,0.000164306205976
66.35,-0.00172046376222,-0.00660224680456,0.000162623550362
66.4,-0.00170578304376,-0.00659147381722,0.00016095820017
66.45,-0.00169122176297,-0.00658074345478,0.000159310600856
66.5,-0.00167677909118,-0.00657001275154,0.000157679948746
66.55,-0.00166245413934,-0.00655928184363,0.000156066162767
66.6,-0.00164824602415,-0.00654855086457,0.000154468973189
66.65,-0.00163415386749,-0.00653789543407,0.000152888456089
66.7,-0.0016201766629,-0.00652729788688,0.000151324206112
66.75,-0.00160631359635,-0.00651670098285,0.00014977619554
66.8,-0.0015925638095,-0.00650610485065,0.000148244254305
66.85,-0.00157893434009,-0.00649550961826,0.000146728360927
66.9,-0.00156541630219,-0.00648496657327,0.000145228052844
66.95,-0.00155200874281,-0.00647450487516,0.000143743728815
67.0,-0.00153871086341,-0.00646404878623,0.000142274667192
67.05,-0.00152552183408,-0.00645360143374,0.000140820795323
67.1,-0.00151244082867,-0.00644315594688,0.00013938187056
67.15,-0.00149946703027,-0.00643273093692,0.000137957961708
67.2,-0.0014865995411,-0.00642241890175,0.000136548698658
67.25,-0.00147383756838,-0.006412109387,0.000135154061043
67.3,-0.00146118031366,-0.00640180251198,0.000133773895575
67.35,-0.0014486269835,-0.00639149839524,0.000132408183057
67.4,-0.00143617678982,-0.00638119715215,0.000131056505679
67.45,-0.00142382894877,-0.00637100339481,0.00012971921015
67.5,-0.00141158255423,-0.00636083585988,0.000128395666716
67.55,-0.00139943689443,-0.00635067181663,0.000127085801837
67.6,-0.00138739120309,-0.00634051383288,0.000125789396263
67.65,-0.00137544471727,-0.00633036722956,0.000124506512512
67.7,-0.00136359667673,-0.00632027786094,0.000123236807016
67.75,-0.00135184623524,-0.00631026458678,0.000121980275828
67.8,-0.0013401926777,-0.00630025563887,0.000120736776983
67.85,-0.00132864190468,-0.00629025112666,0.000119506293391
67.9,-0.00131718641737,-0.00628025118125,0.000118288448653
67.95,-0.00130582548731,-0.00627025591244,0.000117083555913
68.0,-0.00129455839185,-0.00626038237363,0.0001158910316
68.05,-0.00128338429175,-0.00625052038679,0.000114710832988
68.1,-0.00127230253509,-0.00624066363133,0.000113542754381
68.15,-0.00126131241421,-0.00623081221307,0.000112386852269
68.2,-0.0012504132265,-0.00622096623369,0.000111242816269
68.25,-0.00123960427347,-0.0062111731944,0.000110110631716
68.3,-0.00122888478106,-0.0062014598054,0.000108990185213
68.35,-0.00121825408545,-0.00619175238677,0.000107881458486
68.4,-0.00120771150429,-0.00618205103551,0.0001067841116
68.45,-0.00119725635919,-0.00617235585193,0.000105698427515
68.5,-0.00118688797708,-0.00616266756476,0.000104623879701
68.55,-0.00117660568809,-0.00615308396165,0.000103560415436
68.6,-0.00116640872929,-0.00614353770701,0.000102507869905
68.65,-0.00115629648301,-0.00613399822748,0.000101466288871
68.7,-0.00114626829529,-0.0061244656154,0.000100435392366
68.75,-0.00113632351612,-0.00611493996544,9.94151673977e-05
68.8,-0.00112646149999,-0.00610542200673,9.8405502141e-05
68.85,-0.00111668717565,-0.00609602724167,9.74063848391e-05
68.9,-0.00110699414277,-0.00608664026463,9.64175198835e-05
68.95,-0.00109738181211,-0.00607726082789,9.54391575757e-05
69.0,-0.00108784955894,-0.00606788901419,9.44708227491e-05
69.05,-0.0010783967619,-0.00605852491229,9.35124679968e-05
69.1,-0.00106902280386,-0.00604918796901,9.25639328832e-05
69.15,-0.00105972701736,-0.0060399634411,9.16252715031e-05
69.2,-0.00105050879982,-0.0060307476582,9.06962307176e-05
69.25,-0.00104136754791,-0.00602154012194,8.97767990678e-05
69.3,-0.00103230266273,-0.0060123409144,8.8866875818e-05
69.35,-0.0010233135494,-0.00600315011696,8.79664493044e-05
69.4,-0.00101439961718,-0.00599399367658,8.70752430486e-05
69.45,-0.00100556022602,-0.00598493251623,8.61934956446e-05
69.5,-0.000996794805146,-0.00597588016736,8.53207768626e-05
69.55,-0.000988102776922,-0.00596683670888,8.44570441454e-05
69.6,-0.00097948356768,-0.00595780221802,8.3602152854e-05
69.65,-0.000970936607539,-0.00594877677221,8.27561454878e-05
69.7,-0.000962461330733,-0.00593978069135,8.19187944154e-05
69.75,-0.000954057127917,-0.00593088382024,8.10900961296e-05
69.8,-0.000945723449892,-0.00592199637017,8.02699589049e-05
69.85,-0.000937464428723,-0.00591311841288,7.94583724882e-05
69.9,-0.000929274742185,-0.00590425003503,7.86550876508e-05
69.95,-0.000921153845935,-0.00589539130811,7.78603137117e-05
70.0,-0.000913101199861,-0.00588654490446,7.70736637454e-05
70.05,-0.000905116234559,-0.00587782110242,7.62951041692e-05
70.1,-0.000897198405918,-0.00586910978553,7.55245062591e-05
70.15,-0.000889347190323,-0.00586040854219,7.47619080414e-05
70.2,-0.000881562063466,-0.00585171743673,7.40071041259e-05
70.25,-0.000873842504429,-0.00584303653503,7.32600858104e-05
70.3,-0.000866187996,-0.00583436590092,7.2520771572e-05
70.35,-0.000858598024525,-0.0058257838538,7.17891525717e-05
70.4,-0.000851072021276,-0.00581723952662,7.10650118745e-05
70.45,-0.000843609506546,-0.00580870577808,7.03485353505e-05
70.5,-0.0008362099788,-0.00580018266438,6.96393736766e-05
70.55,-0.000828872939536,-0.00579167024593,6.89374927752e-05
70.6,-0.000821597893777,-0.00578316858168,6.82427752435e-05
70.65,-0.000814384349922,-0.0057747182704,6.75552564264e-05
70.7,-0.000807231776611,-0.00576635060613,6.68747571003e-05
70.75,-0.000800139700062,-0.00575799399243,6.62012683263e-05
70.8,-0.000793107640236,-0.00574964848358,6.5534716695e-05
70.85,-0.000786139049188,-0.00574131413321,6.4875094479e-05
70.9,-0.00077922945077,-0.00573299100724,6.42221988069e-05
70.95,-0.000772378375871,-0.00572467915889,6.35762012222e-05
71.0,-0.000765585359015,-0.00571645844935,6.29367864343e-05
71.05,-0.00075884988666,-0.00570826997207,6.2303931036e-05
71.1,-0.00075217152381,-0.0057000930206,6.16775259802e-05
71.15,-0.000745549815422,-0.00569192764412,6.10576034556e-05
71.2,-0.00073898430979,-0.00568377388935,6.04439963594e-05
71.25,-0.00073247455825,-0.00567563180417,5.98366982081e-05
71.3,-0.000726020115384,-0.00566751242068,5.92356430441e-05
71.35,-0.000719620509831,-0.00565949190211,5.86408282841e-05
71.4,-0.000713275306521,-0.00565148327484,5.80520702553e-05
71.45,-0.000706984070316,-0.00564348658277,5.74695242829e-05
71.5,-0.000700746369441,-0.00563550186525,5.68929056323e-05
71.55,-0.000694561774892,-0.0056275335255,5.63221870689e-05
71.6,-0.000688429859646,-0.00561958247747,5.57572734324e-05
71.65,-0.000682350199507,-0.00561166996379,5.51981943787e-05
71.7,-0.000676322344333,-0.00560383873999,5.46448034204e-05
71.75,-0.000670345884992,-0.00559601978272,5.40970939998e-05
71.8,-0.000664420408604,-0.00558821312904,5.355500673e-05
71.85,-0.000658548796349,-0.00558041881537,5.30185358949e-05
71.9,-0.000652727287916,-0.0055726368883,5.24875162781e-05
71.95,-0.00064695548003,-0.00556486738375,5.19620886682e-05
72.0,-0.000641232972543,-0.00555713643534,5.14419959741e-05
72.05,-0.00063555934013,-0.00554948485193,5.09272177718e-05
72.1,-0.000629934195263,-0.00554184585374,5.04176672385e-05
72.15,-0.000624357146939,-0.00553422241669,4.99133712601e-05
72.2,-0.000618827806389,-0.0055266175127,4.94141939031e-05
72.25,-0.000613345786916,-0.00551902529987,4.89201306128e-05
72.3,-0.000607910706036,-0.00551144580763,4.84311280222e-05
72.35,-0.000602522184029,-0.00550388939313,4.79471812972e-05
72.4,-0.000597179821976,-0.0054964257826,4.74681443227e-05
72.45,-0.000591883248648,-0.0054889750292,4.69941443348e-05
72.5,-0.000586632093401,-0.0054815371564,4.65249490615e-05
72.55,-0.000581425988075,-0.00547411219031,4.60605367677e-05
72.6,-0.000576264567218,-0.00546670015595,4.56008300407e-05
72.65,-0.000571147468009,-0.00545930107824,4.51458535219e-05
72.7,-0.000566074330348,-0.00545191498027,4.46954845013e-05
72.75,-0.000561044796689,-0.00544460878249,4.42497190126e-05
72.8,-0.000556058480822,-0.00543733645614,4.38085134908e-05
72.85,-0.00055111779931,-0.00543007721826,4.33718618488e-05
72.9,-0.000546219596671,-0.00542283109775,4.29396294531e-05
72.95,-0.000541363527108,-0.00541559811472,4.25119320105e-05
73.0,-0.000536549247514,-0.00540837828587,4.20885597241e-05
73.05,-0.000531776417136,-0.00540117302518,4.16694932398e-05
73.1,-0.000527044697486,-0.00539400749864,4.12546628686e-05
73.15,-0.000522353731666,-0.00538692150622,4.08440941744e-05
73.2,-0.000517703190789,-0.00537984878423,4.04376758402e-05
73.25,-0.000513092744698,-0.00537278934819,4.00354044858e-05
73.3,-0.000508522065707,-0.00536574321242,3.9637236942e-05
73.35,-0.000503990828546,-0.00535871039073,3.92431697564e-05
73.4,-0.000499498710385,-0.00535169089573,3.88530813315e-05
73.45,-0.000495045390711,-0.00534468474093,3.8467076652e-05
73.5,-0.000490630551518,-0.00533773037647,3.80849661742e-05
73.55,-0.00048625385581,-0.00533083329113,3.77067356556e-05
73.6,-0.000481914997675,-0.00532394960207,3.73323212275e-05
73.65,-0.00047761366656,-0.00531707957662,3.69617435421e-05
73.7,-0.000473349554226,-0.00531023118574,3.65949026207e-05
73.75,-0.000469122353329,-0.00530339623252,3.62317958833e-05
73.8,-0.000464931760285,-0.00529657472504,3.58723845367e-05
73.85,-0.000460779776536,-0.00528976667095,3.55166657291e-05
73.9,-0.000456663756473,-0.00528301114015,3.51645297347e-05
73.95,-0.000452583384538,-0.00527630966022,3.4816074569e-05
74.0,-0.000448538373856,-0.0052696216722,3.44711279537e-05
74.05,-0.000444528433094,-0.00526294718112,3.41296744828e-05
74.1,-0.000440553273117,-0.00525628619118,3.37916574901e-05
74.15,-0.000436612606943,-0.00524963870652,3.34570959252e-05
74.2,-0.000432706149788,-0.00524300472986,3.31258995396e-05
74.25,-0.000428833618965,-0.00523638426444,3.27980660708e-05
74.3,-0.000424994733946,-0.00522979843968,3.24735606593e-05
74.35,-0.000421189201528,-0.00522328188538,3.21523830795e-05
74.4,-0.000417416749146,-0.00521677885173,3.18344336782e-05
74.45,-0.000413677102988,-0.00521028933906,3.15197989077e-05
74.5,-0.000409969991397,-0.00520381334523,3.12083238949e-05
74.55,-0.00040629514468,-0.00519735086974,3.08999949397e-05
74.6,-0.000402652295202,-0.0051909094205,3.05947609843e-05
74.65,-0.000399041176269,-0.00518448283889,3.02926395824e-05
74.7,-0.000395461524166,-0.00517806978471,2.99935492858e-05
74.75,-0.000391913077343,-0.00517172942901,2.96974882782e-05
74.8,-0.000388395557793,-0.00516541753896,2.94044278621e-05
74.85,-0.000384910640389,-0.00515911916372,2.91143649052e-05
74.9,-0.000381456109631,-0.00515283430426,2.88272098602e-05
74.95,-0.000378031712749,-0.00514656295552,2.85430412384e-05
75.0,-0.000374637198975,-0.00514030511021,2.8261719021e-05
75.05,-0.000371272319379,-0.00513406076253,2.79832310206e-05
75.1,-0.000367936826945,-0.00512782990601,2.77075312168e-05
75.15,-0.000364630476537,-0.00512161592474,2.7434635584e-05
75.2,-0.000361353015333,-0.00511548930352,2.71644719288e-05
75.25,-0.000358104201984,-0.00510937837644,2.68970388196e-05
75.3,-0.000354883797062,-0.00510328091326,2.66323080841e-05
75.35,-0.000351691563266,-0.00509719690438,2.63702781869e-05
75.4,-0.000348527265131,-0.00509112633937,2.6110868197e-05
75.45,-0.000345390668972,-0.00508506920839,2.58541494372e-05
75.5,-0.000342281542959,-0.00507902549959,2.55999952898e-05
75.55,-0.000339199656992,-0.00507299520248,2.53483949183e-05
75.6,-0.000336144782753,-0.00506697830595,2.50993068371e-05
75.65,-0.000333116693684,-0.00506104263842,2.48527457167e-05
75.7,-0.000330115149076,-0.00505512103261,2.46086474045e-05
75.75,-0.000327139934325,-0.00504921277486,2.43670095874e-05
75.8,-0.000324190828408,-0.00504331785155,2.41278069071e-05
75.85,-0.000321269217567,-0.00503743624881,2.38910381727e-05
75.9,-0.000318373247928,-0.00503156795744,2.36566302864e-05
75.95,-0.000315502703994,-0.00502571296322,2.34246480617e-05
76.0,-0.000312657371988,-0.00501987125014,2.31949769742e-05
76.05,-0.000309837039749,-0.00501404280341,2.29676073941e-05
76.1,-0.000307041496773,-0.00500827239451,2.27425019191e-05
76.15,-0.00030427052234,-0.00500254469433,2.25196757408e-05
76.2,-0.000301523913535,-0.00499683020534,2.22990682164e-05
76.25,-0.000298801465034,-0.00499112891052,2.20806784906e-05
76.3,-0.000296102973125,-0.00498544079216,2.18644837621e-05
76.35,-0.000293428235688,-0.00497976583234,2.16504831282e-05
76.4,-0.000290777052192,-0.00497410401247,2.14386104977e-05
76.45,-0.000288149223656,-0.00496845531444,2.1228924781e-05
76.5,-0.000285544552697,-0.00496281971855,2.10213223636e-05
76.55,-0.000282962843438,-0.00495719720619,2.08157946867e-05
76.6,-0.00028040390155,-0.00495164271841,2.06123080195e-05
76.65,-0.000277867522734,-0.00494610920295,2.04108764136e-05
76.7,-0.000275353521467,-0.00494059202965,2.02114447985e-05
76.75,-0.000272861707874,-0.00493509237481,2.00140126133e-05
76.8,-0.000270391893485,-0.0049296056894,1.98185594186e-05
76.85,-0.00026794523082,-0.00492413195196,1.96250845583e-05
76.9,-0.000265520170057,-0.00491867114495,1.94335283024e-05
76.95,-0.000263116527942,-0.00491322324671,1.9243944209e-05
77.0,-0.000260734122699,-0.00490778823412,1.90562385102e-05
77.05,-0.000258372773958,-0.00490236608509,1.88704035996e-05
77.1,-0.000256032302779,-0.00489700193612,1.86864090506e-05
77.15,-0.000253712522308,-0.00489166550595,1.85042676005e-05
77.2,-0.000251413260766,-0.0048863418386,1.83239295981e-05
77.25,-0.00024913434363,-0.00488103091024,1.81453946404e-05
77.3,-0.000246875597773,-0.00487573269653,1.79686442883e-05
77.35,-0.000244636851439,-0.00487044717296,1.77936780964e-05
77.4,-0.000242417934245,-0.00486517431453,1.76204420403e-05
77.45,-0.000240218677147,-0.00485991409662,1.74489848287e-05
77.5,-0.000238038912477,-0.00485466649336,1.72792215872e-05
77.55,-0.000235878473873,-0.00484943147979,1.71111455615e-05
77.6,-0.000233737196306,-0.00484422293263,1.69447293026e-05
77.65,-0.000231614910325,-0.00483907852403,1.67799841074e-05
77.7,-0.000229511454206,-0.00483394660774,1.66168655648e-05
77.75,-0.000227426667042,-0.00482882715714,1.64553734432e-05
77.8,-0.000225360389218,-0.00482372014518,1.62954911546e-05
77.85,-0.000223313578415,-0.00481862554466,1.61372184277e-05
77.9,-0.000221284940078,-0.00481354333161,1.59805064115e-05
77.95,-0.000219274318698,-0.0048084734787,1.58253994102e-05
78.0,-0.000217281560035,-0.00480341595745,1.56718205762e-05
78.05,-0.00021530651106,-0.00479837074024,1.55197639086e-05
78.1,-0.000213349019982,-0.00479333779915,1.53692046355e-05
78.15,-0.000211408936223,-0.00478832791516,1.52201523623e-05
78.2,-0.000209486105691,-0.00478337478052,1.5072567716e-05
78.25,-0.00020758038112,-0.00477844050295,1.49264505011e-05
78.3,-0.000205691615223,-0.00477351836274,1.47817858646e-05
78.35,-0.00020381966239,-0.00476860833032,1.46385736798e-05
78.4,-0.000201964378191,-0.00476371037573,1.44967697392e-05
78.45,-0.000200125619352,-0.00475882446939,1.43564143507e-05
78.5,-0.000198303243774,-0.00475395058072,1.42174379179e-05
78.55,-0.000196497110486,-0.00474908867991,1.40798351106e-05
78.6,-0.000194707079664,-0.00474423873688,1.39435835679e-05
78.65,-0.000192933012609,-0.0047394007216,1.38086921158e-05
78.7,-0.00019117477176,-0.00473457460354,1.36751245096e-05
78.75,-0.000189432220661,-0.0047297952959,1.35428808e-05
78.8,-0.000187705218362,-0.00472504444615,1.34119484071e-05
78.85,-0.000185994562596,-0.00472030536045,1.3282326981e-05
78.9,-0.000184299172901,-0.00471557801008,1.31539765283e-05
78.95,-0.000182618917585,-0.00471086236359,1.30269337312e-05
79.0,-0.000180953666046,-0.00470615838865,1.29011355461e-05
79.05,-0.000179303288725,-0.00470146605363,1.27765772405e-05
79.1,-0.000177667657123,-0.00469678532671,1.26532386267e-05
79.15,-0.000176046643784,-0.00469212369115,1.25311278164e-05
79.2,-0.000174440121846,-0.00468747409855,1.24102120875e-05
79.25,-0.000172847965914,-0.00468283603326,1.22904915877e-05
79.3,-0.000171270051649,-0.00467820946294,1.21719542421e-05
79.35,-0.000169706255732,-0.00467362331254,1.20546001599e-05
79.4,-0.00016815645136,-0.00466906838164,1.19383938193e-05
79.45,-0.000166620519052,-0.0046645248049,1.18233683502e-05
79.5,-0.000165098338608,-0.00465999254854,1.17094666285e-05
79.55,-0.000163589790801,-0.00465547157944,1.15966844506e-05
79.6,-0.00016209475738,-0.00465096186429,1.14850035841e-05
79.65,-0.000160613121066,-0.00464646336986,1.13744314818e-05
79.7,-0.000159144765545,-0.00464197606256,1.12649384703e-05
79.75,-0.000157689575456,-0.00463750596479,1.115652477e-05
79.8,-0.000156247436064,-0.00463304834383,1.10491795585e-05
79.85,-0.000154819007554,-0.00462860182373,1.09429030331e-05
79.9,-0.000153403388738,-0.00462416637302,1.08376624306e-05
79.95,-0.000152000468235,-0.00461974195801,1.07334881585e-05
80.0,-0.000150610135595,-0.00461536912724,1.06303284573e-05
80.05,-0.000149232276847,-0.00461101260557,1.0528180271e-05
80.1,-0.00014786678557,-0.00460666697287,1.04270268077e-05
80.15,-0.000146513554107,-0.00460233219468,1.03268749142e-05
80.2,-0.00014517247569,-0.00459800823628,1.022769773e-05
80.25,-0.00014384344443,-0.00459369506317,1.01294955337e-05
80.3,-0.000142526355316,-0.00458939264067,1.00322585334e-05
80.35,-0.000141221104207,-0.00458510093407,9.93598697729e-06
80.4,-0.000139927587825,-0.0045808199085,9.84065119015e-06
80.45,-0.000138645703744,-0.00457654952938,9.74627886002e-06
80.5,-0.000137375350397,-0.00457228976153,9.65282306581e-06
80.55,-0.00013611642705,-0.00456804057033,9.56028050433e-06
80.6,-0.000134868833809,-0.00456380192109,9.4686363053e-06
80.65,-0.000133632471609,-0.00455959935372,9.37789677174e-06
80.7,-0.000132407239105,-0.00455543261588,9.28803806616e-06
80.75,-0.000131193039792,-0.00455127628641,9.19906038677e-06
80.8,-0.000129989777146,-0.00454713032985,9.11095491075e-06
80.85,-0.000128797999121,-0.00454299471074,9.02372193301e-06
80.9,-0.000127616954651,-0.00453886939548,8.93733457562e-06
80.95,-0.000126446549783,-0.00453475434871,8.85181805247e-06
81.0,-0.000125286691356,-0.00453064953456,8.76712981617e-06
81.05,-0.000124137286975,-0.00452655491766,8.6832669319e-06
81.1,-0.00012299824502,-0.00452247046261,8.60021595825e-06
81.15,-0.000121869474635,-0.00451839613406,8.51798268421e-06
81.2,-0.000120750885727,-0.00451433189649,8.43654509496e-06
81.25,-0.000119642388952,-0.00451028142249,8.35590355844e-06
81.3,-0.000118543895567,-0.00450624446404,8.27605015698e-06
81.35,-0.000117455317588,-0.00450222929049,8.1969852518e-06
81.4,-0.000116376565848,-0.00449825268311,8.11868480842e-06
81.45,-0.000115307554515,-0.00449428595954,8.0411717186e-06
81.5,-0.000114248198006,-0.00449032908348,7.96440739182e-06
81.55,-0.000113198411449,-0.00448638201915,7.88838922048e-06
81.6,-0.000112158110687,-0.00448244473071,7.81310505153e-06
81.65,-0.000111127212266,-0.00447851718242,7.73856020146e-06
81.7,-0.000110105633439,-0.00447459933839,7.66473472685e-06
81.75,-0.000109093292152,-0.00447069116293,7.59162901793e-06
81.8,-0.000108090107042,-0.00446679262029,7.5192359161e-06
81.85,-0.00010709653265,-0.00446290367474,7.44755578611e-06
81.9,-0.000106111943369,-0.00445902429215,7.37656656407e-06
81.95,-0.000105136260026,-0.00445515443695,7.30628917889e-06
82.0,-0.00010416940412,-0.00445129407317,7.23668863e-06
82.05,-0.000103211297806,-0.00444744316531,7.16776260921e-06
82.1,-0.000102261863899,-0.00444361026421,7.09950013411e-06
82.15,-0.000101321024279,-0.00443981833387,7.0319063388e-06
82.2,-0.000100388703329,-0.00443604075753,6.96496311938e-06
82.25,-9.94648256855e-05,-0.00443227246681,6.89867090682e-06
82.3,-9.8549316799e-05,-0.00442851342577,6.83302324501e-06
82.35,-9.76421027504e-05,-0.00442476359853,6.768020514e-06
82.4,-9.67431102471e-05,-0.00442102294914,6.70364270847e-06
82.45,-9.58522666152e-05,-0.00441729144192,6.63990889567e-06
82.5,-9.49694998005e-05,-0.00441356904086,6.57678731494e-06
82.55,-9.40947383559e-05,-0.00440985571039,6.51427591461e-06
82.6,-9.32279114409e-05,-0.00440615141494,6.45236475919e-06
82.65,-9.23689488164e-05,-0.00440245611907,6.39105833863e-06
82.7,-9.15177808411e-05,-0.00439876978722,6.33034028083e-06
82.75,-9.06743384648e-05,-0.00439509387169,6.2702110048e-06
82.8,-8.98385531798e-05,-0.00439143237533,6.21066470103e-06
82.85,-8.90108017766e-05,-0.0043877797516,6.15170179132e-06
82.9,-8.81905634741e-05,-0.004384142023,6.09330414321e-06
82.95,-8.73777704685e-05,-0.00438054198597,6.0354893232e-06
83.0,-8.65723569585e-05,-0.00437695067457,5.97822847542e-06
83.05,-8.57742575175e-05,-0.00437336805329,5.92151977565e-06
83.1,-8.49834072768e-05,-0.00436979408666,5.86535423278e-06
83.15,-8.41997419201e-05,-0.00436622873933,5.80973596817e-06
83.2,-8.34231976808e-05,-0.00436267197586,5.75465013855e-06
83.25,-8.26537113353e-05,-0.00435912376105,5.70009716372e-06
83.3,-8.18912202004e-05,-0.00435558405968,5.64607179471e-06
83.35,-8.11356621287e-05,-0.0043520528366,5.59257443016e-06
83.4,-8.03869755047e-05,-0.00434853005665,5.53958862275e-06
83.45,-7.96450992384e-05,-0.00434501568494,5.48713021117e-06
83.5,-7.89099727653e-05,-0.00434150968631,5.43517303101e-06
83.55,-7.8181536037e-05,-0.00433801202602,5.38371546636e-06
83.6,-7.74597295199e-05,-0.00433452266934,5.33274938476e-06
83.65,-7.67444941904e-05,-0.00433104180538,5.28227857485e-06
83.7,-7.60357715267e-05,-0.00432757633125,5.23228958298e-06
83.75,-7.53335033325e-05,-0.00432411907277,5.18278285946e-06
83.8,-7.46376320986e-05,-0.00432070194452,5.13375367064e-06
83.85,-7.39484687754e-05,-0.00431729326296,5.08520266652e-06
83.9,-7.3265580924e-05,-0.00431389265429,5.03711479923e-06
83.95,-7.25889126396e-05,-0.00431050008389,4.98950450364e-06
84.0,-7.19184084997e-05,-0.00430711551699,4.942348021e-06
84.05,-7.12540135557e-05,-0.00430373891915,4.89564391367e-06
84.1,-7.05956733316e-05,-0.004300370256,4.84938481789e-06
84.15,-6.99433338199e-05,-0.00429700949331,4.80357421002e-06
84.2,-6.92969414789e-05,-0.00429365659681,4.75819988573e-06
84.25,-6.86564432267e-05,-0.00429031153243,4.71326225913e-06
84.3,-6.80217864397e-05,-0.00428698048637,4.66875705646e-06
84.35,-6.7392918807e-05,-0.00428365783949,4.62468469529e-06
84.4,-6.67697886001e-05,-0.00428034293735,4.58103164115e-06
84.45,-6.61523445503e-05,-0.00427703574617,4.53781105529e-06
84.5,-6.55405358331e-05,-0.00427373623196,4.49500136305e-06
84.55,-6.49343120612e-05,-0.00427044436112,4.45260128913e-06
84.6,-6.43336232833e-05,-0.00426716010011,4.41060416802e-06
84.65,-6.37384199792e-05,-0.0042638834155,4.36901319294e-06
84.7,-6.31486530583e-05,-0.00426062983316,4.32781729477e-06
84.75,-6.25642729078e-05,-0.00425739785711,4.28701702981e-06
84.8,-6.19852316422e-05,-0.00425417332002,4.24660848462e-06
84.85,-6.14117883657e-05,-0.00425095618851,4.20659204524e-06
84.9,-6.08435827917e-05,-0.00424774643012,4.16695542648e-06
84.95,-6.02805680281e-05,-0.00424454401169,4.12771062633e-06
85.0,-5.97226975907e-05,-0.00424134889993,4.08883804624e-06
85.05,-5.91699253965e-05,-0.00423816106187,4.05033655165e-06
85.1,-5.86222057621e-05,-0.00423498046463,4.01220010447e-06
85.15,-5.80794934003e-05,-0.00423180707547,3.97443163442e-06
85.2,-5.75417434175e-05,-0.00422864610468,3.93702109683e-06
85.25,-5.7008911209e-05,-0.00422549425334,3.89996890224e-06
85.3,-5.64809526239e-05,-0.0042223495278,3.86327157134e-06
85.35,-5.59578239329e-05,-0.00421921189555,3.82692948174e-06
85.4,-5.54394817873e-05,-0.00421608132413,3.79093148221e-06
85.45,-5.49258832145e-05,-0.00421295778129,3.75528851376e-06
85.5,-5.44169856173e-05,-0.00420984123468,3.71998277175e-06
85.55,-5.39127467681e-05,-0.00420673165227,3.68501324878e-06
85.6,-5.3413124807e-05,-0.00420362900211,3.65037447588e-06
85.65,-5.2918078239e-05,-0.00420053325236,3.61606914279e-06
85.7,-5.24275659311e-05,-0.00419746009737,3.5820881345e-06
85.75,-5.19415463674e-05,-0.00419440515859,3.54843195164e-06
85.8,-5.14599794278e-05,-0.00419136104476,3.51509739961e-06
85.85,-5.0983079785e-05,-0.00418832631303,3.48208485394e-06
85.9,-5.05105479288e-05,-0.00418529830413,3.44938419634e-06
85.95,-5.00423445835e-05,-0.00418227698649,3.41700540187e-06
86.0,-4.95784308174e-05,-0.00417926232846,3.3849322895e-06
86.05,-4.91187680373e-05,-0.00417625429869,3.35316396169e-06
86.1,-4.86633179875e-05,-0.00417325286591,3.32169546092e-06
86.15,-4.82120427459e-05,-0.004170257999,3.29052925344e-06
86.2,-4.77649047228e-05,-0.00416726966688,3.25965706343e-06
86.25,-4.73218666563e-05,-0.00416428783863,3.22907925731e-06
86.3,-4.68828916112e-05,-0.00416131248343,3.1987929892e-06
86.35,-4.64479429751e-05,-0.00415834357056,3.16879861127e-06
86.4,-4.60169844568e-05,-0.00415538106936,3.13908692901e-06
86.45,-4.55899800823e-05,-0.00415242494938,3.1096670406e-06
86.5,-4.51668941937e-05,-0.00414947518011,3.08052424075e-06
86.55,-4.47476914451e-05,-0.00414653173134,3.05165773235e-06
86.6,-4.43323368005e-05,-0.00414359457293,3.02306302313e-06
86.65,-4.39207955313e-05,-0.00414066367488,2.99474237683e-06
86.7,-4.35130332141e-05,-0.00413774199964,2.96668828055e-06
86.75,-4.31090156845e-05,-0.00413483059125,2.93890109333e-06
86.8,-4.2708709065e-05,-0.00413194824834,2.91137825257e-06
86.85,-4.2312290625e-05,-0.00412907380238,2.88412020382e-06
86.9,-4.19195118868e-05,-0.00412620545308,2.85711854128e-06
86.95,-4.153033999e-05,-0.00412334317074,2.83038156102e-06
87.0,-4.11447423636e-05,-0.00412048692564,2.80389589359e-06
87.05,-4.07626867221e-05,-0.00411763668832,2.77766082809e-06
87.1,-4.03841410639e-05,-0.00411479242942,2.75167229008e-06
87.15,-4.00090736687e-05,-0.00411195411972,2.72593235443e-06
87.2,-3.96374530956e-05,-0.00410912173004,2.7004341968e-06
87.25,-3.92692481803e-05,-0.0041062952314,2.67517815169e-06
87.3,-3.89044280329e-05,-0.00410347657914,2.65016189206e-06
87.35,-3.85429620103e-05,-0.00410066832678,2.62538574413e-06
87.4,-3.81848197078e-05,-0.00409786589352,2.60084212932e-06
87.45,-3.78299710479e-05,-0.00409506925072,2.57653861482e-06
87.5,-3.74783862188e-05,-0.00409227836971,2.5524630454e-06
87.55,-3.71300356711e-05,-0.00408949322209,2.52861478866e-06
87.6,-3.67848901165e-05,-0.00408671377956,2.50499015e-06
87.65,-3.64429205247e-05,-0.00408394001396,2.48159103264e-06
87.7,-3.61040981226e-05,-0.00408117189716,2.45841123816e-06
87.75,-3.57683943905e-05,-0.00407840940124,2.435451085e-06
87.8,-3.54357810613e-05,-0.00407565249834,2.41270846846e-06
87.85,-3.51064055631e-05,-0.00407290116073,2.39018369543e-06
87.9,-3.47800612427e-05,-0.00407015536127,2.36786987167e-06
87.95,-3.44567206266e-05,-0.00406742177366,2.34577390017e-06
88.0,-3.41363561579e-05,-0.00406470921547,2.32388478116e-06
88.05,-3.38189409344e-05,-0.00406200208618,2.30220193783e-06
88.1,-3.35044482149e-05,-0.00405930035844,2.2807220179e-06
88.15,-3.31928514948e-05,-0.00405660400501,2.25944676553e-06
88.2,-3.28841245041e-05,-0.00405391383631,2.23837054845e-06
88.25,-3.25782411962e-05,-0.00405123505997,2.21749366913e-06
88.3,-3.22751756998e-05,-0.00404856159225,2.19681423273e-06
88.35,-3.19749024394e-05,-0.00404589340624,2.17633252911e-06
88.4,-3.16773960664e-05,-0.00404323047512,2.15604229087e-06
88.45,-3.13826314564e-05,-0.00404057277226,2.13594981367e-06
88.5,-3.10905837085e-05,-0.00403792027101,2.11604504338e-06
88.55,-3.08012281421e-05,-0.00403527294496,2.09632747755e-06
88.6,-3.05145402959e-05,-0.00403263076783,2.07679407479e-06
88.65,-3.02304959255e-05,-0.00402999371344,2.05744643428e-06
88.7,-2.99490710021e-05,-0.00402736175569,2.03827943815e-06
88.75,-2.96702417101e-05,-0.00402473486864,2.0192933711e-06
88.8,-2.93939844458e-05,-0.00402211302645,2.00048650863e-06
88.85,-2.91204213453e-05,-0.00401950261891,1.98185912549e-06
88.9,-2.88493807763e-05,-0.00401689721973,1.96340553523e-06
88.95,-2.85808398031e-05,-0.0040142968033,1.94513148114e-06
89.0,-2.83147756942e-05,-0.00401170134403,1.92702781736e-06
89.05,-2.80511659199e-05,-0.00400911081657,1.90909409608e-06
89.1,-2.77899881509e-05,-0.00400652519565,1.89132755718e-06
89.15,-2.75312202569e-05,-0.00400394445614,1.87372966656e-06
89.2,-2.72748403043e-05,-0.00400136857297,1.85629577274e-06
89.25,-2.7020826555e-05,-0.00399880482717,1.83902614424e-06
89.3,-2.67691572241e-05,-0.00399625853895,1.8219192593e-06
89.35,-2.65198110323e-05,-0.00399371700968,1.80497536515e-06
89.4,-2.62727668242e-05,-0.00399118021457,1.78818928138e-06
89.45,-2.60280036327e-05,-0.003988648129,1.77156624678e-06
89.5,-2.5785500678e-05,-0.00398612072836,1.75509793964e-06
89.55,-2.55452373652e-05,-0.00398359798825,1.73878395988e-06
89.6,-2.53071932832e-05,-0.00398107988439,1.72262180134e-06
89.65,-2.50713482029e-05,-0.00397856639263,1.70661280674e-06
89.7,-2.4837682076e-05,-0.00397605748887,1.69075274702e-06
89.75,-2.4606175033e-05,-0.00397355869195,1.67504187417e-06
89.8,-2.43768073373e-05,-0.00397106567912,1.65947878071e-06
89.85,-2.41496801534e-05,-0.00396857719795,1.64406371145e-06
89.9,-2.39246510828e-05,-0.00396609322503,1.62879195577e-06
89.95,-2.37017009931e-05,-0.00396361373676,1.6136682932e-06
90.0,-2.34808109235e-05,-0.00396113870956,1.5986851514e-06
90.05,-2.3261962082e-05,-0.00395866812004,1.58384217339e-06
90.1,-2.30451358448e-05,-0.00395620194495,1.56913708366e-06
90.15,-2.28303137545e-05,-0.00395374016111,1.55457111255e-06
90.2,-2.26174775189e-05,-0.00395128274547,1.54014041493e-06
90.25,-2.24066090095e-05,-0.0039488296751,1.52584522737e-06
90.3,-2.21976902599e-05,-0.00394638092716,1.51168426799e-06
90.35,-2.19907034646e-05,-0.00394394086586,1.49765776542e-06
90.4,-2.17856309461e-05,-0.00394150699843,1.4837614407e-06
90.45,-2.15824552041e-05,-0.00393907739983,1.46999965682e-06
90.5,-2.1381158909e-05,-0.0039366520475,1.45636552227e-06
90.55,-2.11817248862e-05,-0.00393423091907,1.44285871832e-06
90.6,-2.09841361154e-05,-0.00393181399227,1.42947717838e-06
90.65,-2.07883757285e-05,-0.00392940124495,1.41622202957e-06
90.7,-2.05944270091e-05,-0.00392700576084,1.40308977519e-06
90.75,-2.04022731837e-05,-0.00392461908585,1.39008067146e-06
90.8,-2.02118979294e-05,-0.00392223650568,1.37719354077e-06
90.85,-2.00233850475e-05,-0.00391985799844,1.36442859664e-06
90.9,-1.98366163835e-05,-0.00391748354261,1.35178194128e-06
90.95,-1.96515759909e-05,-0.00391511311653,1.33925755281e-06
91.0,-1.94682480663e-05,-0.00391274669857,1.32684915797e-06
91.05,-1.92866169481e-05,-0.00391038426731,1.31455647154e-06
91.1,-1.91066671151e-05,-0.00390802580139,1.30237761581e-06
91.15,-1.89283831858e-05,-0.0039056712796,1.2903136227e-06
91.2,-1.87517499165e-05,-0.0039033206808,1.2783613114e-06
91.25,-1.85767522007e-05,-0.0039009774098,1.2665208887e-06
91.3,-1.84033750469e-05,-0.00389864125105,1.25479130447e-06
91.35,-1.82316036002e-05,-0.00389630896759,1.24317276183e-06
91.4,-1.71270796593e-05,-0.00389398053859,1.23166171445e-06
91.45,-1.55648165286e-05,-0.00389165331971,1.22026086684e-06
91.5,-1.54195198114e-05,-0.003889326019,1.20896408886e-06
91.55,-1.52755690029e-05,-0.00388700261813,1.19777254803e-06
91.6,-1.51329517794e-05,-0.00388468309541,1.18668453628e-06
91.65,-1.49916559281e-05,-0.0038823674293,1.17570099671e-06
91.7,-1.48516693458e-05,-0.00388005559833,1.1648190338e-06
91.75,-1.47129800383e-05,-0.00387774758119,1.15403883877e-06
91.8,-1.45755761192e-05,-0.00387544335666,1.1433594543e-06
91.85,-1.44395179713e-05,-0.00387314533846,1.13278106537e-06
91.9,-1.43047203283e-05,-0.00387085482144,1.12230044575e-06
91.95,-1.41711716259e-05,-0.00386856804837,1.11192090905e-06
92.0,-1.40388604219e-05,-0.00386628499832,1.10163725418e-06
92.05,-1.39077753766e-05,-0.00386400565058,1.09144925142e-06
92.1,-1.37779052529e-05,-0.00386172998451,1.08135534871e-06
92.15,-1.36492389145e-05,-0.0038594579796,1.07135640979e-06
92.2,-1.35217653255e-05,-0.00385718961546,1.06144980045e-06
92.25,-1.33954735496e-05,-0.00385492581974,1.05163569915e-06
92.3,-1.32703527176e-05,-0.00385268049091,1.0419132438e-06
92.35,-1.31463920126e-05,-0.00385043875329,1.03228262214e-06
92.4,-1.3023580836e-05,-0.00384820056018,1.02274088739e-06
92.45,-1.29019086432e-05,-0.00384596589165,1.01329105972e-06
92.5,-1.27813649844e-05,-0.00384373472779,1.00392840309e-06
92.55,-1.26619395042e-05,-0.00384150704889,9.94652711723e-07
92.6,-1.25436219406e-05,-0.00383928283531,9.85462574742e-07
92.65,-1.24264021241e-05,-0.00383706206756,9.76358782783e-07
92.7,-1.23102699773e-05,-0.00383484472624,9.6733893866e-07
92.75,-1.21952155133e-05,-0.00383263217782,9.58403208399e-07
92.8,-1.20812288304e-05,-0.0038304281664,9.49550805208e-07
92.85,-1.19683599137e-05,-0.00382822753869,9.4078189372e-07
92.9,-1.18565380561e-05,-0.00382603027575,9.32093799481e-07
92.95,-1.17457536452e-05,-0.00382383635861,9.23489278473e-07
93.0,-1.16359971555e-05,-0.00382164576837,9.14964017854e-07
93.05,-1.15272591475e-05,-0.00381945848629,9.06517833439e-07
93.1,-1.1419530267e-05,-0.0038172744937,8.98149442702e-07
93.15,-1.13128012441e-05,-0.0038150937721,8.89859569501e-07
93.2,-1.12070628931e-05,-0.00381291630302,8.81646032267e-07
93.25,-1.11023061111e-05,-0.00381074206816,8.73508985496e-07
93.3,-1.09985218776e-05,-0.00380857104928,8.65447714253e-07
93.35,-1.08957012537e-05,-0.00380640378043,8.57462368119e-07
93.4,-1.07938353794e-05,-0.0038042452128,8.49550513064e-07
93.45,-1.06929154578e-05,-0.00380208982101,8.41714667974e-07
93.5,-1.05929327912e-05,-0.00379993758709,8.33950904913e-07
93.55,-1.04938787607e-05,-0.00379778849325,8.26259058912e-07
93.6,-1.03957448255e-05,-0.00379564252179,8.18637963867e-07
93.65,-1.02985225222e-05,-0.0037934996551,8.11088282386e-07
93.7,-1.0202203464e-05,-0.00379135987568,8.03608028818e-07
93.75,-1.01067793401e-05,-0.00378922316613,7.96197346727e-07
93.8,-1.0012241915e-05,-0.00378708950916,7.88855587174e-07
93.85,-9.91863259659e-06,-0.00378495888758,7.81582889187e-07
93.9,-9.82589275307e-06,-0.0037828312844,7.74377036453e-07
93.95,-9.73401438535e-06,-0.00378070668264,7.67240324113e-07
94.0,-9.64298956693e-06,-0.00377858506537,7.60169174488e-07
94.05,-9.55281044309e-06,-0.00377647726615,7.5316343984e-07
94.1,-9.46346915408e-06,-0.00377437548612,7.46222075006e-07
94.15,-9.3749580231e-06,-0.0037722766294,7.39345679387e-07
94.2,-9.28726940889e-06,-0.00377018067935,7.32532445193e-07
94.25,-9.20039573949e-06,-0.00376808761947,7.25782505472e-07
94.3,-9.11432951165e-06,-0.00376600327043,7.1909527084e-07
94.35,-9.02906327303e-06,-0.00376392237562,7.12470873594e-07
94.4,-8.94458965488e-06,-0.00376184433643,7.05907295705e-07
94.45,-8.86090135708e-06,-0.00375976913661,6.99406631331e-07
94.5,-8.77799114583e-06,-0.00375769675996,6.92965621052e-07
94.55,-8.69585185295e-06,-0.00375562719043,6.86584132076e-07
94.6,-8.61447637543e-06,-0.00375356041206,6.80261199659e-07
94.65,-8.53385767474e-06,-0.00375149640898,6.73997378583e-07
94.7,-8.45398877636e-06,-0.00374943516541,6.67791022946e-07
94.75,-8.37486276911e-06,-0.00374737666567,6.61642256105e-07
94.8,-8.29647280469e-06,-0.00374532089419,6.55550542804e-07
94.85,-8.21885317099e-06,-0.00374326783546,6.49516002543e-07
94.9,-8.14195526017e-06,-0.00374122217857,6.43536797417e-07
94.95,-8.06577240861e-06,-0.00373918048086,6.37614841105e-07
95.0,-7.99029802271e-06,-0.0037371414636,6.31747164789e-07
95.05,-7.91552557218e-06,-0.00373510511156,6.25933649296e-07
95.1,-7.8414485861e-06,-0.0037330714096,6.20173416964e-07
95.15,-7.76806065241e-06,-0.00373104034267,5.83377395484e-07
95.2,-7.69535502791e-06,-0.00372901231775,5.74552239886e-07
95.25,-7.62332577696e-06,-0.00372698693798,5.69265698506e-07
95.3,-7.551966705e-06,-0.00372496414095,5.64028188351e-07
95.35,-7.48127162981e-06,-0.00372294391208,5.58839846563e-07
95.4,-7.41123442546e-06,-0.00372092623684,5.53699025432e-07
95.45,-7.3418490218e-06,-0.00371891110082,5.48607495072e-07
95.5,-7.27310940401e-06,-0.00371689848967,5.43562575657e-07
95.55,-7.20500961201e-06,-0.00371488838913,5.07574111377e-07
95.6,-7.13754338023e-06,-0.00371288120549,4.99460435301e-07
95.65,-7.07070518959e-06,-0.00371087654404,4.94867743644e-07
95.7,-7.0044892822e-06,-0.00370887434336,4.90317089253e-07
95.75,-6.93888991197e-06,-0.00370687458966,4.85808628661e-07
95.8,-6.87390138524e-06,-0.00370488109707,4.8134197045e-07
95.85,-6.80955208272e-06,-0.00370289252048,4.76917268464e-07
95.9,-6.74580170695e-06,-0.00370090636446,4.72533048356e-07
95.95,-6.68264472905e-06,-0.00369892261541,4.68190950739e-07
96.0,-6.62007567059e-06,-0.00369694387753,4.63888558678e-07
96.05,-6.55808907158e-06,-0.00369497708295,4.5962551578e-07
96.1,-6.49667955976e-06,-0.00369301264822,4.55401462118e-07
96.15,-6.43584180619e-06,-0.00369105055997,4.51216582273e-07
96.2,-6.37557053054e-06,-0.00368909080488,4.47069972673e-07
96.25,-6.31586050065e-06,-0.00368713336974,4.42961777029e-07
96.3,-6.2567065321e-06,-0.00368517824138,4.3889163942e-07
96.35,-6.19810348778e-06,-0.00368322540675,4.34859699708e-07
96.4,-6.14004627749e-06,-0.00368127770118,4.30864613663e-07
96.45,-6.08252985185e-06,-0.00367933529565,4.26907879257e-07
96.5,-6.02554920746e-06,-0.00367739515839,4.22987294718e-07
96.55,-5.96909939267e-06,-0.00367545727654,4.19102530843e-07
96.6,-5.91317550107e-06,-0.00367352163733,4.15253261429e-07
96.65,-5.85777267105e-06,-0.00367158822805,4.11439655825e-07
96.7,-5.80288608542e-06,-0.0036696570361,4.07660891145e-07
96.75,-5.74851097102e-06,-0.00366772804892,4.03917099444e-07
96.8,-5.6946425983e-06,-0.00366580125406,4.00207957173e-07
96.85,-5.64130447354e-06,-0.00366387663912,3.9653359286e-07
96.9,-5.58846320443e-06,-0.00366195419186,3.92892781729e-07
96.95,-5.53611419817e-06,-0.00366003390006,3.89286889777e-07
97.0,-5.48425290395e-06,-0.00365811575153,3.85713909273e-07
97.05,-5.43287481252e-06,-0.00365619973421,3.82173541011e-07
97.1,-5.38197545586e-06,-0.00365428583608,3.78665488503e-07
97.15,-5.3315504068e-06,-0.00365237404522,3.75189907136e-07
97.2,-5.28159527865e-06,-0.00365046434977,3.71746047471e-07
97.25,-5.23210572485e-06,-0.00364855673796,3.68334030859e-07
97.3,-5.18307743859e-06,-0.00364665308173,3.64953563175e-07
97.35,-5.13450614932e-06,-0.00364475582169,3.61604763102e-07
97.4,-5.08638762167e-06,-0.00364286062452,3.58286515913e-07
97.45,-5.03871766632e-06,-0.0036409674786,3.55000068104e-07
97.5,-4.99149213234e-06,-0.00363907637237,3.51743589589e-07
97.55,-4.94470690676e-06,-0.00363718729438,3.48516808299e-07
97.6,-4.89835791426e-06,-0.00363530023324,3.45319454629e-07
97.65,-4.85244111684e-06,-0.00363341517762,3.42151671046e-07
97.7,-4.80695251349e-06,-0.00363153211627,3.39012774862e-07
97.75,-4.76188813982e-06,-0.00362965103803,3.35902877481e-07
97.8,-4.71724406779e-06,-0.00362777193178,3.32821711413e-07
97.85,-4.67303975896e-06,-0.00362589478647,3.29769385096e-07
97.9,-4.62924754232e-06,-0.0036240206426,3.267448815e-07
97.95,-4.58586360203e-06,-0.00362215317073,3.23749338432e-07
98.0,-4.54288415188e-06,-0.00362028764035,3.20781088931e-07
98.05,-4.50030544747e-06,-0.0036184240406,3.17839885551e-07
98.1,-4.45812377868e-06,-0.00361656236067,3.1492548309e-07
98.15,-4.41633546942e-06,-0.00361470258981,3.12038012135e-07
98.2,-4.37493687726e-06,-0.00361284471737,3.09176850731e-07
98.25,-4.33392439315e-06,-0.00361099702142,2.75676104164e-07
98.3,-4.29329420169e-06,-0.00360915396643,2.39077756453e-07
98.35,-4.25304275818e-06,-0.00360731321381,1.72167861661e-07
98.4,-4.21316635372e-06,-0.00360547514639,1.63771747454e-07
98.45,-4.17366192083e-06,-0.00360363898266,1.62271270527e-07
98.5,-4.13452606029e-06,-0.00360180462195,1.60784451212e-07
98.55,-4.09575535678e-06,-0.0035999720543,1.59311165895e-07
98.6,-4.05734642631e-06,-0.00359814126982,1.57851292075e-07
98.65,-4.01929591595e-06,-0.00359631225869,1.25741183314e-07
98.7,-3.98160030598e-06,-0.00359448541185,1.21179167777e-07
98.75,-3.94425648747e-06,-0.00359266035676,1.20068693153e-07
98.8,-3.90726122132e-06,-0.00359083703856,1.18968327271e-07
98.85,-3.8706306194e-06,-0.003589021567,1.1787797865e-07
98.9,-3.83434174652e-06,-0.00358720782729,1.16797557235e-07
98.95,-3.79839143599e-06,-0.00358539580992,8.51775511571e-08
99.0,-3.76277636423e-06,-0.00358358590445,8.10003762789e-08
99.05,-3.72749359441e-06,-0.00358177774019,8.02586336701e-08
99.1,-3.69254006723e-06,-0.00357997126282,7.95236365717e-08
99.15,-3.65791273049e-06,-0.00357816646317,7.87953240246e-08
99.2,-3.62360856e-06,-0.00357636333211,7.80736356184e-08
99.25,-3.58962455935e-06,-0.00357456186061,7.7358511486e-08
99.3,-3.55595775967e-06,-0.00357276203965,7.66498922992e-08
99.35,-3.52260521934e-06,-0.0035709638603,7.59477192636e-08
99.4,-3.48956402378e-06,-0.00356916731367,7.52519341097e-08
99.45,-3.4568312852e-06,-0.00356737739445,4.40236312921e-08
99.5,-3.4244039678e-06,-0.00356559019011,4.02246816175e-08
99.55,-3.3922793924e-06,-0.0035638046426,3.9856500049e-08
99.6,-3.36045476944e-06,-0.0035620206982,3.94916643356e-08
99.65,-3.3289273159e-06,-0.00356023834826,3.91301442775e-08
99.7,-3.29769427434e-06,-0.0035584575842,3.87719099458e-08
99.75,-3.26675291268e-06,-0.00355667839752,3.84169316803e-08
99.8,-3.23610052397e-06,-0.00355490077972,3.80651800874e-08
99.85,-3.20575044699e-06,-0.0035531247224,3.77166260372e-08
99.9,-3.17568368705e-06,-0.00355135021723,3.73712406623e-08
99.95,-3.1458976159e-06,-0.00354957725589,3.70293652785e-08
100.0,-3.11638962947e-06,-0.00354780583013,3.66905941051e-08
