"time","AMPA","NMDA","GABAa"
0.0,0.0,0.0,0.0
0.05,0.0,0.0,0.0
0.1,0.0,0.0,0.0
0.15,0.0,0.0,0.0
0.2,0.0,0.0,0.0
0.25,0.0,0.0,0.0
0.3,0.0,0.0,0.0
0.35,0.0,0.0,0.0
0.4,0.0,0.0,0.0
0.45,0.0,0.0,0.0
0.5,0.0,0.0,0.0
0.55,0.0,0.0,0.0
0.6,0.0,0.0,0.0
0.65,0.0,0.0,0.0
0.7,0.0,0.0,0.0
0.75,0.0,0.0,0.0
0.8,0.0,0.0,0.0
0.85,0.0,0.0,0.0
0.9,0.0,0.0,0.0
0.95,0.0,0.0,0.0
1.0,0.0,0.0,0.0
1.05,0.0,0.0,0.0
1.1,0.0,0.0,0.0
1.15,0.0,0.0,0.0
1.2,0.0,0.0,0.0
1.25,0.0,0.0,0.0
1.3,0.0,0.0,0.0
1.35,0.0,0.0,0.0
1.4,0.0,0.0,0.0
1.45,0.0,0.0,0.0
1.5,0.0,0.0,0.0
1.55,0.0,0.0,0.0
1.6,0.0,0.0,0.0
1.65,0.0,0.0,0.0
1.7,0.0,0.0,0.0
1.75,0.0,0.0,0.0
1.8,0.0,0.0,0.0
1.85,0.0,0.0,0.0
1.9,0.0,0.0,0.0
1.95,0.0,0.0,0.0
2.0,0.0,0.0,0.0
2.05,0.0,0.0,0.0
2.1,0.0,0.0,0.0
2.15,0.0,0.0,0.0
2.2,0.0,0.0,0.0
2.25,0.0,0.0,0.0
2.3,0.0,0.0,0.0
2.35,0.0,0.0,0.0
2.4,0.0,0.0,0.0
2.45,0.0,0.0,0.0
2.5,0.0,0.0,0.0
2.55,0.0,0.0,0.0
2.6,0.0,0.0,0.0
2.65,0.0,0.0,0.0
2.7,0.0,0.0,0.0
2.75,0.0,0.0,0.0
2.8,0.0,0.0,0.0
2.85,0.0,0.0,0.0
2.9,0.0,0.0,0.0
2.95,0.0,0.0,0.0
3.0,0.0,0.0,0.0
3.05,0.0,0.0,0.0
3.1,0.0,0.0,0.0
3.15,0.0,0.0,0.0
3.2,0.0,0.0,0.0
3.25,0.0,0.0,0.0
3.3,0.0,0.0,0.0
3.35,0.0,0.0,0.0
3.4,0.0,0.0,0.0
3.45,0.0,0.0,0.0
3.5,0.0,0.0,0.0
3.55,0.0,0.0,0.0
3.6,0.0,0.0,0.0
3.65,0.0,0.0,0.0
3.7,0.0,0.0,0.0
3.75,0.0,0.0,0.0
3.8,0.0,0.0,0.0
3.85,0.0,0.0,0.0
3.9,0.0,0.0,0.0
3.95,0.0,0.0,0.0
4.0,0.0,0.0,0.0
4.05,0.0,0.0,0.0
4.1,0.0,0.0,0.0
4.15,0.0,0.0,0.0
4.2,0.0,0.0,0.0
4.25,0.0,0.0,0.0
4.3,0.0,0.0,0.0
4.35,0.0,0.0,0.0
4.4,0.0,0.0,0.0
4.45,0.0,0.0,0.0
4.5,0.0,0.0,0.0
4.55,0.0,0.0,0.0
4.6,0.0,0.0,0.0
4.65,0.0,0.0,0.0
4.7,0.0,0.0,0.0
4.75,0.0,0.0,0.0
4.8,0.0,0.0,0.0
4.85,0.0,0.0,0.0
4.9,0.0,0.0,0.0
4.95,0.0,0.0,0.0
5.0,0.0,0.0,0.0
5.05,0.0,0.0,0.0
5.1,0.0,0.0,0.0
5.15,0.0,0.0,0.0
5.2,0.0,0.0,0.0
5.25,0.0,0.0,0.0
5.3,0.0,0.0,0.0
5.35,0.0,0.0,0.0
5.4,0.0,0.0,0.0
5.45,0.0,0.0,0.0
5.5,0.0,0.0,0.0
5.55,0.0,0.0,0.0
5.6,0.0,0.0,0.0
5.65,0.0,0.0,0.0
5.7,0.0,0.0,0.0
5.75,0.0,0.0,0.0
5.8,0.0,0.0,0.0
5.85,0.0,0.0,0.0
5.9,0.0,0.0,0.0
5.95,0.0,0.0,0.0
6.0,0.0,0.0,0.0
6.05,0.0,0.0,0.0
6.1,0.0,0.0,0.0
6.15,0.0,0.0,0.0
6.2,0.0,0.0,0.0
6.25,0.0,0.0,0.0
6.3,0.0,0.0,0.0
6.35,0.0,0.0,0.0
6.4,0.0,0.0,0.0
6.45,0.0,0.0,0.0
6.5,0.0,0.0,0.0
6.55,0.0,0.0,0.0
6.6,0.0,0.0,0.0
6.65,0.0,0.0,0.0
6.7,0.0,0.0,0.0
6.75,0.0,0.0,0.0
6.8,0.0,0.0,0.0
6.85,0.0,0.0,0.0
6.9,0.0,0.0,0.0
6.95,0.0,0.0,0.0
7.0,0.0,0.0,0.0
7.05,0.0,0.0,0.0
7.1,0.0,0.0,0.0
7.15,0.0,0.0,0.0
7.2,0.0,0.0,0.0
7.25,0.0,0.0,0.0
7.3,0.0,0.0,0.0
7.35,0.0,0.0,0.0
7.4,0.0,0.0,0.0
7.45,0.0,0.0,0.0
7.5,0.0,0.0,0.0
7.55,0.0,0.0,0.0
7.6,0.0,0.0,0.0
7.65,0.0,0.0,0.0
7.7,0.0,0.0,0.0
7.75,0.0,0.0,0.0
7.8,0.0,0.0,0.0
7.85,0.0,0.0,0.0
7.9,0.0,0.0,0.0
7.95,0.0,0.0,0.0
8.0,0.0,0.0,0.0
8.05,0.0,0.0,0.0
8.1,0.0,0.0,0.0
8.15,0.0,0.0,0.0
8.2,0.0,0.0,0.0
8.25,0.0,0.0,0.0
8.3,0.0,0.0,0.0
8.35,0.0,0.0,0.0
8.4,0.0,0.0,0.0
8.45,0.0,0.0,0.0
8.5,0.0,0.0,0.0
8.55,0.0,0.0,0.0
8.6,0.0,0.0,0.0
8.65,0.0,0.0,0.0
8.7,0.0,0.0,0.0
8.75,0.0,0.0,0.0
8.8,0.0,0.0,0.0
8.85,0.0,0.0,0.0
8.9,0.0,0.0,0.0
8.95,0.0,0.0,0.0
9.0,0.0,0.0,0.0
9.05,0.0,0.0,0.0
9.1,0.0,0.0,0.0
9.15,0.0,0.0,0.0
9.2,0.0,0.0,0.0
9.25,0.0,0.0,0.0
9.3,0.0,0.0,0.0
9.35,0.0,0.0,0.0
9.4,0.0,0.0,0.0
9.45,0.0,0.0,0.0
9.5,0.0,0.0,0.0
9.55,0.0,0.0,0.0
9.6,0.0,0.0,0.0
9.65,0.0,0.0,0.0
9.7,0.0,0.0,0.0
9.75,0.0,0.0,0.0
9.8,0.0,0.0,0.0
9.85,0.0,0.0,0.0
9.9,0.0,0.0,0.0
9.95,0.0,0.0,0.0
10.0,0.0,0.0,0.0
10.05,0.0,0.0,0.0
10.1,0.0,0.0,0.0
10.15,0.0,0.0,0.0
10.2,0.0,0.0,0.0
10.25,0.0,0.0,0.0
10.3,0.0,0.0,0.0
10.35,0.0,0.0,0.0
10.4,0.0,0.0,0.0
10.45,0.0,0.0,0.0
10.5,0.0,0.0,0.0
10.55,0.0,0.0,0.0
10.6,0.0,0.0,0.0
10.65,0.0,0.0,0.0
10.7,0.0,0.0,0.0
10.75,0.0,0.0,0.0
10.8,0.0,0.0,0.0
10.85,0.0,0.0,0.0
10.9,0.0,0.0,0.0
10.95,0.0,0.0,0.0
11.0,0.0,0.0,0.0
11.05,0.0,0.0,0.0
11.1,0.0,0.0,0.0
11.15,0.0,0.0,0.0
11.2,0.0,0.0,0.0
11.25,0.0,0.0,0.0
11.3,0.0,0.0,0.0
11.35,0.0,0.0,0.0
11.4,0.0,0.0,0.0
11.45,0.0,0.0,0.0
11.5,0.0,0.0,0.0
11.55,0.0,0.0,0.0
11.6,0.0,0.0,0.0
11.65,0.0,0.0,0.0
11.7,0.0,0.0,0.0
11.75,0.0,0.0,0.0
11.8,0.0,0.0,0.0
11.85,0.0,0.0,0.0
11.9,0.0,0.0,0.0
11.95,0.0,0.0,0.0
12.0,0.0,0.0,0.0
12.05,0.0,0.0,0.0
12.1,0.0,0.0,0.0
12.15,0.0,0.0,0.0
12.2,0.0,0.0,0.0
12.25,0.0,0.0,0.0
12.3,0.0,0.0,0.0
12.35,0.0,0.0,0.0
12.4,0.0,0.0,0.0
12.45,0.0,0.0,0.0
12.5,0.0,0.0,0.0
12.55,0.0,0.0,0.0
12.6,0.0,0.0,0.0
12.65,0.0,0.0,0.0
12.7,0.0,0.0,0.0
12.75,0.0,0.0,0.0
12.8,0.0,0.0,0.0
12.85,0.0,0.0,0.0
12.9,0.0,0.0,0.0
12.95,0.0,0.0,0.0
13.0,0.0,0.0,0.0
13.05,0.0,0.0,0.0
13.1,0.0,0.0,0.0
13.15,0.0,0.0,0.0
13.2,0.0,0.0,0.0
13.25,0.0,0.0,0.0
13.3,0.0,0.0,0.0
13.35,0.0,0.0,0.0
13.4,0.0,0.0,0.0
13.45,0.0,0.0,0.0
13.5,0.0,0.0,0.0
13.55,0.0,0.0,0.0
13.6,0.0,0.0,0.0
13.65,0.0,0.0,0.0
13.7,0.0,0.0,0.0
13.75,0.0,0.0,0.0
13.8,0.0,0.0,0.0
13.85,0.0,0.0,0.0
13.9,0.0,0.0,0.0
13.95,0.0,0.0,0.0
14.0,0.0,0.0,0.0
14.05,0.0,0.0,0.0
14.1,0.0,0.0,0.0
14.15,0.0,0.0,0.0
14.2,0.0,0.0,0.0
14.25,0.0,0.0,0.0
14.3,0.0,0.0,0.0
14.35,0.0,0.0,0.0
14.4,0.0,0.0,0.0
14.45,0.0,0.0,0.0
14.5,0.0,0.0,0.0
14.55,0.0,0.0,0.0
14.6,0.0,0.0,0.0
14.65,0.0,0.0,0.0
14.7,0.0,0.0,0.0
14.75,0.0,0.0,0.0
14.8,0.0,0.0,0.0
14.85,0.0,0.0,0.0
14.9,0.0,0.0,0.0
14.95,0.0,0.0,0.0
15.0,0.0,0.0,0.0
15.05,0.0,0.0,0.0
15.1,0.0,0.0,0.0
15.15,0.0,0.0,0.0
15.2,0.0,0.0,0.0
15.25,0.0,0.0,0.0
15.3,0.0,0.0,0.0
15.35,0.0,0.0,0.0
15.4,0.0,0.0,0.0
15.45,0.0,0.0,0.0
15.5,0.0,0.0,0.0
15.55,0.0,0.0,0.0
15.6,0.0,0.0,0.0
15.65,0.0,0.0,0.0
15.7,0.0,0.0,0.0
15.75,0.0,0.0,0.0
15.8,0.0,0.0,0.0
15.85,0.0,0.0,0.0
15.9,0.0,0.0,0.0
15.95,0.0,0.0,0.0
16.0,0.0,0.0,0.0
16.05,0.0,0.0,0.0
16.1,0.0,0.0,0.0
16.15,0.0,0.0,0.0
16.2,0.0,0.0,0.0
16.25,0.0,0.0,0.0
16.3,0.0,0.0,0.0
16.35,0.0,0.0,0.0
16.4,0.0,0.0,0.0
16.45,0.0,0.0,0.0
16.5,0.0,0.0,0.0
16.55,0.0,0.0,0.0
16.6,0.0,0.0,0.0
16.65,0.0,0.0,0.0
16.7,0.0,0.0,0.0
16.75,0.0,0.0,0.0
16.8,0.0,0.0,0.0
16.85,0.0,0.0,0.0
16.9,0.0,0.0,0.0
16.95,0.0,0.0,0.0
17.0,0.0,0.0,0.0
17.05,0.0,0.0,0.0
17.1,0.0,0.0,0.0
17.15,0.0,0.0,0.0
17.2,0.0,0.0,0.0
17.25,0.0,0.0,0.0
17.3,0.0,0.0,0.0
17.35,0.0,0.0,0.0
17.4,0.0,0.0,0.0
17.45,0.0,0.0,0.0
17.5,0.0,0.0,0.0
17.55,0.0,0.0,0.0
17.6,0.0,0.0,0.0
17.65,0.0,0.0,0.0
17.7,0.0,0.0,0.0
17.75,0.0,0.0,0.0
17.8,0.0,0.0,0.0
17.85,0.0,0.0,0.0
17.9,0.0,0.0,0.0
17.95,0.0,0.0,0.0
18.0,0.0,0.0,0.0
18.05,0.0,0.0,0.0
18.1,0.0,0.0,0.0
18.15,0.0,0.0,0.0
18.2,0.0,0.0,0.0
18.25,0.0,0.0,0.0
18.3,0.0,0.0,0.0
18.35,0.0,0.0,0.0
18.4,0.0,0.0,0.0
18.45,0.0,0.0,0.0
18.5,0.0,0.0,0.0
18.55,0.0,0.0,0.0
18.6,0.0,0.0,0.0
18.65,0.0,0.0,0.0
18.7,0.0,0.0,0.0
18.75,0.0,0.0,0.0
18.8,0.0,0.0,0.0
18.85,0.0,0.0,0.0
18.9,0.0,0.0,0.0
18.95,0.0,0.0,0.0
19.0,0.0,0.0,0.0
19.05,0.0,0.0,0.0
19.1,0.0,0.0,0.0
19.15,0.0,0.0,0.0
19.2,0.0,0.0,0.0
19.25,0.0,0.0,0.0
19.3,0.0,0.0,0.0
19.35,0.0,0.0,0.0
19.4,0.0,0.0,0.0
19.45,0.0,0.0,0.0
19.5,0.0,0.0,0.0
19.55,0.0,0.0,0.0
19.6,0.0,0.0,0.0
19.65,0.0,0.0,0.0
19.7,0.0,0.0,0.0
19.75,0.0,0.0,0.0
19.8,0.0,0.0,0.0
19.85,0.0,0.0,0.0
19.9,0.0,0.0,0.0
19.95,0.0,0.0,0.0
20.0,0.0,0.0,0.0
20.05,0.0,0.0,0.0
20.1,0.0,0.0,0.0
20.15,0.0,0.0,0.0
20.2,0.0,0.0,0.0
20.25,0.0,0.0,0.0
20.3,0.0,0.0,0.0
20.35,0.0,0.0,0.0
20.4,0.0,0.0,0.0
20.45,0.0,0.0,0.0
20.5,0.0,0.0,0.0
20.55,0.0,0.0,0.0
20.6,0.0,0.0,0.0
20.65,0.0,0.0,0.0
20.7,0.0,0.0,0.0
20.75,0.0,0.0,0.0
20.8,0.0,0.0,0.0
20.85,0.0,0.0,0.0
20.9,0.0,0.0,0.0
20.95,0.0,0.0,0.0
21.0,0.0,0.0,0.0
21.05,0.0,0.0,0.0
21.1,0.0,0.0,0.0
21.15,0.0,0.0,0.0
21.2,0.0,0.0,0.0
21.25,0.0,0.0,0.0
21.3,0.0,0.0,0.0
21.35,0.0,0.0,0.0
21.4,0.0,0.0,0.0
21.45,0.0,0.0,0.0
21.5,0.0,0.0,0.0
21.55,0.0,0.0,0.0
21.6,0.0,0.0,0.0
21.65,0.0,0.0,0.0
21.7,0.0,0.0,0.0
21.75,0.0,0.0,0.0
21.8,0.0,0.0,0.0
21.85,0.0,0.0,0.0
21.9,0.0,0.0,0.0
21.95,0.0,0.0,0.0
22.0,0.0,0.0,0.0
22.05,0.0,0.0,0.0
22.1,0.0,0.0,0.0
22.15,0.0,0.0,0.0
22.2,0.0,0.0,0.0
22.25,0.0,0.0,0.0
22.3,0.0,0.0,0.0
22.35,0.0,0.0,0.0
22.4,0.0,0.0,0.0
22.45,0.0,0.0,0.0
22.5,0.0,0.0,0.0
22.55,0.0,0.0,0.0
22.6,0.0,0.0,0.0
22.65,0.0,0.0,0.0
22.7,0.0,0.0,0.0
22.75,0.0,0.0,0.0
22.8,0.0,0.0,0.0
22.85,0.0,0.0,0.0
22.9,0.0,0.0,0.0
22.95,0.0,0.0,0.0
23.0,0.0,0.0,0.0
23.05,0.0,0.0,0.0
23.1,0.0,0.0,0.0
23.15,0.0,0.0,0.0
23.2,0.0,0.0,0.0
23.25,0.0,0.0,0.0
23.3,0.0,0.0,0.0
23.35,0.0,0.0,0.0
23.4,0.0,0.0,0.0
23.45,0.0,0.0,0.0
23.5,0.0,0.0,0.0
23.55,0.0,0.0,0.0
23.6,0.0,0.0,0.0
23.65,0.0,0.0,0.0
23.7,0.0,0.0,0.0
23.75,0.0,0.0,0.0
23.8,0.0,0.0,0.0
23.85,0.0,0.0,0.0
23.9,0.0,0.0,0.0
23.95,0.0,0.0,0.0
24.0,0.0,0.0,0.0
24.05,0.0,0.0,0.0
24.1,0.0,0.0,0.0
24.15,0.0,0.0,0.0
24.2,0.0,0.0,0.0
24.25,0.0,0.0,0.0
24.3,0.0,0.0,0.0
24.35,0.0,0.0,0.0
24.4,0.0,0.0,0.0
24.45,0.0,0.0,0.0
24.5,0.0,0.0,0.0
24.55,0.0,0.0,0.0
24.6,0.0,0.0,0.0
24.65,0.0,0.0,0.0
24.7,0.0,0.0,0.0
24.75,0.0,0.0,0.0
24.8,0.0,0.0,0.0
24.85,0.0,0.0,0.0
24.9,0.0,0.0,0.0
24.95,0.0,0.0,0.0
25.0,0.0,0.0,0.0
25.05,0.0,0.0,0.0
25.1,0.0,0.0,0.0
25.15,0.0,0.0,0.0
25.2,0.0,0.0,0.0
25.25,0.0,0.0,0.0
25.3,0.0,0.0,0.0
25.35,0.0,0.0,0.0
25.4,0.0,0.0,0.0
25.45,0.0,0.0,0.0
25.5,0.0,0.0,0.0
25.55,0.0,0.0,0.0
25.6,0.0,0.0,0.0
25.65,0.0,0.0,0.0
25.7,0.0,0.0,0.0
25.75,0.0,0.0,0.0
25.8,0.0,0.0,0.0
25.85,0.0,0.0,0.0
25.9,0.0,0.0,0.0
25.95,0.0,0.0,0.0
26.0,0.0,0.0,0.0
26.05,0.0,0.0,0.0
26.1,0.0,0.0,0.0
26.15,0.0,0.0,0.0
26.2,0.0,0.0,0.0
26.25,0.0,0.0,0.0
26.3,0.0,0.0,0.0
26.35,0.0,0.0,0.0
26.4,0.0,0.0,0.0
26.45,0.0,0.0,0.0
26.5,0.0,0.0,0.0
26.55,0.0,0.0,0.0
26.6,0.0,0.0,0.0
26.65,0.0,0.0,0.0
26.7,0.0,0.0,5.70432590052e-18
26.75,0.0,0.0,7.70856400236e-06
26.8,0.0,0.0,1.36582583061e-05
26.85,0.0,0.0,1.82504010673e-05
26.9,0.0,0.0,2.17947434661e-05
26.95,0.0,0.0,3.99474898945e-05
27.0,0.0,0.0,6.16668639668e-05
27.05,0.0,0.0,7.84304921623e-05
27.1,0.0,0.0,9.13691221954e-05
27.15,0.0,0.0,0.000101355503185
27.2,0.0,0.0,0.000116771815567
27.25,0.0,0.0,0.000128670524852
27.3,0.0,0.0,0.000137854267236
27.35,0.0,0.0,0.000152651082332
27.4,0.0,0.0,0.000164071667574
27.45,0.0,0.0,0.000172886338593
27.5,0.0,0.0,0.000179689717675
27.55,0.0,0.0,0.000184940746632
27.6,0.0,0.0,0.000188993626381
27.65,0.0,0.0,0.000199830304486
27.7,0.0,0.0,0.000208138122094
27.75,0.0,0.0,0.000214249991633
27.8,0.0,0.0,0.000226609988425
27.85,0.0,0.0,0.000236084470954
27.9,0.0,0.0,0.000243220004286
27.95,0.0,0.0,0.000248006385723
28.0,0.0,0.0,0.000251204993495
28.05,0.0,0.0,0.000253414302526
28.1,0.0,0.0,0.000254862339871
28.15,0.0,0.0,0.00025566885269
28.2,0.0,0.0,0.000263446943892
28.25,0.0,0.0,0.000269134341506
28.3,0.0,0.0,0.000273154406216
28.35,0.0,0.0,0.00027564625116
28.4,0.0,0.0,0.000277195782721
28.45,0.0,0.0,0.000278021925613
28.5,0.0,0.0,0.000278292840138
28.55,0.0,0.0,0.000278138223306
28.6,0.0,0.0,0.000285310742341
28.65,0.0,0.0,0.000290189066408
28.7,0.0,0.0,0.000293534570127
28.75,0.0,0.0,0.000295644565827
28.8,0.0,0.0,0.000296560304421
28.85,0.0,0.0,0.000296792698009
28.9,0.0,0.0,0.000296501629585
28.95,0.0,0.0,0.000295811258877
29.0,0.0,0.0,0.000294816663345
29.05,0.0,0.0,0.000293591130483
29.1,0.0,0.0,0.000292191388907
29.15,0.0,0.0,0.000290847422789
29.2,0.0,0.0,0.000290660121829
29.25,0.0,0.0,0.000290060823799
29.3,0.0,0.0,0.000289147665175
29.35,0.0,0.0,0.000287996289138
29.4,0.0,0.0,0.000286664786853
29.45,0.0,0.0,0.000285198432353
29.5,0.0,0.0,0.000283631934708
29.55,0.0,0.0,0.000281935583469
29.6,0.0,0.0,0.000279898704008
29.65,0.0,0.0,0.000277837518243
29.7,0.0,0.0,0.000275762239632
29.75,0.0,0.0,0.000273680174315
29.8,0.0,0.0,0.000271597219751
29.85,0.0,0.0,0.000269517829679
29.9,0.0,0.0,0.000267445169122
29.95,0.0,0.0,0.00026538207578
30.0,0.0,0.0,0.000263330520357
30.05,0.0,0.0,0.000261291755465
30.1,0.0,0.0,0.000259267198317
30.15,0.0,0.0,0.000257246367708
30.2,0.0,0.0,0.000254941834914
30.25,0.0,0.0,0.000252657905923
30.3,0.0,0.0,0.000250394440628
30.35,0.0,0.0,0.000248151236101
30.4,0.0,0.0,0.000245927881587
30.45,0.0,0.0,0.000243724415871
30.5,0.0,0.0,0.000241540663284
30.55,0.0,0.0,0.000239376237968
30.6,0.0,0.0,0.000237231248849
30.65,0.0,0.0,0.000235105477746
30.7,0.0,0.0,0.000232999293358
30.75,0.0,0.0,0.000230911939428
30.8,0.0,0.0,0.000228843287908
30.85,0.0,0.0,0.000226971509932
30.9,0.0,0.0,0.000228284430091
30.95,0.0,0.0,0.000228890891995
31.0,0.0,0.0,0.000228955883481
31.05,0.0,0.0,0.000228786319459
31.1,0.0,0.0,0.0002316195291
31.15,0.0,0.0,0.000236443323858
31.2,0.0,0.0,0.000243453369966
31.25,0.0,0.0,0.000248593910634
31.3,0.0,0.0,0.000252294111721
31.35,0.0,0.0,0.000254885011127
31.4,0.0,0.0,0.00025662190607
31.45,0.0,0.0,0.000257902421681
31.5,0.0,0.0,0.000261281261198
31.55,0.0,0.0,0.000263676848898
31.6,0.0,0.0,0.000265315637263
31.65,0.0,0.0,0.00026637198882
31.7,0.0,0.0,0.000266980899772
31.75,0.0,0.0,0.000267246102588
31.8,0.0,0.0,0.000267248028011
31.85,0.0,0.0,0.000267175773721
31.9,0.0,0.0,0.000270533818698
31.95,0.0,0.0,0.000272894634183
32.0,0.0,0.0,0.000274643542914
32.05,0.0,0.0,0.000279519316981
32.1,0.0,0.0,0.000282769755765
32.15,0.0,0.0,0.000284695336646
32.2,0.0,0.0,0.000285560841552
32.25,0.0,0.0,0.000285846181448
32.3,0.0,0.0,0.000285687298077
32.35,0.0,0.0,0.000285188769146
32.4,0.0,0.0,0.000284431715837
32.45,0.0,0.0,0.000283459204074
32.5,0.0,0.0,0.000282040864006
32.55,0.0,0.0,0.000280517254408
32.6,0.0,0.0,0.000279113003047
32.65,0.0,0.0,0.000280362658391
32.7,0.0,0.0,0.000280952732974
32.75,0.0,0.0,0.00028103679929
32.8,0.0,0.0,0.000280733762459
32.85,0.0,0.0,0.000280251667553
32.9,0.0,0.0,0.0002832657616
32.95,0.0,0.0,0.000285199213929
33.0,0.0,0.0,0.000286275094058
33.05,0.0,0.0,0.000286418096966
33.1,0.0,0.0,0.000286080298883
33.15,0.0,0.0,0.00028537528886
33.2,0.0,0.0,0.000284390856988
33.25,0.0,0.0,0.000283194439752
33.3,0.0,0.0,0.00028183827199
33.35,0.0,0.0,0.000280362636435
33.4,0.0,0.0,0.000278799140028
33.45,0.0,0.0,0.000277171165672
33.5,0.0,0.0,0.000275497434047
33.55,0.0,0.0,0.000273792167144
33.6,0.0,0.0,0.00027204662816
33.65,0.0,0.0,0.000269991570814
33.7,0.0,0.0,0.000267936846925
33.75,0.0,0.0,0.000266112616422
33.8,0.0,0.0,0.000266237903438
33.85,0.0,0.0,0.000265898071028
33.9,0.0,0.0,0.000264931266576
33.95,0.0,0.0,0.000263719003403
34.0,0.0,0.0,0.00026232166928
34.05,0.0,0.0,0.000260785659523
34.1,0.0,0.0,0.000259146829999
34.15,0.0,0.0,0.000257432662637
34.2,0.0,0.0,0.000255664319598
34.25,0.0,0.0,0.000253857923159
34.3,0.0,0.0,0.000252026060782
34.35,0.0,0.0,0.00025017842473
34.4,0.0,0.0,0.0002483232272
34.45,0.0,0.0,0.000246465390714
34.5,0.0,0.0,0.000244609521799
34.55,0.0,0.0,0.000242758980383
34.6,0.0,0.0,0.000240916402247
34.65,0.0,0.0,0.000239083645603
34.7,0.0,0.0,0.00023745104887
34.75,0.0,0.0,0.000238709983391
34.8,0.0,0.0,0.000239434728041
34.85,0.0,0.0,0.000244541498046
34.9,0.0,0.0,0.000248155295783
34.95,0.0,0.0,0.000250619303318
35.0,0.0,0.0,0.00025219874711
35.05,0.0,0.0,0.000253098545186
35.1,0.0,0.0,0.000253476541784
35.15,0.0,0.0,0.000253454758141
35.2,0.0,0.0,0.000253127184667
35.25,0.0,0.0,0.000252566186909
35.3,0.0,0.0,0.000251828069176
35.35,0.0,0.0,0.000250955696457
35.4,0.0,0.0,0.000249982829472
35.45,0.0,0.0,0.000248934712514
35.5,0.0,0.0,0.000247831146996
35.55,0.0,0.0,0.000246687605878
35.6,0.0,0.0,0.00024551574093
35.65,0.0,0.0,0.000244324720885
35.7,0.0,0.0,0.000243100336686
35.75,0.0,0.0,0.000241571979744
35.8,0.0,0.0,0.000240011742997
35.85,0.0,0.0,0.000237861631086
35.9,0.0,0.0,0.000235730939353
35.95,0.0,0.0,0.00023361909941
36.0,0.0,0.0,0.000231525947052
36.05,0.0,0.0,0.000229451513702
36.1,0.0,0.0,0.000227395542905
36.15,0.0,0.0,0.00022559500486
36.2,0.0,0.0,0.00022548457716
36.25,0.0,0.0,0.000225008287741
36.3,0.0,0.0,0.000224252839341
36.35,0.0,0.0,0.000223285971929
36.4,0.0,0.0,0.000222159207451
36.45,0.0,0.0,0.000220912116407
36.5,0.0,0.0,0.000219575495314
36.55,0.0,0.0,0.000218173262266
36.6,0.0,0.0,0.000216808815833
36.65,0.0,0.0,0.000220948345138
36.7,0.0,0.0,0.000223928326508
36.75,0.0,0.0,0.000230386527233
36.8,0.0,0.0,0.000235062543002
36.85,0.0,0.0,0.000238536014589
36.9,0.0,0.0,0.000244337612982
36.95,0.0,0.0,0.000248799733722
37.0,0.0,0.0,0.000253435062933
37.05,0.0,0.0,0.000256807955636
37.1,0.0,0.0,0.000259208149137
37.15,0.0,0.0,0.000260847162832
37.2,0.0,0.0,0.000261610759606
37.25,0.0,0.0,0.000261936397821
37.3,0.0,0.0,0.000262089736411
37.35,0.0,0.0,0.000265529285154
37.4,0.0,0.0,0.000267962666217
37.45,0.0,0.0,0.000269758094718
37.5,0.0,0.0,0.000275185767807
37.55,0.0,0.0,0.00027918918524
37.6,0.0,0.0,0.000282274946589
37.65,0.0,0.0,0.000286318300591
37.7,0.0,0.0,0.000289207884219
37.75,0.0,0.0,0.000290939940127
37.8,2.15993889441e-16,3.70104323059e-17,0.000292125393941
37.85,7.98808329398e-05,8.5641957235e-07,0.000297685437971
37.9,0.000154795669012,1.72244926256e-06,0.000301442347803
37.95,0.000225014975925,2.60955507734e-06,0.00030403483807
38.0,0.000290858642113,3.53071864377e-06,0.000305439269684
38.05,0.000352584904326,4.50305038795e-06,0.000306165214452
38.1,0.000410455746042,5.53013250716e-06,0.000306370653547
38.15,0.000464716135727,6.62986017408e-06,0.000306177793019
38.2,0.000515579515886,7.80983957165e-06,0.000305680673846
38.25,0.000563276984045,9.07665517825e-06,0.000304952102492
38.3,0.000607981383207,1.04455206286e-05,0.0003040216939
38.35,0.000649906537145,1.19167304527e-05,0.000302662840671
38.4,0.000689200848768,1.35048706307e-05,0.000301212017621
38.45,0.000726049451571,1.52167474906e-05,0.000299662689604
38.5,0.000760591125661,1.70541268402e-05,0.000297770680872
38.55,0.000792977848746,1.90321845355e-05,0.000295852678065
38.6,0.000823341679847,2.11480775136e-05,0.000293903374433
38.65,0.000851806773347,2.34141039044e-05,0.000291647558756
38.7,0.000878498043473,2.58361385253e-05,0.000289394900883
38.75,0.000903516346367,2.84100264128e-05,0.000287149483406
38.8,0.000903516346367,2.96500389863e-05,0.00028487800574
38.85,0.000894975715403,3.0870183502e-05,0.000282325800542
38.9,0.000886515592469,3.20612944583e-05,0.000279796458984
38.95,0.000878135221,3.32216757331e-05,0.00027728950027
39.0,0.000869833851517,3.43496963448e-05,0.000274805312872
39.05,0.000861610741559,3.54456945172e-05,0.000272343108358
39.1,0.00085346515562,3.65070834538e-05,0.000269902695211
39.15,0.000845396365081,3.75342045117e-05,0.000267484442628
39.2,0.00083740364815,3.85272295022e-05,0.00026508782513
39.25,0.000829486289792,3.94853298424e-05,0.000262712850512
39.3,0.000821643581674,4.04085618691e-05,0.000260358893443
39.35,0.000813874822093,4.12982533741e-05,0.000258026353522
39.4,0.000806179315925,4.21536758685e-05,0.000255714709394
39.45,0.000798556374553,4.2974702797e-05,0.000253625102946
39.5,0.000791005315814,4.37632137061e-05,0.000254129731743
39.55,0.000783525463936,4.4504331352e-05,0.000254065095364
39.6,0.000776116149476,4.52032070422e-05,0.000253565102963
39.65,0.000768776709266,4.58624511782e-05,0.000252733586143
39.7,0.000761506486349,4.64842697204e-05,0.000251649735363
39.75,0.000754304829926,4.7071153629e-05,0.000250375435076
39.8,0.000747171095295,4.76252238452e-05,0.000249103267538
39.85,0.00074010834251,4.81474642268e-05,0.000251723677883
39.9,0.000733112166575,4.86160274225e-05,0.000253351644689
39.95,0.000726181941843,4.90379298028e-05,0.000254415989814
40.0,0.000719317048525,4.94191272512e-05,0.000257533680102
40.05,0.000712516872636,4.97464182615e-05,0.000259599043622
40.1,0.000705780805942,5.00292671851e-05,0.000260855207564
40.15,0.000699108245907,5.02729703602e-05,0.000261490054152
40.2,0.000692498595635,5.04844878941e-05,0.000261648114361
40.25,0.000685951263825,5.0666332767e-05,0.000261441328991
40.3,0.000679465664711,5.08227642008e-05,0.000260955691292
40.35,0.000673041218017,5.09577453009e-05,0.000260258191879
40.4,0.0006666773489,5.1072355978e-05,0.000259399874028
40.45,0.000660373487905,5.11686784388e-05,0.000258401320174
40.5,0.00065412907091,5.12486141093e-05,0.000257014753506
40.55,0.000647943539079,5.13155501785e-05,0.000255566756892
40.6,0.00064181633881,5.13713683087e-05,0.000254074691446
40.65,0.00063574692169,5.14162747538e-05,0.000252552160795
40.7,0.000629734744443,5.14510708535e-05,0.00025100921847
40.75,0.000623779268885,5.14765057761e-05,0.000249453972945
40.8,0.000617879961873,5.14932364594e-05,0.000248068251253
40.85,0.000612039353946,5.15007107388e-05,0.000248868740223
40.9,0.000606253802355,5.14853839899e-05,0.000249110441106
40.95,0.000600522789712,5.14519766989e-05,0.000248904780258
41.0,0.000594845803479,5.14042839879e-05,0.000248075312944
41.05,0.000589222335915,5.13470678629e-05,0.000247002677562
41.1,0.000583651884036,5.12824282271e-05,0.000245746185809
41.15,0.000578133949568,5.12119874359e-05,0.000244351582992
41.2,0.000572668038903,5.11369991967e-05,0.000242854143689
41.25,0.00056725366306,5.1058711067e-05,0.000241281238491
41.3,0.000561890337634,5.09780091583e-05,0.000239653642482
41.35,0.000556577582759,5.08950841974e-05,0.000237988202714
41.4,0.000551314923066,5.08103768175e-05,0.000236296807807
41.45,0.000546101887637,5.07242315663e-05,0.000234751369621
41.5,0.000540938009967,5.06358907011e-05,0.000236767429308
41.55,0.000535822827921,5.05230867815e-05,0.000237963568658
41.6,0.000530755883693,5.03921126483e-05,0.000238530053525
41.65,0.000525736723768,5.02486809758e-05,0.000238613709872
41.7,0.000520764898879,5.0096173666e-05,0.000238327835378
41.75,0.000515839963969,4.99368848176e-05,0.000237910937433
41.8,0.000510961478151,4.97719919818e-05,0.000241125943366
41.85,0.000506131534079,4.95803280978e-05,0.000242997828197
41.9,0.000501347119345,4.93719893307e-05,0.000244070897292
41.95,0.000496607806094,4.91514693729e-05,0.000244530707156
42.0,0.000491913170475,4.89239130359e-05,0.000244988651055
42.05,0.000487262792608,4.86904724504e-05,0.000256301583181
42.1,0.000482656256547,4.83859613399e-05,0.000264776291854
42.15,0.000478093150238,4.80341605711e-05,0.000271062645085
42.2,0.000473573065489,4.76486878373e-05,0.000275662213346
42.25,0.00046909559793,4.72430811756e-05,0.000278962105775
42.3,0.000464660346981,4.68264644815e-05,0.000281261076502
42.35,0.000460266915811,4.64045833485e-05,0.000282790275315
42.4,0.000455914911309,4.59826616707e-05,0.000283727076854
42.45,0.000451603944045,4.55653966305e-05,0.000284182762918
42.5,0.00044733362824,4.51538876337e-05,0.000283994424222
42.55,0.000443103581725,4.47512953579e-05,0.000283545971456
42.6,0.000438913425914,4.43600021762e-05,0.000282899473596
42.65,0.000434762785769,4.39794398195e-05,0.000282102777346
42.7,0.000430651289765,4.36093415645e-05,0.000281192789246
42.75,0.000426578569857,4.32513466374e-05,0.00028016978063
42.8,0.000422544261451,4.29041704327e-05,0.000278788888758
42.85,0.000418550095083,4.25687554993e-05,0.000277370171321
42.9,0.000414593579619,4.22462628625e-05,0.000275924984591
42.95,0.000410674361237,4.19340819975e-05,0.000274462468945
43.0,0.000406792089431,4.16336576573e-05,0.000272908742675
43.05,0.000402946416978,4.13432964251e-05,0.000270464355681
43.1,0.000399136999906,4.10675168813e-05,0.000268041593249
43.15,0.000395363497465,4.08046407443e-05,0.000265640267054
43.2,0.000391625572095,4.05546682807e-05,0.000263260190374
43.25,0.000387922889401,4.03157669354e-05,0.000260901178082
43.3,0.000384255118117,4.00887858341e-05,0.000258563351203
43.35,0.000380621930082,3.98712016526e-05,0.000256246684326
43.4,0.000377023000208,3.96644309262e-05,0.000254129749649
43.45,0.000373458006453,3.94656938173e-05,0.000255177478688
43.5,0.000369926629793,3.92614739188e-05,0.000255526599915
43.55,0.00036642855419,3.90563339649e-05,0.000255341007294
43.6,0.00036296346657,3.88509029489e-05,0.000254746020394
43.65,0.000359531056791,3.86483386018e-05,0.000253839049496
43.7,0.000356131017616,3.84491901181e-05,0.000252695244203
43.75,0.000352763044688,3.82536946811e-05,0.000251372572832
43.8,0.000349426836502,3.80642569445e-05,0.000250167798782
43.85,0.000346123824142,3.78783067972e-05,0.000250154910201
43.9,0.00034285194754,3.76917499051e-05,0.000249771576676
43.95,0.000339610914101,3.75068016747e-05,0.000249105621266
44.0,0.000336400433971,3.73232406958e-05,0.000248225390338
44.05,0.00033322022001,3.71429968106e-05,0.00024718340607
44.1,0.000330069987767,3.69662759923e-05,0.000246019133049
44.15,0.000326949455456,3.67926502049e-05,0.00024476366095
44.2,0.00032385834393,3.66236983224e-05,0.000243440957995
44.25,0.000320796376656,3.64586754241e-05,0.000242069496057
44.3,0.000317763279691,3.62971662873e-05,0.000240663504982
44.35,0.00031475878166,3.61403764822e-05,0.000239234327674
44.4,0.000311782613729,3.59875363173e-05,0.000237767059802
44.45,0.000308834509581,3.58381830654e-05,0.000235994716642
44.5,0.000305914205396,3.56939816835e-05,0.000234225907907
44.55,0.000303021439825,3.55548742253e-05,0.000232463731188
44.6,0.000300155953968,3.54198534501e-05,0.000230709590853
44.65,0.000297317491349,3.52887585468e-05,0.000228965141211
44.7,0.000294505797898,3.51625481058e-05,0.000227231628711
44.75,0.000291720621922,3.5040131856e-05,0.000225607867857
44.8,0.00028896171409,3.49208062938e-05,0.000229202308551
44.85,0.00028623025785,3.47867827074e-05,0.000231319165643
44.9,0.000283524549608,3.46452462354e-05,0.000232534340381
44.95,0.000280844347403,3.44982666114e-05,0.000233057581105
45.0,0.000278189411535,3.43483103024e-05,0.000233050575179
45.05,0.000275559504552,3.41984646885e-05,0.000232638351963
45.1,0.000272954391225,3.40494142071e-05,0.000231916426729
45.15,0.000270373838527,3.39017334584e-05,0.000230959039037
45.2,0.000267817615617,3.37570605987e-05,0.000229823458088
45.25,0.000265285493811,3.36156473359e-05,0.000228553855069
45.3,0.000262777246572,3.34771802289e-05,0.000227184278734
45.35,0.000260292649483,3.33422683023e-05,0.000225741639261
45.4,0.000257831480228,3.32116912539e-05,0.000224245528536
45.45,0.000255393518575,3.30844472376e-05,0.000222711814078
45.5,0.000252978546355,3.29605490556e-05,0.00022115255702
45.55,0.000250586347444,3.28407974034e-05,0.000219577280159
45.6,0.000248216707741,3.2724737117e-05,0.000217992431997
45.65,0.000245869415152,3.26118424545e-05,0.000216403462999
45.7,0.000243544259571,3.25020321259e-05,0.000214814551529
45.75,0.000241241032858,3.23958871608e-05,0.000213190859232
45.8,0.000238959528827,3.22931763893e-05,0.000211280493236
45.85,0.00023670072614,3.2194203205e-05,0.000209510151637
45.9,0.000234463215996,3.20984476792e-05,0.000212341832102
45.95,0.000232246798301,3.19924683032e-05,0.000214142825208
46.0,0.000230051274835,3.18807052813e-05,0.000215151820937
46.05,0.000227876449234,3.1764698156e-05,0.000215553240722
46.1,0.000225722126973,3.16463773229e-05,0.000215488600398
46.15,0.00022358811535,3.15275054734e-05,0.000215067556214
46.2,0.000221474223465,3.14097997252e-05,0.000214374715483
46.25,0.00021938026221,3.12930781453e-05,0.000213475352127
46.3,0.000217306044246,3.11779045202e-05,0.000212420122327
46.35,0.000215251383988,3.10652551067e-05,0.000211247954323
46.4,0.000213216097592,3.09554888045e-05,0.000209988371142
46.45,0.000211200002935,3.08481532303e-05,0.000208664708137
46.5,0.0002092029196,3.07433050428e-05,0.00020729480322
46.55,0.00020722466886,3.06414531049e-05,0.000205892600044
46.6,0.000205265073664,3.05427704957e-05,0.000204468105115
46.65,0.000203323958618,3.04466111554e-05,0.00020302943448
46.7,0.000201401149972,3.03529442366e-05,0.000201582825953
46.75,0.000199496475604,3.02617239951e-05,0.000200133067891
46.8,0.000197609765006,3.01736955617e-05,0.000198684108135
46.85,0.000195741827492,3.00880997537e-05,0.000197205394534
46.9,0.000193891498041,3.0004825029e-05,0.000195438540931
46.95,0.000192058611184,2.9924554552e-05,0.000193687536461
47.0,0.000190243003,2.98471655897e-05,0.000191952289608
47.05,0.000188444511105,2.97729605132e-05,0.000190232885251
47.1,0.000186662974634,2.97017255592e-05,0.00018852869322
47.15,0.00018489823423,2.96330080073e-05,0.000186839581017
47.2,0.000183150132028,2.95667079177e-05,0.000185165417273
47.25,0.000181418511642,2.95027299019e-05,0.000183506071741
47.3,0.00017970321815,2.94409828936e-05,0.000181861669359
47.35,0.000178004098083,2.93813792972e-05,0.000180232159969
47.4,0.000176320999408,2.93242831781e-05,0.000178617377361
47.45,0.000174653771516,2.92692642063e-05,0.00017701707977
47.5,0.000173002265211,2.92161269639e-05,0.000175431183557
47.55,0.000171366332693,2.9164799304e-05,0.000173859766295
47.6,0.000169745827546,2.91152117536e-05,0.000172302252052
47.65,0.000168140604728,2.90672989748e-05,0.000170758519735
47.7,0.000166550520556,2.90209984733e-05,0.00016922844928
47.75,0.00016497543269,2.89762504613e-05,0.00016771192165
47.8,0.000163415200128,2.89329977266e-05,0.000166209051032
47.85,0.000161870492139,2.88913168891e-05,0.000164719791584
47.9,0.000160340345299,2.88512770794e-05,0.000163243991401
47.95,0.000158824622771,2.88126374143e-05,0.000161781429527
48.0,0.000157323189,2.87752721136e-05,0.000160332029521
48.05,0.0001558359097,2.87391351454e-05,0.000158895862281
48.1,0.000154362651842,2.87041819573e-05,0.000157472401443
48.15,0.000152903283646,2.86703708259e-05,0.000156061536336
48.2,0.000151457674563,2.86376617538e-05,0.000154663157232
48.25,0.000150025695268,2.86060163896e-05,0.000153277155338
48.3,0.000148607217648,2.85753979526e-05,0.000151903635013
48.35,0.000147202114789,2.85457706567e-05,0.00015054255436
48.4,0.000145810260966,2.85171000057e-05,0.00014919377455
48.45,0.000144431531633,2.84893529635e-05,0.000147857093643
48.5,0.000143065803409,2.8462498041e-05,0.000146532441777
48.55,0.00014171295407,2.84365049197e-05,0.000145219883749
48.6,0.000140372862538,2.84113440816e-05,0.000143918938498
48.65,0.000139045408867,2.83869880577e-05,0.000142629504879
48.7,0.000137730474237,2.83635534067e-05,0.000141351482607
48.75,0.00013642794094,2.83408895609e-05,0.000140084772253
48.8,0.000135137692371,2.83189460167e-05,0.000138829469194
48.85,0.00021374111493,2.9941362102e-05,0.00013758553514
48.9,0.000287390582096,3.17414151214e-05,0.000136352843209
48.95,0.000356356448421,3.37245630835e-05,0.000135131208844
49.0,0.000420958490238,3.59036968702e-05,0.000133920568194
49.05,0.000481454833249,3.83004204683e-05,0.000132720980479
49.1,0.000538107350923,4.09131640826e-05,0.000131532006045
49.15,0.000591160902748,4.37688097437e-05,0.000130353552449
49.2,0.000640828823272,4.6875748465e-05,0.000129185528039
49.25,0.000687342103074,5.02437510877e-05,0.000128027841944
49.3,0.000730873479211,5.38954373274e-05,0.000126880581331
49.35,0.000771636670506,5.78297802781e-05,0.000125743711207
49.4,0.000809779975897,6.20709481995e-05,0.000124617115609
49.45,0.000845488425884,6.66289316511e-05,0.000123500625865
49.5,0.000878900698545,7.15063414648e-05,0.000122394183622
49.55,0.000910168670513,7.67299305682e-05,0.000121297843
49.6,0.00093942430068,8.22921305726e-05,0.000120211202186
49.65,0.000966791644243,8.82120187572e-05,0.000119134176694
49.7,0.000992395517166,9.45043048097e-05,0.00011806668276
49.75,0.00101633667825,0.00010115651318,0.000117008637335
49.8,0.00101526969541,0.000105429075838,0.000115960120084
49.85,0.00100567269827,0.000109691971453,0.000114921099024
49.9,0.000996166166959,0.000113904037804,0.000113891468174
49.95,0.000986749251346,0.000118059923042,0.000112871073379
50.0,0.000977421109248,0.000122154145384,0.000111859861308
50.05,0.000968180906372,0.000126181113233,0.000110857881424
50.1,0.000959027816239,0.000130135888567,0.000109864766496
50.15,0.000949961020109,0.000134018279623,0.000108880439312
50.2,0.000940979706913,0.000137819729087,0.000107904823316
50.25,0.000932083073177,0.000141541972363,0.000106937842607
50.3,0.000923270322954,0.000145181087704,0.000105979569993
50.35,0.000914540667752,0.000148734518256,0.000105029976243
50.4,0.000905893326467,0.000152201443936,0.000104088964501
50.45,0.00089732752531,0.000155581028022,0.000103156393876
50.5,0.000888842497744,0.000158872426264,0.00010223221563
50.55,0.00088043748441,0.000162074792828,0.000101316474966
50.6,0.000872111733066,0.000165188520485,0.000100408836264
50.65,0.000863864498518,0.000168216062231,9.95092289534e-05
50.7,0.000855695042552,0.000171153361999,9.86175830698e-05
50.75,0.000847602633873,0.00017400538657,9.7733829244e-05
50.8,0.000839586548038,0.000176769004432,9.68580340178e-05
50.85,0.00083165022359,0.000179449791524,9.59901706771e-05
50.9,0.000823788710692,0.000182044160104,9.51301506996e-05
50.95,0.000816001306312,0.000184556150086,9.42778453235e-05
51.0,0.000808287314002,0.000186988464346,9.34332100032e-05
51.05,0.000800646043834,0.000189339936427,9.25962860535e-05
51.1,0.000793076812344,0.000191612575871,9.17667667381e-05
51.15,0.000785578942469,0.000193808333555,9.09445875628e-05
51.2,0.000778151763487,0.000195929096928,9.01296845835e-05
51.25,0.000770794610957,0.000197976692756,8.93219944021e-05
51.3,0.000763506826665,0.000199952889653,8.8521577833e-05
51.35,0.00075628775856,0.000201859636726,8.77284104613e-05
51.4,0.0007491367607,0.000203698458692,8.69424113839e-05
51.45,0.000742053193194,0.000205470854606,8.61634629213e-05
51.5,0.000735036422146,0.000207178378301,8.53915243619e-05
51.55,0.000728085819599,0.000208824204822,8.46266334646e-05
51.6,0.000721200763478,0.000210410669764,8.38685098935e-05
51.65,0.000714380637539,0.000211937166109,8.31170947053e-05
51.7,0.000707624831308,0.000213405044077,8.23723294596e-05
51.75,0.000700932740036,0.000214820600521,8.16341562147e-05
51.8,0.000694303764636,0.000216181236801,8.0902630551e-05
51.85,0.000687740748644,0.000217488494938,8.01777301549e-05
51.9,0.000681239598746,0.000218748474778,7.94593810865e-05
51.95,0.000674799733565,0.000219956801101,7.87474757947e-05
52.0,0.000668420577164,0.000221120902562,7.80419770722e-05
52.05,0.000662101559004,0.000222237108478,7.73429194278e-05
52.1,0.000655842113887,0.000223311293973,7.66500466539e-05
52.15,0.000649641681909,0.000224340716231,7.59633048803e-05
52.2,0.00064349970841,0.000225331439485,7.52826406965e-05
52.25,0.000637415643926,0.000226279040973,7.46080011479e-05
52.3,0.000631388944139,0.000227192126762,7.3939437031e-05
52.35,0.000625419069831,0.000228065244405,7.32769279528e-05
52.4,0.000619505486834,0.000228903282158,7.26204063373e-05
52.45,0.000613647665984,0.000229707138452,7.19697738902e-05
52.5,0.000607845083075,0.000230475414624,7.13249966065e-05
52.55,0.000602097218812,0.000231213798852,7.0686106025e-05
52.6,0.000596403558765,0.000231919834296,7.00528679895e-05
52.65,0.000590763593325,0.000232593695224,6.94252332664e-05
52.7,0.000585176817656,0.000233240283833,6.88031530421e-05
52.75,0.000579642731652,0.000233858079026,6.81865789198e-05
52.8,0.000574160839897,0.000234446899569,6.7575557324e-05
52.85,0.000568733493876,0.000235008963297,6.69700696169e-05
52.9,0.000563357308587,0.000235547472118,6.63700540387e-05
52.95,0.000558031803254,0.000236059796838,6.57754207552e-05
53.0,0.000552756501602,0.000236546822689,6.51861386881e-05
53.05,0.000547530931817,0.000237009793734,6.46022366616e-05
53.1,0.000542354626503,0.000237452220168,6.40235006733e-05
53.15,0.000537227122645,0.000237871629273,6.34498857269e-05
53.2,0.000532147961559,0.000238268756663,6.28813472102e-05
53.25,0.000527116688863,0.0002386443032,6.23178408918e-05
53.3,0.000522132854427,0.000238999092254,6.17594092005e-05
53.35,0.000517196012339,0.000239336222438,6.12060351027e-05
53.4,0.000512305720865,0.000239653562087,6.06576621541e-05
53.45,0.000507461542408,0.000239951687371,6.01142082525e-05
53.5,0.000502663043471,0.000240231149013,5.95756449944e-05
53.55,0.000497909794619,0.000240492471277,5.90419987233e-05
53.6,0.000493201370437,0.000240736150907,5.85130738555e-05
53.65,0.000488537349501,0.000240963409474,5.79888292677e-05
53.7,0.000483917314332,0.000241175151301,5.74692241873e-05
53.75,0.000479340851364,0.000241370531285,5.69542181898e-05
53.8,0.000474807550905,0.000241549967863,5.64438500523e-05
53.85,0.00047031935754,0.000241713856953,5.59381042072e-05
53.9,0.00046587347201,0.000241862593309,5.54369290683e-05
53.95,0.000461469496732,0.000241996536477,5.49402495998e-05
54.0,0.000457107037846,0.000242116404847,5.44480398431e-05
54.05,0.000452785705182,0.000242222169079,5.3960323874e-05
54.1,0.000448505112223,0.000242314129204,5.34769229427e-05
54.15,0.000444264876073,0.000242392589217,5.29977994651e-05
54.2,0.000440064617421,0.000242458152763,5.25229161781e-05
54.25,0.000435903960509,0.0002425113452,5.20522361364e-05
54.3,0.0004317825331,0.000242551796742,5.15857947795e-05
54.35,0.000427699966443,0.00024257979853,5.11235778799e-05
54.4,0.000423655895241,0.0002425959324,5.06655382912e-05
54.45,0.00041964995762,0.000242600056858,5.02116074359e-05
54.5,0.000415681795094,0.000242592396507,4.97617615895e-05
54.55,0.00041175105254,0.000242573166621,4.93160227558e-05
54.6,0.000407857378157,0.000242542571661,4.88742275696e-05
54.65,0.000404000423443,0.00024250081395,4.84363416819e-05
54.7,0.00040017984316,0.000242448088391,4.80023310365e-05
54.75,0.000396395295308,0.000242384582923,4.75721618681e-05
54.8,0.000392646441087,0.000242310478951,4.7145866566e-05
54.85,0.000388934888588,0.000242225948866,4.67234321271e-05
54.9,0.00038525832294,0.000242131173285,4.63048154629e-05
54.95,0.000381616415358,0.000242026312639,4.58899538983e-05
55.0,0.000378008840137,0.000241911523742,4.54788257506e-05
55.05,0.000374435274619,0.000241786958302,4.507145113e-05
55.1,0.000370895399173,0.000241652761408,4.46676807319e-05
55.15,0.000367388897159,0.000241509079289,4.42674831635e-05
55.2,0.000363915454901,0.000241356054357,4.38708273e-05
55.25,0.000360474761665,0.000241193825493,4.34776822821e-05
55.3,0.000357066509624,0.000241022528303,4.30880777113e-05
55.35,0.000353690393837,0.000240842292735,4.27020017038e-05
55.4,0.000350346112218,0.000240653245173,4.23194148797e-05
55.45,0.000347033365512,0.000240455509869,4.19402599583e-05
55.5,0.000343751857267,0.000240250043963,4.1564517123e-05
55.55,0.000340501293808,0.00024003657042,4.11922047532e-05
55.6,0.000337281384213,0.000239814832451,4.08231863947e-05
55.65,0.000334091840283,0.000239584948891,4.04574333566e-05
55.7,0.000330932376521,0.000239347036883,4.00949171931e-05
55.75,0.000327802710107,0.000239101212031,3.97356097009e-05
55.8,0.000324702560867,0.000238847588542,3.93795379338e-05
55.85,0.000321633258627,0.000238586276976,3.90266910306e-05
55.9,0.000318592889083,0.000238317719362,3.8677033001e-05
55.95,0.000315581180343,0.000238041790542,3.83305114942e-05
56.0,0.000312597863062,0.000237758512468,3.79871083995e-05
56.05,0.000309642670417,0.000237467991767,3.7646840514e-05
56.1,0.000306715338084,0.000237170332455,3.73095831282e-05
56.15,0.000303815604215,0.00023686592467,3.69753100207e-05
56.2,0.000300943209414,0.000236555854572,3.66439951937e-05
56.25,0.000298097896715,0.000236239023173,3.63156128714e-05
56.3,0.000295279411559,0.000235915535852,3.59901877793e-05
56.35,0.000292487501772,0.000235585495373,3.56677099908e-05
56.4,0.000289721917541,0.000235249003434,3.53481466134e-05
56.45,0.000286982411394,0.000234906161686,3.5031449802e-05
56.5,0.000284268738177,0.000234557072388,3.47176030046e-05
56.55,0.000281580655034,0.00023420183709,3.44066215727e-05
56.6,0.000278917921384,0.000233840555312,3.40983915303e-05
56.65,0.000276280298898,0.000233475160214,3.3792888913e-05
56.7,0.000273667551482,0.000233104082017,3.34900899604e-05
56.75,0.000271079445254,0.000232727318004,3.31899711154e-05
56.8,0.000268515748524,0.000232344969621,3.28925549752e-05
56.85,0.000265977561002,0.000231957136022,3.25978324678e-05
56.9,0.000263463299637,0.000231563925436,3.23057735315e-05
56.95,0.000260972739586,0.000231165435714,3.20163344393e-05
57.0,0.000258505658111,0.000230762498318,3.17295000637e-05
57.05,0.00025606183456,0.000230356357431,3.14452844351e-05
57.1,0.000253641050349,0.000229945280906,3.11635833872e-05
57.15,0.00025124308894,0.000229529366843,3.0884375018e-05
57.2,0.000248867735823,0.000229108712849,3.06076376124e-05
57.25,0.000246514778498,0.000228683415995,3.03333496406e-05
57.3,0.000244184006454,0.000228253572795,3.00615317551e-05
57.35,0.000241875211154,0.000227820380799,2.97921756646e-05
57.4,0.000239588186014,0.000227384398884,2.95252538948e-05
57.45,0.000237322726383,0.000226944398539,2.92607264822e-05
57.5,0.00023507862953,0.000226500272841,2.89985796013e-05
57.55,0.000232855694623,0.000226052113019,2.8738826075e-05
57.6,0.000230653722709,0.000225600008214,2.84813707023e-05
57.65,0.000228472516702,0.000225144545547,2.82261934665e-05
57.7,0.000226311881362,0.000224687482005,2.79732745214e-05
57.75,0.000224171623277,0.00022422679,2.77225941903e-05
57.8,0.000222051550849,0.000223762557821,2.7474171348e-05
57.85,0.000219952573494,0.000223294871313,2.7227998417e-05
57.9,0.000217873382094,0.000222823823156,2.69840502875e-05
57.95,0.000215813790711,0.00022235036942,2.67422904357e-05
58.0,0.000213773615151,0.000221875664471,2.65027062262e-05
58.05,0.000211752672944,0.00022139788878,2.6265309378e-05
58.1,0.000209750783329,0.000220917121562,2.60300128841e-05
58.15,0.000207767767239,0.00022043344373,2.57967984506e-05
58.2,0.000205803447283,0.000219946935107,2.55656479393e-05
58.25,0.000203857647731,0.000219459782721,2.53365433671e-05
58.3,0.0002019301945,0.000218970807149,2.51095019844e-05
58.35,0.000200020915139,0.000218479271699,2.48845168658e-05
58.4,0.000198129638809,0.000217985249318,2.46615650627e-05
58.45,0.000196256196275,0.00021748881202,2.44406131948e-05
58.5,0.000194400419885,0.000216991115868,2.42216497142e-05
58.55,0.000192562143559,0.000216493456646,2.40046853313e-05
58.6,0.000190741202772,0.000215993630729,2.37896405278e-05
58.65,0.000188937434542,0.000215491706579,2.35764985841e-05
58.7,0.000187150677412,0.000214987751445,2.33652429234e-05
58.75,0.00018538077144,0.000214482295998,2.31558571102e-05
58.8,0.000183627558181,0.000213977606958,2.29483569102e-05
58.85,0.000181891789686,0.000213471115935,2.2742735994e-05
58.9,0.000180172383365,0.000212962956099,2.25389733884e-05
58.95,0.000178469185459,0.000212453417839,2.23370385859e-05
59.0,0.000176782043645,0.000211942514471,2.21369210325e-05
59.05,0.000175110807028,0.000211433002677,2.19386305169e-05
59.1,0.000173455326126,0.00021092202032,2.17420943648e-05
59.15,0.000171815452857,0.000210409622715,2.15472972955e-05
59.2,0.000170191040527,0.000209895863995,2.13542241591e-05
59.25,0.000168581943815,0.000209381164625,2.11628599347e-05
59.3,0.000166988018761,0.000208868105605,2.0973219031e-05
59.35,0.000165409122754,0.000208353872015,2.07852956634e-05
59.4,0.000163845114518,0.000207838511422,2.05990706636e-05
59.45,0.000162295854102,0.000207322070452,2.04145161502e-05
59.5,0.000160761202866,0.000206805357424,2.02316224775e-05
59.55,0.000159241023468,0.000206290210275,2.00503985916e-05
59.6,0.000157735179852,0.000205774147041,1.98707780731e-05
59.65,0.000156243537238,0.000205257210925,1.96927469567e-05
59.7,0.00015476596211,0.000204739444069,1.95162913963e-05
59.75,0.0001533023222,0.000204222276961,1.93413976639e-05
59.8,0.000151852486482,0.000203706334353,1.91680789279e-05
59.85,0.00015041707687,0.000203189709455,1.89963299018e-05
59.9,0.000148995198108,0.00020267244411,1.88261330671e-05
59.95,0.000147586723043,0.000202154573715,1.86574629419e-05
60.0,0.000146191525709,0.000201638339418,1.84903107108e-05
60.05,0.000144809481324,0.000201123006561,1.832468455e-05
60.1,0.000143440466271,0.000200607275378,1.81605237566e-05
60.15,0.000142084358093,0.000200091101236,1.79978155674e-05
60.2,0.000140741035479,0.000199574515774,1.78365473279e-05
60.25,0.000139410378256,0.000199060723948,1.76767064917e-05
60.3,0.000138092267373,0.000198546840408,1.7518305094e-05
60.35,0.000136786584899,0.000198032660997,1.7361338303e-05
60.4,0.000135493214003,0.000197518212508,1.72057901081e-05
60.45,0.000134212038951,0.00019700467436,1.70516372207e-05
60.5,0.000132942945094,0.000196493535665,1.6898871584e-05
60.55,0.000131685818855,0.000195982231317,1.67475006705e-05
60.6,0.000130440547723,0.000195470784418,1.6597469002e-05
60.65,0.000129207020239,0.000194959218886,1.64487649138e-05
60.7,0.00012798512599,0.000194449573246,1.63013768405e-05
60.75,0.000126774755598,0.000193941292087,1.61552933157e-05
60.8,0.000125575800708,0.000193432984513,1.60105253385e-05
60.85,0.000124388775619,0.00019292467064,1.58670684931e-05
60.9,0.000123212939989,0.00019241637422,1.5724908147e-05
60.95,0.000122048188669,0.000191911351599,1.55840230159e-05
61.0,0.00012089441749,0.000191406613489,1.54444057365e-05
61.05,0.000119751523262,0.00019090197121,1.53060631381e-05
61.1,0.00011861940376,0.000190397441047,1.51689445175e-05
61.15,0.000117497957716,0.000189894116759,1.50330392139e-05
61.2,0.00011638708481,0.000189393316019,1.48983366574e-05
61.25,0.000115286685665,0.000188892699988,1.47648263684e-05
61.3,0.000114196661831,0.000188392283905,1.46325183994e-05
61.35,0.000113116915783,0.000187892081858,1.45014087147e-05
61.4,0.000112047350907,0.000187394464784,1.43714839411e-05
61.45,0.000110987871496,0.000186898191441,1.42427246262e-05
61.5,0.000109938382739,0.000186402193588,1.41151240406e-05
61.55,0.000108898790713,0.000185906617767,1.39886884256e-05
61.6,0.000107869002376,0.000185411726851,1.38633714422e-05
61.65,0.000106848925556,0.00018492036375,1.3739163347e-05
61.7,0.000105838468946,0.000184429345251,1.36160544799e-05
61.75,0.000104837542095,0.000183938682305,1.34940352632e-05
61.8,0.000103846055398,0.000183448385502,1.33731148843e-05
61.85,0.000102864434158,0.000182959965792,1.32532896547e-05
61.9,0.000101892066144,0.00018247387307,1.31345473524e-05
61.95,0.000100928864401,0.000181988377491,1.30168701991e-05
62.0,9.99747427865e-05,0.00018150344053,1.29002520447e-05
62.05,9.90296159654e-05,0.00018101893888,1.27846985932e-05
62.1,9.80933994021e-05,0.000180537628791,1.2670167494e-05
62.15,9.71660093525e-05,0.000180057455118,1.25566498424e-05
62.2,9.6247362857e-05,0.000179577759876,1.24441368095e-05
62.25,9.53373777329e-05,0.000179098550404,1.23326196422e-05
62.3,9.44359725673e-05,0.000178620408164,1.2222106737e-05
62.35,9.35430667101e-05,0.000178145596959,1.21125947229e-05
62.4,9.26585802666e-05,0.000177671310151,1.20040724298e-05
62.45,9.17824340904e-05,0.000177197553286,1.18965236096e-05
62.5,9.09145497768e-05,0.000176724331941,1.17899426415e-05
62.55,9.00548496555e-05,0.00017625339288,1.16843347386e-05
62.6,8.9203256784e-05,0.000175784652719,1.15796611954e-05
62.65,8.83596949406e-05,0.000175316482069,1.14759138735e-05
62.7,8.75240886178e-05,0.000174848885926,1.1373084704e-05
62.75,8.66963630157e-05,0.000174381869103,1.12711656871e-05
62.8,8.58764440351e-05,0.000173918280362,1.11701644966e-05
62.85,8.50646833847e-05,0.000173455815895,1.10700780518e-05
62.9,8.42605747744e-05,0.000172993963978,1.09708961438e-05
62.95,8.3464046295e-05,0.000172532727941,1.08726039231e-05
63.0,8.26750267109e-05,0.000172072664601,1.07751962526e-05
63.05,8.18934454535e-05,0.000171616056858,1.06786778968e-05
63.1,8.11192326151e-05,0.000171160322892,1.05830134813e-05
63.15,8.03523189429e-05,0.000170705235369,1.04881955684e-05
63.2,7.95926358326e-05,0.000170250797319,1.03942167837e-05
63.25,7.88401153224e-05,0.000169798534692,1.03010698158e-05
63.3,7.80946900874e-05,0.000169348729647,1.02087616781e-05
63.35,7.7356293433e-05,0.000168899598911,1.01172895549e-05
63.4,7.66248592897e-05,0.000168451144319,1.00266441162e-05
63.45,7.59003222066e-05,0.000168003446031,9.93681179046e-06
63.5,7.51826173463e-05,0.000167559038592,9.84778788266e-06
63.55,7.44716804785e-05,0.000167116214042,9.75957674734e-06
63.6,7.3767447975e-05,0.000166674089305,9.67214605475e-06
63.65,7.30698568036e-05,0.000166232666147,9.58548900722e-06
63.7,7.23788445226e-05,0.00016579194625,9.49959886511e-06
63.75,7.16943492755e-05,0.000165355115352,9.4144689463e-06
63.8,7.10163097854e-05,0.000164919084785,9.33010566059e-06
63.85,7.0345016901e-05,0.000164483777392,9.24650643467e-06
63.9,6.9680051941e-05,0.000164049196291,9.16366274141e-06
63.95,6.90213554395e-05,0.000163615994852,9.08156217747e-06
64.0,6.83688684876e-05,0.000163186103504,9.0002004519e-06
64.05,6.77225327279e-05,0.00016275695584,8.91958154445e-06
64.1,6.70822903496e-05,0.00016232855199,8.83967590793e-06
64.15,6.64480840834e-05,0.00016190089268,8.76047732977e-06
64.2,6.58198571964e-05,0.00016147523159,8.68197965039e-06
64.25,6.5197553487e-05,0.000161052269196,8.60417676279e-06
64.3,6.45811172802e-05,0.000160630067986,8.52707452509e-06
64.35,6.39704934224e-05,0.00016020862799,8.45067058546e-06
64.4,6.33656272767e-05,0.000159787949107,8.37495715068e-06
64.45,6.2766464718e-05,0.000159369771034,8.29992288497e-06
64.5,6.21729521283e-05,0.000158953788663,8.22556386669e-06
64.55,6.15850363918e-05,0.000158538581528,8.15188373304e-06
64.6,6.10026648907e-05,0.000158124362519,8.07885547995e-06
64.65,6.04257854997e-05,0.000157710956734,8.00647342954e-06
64.7,5.98543465822e-05,0.000157300434928,7.93473195238e-06
64.75,5.92882969855e-05,0.000156891720534,7.8636254671e-06
64.8,5.8727586036e-05,0.000156483794998,7.79315932761e-06
64.85,5.81724542537e-05,0.000156076657764,7.7233313845e-06
64.9,5.76225554062e-05,0.000155670310109,7.65413451532e-06
64.95,5.70778403179e-05,0.000155267107016,7.58555835992e-06
65.0,5.65382602732e-05,0.000154865698718,7.5175993342e-06
65.05,5.60037670131e-05,0.000154465099852,7.45026076233e-06
65.1,5.54743127304e-05,0.000154065301375,7.38351796443e-06
65.15,5.49498500658e-05,0.000153666302725,7.3173657513e-06
65.2,5.44303321034e-05,0.000153270580271,7.25179897805e-06
65.25,5.39157123668e-05,0.000152876247224,7.18681254368e-06
65.3,5.34059448151e-05,0.000152482724935,7.12241134129e-06
65.35,5.29009838385e-05,0.000152090012373,7.05859340648e-06
65.4,5.24007842545e-05,0.000151698108425,6.99535222981e-06
65.45,5.19053013039e-05,0.000151309481526,6.93267834283e-06
65.5,5.14144906467e-05,0.00015092221995,6.8705684699e-06
65.55,5.09283083585e-05,0.000150535776156,6.8090256491e-06
65.6,5.04467109262e-05,0.000150150148769,6.7480273247e-06
65.65,4.99696552447e-05,0.000149765336856,6.68756875415e-06
65.7,4.94970986124e-05,0.000149383670606,6.62764523536e-06
65.75,4.90289987281e-05,0.000149003473943,6.56825210637e-06
65.8,4.85653136869e-05,0.000148624101688,6.50939383913e-06
65.85,4.8106242389e-05,0.00014824555251,6.45106863833e-06
65.9,4.76514985143e-05,0.00014786782658,6.39327055478e-06
65.95,4.72010413966e-05,0.000147492982366,6.33599093496e-06
66.0,4.67548307502e-05,0.000147119843105,6.27922678519e-06
66.05,4.63128266667e-05,0.000146747534362,6.22298088202e-06
66.1,4.58749896116e-05,0.000146376181465,6.1672326111e-06
66.15,4.54412804207e-05,0.000146005762019,6.11197763806e-06
66.2,4.50116602965e-05,0.000145637823431,6.05721166551e-06
66.25,4.45860908048e-05,0.000145271956189,6.00293043273e-06
66.3,4.41645338718e-05,0.000144906924091,5.9491380268e-06
66.35,4.37469517799e-05,0.000144542725524,5.8958328069e-06
66.4,4.33333071651e-05,0.000144179358823,5.84300933589e-06
66.45,4.29235630133e-05,0.000143817934629,5.79065970506e-06
66.5,4.25176826573e-05,0.000143459244318,5.73878117837e-06
66.55,4.21156297733e-05,0.000143101473542,5.68737629342e-06
66.6,4.17173683778e-05,0.000142744539004,5.63642621011e-06
66.65,4.13228628246e-05,0.000142388439196,5.58592696711e-06
66.7,4.09320778012e-05,0.000142033606333,5.5358746369e-06
66.75,4.05449783263e-05,0.000141681977969,5.48626532549e-06
66.8,4.01615297462e-05,0.000141331189863,5.43710276817e-06
66.85,3.97818965432e-05,0.000140981240213,5.38838546537e-06
66.9,3.94058419425e-05,0.000140632128436,5.3401084479e-06
66.95,3.90333323146e-05,0.000140283852692,5.29226448775e-06
67.0,3.86643343448e-05,0.00013993877183,5.24485108436e-06
67.05,3.82988150308e-05,0.000139594930334,5.19787055693e-06
67.1,3.79367416789e-05,0.000139251928916,5.1513056869e-06
67.15,3.7578081902e-05,0.000138909765854,5.10515285389e-06
67.2,3.72228036161e-05,0.000138568439436,5.05940846841e-06
67.25,3.68708750379e-05,0.000138229311521,5.01406897163e-06
67.3,3.65222646816e-05,0.000137892370321,4.96913777736e-06
67.35,3.61769413565e-05,0.000137556269607,4.92461351506e-06
67.4,3.58348741641e-05,0.000137221007363,4.88049164326e-06
67.45,3.54960324953e-05,0.000136886581612,4.83676555606e-06
67.5,3.51603860276e-05,0.000136553219259,4.7934329681e-06
67.55,3.48279047228e-05,0.000136223126258,4.75049599898e-06
67.6,3.44985588241e-05,0.000135893925026,4.70793891212e-06
67.65,3.41723188535e-05,0.000135565724786,4.66575839874e-06
67.7,3.3849155609e-05,0.000135238360632,4.62395117831e-06
67.75,3.35290401625e-05,0.000134911830702,4.58251399828e-06
67.8,3.32119438568e-05,0.000134587693304,4.54144997864e-06
67.85,3.2898002712e-05,0.000134265447381,4.50075786682e-06
67.9,3.25870209251e-05,0.000133944039071,4.46043351224e-06
67.95,3.22789706858e-05,0.000133623466241,4.42047087753e-06
68.0,3.19738244443e-05,0.000133303809723,4.38086787405e-06
68.05,3.16715549089e-05,0.000132985236905,4.34162643898e-06
68.1,3.13721350434e-05,0.000132669953489,4.30273219014e-06
68.15,3.10755380649e-05,0.000132355505666,4.26418210355e-06
68.2,3.07817374413e-05,0.000132041891395,4.22597318103e-06
68.25,3.04907068891e-05,0.000131729108645,4.18810244997e-06
68.3,3.02024203707e-05,0.0001314171554,4.15057276182e-06
68.35,2.99168520929e-05,0.000131107054334,4.11338297185e-06
68.4,2.96339765037e-05,0.000130799273422,4.07652928666e-06
68.45,2.93537682907e-05,0.000130492323018,4.04000618855e-06
68.5,2.90762023785e-05,0.000130186200944,4.00381176865e-06
68.55,2.88012539266e-05,0.000129880905015,3.96794779738e-06
68.6,2.85288983275e-05,0.000129576432965,3.93240113044e-06
68.65,2.82591112039e-05,0.000129274493027,3.89716900411e-06
68.7,2.79918684071e-05,0.000128974133351,3.86224867826e-06
68.75,2.77271460147e-05,0.000128674598431,3.82763743614e-06
68.8,2.74649203284e-05,0.000128375886137,3.79333788377e-06
68.85,2.72053038312e-05,0.000128077994241,3.75934897493e-06
68.9,2.6948134602e-05,0.000127780921327,3.72566724275e-06
68.95,2.66933896429e-05,0.000127486830641,3.69228764441e-06
69.0,2.64410461713e-05,0.000127193809248,3.65920843533e-06
69.05,2.61910816181e-05,0.000126901606782,3.62643123355e-06
69.1,2.59434736255e-05,0.000126610220873,3.5939440261e-06
69.15,2.5698200045e-05,0.000126319838101,3.56174428713e-06
69.2,2.54552389357e-05,0.000126030324878,3.52982951233e-06
69.25,2.52145685623e-05,0.000125743935189,3.4981972188e-06
69.3,2.49761673928e-05,0.000125458364268,3.46684978825e-06
69.35,2.47400140971e-05,0.00012517360561,3.43578626451e-06
69.4,2.45060875448e-05,0.000124889656854,3.40500347909e-06
69.45,2.42743668037e-05,0.000124606515666,3.37449682322e-06
69.5,2.40448311373e-05,0.000124324290876,3.34426470245e-06
69.55,2.38174600037e-05,0.000124045279348,3.31430859559e-06
69.6,2.35922330533e-05,0.000123767074821,3.28461752358e-06
69.65,2.33691301272e-05,0.000123489675008,3.25518917797e-06
69.7,2.31481312554e-05,0.000123213077634,3.22602127001e-06
69.75,2.2929216655e-05,0.000122937280437,3.19711153049e-06
69.8,2.27123667286e-05,0.000122662281165,3.16846213613e-06
69.85,2.24976744949e-05,0.000122390248049,3.14007221306e-06
69.9,2.22850060519e-05,0.000122119099061,3.1119388655e-06
69.95,2.20743423811e-05,0.000121848747081,3.08405788134e-06
70.0,2.18656646424e-05,0.000121579189723,3.05642780337e-06
70.05,2.16589541719e-05,0.000121310424597,3.02904998312e-06
70.1,2.14541924808e-05,0.000121042449261,3.00191438648e-06
70.15,2.12513612531e-05,0.00012077698945,2.9750189037e-06
70.2,2.10504423446e-05,0.000120512792199,2.94836144301e-06
70.25,2.0851417781e-05,0.000120249382996,2.9219399305e-06
70.3,2.06542697564e-05,0.000119986759488,2.89575635556e-06
70.35,2.04589806315e-05,0.000119724919257,2.86980991952e-06
70.4,2.02655329324e-05,0.000119463859877,2.84409797584e-06
70.45,2.0073909349e-05,0.000119204648142,2.81861667493e-06
70.5,1.98840927331e-05,0.000118947292323,2.79336468503e-06
70.55,1.96960660974e-05,0.00011869071499,2.76834324132e-06
70.6,1.95098126135e-05,0.000118434913639,2.74354317332e-06
70.65,1.9325315611e-05,0.000118180005517,2.71896255287e-06
70.7,1.91425585754e-05,0.000117925937147,2.69459946822e-06
70.75,1.89615251471e-05,0.000117672836485,2.67045202398e-06
70.8,1.87821991197e-05,0.000117422396352,2.64652203829e-06
70.85,1.86046574161e-05,0.000117172725272,2.62280878125e-06
70.9,1.84287893046e-05,0.00011692382128,2.59930983409e-06
70.95,1.82545790578e-05,0.000116675681886,2.57602167855e-06
71.0,1.80820110958e-05,0.000116428304637,2.55294309749e-06
71.05,1.79110699841e-05,0.00011618183762,2.53007521977e-06
71.1,1.77417404334e-05,0.000115937323589,2.50740966424e-06
71.15,1.7574007297e-05,0.000115694455781,2.48494466865e-06
71.2,1.74078555704e-05,0.000115452344968,2.46267848582e-06
71.25,1.72432703897e-05,0.000115210988709,2.44060938348e-06
71.3,1.708023703e-05,0.000114970384572,2.4187390233e-06
71.35,1.69187409044e-05,0.000114730530076,2.39706673819e-06
71.4,1.67587675627e-05,0.000114491422738,2.37559031755e-06
71.45,1.66003026901e-05,0.000114254844449,2.35430654596e-06
71.5,1.64433321058e-05,0.00011401920752,2.33321431102e-06
71.55,1.6287841762e-05,0.000113784314163,2.31231464443e-06
71.6,1.61338177423e-05,0.000113550161829,2.2915998864e-06
71.65,1.59812462608e-05,0.000113316748082,2.27106842635e-06
71.7,1.5830113661e-05,0.000113084070497,2.25071866749e-06
71.75,1.56804064139e-05,0.000112852331031,2.23054902663e-06
71.8,1.55321111175e-05,0.000112623042515,2.21056102243e-06
71.85,1.53852913841e-05,0.000112394486398,2.19075404521e-06
71.9,1.52398556429e-05,0.000112166660577,2.17112607464e-06
71.95,1.50957908882e-05,0.000111939562524,2.15167417204e-06
72.0,1.49530842357e-05,0.000111713189742,2.13239732076e-06
72.05,1.48117229221e-05,0.000111487539741,2.11329646371e-06
72.1,1.46716943034e-05,0.000111262905532,2.09436460034e-06
72.15,1.45329858542e-05,0.000111040619965,2.07560025873e-06
72.2,1.43955851663e-05,0.000110819170695,2.05700197949e-06
72.25,1.42594799478e-05,0.000110598437973,2.03856831571e-06
72.3,1.41246580218e-05,0.000110378419324,2.02030065534e-06
72.35,1.39911073257e-05,0.000110159112232,2.00219844117e-06
72.4,1.38588159096e-05,0.000109940514181,1.98425982677e-06
72.45,1.37277719358e-05,0.000109722719027,1.96648212637e-06
72.5,1.35979636774e-05,0.000109507341758,1.94886441083e-06
72.55,1.34693795173e-05,0.000109292753985,1.93140754191e-06
72.6,1.33420079473e-05,0.00010907897016,1.91410512158e-06
72.65,1.32158375672e-05,0.000108865886255,1.89695580461e-06
72.7,1.30908570833e-05,0.000108653499799,1.87995825722e-06
72.75,1.29670553079e-05,0.000108441808328,1.86311115704e-06
72.8,1.28444211581e-05,0.00010823080939,1.84641577254e-06
72.85,1.27230072385e-05,0.000108021860123,1.82987159449e-06
72.9,1.26027378239e-05,0.000107813994076,1.81347693536e-06
72.95,1.24836021591e-05,0.000107606816064,1.79722934057e-06
73.0,1.23655895893e-05,0.000107400323563,1.78112796092e-06
73.05,1.22486895599e-05,0.000107194514053,1.76517358402e-06
73.1,1.21328916146e-05,0.000106989384995,1.7493603625e-06
73.15,1.20181853956e-05,0.000106784933929,1.73368706691e-06
73.2,1.19045606418e-05,0.000106581708912,1.71815247828e-06
73.25,1.17920071881e-05,0.000106380302693,1.70275538804e-06
73.3,1.1680514965e-05,0.000106179569528,1.6874969555e-06
73.35,1.1570073997e-05,0.000105979506891,1.67237671525e-06
73.4,1.14606744021e-05,0.000105780112254,1.657393125e-06
73.45,1.1352306391e-05,0.000105581383108,1.64254394143e-06
73.5,1.1244960266e-05,0.00010538331697,1.62782838845e-06
73.55,1.11386264204e-05,0.000105185911362,1.61324718585e-06
73.6,1.10332953372e-05,0.000104990272672,1.59879498957e-06
73.65,1.09289575889e-05,0.000104795825116,1.58447067595e-06
73.7,1.08256038362e-05,0.000104602194223,1.57027313095e-06
73.75,1.07232248272e-05,0.00010440921656,1.55620125002e-06
73.8,1.06218113969e-05,0.000104216889661,1.54225609268e-06
73.85,1.05214070471e-05,0.000104025211036,1.52843723358e-06
73.9,1.04219491562e-05,0.000103834178482,1.51474326319e-06
73.95,1.032342883e-05,0.000103643789519,1.50117213125e-06
74.0,1.02258372575e-05,0.000103455344803,1.48772312847e-06
74.05,1.01291657104e-05,0.00010326784423,1.4743969127e-06
74.1,1.00334055419e-05,0.000103081131406,1.46118859982e-06
74.15,9.93854818634e-06,0.00010289505462,1.4480971629e-06
74.2,9.84458515829e-06,0.000102709611415,1.43512158377e-06
74.25,9.75150805174e-06,0.000102524799339,1.42226085295e-06
74.3,9.65930853945e-06,0.000102340615954,1.40951593878e-06
74.35,9.56797837218e-06,0.000102157058802,1.3968864525e-06
74.4,9.47750937795e-06,0.00010197527147,1.38437110591e-06
74.45,9.38789346135e-06,0.000101794483155,1.37196802521e-06
74.5,9.29912260282e-06,0.000101614315398,1.35967656216e-06
74.55,9.2111888579e-06,0.000101434765723,1.34749731798e-06
74.6,9.12408435659e-06,0.000101255831643,1.33542582894e-06
74.65,9.03780130263e-06,0.000101077510732,1.32346115648e-06
74.7,8.95233197277e-06,0.000100899800575,1.31160237006e-06
74.75,8.86766871618e-06,0.000100722698766,1.2998485471e-06
74.8,8.78380395368e-06,0.000100546854098,1.28820057259e-06
74.85,8.70077365951e-06,0.000100372427092,1.27665809122e-06
74.9,8.61852604819e-06,0.000100198602902,1.26521992568e-06
74.95,8.53705376455e-06,0.000100025379067,1.25388436343e-06
75.0,8.45634952231e-06,9.98527531485e-05,1.24265081204e-06
75.05,8.37640610341e-06,9.96807227132e-05,1.23151982097e-06
75.1,8.29721635741e-06,9.95092853193e-05,1.22048731068e-06
75.15,8.21877320083e-06,9.93384385802e-05,1.2095524234e-06
75.2,8.14106961653e-06,9.91682948314e-05,1.19871430868e-06
75.25,8.06409865311e-06,9.90000132197e-05,1.18797212333e-06
75.3,7.98785342428e-06,9.88324906332e-05,1.17732667617e-06
75.35,7.91232710825e-06,9.86655508524e-05,1.1667776425e-06
75.4,7.83751294713e-06,9.84991914486e-05,1.15632394631e-06
75.45,7.76340424635e-06,9.8333410007e-05,1.14596402247e-06
75.5,7.68999437406e-06,9.81682041337e-05,1.13569732952e-06
75.55,7.61727676052e-06,9.80035714413e-05,1.12552436967e-06
75.6,7.54524489755e-06,9.78396515202e-05,1.11544141446e-06
75.65,7.47389233797e-06,9.76763783098e-05,1.10544767997e-06
75.7,7.40321269498e-06,9.75149679627e-05,1.09554238893e-06
75.75,7.33319964163e-06,9.7354123211e-05,1.08572477074e-06
75.8,7.26384691026e-06,9.71938413791e-05,1.0759955646e-06
75.85,7.1951842501e-06,9.7034120082e-05,1.06635447376e-06
75.9,7.12716883668e-06,9.68749571258e-05,1.0568005148e-06
75.95,7.05979458756e-06,9.67163501384e-05,1.04733225733e-06
76.0,6.99305547729e-06,9.65582967669e-05,1.03794920648e-06
76.05,6.92694553683e-06,9.64007946655e-05,1.02865182122e-06
76.1,6.86145885306e-06,9.62438414823e-05,1.01943669402e-06
76.15,6.79658956823e-06,9.60885897398e-05,1.01030310841e-06
76.2,6.73233187946e-06,9.59340199252e-05,1.00125035403e-06
76.25,6.66868003821e-06,9.57799930244e-05,9.92277726602e-07
76.3,6.60562834981e-06,9.56265067109e-05,9.83385901706e-07
76.35,6.54317117291e-06,9.54735586501e-05,9.7457460812e-07
76.4,6.48130291903e-06,9.53211465118e-05,9.6584294709e-07
76.45,6.42001805202e-06,9.5169267979e-05,9.57189611316e-07
76.5,6.3593110876e-06,9.50179207529e-05,9.48614148531e-07
76.55,6.29917659288e-06,9.48671025416e-05,9.40116978201e-07
76.6,6.23960918587e-06,9.4717344585e-05,9.31694986074e-07
76.65,6.18060353499e-06,9.45688120656e-05,9.23347517349e-07
76.7,6.12215435864e-06,9.44208662256e-05,9.15073922813e-07
76.75,6.06425642467e-06,9.42735275959e-05,9.06873558791e-07
76.8,6.00690455001e-06,9.41267077788e-05,8.98747042725e-07
76.85,5.95012333603e-06,9.39804044904e-05,8.90694126734e-07
76.9,5.89387736865e-06,9.38346156038e-05,8.8271398942e-07
76.95,5.83816161795e-06,9.36893388486e-05,8.74805435999e-07
77.0,5.78297110112e-06,9.3544571972e-05,8.66968053132e-07
77.05,5.72830088201e-06,9.34003127282e-05,8.5920222418e-07
77.1,5.67414607072e-06,9.32573693243e-05,8.51505102934e-07
77.15,5.62050182311e-06,9.31154556378e-05,8.43876090948e-07
77.2,5.56736334045e-06,9.29740439466e-05,8.36314594887e-07
77.25,5.51472586894e-06,9.28331320104e-05,8.28820026477e-07
77.3,5.46258469931e-06,9.26927175989e-05,8.21392950017e-07
77.35,5.41093516639e-06,9.2552798477e-05,8.14033138961e-07
77.4,5.35977264874e-06,9.2413372415e-05,8.06739842606e-07
77.45,5.3090925682e-06,9.22744371956e-05,7.99511969004e-07
77.5,5.25889038948e-06,9.21359906178e-05,7.92349140392e-07
77.55,5.20916161981e-06,9.19980304879e-05,7.85251707133e-07
77.6,5.15990180849e-06,9.18610190832e-05,7.78217067989e-07
77.65,5.11110654655e-06,9.17251455133e-05,7.71244676023e-07
77.7,5.06277146629e-06,9.15897523644e-05,7.64333988965e-07
77.75,5.01489224096e-06,9.14548374543e-05,7.57484469175e-07
77.8,4.96746458435e-06,9.13203986105e-05,7.50696632382e-07
77.85,4.92050884082e-06,9.11864336573e-05,7.4397027154e-07
77.9,4.87399572434e-06,9.10529405474e-05,7.37304700559e-07
77.95,4.8279210754e-06,9.09199171194e-05,7.30698921471e-07
78.0,4.7822807734e-06,9.07873612271e-05,7.24152589027e-07
78.05,4.73707073636e-06,9.06552707322e-05,7.17666023436e-07
78.1,4.69228692051e-06,9.05236434954e-05,7.11236847345e-07
78.15,4.64792531997e-06,9.03933189533e-05,7.04864560891e-07
78.2,4.60398196637e-06,9.02636930545e-05,6.98548668478e-07
78.25,4.56045292852e-06,9.01346505197e-05,6.92288678737e-07
78.3,4.51733431203e-06,9.0006063578e-05,6.86085063012e-07
78.35,4.47462225902e-06,8.98779301059e-05,6.79937632075e-07
78.4,4.43231294774e-06,8.97502479859e-05,6.73845758887e-07
78.45,4.39040259222e-06,8.96230151123e-05,6.67808531376e-07
78.5,4.34888744199e-06,8.94962293938e-05,6.61825634006e-07
78.55,4.30776378169e-06,8.9369888747e-05,6.55897359428e-07
78.6,4.26702793078e-06,8.92440280846e-05,6.50021534903e-07
78.65,4.22667624322e-06,8.91187239492e-05,6.44197703591e-07
78.7,4.18670510711e-06,8.89945739813e-05,6.38425412551e-07
78.75,4.1471109444e-06,8.88711538513e-05,6.32704212708e-07
78.8,4.10789021057e-06,8.87481692134e-05,6.27034534836e-07
78.85,4.06905972956e-06,8.86256180005e-05,6.21416205993e-07
78.9,4.03059528305e-06,8.85034982515e-05,6.1584865311e-07
78.95,3.99249343126e-06,8.83818079143e-05,6.10331042615e-07
79.0,3.95475076664e-06,8.82605449509e-05,6.0486308613e-07
79.05,3.91736391356e-06,8.81397073311e-05,5.99445051118e-07
79.1,3.880329528e-06,8.8019293026e-05,5.94074951846e-07
79.15,3.84364429723e-06,8.78993000344e-05,5.88752370792e-07
79.2,3.8073049396e-06,8.77797263643e-05,5.83476894e-07
79.25,3.77130820416e-06,8.76606864223e-05,5.78248111047e-07
79.3,3.73565087041e-06,8.75428968989e-05,5.73066415628e-07
79.35,3.70032974805e-06,8.74255209432e-05,5.6793164969e-07
79.4,3.66534167663e-06,8.73085565544e-05,5.62843289485e-07
79.45,3.63068352532e-06,8.71920017427e-05,5.57800573185e-07
79.5,3.59635219264e-06,8.7075854532e-05,5.52803237234e-07
79.55,3.56234460614e-06,8.69601129538e-05,5.47851526073e-07
79.6,3.52865772215e-06,8.68447750415e-05,5.4294362488e-07
79.65,3.49528852555e-06,8.67298388545e-05,5.38079152069e-07
79.7,3.46223402945e-06,8.6615302461e-05,5.33257729312e-07
79.75,3.42949127495e-06,8.65012765087e-05,5.2847898151e-07
79.8,3.39705733087e-06,8.63876718283e-05,5.23743268474e-07
79.85,3.36494610992e-06,8.62744615839e-05,5.19050445754e-07
79.9,3.33313758454e-06,8.61625106033e-05,5.14400034681e-07
79.95,3.30162891019e-06,8.60509800101e-05,5.09791338996e-07
80.0,3.27041726895e-06,8.59398382996e-05,5.05224117827e-07
80.05,3.2394998693e-06,8.58290835589e-05,5.00698594577e-07
80.1,3.20887394589e-06,8.57187138775e-05,4.96213110622e-07
80.15,3.17853675923e-06,8.56088649206e-05,4.9176731722e-07
80.2,3.14848559551e-06,8.54994065232e-05,4.87360868605e-07
80.25,3.11871776634e-06,8.53903279723e-05,4.82993421962e-07
80.3,3.08923060851e-06,8.52816274035e-05,4.78665306134e-07
80.35,3.06002148375e-06,8.51733029539e-05,4.74376389104e-07
80.4,3.03108777851e-06,8.50653527671e-05,4.70126233399e-07
80.45,3.00242690372e-06,8.49577749967e-05,4.65914202689e-07
80.5,2.97403629458e-06,8.48507340963e-05,4.61740076833e-07
80.55,2.9459134103e-06,8.47447372539e-05,4.57604060005e-07
80.6,2.91805573389e-06,8.46391073709e-05,4.53504636338e-07
80.65,2.89046077198e-06,8.45338426178e-05,4.49441487105e-07
80.7,2.86312605451e-06,8.44289411743e-05,4.45414296299e-07
80.75,2.8360491346e-06,8.43244012284e-05,4.41422750612e-07
80.8,2.80922758829e-06,8.42202209774e-05,4.37467150584e-07
80.85,2.78267292083e-06,8.41163986202e-05,4.33547375558e-07
80.9,2.75636857023e-06,8.40129324285e-05,4.29663025718e-07
80.95,2.73031218417e-06,8.3909820616e-05,4.25813519498e-07
81.0,2.70450143236e-06,8.3807061408e-05,4.21998655707e-07
81.05,2.67893400633e-06,8.37046530375e-05,4.18218620946e-07
81.1,2.65360761922e-06,8.36025937407e-05,4.14472029814e-07
81.15,2.62852000562e-06,8.35008817744e-05,4.1075859102e-07
81.2,2.6036689213e-06,8.34000887739e-05,4.07078015754e-07
81.25,2.57905214307e-06,8.32999221932e-05,4.03430017673e-07
81.3,2.55466746856e-06,8.32001621058e-05,3.9981487145e-07
81.35,2.53051271605e-06,8.3100742781e-05,3.96232466815e-07
81.4,2.50658572422e-06,8.30016624805e-05,3.92682438361e-07
81.45,2.48288435203e-06,8.29029194754e-05,3.8916425458e-07
81.5,2.45940647848e-06,8.28045120483e-05,3.85677731593e-07
81.55,2.43615000245e-06,8.27064384892e-05,3.82223039943e-07
81.6,2.4131128425e-06,8.26086970918e-05,3.7879891347e-07
81.65,2.39029293669e-06,8.25113759687e-05,3.75405085951e-07
81.7,2.36768824241e-06,8.24144351813e-05,3.72041293435e-07
81.75,2.34529673617e-06,8.23178219395e-05,3.68707274225e-07
81.8,2.32311641346e-06,8.22215345766e-05,3.65403279354e-07
81.85,2.30115678866e-06,8.21255714286e-05,3.62129208039e-07
81.9,2.27940416567e-06,8.20302879408e-05,3.58884726327e-07
81.95,2.25785659922e-06,8.19357028614e-05,3.55669348453e-07
82.0,2.23651216225e-06,8.18414370274e-05,3.52482906368e-07
82.05,2.21536894576e-06,8.17474887842e-05,3.49325555933e-07
82.1,2.19442505862e-06,8.16538564813e-05,3.46196139967e-07
82.15,2.1736786274e-06,8.15605384861e-05,3.4309441516e-07
82.2,2.15312779623e-06,8.14675331742e-05,3.40020140279e-07
82.25,2.13277072663e-06,8.13748389294e-05,3.36973076151e-07
82.3,2.11260559732e-06,8.12824541438e-05,3.33953452202e-07
82.35,2.0926306041e-06,8.11903772126e-05,3.30961176325e-07
82.4,2.07284395966e-06,8.10986065374e-05,3.27995943307e-07
82.45,2.05324389344e-06,8.10071405289e-05,3.25057309197e-07
82.5,2.03382865146e-06,8.09159776079e-05,3.22145120405e-07
82.55,2.01459649618e-06,8.08251162026e-05,3.1925951938e-07
82.6,1.99554570634e-06,8.07345547449e-05,3.16399448536e-07
82.65,1.9766745768e-06,8.06445443009e-05,3.13564685507e-07
82.7,1.95798141839e-06,8.05552603323e-05,3.10755009822e-07
82.75,1.93946455778e-06,8.04662987243e-05,3.07970202891e-07
82.8,1.92112233733e-06,8.03777316075e-05,3.05210474396e-07
82.85,1.90296262501e-06,8.02894570025e-05,3.02475740157e-07
82.9,1.88497409475e-06,8.02014734101e-05,2.99765721231e-07
82.95,1.86715513786e-06,8.01137792952e-05,2.97080011875e-07
83.0,1.84950416075e-06,8.00263731326e-05,2.94418471721e-07
83.05,1.83201958475e-06,7.99392534043e-05,2.91781230956e-07
83.1,1.81469984598e-06,7.98524185964e-05,2.8916732302e-07
83.15,1.79754339518e-06,7.97659126791e-05,2.86576544685e-07
83.2,1.78054869764e-06,7.9679779702e-05,2.84008694455e-07
83.25,1.76371423299e-06,7.95939275927e-05,2.81463572557e-07
83.3,1.74703849512e-06,7.95083548718e-05,2.78941370622e-07
83.35,1.73051999203e-06,7.94230600636e-05,2.76442011718e-07
83.4,1.71415724568e-06,7.93380416987e-05,2.73965240908e-07
83.45,1.69794879189e-06,7.92534675823e-05,2.71510687373e-07
83.5,1.6818931802e-06,7.91696287048e-05,2.69078222826e-07
83.55,1.66598897373e-06,7.90860617912e-05,2.66667966247e-07
83.6,1.65023474906e-06,7.90027653822e-05,2.64279034269e-07
83.65,1.63462909611e-06,7.89197380334e-05,2.61911241155e-07
83.7,1.61917061803e-06,7.88369783077e-05,2.59564402751e-07
83.75,1.60385793102e-06,7.87544847759e-05,2.57238336477e-07
83.8,1.58868966428e-06,7.8672256016e-05,2.54933217474e-07
83.85,1.57367232431e-06,7.85902906101e-05,2.52648975428e-07
83.9,1.5587965449e-06,7.8508587182e-05,2.50385377347e-07
83.95,1.54406099574e-06,7.84271443271e-05,2.48142084325e-07
84.0,1.529464359e-06,7.83459606499e-05,2.45918979118e-07
84.05,1.51500532918e-06,7.82650347614e-05,2.43716170466e-07
84.1,1.500682613e-06,7.81843652773e-05,2.41532851032e-07
84.15,1.48649492931e-06,7.8103950827e-05,2.39368851064e-07
84.2,1.47244100894e-06,7.80237900468e-05,2.3722400226e-07
84.25,1.45851959464e-06,7.79438815805e-05,2.35098137754e-07
84.3,1.44472944089e-06,7.78643630722e-05,2.32991417611e-07
84.35,1.43106931388e-06,7.77856591393e-05,2.3090377757e-07
84.4,1.41753799133e-06,7.77072048879e-05,2.28835004693e-07
84.45,1.40413426242e-06,7.76289978235e-05,2.26784789243e-07
84.5,1.39085692768e-06,7.75510366028e-05,2.24753024066e-07
84.55,1.37770479887e-06,7.74733198888e-05,2.22739808544e-07
84.6,1.36467669889e-06,7.73958463493e-05,2.20744404826e-07
84.65,1.35177146164e-06,7.7318618671e-05,2.1876665777e-07
84.7,1.33898793199e-06,7.72417596631e-05,2.1680641356e-07
84.75,1.3263249656e-06,7.71651403074e-05,2.14863519692e-07
84.8,1.31378142887e-06,7.70887593017e-05,2.12938122455e-07
84.85,1.30136270242e-06,7.70126153475e-05,2.11030163118e-07
84.9,1.28906104076e-06,7.69367071816e-05,2.09139447071e-07
84.95,1.27687534379e-06,7.68610335184e-05,2.07265691234e-07
85.0,1.26480452171e-06,7.67855930806e-05,2.05408797678e-07
85.05,1.25284749493e-06,7.67103845971e-05,2.0356885723e-07
85.1,1.24100319397e-06,7.66354068015e-05,2.01745195544e-07
85.15,1.22927055935e-06,7.65606584393e-05,1.99937670834e-07
85.2,1.21764854154e-06,7.6486138263e-05,1.9814614252e-07
85.25,1.20613610082e-06,7.64121325635e-05,1.96370471224e-07
85.3,1.19473220722e-06,7.6338597001e-05,1.94610790645e-07
85.35,1.18343584042e-06,7.62652857865e-05,1.92867047107e-07
85.4,1.17224598964e-06,7.61921976808e-05,1.91139062748e-07
85.45,1.16116165359e-06,7.61193314519e-05,1.89426578856e-07
85.5,1.15018184036e-06,7.60466858757e-05,1.87729505927e-07
85.55,1.13930556731e-06,7.59742597343e-05,1.86047926972e-07
85.6,1.12853186102e-06,7.59020518147e-05,1.84381225687e-07
85.65,1.11785975721e-06,7.5830060915e-05,1.82729272485e-07
85.7,1.1072883006e-06,7.57582858398e-05,1.8109193889e-07
85.75,1.09681654488e-06,7.56867254006e-05,1.79469097518e-07
85.8,1.08644355261e-06,7.56154513015e-05,1.7786087056e-07
85.85,1.07617377334e-06,7.55444370578e-05,1.76267208962e-07
85.9,1.06600080187e-06,7.54736343221e-05,1.74687950169e-07
85.95,1.05592372846e-06,7.54030419245e-05,1.73122857735e-07
86.0,1.04594165188e-06,7.53326587025e-05,1.71571849862e-07
86.05,1.03605367937e-06,7.52624834996e-05,1.70035002415e-07
86.1,1.02625892651e-06,7.5192515164e-05,1.68511752134e-07
86.15,1.01655651714e-06,7.51227525542e-05,1.67001980586e-07
86.2,1.00694558336e-06,7.50532878897e-05,1.65505570353e-07
86.25,9.97425265352e-07,7.49843367339e-05,1.64022405014e-07
86.3,9.87994711378e-07,7.49157981316e-05,1.62552596245e-07
86.35,9.78653077669e-07,7.48474610306e-05,1.61096099211e-07
86.4,9.69399528362e-07,7.47793243008e-05,1.59652765351e-07
86.45,9.60233235424e-07,7.47113868185e-05,1.58222378568e-07
86.5,9.51153378579e-07,7.46436474676e-05,1.56804864103e-07
86.55,9.42159145237e-07,7.45761051377e-05,1.55400291295e-07
86.6,9.33249730419e-07,7.45087587233e-05,1.5400814536e-07
86.65,9.24424336691e-07,7.44416071284e-05,1.5262831806e-07
86.7,9.15682174089e-07,7.43746492636e-05,1.51260702081e-07
86.75,9.0702246005e-07,7.43078840453e-05,1.49905191026e-07
86.8,8.98444419346e-07,7.4241310396e-05,1.48561886955e-07
86.85,8.89951731574e-07,7.41749272426e-05,1.47230748895e-07
86.9,8.81539099896e-07,7.41087335365e-05,1.45911641069e-07
86.95,8.73205771994e-07,7.40427282156e-05,1.44604365981e-07
87.0,8.64951002598e-07,7.39769102248e-05,1.43308855306e-07
87.05,8.56774053414e-07,7.39112785143e-05,1.42025172414e-07
87.1,8.48674193064e-07,7.38458320391e-05,1.4075284683e-07
87.15,8.40650697021e-07,7.37805697632e-05,1.39491779631e-07
87.2,8.32702847542e-07,7.37154906566e-05,1.38241872738e-07
87.25,8.24829933609e-07,7.36505936949e-05,1.37003028912e-07
87.3,8.17031250862e-07,7.35859133214e-05,1.35775341431e-07
87.35,8.0930610154e-07,7.35218870543e-05,1.34558772846e-07
87.4,8.01653794419e-07,7.34580866722e-05,1.33353199067e-07
87.45,7.9407364475e-07,7.33944646565e-05,1.32158439596e-07
87.5,7.86564974197e-07,7.3331019995e-05,1.3097443199e-07
87.55,7.79127110782e-07,7.32677516814e-05,1.29801234163e-07
87.6,7.7175938882e-07,7.32046587133e-05,1.28638416134e-07
87.65,7.64461148866e-07,7.31417400976e-05,1.27485887493e-07
87.7,7.57231737652e-07,7.30790478656e-05,1.26343558606e-07
87.75,7.5007050803e-07,7.30166001045e-05,1.252113406e-07
87.8,7.42976818919e-07,7.29543241526e-05,1.24089318724e-07
87.85,7.35953713194e-07,7.28922190336e-05,1.22977458755e-07
87.9,7.28996810587e-07,7.28302837924e-05,1.21875647283e-07
87.95,7.22105488963e-07,7.27685174631e-05,1.20783719344e-07
88.0,7.15279132012e-07,7.27069190865e-05,1.19701617869e-07
88.05,7.08517129196e-07,7.26454877083e-05,1.18629395788e-07
88.1,7.01818875696e-07,7.25842223787e-05,1.17566660128e-07
88.15,6.95183772357e-07,7.25231221562e-05,1.16513328262e-07
88.2,6.88611225636e-07,7.24621861044e-05,1.15469318268e-07
88.25,6.82100647548e-07,7.24014132927e-05,1.14434548924e-07
88.3,6.75651455617e-07,7.23408027956e-05,1.13409098141e-07
88.35,6.69263072825e-07,7.22803536916e-05,1.12392934642e-07
88.4,6.62934927556e-07,7.2220065064e-05,1.11385954777e-07
88.45,6.5666645355e-07,7.21599360017e-05,1.10388007781e-07
88.5,6.50457089852e-07,7.21000669081e-05,1.09399041498e-07
88.55,6.44306280764e-07,7.20406491348e-05,1.08419104301e-07
88.6,6.38213475792e-07,7.1981388152e-05,1.07447837039e-07
88.65,6.321781296e-07,7.19222830609e-05,1.06485164198e-07
88.7,6.26199701963e-07,7.18633329682e-05,1.05531010907e-07
88.75,6.20277657717e-07,7.18045369858e-05,1.04585302934e-07
88.8,6.14411466713e-07,7.17458942307e-05,1.03648111485e-07
88.85,6.08603645285e-07,7.16875178544e-05,1.02719407974e-07
88.9,6.0285057113e-07,7.16292933365e-05,1.01799097672e-07
88.95,5.97151729768e-07,7.15712198043e-05,1.00887042791e-07
89.0,5.91506611536e-07,7.15132963904e-05,9.99831956636e-08
89.05,5.85914711544e-07,7.14555222326e-05,9.90876004997e-08
89.1,5.80375529631e-07,7.13978964727e-05,9.81999290603e-08
89.15,5.7488857032e-07,7.13404182598e-05,9.73201123297e-08
89.2,5.69453342775e-07,7.12831015225e-05,9.64480818812e-08
89.25,5.64069360758e-07,7.12260377588e-05,9.55837698722e-08
89.3,5.58736142585e-07,7.11691194182e-05,9.47272413804e-08
89.35,5.53453211084e-07,7.11123456646e-05,9.38784702796e-08
89.4,5.48220093552e-07,7.10557156666e-05,9.30373699947e-08
89.45,5.43036321717e-07,7.09992285978e-05,9.22038145967e-08
89.5,5.37901431691e-07,7.09428836373e-05,9.137776052e-08
89.55,5.32814963935e-07,7.08866799687e-05,9.05592481704e-08
89.6,5.27776463212e-07,7.08306167797e-05,8.97479775596e-08
89.65,5.22785478552e-07,7.07746932647e-05,8.89438856122e-08
89.7,5.17841563211e-07,7.0718908623e-05,8.81469097908e-08
89.75,5.1294427463e-07,7.06632620585e-05,8.7356988092e-08
89.8,5.08093174398e-07,7.0607866212e-05,8.65741799923e-08
89.85,5.0329034342e-07,7.05528464493e-05,8.57984616141e-08
89.9,4.98532786199e-07,7.04979623675e-05,8.50297538338e-08
89.95,4.93820077282e-07,7.04432131789e-05,8.42679415609e-08
90.0,4.89151795198e-07,7.03885981009e-05,8.35129849795e-08
90.05,4.84527522423e-07,7.03341163556e-05,8.27649210176e-08
90.1,4.79946845346e-07,7.02797671687e-05,8.20234755068e-08
90.15,4.75409354226e-07,7.02255497726e-05,8.12885908002e-08
90.2,4.70914643163e-07,7.01714634043e-05,8.05602097431e-08
90.25,4.66462310057e-07,7.01175073052e-05,7.98382756686e-08
90.3,4.62051956575e-07,7.00636807215e-05,7.91228429342e-08
90.35,4.57683188116e-07,7.00100605112e-05,7.84138897174e-08
90.4,4.53355613774e-07,6.9956602303e-05,7.77113437046e-08
90.45,4.49068846307e-07,6.99032717359e-05,7.70150997111e-08
90.5,4.44822502098e-07,6.98500680697e-05,7.63251213478e-08
90.55,4.40616201127e-07,6.97969905687e-05,7.56414423645e-08
90.6,4.36449566933e-07,6.97440385009e-05,7.496381219e-08
90.65,4.32322226581e-07,6.96912111403e-05,7.42921781391e-08
90.7,4.28233810633e-07,6.96385077653e-05,7.36264879762e-08
90.75,4.24183953109e-07,6.95860250348e-05,7.29666899119e-08
90.8,4.20172291463e-07,6.95336868114e-05,7.23128336249e-08
90.85,4.16200546516e-07,6.94814708238e-05,7.16648991711e-08
90.9,4.12266241118e-07,6.94293763716e-05,7.1022820461e-08
90.95,4.08369023433e-07,6.93774027496e-05,7.03865013628e-08
91.0,4.04508544924e-07,6.93255492577e-05,6.97559086194e-08
91.05,4.00684460315e-07,6.92738151996e-05,6.91310730758e-08
91.1,3.96896427566e-07,6.92221998825e-05,6.85117657272e-08
91.15,3.93144107839e-07,6.91707026196e-05,6.7897938423e-08
91.2,3.89427165471e-07,6.9119322728e-05,6.72895434235e-08
91.25,3.85745267942e-07,6.90682803637e-05,6.66865333965e-08
91.3,3.82098085846e-07,6.90174467175e-05,6.60889537451e-08
91.35,3.78485292865e-07,6.89667284052e-05,6.54967862418e-08
91.4,3.58498734266e-07,6.89161247515e-05,6.49099704852e-08
91.45,3.30484858628e-07,6.8865567914e-05,6.43284186176e-08
91.5,3.27359831192e-07,6.88150247605e-05,6.37521002442e-08
91.55,3.2426427292e-07,6.87645971267e-05,6.31810435553e-08
91.6,3.21197906763e-07,6.87142843168e-05,6.26150392561e-08
91.65,3.18160458265e-07,6.8664085641e-05,6.20540433404e-08
91.7,3.15151655544e-07,6.86140004137e-05,6.14980121774e-08
91.75,3.12171229264e-07,6.85640279538e-05,6.09469025087e-08
91.8,3.09218912613e-07,6.85141675847e-05,6.04007558296e-08
91.85,3.06295972004e-07,6.84644615261e-05,5.98595554814e-08
91.9,3.03400584417e-07,6.84149323271e-05,5.93232462615e-08
91.95,3.00532490925e-07,6.8365513576e-05,5.87917478738e-08
92.0,2.97691435027e-07,6.83162046094e-05,5.82650325397e-08
92.05,2.94877162624e-07,6.82670047679e-05,5.77431260231e-08
92.1,2.92089421996e-07,6.8217913396e-05,5.72258370431e-08
92.15,2.89327963782e-07,6.81689298434e-05,5.6713125381e-08
92.2,2.86592540955e-07,6.81200534643e-05,5.62049511611e-08
92.25,2.83882908802e-07,6.80713435872e-05,5.57012748483e-08
92.3,2.81198824905e-07,6.80227962235e-05,5.52021343667e-08
92.35,2.78540049112e-07,6.7974354503e-05,5.4707514491e-08
92.4,2.75906343525e-07,6.79260177917e-05,5.42173647699e-08
92.45,2.73297472472e-07,6.78777854599e-05,5.37316118185e-08
92.5,2.7071320249e-07,6.78296568821e-05,5.32502302489e-08
92.55,2.68153302303e-07,6.7781631437e-05,5.27732436076e-08
92.6,2.65617542801e-07,6.77337085067e-05,5.2300477077e-08
92.65,2.63105697022e-07,6.76858874783e-05,5.18318938999e-08
92.7,2.60617540129e-07,6.7638167743e-05,5.13674576328e-08
92.75,2.58152849394e-07,6.75905486959e-05,5.09071321433e-08
92.8,2.55711404174e-07,6.75430590783e-05,5.04509520912e-08
92.85,2.53294251739e-07,6.74959172467e-05,4.9998903562e-08
92.9,2.50899884527e-07,6.74488746653e-05,4.95509404464e-08
92.95,2.48528088417e-07,6.74019303986e-05,4.91069956758e-08
93.0,2.46178651292e-07,6.73550838539e-05,4.86670460473e-08
93.05,2.43851363023e-07,6.73083344425e-05,4.82311130809e-08
93.1,2.41546015448e-07,6.72616815789e-05,4.77990370052e-08
93.15,2.39262402354e-07,6.72151246824e-05,4.73707842268e-08
93.2,2.37000319462e-07,6.71686631761e-05,4.69463214387e-08
93.25,2.34759564405e-07,6.71222964871e-05,4.65256156184e-08
93.3,2.32539936709e-07,6.7076024046e-05,4.61086984428e-08
93.35,2.30341237783e-07,6.70298549767e-05,4.56955571946e-08
93.4,2.28163270891e-07,6.69838759239e-05,4.52861497335e-08
93.45,2.26005841145e-07,6.6937989783e-05,4.48804147631e-08
93.5,2.23868755478e-07,6.68921959958e-05,4.44783310777e-08
93.55,2.21751822637e-07,6.68464940077e-05,4.4079918345e-08
93.6,2.19654853155e-07,6.68008832672e-05,4.3685030545e-08
93.65,2.17577659345e-07,6.67553632273e-05,4.32936369756e-08
93.7,2.15520055276e-07,6.67099333447e-05,4.29057071966e-08
93.75,2.1348185676e-07,6.66646172606e-05,4.25212110276e-08
93.8,2.11462881335e-07,6.66194801216e-05,4.21401774191e-08
93.85,2.09463995051e-07,6.65744319073e-05,4.17625947485e-08
93.9,2.07483951215e-07,6.65294720884e-05,4.13884245023e-08
93.95,2.05522572758e-07,6.64846001349e-05,4.10176106599e-08
94.0,2.03579684268e-07,6.64398155205e-05,4.06501338407e-08
94.05,2.01655111976e-07,6.63951177224e-05,4.02860120197e-08
94.1,1.99748683742e-07,6.63505062208e-05,3.99251117446e-08
94.15,1.97860229036e-07,6.63059804999e-05,3.95674049558e-08
94.2,1.95989578927e-07,6.62615400477e-05,3.92128638331e-08
94.25,1.94136566065e-07,6.62171843553e-05,3.88614607937e-08
94.3,1.92301024668e-07,6.61729129172e-05,3.85132222962e-08
94.35,1.90482790508e-07,6.61287252308e-05,3.81681377185e-08
94.4,1.88681700894e-07,6.60846207966e-05,3.78261718619e-08
94.45,1.86897594659e-07,6.60405991185e-05,3.74872735274e-08
94.5,1.85130312147e-07,6.5996659704e-05,3.71514250025e-08
94.55,1.83379695198e-07,6.59528020635e-05,3.6818642715e-08
94.6,1.81645587131e-07,6.59092310256e-05,3.64888046988e-08
94.65,1.79927832737e-07,6.58657790864e-05,3.61618853094e-08
94.7,1.78226278258e-07,6.58224075233e-05,3.58378591208e-08
94.75,1.76540771379e-07,6.57791158542e-05,3.55167009245e-08
94.8,1.7487116121e-07,6.57359036003e-05,3.51984349018e-08
94.85,1.7321816394e-07,6.56927702855e-05,3.48830513447e-08
94.9,1.71580748604e-07,6.56497977099e-05,3.4570518084e-08
94.95,1.69958768774e-07,6.56069255475e-05,3.42607883275e-08
95.0,1.68352079391e-07,6.55641312596e-05,3.3953845887e-08
95.05,1.66760536755e-07,6.55214143794e-05,3.36497057766e-08
95.1,1.65183998514e-07,6.54787744429e-05,3.33482565275e-08
95.15,1.63622323646e-07,6.543621099e-05,3.30494747024e-08
95.2,1.62075372451e-07,6.53937235634e-05,3.27533370639e-08
95.25,1.6054300654e-07,6.5351311709e-05,3.24598205729e-08
95.3,1.59025088816e-07,6.53090765246e-05,3.21689473295e-08
95.35,1.5752148347e-07,6.52669264998e-05,3.18807084613e-08
95.4,1.56032055962e-07,6.52248510677e-05,3.1595074568e-08
95.45,1.54556673015e-07,6.51828497824e-05,3.13120028844e-08
95.5,1.530952026e-07,6.51409222008e-05,3.1031478616e-08
95.55,1.51647513924e-07,6.50990678831e-05,3.07535154844e-08
95.6,1.50213477419e-07,6.5057286392e-05,3.04780116149e-08
95.65,1.48792964733e-07,6.50155772936e-05,3.02049455874e-08
95.7,1.47385848714e-07,6.4973940157e-05,2.99342961644e-08
95.75,1.45992003405e-07,6.49323745543e-05,2.96660422899e-08
95.8,1.44611304026e-07,6.48908800602e-05,2.94002041618e-08
95.85,1.43244342835e-07,6.48494562522e-05,2.91367736713e-08
95.9,1.41890267267e-07,6.4808102713e-05,2.88757239486e-08
95.95,1.40548956231e-07,6.47668190256e-05,2.86170159094e-08
96.0,1.3922028977e-07,6.47256047758e-05,2.83606360323e-08
96.05,1.37904149051e-07,6.46844595519e-05,2.81065968579e-08
96.1,1.36600416352e-07,6.46433829451e-05,2.78548052799e-08
96.15,1.35308975056e-07,6.46023745496e-05,2.76052417217e-08
96.2,1.34029709636e-07,6.45614339623e-05,2.73578867738e-08
96.25,1.32762505649e-07,6.4520560783e-05,2.71127211923e-08
96.3,1.31507249723e-07,6.44797546141e-05,2.68697634368e-08
96.35,1.30263829548e-07,6.44390150602e-05,2.66290060964e-08
96.4,1.29032133866e-07,6.43983913862e-05,2.63904246139e-08
96.45,1.27812052462e-07,6.43578864544e-05,2.61539832688e-08
96.5,1.26603476153e-07,6.43174473056e-05,2.45427134783e-08
96.55,1.25406296779e-07,6.42771548382e-05,2.4169722635e-08
96.6,1.24220407193e-07,6.42370700783e-05,2.39531973712e-08
96.65,1.23045701252e-07,6.41970498408e-05,2.37385880892e-08
96.7,1.21882073808e-07,6.41570937433e-05,2.35258780976e-08
96.75,1.20729420698e-07,6.41172014057e-05,2.33150508474e-08
96.8,1.19587638736e-07,6.40774388667e-05,2.31061242393e-08
96.85,1.18457217693e-07,6.40377827111e-05,2.2899092521e-08
96.9,1.17337452534e-07,6.39981895504e-05,2.26939342612e-08
96.95,1.16228243122e-07,6.39586590112e-05,2.24906178175e-08
97.0,1.15129490256e-07,6.39191907224e-05,2.22891189081e-08
97.05,1.14041095666e-07,6.38797843159e-05,2.20894632554e-08
97.1,1.12962962003e-07,6.38404394253e-05,2.18915740645e-08
97.15,1.11894992827e-07,6.38011556876e-05,2.1695435949e-08
97.2,1.10837092603e-07,6.37619327418e-05,2.15010336543e-08
97.25,1.09789166691e-07,6.37227702297e-05,2.13083520557e-08
97.3,1.08751121338e-07,6.36836677953e-05,2.11174075128e-08
97.35,1.07722863667e-07,6.36446250849e-05,1.95510351646e-08
97.4,1.06704301673e-07,6.36056520759e-05,1.92226973145e-08
97.45,1.05695344212e-07,6.35667390619e-05,1.90504769956e-08
97.5,1.04695900994e-07,6.35278845309e-05,1.88797974854e-08
97.55,1.03705882575e-07,6.34890881412e-05,1.87106833399e-08
97.6,1.0272520035e-07,6.34503495529e-05,1.85430654125e-08
97.65,1.01753766543e-07,6.34116684293e-05,1.83769306713e-08
97.7,1.007914942e-07,6.33730444356e-05,1.82122661955e-08
97.75,9.98382971823e-08,6.33344772392e-05,1.80490591747e-08
97.8,9.8894090159e-08,6.32959665101e-05,1.78873255643e-08
97.85,9.79592781527e-08,6.32575119199e-05,1.772704757e-08
97.9,9.70332781267e-08,6.32191314233e-05,1.75682225408e-08
97.95,9.61160072716e-08,6.31808887096e-05,1.74108250204e-08
98.0,9.52073835533e-08,6.31427014955e-05,1.58790958867e-08
98.05,9.43073257062e-08,6.31045797033e-05,1.55838450746e-08
98.1,9.34157532256e-08,6.30665137313e-05,1.54442367252e-08
98.15,9.25325863607e-08,6.30285021055e-05,1.53058637371e-08
98.2,9.16577461079e-08,6.29905445123e-05,1.51687153485e-08
98.25,9.07911542035e-08,6.29526406404e-05,1.50327808889e-08
98.3,8.9932733117e-08,6.29148227826e-05,1.48980759695e-08
98.35,8.90824060438e-08,6.28771331017e-05,1.47645853476e-08
98.4,8.82400968992e-08,6.28394965735e-05,1.46323076115e-08
98.45,8.7405730311e-08,6.28019128913e-05,1.45012204989e-08
98.5,8.65792316132e-08,6.27643817506e-05,1.43712933795e-08
98.55,8.57605268393e-08,6.27269028492e-05,1.01160014064e-08
98.6,8.49495427158e-08,6.26895064322e-05,9.56639999581e-09
98.65,8.41462066558e-08,6.2652164529e-05,9.480678807e-09
98.7,8.33504467523e-08,6.26148733967e-05,9.39571636919e-09
98.75,8.25621917722e-08,6.25776327481e-05,9.31150606987e-09
98.8,8.178137115e-08,6.25406151376e-05,9.22806528901e-09
98.85,8.10083198228e-08,6.25036592435e-05,9.14538318182e-09
98.9,8.02425556433e-08,6.24667531148e-05,9.06346151774e-09
98.95,7.94840101314e-08,6.24298964674e-05,8.98228298415e-09
99.0,7.87326154483e-08,6.2393089019e-05,8.90182259505e-09
99.05,7.79883043905e-08,6.23563304894e-05,8.82207409625e-09
99.1,7.72510103841e-08,6.23196206005e-05,8.74303128695e-09
99.15,7.65206674784e-08,6.22829590758e-05,8.66468801926e-09
99.2,7.57972103406e-08,6.22463456406e-05,8.58703819777e-09
99.25,7.50805742499e-08,6.22097800222e-05,8.5100757791e-09
99.3,7.43706950916e-08,6.21732619498e-05,8.43381664735e-09
99.35,7.36675093516e-08,6.2136791154e-05,8.35825089112e-09
99.4,7.29709541108e-08,6.21003673674e-05,8.28338012756e-09
99.45,7.22809670397e-08,6.20640770773e-05,8.20918853415e-09
99.5,7.15974863923e-08,6.20278455128e-05,8.13565327537e-09
99.55,7.09204510016e-08,6.19916604854e-05,8.06276863534e-09
99.6,7.02498002732e-08,6.19555217319e-05,7.99052894695e-09
99.65,6.95854741807e-08,6.19194289908e-05,7.91892859145e-09
99.7,6.89274132601e-08,6.18833820024e-05,7.84796199806e-09
99.75,6.82755586044e-08,6.18473805088e-05,7.77762364354e-09
99.8,6.76298518589e-08,6.18114242537e-05,7.70792804487e-09
99.85,6.69905700029e-08,6.17756186457e-05,7.63886614372e-09
99.9,6.63573143202e-08,6.17398581147e-05,7.57043941785e-09
99.95,6.57300281806e-08,6.17041424062e-05,6.12633803678e-09
100.0,6.51086554842e-08,6.16684811916e-05,5.91838293429e-09
