"time","AMPA","NMDA","GABAa"
0.0,0.0,0.0,0.0
0.05,0.0,0.0,0.0
0.1,0.0,0.0,0.0
0.15,0.0,0.0,0.0
0.2,0.0,0.0,0.0
0.25,0.0,0.0,0.0
0.3,0.0,0.0,0.0
0.35,0.0,0.0,0.0
0.4,0.0,0.0,0.0
0.45,0.0,0.0,0.0
0.5,0.0,0.0,0.0
0.55,0.0,0.0,0.0
0.6,0.0,0.0,0.0
0.65,0.0,0.0,0.0
0.7,0.0,0.0,0.0
0.75,0.0,0.0,0.0
0.8,0.0,0.0,0.0
0.85,0.0,0.0,0.0
0.9,0.0,0.0,0.0
0.95,0.0,0.0,0.0
1.0,0.0,0.0,0.0
1.05,0.0,0.0,0.0
1.1,0.0,0.0,0.0
1.15,0.0,0.0,0.0
1.2,0.0,0.0,0.0
1.25,0.0,0.0,0.0
1.3,0.0,0.0,0.0
1.35,0.0,0.0,0.0
1.4,0.0,0.0,0.0
1.45,0.0,0.0,0.0
1.5,0.0,0.0,0.0
1.55,0.0,0.0,0.0
1.6,0.0,0.0,0.0
1.65,0.0,0.0,0.0
1.7,0.0,0.0,0.0
1.75,0.0,0.0,0.0
1.8,0.0,0.0,0.0
1.85,0.0,0.0,0.0
1.9,0.0,0.0,0.0
1.95,0.0,0.0,0.0
2.0,0.0,0.0,0.0
2.05,0.0,0.0,0.0
2.1,0.0,0.0,0.0
2.15,0.0,0.0,0.0
2.2,0.0,0.0,0.0
2.25,0.0,0.0,0.0
2.3,0.0,0.0,0.0
2.35,0.0,0.0,0.0
2.4,0.0,0.0,0.0
2.45,0.0,0.0,0.0
2.5,0.0,0.0,0.0
2.55,0.0,0.0,0.0
2.6,0.0,0.0,0.0
2.65,0.0,0.0,0.0
2.7,0.0,0.0,0.0
2.75,0.0,0.0,0.0
2.8,0.0,0.0,0.0
2.85,0.0,0.0,0.0
2.9,0.0,0.0,0.0
2.95,0.0,0.0,0.0
3.0,0.0,0.0,0.0
3.05,0.0,0.0,0.0
3.1,0.0,0.0,0.0
3.15,0.0,0.0,0.0
3.2,0.0,0.0,0.0
3.25,0.0,0.0,0.0
3.3,0.0,0.0,0.0
3.35,0.0,0.0,0.0
3.4,0.0,0.0,0.0
3.45,0.0,0.0,0.0
3.5,0.0,0.0,0.0
3.55,0.0,0.0,0.0
3.6,0.0,0.0,0.0
3.65,0.0,0.0,0.0
3.7,0.0,0.0,0.0
3.75,0.0,0.0,0.0
3.8,0.0,0.0,0.0
3.85,0.0,0.0,0.0
3.9,0.0,0.0,0.0
3.95,0.0,0.0,0.0
4.0,0.0,0.0,0.0
4.05,0.0,0.0,0.0
4.1,0.0,0.0,0.0
4.15,0.0,0.0,0.0
4.2,0.0,0.0,0.0
4.25,0.0,0.0,0.0
4.3,0.0,0.0,0.0
4.35,0.0,0.0,0.0
4.4,0.0,0.0,0.0
4.45,0.0,0.0,0.0
4.5,0.0,0.0,0.0
4.55,0.0,0.0,0.0
4.6,0.0,0.0,0.0
4.65,0.0,0.0,0.0
4.7,0.0,0.0,0.0
4.75,0.0,0.0,0.0
4.8,0.0,0.0,0.0
4.85,0.0,0.0,0.0
4.9,0.0,0.0,0.0
4.95,0.0,0.0,0.0
5.0,0.0,0.0,0.0
5.05,0.0,0.0,0.0
5.1,0.0,0.0,0.0
5.15,0.0,0.0,0.0
5.2,0.0,0.0,0.0
5.25,0.0,0.0,0.0
5.3,0.0,0.0,0.0
5.35,0.0,0.0,0.0
5.4,0.0,0.0,0.0
5.45,0.0,0.0,0.0
5.5,0.0,0.0,0.0
5.55,0.0,0.0,0.0
5.6,0.0,0.0,0.0
5.65,0.0,0.0,0.0
5.7,0.0,0.0,0.0
5.75,0.0,0.0,0.0
5.8,0.0,0.0,0.0
5.85,0.0,0.0,0.0
5.9,0.0,0.0,0.0
5.95,0.0,0.0,0.0
6.0,0.0,0.0,0.0
6.05,0.0,0.0,0.0
6.1,0.0,0.0,0.0
6.15,0.0,0.0,0.0
6.2,0.0,0.0,0.0
6.25,0.0,0.0,0.0
6.3,0.0,0.0,0.0
6.35,0.0,0.0,0.0
6.4,0.0,0.0,0.0
6.45,0.0,0.0,0.0
6.5,0.0,0.0,0.0
6.55,0.0,0.0,0.0
6.6,0.0,0.0,0.0
6.65,0.0,0.0,0.0
6.7,0.0,0.0,0.0
6.75,0.0,0.0,0.0
6.8,0.0,0.0,0.0
6.85,0.0,0.0,0.0
6.9,0.0,0.0,0.0
6.95,0.0,0.0,0.0
7.0,0.0,0.0,0.0
7.05,0.0,0.0,0.0
7.1,0.0,0.0,0.0
7.15,0.0,0.0,0.0
7.2,0.0,0.0,0.0
7.25,0.0,0.0,0.0
7.3,0.0,0.0,0.0
7.35,0.0,0.0,0.0
7.4,0.0,0.0,0.0
7.45,0.0,0.0,0.0
7.5,0.0,0.0,0.0
7.55,0.0,0.0,0.0
7.6,0.0,0.0,0.0
7.65,0.0,0.0,0.0
7.7,0.0,0.0,0.0
7.75,0.0,0.0,0.0
7.8,0.0,0.0,0.0
7.85,0.0,0.0,0.0
7.9,0.0,0.0,0.0
7.95,0.0,0.0,0.0
8.0,0.0,0.0,0.0
8.05,0.0,0.0,0.0
8.1,0.0,0.0,0.0
8.15,0.0,0.0,0.0
8.2,0.0,0.0,0.0
8.25,0.0,0.0,0.0
8.3,0.0,0.0,0.0
8.35,0.0,0.0,0.0
8.4,0.0,0.0,0.0
8.45,0.0,0.0,0.0
8.5,0.0,0.0,0.0
8.55,0.0,0.0,0.0
8.6,0.0,0.0,0.0
8.65,0.0,0.0,0.0
8.7,0.0,0.0,0.0
8.75,0.0,0.0,0.0
8.8,0.0,0.0,0.0
8.85,0.0,0.0,0.0
8.9,0.0,0.0,0.0
8.95,0.0,0.0,0.0
9.0,0.0,0.0,0.0
9.05,0.0,0.0,0.0
9.1,0.0,0.0,0.0
9.15,0.0,0.0,0.0
9.2,0.0,0.0,0.0
9.25,0.0,0.0,0.0
9.3,0.0,0.0,0.0
9.35,0.0,0.0,0.0
9.4,0.0,0.0,0.0
9.45,0.0,0.0,0.0
9.5,0.0,0.0,0.0
9.55,0.0,0.0,0.0
9.6,0.0,0.0,0.0
9.65,0.0,0.0,0.0
9.7,0.0,0.0,0.0
9.75,0.0,0.0,0.0
9.8,0.0,0.0,0.0
9.85,0.0,0.0,0.0
9.9,0.0,0.0,0.0
9.95,0.0,0.0,0.0
10.0,0.0,0.0,0.0
10.05,0.0,0.0,0.0
10.1,0.0,0.0,0.0
10.15,0.0,0.0,0.0
10.2,0.0,0.0,0.0
10.25,0.0,0.0,0.0
10.3,0.0,0.0,0.0
10.35,0.0,0.0,0.0
10.4,0.0,0.0,0.0
10.45,0.0,0.0,0.0
10.5,0.0,0.0,0.0
10.55,0.0,0.0,0.0
10.6,0.0,0.0,0.0
10.65,0.0,0.0,0.0
10.7,0.0,0.0,0.0
10.75,0.0,0.0,0.0
10.8,0.0,0.0,0.0
10.85,0.0,0.0,0.0
10.9,0.0,0.0,0.0
10.95,0.0,0.0,0.0
11.0,0.0,0.0,0.0
11.05,0.0,0.0,0.0
11.1,0.0,0.0,0.0
11.15,0.0,0.0,0.0
11.2,0.0,0.0,0.0
11.25,0.0,0.0,0.0
11.3,0.0,0.0,0.0
11.35,0.0,0.0,0.0
11.4,0.0,0.0,0.0
11.45,0.0,0.0,0.0
11.5,0.0,0.0,0.0
11.55,0.0,0.0,0.0
11.6,0.0,0.0,0.0
11.65,0.0,0.0,0.0
11.7,0.0,0.0,0.0
11.75,0.0,0.0,0.0
11.8,0.0,0.0,0.0
11.85,0.0,0.0,0.0
11.9,0.0,0.0,0.0
11.95,0.0,0.0,0.0
12.0,0.0,0.0,0.0
12.05,0.0,0.0,0.0
12.1,0.0,0.0,0.0
12.15,0.0,0.0,0.0
12.2,0.0,0.0,0.0
12.25,0.0,0.0,0.0
12.3,0.0,0.0,0.0
12.35,0.0,0.0,0.0
12.4,0.0,0.0,0.0
12.45,0.0,0.0,0.0
12.5,0.0,0.0,0.0
12.55,0.0,0.0,0.0
12.6,0.0,0.0,0.0
12.65,0.0,0.0,0.0
12.7,0.0,0.0,0.0
12.75,0.0,0.0,0.0
12.8,0.0,0.0,0.0
12.85,0.0,0.0,0.0
12.9,0.0,0.0,0.0
12.95,0.0,0.0,0.0
13.0,0.0,0.0,0.0
13.05,0.0,0.0,0.0
13.1,0.0,0.0,0.0
13.15,0.0,0.0,0.0
13.2,0.0,0.0,0.0
13.25,0.0,0.0,0.0
13.3,0.0,0.0,0.0
13.35,0.0,0.0,0.0
13.4,0.0,0.0,0.0
13.45,0.0,0.0,0.0
13.5,0.0,0.0,0.0
13.55,0.0,0.0,0.0
13.6,0.0,0.0,0.0
13.65,0.0,0.0,0.0
13.7,0.0,0.0,0.0
13.75,0.0,0.0,0.0
13.8,0.0,0.0,0.0
13.85,0.0,0.0,0.0
13.9,0.0,0.0,0.0
13.95,0.0,0.0,0.0
14.0,0.0,0.0,0.0
14.05,0.0,0.0,0.0
14.1,0.0,0.0,0.0
14.15,0.0,0.0,0.0
14.2,0.0,0.0,0.0
14.25,0.0,0.0,0.0
14.3,0.0,0.0,0.0
14.35,0.0,0.0,0.0
14.4,0.0,0.0,0.0
14.45,0.0,0.0,0.0
14.5,0.0,0.0,0.0
14.55,0.0,0.0,0.0
14.6,0.0,0.0,0.0
14.65,0.0,0.0,0.0
14.7,0.0,0.0,0.0
14.75,0.0,0.0,0.0
14.8,0.0,0.0,0.0
14.85,0.0,0.0,0.0
14.9,0.0,0.0,0.0
14.95,0.0,0.0,0.0
15.0,0.0,0.0,0.0
15.05,0.0,0.0,0.0
15.1,0.0,0.0,0.0
15.15,0.0,0.0,0.0
15.2,0.0,0.0,0.0
15.25,0.0,0.0,0.0
15.3,0.0,0.0,0.0
15.35,0.0,0.0,0.0
15.4,0.0,0.0,0.0
15.45,0.0,0.0,0.0
15.5,0.0,0.0,0.0
15.55,0.0,0.0,0.0
15.6,0.0,0.0,0.0
15.65,0.0,0.0,0.0
15.7,0.0,0.0,0.0
15.75,0.0,0.0,0.0
15.8,0.0,0.0,0.0
15.85,0.0,0.0,0.0
15.9,0.0,0.0,0.0
15.95,0.0,0.0,0.0
16.0,0.0,0.0,0.0
16.05,0.0,0.0,0.0
16.1,0.0,0.0,0.0
16.15,0.0,0.0,0.0
16.2,0.0,0.0,0.0
16.25,0.0,0.0,0.0
16.3,0.0,0.0,0.0
16.35,0.0,0.0,0.0
16.4,0.0,0.0,0.0
16.45,0.0,0.0,0.0
16.5,0.0,0.0,0.0
16.55,0.0,0.0,0.0
16.6,0.0,0.0,0.0
16.65,0.0,0.0,0.0
16.7,0.0,0.0,0.0
16.75,0.0,0.0,0.0
16.8,0.0,0.0,0.0
16.85,0.0,0.0,0.0
16.9,0.0,0.0,0.0
16.95,0.0,0.0,0.0
17.0,0.0,0.0,0.0
17.05,0.0,0.0,0.0
17.1,0.0,0.0,0.0
17.15,0.0,0.0,0.0
17.2,0.0,0.0,0.0
17.25,0.0,0.0,0.0
17.3,0.0,0.0,0.0
17.35,0.0,0.0,0.0
17.4,0.0,0.0,0.0
17.45,0.0,0.0,0.0
17.5,0.0,0.0,0.0
17.55,0.0,0.0,0.0
17.6,0.0,0.0,0.0
17.65,0.0,0.0,0.0
17.7,0.0,0.0,0.0
17.75,0.0,0.0,0.0
17.8,0.0,0.0,0.0
17.85,0.0,0.0,0.0
17.9,0.0,0.0,0.0
17.95,0.0,0.0,0.0
18.0,0.0,0.0,0.0
18.05,0.0,0.0,0.0
18.1,0.0,0.0,0.0
18.15,0.0,0.0,0.0
18.2,0.0,0.0,0.0
18.25,0.0,0.0,0.0
18.3,0.0,0.0,0.0
18.35,0.0,0.0,0.0
18.4,0.0,0.0,0.0
18.45,0.0,0.0,0.0
18.5,0.0,0.0,0.0
18.55,0.0,0.0,0.0
18.6,0.0,0.0,0.0
18.65,0.0,0.0,0.0
18.7,0.0,0.0,0.0
18.75,0.0,0.0,0.0
18.8,0.0,0.0,0.0
18.85,0.0,0.0,0.0
18.9,0.0,0.0,0.0
18.95,0.0,0.0,0.0
19.0,0.0,0.0,0.0
19.05,0.0,0.0,0.0
19.1,0.0,0.0,0.0
19.15,0.0,0.0,0.0
19.2,0.0,0.0,0.0
19.25,0.0,0.0,0.0
19.3,0.0,0.0,0.0
19.35,0.0,0.0,0.0
19.4,0.0,0.0,0.0
19.45,0.0,0.0,0.0
19.5,0.0,0.0,0.0
19.55,0.0,0.0,0.0
19.6,0.0,0.0,0.0
19.65,0.0,0.0,0.0
19.7,0.0,0.0,0.0
19.75,0.0,0.0,0.0
19.8,0.0,0.0,0.0
19.85,0.0,0.0,0.0
19.9,0.0,0.0,0.0
19.95,0.0,0.0,0.0
20.0,0.0,0.0,0.0
20.05,0.0,0.0,0.0
20.1,0.0,0.0,0.0
20.15,0.0,0.0,0.0
20.2,0.0,0.0,0.0
20.25,0.0,0.0,0.0
20.3,0.0,0.0,0.0
20.35,0.0,0.0,0.0
20.4,0.0,0.0,0.0
20.45,0.0,0.0,0.0
20.5,0.0,0.0,0.0
20.55,0.0,0.0,0.0
20.6,0.0,0.0,0.0
20.65,0.0,0.0,0.0
20.7,0.0,0.0,0.0
20.75,0.0,0.0,0.0
20.8,0.0,0.0,0.0
20.85,0.0,0.0,0.0
20.9,0.0,0.0,0.0
20.95,0.0,0.0,0.0
21.0,0.0,0.0,0.0
21.05,0.0,0.0,0.0
21.1,0.0,0.0,0.0
21.15,0.0,0.0,0.0
21.2,0.0,0.0,0.0
21.25,0.0,0.0,0.0
21.3,0.0,0.0,0.0
21.35,0.0,0.0,0.0
21.4,0.0,0.0,0.0
21.45,0.0,0.0,0.0
21.5,0.0,0.0,0.0
21.55,0.0,0.0,0.0
21.6,0.0,0.0,0.0
21.65,0.0,0.0,0.0
21.7,0.0,0.0,0.0
21.75,0.0,0.0,0.0
21.8,0.0,0.0,0.0
21.85,0.0,0.0,0.0
21.9,0.0,0.0,0.0
21.95,0.0,0.0,0.0
22.0,0.0,0.0,0.0
22.05,0.0,0.0,0.0
22.1,0.0,0.0,0.0
22.15,0.0,0.0,0.0
22.2,0.0,0.0,0.0
22.25,0.0,0.0,0.0
22.3,0.0,0.0,0.0
22.35,0.0,0.0,0.0
22.4,0.0,0.0,0.0
22.45,0.0,0.0,0.0
22.5,0.0,0.0,0.0
22.55,0.0,0.0,0.0
22.6,0.0,0.0,0.0
22.65,0.0,0.0,0.0
22.7,0.0,0.0,0.0
22.75,0.0,0.0,0.0
22.8,0.0,0.0,0.0
22.85,0.0,0.0,0.0
22.9,0.0,0.0,0.0
22.95,0.0,0.0,0.0
23.0,0.0,0.0,0.0
23.05,0.0,0.0,0.0
23.1,0.0,0.0,0.0
23.15,0.0,0.0,0.0
23.2,0.0,0.0,0.0
23.25,0.0,0.0,0.0
23.3,0.0,0.0,0.0
23.35,0.0,0.0,0.0
23.4,0.0,0.0,0.0
23.45,0.0,0.0,0.0
23.5,0.0,0.0,0.0
23.55,0.0,0.0,0.0
23.6,0.0,0.0,0.0
23.65,0.0,0.0,0.0
23.7,0.0,0.0,0.0
23.75,0.0,0.0,0.0
23.8,0.0,0.0,0.0
23.85,0.0,0.0,0.0
23.9,0.0,0.0,0.0
23.95,0.0,0.0,0.0
24.0,0.0,0.0,0.0
24.05,0.0,0.0,0.0
24.1,0.0,0.0,0.0
24.15,0.0,0.0,0.0
24.2,0.0,0.0,0.0
24.25,0.0,0.0,0.0
24.3,0.0,0.0,0.0
24.35,0.0,0.0,0.0
24.4,0.0,0.0,0.0
24.45,0.0,0.0,0.0
24.5,0.0,0.0,0.0
24.55,0.0,0.0,0.0
24.6,0.0,0.0,0.0
24.65,0.0,0.0,0.0
24.7,0.0,0.0,0.0
24.75,0.0,0.0,0.0
24.8,0.0,0.0,0.0
24.85,0.0,0.0,0.0
24.9,0.0,0.0,0.0
24.95,0.0,0.0,0.0
25.0,0.0,0.0,0.0
25.05,0.0,0.0,0.0
25.1,0.0,0.0,0.0
25.15,0.0,0.0,0.0
25.2,0.0,0.0,0.0
25.25,0.0,0.0,0.0
25.3,0.0,0.0,0.0
25.35,0.0,0.0,0.0
25.4,0.0,0.0,0.0
25.45,0.0,0.0,0.0
25.5,0.0,0.0,0.0
25.55,0.0,0.0,0.0
25.6,0.0,0.0,0.0
25.65,0.0,0.0,0.0
25.7,0.0,0.0,0.0
25.75,0.0,0.0,0.0
25.8,0.0,0.0,0.0
25.85,0.0,0.0,0.0
25.9,0.0,0.0,0.0
25.95,0.0,0.0,0.0
26.0,0.0,0.0,0.0
26.05,0.0,0.0,0.0
26.1,0.0,0.0,0.0
26.15,0.0,0.0,0.0
26.2,0.0,0.0,0.0
26.25,0.0,0.0,0.0
26.3,0.0,0.0,0.0
26.35,0.0,0.0,0.0
26.4,0.0,0.0,0.0
26.45,0.0,0.0,0.0
26.5,0.0,0.0,0.0
26.55,0.0,0.0,0.0
26.6,0.0,0.0,0.0
26.65,0.0,0.0,0.0
26.7,0.0,0.0,0.0
26.75,0.0,0.0,0.0
26.8,0.0,0.0,0.0
26.85,0.0,0.0,8.57025836432e-17
26.9,0.0,0.0,0.000115812692593
26.95,0.0,0.0,0.000205049689174
27.0,0.0,0.0,0.000273640129032
27.05,0.0,0.0,0.000441612631103
27.1,0.0,0.0,0.000570060289959
27.15,0.0,0.0,0.000667782084208
27.2,0.0,0.0,0.000741703635795
27.25,0.0,0.0,0.000910923315467
27.3,0.0,0.0,0.00103831808309
27.35,0.0,0.0,0.00113332823808
27.4,0.0,0.0,0.00120336092347
27.45,0.0,0.0,0.00125419177033
27.5,0.0,0.0,0.00129030175603
27.55,0.0,0.0,0.00131515475613
27.6,0.0,0.0,0.00133142178187
27.65,0.0,0.0,0.00134115719291
27.7,0.0,0.0,0.00134593868529
27.75,0.0,0.0,0.00155805667662
27.8,0.0,0.0,0.00181823646087
27.85,0.0,0.0,0.00200683192346
27.9,0.0,0.0,0.00213696090708
27.95,0.0,0.0,0.00222552476782
28.0,0.0,0.0,0.00228175838728
28.05,0.0,0.0,0.00231049183445
28.1,0.0,0.0,0.00241797123911
28.15,0.0,0.0,0.00248608531471
28.2,0.0,0.0,0.00252384339878
28.25,0.0,0.0,0.00253601717696
28.3,0.0,0.0,0.00253208885369
28.35,0.0,0.0,0.00251639127257
28.4,0.0,0.0,0.00249221563413
28.45,0.0,0.0,0.00246204387745
28.5,0.0,0.0,0.00242774841863
28.55,0.0,0.0,0.00239073774661
28.6,0.0,0.0,0.00235205841602
28.65,0.0,0.0,0.00231249187959
28.7,0.0,0.0,0.00227146647077
28.75,0.0,0.0,0.00222426689566
28.8,0.0,0.0,0.0021752676922
28.85,0.0,0.0,0.00212771772744
28.9,0.0,0.0,0.0020816674043
28.95,0.0,0.0,0.00203713223253
29.0,0.0,0.0,0.00206611839691
29.05,0.0,0.0,0.00207644956818
29.1,0.0,0.0,0.00207079875241
29.15,0.0,0.0,0.00205563458925
29.2,0.0,0.0,0.00203367221661
29.25,0.0,0.0,0.00200696952706
29.3,0.0,0.0,0.00197706232824
29.35,0.0,0.0,0.00201022190858
29.4,0.0,0.0,0.0020243481074
29.45,0.0,0.0,0.00202439802407
29.5,0.0,0.0,0.00201416165247
29.55,0.0,0.0,0.00199652248906
29.6,0.0,0.0,0.00197366075698
29.65,0.0,0.0,0.00194721604851
29.7,0.0,0.0,0.00191841974693
29.75,0.0,0.0,0.001888196699
29.8,0.0,0.0,0.00185722394995
29.85,0.0,0.0,0.00182600103784
29.9,0.0,0.0,0.00179489604455
29.95,0.0,0.0,0.00176376855375
30.0,0.0,0.0,0.00173119220934
30.05,0.0,0.0,0.00169950993758
30.1,0.0,0.0,0.00166877985788
30.15,0.0,0.0,0.00163903107831
30.2,0.0,0.0,0.0016102750979
30.25,0.0,0.0,0.00158251407781
30.3,0.0,0.0,0.00155535809121
30.35,0.0,0.0,0.00152728123572
30.4,0.0,0.0,0.00150030507145
30.45,0.0,0.0,0.00147437475392
30.5,0.0,0.0,0.00144944166589
30.55,0.0,0.0,0.00142545719146
30.6,0.0,0.0,0.00140237611496
30.65,0.0,0.0,0.00138015372134
30.7,0.0,0.0,0.00135874922081
30.75,0.0,0.0,0.00133812811278
30.8,0.0,0.0,0.00131825073496
30.85,0.0,0.0,0.00129908264847
30.9,0.0,0.0,0.00128059006296
30.95,0.0,0.0,0.00126274040771
31.0,0.0,0.0,0.00124550561094
31.05,0.0,0.0,0.00122885683723
31.1,0.0,0.0,0.00121276743391
31.15,0.0,0.0,0.001197210475
31.2,0.0,0.0,0.0011821617568
31.25,0.0,0.0,0.00116760192607
31.3,0.0,0.0,0.00115350655603
31.35,0.0,0.0,0.00113985519578
31.4,0.0,0.0,0.00112662742536
31.45,0.0,0.0,0.001113803377
31.5,0.0,0.0,0.00110136666002
31.55,0.0,0.0,0.00108929976095
31.6,0.0,0.0,0.00107758666046
31.65,0.0,0.0,0.00106621068092
31.7,0.0,0.0,0.00105515716586
31.75,0.0,0.0,0.0010444154233
31.8,0.0,0.0,0.00103396989082
31.85,0.0,0.0,0.00102380821687
31.9,0.0,0.0,0.00101391776075
31.95,0.0,0.0,0.00100428607071
32.0,0.0,0.0,0.000994903539631
32.05,0.0,0.0,0.000985759283144
32.1,0.0,0.0,0.000976843508267
32.15,0.0,0.0,0.000968145579569
32.2,0.0,0.0,0.000959656457307
32.25,0.0,0.0,0.000951370491937
32.3,0.0,0.0,0.000943277402857
32.35,0.0,0.0,0.000935369627755
32.4,0.0,0.0,0.000927639152264
32.45,0.0,0.0,0.000920077951486
32.5,0.0,0.0,0.000912680433502
32.55,0.0,0.0,0.000905439679206
32.6,0.0,0.0,0.000898349616482
32.65,0.0,0.0,0.000891403252115
32.7,0.0,0.0,0.000884594918551
32.75,0.0,0.0,0.000877921944964
32.8,0.0,0.0,0.000871377272434
32.85,0.0,0.0,0.000864956225823
32.9,0.0,0.0,0.000858653599662
32.95,0.0,0.0,0.000852464068545
33.0,0.0,0.0,0.000846384457053
33.05,0.0,0.0,0.000840410266286
33.1,0.0,0.0,0.000834537689895
33.15,0.0,0.0,0.000828761977865
33.2,0.0,0.0,0.000823079525767
33.25,0.0,0.0,0.000817489440312
33.3,0.0,0.0,0.000811986674198
33.35,0.0,0.0,0.000806568323693
33.4,0.0,0.0,0.000801230922715
33.45,0.0,0.0,0.000795970826327
33.5,0.0,0.0,0.000790786333659
33.55,0.0,0.0,0.000785674451488
33.6,0.0,0.0,0.000780632777024
33.65,0.0,0.0,0.000775657971272
33.7,0.0,0.0,0.000770747714146
33.75,0.0,0.0,0.000765902177315
33.8,0.0,0.0,0.0007611175999
33.85,0.0,0.0,0.000756392182204
33.9,0.0,0.0,0.000751723555733
33.95,0.0,0.0,0.000747109143029
34.0,0.0,0.0,0.000742548152231
34.05,0.0,0.0,0.000738038543991
34.1,0.0,0.0,0.000733578798431
34.15,0.0,0.0,0.000729166482995
34.2,0.0,0.0,0.000724800089877
34.25,0.0,0.0,0.000720480425463
34.3,0.0,0.0,0.000716204572275
34.35,0.0,0.0,0.000711971428098
34.4,0.0,0.0,0.000707779329705
34.45,0.0,0.0,0.000703626391484
34.5,0.0,0.0,0.000699512385018
34.55,0.0,0.0,0.00069543588579
34.6,0.0,0.0,0.000691395936792
34.65,0.0,0.0,0.000687390700325
34.7,0.0,0.0,0.000683419189626
34.75,0.0,0.0,0.000679482581817
34.8,-1.58789193643e-14,-3.0762336348e-15,0.000675578527141
34.85,-0.00587080027605,-7.13207360484e-05,0.0006717063689
34.9,-0.0113563741703,-0.000143503689516,0.000679076790215
34.95,-0.0164559172246,-0.000217230392448,0.000696428259359
35.0,-0.0211775251078,-0.000293346964324,0.000722567426841
35.05,-0.0255292262747,-0.000373073414887,0.000756379325024
35.1,-0.0295230540873,-0.000456514115728,0.000796824850429
35.15,-0.0331728778507,-0.000544975767185,0.000842940123309
35.2,-0.0364928010036,-0.000638941237719,0.000893839491969
35.25,-0.0395001834458,-0.000738794718433,0.000948712747022
35.3,-0.0422098261666,-0.000845624488742,0.00100681818941
35.35,-0.044640604925,-0.000959298710142,0.00106748233249
35.4,-0.0468077055965,-0.00108085475457,0.00113009886077
35.45,-0.048729475507,-0.00121065203801,0.00119411831936
35.5,-0.0504214522382,-0.00134868369732,0.00125905585243
35.55,-0.0519002908906,-0.00149602520601,0.0013244750201
35.6,-0.0531813577308,-0.00165226924912,0.0013899907549
35.65,-0.0542794217487,-0.00181812447539,0.00145526357463
35.7,-0.0552091277798,-0.0019939070059,0.00151999711649
35.75,-0.0559833387105,-0.00217911149639,0.00158393974865
35.8,-0.0551826736061,-0.00226017532399,0.00164686546954
35.85,-0.05389240762,-0.00233991913266,0.00170618081777
35.9,-0.0526531110282,-0.00241803599733,0.00176126211659
35.95,-0.051462223522,-0.00249439333507,0.00181234247482
36.0,-0.0503173509131,-0.00256902769807,0.00185964353353
36.05,-0.0492161949421,-0.00264174922999,0.00190337510159
36.1,-0.0481566264392,-0.002712540086,0.00194373221226
36.15,-0.047136616444,-0.00278138371029,0.00198089803219
36.2,-0.0461542487126,-0.00284825677013,0.0020150473993
36.25,-0.0452077131937,-0.00291312966993,0.00204635169269
36.3,-0.0442953002377,-0.00297596703877,0.00207496259055
36.35,-0.0434153938766,-0.00303677046565,0.00210102784747
36.4,-0.0425664800699,-0.00309561435011,0.00212468389361
36.45,-0.0417470971841,-0.00315243416932,0.00214606147691
36.5,-0.0409558902654,-0.00320725360779,0.00216528615052
36.55,-0.0401915508078,-0.00326019279701,0.00218247555571
36.6,-0.0394528631807,-0.00331119776523,0.00219773988308
36.65,-0.0387386643767,-0.00336031347874,0.00221118152998
36.7,-0.0380478519543,-0.00340757969522,0.00222289975596
36.75,-0.0373793807948,-0.0034530313712,0.0022329954833
36.8,-0.03673226036,-0.00349673813717,0.00224155307692
36.85,-0.0361057399338,-0.00353875967528,0.00224865665715
36.9,-0.0354987279474,-0.00357907456964,0.00225438607089
36.95,-0.0349103785391,-0.00361776233751,0.00225881471515
37.0,-0.034339895807,-0.00365490607857,0.00226201642685
37.05,-0.0337865073311,-0.00369048448499,0.00226405900994
37.1,-0.0332494953268,-0.00372460460155,0.00226500646353
37.15,-0.0327281622203,-0.00375729931245,0.00226491795154
37.2,-0.0322218586392,-0.00378856825696,0.00226385069274
37.25,-0.031729960519,-0.00381851724008,0.00226186666582
37.3,-0.0312518680561,-0.0038471994506,0.00225901390973
37.35,-0.0307870219357,-0.00387462597363,0.00225534207322
37.4,-0.0303348841555,-0.00390084417663,0.00225089691934
37.45,-0.0298949423394,-0.00392589862829,0.00224572092775
37.5,-0.0294667083484,-0.00394983420958,0.00223985943129
37.55,-0.0290497172966,-0.00397269247913,0.00223335168494
37.6,-0.0286435261261,-0.00399451195452,0.00222623625975
37.65,-0.0282477125762,-0.00401532832019,0.00221854682604
37.7,-0.0278618739566,-0.00403517466483,0.00221031781327
37.75,-0.0274856263116,-0.00405408164563,0.00220158880408
37.8,-0.027118603873,-0.00407212902546,0.00219238624149
37.85,-0.0302532753841,-0.00431464403175,0.00218274007737
37.9,-0.0331029552095,-0.00456664553857,0.00217673288782
37.95,-0.0356750135401,-0.00482732728931,0.00217390580279
38.0,-0.037981595747,-0.00509666145437,0.00217383478309
38.05,-0.0400342211225,-0.00537568649962,0.00217612703426
38.1,-0.0418462009813,-0.00566220032137,0.0021804234536
38.15,-0.0434313864154,-0.00595780324115,0.0021863919027
38.2,-0.044803172883,-0.00626144936011,0.00219373590204
38.25,-0.0459763201494,-0.00657196409162,0.00220219451517
38.3,-0.0469635624802,-0.0068902114984,0.00221152447588
38.35,-0.0477794418325,-0.00721372739591,0.00222151623932
38.4,-0.0484358236289,-0.00754319436022,0.00223198628314
38.45,-0.0489458830197,-0.00787779276531,0.00224277472467
38.5,-0.0493205363235,-0.00821551542491,0.00225375732123
38.55,-0.0495707769752,-0.00855751017524,0.00226483033949
38.6,-0.0497061460736,-0.00890116811625,0.0022759212614
38.65,-0.049735014788,-0.00924686458356,0.00228698709831
38.7,-0.0496647203402,-0.00959414458106,0.00229802230517
38.75,-0.0495003916498,-0.00994089949949,0.00230906985359
38.8,-0.0484426094111,-0.0100317915921,0.00232020655074
38.85,-0.0471147212843,-0.0101143357518,0.0023306266048
38.9,-0.0458150001905,-0.0101901974024,0.00234040787335
38.95,-0.0445315577169,-0.0102601490001,0.00234997069767
39.0,-0.0432502185353,-0.0103248469208,0.00235982375962
39.05,-0.0419534136018,-0.0103847171507,0.00237059467853
39.1,-0.0406182318583,-0.0104397577665,0.00238310585831
39.15,-0.0392132260136,-0.0104891615072,0.00239848528828
39.2,-0.0376926600996,-0.0105306005594,0.00241838025965
39.25,-0.0359851996838,-0.010558301914,0.0024453708843
39.3,-0.0339709340691,-0.0105580245941,0.00248378027846
39.35,-0.0314294385394,-0.0104923027995,0.00254156955157
39.4,-0.0279095158277,-0.0102492187498,0.00263503710775
39.45,-0.022363950558,-0.00942813972401,0.00280202053646
39.5,-0.0120867875377,-0.00628503755167,0.00314032624048
39.55,0.00868577195346,0.00584171998289,0.00385840749165
39.6,0.036081897811,0.0276833847839,0.00481690527803
39.65,0.0511425200646,0.0405447656235,0.005330646421
39.7,0.0554717242154,0.0445765486424,0.00545698751235
39.75,0.0558437151435,0.0453210596973,0.00544054855033
39.8,0.0547759977497,0.0448450077626,0.00537226584996
39.85,0.0529092473908,0.0436661735736,0.00527526272981
39.9,0.0503629224314,0.0418679806757,0.00515383092506
39.95,0.0471377738493,0.0394322396699,0.0050079536757
40.0,0.0432314607063,0.0363375775105,0.00483751363231
40.05,0.038674666139,0.0325932926012,0.00464358310121
40.1,0.0335404642067,0.0282527458062,0.0044287791785
40.15,0.0279413208515,0.0234189045867,0.00419714988617
40.2,0.0220190973501,0.0182459390227,0.00395382573769
40.25,0.0159306938319,0.0129372129275,0.00370450619128
40.3,0.00983391856187,0.00773768302395,0.00345491413789
40.35,0.00388282494545,0.00291943365505,0.00321065696095
40.4,-0.00176485709475,-0.00124912613298,0.00297748435976
40.45,-0.0069874906527,-0.00458918019638,0.00275984140998
40.5,-0.011814409503,-0.00709969161609,0.00255668325766
40.55,-0.0164240349337,-0.00887901817737,0.00236151828064
40.6,-0.0210118981155,-0.00999210149383,0.00216721890143
40.65,-0.0256664394326,-0.0104512421666,0.00197055159282
40.7,-0.0302843666855,-0.0103050853403,0.00177528518769
40.75,-0.0345822755408,-0.00972977598787,0.0015917856178
40.8,-0.0382644312414,-0.00898159260738,0.00143088108145
40.85,-0.0411937995199,-0.00825882419492,0.00129762598408
40.9,-0.0433960345805,-0.00765007861072,0.00119111291078
40.95,-0.0449735495694,-0.00717080976278,0.0011076269935
41.0,-0.0460406413338,-0.00680798532422,0.00104301302703
41.05,-0.0466989665077,-0.00654122833342,0.000993568924419
41.1,-0.0470324204579,-0.00635165897753,0.000956237481924
41.15,-0.0471086957411,-0.00622338676657,0.000928548858089
41.2,-0.0469820996139,-0.00614385944614,0.000908520984013
41.25,-0.0466961446485,-0.00610319947993,0.000894567217414
41.3,-0.0462856775033,-0.00609351231924,0.0008854115922
41.35,-0.0457786780342,-0.00610877559035,0.000880030368282
41.4,-0.045197636734,-0.00614398592523,0.000877599007128
41.45,-0.0445606509892,-0.00619527275466,0.000877452716935
41.5,-0.04388231108,-0.00625937289532,0.0008790565563
41.55,-0.0431743854571,-0.00633379519319,0.000881976986822
41.6,-0.0424463439459,-0.00641622665954,0.000885864895117
41.65,-0.0417058365712,-0.00650494836732,0.000890436427093
41.7,-0.0409590210191,-0.00659847981206,0.000895463260662
41.75,-0.0402108429658,-0.00669555391398,0.000900764202426
41.8,-0.0394652616437,-0.00679509169302,0.000906189530027
41.85,-0.0387256248908,-0.00689618280654,0.00091162113544
41.9,-0.0379942256722,-0.006998066791,0.000916964329831
41.95,-0.0372730230997,-0.00710007957968,0.000922143661794
42.0,-0.0365635360485,-0.00720167222696,0.00092710192838
42.05,-0.0358669227539,-0.00730238718029,0.000931793587338
42.1,-0.0351840458411,-0.00740184262899,0.000936184527845
42.15,-0.0345155258513,-0.0074997210501,0.000940248307406
42.2,-0.0338617851196,-0.00759575944807,0.000943966865782
42.25,-0.0332230840498,-0.0076897409999,0.000947331096777
42.3,-0.0325995511527,-0.00778148792826,0.000950331906569
42.35,-0.031991207324,-0.00787085563286,0.000952966458736
42.4,-0.0313979863318,-0.00795772761476,0.000955234348306
42.45,-0.0308197515491,-0.00804201127367,0.00095713740869
42.5,-0.0302563097968,-0.00812364787696,0.000958681766075
42.55,-0.0297074389622,-0.00820275379804,0.000959872985138
42.6,-0.029172845538,-0.00827913419152,0.000960719887671
42.65,-0.0286522277741,-0.00835276110393,0.000961230349437
42.7,-0.0281452624718,-0.00842389780234,0.000961414179547
42.75,-0.0276516204936,-0.00849229041267,0.000961284450954
42.8,-0.0271709360385,-0.00855816906275,0.000960850665114
42.85,-0.0267029927606,-0.00862143311916,0.000960124067131
42.9,-0.0262472715103,-0.00868229999333,0.000959116280485
42.95,-0.0258034125736,-0.00874062816356,0.000957837789581
43.0,-0.0253710445088,-0.00879670390132,0.000956301727813
43.05,-0.0249497833735,-0.0088504568065,0.000954520062903
43.1,-0.0245392698015,-0.00890193618752,0.00095250445223
43.15,-0.0241391361997,-0.00895129775879,0.000950265624718
43.2,-0.0237490085836,-0.00899864952798,0.000947815683243
43.25,-0.0233685352744,-0.00904398772775,0.000945168888903
43.3,-0.0229973608016,-0.00908740415843,0.000942334771413
43.35,-0.0226351345777,-0.0091289898414,0.000939324987371
43.4,-0.0222815113808,-0.00916885196747,0.000936150220316
43.45,-0.0219361513809,-0.00920706255982,0.000932820612649
43.5,-0.0215987206713,-0.00924369692044,0.000929348238772
43.55,-0.0212688914142,-0.00927883583632,0.000925743348041
43.6,-0.0209463416814,-0.00931255803071,0.000922016557195
43.65,-0.0206307554221,-0.00934494025301,0.000918177063711
43.7,-0.0203218222535,-0.00937605741519,0.000914234950327
43.75,-0.0200192372887,-0.00940598270805,0.00091020297193
43.8,-0.0197227009577,-0.00943478770786,0.000906088976403
43.85,-0.0194320154526,-0.00946254261365,0.000901902863079
43.9,-0.0191467890738,-0.00948931667191,0.000897653662927
43.95,-0.0188667348396,-0.00951517779479,0.000893349909458
44.0,-0.0185915685086,-0.00954024737185,0.000889002094411
44.05,-0.0183210115514,-0.00956457472631,0.000884618959357
44.1,-0.0180547774824,-0.00958819074334,0.00088021010835
44.15,-0.0177925842092,-0.00961116015547,0.000875783834182
44.2,-0.0175341474835,-0.0096335478369,0.000871349559959
44.25,-0.017279179123,-0.00965543289798,0.000866919598433
44.3,-0.0170273886371,-0.00967694930687,0.000862501862521
44.35,-0.0167784683921,-0.00969807799317,0.000858107038303
44.4,-0.016532103743,-0.00971888580955,0.000853745371052
44.45,-0.0162879644156,-0.00973944115029,0.000849427393665
44.5,-0.0160456998936,-0.00975981423093,0.000845166372292
44.55,-0.0158049338418,-0.00978011267191,0.000840975100382
44.6,-0.0155652602636,-0.00980039789737,0.000836868041068
44.65,-0.0153262243568,-0.00982071151192,0.000832860434174
44.7,-0.0150873222442,-0.00984113063354,0.000828970396612
44.75,-0.0148479825557,-0.00986173394672,0.000825221239515
44.8,-0.0146075476709,-0.0098826006564,0.00082163531259
44.85,-0.0143653203684,-0.00990380862672,0.000818241258028
44.9,-0.0141203118997,-0.00992544710173,0.0008150726234
44.95,-0.0138714175486,-0.00994757960293,0.000812169962563
45.0,-0.0136172780022,-0.00997032625648,0.000809585477861
45.05,-0.0133561836767,-0.00999365288876,0.000807383430535
45.1,-0.013085956265,-0.0100175456718,0.000805646601928
45.15,-0.0128037330751,-0.0100419591391,0.000804483015491
45.2,-0.0125056808455,-0.010066646521,0.000804038942431
45.25,-0.0121864918162,-0.0100910159269,0.000804519851596
45.3,-0.0118385952711,-0.0101140273182,0.000806214049054
45.35,-0.0114507483047,-0.0101332466862,0.000809552928376
45.4,-0.0110054861696,-0.0101437973639,0.000815206349621
45.45,-0.0104740835384,-0.0101347699748,0.000824276653353
45.5,-0.0098059096325,-0.0100800429539,0.000838710026685
45.55,-0.00890366109198,-0.00990959280299,0.000862245301354
45.6,-0.00755962666631,-0.0094050730694,0.00090286620781
45.65,-0.0052797691696,-0.00775066094003,0.000979564483545
45.7,-0.000889195690293,-0.00164772947619,0.00113752464842
45.75,0.00664648809282,0.0150384875518,0.00141662600608
45.8,0.0133823708639,0.0324438763632,0.00166535890134
45.85,0.0162981002445,0.0403528034074,0.00176747721499
45.9,0.0170457895851,0.0427012670113,0.00178635141554
45.95,0.0169360916272,0.0428229996249,0.00177232685852
46.0,0.0164214517886,0.0418636596463,0.00174278789191
46.05,0.0156277953483,0.040130489678,0.00170256379275
46.1,0.0145872610056,0.0376872754082,0.00165287745147
46.15,0.013313158341,0.0345489653055,0.00159422548299
46.2,0.0118236990928,0.03074710178,0.00152729680498
46.25,0.0101486632731,0.0263532530142,0.00145323312971
46.3,0.00832933221745,0.0214878834486,0.00137361483595
46.35,0.00641518368549,0.0163230042742,0.00129034609584
46.4,0.00445913218203,0.0110800333248,0.00120546669266
46.45,0.00251314204747,0.0060205885164,0.00112098345025
46.5,0.000627968442507,0.00142844147144,0.0010388630647
46.55,-0.00114595709206,-0.00243571139027,0.000961061528851
46.6,-0.00278167543425,-0.00544087742488,0.00088862961937
46.65,-0.00430933105447,-0.00763268974708,0.000820404599194
46.7,-0.00579569338385,-0.00910543079927,0.000753801546178
46.75,-0.00729692359891,-0.00989740600036,0.000686644300879
46.8,-0.00882009617463,-0.0100243550889,0.000618654738298
46.85,-0.0103033367262,-0.00959474393929,0.000552237267157
46.9,-0.0116438229,-0.00885044455176,0.000491389108972
46.95,-0.012765761914,-0.00804454828296,0.000439065480777
47.0,-0.0136525851432,-0.00732282776678,0.000395923797624
47.05,-0.0143272436707,-0.00673045645061,0.000361083212544
47.1,-0.0148248486773,-0.00626268751158,0.000333187693493
47.15,-0.0151792166442,-0.00589997935569,0.000310928531188
47.2,-0.0154189995119,-0.00562163410413,0.00029319621416
47.25,-0.0155674576197,-0.00540971817962,0.000279090213099
47.3,-0.0156433449485,-0.00524985270115,0.000267882556568
47.35,-0.0156616299675,-0.00513080460835,0.000258992384196
47.4,-0.0156342968593,-0.0050440369091,0.000251954054494
47.45,-0.0155709288321,-0.00498285535755,0.000246394771196
47.5,-0.0154791952563,-0.00494192073023,0.000242016412848
47.55,-0.0153652391952,-0.0049171414632,0.000238579550597
47.6,-0.0152339915278,-0.00490548749043,0.000235891885802
47.65,-0.0150894103858,-0.00490423733202,0.000233798527657
47.7,-0.0149346799573,-0.00491134660369,0.000232174885461
47.75,-0.0147723606148,-0.00492535208779,0.000230921303464
47.8,-0.0146045143152,-0.00494467668741,0.000229956279386
47.85,-0.014432873446,-0.00496845372455,0.000229214479026
47.9,-0.0142586965219,-0.00499562746537,0.000228643118003
47.95,-0.0140830570963,-0.00502559163878,0.000228199391052
48.0,-0.0139068189805,-0.0050577887203,0.00022784917592
48.05,-0.0137306694722,-0.00509163769851,0.000227564830827
48.1,-0.013555159704,-0.00512674745869,0.000227324158559
48.15,-0.0133807279333,-0.0051627913212,0.000227109062667
48.2,-0.013207720744,-0.00519949661164,0.00022690528843
48.25,-0.0130364102292,-0.0052366358116,0.000226702202524
48.3,-0.0128670079411,-0.00527404023409,0.000226490367108
48.35,-0.0126996787862,-0.0053115764104,0.000226262715974
48.4,-0.0125345420624,-0.00534906935199,0.000226013779854
48.45,-0.0123716875052,-0.00538641034083,0.00022573915993
48.5,-0.0122111784226,-0.00542350849901,0.000225436010594
48.55,-0.0120530566971,-0.00546028777187,0.000225101938371
48.6,-0.0118973468533,-0.00549668442932,0.000224735371488
48.65,-0.011744059394,-0.00553264497602,0.000224334994515
48.7,-0.0115931935199,-0.00556814589998,0.00022390020108
48.75,-0.0114447416191,-0.00560322838028,0.00022343135744
48.8,-0.0112986837642,-0.0056377706411,0.000222928162919
48.85,-0.0111550528418,-0.00567174578108,0.000222390975595
48.9,-0.0110137640458,-0.00570513104996,0.00022182015571
48.95,-0.0108747865355,-0.00573793348237,0.000221216110821
49.0,-0.0107380887345,-0.00577025612125,0.000220579786277
49.05,-0.0106036323835,-0.00580194942507,0.000219912012559
49.1,-0.0104713804453,-0.00583300050605,0.000219213710118
49.15,-0.0103412948624,-0.00586346785929,0.000218485553626
49.2,-0.0102133385105,-0.00589341747589,0.000217728440225
49.25,-0.0100874698594,-0.00592270624522,0.000216944127461
49.3,-0.00996364972287,-0.00595135407991,0.000216133158229
49.35,-0.00984184057983,-0.00597954291185,0.000215296538298
49.4,-0.00972200101185,-0.00600705944221,0.000214435250115
49.45,-0.00960409249762,-0.00603398404331,0.000213550082003
49.5,-0.00948807822444,-0.0060604321261,0.000212642246003
49.55,-0.00937391834135,-0.00608620005064,0.000211712708081
49.6,-0.00926157593141,-0.00611149109699,0.000210762450767
49.65,-0.00915101544212,-0.00613618613434,0.000209792126884
49.7,-0.00904219949672,-0.00616029584984,0.000208802712151
49.75,-0.00893509421126,-0.00618393422122,0.000207795698698
49.8,-0.00882966332377,-0.00620691414297,0.000206771597349
49.85,-0.00872591818159,-0.00622951141762,0.000205731266289
49.9,-0.00862377898232,-0.00625142009118,0.000204675507412
49.95,-0.00852321382206,-0.00627298383068,0.000203604919414
50.0,-0.00842419157188,-0.00629386490274,0.000202520538699
50.05,-0.00832668057046,-0.0063144106822,0.000201423071897
50.1,-0.00823065106291,-0.00633429005067,0.000200313275967
50.15,-0.00813607388113,-0.0063538474123,0.000199191622334
50.2,-0.00804291849533,-0.00637278144308,0.000198058874656
50.25,-0.00795115806204,-0.00639134850215,0.000196916269637
50.3,-0.00786076364958,-0.00640937719669,0.000195764105963
50.35,-0.00777170944403,-0.00642696308296,0.000194603037981
50.4,-0.00768396812442,-0.00644412404783,0.000193433618176
50.45,-0.00759751477512,-0.00646073650586,0.000192256231218
50.5,-0.00751232370392,-0.00647706505487,0.000191071735473
50.55,-0.00742837077253,-0.00649284856941,0.000189880594409
50.6,-0.00734563231951,-0.00650823917156,0.000188683371486
50.65,-0.00726408408438,-0.00652324578021,0.000187480407254
50.7,-0.0071837038903,-0.00653774371726,0.000186272181857
50.75,-0.00710446966994,-0.00655194251971,0.000185059754244
50.8,-0.00702635865429,-0.0065657138384,0.000183843249936
50.85,-0.00694938507172,-0.00657900983018,0.000182623154986
50.9,-0.00687349273022,-0.00659204221483,0.000181399809289
50.95,-0.00679866040259,-0.00660466365504,0.00018017350938
51.0,-0.00672486899753,-0.00661685570157,0.000178944879808
51.05,-0.0066520993014,-0.00662876487903,0.000177714238023
51.1,-0.00658033163566,-0.00664031776326,0.000176482031706
51.15,-0.00650954809627,-0.00665145425085,0.000175248405253
51.2,-0.00643973078669,-0.00666223558551,0.000174013711819
51.25,-0.00637086158773,-0.0066727695981,0.000172778857828
51.3,-0.0063029235516,-0.00668291294768,0.000171543803153
51.35,-0.0062358999706,-0.00669267537988,0.0001703089201
51.4,-0.00616977450351,-0.00670215359864,0.000169074423151
51.45,-0.00610453053266,-0.00671136078082,0.000167840475874
51.5,-0.00604015266266,-0.00672020993464,0.000166607578075
51.55,-0.00597662562533,-0.00672870979068,0.000165375933285
51.6,-0.00591393448278,-0.00673691418974,0.00016414583508
51.65,-0.0058520641517,-0.006744899953,0.000162917367579
51.7,-0.00579100046356,-0.00675255679996,0.000161690772061
51.75,-0.00573072944936,-0.00675989256826,0.000160466786877
51.8,-0.00567123744556,-0.00676691485998,0.000159245302183
51.85,-0.00561253912621,-0.00677370251532,0.000158026588534
51.9,-0.0055545922294,-0.00678025718423,0.000156810793092
51.95,-0.00549738414215,-0.00678651608343,0.00015559796528
52.0,-0.00544090235957,-0.00679248605256,0.000154388507773
52.05,-0.00538513464364,-0.00679817373332,0.000153182542163
52.1,-0.005330069014,-0.00680358558093,0.000151980275248
52.15,-0.0052756937428,-0.00680883699167,0.000150781703913
52.2,-0.00522199688766,-0.00681382906246,0.000149587013828
52.25,-0.00516896745482,-0.0068185600637,0.000148396818838
52.3,-0.00511659445683,-0.00682303580756,0.000147210959068
52.35,-0.00506486713148,-0.00682726195085,0.000146029628137
52.4,-0.00501377494023,-0.00683124399286,0.000144852887542
52.45,-0.00496330756169,-0.00683500105354,0.000143680736573
52.5,-0.00491345468106,-0.0068386209436,0.000142513504486
52.55,-0.00486420640283,-0.00684201299087,0.00014135125361
52.6,-0.00481555303609,-0.00684517845719,0.000140194126142
52.65,-0.00476748509525,-0.00684812217601,0.000139042071647
52.7,-0.00471999328614,-0.00685084885326,0.000137895197816
52.75,-0.00467306850319,-0.00685336306816,0.00013675403485
52.8,-0.00462670182899,-0.00685566926876,0.000135618391998
52.85,-0.00458090741642,-0.00685777178969,0.000134488405539
52.9,-0.00453565329143,-0.00685967493777,0.000133364092855
52.95,-0.00449093107173,-0.00686144033781,0.000132245413405
53.0,-0.00444673233318,-0.00686301678959,0.000131132632286
53.05,-0.00440304913906,-0.00686440316169,0.000130025764459
53.1,-0.00435987360618,-0.00686560328481,0.000128924903824
53.15,-0.0043171980072,-0.00686662088962,0.000127829968379
53.2,-0.00427501476554,-0.00686745961312,0.00012674102254
53.25,-0.00423331645327,-0.00686812299855,0.000125658519842
53.3,-0.00419209579098,-0.00686861449063,0.000124582252006
53.35,-0.00415134563883,-0.00686893745113,0.000123512312211
53.4,-0.00411105899592,-0.00686909515557,0.000122448683686
53.45,-0.00407122899627,-0.00686909079784,0.000121391299022
53.5,-0.00403184890537,-0.00686892749358,0.000120340364286
53.55,-0.00399291211943,-0.00686860827721,0.000119295868866
53.6,-0.00395441216071,-0.00686813610845,0.000118257871342
53.65,-0.00391634267523,-0.00686751387318,0.000117226269671
53.7,-0.00387869742875,-0.0068667443886,0.000116201096855
53.75,-0.00384147030514,-0.00686583040274,0.000115182743241
53.8,-0.00380465530653,-0.0068647745896,0.00011417099301
53.85,-0.00376826536739,-0.00686359464065,0.000113165907829
53.9,-0.00373227544913,-0.00686227794432,0.000112167450949
53.95,-0.00369667990716,-0.00686082508724,0.000111175536996
54.0,-0.00366147318872,-0.00685925369071,0.000110190332198
54.05,-0.00362664982276,-0.00685755853035,0.000109211805809
54.1,-0.0035922044504,-0.00685573449799,0.000108239990508
54.15,-0.00355813182229,-0.00685378387846,0.000107274772056
54.2,-0.00352442678417,-0.0068517089058,0.0001063161604
54.25,-0.00349108427573,-0.00684951176234,0.000105364492891
54.3,-0.00345809933082,-0.0068471945738,0.000104419552758
54.35,-0.00342546707148,-0.00684475942155,0.00010348137722
54.4,-0.00339318270784,-0.00684220833896,0.00010254991241
54.45,-0.00336124153556,-0.00683954331454,0.000101625063169
54.5,-0.00332963893373,-0.00683676629401,0.000100706964328
54.55,-0.00329837036458,-0.00683387917709,9.97955702235e-05
54.6,-0.00326743137051,-0.00683088382222,9.88908940516e-05
54.65,-0.00323681757275,-0.00682778204657,9.79928156294e-05
54.7,-0.00320652466878,-0.00682457562979,9.7101328671e-05
54.75,-0.00317654843145,-0.00682127825821,9.62167262561e-05
54.8,-0.00314688467151,-0.00681788576657,9.53387973152e-05
54.85,-0.00311754490274,-0.00681439534617,9.446756095e-05
54.9,-0.00308850920916,-0.00681080866483,9.36029549253e-05
54.95,-0.00305977365479,-0.00680712729621,9.27448788441e-05
55.0,-0.00303133437069,-0.00680335278252,9.18934425595e-05
55.05,-0.00300318755487,-0.00679948663146,9.10485915112e-05
55.1,-0.00297532946983,-0.00679553032025,9.02103251789e-05
55.15,-0.00294775644157,-0.0067914852954,8.93785216933e-05
55.2,-0.00292046485752,-0.00678735297588,8.85531634178e-05
55.25,-0.00289345116587,-0.00678313475194,8.77345059879e-05
55.3,-0.00286671187591,-0.00677883198061,8.69223440968e-05
55.35,-0.00284024355402,-0.00677444599534,8.61166846401e-05
55.4,-0.00281404282378,-0.00676997810261,8.53174593067e-05
55.45,-0.00278810636432,-0.00676542958412,8.45245660843e-05
55.5,-0.00276243090899,-0.00676080987971,8.37380948545e-05
55.55,-0.00273701323636,-0.00675612619165,8.29579862791e-05
55.6,-0.00271185017118,-0.00675136564505,8.21842307777e-05
55.65,-0.00268693860555,-0.00674652942401,8.14167077956e-05
55.7,-0.00266227548132,-0.00674161869213,8.06553919976e-05
55.75,-0.00263785778962,-0.00673663459116,7.99005071515e-05
55.8,-0.00261368257117,-0.00673157823686,7.91518574075e-05
55.85,-0.00258975985543,-0.00672647009161,7.84094404224e-05
55.9,-0.00256607350335,-0.00672131893836,7.76731890151e-05
55.95,-0.0025426207192,-0.00671610003953,7.694300121e-05
56.0,-0.00251939873087,-0.00671081442092,7.62189507961e-05
56.05,-0.00249640481028,-0.00670546308806,7.55009755681e-05
56.1,-0.00247363627182,-0.00670004702929,7.47890585758e-05
56.15,-0.00245109047171,-0.00669456721534,7.40830826882e-05
56.2,-0.00242876480669,-0.00668902460169,7.33830176263e-05
56.25,-0.00240665671367,-0.00668342012733,7.26890599107e-05
56.3,-0.00238476366995,-0.00667775471081,7.20010244455e-05
56.35,-0.00236308319067,-0.00667202925802,7.13189023707e-05
56.4,-0.00234161282886,-0.00666624465912,7.06426229011e-05
56.45,-0.00232035017441,-0.00666040179014,6.99720877374e-05
56.5,-0.00229929285328,-0.00665450151388,6.93073577999e-05
56.55,-0.00227843852745,-0.00664859694498,6.86483704802e-05
56.6,-0.00225778479373,-0.00664264379073,6.79951087582e-05
56.65,-0.00223732943256,-0.00663663677079,6.73474582933e-05
56.7,-0.00221707020942,-0.00663057668191,6.67053859256e-05
56.75,-0.00219700492275,-0.00662446430817,6.60690647792e-05
56.8,-0.00217713140421,-0.00661830041744,6.54383212165e-05
56.85,-0.00215745829849,-0.00661208576822,6.48131419364e-05
56.9,-0.00213797250289,-0.00660582114797,6.41934578831e-05
56.95,-0.00211867194523,-0.00659950729137,6.35791747235e-05
57.0,-0.00209955458298,-0.00659314891863,6.29703429276e-05
57.05,-0.00208061839993,-0.00658675789822,6.23669009783e-05
57.1,-0.00206186139958,-0.00658036609962,6.17688253928e-05
57.15,-0.00204328153487,-0.00657395156581,6.11760135986e-05
57.2,-0.00202487691545,-0.0065674922805,6.05884294534e-05
57.25,-0.00200664564184,-0.00656098890561,6.00062258402e-05
57.3,-0.00198858584193,-0.00655444208997,5.94292407818e-05
57.35,-0.00197069566924,-0.00654785247552,5.88574580429e-05
57.4,-0.00195297330302,-0.00654122069471,5.82908105013e-05
57.45,-0.00193541694757,-0.00653454737174,5.77292085678e-05
57.5,-0.00191802483172,-0.0065278331231,5.71726942351e-05
57.55,-0.00190079520887,-0.00652107855531,5.66212077731e-05
57.6,-0.00188372635618,-0.00651432669923,5.60747237282e-05
57.65,-0.00186681648954,-0.00650756629872,5.55331455253e-05
57.7,-0.0018500639658,-0.0065007681746,5.49964369296e-05
57.75,-0.00183346713232,-0.00649393289402,5.44647333302e-05
57.8,-0.00181702435924,-0.00648706101337,5.39378843956e-05
57.85,-0.00180074303727,-0.00648015308388,5.3415872169e-05
57.9,-0.00178461240351,-0.00647320968336,5.28986328647e-05
57.95,-0.00176863089456,-0.00646623134826,5.23860821043e-05
58.0,-0.00175279696741,-0.00645921860909,5.18782549927e-05
58.05,-0.0017371090995,-0.0064521899544,5.13750943973e-05
58.1,-0.00172156572409,-0.00644518702647,5.08765771445e-05
58.15,-0.00170616537188,-0.00643815198778,5.03826088929e-05
58.2,-0.00169090658012,-0.00643108533498,4.98931553023e-05
58.25,-0.00167578790487,-0.00642398755858,4.94083365334e-05
58.3,-0.00166080792119,-0.00641685914015,4.89280136023e-05
58.35,-0.00164596522198,-0.00640970055737,4.8452167683e-05
58.4,-0.00163125841803,-0.00640251228184,4.79807381923e-05
58.45,-0.00161668613763,-0.00639529478001,4.75136461978e-05
58.5,-0.00160224702619,-0.00638807806146,4.70509211996e-05
58.55,-0.00158793967832,-0.00638089926777,4.65925120638e-05
58.6,-0.00157376278409,-0.00637369900503,4.61383925495e-05
58.65,-0.00155971503753,-0.00636647204037,4.56884755486e-05
58.7,-0.00154579515218,-0.00635921880688,4.52427277779e-05
58.75,-0.00153200185743,-0.00635193973266,4.48012561016e-05
58.8,-0.00151833389865,-0.0063446352383,4.43639324443e-05
58.85,-0.00150479755653,-0.00633730574137,4.39307377401e-05
58.9,-0.00149138394038,-0.00632995168289,4.35016153037e-05
58.95,-0.00147809184272,-0.00632264148817,4.30764916645e-05
59.0,-0.00146491998472,-0.0063153226462,4.26553954723e-05
59.05,-0.00145186722902,-0.00630798106369,4.22382740564e-05
59.1,-0.00143893241253,-0.00630061712885,4.18251022223e-05
59.15,-0.00142611438598,-0.00629323122549,4.14157991504e-05
59.2,-0.00141341201357,-0.00628582373417,4.10103330016e-05
59.25,-0.00140082417293,-0.00627839503133,4.06087990117e-05
59.3,-0.00138834975517,-0.00627094548697,4.0211079494e-05
59.35,-0.00137598766415,-0.00626352016653,3.9817155615e-05
59.4,-0.00136373674847,-0.0062561147477,3.94269773082e-05
59.45,-0.00135159596292,-0.00624869013726,3.90404753935e-05
59.5,-0.00133956425035,-0.00624124668641,3.86576709357e-05
59.55,-0.00132764056591,-0.0062337847417,3.82785163808e-05
59.6,-0.00131582387666,-0.00622630464638,3.79029875318e-05
59.65,-0.00130411316147,-0.00621880673998,3.75310098179e-05
59.7,-0.00129250741072,-0.00621129135937,3.71625530913e-05
59.75,-0.0012810056262,-0.0062037938366,3.67977023855e-05
59.8,-0.0012696067623,-0.00619633039384,3.64363524277e-05
59.85,-0.00125831615067,-0.00618885097465,3.60784841135e-05
59.9,-0.00124712641824,-0.00618135591948,3.57240482621e-05
59.95,-0.00123603661405,-0.00617384554207,3.53729820029e-05
60.0,-0.00122504579761,-0.00616632015364,3.50253032978e-05
60.05,-0.00121415303895,-0.00615878936261,3.46809679632e-05
60.1,-0.001203357414,-0.0061512552063,3.4339953197e-05
60.15,-0.00119265800818,-0.00614374240326,3.40021906123e-05
60.2,-0.00118205386684,-0.00613626712296,3.36676543169e-05
60.25,-0.00117154411804,-0.00612877884291,3.33364195552e-05
60.3,-0.00116112788325,-0.00612127784893,3.30083875569e-05
60.35,-0.00115080429327,-0.0061137644253,3.26835407608e-05
60.4,-0.00114057248824,-0.0061062388533,3.23618335589e-05
60.45,-0.00113043161751,-0.00609870141176,3.20432080955e-05
60.5,-0.00112038083944,-0.00609115237735,3.17276797615e-05
60.55,-0.00111041932143,-0.00608363478865,3.14152076744e-05
60.6,-0.00110054618529,-0.00607615053687,3.11057725958e-05
60.65,-0.00109076063562,-0.00606865592814,3.07993106944e-05
60.7,-0.00108106186706,-0.00606115122402,3.04957954645e-05
60.75,-0.00107144908273,-0.0060536366835,3.01952949603e-05
60.8,-0.00106192149425,-0.00604611256132,2.98977189735e-05
60.85,-0.00105248358115,-0.0060385791109,2.9603050873e-05
60.9,-0.00104312921064,-0.00603103660259,2.93112487366e-05
60.95,-0.00103385762001,-0.00602353956689,2.90222594699e-05
61.0,-0.00102466799942,-0.00601606697783,2.87360987986e-05
61.05,-0.00101555962465,-0.00600858645418,2.84527280175e-05
61.1,-0.00100653175743,-0.00600109823291,2.81721268155e-05
61.15,-0.000997583667005,-0.0059936025486,2.78942375009e-05
61.2,-0.000988714630005,-0.00598609963416,2.76190354605e-05
61.25,-0.000979923930398,-0.00597858972027,2.73465817359e-05
61.3,-0.000971210859551,-0.00597107303379,2.70767940511e-05
61.35,-0.000962574715867,-0.00596361731397,2.68096567818e-05
61.4,-0.00095401474916,-0.00595617490078,2.65451338309e-05
61.45,-0.000945530297923,-0.00594872673545,2.62831754167e-05
61.5,-0.000937120682446,-0.00594127303389,2.60237929922e-05
61.55,-0.000928785229844,-0.00593381850444,2.57669518827e-05
61.6,-0.000920523272331,-0.00592637247774,2.55126332765e-05
61.65,-0.000912334145656,-0.00591892304731,2.52607846614e-05
61.7,-0.000904217196387,-0.00591146895721,2.50113832982e-05
61.75,-0.000896171778035,-0.00590409071483,2.47644840039e-05
61.8,-0.00088819719487,-0.00589671464612,2.45200143361e-05
61.85,-0.000880297240937,-0.00588933484199,2.42779584229e-05
61.9,-0.000872466806171,-0.00588195151367,2.40382809084e-05
61.95,-0.000864705271211,-0.00587456485431,2.38009373126e-05
62.0,-0.000857012022661,-0.00586717505561,2.35659376013e-05
62.05,-0.000849386453101,-0.0058597823068,2.333324998e-05
62.1,-0.000841827960955,-0.00585239205449,2.31028569661e-05
62.15,-0.000834335922031,-0.00584507974193,2.28747117314e-05
62.2,-0.000826909748834,-0.00583776532526,2.26487931931e-05
62.25,-0.000819548857825,-0.00583044898355,2.24251506061e-05
62.3,-0.000812252671136,-0.00582313089279,2.22037157207e-05
62.35,-0.000805020616316,-0.00581581122811,2.19844749652e-05
62.4,-0.000797852126359,-0.00580849016274,2.17673959491e-05
62.45,-0.000790746639609,-0.00580116786843,2.15524380904e-05
62.5,-0.000783703599684,-0.00579385700525,2.1339610118e-05
62.55,-0.00077672242732,-0.00578661768364,2.1128884235e-05
62.6,-0.000769802581173,-0.00577937789789,2.0920244125e-05
62.65,-0.000762943521302,-0.00577213780967,2.07136459107e-05
62.7,-0.000756144712782,-0.00576489757945,2.0509070307e-05
62.75,-0.000749405625676,-0.00575765736608,2.03065616598e-05
62.8,-0.000742725735073,-0.00575041732561,2.01060579197e-05
62.85,-0.000736108199602,-0.00574317761332,1.99075465563e-05
62.9,-0.000729548755056,-0.00573595283468,1.97109980508e-05
62.95,-0.000723046865596,-0.00572879812886,1.95163766285e-05
63.0,-0.000716602031194,-0.0057216444532,1.93236897542e-05
63.05,-0.000710213752514,-0.00571449339616,1.91329108467e-05
63.1,-0.000703881534416,-0.00570735682087,1.89440250914e-05
63.15,-0.000697604883282,-0.00570022596891,1.87569927082e-05
63.2,-0.000691383312394,-0.00569309675402,1.85717960802e-05
63.25,-0.000685216340594,-0.00568596931596,1.83884751658e-05
63.3,-0.000679103491181,-0.00567885363822,1.82069735843e-05
63.35,-0.000673044268762,-0.00567181278304,1.80272808549e-05
63.4,-0.000667038208467,-0.00566477432046,1.78493698773e-05
63.45,-0.000661084847127,-0.00565773838127,1.76732069608e-05
63.5,-0.00065518372574,-0.00565070509516,1.74987988622e-05
63.55,-0.000649334389469,-0.00564367459,1.7326121348e-05
63.6,-0.000643536387564,-0.00563664699238,1.71551608302e-05
63.65,-0.000637789273331,-0.00562962242749,1.69858809923e-05
63.7,-0.000632092604063,-0.00562260101948,1.68182656934e-05
63.75,-0.000626445941026,-0.00561566142128,1.66523509834e-05
63.8,-0.000620848812984,-0.00560872808167,1.64880873536e-05
63.85,-0.000615303883142,-0.00560179844333,1.63254633548e-05
63.9,-0.000609807591412,-0.00559487263291,1.61644544589e-05
63.95,-0.000604359516022,-0.0055879507647,1.60050300359e-05
64.0,-0.000598959238926,-0.00558103295198,1.58471960886e-05
64.05,-0.000593606345811,-0.00557411930633,1.56909305595e-05
64.1,-0.000588300426023,-0.00556720993821,1.55362210348e-05
64.15,-0.000583041072543,-0.00556036122916,1.53830345211e-05
64.2,-0.000577827853155,-0.00555354054332,1.52313576296e-05
64.25,-0.000572660380834,-0.00554672461922,1.50812223192e-05
64.3,-0.000567538259865,-0.00553991355916,1.49325821118e-05
64.35,-0.000562461097977,-0.00553310746482,1.47854273174e-05
64.4,-0.000557428506342,-0.00552630643657,1.46397356068e-05
64.45,-0.000552440099535,-0.00551951057373,1.44954791575e-05
64.5,-0.000547495495491,-0.00551271997467,1.43526633274e-05
64.55,-0.000542594315507,-0.0055059593834,1.4211268064e-05
64.6,-0.000537736164051,-0.00549926763758,1.40712829857e-05
64.65,-0.00053292067259,-0.00549258978874,1.39326779752e-05
64.7,-0.000528147471273,-0.00548591775415,1.379543968e-05
64.75,-0.000523416195085,-0.00547925162369,1.36595974888e-05
64.8,-0.000518726482217,-0.00547259148538,1.35251092392e-05
64.85,-0.000514080543109,-0.00546593742661,1.33919660905e-05
64.9,-0.000509475403979,-0.0054592895427,1.32601477791e-05
64.95,-0.000504910713021,-0.00545264791869,1.31296290443e-05
65.0,-0.000500386121458,-0.00544607173817,1.30004146815e-05
65.05,-0.000495901259167,-0.0054395192455,1.28724876086e-05
65.1,-0.000491455794822,-0.00543297338107,1.27458369913e-05
65.15,-0.0004870493891,-0.0054264342233,1.26204356264e-05
65.2,-0.000482681705581,-0.00541990184987,1.24962713076e-05
65.25,-0.000478352410736,-0.00541337633735,1.2373370616e-05
65.3,-0.000474061173933,-0.00540685776066,1.22516953219e-05
65.35,-0.000469807667354,-0.00540034619412,1.21312373808e-05
65.4,-0.000465591565997,-0.00539384704877,1.20119783826e-05
65.45,-0.000461412534342,-0.00538742411706,1.18938960349e-05
65.5,-0.000457270254287,-0.005381008516,1.17769945887e-05
65.55,-0.000453164409556,-0.00537460031373,1.16612574922e-05
65.6,-0.000449094686568,-0.0053681995775,1.15466753667e-05
65.65,-0.000445060774418,-0.00536180637357,1.14332235441e-05
65.7,-0.000441062364841,-0.00535542076745,1.13208909434e-05
65.75,-0.000437099152202,-0.00534904282372,1.12097016243e-05
65.8,-0.000433170833494,-0.00534267260538,1.10996209338e-05
65.85,-0.00042927925361,-0.00533632325734,1.09906415658e-05
65.9,-0.000425421915221,-0.00533004111556,1.08827474554e-05
65.95,-0.000421598526029,-0.00532376697763,1.07759177107e-05
66.0,-0.000417808794166,-0.00531750090131,1.0670156207e-05
66.05,-0.000414052430247,-0.00531124294322,1.05654479352e-05
66.1,-0.000410329147334,-0.00530499798182,1.0461784386e-05
66.15,-0.000406638660215,-0.00529877340782,1.03591432318e-05
66.2,-0.000402980685046,-0.00529255767162,1.02575145045e-05
66.25,-0.000399354942122,-0.0052863503029,1.01569199951e-05
66.3,-0.0003957611542,-0.00528015730313,1.00573282945e-05
66.35,-0.000392199035644,-0.00527403718278,9.95873327939e-06
66.4,-0.000388668315091,-0.00526792565392,9.86111975536e-06
66.45,-0.00038516872261,-0.00526182276423,9.76446887254e-06
66.5,-0.00038169999054,-0.00525572856071,9.6687841367e-06
66.55,-0.000378261853482,-0.00524964308933,9.57405194281e-06
66.6,-0.00037485404827,-0.00524356639532,9.48026457654e-06
66.65,-0.000371476313954,-0.00523749852308,9.38740177207e-06
66.7,-0.000368128391775,-0.00523143951638,9.29545441997e-06
66.75,-0.000364810025151,-0.00522538941823,9.20444226715e-06
66.8,-0.00036152095968,-0.00521939997452,9.11433685439e-06
66.85,-0.000358262718183,-0.00521343606933,9.02513290573e-06
66.9,-0.000355033232918,-0.00520748125775,8.93681638199e-06
66.95,-0.000351832256643,-0.00520153557766,8.84937020567e-06
67.0,-0.000348659544183,-0.00519559906632,8.76279756018e-06
67.05,-0.000345514852426,-0.00518967176007,8.67708612252e-06
67.1,-0.000342397940296,-0.00518375369455,8.59222890886e-06
67.15,-0.000339308568737,-0.00517784490468,8.50820755998e-06
67.2,-0.000336246500695,-0.00517194542479,8.42501382812e-06
67.25,-0.0003332115011,-0.00516606743296,8.34266562065e-06
67.3,-0.000330203327699,-0.00516025267031,8.26113759075e-06
67.35,-0.000327221751109,-0.00515444735932,8.18042422444e-06
67.4,-0.000324266542412,-0.00514865152969,8.10051309066e-06
67.45,-0.000321337474604,-0.0051428652105,8.0213887224e-06
67.5,-0.000318434322573,-0.00513708843029,7.94305401792e-06
67.55,-0.000315556863099,-0.00513132121675,7.86549782055e-06
67.6,-0.000312704874823,-0.00512556566765,7.78871381348e-06
67.65,-0.000309878138015,-0.00511983153209,7.71268537946e-06
67.7,-0.000307076433724,-0.00511411010784,7.63740511725e-06
67.75,-0.000304299545826,-0.00510841944153,7.56288928837e-06
67.8,-0.000301547251308,-0.00510278116239,7.48911496528e-06
67.85,-0.000298820833917,-0.00509715266403,7.41607711501e-06
67.9,-0.000296118561475,-0.00509153397294,7.34376448912e-06
67.95,-0.000293440225982,-0.00508592510985,7.27216307881e-06
68.0,-0.000290785621171,-0.00508032609504,7.20127552523e-06
68.05,-0.0002881545425,-0.005074736948,7.13109172785e-06
68.1,-0.00028554678713,-0.00506915768768,7.06160597422e-06
68.15,-0.000282962153916,-0.00506358833243,6.99280320327e-06
68.2,-0.000280400443388,-0.00505802890014,6.92467666394e-06
68.25,-0.00027786145774,-0.00505248994623,6.85724110372e-06
68.3,-0.000275344993851,-0.00504701177423,6.79047569642e-06
68.35,-0.000272850858483,-0.00504154359548,6.72437594741e-06
68.4,-0.000270378858969,-0.00503608542403,6.65893166986e-06
68.45,-0.000267928804243,-0.00503063727345,6.59413018093e-06
68.5,-0.000265500504831,-0.00502519915686,6.52997389517e-06
68.55,-0.000263093772843,-0.0050197710867,6.4664536738e-06
68.6,-0.000260708421954,-0.00501435307493,6.40356435697e-06
68.65,-0.000258344267394,-0.00500894513297,6.34129230734e-06
68.7,-0.000256001125931,-0.00500354727183,6.27963142294e-06
68.75,-0.000253678815862,-0.00499815950201,6.21859509811e-06
68.8,-0.000251377157013,-0.00499282154444,6.15816416284e-06
68.85,-0.000249097206948,-0.00498751295754,6.09833503491e-06
68.9,-0.000246837523448,-0.00498221450431,6.03909832947e-06
68.95,-0.000244597931338,-0.00497692619175,5.980442565e-06
69.0,-0.000242378256904,-0.00497164802648,5.92236995211e-06
69.05,-0.000240178327879,-0.0049663800145,5.86487222346e-06
69.1,-0.000237997973433,-0.00496112216139,5.80794472038e-06
69.15,-0.000235837024162,-0.00495588493146,5.75157509509e-06
69.2,-0.000233695311213,-0.00495066378464,5.69575787563e-06
69.25,-0.000231572667545,-0.00494545284181,5.64050525408e-06
69.3,-0.000229468928012,-0.00494025210627,5.58579986208e-06
69.35,-0.000227383928839,-0.00493510704243,5.53163809071e-06
69.4,-0.000225317499589,-0.00492998325344,5.47801199781e-06
69.45,-0.000223269483064,-0.00492486968082,5.42491100893e-06
69.5,-0.00022123971972,-0.00491976632523,5.37233714896e-06
69.55,-0.000219228051346,-0.00491467318682,5.32028293828e-06
69.6,-0.000217234321051,-0.00490959026534,5.26874417066e-06
69.65,-0.000215258373253,-0.00490451756014,5.2177096645e-06
69.7,-0.000213300053667,-0.00489945507025,5.1671744376e-06
69.75,-0.000211359209296,-0.00489440279431,5.11714955073e-06
69.8,-0.000209435688427,-0.00488936073029,5.06761926956e-06
69.85,-0.000207530377751,-0.00488432887597,5.01858034198e-06
69.9,-0.00020564207096,-0.00487933560174,4.97002523337e-06
69.95,-0.00020377061455,-0.00487437819936,4.92194482739e-06
70.0,-0.000201915864314,-0.00486943099518,4.87434088147e-06
70.05,-0.000200077675198,-0.00486449398425,4.82720663113e-06
70.1,-0.000198255903357,-0.0048595671613,4.78053828164e-06
70.15,-0.000196450406148,-0.0048546505207,4.73432570905e-06
70.2,-0.000194661042117,-0.00484974405657,4.688564414e-06
70.25,-0.000192887670995,-0.00484484776265,4.64326445428e-06
70.3,-0.000191130153689,-0.00483996163214,4.59841157451e-06
70.35,-0.000189388352267,-0.00483508565805,4.55400284514e-06
70.4,-0.000187662129953,-0.00483021983302,4.5100314471e-06
70.45,-0.000185951351113,-0.00482536414942,4.46648886942e-06
70.5,-0.00018425588125,-0.00482055919617,4.42337682622e-06
70.55,-0.000182575581165,-0.00481577528438,4.38068949335e-06
70.6,-0.000180910321377,-0.00481100147672,4.3384233182e-06
70.65,-0.000179259970864,-0.00480624309881,4.29656913417e-06
70.7,-0.000177624399372,-0.00480150533537,4.25512289492e-06
70.75,-0.000176003477436,-0.00479677767646,4.21409378053e-06
70.8,-0.000174397077337,-0.00479206011088,4.17346887279e-06
70.85,-0.000172805936029,-0.00478735262732,4.13324553204e-06
70.9,-0.000171229047651,-0.00478265521696,4.0934175909e-06
70.95,-0.000169666287909,-0.00477796786788,4.05397734337e-06
71.0,-0.000168117533549,-0.00477329056792,4.01492636393e-06
71.05,-0.000166582662354,-0.00476862330455,3.97625912439e-06
71.1,-0.000165061553131,-0.0047639928859,3.93797254223e-06
71.15,-0.000163554081425,-0.00475939462595,3.90005853276e-06
71.2,-0.000162060129734,-0.0047548063455,3.8625133495e-06
71.25,-0.000160579579998,-0.00475022803014,3.82534531572e-06
71.3,-0.000159112315147,-0.00474565966506,3.78854272516e-06
71.35,-0.000157658219097,-0.00474110123531,3.75210320143e-06
71.4,-0.000156217176735,-0.00473655272568,3.71602116333e-06
71.45,-0.000154789073918,-0.00473201412077,3.68028963489e-06
71.5,-0.00015337379746,-0.00472748540502,3.6449100649e-06
71.55,-0.00015197123513,-0.00472296656254,3.60987745412e-06
71.6,-0.000150581275639,-0.00471845757724,3.57518902337e-06
71.65,-0.000149203808639,-0.00471395843281,3.54083725938e-06
71.7,-0.000147838724708,-0.00470946911278,3.5068188542e-06
71.75,-0.000146485915345,-0.00470502406902,3.47314138802e-06
71.8,-0.000145145268935,-0.00470060074717,3.43979445717e-06
71.85,-0.000143817399391,-0.00469618717624,3.40677583452e-06
71.9,-0.000142501468392,-0.00469178334032,3.37408047287e-06
71.95,-0.000141197371337,-0.00468738922098,3.34170205642e-06
72.0,-0.000139905004511,-0.00468300479964,3.30964191875e-06
72.05,-0.00013862426507,-0.00467863005749,3.27789553858e-06
72.1,-0.000137355051041,-0.00467426497553,3.24646041027e-06
72.15,-0.000136097261309,-0.00466991212876,3.21532972911e-06
72.2,-0.000134850795492,-0.00466557963887,3.1845005148e-06
72.25,-0.000133615553688,-0.00466125885621,3.15397969287e-06
72.3,-0.000132391437252,-0.00465694768703,3.12375765426e-06
72.35,-0.000131178348469,-0.00465264611123,3.09383247657e-06
72.4,-0.000129976190449,-0.0046483678052,3.06419959444e-06
72.45,-0.000128784864587,-0.00464412918823,3.03485341909e-06
72.5,-0.00012760427632,-0.00463990007729,3.00579514624e-06
72.55,-0.000126434331273,-0.00463568045086,2.97702068545e-06
72.6,-0.000125274935865,-0.00463147028734,2.94852777673e-06
72.65,-0.000124125997311,-0.00462726956495,2.92031025534e-06
72.7,-0.000122987423608,-0.00462307826183,2.89236542422e-06
72.75,-0.000121859123533,-0.00461889635598,2.86469956666e-06
72.8,-0.000120741006638,-0.00461472382513,2.83730396707e-06
72.85,-0.000119633581114,-0.00461056064697,2.81017689555e-06
72.9,-0.000118536148579,-0.00460640680096,2.78331422265e-06
72.95,-0.000117448621032,-0.00460226226449,2.75671077201e-06
73.0,-0.000116370911221,-0.00459812701488,2.73036767695e-06
73.05,-0.000115302932632,-0.00459400102927,2.70428124072e-06
73.1,-0.000114244599487,-0.00458989161038,2.67844942895e-06
73.15,-0.000113195824861,-0.00458582533778,2.65286675477e-06
73.2,-0.000112156524779,-0.00458176823146,2.62753076844e-06
73.25,-0.000111126615692,-0.00457772026747,2.60244719297e-06
73.3,-0.000110106014761,-0.00457368142165,2.57760812578e-06
73.35,-0.00010909463985,-0.00456965166981,2.55301201013e-06
73.4,-0.000108092409523,-0.00456563098766,2.52865510805e-06
73.45,-0.000107099243035,-0.00456161935083,2.50453273129e-06
73.5,-0.00010611506033,-0.0045576167349,2.48064592389e-06
73.55,-0.000105139782031,-0.00455362311532,2.45699134157e-06
73.6,-0.00010417332944,-0.00454963846744,2.43356715017e-06
73.65,-0.00010321562453,-0.00454566299609,2.41036829237e-06
73.7,-0.000102266589929,-0.00454170693683,2.38739257264e-06
73.75,-0.000101326148571,-0.0045377640676,2.36464522586e-06
73.8,-0.000100394224278,-0.00453383010192,2.34211909482e-06
73.85,-9.94712387807e-05,-0.00452991477096,2.31981278023e-06
73.9,-9.85566089565e-05,-0.00452603721196,2.29772298408e-06
73.95,-9.76502612342e-05,-0.00452216845136,2.27584544149e-06
74.0,-9.6752122336e-05,-0.00451830846308,2.25418111337e-06
74.05,-9.586211961e-05,-0.00451445722092,2.23272697291e-06
74.1,-9.49801810244e-05,-0.00451061469865,2.21148136545e-06
74.15,-9.41062351627e-05,-0.00450678086996,2.19043970711e-06
74.2,-9.32402112183e-05,-0.00450295570855,2.16960001405e-06
74.25,-9.23820389899e-05,-0.00449913918805,2.14896703863e-06
74.3,-9.15316488781e-05,-0.00449533128194,2.12853428212e-06
74.35,-9.06889718782e-05,-0.00449153196372,2.10830048524e-06
74.4,-8.98539395763e-05,-0.00448774120684,2.0882625871e-06
74.45,-8.90264841447e-05,-0.00448395898472,2.06841674153e-06
74.5,-8.82065383365e-05,-0.00448018527077,2.04876383604e-06
74.55,-8.73940354821e-05,-0.00447642003831,2.02930113376e-06
74.6,-8.65889094834e-05,-0.00447266326065,2.01002714466e-06
74.65,-8.57910948099e-05,-0.00446893058389,1.99093771615e-06
74.7,-8.50005250037e-05,-0.00446522673383,1.97203113501e-06
74.75,-8.4217136159e-05,-0.0044615312269,1.95331170845e-06
74.8,-8.34408644595e-05,-0.00445784403569,1.93477354088e-06
74.85,-8.26720597922e-05,-0.00445416513279,1.91641549885e-06
74.9,-8.19102382388e-05,-0.00445049449205,1.89823481176e-06
74.95,-8.11553377293e-05,-0.00444683208601,1.88022799432e-06
75.0,-8.04072967269e-05,-0.00444317788722,1.86239586405e-06
75.05,-7.96660542241e-05,-0.00443953186816,1.84473594378e-06
75.1,-7.89315497378e-05,-0.00443589400132,1.82724688963e-06
75.15,-7.82037233056e-05,-0.00443226425916,1.80992493709e-06
75.2,-7.74825154807e-05,-0.00442864885949,1.79276846949e-06
75.25,-7.67678671663e-05,-0.00442504991018,1.77578144462e-06
75.3,-7.60597197267e-05,-0.00442145903411,1.75895852564e-06
75.35,-7.53580152523e-05,-0.00441787620348,1.74229869326e-06
75.4,-7.46626963329e-05,-0.00441430139045,1.72579943908e-06
75.45,-7.39737060531e-05,-0.00441073456722,1.7094576053e-06
75.5,-7.32909879885e-05,-0.00440719599691,1.69327394591e-06
75.55,-7.2614484884e-05,-0.00440367861374,1.67724628758e-06
75.6,-7.19441418287e-05,-0.00440016910513,1.66137339094e-06
75.65,-7.12799038784e-05,-0.00439666744279,1.64565184205e-06
75.7,-7.06217165632e-05,-0.00439317359846,1.63008017966e-06
75.75,-6.99695258839e-05,-0.00438968754391,1.61466200346e-06
75.8,-6.93232783083e-05,-0.00438620925084,1.59939245973e-06
75.85,-6.86832640131e-05,-0.00438273869101,1.58427063076e-06
75.9,-6.80490804531e-05,-0.00437927583725,1.56929424514e-06
75.95,-6.74206755696e-05,-0.00437582066132,1.5544604403e-06
76.0,-6.67979977542e-05,-0.00437237313503,1.53976991066e-06
76.05,-6.61809958452e-05,-0.00436893323019,1.52522062659e-06
76.1,-6.5569619124e-05,-0.00436550091861,1.5108114952e-06
76.15,-6.49638173109e-05,-0.00436207617213,1.49653942184e-06
76.2,-6.43635405619e-05,-0.00435865896265,1.48240308741e-06
76.25,-6.3768739465e-05,-0.00435524926207,1.46840577521e-06
76.3,-6.31793650372e-05,-0.00435184704227,1.45454308082e-06
76.35,-6.25953687202e-05,-0.00434845227517,1.44081417913e-06
76.4,-6.20167023772e-05,-0.00434508426076,1.42721701336e-06
76.45,-6.14433172503e-05,-0.00434173533773,1.41374904359e-06
76.5,-6.08751664702e-05,-0.00433839375253,1.40041088777e-06
76.55,-6.03122031679e-05,-0.00433505947679,1.38720070777e-06
76.6,-5.97543808813e-05,-0.00433173248219,1.37411751727e-06
76.65,-5.92016535521e-05,-0.00432841274044,1.36115850922e-06
76.7,-5.86539755223e-05,-0.0043251032813,1.34832249131e-06
76.75,-5.81113014709e-05,-0.00432181095187,1.33561246044e-06
76.8,-5.75735863413e-05,-0.0043185271024,1.32302442791e-06
76.85,-5.70410707057e-05,-0.00431525042381,1.31055765135e-06
76.9,-5.65134198572e-05,-0.00431198088864,1.29821026694e-06
76.95,-5.59905901806e-05,-0.00430871846859,1.28597992157e-06
77.0,-5.54725384407e-05,-0.0043054631354,1.2738672045e-06
77.05,-5.49592217785e-05,-0.00430221486085,1.2618704513e-06
77.1,-5.44505977084e-05,-0.00429897361678,1.24998877227e-06
77.15,-5.39466241153e-05,-0.00429573937504,1.23821962135e-06
77.2,-5.34472592508e-05,-0.0042925121076,1.22656192116e-06
77.25,-5.29524617308e-05,-0.00428929178643,1.21501840236e-06
77.3,-5.24621905326e-05,-0.00428607838352,1.20358543457e-06
77.35,-5.19764049915e-05,-0.00428288109891,1.19226234873e-06
77.4,-5.14950641469e-05,-0.00427970999855,1.18104749074e-06
77.45,-5.1018128224e-05,-0.00427654570323,1.16993871757e-06
77.5,-5.05455576331e-05,-0.00427338818485,1.15893657156e-06
77.55,-5.00773131302e-05,-0.00427023741532,1.14803954467e-06
77.6,-4.96133558144e-05,-0.00426709336663,1.13724683361e-06
77.65,-4.91536471248e-05,-0.00426395601082,1.12655612798e-06
77.7,-4.86981488377e-05,-0.00426082532002,1.11596645356e-06
77.75,-4.82468230636e-05,-0.00425770126642,1.10548030069e-06
77.8,-4.77996322452e-05,-0.00425458382219,1.09509437224e-06
77.85,-4.73567758205e-05,-0.00425147295965,1.08480806526e-06
77.9,-4.69179755949e-05,-0.00424836865183,1.07461984944e-06
77.95,-4.64831950567e-05,-0.00424527087115,1.06452778924e-06
78.0,-4.60523980133e-05,-0.00424217959008,1.05453238455e-06
78.05,-4.56255485899e-05,-0.00423909478115,1.04463226958e-06
78.1,-4.52026112258e-05,-0.00423601641694,1.03482671965e-06
78.15,-4.47835506724e-05,-0.00423294447012,1.02511363866e-06
78.2,-4.43683319898e-05,-0.00422987976781,1.01549214616e-06
78.25,-4.39569205327e-05,-0.00422683118013,1.00596451501e-06
78.3,-4.35492818308e-05,-0.00422379229915,9.9652775841e-07
78.35,-4.3145381814e-05,-0.00422075975783,9.87181335861e-07
78.4,-4.27451867611e-05,-0.00421774671686,9.77923860042e-07
78.45,-4.23486626924e-05,-0.00421475288931,9.68753604487e-07
78.5,-4.19557766824e-05,-0.00421176529207,9.59671018457e-07
78.55,-4.15664959051e-05,-0.0042087838978,9.50674863548e-07
78.6,-4.11807878231e-05,-0.00420580867922,9.41764484746e-07
78.65,-4.07986201847e-05,-0.00420283960913,9.32937978857e-07
78.7,-4.04199610222e-05,-0.00419987666043,9.24194548934e-07
78.75,-4.00447786488e-05,-0.0041969198061,9.1553626722e-07
78.8,-3.9673041657e-05,-0.00419396901914,9.06960412899e-07
78.85,-3.9304915343e-05,-0.00419102427265,8.98466496209e-07
78.9,-3.89401685789e-05,-0.00418808554042,8.90053259174e-07
78.95,-3.85787708356e-05,-0.0041851527957,8.81719107999e-07
79.0,-3.82206918528e-05,-0.00418222601184,8.73464465925e-07
79.05,-3.7865901637e-05,-0.00417930516225,8.65288210811e-07
79.1,-3.75143704589e-05,-0.00417639022042,8.57189751416e-07
79.15,-3.71660688515e-05,-0.00417348115992,8.49167360329e-07
79.2,-3.68209676074e-05,-0.00417057795442,8.41220316937e-07
79.25,-3.64790377771e-05,-0.00416768057768,8.33350512182e-07
79.3,-3.61402506666e-05,-0.00416478900347,8.25555474217e-07
79.35,-3.58045778352e-05,-0.0041619032057,8.17834761863e-07
79.4,-3.54719910935e-05,-0.00415902315835,8.10187234473e-07
79.45,-3.5142462501e-05,-0.00415614883546,8.02611445749e-07
79.5,-3.48159643641e-05,-0.00415328021121,7.95107785377e-07
79.55,-3.44924692343e-05,-0.00415043939117,7.87675236261e-07
79.6,-3.41719493853e-05,-0.00414760582749,7.80313292557e-07
79.65,-3.38543781209e-05,-0.00414477786035,7.73020371568e-07
79.7,-3.35397287245e-05,-0.00414195546396,7.65795820943e-07
79.75,-3.3227974716e-05,-0.00413914569183,7.58641365707e-07
79.8,-3.29190897725e-05,-0.0041363480351,7.51554763427e-07
79.85,-3.26132107975e-05,-0.00413355590274,7.44535619724e-07
79.9,-3.23101458349e-05,-0.00413076926952,7.37582899511e-07
79.95,-3.20098693818e-05,-0.00412798810984,7.30695289271e-07
80.0,-3.17123561613e-05,-0.00412521239817,7.23873146905e-07
80.05,-3.14175811202e-05,-0.00412244210908,7.17115549559e-07
80.1,-3.11255194272e-05,-0.00411967721723,7.10422014244e-07
80.15,-3.08361464711e-05,-0.00411691769735,7.03791116224e-07
80.2,-3.05494378586e-05,-0.00411416352429,6.97222265032e-07
80.25,-3.0265369413e-05,-0.00411141467298,6.90717034672e-07
80.3,-2.99839171719e-05,-0.00410867111842,6.84273383111e-07
80.35,-2.97050573855e-05,-0.00410593283571,6.77890951258e-07
80.4,-2.94287665147e-05,-0.00410319980004,6.71568800157e-07
80.45,-2.91550212296e-05,-0.00410047198669,6.65305737358e-07
80.5,-2.88837984073e-05,-0.00409774937105,6.59102092184e-07
80.55,-2.86150751303e-05,-0.00409503192859,6.52957027783e-07
80.6,-2.83488286849e-05,-0.00409231963486,6.46870107747e-07
80.65,-2.80850365593e-05,-0.00408961246551,6.40840038109e-07
80.7,-2.78236764417e-05,-0.00408691039629,6.34866284472e-07
80.75,-2.75647262189e-05,-0.00408422043293,6.28950283304e-07
80.8,-2.73081637174e-05,-0.00408154995949,6.23090192436e-07
80.85,-2.70541024922e-05,-0.004078884492,6.17285684076e-07
80.9,-2.68023831675e-05,-0.00407622400672,6.11535905994e-07
80.95,-2.6552984453e-05,-0.0040735684796,6.05839775003e-07
81.0,-2.63058852479e-05,-0.00407091788669,6.00197593622e-07
81.05,-2.6061064639e-05,-0.00406827220414,5.946086024e-07
81.1,-2.58185018995e-05,-0.00406563140817,5.89072406506e-07
81.15,-2.55781764869e-05,-0.00406299547512,5.83587830131e-07
81.2,-2.53400680419e-05,-0.00406036438142,5.78154389115e-07
81.25,-2.51041563865e-05,-0.00405774158744,5.72773394092e-07
81.3,-2.48704214937e-05,-0.00405513289603,5.67443158702e-07
81.35,-2.4638843469e-05,-0.00405252960503,5.62163394564e-07
81.4,-2.44094026681e-05,-0.0040499310901,5.56933328312e-07
81.45,-2.41820796269e-05,-0.00404733732791,5.51751975974e-07
81.5,-2.39568550549e-05,-0.0040447482952,5.46619615526e-07
81.55,-2.37337098338e-05,-0.00404216396881,5.41535557759e-07
81.6,-2.35126250159e-05,-0.00403958432567,5.36499445494e-07
81.65,-2.32935818227e-05,-0.00403700934282,5.3151021023e-07
81.7,-2.30765616432e-05,-0.00403443899739,5.26567413343e-07
81.75,-2.2861546033e-05,-0.00403187326661,5.21672250836e-07
81.8,-2.26485167123e-05,-0.00402931212778,5.16823187681e-07
81.85,-2.24375676973e-05,-0.0040267555583,5.12019959736e-07
81.9,-2.22285666998e-05,-0.00402420353601,5.07261864827e-07
81.95,-2.20214959583e-05,-0.00402165603849,5.02548009107e-07
82.0,-2.18163378701e-05,-0.00401911304346,4.97878648094e-07
82.05,-2.16130749898e-05,-0.00401657452867,4.93253156344e-07
82.1,-2.14116900281e-05,-0.00401404727645,4.88671210799e-07
82.15,-2.12121656683e-05,-0.00401153693207,4.84131850531e-07
82.2,-2.10144849831e-05,-0.00400903098324,4.79634675226e-07
82.25,-2.08186311485e-05,-0.00400652940793,4.75180776199e-07
82.3,-2.06245874909e-05,-0.00400403218416,4.70768757127e-07
82.35,-2.04323374859e-05,-0.0040015392901,4.6639837927e-07
82.4,-2.02418647571e-05,-0.00399905070399,4.62069004817e-07
82.45,-2.0053153075e-05,-0.00399656640416,4.57779821366e-07
82.5,-1.98661863551e-05,-0.00399408636906,4.53531063457e-07
82.55,-1.96809486573e-05,-0.00399161057723,4.49322163132e-07
82.6,-1.94974241843e-05,-0.0039891390073,4.45152827853e-07
82.65,-1.93155972806e-05,-0.00398667163799,4.41022174808e-07
82.7,-1.91354524309e-05,-0.00398420844813,4.36929843739e-07
82.75,-1.89569742592e-05,-0.00398175082416,4.32876830724e-07
82.8,-1.87801475187e-05,-0.00397930650796,4.28861866158e-07
82.85,-1.86050500318e-05,-0.00397686889318,4.24884737546e-07
82.9,-1.84315720131e-05,-0.00397443540421,4.20944866472e-07
82.95,-1.82596986611e-05,-0.00397200602011,4.17041514503e-07
83.0,-1.8089415307e-05,-0.00396958072001,4.13174896947e-07
83.05,-1.79207074138e-05,-0.00396715948315,4.09344498011e-07
83.1,-1.77535605746e-05,-0.00396474228886,4.05550052788e-07
83.15,-1.75879605125e-05,-0.00396232911658,4.01790758585e-07
83.2,-1.74238930782e-05,-0.00395991994582,3.98066288736e-07
83.25,-1.72613442501e-05,-0.00395751475621,3.94377552264e-07
83.3,-1.71003001322e-05,-0.00395511352745,3.90723393572e-07
83.35,-1.69407469537e-05,-0.00395271623936,3.87103617722e-07
83.4,-1.67826710675e-05,-0.00395032287182,3.51747885255e-07
83.45,-1.66260580803e-05,-0.00394793385923,3.4495693894e-07
83.5,-1.64708953931e-05,-0.00394554877043,3.41761808821e-07
83.55,-1.63171698223e-05,-0.00394316753433,3.0685587925e-07
83.6,-1.61648673606e-05,-0.0039408011619,3.00485014695e-07
83.65,-1.60139755979e-05,-0.00393844524844,2.97702329344e-07
83.7,-1.58644817628e-05,-0.00393609310611,2.94945384832e-07
83.75,-1.5716373047e-05,-0.00393374471548,2.6051268964e-07
83.8,-1.55696359464e-05,-0.00393140050347,2.5457641775e-07
83.85,-1.54243357162e-05,-0.0039290600469,2.52220526627e-07
83.9,-1.52803813836e-05,-0.00392672327649,2.49886406201e-07
83.95,-1.5137760617e-05,-0.00392439017328,2.47573854885e-07
84.0,-1.49964611962e-05,-0.00392206071838,2.45283133721e-07
84.05,-1.48564710109e-05,-0.00391973489302,2.43013574676e-07
84.1,-1.47177780602e-05,-0.00391741267849,2.40765366521e-07
84.15,-1.45803704511e-05,-0.0039150940562,2.38537922727e-07
84.2,-1.44442363982e-05,-0.00391277900762,2.36331051197e-07
84.25,-1.43093642221e-05,-0.00391046751433,1.70927817454e-07
84.3,-1.41757408779e-05,-0.00390816830511,1.30718329144e-07
84.35,-1.40433554923e-05,-0.00390587820329,1.25996120098e-07
84.4,-1.39121975178e-05,-0.00390359165775,1.2483111008e-07
84.45,-1.37822557742e-05,-0.00390130860019,1.2367685138e-07
84.5,-1.36535190998e-05,-0.00389902901267,1.22533664526e-07
84.55,-1.35259764337e-05,-0.00389675287734,1.21401022638e-07
84.6,-1.33996168151e-05,-0.00389448017644,8.87341711658e-08
84.65,-1.32744286953e-05,-0.00389221133644,8.44065905116e-08
84.7,-1.3150401946e-05,-0.00388994593774,8.36264982044e-08
84.75,-1.30275259785e-05,-0.0038876839127,8.28535993126e-08
84.8,-1.29057902222e-05,-0.00388542524403,8.20878274568e-08
84.85,-1.27852480969e-05,-0.00388316991446,8.1329535908e-08
84.9,-1.26658240703e-05,-0.00388091790704,8.05782319108e-08
84.95,-1.25475078747e-05,-0.00387866920468,7.98338510487e-08
85.0,-1.24302893352e-05,-0.00387642379039,7.90967121494e-08
85.05,-1.23141583691e-05,-0.00387418164727,7.83663615121e-08
85.1,-1.21991049849e-05,-0.00387194275849,7.76427366153e-08
85.15,-1.20851192814e-05,-0.0038697071073,7.69257755165e-08
85.2,-1.19721914472e-05,-0.00386747467705,7.62154168464e-08
85.25,-1.18603117597e-05,-0.00386525454107,7.55115998035e-08
85.3,-1.17494704909e-05,-0.00386304371326,7.48142656278e-08
85.35,-1.16396581318e-05,-0.00386083604614,7.41237359426e-08
85.4,-1.15308652238e-05,-0.00385863152319,7.34395618702e-08
85.45,-1.14230823938e-05,-0.00385643012802,7.27616849141e-08
85.5,-1.13163003541e-05,-0.00385423184429,4.07029276359e-08
85.55,-1.12105093246e-05,-0.00385203709059,3.68373016914e-08
85.6,-1.11057007179e-05,-0.00384984545712,3.64973788521e-08
85.65,-1.10018655613e-05,-0.00384765687876,3.61605831637e-08
85.7,-1.08989948986e-05,-0.00384547133959,3.58268858696e-08
85.75,-1.07970798545e-05,-0.00384328882381,3.54962584792e-08
85.8,-1.06961116346e-05,-0.00384111319561,3.51686727628e-08
85.85,-1.05961344651e-05,-0.00383894936334,3.51593057923e-09
85.9,-1.04970851454e-05,-0.00383678897067,0.0
85.95,-1.03989556326e-05,-0.003834631609,0.0
86.0,-1.03017375246e-05,-0.00383247721371,0.0
86.05,-1.02054224349e-05,-0.00383032576931,0.0
86.1,-1.01100020529e-05,-0.00382817726037,0.0
86.15,-1.00154681433e-05,-0.00382603167156,0.0
86.2,-9.92181254586e-06,-0.00382388898763,0.0
86.25,-9.82902717427e-06,-0.00382174919341,0.0
86.3,-9.73710401568e-06,-0.00381961227379,0.0
86.35,-9.64603513005e-06,-0.00381747821375,0.0
86.4,-9.55581264943e-06,-0.00381534699835,0.0
86.45,-9.46642877741e-06,-0.00381321861273,0.0
86.5,-9.37787578843e-06,-0.0038110930421,0.0
86.55,-9.29014602714e-06,-0.00380897027175,0.0
86.6,-9.20323190781e-06,-0.00380685028705,0.0
86.65,-9.1171259137e-06,-0.00380473307344,0.0
86.7,-9.03182059643e-06,-0.00380261861644,0.0
86.75,-8.94730857537e-06,-0.00380050690164,0.0
86.8,-8.86358253707e-06,-0.00379839791472,0.0
86.85,-8.78067911633e-06,-0.00379629164143,0.0
86.9,-8.6985463858e-06,-0.0037941880677,0.0
86.95,-8.61717724267e-06,-0.00379208717944,0.0
87.0,-8.53656464875e-06,-0.00378998896261,0.0
87.05,-8.45670162987e-06,-0.00378789340324,0.0
87.1,-8.37758127539e-06,-0.00378581152851,0.0
87.15,-8.29919667143e-06,-0.00378373466573,0.0
87.2,-8.22154106469e-06,-0.00378166041184,0.0
87.25,-8.14460773289e-06,-0.00377958875301,0.0
87.3,-8.06839001498e-06,-0.00377752158317,0.0
87.35,-7.99288130558e-06,-0.00377546567188,0.0
87.4,-7.91807504217e-06,-0.00377341420801,0.0
87.45,-7.84396474023e-06,-0.00377136531303,0.0
87.5,-7.77054397924e-06,-0.00376931897327,0.0
87.55,-7.69780639717e-06,-0.00376727517511,0.0
87.6,-7.62574568996e-06,-0.00376523390502,0.0
87.65,-7.55435561101e-06,-0.00376319514954,0.0
87.7,-7.48362997064e-06,-0.00376115889527,0.0
87.75,-7.41356263562e-06,-0.00375912512892,0.0
87.8,-7.34414752863e-06,-0.00375709383723,0.0
87.85,-7.2754149869e-06,-0.00375506500704,0.0
87.9,-7.20732196752e-06,-0.00375303862536,0.0
87.95,-7.13986256854e-06,-0.00375101467916,0.0
88.0,-7.07303094183e-06,-0.0037489931555,0.0
88.05,-7.00682129258e-06,-0.00374697404148,0.0
88.1,-6.94122787884e-06,-0.0037449573243,0.0
88.15,-6.87624501104e-06,-0.00374294299122,0.0
88.2,-6.81186705152e-06,-0.00374093102959,0.0
88.25,-6.74808841407e-06,-0.00373892142679,0.0
88.3,-6.68490356346e-06,-0.00373691417031,0.0
88.35,-6.62230701498e-06,-0.0037349092477,0.0
88.4,-5.61804735791e-06,-0.00373290664655,0.0
88.45,-4.1512318924e-06,-0.00373090379089,0.0
88.5,-4.11235729963e-06,-0.00372889942743,0.0
88.55,-4.0738446852e-06,-0.00372689745526,0.0
88.6,-4.03569070572e-06,-0.00372489786096,0.0
88.65,-3.99789204829e-06,-0.00372290063117,0.0
88.7,-3.96044543026e-06,-0.00372090575264,0.0
88.75,-3.92334759892e-06,-0.00371891321217,0.0
88.8,-3.88659533128e-06,-0.00371692299665,0.0
88.85,-3.85020467528e-06,-0.00371494367664,0.0
88.9,-3.81415283485e-06,-0.00371297035345,0.0
88.95,-3.77843667597e-06,-0.00371099934462,0.0
89.0,-3.74305309783e-06,-0.00370903063714,0.0
89.05,-3.70799902795e-06,-0.00370706421805,0.0
89.1,-3.6732714219e-06,-0.00370510007449,0.0
89.15,-3.63886726302e-06,-0.00370314913449,0.0
89.2,-3.60478353554e-06,-0.00370120140423,0.0
89.25,-3.57101729135e-06,-0.00369925590581,0.0
89.3,-3.53756559624e-06,-0.00369731262655,0.0
89.35,-3.50442554281e-06,-0.00369537155387,0.0
89.4,-3.47159425019e-06,-0.00369343267525,0.0
89.45,-3.43906886386e-06,-0.00369149597825,0.0
89.5,-3.40684655538e-06,-0.00368956145051,0.0
89.55,-3.37492452216e-06,-0.00368762907977,0.0
89.6,-3.34329998724e-06,-0.00368569885381,0.0
89.65,-3.31197019902e-06,-0.00368377076051,0.0
89.7,-3.28093243111e-06,-0.00368184478782,0.0
89.75,-3.25018398202e-06,-0.00367992092376,0.0
89.8,-3.21972217499e-06,-0.00367799915645,0.0
89.85,-3.18956029767e-06,-0.00367607947405,0.0
89.9,-3.1596794676e-06,-0.00367416186486,0.0
89.95,-3.13007708547e-06,-0.00367224631721,0.0
90.0,-3.10075057575e-06,-0.00367033281949,0.0
90.05,-3.07169738648e-06,-0.00366842136018,0.0
90.1,-3.04291498902e-06,-0.00366651192782,0.0
90.15,-3.01440087791e-06,-0.00366460451103,0.0
90.2,-2.98615257059e-06,-0.0036626990985,0.0
90.25,-2.95816760724e-06,-0.00366079567899,0.0
90.3,-2.93044355056e-06,-0.00365889424134,0.0
90.35,-2.90297798555e-06,-0.00365699956577,0.0
90.4,-2.87576851489e-06,-0.00365511413801,0.0
90.45,-2.84881276106e-06,-0.00365323068662,0.0
90.5,-2.82210837522e-06,-0.00365134920047,0.0
90.55,-2.79565303006e-06,-0.00364946966852,0.0
90.6,-2.76944441958e-06,-0.00364759207977,0.0
90.65,-2.74348025892e-06,-0.00364571642331,0.0
90.7,-2.71775828415e-06,-0.00364384268831,0.0
90.75,-2.69227625209e-06,-0.00364197086398,0.0
90.8,-2.66703194012e-06,-0.00364010093962,0.0
90.85,-2.64203634966e-06,-0.0036382329046,0.0
90.9,-2.61727383437e-06,-0.00363636674837,0.0
90.95,-2.59274223605e-06,-0.00363450246045,0.0
91.0,-2.56843941631e-06,-0.00363264003038,0.0
91.05,-2.54436325634e-06,-0.00363077944781,0.0
91.1,-2.52051165677e-06,-0.00362892070243,0.0
91.15,-2.49688253747e-06,-0.00362706378401,0.0
91.2,-2.47347383739e-06,-0.00362520868237,0.0
91.25,-2.45028351439e-06,-0.00362335538742,0.0
91.3,-2.42730954504e-06,-0.00362150388911,0.0
91.35,-2.4045499245e-06,-0.00361965417746,0.0
91.4,-1.43491264733e-06,-0.00361781040621,0.0
91.45,0.0,-0.00361597218452,0.0
91.5,0.0,-0.00361413203461,0.0
91.55,0.0,-0.00361229373435,0.0
91.6,0.0,-0.00361045727264,0.0
91.65,0.0,-0.00360862263848,0.0
91.7,0.0,-0.00360678982094,0.0
91.75,0.0,-0.00360495880917,0.0
91.8,0.0,-0.00360312959238,0.0
91.85,0.0,-0.00360130452424,0.0
91.9,0.0,-0.00359948950619,0.0
91.95,0.0,-0.0035976775228,0.0
92.0,0.0,-0.00359586731873,0.0
92.05,0.0,-0.00359405888336,0.0
92.1,0.0,-0.00359225220613,0.0
92.15,0.0,-0.00359044727655,0.0
92.2,0.0,-0.00358864408422,0.0
92.25,0.0,-0.00358684261879,0.0
92.3,0.0,-0.00358504287,0.0
92.35,0.0,-0.00358324482765,0.0
92.4,0.0,-0.00358144848164,0.0
92.45,0.0,-0.00357965382191,0.0
92.5,0.0,-0.00357786083848,0.0
92.55,0.0,-0.00357606952145,0.0
92.6,0.0,-0.00357427986098,0.0
92.65,0.0,-0.0035724918473,0.0
92.7,0.0,-0.00357070547071,0.0
92.75,0.0,-0.00356892072159,0.0
92.8,0.0,-0.00356713759038,0.0
92.85,0.0,-0.00356535606758,0.0
92.9,0.0,-0.00356357614376,0.0
92.95,0.0,-0.00356179780956,0.0
93.0,0.0,-0.0035600210557,0.0
93.05,0.0,-0.00355824587295,0.0
93.1,0.0,-0.00355647225213,0.0
93.15,0.0,-0.00355470018416,0.0
93.2,0.0,-0.00355292966001,0.0
93.25,0.0,-0.0035511606707,0.0
93.3,0.0,-0.00354939320734,0.0
93.35,0.0,-0.00354762779851,0.0
93.4,0.0,-0.00354587208174,0.0
93.45,0.0,-0.00354412086858,0.0
93.5,0.0,-0.00354237117286,0.0
93.55,0.0,-0.00354062298573,0.0
93.6,0.0,-0.00353887629845,0.0
93.65,0.0,-0.0035371311023,0.0
93.7,0.0,-0.00353538738865,0.0
93.75,0.0,-0.00353364514893,0.0
93.8,0.0,-0.00353190437462,0.0
93.85,0.0,-0.00353016505726,0.0
93.9,0.0,-0.00352842718845,0.0
93.95,0.0,-0.00352669888614,0.0
94.0,0.0,-0.00352497309044,0.0
94.05,0.0,-0.00352324871821,0.0
94.1,0.0,-0.00352152576119,0.0
94.15,0.0,-0.00351980421118,0.0
94.2,0.0,-0.00351808406002,0.0
94.25,0.0,-0.00351636529964,0.0
94.3,0.0,-0.00351464792199,0.0
94.35,0.0,-0.00351293191913,0.0
94.4,0.0,-0.00351121728312,0.0
94.45,0.0,-0.00350950400611,0.0
94.5,0.0,-0.00350779208031,0.0
94.55,0.0,-0.00350608149797,0.0
94.6,0.0,-0.0035043722514,0.0
94.65,0.0,-0.00350266433296,0.0
94.7,0.0,-0.00350095773508,0.0
94.75,0.0,-0.00349925245023,0.0
94.8,0.0,-0.00349754847095,0.0
94.85,0.0,-0.00349584578981,0.0
94.9,0.0,-0.00349415002598,0.0
94.95,0.0,-0.00349246146347,0.0
95.0,0.0,-0.00349077420297,0.0
95.05,0.0,-0.00348908823706,0.0
95.1,0.0,-0.00348740355836,0.0
95.15,0.0,-0.00348572015953,0.0
95.2,0.0,-0.0034840380333,0.0
95.25,0.0,-0.00348235717246,0.0
95.3,0.0,-0.00348067756982,0.0
95.35,0.0,-0.00347899921828,0.0
95.4,0.0,-0.00347732211076,0.0
95.45,0.0,-0.00347564624024,0.0
95.5,0.0,-0.00347397159977,0.0
95.55,0.0,-0.00347229818242,0.0
95.6,0.0,-0.00347062598133,0.0
95.65,0.0,-0.00346895498968,0.0
95.7,0.0,-0.00346728520071,0.0
95.75,0.0,-0.00346561660769,0.0
95.8,0.0,-0.00346394920396,0.0
95.85,0.0,-0.00346228298289,0.0
95.9,0.0,-0.00346061793791,0.0
95.95,0.0,-0.00345895406249,0.0
96.0,0.0,-0.00345729135016,0.0
96.05,0.0,-0.00345562979447,0.0
96.1,0.0,-0.00345396938904,0.0
96.15,0.0,-0.00345231012754,0.0
96.2,0.0,-0.00345065200366,0.0
96.25,0.0,-0.00344899501116,0.0
96.3,0.0,-0.00344733914384,0.0
96.35,0.0,-0.00344568439552,0.0
96.4,0.0,-0.00344403354308,0.0
96.45,0.0,-0.00344239170371,0.0
96.5,0.0,-0.00344075167089,0.0
96.55,0.0,-0.00343911275819,0.0
96.6,0.0,-0.00343747495945,0.0
96.65,0.0,-0.00343583826854,0.0
96.7,0.0,-0.00343420267939,0.0
96.75,0.0,-0.00343257233558,0.0
96.8,0.0,-0.00343094702302,0.0
96.85,0.0,-0.00342932279636,0.0
96.9,0.0,-0.00342769964959,0.0
96.95,0.0,-0.00342607757676,0.0
97.0,0.0,-0.00342445657194,0.0
97.05,0.0,-0.00342283662927,0.0
97.1,0.0,-0.00342121774289,0.0
97.15,0.0,-0.00341959990704,0.0
97.2,0.0,-0.00341798311594,0.0
97.25,0.0,-0.00341636736391,0.0
97.3,0.0,-0.00341475264528,0.0
97.35,0.0,-0.00341313895441,0.0
97.4,0.0,-0.00341152628573,0.0
97.45,0.0,-0.0034099146337,0.0
97.5,0.0,-0.00340830399281,0.0
97.55,0.0,-0.00340669435761,0.0
97.6,0.0,-0.00340508572267,0.0
97.65,0.0,-0.00340347808261,0.0
97.7,0.0,-0.00340187143209,0.0
97.75,0.0,-0.0034002657658,0.0
97.8,0.0,-0.00339866107847,0.0
97.85,0.0,-0.0033970573649,0.0
97.9,0.0,-0.00339545564866,0.0
97.95,0.0,-0.00339386271989,0.0
98.0,0.0,-0.00339227312131,0.0
98.05,0.0,-0.00339068450055,0.0
98.1,0.0,-0.00338909685235,0.0
98.15,0.0,-0.0033875101715,0.0
98.2,0.0,-0.00338592445281,0.0
98.25,0.0,-0.00338433969113,0.0
98.3,0.0,-0.00338275588136,0.0
98.35,0.0,-0.00338117301842,0.0
98.4,0.0,-0.0033795910973,0.0
98.45,0.0,-0.00337801011298,0.0
98.5,0.0,-0.00337643006052,0.0
98.55,0.0,-0.00337485093499,0.0
98.6,0.0,-0.00337327273149,0.0
98.65,0.0,-0.00337169544519,0.0
98.7,0.0,-0.00337011907126,0.0
98.75,0.0,-0.00336854360493,0.0
98.8,0.0,-0.00336696904144,0.0
98.85,0.0,-0.0033653953761,0.0
98.9,0.0,-0.00336382260421,0.0
98.95,0.0,-0.00336225072115,0.0
99.0,0.0,-0.0033606797223,0.0
99.05,0.0,-0.00335910960308,0.0
99.1,0.0,-0.00335754035897,0.0
99.15,0.0,-0.00335597198544,0.0
99.2,0.0,-0.00335440447803,0.0
99.25,0.0,-0.0033528378323,0.0
99.3,0.0,-0.00335127204383,0.0
99.35,0.0,-0.00334970710825,0.0
99.4,0.0,-0.00334814302121,0.0
99.45,0.0,-0.00334658617165,0.0
99.5,0.0,-0.00334503482823,0.0
99.55,0.0,-0.00334348434482,0.0
99.6,0.0,-0.00334193471697,0.0
99.65,0.0,-0.00334038594028,0.0
99.7,0.0,-0.00333883801037,0.0
99.75,0.0,-0.00333729092292,0.0
99.8,0.0,-0.00333574467361,0.0
99.85,0.0,-0.00333420067901,0.0
99.9,0.0,-0.00333266326181,0.0
99.95,0.0,-0.00333112667953,0.0
100.0,0.0,-0.00332959092205,0.0
