"time","AMPA","NMDA","GABAa"
0.0,0.0,0.0,0.0
0.05,0.0,0.0,0.0
0.1,0.0,0.0,0.0
0.15,0.0,0.0,0.0
0.2,0.0,0.0,0.0
0.25,0.0,0.0,0.0
0.3,0.0,0.0,0.0
0.35,0.0,0.0,0.0
0.4,0.0,0.0,0.0
0.45,0.0,0.0,0.0
0.5,0.0,0.0,0.0
0.55,0.0,0.0,0.0
0.6,0.0,0.0,0.0
0.65,0.0,0.0,0.0
0.7,0.0,0.0,0.0
0.75,0.0,0.0,0.0
0.8,0.0,0.0,0.0
0.85,0.0,0.0,0.0
0.9,0.0,0.0,0.0
0.95,0.0,0.0,0.0
1.0,0.0,0.0,0.0
1.05,0.0,0.0,0.0
1.1,0.0,0.0,0.0
1.15,0.0,0.0,0.0
1.2,0.0,0.0,0.0
1.25,0.0,0.0,0.0
1.3,0.0,0.0,0.0
1.35,0.0,0.0,0.0
1.4,0.0,0.0,0.0
1.45,0.0,0.0,0.0
1.5,0.0,0.0,0.0
1.55,0.0,0.0,0.0
1.6,0.0,0.0,0.0
1.65,0.0,0.0,0.0
1.7,0.0,0.0,0.0
1.75,0.0,0.0,0.0
1.8,0.0,0.0,0.0
1.85,0.0,0.0,0.0
1.9,0.0,0.0,0.0
1.95,0.0,0.0,0.0
2.0,0.0,0.0,0.0
2.05,0.0,0.0,0.0
2.1,0.0,0.0,0.0
2.15,0.0,0.0,0.0
2.2,0.0,0.0,0.0
2.25,0.0,0.0,0.0
2.3,0.0,0.0,0.0
2.35,0.0,0.0,0.0
2.4,0.0,0.0,0.0
2.45,0.0,0.0,0.0
2.5,0.0,0.0,0.0
2.55,0.0,0.0,0.0
2.6,0.0,0.0,0.0
2.65,0.0,0.0,0.0
2.7,0.0,0.0,0.0
2.75,0.0,0.0,0.0
2.8,0.0,0.0,0.0
2.85,0.0,0.0,0.0
2.9,0.0,0.0,0.0
2.95,0.0,0.0,0.0
3.0,0.0,0.0,0.0
3.05,0.0,0.0,0.0
3.1,0.0,0.0,0.0
3.15,0.0,0.0,0.0
3.2,0.0,0.0,0.0
3.25,0.0,0.0,0.0
3.3,0.0,0.0,0.0
3.35,0.0,0.0,0.0
3.4,0.0,0.0,0.0
3.45,0.0,0.0,0.0
3.5,0.0,0.0,0.0
3.55,0.0,0.0,0.0
3.6,0.0,0.0,0.0
3.65,0.0,0.0,0.0
3.7,0.0,0.0,0.0
3.75,0.0,0.0,0.0
3.8,0.0,0.0,0.0
3.85,0.0,0.0,0.0
3.9,0.0,0.0,0.0
3.95,0.0,0.0,0.0
4.0,0.0,0.0,0.0
4.05,0.0,0.0,0.0
4.1,0.0,0.0,0.0
4.15,0.0,0.0,0.0
4.2,0.0,0.0,0.0
4.25,0.0,0.0,0.0
4.3,0.0,0.0,0.0
4.35,0.0,0.0,0.0
4.4,0.0,0.0,0.0
4.45,0.0,0.0,0.0
4.5,0.0,0.0,0.0
4.55,0.0,0.0,0.0
4.6,0.0,0.0,0.0
4.65,0.0,0.0,0.0
4.7,0.0,0.0,0.0
4.75,0.0,0.0,0.0
4.8,0.0,0.0,0.0
4.85,0.0,0.0,0.0
4.9,0.0,0.0,0.0
4.95,0.0,0.0,0.0
5.0,0.0,0.0,0.0
5.05,0.0,0.0,0.0
5.1,0.0,0.0,0.0
5.15,0.0,0.0,0.0
5.2,0.0,0.0,0.0
5.25,0.0,0.0,0.0
5.3,0.0,0.0,0.0
5.35,0.0,0.0,0.0
5.4,0.0,0.0,0.0
5.45,0.0,0.0,0.0
5.5,0.0,0.0,0.0
5.55,0.0,0.0,0.0
5.6,0.0,0.0,0.0
5.65,0.0,0.0,0.0
5.7,0.0,0.0,0.0
5.75,0.0,0.0,0.0
5.8,0.0,0.0,0.0
5.85,0.0,0.0,0.0
5.9,0.0,0.0,0.0
5.95,0.0,0.0,0.0
6.0,0.0,0.0,0.0
6.05,0.0,0.0,0.0
6.1,0.0,0.0,0.0
6.15,0.0,0.0,0.0
6.2,0.0,0.0,0.0
6.25,0.0,0.0,0.0
6.3,0.0,0.0,0.0
6.35,0.0,0.0,0.0
6.4,0.0,0.0,0.0
6.45,0.0,0.0,0.0
6.5,0.0,0.0,0.0
6.55,0.0,0.0,0.0
6.6,0.0,0.0,0.0
6.65,0.0,0.0,0.0
6.7,0.0,0.0,0.0
6.75,0.0,0.0,0.0
6.8,0.0,0.0,0.0
6.85,0.0,0.0,0.0
6.9,0.0,0.0,0.0
6.95,0.0,0.0,0.0
7.0,0.0,0.0,0.0
7.05,0.0,0.0,0.0
7.1,0.0,0.0,0.0
7.15,0.0,0.0,0.0
7.2,0.0,0.0,0.0
7.25,0.0,0.0,0.0
7.3,0.0,0.0,0.0
7.35,0.0,0.0,0.0
7.4,0.0,0.0,0.0
7.45,0.0,0.0,0.0
7.5,0.0,0.0,0.0
7.55,0.0,0.0,0.0
7.6,0.0,0.0,0.0
7.65,0.0,0.0,0.0
7.7,0.0,0.0,0.0
7.75,0.0,0.0,0.0
7.8,0.0,0.0,0.0
7.85,0.0,0.0,0.0
7.9,0.0,0.0,0.0
7.95,0.0,0.0,0.0
8.0,0.0,0.0,0.0
8.05,0.0,0.0,0.0
8.1,0.0,0.0,0.0
8.15,0.0,0.0,0.0
8.2,0.0,0.0,0.0
8.25,0.0,0.0,0.0
8.3,0.0,0.0,0.0
8.35,0.0,0.0,0.0
8.4,0.0,0.0,0.0
8.45,0.0,0.0,0.0
8.5,0.0,0.0,0.0
8.55,0.0,0.0,0.0
8.6,0.0,0.0,0.0
8.65,0.0,0.0,0.0
8.7,0.0,0.0,0.0
8.75,0.0,0.0,0.0
8.8,0.0,0.0,0.0
8.85,0.0,0.0,0.0
8.9,0.0,0.0,0.0
8.95,0.0,0.0,0.0
9.0,0.0,0.0,0.0
9.05,0.0,0.0,0.0
9.1,0.0,0.0,0.0
9.15,0.0,0.0,0.0
9.2,0.0,0.0,0.0
9.25,0.0,0.0,0.0
9.3,0.0,0.0,0.0
9.35,0.0,0.0,0.0
9.4,0.0,0.0,0.0
9.45,0.0,0.0,0.0
9.5,0.0,0.0,0.0
9.55,0.0,0.0,0.0
9.6,0.0,0.0,0.0
9.65,0.0,0.0,0.0
9.7,0.0,0.0,0.0
9.75,0.0,0.0,0.0
9.8,0.0,0.0,0.0
9.85,0.0,0.0,0.0
9.9,0.0,0.0,0.0
9.95,0.0,0.0,0.0
10.0,0.0,0.0,0.0
10.05,0.0,0.0,0.0
10.1,0.0,0.0,0.0
10.15,0.0,0.0,0.0
10.2,0.0,0.0,0.0
10.25,0.0,0.0,0.0
10.3,0.0,0.0,0.0
10.35,0.0,0.0,0.0
10.4,0.0,0.0,0.0
10.45,0.0,0.0,0.0
10.5,0.0,0.0,0.0
10.55,0.0,0.0,0.0
10.6,0.0,0.0,0.0
10.65,0.0,0.0,0.0
10.7,0.0,0.0,0.0
10.75,0.0,0.0,0.0
10.8,0.0,0.0,0.0
10.85,0.0,0.0,0.0
10.9,0.0,0.0,0.0
10.95,0.0,0.0,0.0
11.0,0.0,0.0,0.0
11.05,0.0,0.0,0.0
11.1,0.0,0.0,0.0
11.15,0.0,0.0,0.0
11.2,0.0,0.0,0.0
11.25,0.0,0.0,0.0
11.3,0.0,0.0,0.0
11.35,0.0,0.0,0.0
11.4,0.0,0.0,0.0
11.45,0.0,0.0,0.0
11.5,0.0,0.0,0.0
11.55,0.0,0.0,0.0
11.6,0.0,0.0,0.0
11.65,0.0,0.0,0.0
11.7,0.0,0.0,0.0
11.75,0.0,0.0,0.0
11.8,0.0,0.0,0.0
11.85,0.0,0.0,0.0
11.9,0.0,0.0,0.0
11.95,0.0,0.0,0.0
12.0,0.0,0.0,0.0
12.05,0.0,0.0,0.0
12.1,0.0,0.0,0.0
12.15,0.0,0.0,0.0
12.2,0.0,0.0,0.0
12.25,0.0,0.0,0.0
12.3,0.0,0.0,0.0
12.35,0.0,0.0,0.0
12.4,0.0,0.0,0.0
12.45,0.0,0.0,0.0
12.5,0.0,0.0,0.0
12.55,0.0,0.0,0.0
12.6,0.0,0.0,0.0
12.65,0.0,0.0,0.0
12.7,0.0,0.0,0.0
12.75,0.0,0.0,0.0
12.8,0.0,0.0,0.0
12.85,0.0,0.0,0.0
12.9,0.0,0.0,0.0
12.95,0.0,0.0,0.0
13.0,0.0,0.0,0.0
13.05,0.0,0.0,0.0
13.1,0.0,0.0,0.0
13.15,0.0,0.0,0.0
13.2,0.0,0.0,0.0
13.25,0.0,0.0,0.0
13.3,0.0,0.0,0.0
13.35,0.0,0.0,0.0
13.4,0.0,0.0,0.0
13.45,0.0,0.0,0.0
13.5,0.0,0.0,0.0
13.55,0.0,0.0,0.0
13.6,0.0,0.0,0.0
13.65,0.0,0.0,0.0
13.7,0.0,0.0,0.0
13.75,0.0,0.0,0.0
13.8,0.0,0.0,0.0
13.85,0.0,0.0,0.0
13.9,0.0,0.0,0.0
13.95,0.0,0.0,0.0
14.0,0.0,0.0,0.0
14.05,0.0,0.0,0.0
14.1,0.0,0.0,0.0
14.15,0.0,0.0,0.0
14.2,0.0,0.0,0.0
14.25,0.0,0.0,0.0
14.3,0.0,0.0,0.0
14.35,0.0,0.0,0.0
14.4,0.0,0.0,0.0
14.45,0.0,0.0,0.0
14.5,0.0,0.0,0.0
14.55,0.0,0.0,0.0
14.6,0.0,0.0,0.0
14.65,0.0,0.0,0.0
14.7,0.0,0.0,0.0
14.75,0.0,0.0,0.0
14.8,0.0,0.0,0.0
14.85,0.0,0.0,0.0
14.9,0.0,0.0,0.0
14.95,0.0,0.0,0.0
15.0,0.0,0.0,0.0
15.05,0.0,0.0,0.0
15.1,0.0,0.0,0.0
15.15,0.0,0.0,0.0
15.2,0.0,0.0,0.0
15.25,0.0,0.0,0.0
15.3,0.0,0.0,0.0
15.35,0.0,0.0,0.0
15.4,0.0,0.0,0.0
15.45,0.0,0.0,0.0
15.5,0.0,0.0,0.0
15.55,0.0,0.0,0.0
15.6,0.0,0.0,0.0
15.65,0.0,0.0,0.0
15.7,0.0,0.0,0.0
15.75,0.0,0.0,0.0
15.8,0.0,0.0,0.0
15.85,0.0,0.0,0.0
15.9,0.0,0.0,0.0
15.95,0.0,0.0,0.0
16.0,0.0,0.0,0.0
16.05,0.0,0.0,0.0
16.1,0.0,0.0,0.0
16.15,0.0,0.0,0.0
16.2,0.0,0.0,0.0
16.25,0.0,0.0,0.0
16.3,0.0,0.0,0.0
16.35,0.0,0.0,0.0
16.4,0.0,0.0,0.0
16.45,0.0,0.0,0.0
16.5,0.0,0.0,0.0
16.55,0.0,0.0,0.0
16.6,0.0,0.0,0.0
16.65,0.0,0.0,0.0
16.7,0.0,0.0,0.0
16.75,0.0,0.0,0.0
16.8,0.0,0.0,0.0
16.85,0.0,0.0,0.0
16.9,0.0,0.0,0.0
16.95,0.0,0.0,0.0
17.0,0.0,0.0,0.0
17.05,0.0,0.0,0.0
17.1,0.0,0.0,0.0
17.15,0.0,0.0,0.0
17.2,0.0,0.0,0.0
17.25,0.0,0.0,0.0
17.3,0.0,0.0,0.0
17.35,0.0,0.0,0.0
17.4,0.0,0.0,0.0
17.45,0.0,0.0,0.0
17.5,0.0,0.0,0.0
17.55,0.0,0.0,0.0
17.6,0.0,0.0,0.0
17.65,0.0,0.0,0.0
17.7,0.0,0.0,0.0
17.75,0.0,0.0,0.0
17.8,0.0,0.0,0.0
17.85,0.0,0.0,0.0
17.9,0.0,0.0,0.0
17.95,0.0,0.0,0.0
18.0,0.0,0.0,0.0
18.05,0.0,0.0,0.0
18.1,0.0,0.0,0.0
18.15,0.0,0.0,0.0
18.2,0.0,0.0,0.0
18.25,0.0,0.0,0.0
18.3,0.0,0.0,0.0
18.35,0.0,0.0,0.0
18.4,0.0,0.0,0.0
18.45,0.0,0.0,0.0
18.5,0.0,0.0,0.0
18.55,0.0,0.0,0.0
18.6,0.0,0.0,0.0
18.65,0.0,0.0,0.0
18.7,0.0,0.0,0.0
18.75,0.0,0.0,0.0
18.8,0.0,0.0,0.0
18.85,0.0,0.0,0.0
18.9,0.0,0.0,0.0
18.95,0.0,0.0,0.0
19.0,0.0,0.0,0.0
19.05,0.0,0.0,0.0
19.1,0.0,0.0,0.0
19.15,0.0,0.0,0.0
19.2,0.0,0.0,0.0
19.25,0.0,0.0,0.0
19.3,0.0,0.0,0.0
19.35,0.0,0.0,0.0
19.4,0.0,0.0,0.0
19.45,0.0,0.0,0.0
19.5,0.0,0.0,0.0
19.55,0.0,0.0,0.0
19.6,0.0,0.0,0.0
19.65,0.0,0.0,0.0
19.7,0.0,0.0,0.0
19.75,0.0,0.0,0.0
19.8,0.0,0.0,0.0
19.85,0.0,0.0,0.0
19.9,0.0,0.0,0.0
19.95,0.0,0.0,0.0
20.0,0.0,0.0,0.0
20.05,0.0,0.0,0.0
20.1,0.0,0.0,0.0
20.15,0.0,0.0,0.0
20.2,0.0,0.0,0.0
20.25,0.0,0.0,0.0
20.3,0.0,0.0,0.0
20.35,0.0,0.0,0.0
20.4,0.0,0.0,0.0
20.45,0.0,0.0,0.0
20.5,0.0,0.0,0.0
20.55,0.0,0.0,0.0
20.6,0.0,0.0,0.0
20.65,0.0,0.0,0.0
20.7,0.0,0.0,0.0
20.75,0.0,0.0,0.0
20.8,0.0,0.0,0.0
20.85,0.0,0.0,0.0
20.9,0.0,0.0,0.0
20.95,0.0,0.0,0.0
21.0,0.0,0.0,0.0
21.05,0.0,0.0,0.0
21.1,0.0,0.0,0.0
21.15,0.0,0.0,0.0
21.2,0.0,0.0,0.0
21.25,0.0,0.0,0.0
21.3,0.0,0.0,0.0
21.35,0.0,0.0,0.0
21.4,0.0,0.0,0.0
21.45,0.0,0.0,0.0
21.5,0.0,0.0,0.0
21.55,0.0,0.0,0.0
21.6,0.0,0.0,0.0
21.65,0.0,0.0,0.0
21.7,0.0,0.0,0.0
21.75,0.0,0.0,0.0
21.8,0.0,0.0,0.0
21.85,0.0,0.0,0.0
21.9,0.0,0.0,0.0
21.95,0.0,0.0,0.0
22.0,0.0,0.0,0.0
22.05,0.0,0.0,0.0
22.1,0.0,0.0,0.0
22.15,0.0,0.0,0.0
22.2,0.0,0.0,0.0
22.25,0.0,0.0,0.0
22.3,0.0,0.0,0.0
22.35,0.0,0.0,0.0
22.4,0.0,0.0,0.0
22.45,0.0,0.0,0.0
22.5,0.0,0.0,0.0
22.55,0.0,0.0,0.0
22.6,0.0,0.0,0.0
22.65,0.0,0.0,0.0
22.7,0.0,0.0,0.0
22.75,0.0,0.0,0.0
22.8,0.0,0.0,0.0
22.85,0.0,0.0,0.0
22.9,0.0,0.0,0.0
22.95,0.0,0.0,0.0
23.0,0.0,0.0,0.0
23.05,0.0,0.0,0.0
23.1,0.0,0.0,0.0
23.15,0.0,0.0,0.0
23.2,0.0,0.0,0.0
23.25,0.0,0.0,0.0
23.3,0.0,0.0,0.0
23.35,0.0,0.0,0.0
23.4,0.0,0.0,0.0
23.45,0.0,0.0,0.0
23.5,0.0,0.0,0.0
23.55,0.0,0.0,0.0
23.6,0.0,0.0,0.0
23.65,0.0,0.0,0.0
23.7,0.0,0.0,0.0
23.75,0.0,0.0,0.0
23.8,0.0,0.0,0.0
23.85,0.0,0.0,0.0
23.9,0.0,0.0,0.0
23.95,0.0,0.0,0.0
24.0,0.0,0.0,0.0
24.05,0.0,0.0,0.0
24.1,0.0,0.0,0.0
24.15,0.0,0.0,0.0
24.2,0.0,0.0,0.0
24.25,0.0,0.0,0.0
24.3,0.0,0.0,0.0
24.35,0.0,0.0,0.0
24.4,0.0,0.0,0.0
24.45,0.0,0.0,0.0
24.5,0.0,0.0,0.0
24.55,0.0,0.0,0.0
24.6,0.0,0.0,0.0
24.65,0.0,0.0,0.0
24.7,0.0,0.0,0.0
24.75,0.0,0.0,0.0
24.8,0.0,0.0,0.0
24.85,0.0,0.0,0.0
24.9,0.0,0.0,0.0
24.95,0.0,0.0,0.0
25.0,0.0,0.0,0.0
25.05,0.0,0.0,0.0
25.1,0.0,0.0,0.0
25.15,0.0,0.0,0.0
25.2,0.0,0.0,0.0
25.25,0.0,0.0,0.0
25.3,0.0,0.0,0.0
25.35,0.0,0.0,0.0
25.4,0.0,0.0,0.0
25.45,0.0,0.0,0.0
25.5,0.0,0.0,0.0
25.55,0.0,0.0,0.0
25.6,0.0,0.0,0.0
25.65,0.0,0.0,0.0
25.7,0.0,0.0,0.0
25.75,0.0,0.0,0.0
25.8,0.0,0.0,0.0
25.85,0.0,0.0,0.0
25.9,0.0,0.0,0.0
25.95,0.0,0.0,0.0
26.0,0.0,0.0,0.0
26.05,0.0,0.0,0.0
26.1,0.0,0.0,0.0
26.15,0.0,0.0,0.0
26.2,0.0,0.0,0.0
26.25,0.0,0.0,0.0
26.3,0.0,0.0,0.0
26.35,0.0,0.0,0.0
26.4,0.0,0.0,0.0
26.45,0.0,0.0,8.57139925941e-17
26.5,0.0,0.0,0.000115827957477
26.55,0.0,0.0,0.000205076448915
26.6,0.0,0.0,0.000273675486804
26.65,0.0,0.0,0.000326270718921
26.7,0.0,0.0,0.000366485834903
26.75,0.0,0.0,0.000397138107098
26.8,0.0,0.0,0.000649673919156
26.85,0.0,0.0,0.000841971867992
26.9,0.0,0.0,0.000987276185387
26.95,0.0,0.0,0.00109611927002
27.0,0.0,0.0,0.00128894166968
27.05,0.0,0.0,0.00143204283414
27.1,0.0,0.0,0.00153672588361
27.15,0.0,0.0,0.0016118661485
27.2,0.0,0.0,0.0016643809319
27.25,0.0,0.0,0.00180668171304
27.3,0.0,0.0,0.00201393330825
27.35,0.0,0.0,0.00216195270781
27.4,0.0,0.0,0.00226451438213
27.45,0.0,0.0,0.0023316727636
27.5,0.0,0.0,0.00236885644546
27.55,0.0,0.0,0.00248519086589
27.6,0.0,0.0,0.00256003132523
27.65,0.0,0.0,0.00260353804406
27.7,0.0,0.0,0.00262355735034
27.75,0.0,0.0,0.00262476732796
27.8,0.0,0.0,0.00260643466145
27.85,0.0,0.0,0.00257946626426
27.9,0.0,0.0,0.00254642265766
27.95,0.0,0.0,0.00250860477547
28.0,0.0,0.0,0.0024649746948
28.05,0.0,0.0,0.00242005531343
28.1,0.0,0.0,0.00237460232757
28.15,0.0,0.0,0.00232916934926
28.2,0.0,0.0,0.00228358285031
28.25,0.0,0.0,0.00223527394684
28.3,0.0,0.0,0.00218536031011
28.35,0.0,0.0,0.00213704517485
28.4,0.0,0.0,0.00209034371009
28.45,0.0,0.0,0.0020452494189
28.5,0.0,0.0,0.00200122035476
28.55,0.0,0.0,0.00195611735349
28.6,0.0,0.0,0.00191278394121
28.65,0.0,0.0,0.00187113794203
28.7,0.0,0.0,0.00183110133218
28.75,0.0,0.0,0.00179260267175
28.8,0.0,0.0,0.00175557618222
28.85,0.0,0.0,0.00171994712708
28.9,0.0,0.0,0.001685652002
28.95,0.0,0.0,0.0016526304466
29.0,0.0,0.0,0.00162082947345
29.05,0.0,0.0,0.00159019235651
29.1,0.0,0.0,0.00156066458738
29.15,0.0,0.0,0.00153219682348
29.2,0.0,0.0,0.00150474211679
29.25,0.0,0.0,0.00147825798016
29.3,0.0,0.0,0.00145270572297
29.35,0.0,0.0,0.00142803839642
29.4,0.0,0.0,0.00140421747473
29.45,0.0,0.0,0.00138120626529
29.5,0.0,0.0,0.00135897350097
29.55,0.0,0.0,0.00133748410207
29.6,0.0,0.0,0.00131670414793
29.65,0.0,0.0,0.00129660340613
29.7,0.0,0.0,0.00127715305534
29.75,0.0,0.0,0.00125832747995
29.8,0.0,0.0,0.0012401037658
29.85,0.0,0.0,0.00122245143358
29.9,0.0,0.0,0.00120534665314
29.95,0.0,0.0,0.00118876668577
30.0,0.0,0.0,0.00117269301142
30.05,0.0,0.0,0.00115710340732
30.1,0.0,0.0,0.00114197621717
30.15,0.0,0.0,0.00112729256921
30.2,0.0,0.0,0.00111303444028
30.25,0.0,0.0,0.00109918624429
30.3,0.0,0.0,0.0010857344313
30.35,0.0,0.0,0.00107265851232
30.4,0.0,0.0,0.0010599434818
30.45,0.0,0.0,0.00104757499686
30.5,0.0,0.0,0.0010355421548
30.55,0.0,0.0,0.00102383053108
30.6,0.0,0.0,0.00101242593137
30.65,0.0,0.0,0.00100131637262
30.7,0.0,0.0,0.000990490391764
30.75,0.0,0.0,0.000979938474292
30.8,0.0,0.0,0.000969652722429
30.85,0.0,0.0,0.000959618847281
30.9,0.0,0.0,0.000949827244668
30.95,0.0,0.0,0.000940268720127
31.0,0.0,0.0,0.00093093699536
31.05,0.0,0.0,0.000921822471289
31.1,0.0,0.0,0.000912915586729
31.15,0.0,0.0,0.000904208613477
31.2,0.0,0.0,0.000895694147632
31.25,0.0,0.0,0.000887366410516
31.3,0.0,0.0,0.000879220965067
31.35,0.0,0.0,0.000871247459348
31.4,0.0,0.0,0.000863439654657
31.45,0.0,0.0,0.000855791569931
31.5,0.0,0.0,0.000848299771399
31.55,0.0,0.0,0.000840957703822
31.6,0.0,0.0,0.00083375873994
31.65,0.0,0.0,0.000826697825126
31.7,0.0,0.0,0.000819770110311
31.75,0.0,0.0,0.000812972148274
31.8,-1.58063264049e-14,-3.12428331981e-15,0.000806301644916
31.85,-0.00584518142522,-7.23829466931e-05,0.00079975080739
31.9,-0.0113091362025,-0.000145536409765,0.00080597113929
31.95,-0.0163908012464,-0.000220143364917,0.000823525873387
32.0,-0.021098022796,-0.000297049173266,0.00085105758382
32.05,-0.0254386173663,-0.000377487901741,0.00088729718499
32.1,-0.0294244180831,-0.000461544040319,0.000931062212925
32.15,-0.0330691090439,-0.000550529573219,0.000981258964588
32.2,-0.0363866230419,-0.000644917564141,0.00103688247223
32.25,-0.0393941509756,-0.000745075819565,0.00109701238056
32.3,-0.0421063405402,-0.000852090117033,0.0011608136281
32.35,-0.0445419098084,-0.000965794266906,0.00122751882266
32.4,-0.0467159075994,-0.00108722386863,0.0012964415135
32.45,-0.0486465207069,-0.0012167217512,0.00136696392447
32.5,-0.0503491649665,-0.00135428932409,0.00143853815593
32.55,-0.0518403503611,-0.00150091268679,0.00151067220505
32.6,-0.0531352986176,-0.00165620161606,0.00158293094408
32.65,-0.0542486625855,-0.00182089115873,0.00165493207728
32.7,-0.0551949801045,-0.00199524731386,0.00172634022499
32.75,-0.0559869800782,-0.00217874874886,0.0017968715252
32.8,-0.0552045977495,-0.00225793538481,0.00186628075373
32.85,-0.0539322876333,-0.00233570060585,0.00193162073069
32.9,-0.0527106231154,-0.00241173257595,0.00199218802576
32.95,-0.051537013996,-0.00248603013355,0.00204825220722
33.0,-0.0504090384277,-0.00255840945326,0.00210007073096
33.05,-0.0493243974523,-0.00262892133424,0.0021478803927
33.1,-0.0482809054337,-0.0026974747398,0.00219190495273
33.15,-0.0472765371934,-0.00276402826111,0.00223235432293
33.2,-0.0463093651725,-0.00282855774631,0.00226942820489
33.25,-0.0453775860746,-0.00289113575946,0.00230331655156
33.3,-0.0444794658442,-0.00295166234235,0.00233420529001
33.35,-0.0436133848025,-0.00301017578436,0.00236225199797
33.4,-0.0427778252792,-0.00306669927038,0.00238761306823
33.45,-0.0419713257201,-0.0031212790925,0.00241043910811
33.5,-0.0411925303043,-0.00317388936566,0.00243087605619
33.55,-0.0404401448656,-0.00322458177592,0.0024490541414
33.6,-0.0397129446588,-0.00327340193534,0.00246509514883
33.65,-0.0390097702578,-0.00332038988096,0.00247911776415
33.7,-0.0383295240527,-0.00336558049639,0.00249123416151
33.75,-0.0376711666901,-0.00340900394992,0.00250155408681
33.8,-0.0370337139865,-0.0034506860718,0.00251018469254
33.85,-0.0364164159799,-0.00349076408627,0.00251721011096
33.9,-0.0358182050136,-0.00352919386408,0.00252271949222
33.95,-0.035238234052,-0.00356604618947,0.00252679866926
34.0,-0.0346757154607,-0.00360138671216,0.00252953399778
34.05,-0.0341298866641,-0.00363525782273,0.00253099950956
34.1,-0.0336000382938,-0.00366765157554,0.00253126248645
34.15,-0.0330854897841,-0.00369873489644,0.00253039118166
34.2,-0.0325855870776,-0.00372846644993,0.00252845110364
34.25,-0.0320997223661,-0.00375689275255,0.00252550656323
34.3,-0.0316273118227,-0.00378406921961,0.00252162254634
34.35,-0.0311678007073,-0.00381005578952,0.00251684334373
34.4,-0.0307206606149,-0.00383489509997,0.00251122120295
34.45,-0.030285388914,-0.0038586272157,0.00250480566561
34.5,-0.0298615073714,-0.00388129266705,0.00249765048744
34.55,-0.0294485612275,-0.00390292884949,0.00248979724866
34.6,-0.0290461173828,-0.00392357035433,0.0024812842585
34.65,-0.0286537632131,-0.0039432491891,0.00247215160896
34.7,-0.0282711057386,-0.00396199493116,0.00246243733377
34.75,-0.027897770607,-0.0039798349093,0.00245218115116
34.8,-0.0275334013403,-0.00399686601297,0.00244142392462
34.85,-0.0271777966555,-0.00401307940393,0.00243018737376
34.9,-0.0268304878216,-0.00402846874153,0.00241850289681
34.95,-0.0264911660613,-0.00404311148868,0.00240639972351
35.0,-0.02615953887,-0.0040570534122,0.00239391186313
35.05,-0.0258353220321,-0.00407023521806,0.00238106315417
35.1,-0.0255182477652,-0.00408281228034,0.00236787476847
35.15,-0.0252080610299,-0.00409468986643,0.00235437031897
35.2,-0.0249045151131,-0.00410597482391,0.0023405725772
35.25,-0.0246073777383,-0.00411663344277,0.00232650623528
35.3,-0.0243164238058,-0.00412674157953,0.00231219809963
35.35,-0.0240314417532,-0.0041362545699,0.00229765733464
35.4,-0.0237522259979,-0.00414528712473,0.00228290243477
35.45,-0.0234785823953,-0.00415373985233,0.00226795068902
35.5,-0.02321032479,-0.00416176386603,0.00225282467551
35.55,-0.0229472727734,-0.00416927845797,0.00223753758418
35.6,-0.0226892573723,-0.0041763054416,0.00222210053856
35.65,-0.0224361140463,-0.00418295527526,0.00220652778842
35.7,-0.0221876868577,-0.00418913901373,0.00219083268312
35.75,-0.021943826254,-0.00419487824233,0.00217503114299
35.8,-0.0217043881161,-0.00420029787479,0.002159141171
35.85,-0.0214693429455,-0.00420531189381,0.00214316486371
35.9,-0.0212384484288,-0.00420994174189,0.00212711319213
35.95,-0.0210115784786,-0.0042142125359,0.00211099645826
36.0,-0.0207886113518,-0.00421819030462,0.00209483021307
36.05,-0.0205694316099,-0.00422181909791,0.00207862114001
36.1,-0.0203539282133,-0.00422511349613,0.00206237469873
36.15,-0.0201419944326,-0.0042280872986,0.00204609922436
36.2,-0.0199335277972,-0.00423076716296,0.00202980262203
36.25,-0.0197284292728,-0.00423319690131,0.00201349544337
36.3,-0.0195266046376,-0.00423533878137,0.00199719016885
36.35,-0.0193279634604,-0.00423720387465,0.00198088488523
36.4,-0.0191324184505,-0.00423880273966,0.00196458597407
36.45,-0.0189398856809,-0.00424014537058,0.00194829948159
36.5,-0.0187502844351,-0.0042412412313,0.00193203637554
36.55,-0.0185635372762,-0.00424209923598,0.00191579971333
36.6,-0.0183795695867,-0.00424273580483,0.00189959156276
36.65,-0.0181983091261,-0.00424317128983,0.00188341681853
36.7,-0.0180196867185,-0.00424338983221,0.00186728006849
36.75,-0.0178436356706,-0.00424339878418,0.00185118840301
36.8,-0.0176700918326,-0.00424320509907,0.001835150884
36.85,-0.0174990810218,-0.00424281533189,0.00181916344702
36.9,-0.0173304536168,-0.00424223595861,0.00180322983948
36.95,-0.0171641521033,-0.0042414729653,0.00178735352226
37.0,-0.017000121002,-0.00424053204528,0.00177154256629
37.05,-0.016838306959,-0.00423941856879,0.00175579787761
37.1,-0.0166786583945,-0.00423813766773,0.00174011954691
37.15,-0.0165211254053,-0.00423669425626,0.00172451031052
37.2,-0.0163656597969,-0.00423509301657,0.00170897274355
37.25,-0.0162122150121,-0.00423333841194,0.00169351177815
37.3,-0.0160607461512,-0.00423143467437,0.00167813421677
37.35,-0.0159112099717,-0.00422938706547,0.00166283492506
37.4,-0.0157635643975,-0.00422721088501,0.00164761591068
37.45,-0.0156177686566,-0.00422489717167,0.00163247906322
37.5,-0.0154737833951,-0.0042224494645,0.00161743052794
37.55,-0.0153315706794,-0.0042198711036,0.00160246996042
37.6,-0.0151910937225,-0.00421716530151,0.0015875963262
37.65,-0.0150523168199,-0.00421433515668,0.00157281105544
37.7,-0.0149152053932,-0.00421138564265,0.00155811547791
37.75,-0.0147797257642,-0.00420834141504,0.0015435131366
37.8,-0.0146458455586,-0.00420518315727,0.00152900929668
37.85,-0.0178631557154,-0.00443805755852,0.00151459838834
37.9,-0.0208437264769,-0.00467834497803,0.00150289398245
37.95,-0.023588486761,-0.00492557298567,0.00149362049017
38.0,-0.0261033906992,-0.00517971793885,0.00148652024289
38.05,-0.0283942776071,-0.00544234647397,0.00148134639659
38.1,-0.0304691847892,-0.00571140167112,0.0014778684251
38.15,-0.0323371407421,-0.00598873126806,0.00147587327712
38.2,-0.0340071968785,-0.00627356169714,0.00147516583587
38.25,-0.0354901742339,-0.00656500923335,0.00147556923641
38.3,-0.036795357534,-0.00686432131675,0.0014769235587
38.35,-0.0379342067429,-0.00716905927613,0.00147907597632
38.4,-0.0389159828422,-0.00748031313993,0.0014818942827
38.45,-0.0397515815632,-0.00779733352018,0.00148526211387
38.5,-0.0404501147154,-0.00811845036923,0.00148908302346
38.55,-0.0410211261159,-0.00844495521754,0.00149326947038
38.6,-0.04147306815,-0.0087743428126,0.00149775188937
38.65,-0.0418137855248,-0.00910708764138,0.00150247738622
38.7,-0.0420505275885,-0.00944299757529,0.00150741348693
38.75,-0.0421888671705,-0.00977970324395,0.0015125524614
38.8,-0.0414191388681,-0.00986398256928,0.00151791005784
38.85,-0.0403675058204,-0.0099413767025,0.00152288339566
38.9,-0.0393388979629,-0.0100135287336,0.00152745132575
38.95,-0.0383263913016,-0.0100808188113,0.00153180597943
39.0,-0.0373219213213,-0.0101440038691,0.0015361761957
39.05,-0.036315899845,-0.0102033875195,0.00154082832773
39.1,-0.0352963707452,-0.0102593444742,0.00154609541102
39.15,-0.0342479005043,-0.0103119487567,0.00155241169768
39.2,-0.0331494647485,-0.0103606700061,0.00156037016591
39.25,-0.0319709677305,-0.010404117148,0.00157082355183
39.3,-0.0306667599287,-0.0104385342501,0.00158506793595
39.35,-0.0291626406312,-0.0104552481738,0.00160519830465
39.4,-0.0273282479805,-0.0104324529773,0.00163490921829
39.45,-0.024911636287,-0.0103095930489,0.00168134383911
39.5,-0.0213662270901,-0.00989121169426,0.00176000758484
39.55,-0.0153454011033,-0.00840477704162,0.00190909736157
39.6,-0.00339192912615,-0.00237566040784,0.0022267129793
39.65,0.0183561072843,0.0159794793723,0.00282263014057
39.7,0.0375847626139,0.0350662230861,0.00334786268191
39.75,0.0450100779998,0.0428221130417,0.00353874782035
39.8,0.0466026211077,0.0448349831285,0.00356437216585
39.85,0.046219879433,0.0448786790682,0.00353408191291
39.9,0.0449902724757,0.0440533591672,0.0034798803574
39.95,0.0431678122632,0.0425959360838,0.0034089555273
40.0,0.0407842646251,0.0405204438284,0.00332219387737
40.05,0.037832686632,0.0378006961998,0.00321936797879
40.1,0.0343220272691,0.0344271503499,0.00310070179996
40.15,0.0302939350655,0.0304281277398,0.00296735723362
40.2,0.0258247847614,0.025878441296,0.00282148886316
40.25,0.0210202734281,0.0209029157394,0.00266609619384
40.3,0.0160051656595,0.0156767024895,0.00250473124867
40.35,0.0109109823962,0.0104215155575,0.00234112793836
40.4,0.00586676119064,0.00539530399433,0.00217896872264
40.45,0.00100143063779,0.000873723116242,0.00202194033449
40.5,-0.00355800857091,-0.00290093793812,0.00187368681063
40.55,-0.00775913650088,-0.00582822667847,0.00173571698743
40.6,-0.0116972788999,-0.00797075652122,0.00160531268612
40.65,-0.0155464458783,-0.00941908178461,0.00147749947683
40.7,-0.0194409316905,-0.0102031129283,0.00134843118443
40.75,-0.023382332697,-0.010335219207,0.00121806071816
40.8,-0.0271952930575,-0.00992391027148,0.00109141797559
40.85,-0.0306072953186,-0.00920843458358,0.000976328080088
40.9,-0.0334233264214,-0.00843654141231,0.000878403917764
40.95,-0.0356046592828,-0.00775098879754,0.000798782547743
41.0,-0.0372156819616,-0.00719589826849,0.000735641093879
41.05,-0.0383521780486,-0.00676692443427,0.000686246848913
41.1,-0.0391060698583,-0.00644465423618,0.000647972806857
41.15,-0.0395548385182,-0.00620847313454,0.000618603652727
41.2,-0.0397615242477,-0.0060406902175,0.000596335549945
41.25,-0.0397767245353,-0.00592700038268,0.000579720462319
41.3,-0.0396408893488,-0.00585629774949,0.000567600663193
41.35,-0.0393864270778,-0.00581971409372,0.000559044108801
41.4,-0.0390392804434,-0.00581046939513,0.000553306012703
41.45,-0.0386202717667,-0.00582311576449,0.000549787944134
41.5,-0.0381461366419,-0.00585347599886,0.000548009824676
41.55,-0.0376303372937,-0.00589800710923,0.000547583108085
41.6,-0.037083727372,-0.00595393472703,0.000548193701439
41.65,-0.0365150596537,-0.00601899736206,0.000549588535925
41.7,-0.0359313785677,-0.00609136913702,0.000551563495721
41.75,-0.0353383886743,-0.00616944115275,0.000553953691972
41.8,-0.034740655655,-0.00625187149074,0.000556627633748
41.85,-0.0341420320951,-0.00633761034112,0.000559475321022
41.9,-0.0335452882234,-0.00642581806728,0.000562410204458
41.95,-0.0329527929804,-0.00651567406684,0.000565362349577
42.0,-0.0323663929722,-0.00660649789162,0.000568278401981
42.05,-0.0317875549254,-0.00669774011837,0.000571113768547
42.1,-0.0312174196194,-0.00678893393681,0.000573833002143
42.15,-0.030656861047,-0.00687968304068,0.000576409243256
42.2,-0.0301065348662,-0.00696965114922,0.000578821943376
42.25,-0.0295669180651,-0.00705855303137,0.000581056587721
42.3,-0.0290383415802,-0.00714614682377,0.00058310364501
42.35,-0.0285210171209,-0.00723226402101,0.000584952981876
42.4,-0.0280150736704,-0.00731681578496,0.000586599327148
42.45,-0.0275205291503,-0.00739955936293,0.000588040650823
42.5,-0.0270373545813,-0.00748037129275,0.000589277898315
42.55,-0.0265654694197,-0.00755923356787,0.000590311260714
42.6,-0.0261047639775,-0.00763614706338,0.000591141542137
42.65,-0.0256550673634,-0.00771088947026,0.000591772272924
42.7,-0.0252161985244,-0.00778361737606,0.000592207299664
42.75,-0.0247879658102,-0.00785418233319,0.000592451676892
42.8,-0.0243701388601,-0.00792264188401,0.000592512360525
42.85,-0.0239626183263,-0.00798895832185,0.000592391859255
42.9,-0.0235650291912,-0.00805321537485,0.000592096153208
42.95,-0.023177136938,-0.00811526735508,0.000591630762234
43.0,-0.0227986937491,-0.00817541775465,0.000591003221628
43.05,-0.0224294381027,-0.00823345765224,0.000590219201546
43.1,-0.0220691295134,-0.0082894396928,0.00058928353574
43.15,-0.0217175180852,-0.00834355241601,0.000588202284376
43.2,-0.0213743460585,-0.00839574951569,0.000586981761542
43.25,-0.0210393759238,-0.00844604397376,0.000585628577398
43.3,-0.0207123648585,-0.0084944953764,0.000584150248883
43.35,-0.0203930735828,-0.00854116366382,0.000582550123991
43.4,-0.0200812665722,-0.00858611829638,0.000580833950162
43.45,-0.0197767124124,-0.00862941501907,0.000579007375412
43.5,-0.0194791841768,-0.00867110753461,0.000577077502175
43.55,-0.0191884537224,-0.00871123331115,0.000575049244714
43.6,-0.018904310221,-0.00874983995646,0.000572926798102
43.65,-0.018626546794,-0.00878699667829,0.000570715168588
43.7,-0.018354950061,-0.00882274602435,0.000568419574045
43.75,-0.0180893176287,-0.00885713659266,0.00056604576678
43.8,-0.0178294521855,-0.00889021570872,0.000563600064939
43.85,-0.0175752493575,-0.00892202945594,0.000561084707957
43.9,-0.0173264307108,-0.00895262308934,0.000558504239444
43.95,-0.0170828140664,-0.00898204043453,0.000555863050467
44.0,-0.0168442221653,-0.00901037607252,0.000553166904485
44.05,-0.016610486112,-0.00903770686287,0.000550419176769
44.1,-0.0163814334975,-0.00906399599846,0.000547623148502
44.15,-0.0161569013678,-0.00908928263975,0.000544782708815
44.2,-0.0159367313529,-0.00911367205237,0.00054190162705
44.25,-0.0157207723158,-0.00913724351709,0.000538984272723
44.3,-0.0155088704138,-0.00915993180417,0.000536035770265
44.35,-0.0153008804093,-0.00918180417054,0.000533057248312
44.4,-0.0150966637152,-0.00920302925579,0.000530051949657
44.45,-0.0148960786045,-0.0092234809913,0.000527023225057
44.5,-0.0146989914598,-0.00924326067871,0.000523975619799
44.55,-0.0145052743732,-0.00926247878032,0.000520911476248
44.6,-0.0143147967845,-0.00928102630332,0.000517833028748
44.65,-0.0141274350957,-0.0092990932376,0.000514743144209
44.7,-0.0139430698327,-0.00931661942038,0.000511644579876
44.75,-0.0137615799691,-0.00933362986862,0.000508540906275
44.8,-0.0135828517106,-0.00935027124278,0.000505436110615
44.85,-0.013406834986,-0.00936640436005,0.000502330748523
44.9,-0.0132333487544,-0.00938227941198,0.000499227412636
44.95,-0.0130622832955,-0.00939774752003,0.000496128633836
45.0,-0.0128935269851,-0.00941294710831,0.000493038349476
45.05,-0.0127269723408,-0.00942786096736,0.000489958457637
45.1,-0.0125625083641,-0.00944250261425,0.000486890786026
45.15,-0.0124000278655,-0.0094569841654,0.000483837838173
45.2,-0.0122394183921,-0.00947120028124,0.000480802287158
45.25,-0.0120805707939,-0.00948537993532,0.000477787427363
45.3,-0.0119233687091,-0.00949934887806,0.000474797362924
45.35,-0.0117676961072,-0.00951331486626,0.000471832872855
45.4,-0.0116134336251,-0.00952719067137,0.000468896886382
45.45,-0.011460454008,-0.00954106183169,0.000465992582161
45.5,-0.0113086270008,-0.00955499231604,0.000463124498005
45.55,-0.0111578107601,-0.00956891400982,0.000460295723044
45.6,-0.0110078562229,-0.00958305283901,0.000457509400988
45.65,-0.0108586030646,-0.00959728165093,0.000454769759175
45.7,-0.0107098738034,-0.00961169179684,0.000452081556351
45.75,-0.0105614764457,-0.00962641238539,0.000449450670483
45.8,-0.0104131928749,-0.00964138475758,0.000446884332486
45.85,-0.0102648316759,-0.0096566772952,0.000444387403124
45.9,-0.010116063189,-0.00967246418925,0.000441967708445
45.95,-0.00996657020288,-0.00968870562862,0.000439634315469
46.0,-0.00981597928586,-0.00970547773754,0.000437399200118
46.05,-0.00966385179715,-0.00972286364702,0.000435274630912
46.1,-0.00950966276478,-0.00974094783816,0.000433275350022
46.15,-0.00935277503395,-0.00975981271093,0.000431420219997
46.2,-0.00919240359636,-0.00977953242302,0.0004297326229
46.25,-0.00902756534369,-0.0098001620167,0.000428242628386
46.3,-0.00885700678572,-0.00982171821749,0.000426989095944
46.35,-0.00867909744103,-0.00984432574079,0.000426019413224
46.4,-0.0084916639263,-0.00986775300115,0.000425399363898
46.45,-0.00829174353101,-0.00989179865854,0.000425218827425
46.5,-0.00807516809663,-0.00991583114739,0.000425605630838
46.55,-0.00783586470964,-0.00993839164921,0.000426744096706
46.6,-0.00756460135173,-0.00995658886115,0.000428914786189
46.65,-0.00724662029932,-0.00996383509573,0.000432567564483
46.7,-0.00685678011448,-0.00994487346595,0.000438469190934
46.75,-0.00634874039552,-0.00986059616936,0.000448034061839
46.8,-0.00562827649976,-0.00959650933975,0.000464138724614
46.85,-0.00448025612387,-0.00875382199455,0.000493348055041
46.9,-0.00236617678515,-0.00567552991674,0.000552100498591
46.95,0.0017926780006,0.00550194568978,0.000673348890147
47.0,0.00722040960659,0.025217488777,0.00083350506638
47.05,0.0103764328875,0.0375056716448,0.000924502619553
47.1,0.0113776490185,0.041711529095,0.000949807676151
47.15,0.0114984990903,0.0425806562477,0.00094827944771
47.2,0.0112698449735,0.0420988028639,0.00093611321325
47.25,0.0108425108416,0.0408214182497,0.000917909087985
47.3,0.010252286261,0.0388669660205,0.000894755651152
47.35,0.00950687341157,0.0362455910145,0.000866876966643
47.4,0.00861243368443,0.0329623831917,0.000834454338878
47.45,0.00758179231117,0.0290530769068,0.000797873785219
47.5,0.00643616261148,0.0245973794474,0.000757781493188
47.55,0.00520402926565,0.0197243021189,0.000715044902223
47.6,0.00391857129909,0.0146132751419,0.000670677252177
47.65,0.00261438904879,0.00949073078199,0.000625738752565
47.7,0.00132517387296,0.00461958482091,0.000581263808077
47.75,8.45091650444e-05,0.000278474653565,0.000538286375039
47.8,-0.00107576316658,-0.00329741711509,0.000497789277459
47.85,-0.00214736913197,-0.0060285744706,0.000460028510821
47.9,-0.00316108354626,-0.00798656557639,0.000424060009273
47.95,-0.00416372686304,-0.00924836507721,0.000388443365132
48.0,-0.00518637385455,-0.00982961813201,0.0003522216954
48.05,-0.00621982768029,-0.00975647824948,0.000315676784661
48.1,-0.00720792946267,-0.00918397084406,0.000280540318436
48.15,-0.00807969776811,-0.00838242827716,0.00024900571354
48.2,-0.00879517462516,-0.00758278263936,0.000222312388568
48.25,-0.00935404459991,-0.0068942391432,0.000200477280535
48.3,-0.0097764580763,-0.00633901318706,0.000182884613595
48.35,-0.0100867890609,-0.00590385937054,0.000168785394776
48.4,-0.010307064349,-0.00556686652159,0.000157502708173
48.45,-0.0104555202118,-0.00530759656142,0.000148475655654
48.5,-0.010546909683,-0.00510908315392,0.000141250515196
48.55,-0.0105930060999,-0.00495778298119,0.000135464433305
48.6,-0.0106032194013,-0.00484360592701,0.000130827114761
48.65,-0.0105850581744,-0.00475847285305,0.00012710691175
48.7,-0.0105445031675,-0.00469633472836,0.000124119143792
48.75,-0.0104863319356,-0.00465240504143,0.000121716313645
48.8,-0.0104143664045,-0.0046229276874,0.000119780466978
48.85,-0.0103317152911,-0.00460518151913,0.000118216355763
48.9,-0.0102407753825,-0.00459666791171,0.000116947973309
48.95,-0.0101435106902,-0.00459562879592,0.000115914265556
49.0,-0.0100414973413,-0.00460059294377,0.000115066449619
49.05,-0.00993600084124,-0.00461033793862,0.000114364875044
49.1,-0.00982803747104,-0.00462398715292,0.000113777541307
49.15,-0.00971842188077,-0.00464073741916,0.00011327885683
49.2,-0.00960780915516,-0.00465989951337,0.000112848160504
49.25,-0.00949672254029,-0.00468104466451,0.000112469035345
49.3,-0.00938558219458,-0.00470370371869,0.000112128393586
49.35,-0.00927472130653,-0.00472746610156,0.000111815057499
49.4,-0.0091644070863,-0.00475224507508,0.000111520372057
49.45,-0.00905484816302,-0.00477760861292,0.000111237500396
49.5,-0.00894621009639,-0.00480341051271,0.000110961243955
49.55,-0.00883862321485,-0.00482962523636,0.000110687068568
49.6,-0.00873218538827,-0.00485594716592,0.000110411406685
49.65,-0.00862697243219,-0.00488228780318,0.000110131552701
49.7,-0.00852304202491,-0.004908732688,0.000109845367437
49.75,-0.00842043314227,-0.0049350145797,0.000109551459693
49.8,-0.00831917395628,-0.00496107969676,0.000109248913463
49.85,-0.0082193246744,-0.00498708041867,0.000108936333026
49.9,-0.00812085095631,-0.00501276103842,0.000108613146679
49.95,-0.00802375591537,-0.00503812152204,0.000108278931377
50.0,-0.00792803838445,-0.00506329476593,0.00010793369361
50.05,-0.0078336902033,-0.00508805415766,0.000107577242571
50.1,-0.00774070156159,-0.0051124951011,0.000107209399257
50.15,-0.00764906074011,-0.00513662033584,0.000106830217439
50.2,-0.00755875171483,-0.00516027356413,0.000106439889538
50.25,-0.0074697583258,-0.00518369946272,0.00010603877269
50.3,-0.00738206352684,-0.00520664751468,0.000105627386092
50.35,-0.00729564794959,-0.00522924751858,0.000105205586072
50.4,-0.00721049318944,-0.00525146572005,0.000104773653073
50.45,-0.00712657853543,-0.00527324699198,0.000104331943709
50.5,-0.0070438849913,-0.00529471985821,0.000103881045604
50.55,-0.00696239126688,-0.00531569699477,0.000103421217437
50.6,-0.00688207825717,-0.00533641501145,0.000102952611503
50.65,-0.00680292460049,-0.00535660719796,0.000102475618389
50.7,-0.0067249113722,-0.00537656467258,0.000101990554896
50.75,-0.00664801749517,-0.00539599377371,0.000101497959725
50.8,-0.00657222439674,-0.00541518734543,0.000100998420038
50.85,-0.00649754400259,-0.00543387657683,0.000100491881358
50.9,-0.00642392486159,-0.00545230431508,9.99786506941e-05
50.95,-0.00635134713647,-0.00547028292061,9.94590903286e-05
51.0,-0.00627979316421,-0.00548795605869,9.89337650132e-05
51.05,-0.00620924390102,-0.00550525534241,9.84029002526e-05
51.1,-0.00613968214814,-0.00552216614921,9.78666277808e-05
51.15,-0.00607108975912,-0.00553879659367,9.73252683918e-05
51.2,-0.00600344998308,-0.00555495699138,9.67791014653e-05
51.25,-0.00593674616136,-0.00557092113337,9.62285490061e-05
51.3,-0.00587096083201,-0.00558645135046,9.56741789717e-05
51.35,-0.00580607855414,-0.00560165036579,9.51158274044e-05
51.4,-0.00574208286123,-0.00561657129017,9.45537760512e-05
51.45,-0.00567895862481,-0.00563106440533,9.39882667823e-05
51.5,-0.00561669078109,-0.00564533363104,9.34197955306e-05
51.55,-0.00555526368813,-0.00565925203642,9.28485142679e-05
51.6,-0.00549466329517,-0.00567276694192,9.22744911758e-05
51.65,-0.00543487544162,-0.00568611698139,9.169794792e-05
51.7,-0.00537588535725,-0.00569908912106,9.11191282672e-05
51.75,-0.00531767992015,-0.00571168044813,9.05383600713e-05
51.8,-0.00526024582726,-0.00572411972483,8.99560895794e-05
51.85,-0.00520359522611,-0.00573619766326,8.93721527574e-05
51.9,-0.0051476891484,-0.00574791600838,8.87867269047e-05
51.95,-0.00509251511037,-0.00575945096898,8.81999954866e-05
52.0,-0.00503806019656,-0.00577068305268,8.76123958695e-05
52.05,-0.00498431275541,-0.00578157519642,8.70239844516e-05
52.1,-0.00493126105897,-0.00579221014812,8.64347892645e-05
52.15,-0.00487889313582,-0.0058026406534,8.58449867573e-05
52.2,-0.00482719787625,-0.00581274951038,8.52547279819e-05
52.25,-0.00477616425701,-0.00582254388216,8.46642889607e-05
52.3,-0.00472578147426,-0.00583215598988,8.40740434948e-05
52.35,-0.00467603842487,-0.0058415210812,8.34837877325e-05
52.4,-0.0046269249638,-0.00585058823575,8.28936505215e-05
52.45,-0.0045784309311,-0.00585936666561,8.23037633154e-05
52.5,-0.00453054636191,-0.00586797819929,8.17144750412e-05
52.55,-0.00448326103434,-0.00587637283335,8.11258250045e-05
52.6,-0.00443656556336,-0.00588449118281,8.05377969131e-05
52.65,-0.00439045057845,-0.00589233918981,7.99505050739e-05
52.7,-0.00434490689137,-0.005899956967,7.93640599137e-05
52.75,-0.00429992520527,-0.00590743007332,7.87786941447e-05
52.8,-0.00425549675591,-0.00591464642595,7.81947204697e-05
52.85,-0.00421163394282,-0.00592161144156,7.76119013864e-05
52.9,-0.00416830674768,-0.00592833048855,7.70303334435e-05
52.95,-0.00412550685943,-0.00593484361687,7.64501087049e-05
53.0,-0.0040832258774,-0.00594121741516,7.58715298064e-05
53.05,-0.00404145587331,-0.00594735724115,7.52945885925e-05
53.1,-0.00400018901601,-0.00595326792515,7.47192472686e-05
53.15,-0.00395941762207,-0.00595895418233,7.41455849093e-05
53.2,-0.0039191341535,-0.00596442061361,7.35736776426e-05
53.25,-0.00387933121464,-0.00596973895519,7.30037069562e-05
53.3,-0.003840001296,-0.00597489149012,7.24359478378e-05
53.35,-0.00380113738784,-0.00597983453466,7.187015266e-05
53.4,-0.00376273251307,-0.00598457230437,7.13063862782e-05
53.45,-0.00372477982471,-0.00598910891445,7.07447109866e-05
53.5,-0.00368727260317,-0.0059934483824,7.01853769684e-05
53.55,-0.0036502042548,-0.00599759462712,6.96283567284e-05
53.6,-0.00361356830735,-0.00600163645753,6.90735943869e-05
53.65,-0.00357735817275,-0.00600549998788,6.85211503625e-05
53.7,-0.00354156773824,-0.00600917900507,6.79710711584e-05
53.75,-0.00350619088925,-0.00601267711276,6.74235048484e-05
53.8,-0.00347122162352,-0.00601599782911,6.68786785681e-05
53.85,-0.00343667122414,-0.0060191445875,6.63363481861e-05
53.9,-0.00340251634939,-0.00602212081225,6.57965564625e-05
53.95,-0.003368751325,-0.00602492978369,6.52593434743e-05
54.0,-0.00333537057909,-0.00602762775437,6.47249229891e-05
54.05,-0.00330236848814,-0.00603020110059,6.41932579988e-05
54.1,-0.00326973973105,-0.00603261682673,6.36642791214e-05
54.15,-0.00323747903416,-0.00603487559997,6.31380191615e-05
54.2,-0.00320558122062,-0.00603698037365,6.26145091576e-05
54.25,-0.00317404120546,-0.00603893403506,6.20938705802e-05
54.3,-0.00314285399426,-0.00604073940533,6.15762979599e-05
54.35,-0.00311201468164,-0.00604239923983,6.10615522209e-05
54.4,-0.00308151844697,-0.00604391623789,6.05496582545e-05
54.45,-0.00305136055411,-0.00604529303938,6.00406395062e-05
54.5,-0.00302153634972,-0.00604653222623,5.95346795075e-05
54.55,-0.00299204126244,-0.00604763791163,5.90317267356e-05
54.6,-0.0029628707459,-0.0060486566833,5.85317082202e-05
54.65,-0.00293402039091,-0.00604954336465,5.80346418882e-05
54.7,-0.00290548586246,-0.00605030034665,5.75405444836e-05
54.75,-0.00287726289999,-0.00605092996899,5.70495161195e-05
54.8,-0.00284934731636,-0.00605143451984,5.65617242244e-05
54.85,-0.00282174909844,-0.00605181623585,5.60769381604e-05
54.9,-0.00279444979658,-0.00605207736416,5.55951706137e-05
54.95,-0.00276744543885,-0.0060522200508,5.51164326861e-05
55.0,-0.00274073212036,-0.00605224639679,5.46408826577e-05
55.05,-0.00271430600276,-0.00605215845652,5.41684632487e-05
55.1,-0.00268816331173,-0.00605195824288,5.36990961641e-05
55.15,-0.00266230033561,-0.00605164772875,5.32327885937e-05
55.2,-0.00263671342462,-0.00605122884636,5.27695468097e-05
55.25,-0.0026113989896,-0.00605070348835,5.23094537435e-05
55.3,-0.00258635350118,-0.00605007350726,5.18526541928e-05
55.35,-0.00256157348886,-0.00604934071538,5.13989282054e-05
55.4,-0.00253705553811,-0.0060485068925,5.09482787288e-05
55.45,-0.00251279629036,-0.00604757378261,5.05007079268e-05
55.5,-0.00248879244183,-0.0060465498792,5.00563529833e-05
55.55,-0.00246504073689,-0.00604543793539,4.9615153947e-05
55.6,-0.00244153797158,-0.00604423711936,4.91770318681e-05
55.65,-0.00241828099581,-0.00604294372593,4.87419862137e-05
55.7,-0.00239526671516,-0.00604155933149,4.83100156176e-05
55.75,-0.00237249208481,-0.00604008548161,4.7881189053e-05
55.8,-0.00234995410894,-0.00603852369049,4.74556322352e-05
55.85,-0.00232766147256,-0.00603687544065,4.70331371961e-05
55.9,-0.00230559939926,-0.00603514223321,4.66137005215e-05
55.95,-0.00228376503755,-0.00603332549677,4.61973178796e-05
56.0,-0.00226215558084,-0.00603142663274,4.57841085863e-05
56.05,-0.00224076826712,-0.00602944701367,4.5374011559e-05
56.1,-0.00221960037731,-0.00602738798724,4.49669484986e-05
56.15,-0.00219864923438,-0.00602525087719,4.45629130583e-05
56.2,-0.00217791220288,-0.00602303698258,4.41618984185e-05
56.25,-0.00215738668808,-0.00602074757833,4.37639621834e-05
56.3,-0.00213707013554,-0.00601838391464,4.33692139098e-05
56.35,-0.00211696003045,-0.00601594721655,4.29774583119e-05
56.4,-0.00209705389575,-0.00601343869017,4.25886869086e-05
56.45,-0.00207734929211,-0.00601085951969,4.22028908245e-05
56.5,-0.00205784381725,-0.00600821086788,4.1820174244e-05
56.55,-0.00203853510564,-0.00600549387451,4.1440476652e-05
56.6,-0.00201942082723,-0.0060027096599,4.10637219485e-05
56.65,-0.00200049868668,-0.00599985932565,4.0689899873e-05
56.7,-0.00198176642301,-0.00599694395386,4.03189998398e-05
56.75,-0.00196322180892,-0.00599396460761,3.99510701781e-05
56.8,-0.00194486265039,-0.00599092233025,3.95862067133e-05
56.85,-0.00192669641499,-0.00598781814499,3.92242271031e-05
56.9,-0.00190871114782,-0.00598465309624,3.88651198818e-05
56.95,-0.00189090475353,-0.00598142817431,3.85088730736e-05
57.0,-0.00187327516743,-0.00597814801092,3.81555779477e-05
57.05,-0.00185582035272,-0.0059748177794,3.78051756563e-05
57.1,-0.00183853829917,-0.00597143877735,3.7457593337e-05
57.15,-0.00182142702534,-0.00596800375772,3.71128182899e-05
57.2,-0.00180448458403,-0.00596451362877,3.6770837407e-05
57.25,-0.00178770905598,-0.00596096928364,3.64316913882e-05
57.3,-0.00177109854956,-0.00595737159968,3.60954643012e-05
57.35,-0.00175465120037,-0.00595372143794,3.57619866424e-05
57.4,-0.00173836516995,-0.00595001964825,3.54312446106e-05
57.45,-0.00172223864579,-0.00594626706657,3.51032242374e-05
57.5,-0.00170626984095,-0.00594246451534,3.47780057334e-05
57.55,-0.00169045699381,-0.00593861280195,3.44555324524e-05
57.6,-0.00167479836725,-0.00593471272164,3.41357349758e-05
57.65,-0.00165929224814,-0.00593076505796,3.38185987939e-05
57.7,-0.00164393694711,-0.00592677058207,3.35041092698e-05
57.75,-0.00162873079815,-0.00592273005291,3.31923008538e-05
57.8,-0.0016136721583,-0.00591865294736,3.28832475522e-05
57.85,-0.00159876737174,-0.00591455673214,3.25767932878e-05
57.9,-0.00158400669559,-0.00591041749935,3.22729230113e-05
57.95,-0.00156938855609,-0.0059062359512,3.19716215918e-05
58.0,-0.00155491140083,-0.00590201277908,3.16729597261e-05
58.05,-0.00154057369863,-0.00589774866225,3.13768835129e-05
58.1,-0.0015263739388,-0.0058934442703,3.10833274872e-05
58.15,-0.00151231063074,-0.00588910026361,3.07922762469e-05
58.2,-0.00149838230378,-0.00588471729261,3.05037143264e-05
58.25,-0.00148458750682,-0.00588029599798,3.0217670999e-05
58.3,-0.00147092480813,-0.00587583701003,2.99342115838e-05
58.35,-0.00145739279509,-0.00587134094822,2.96531912009e-05
58.4,-0.00144399007334,-0.00586680842523,2.93745942346e-05
58.45,-0.00143071526677,-0.00586224004475,2.90984050303e-05
58.5,-0.00141756701729,-0.00585763699902,2.88246860879e-05
58.55,-0.00140454398434,-0.00585300853217,2.85533865565e-05
58.6,-0.00139164484019,-0.00584835401956,2.82844452682e-05
58.65,-0.00137886827493,-0.00584366745734,2.80178466322e-05
58.7,-0.001366212999,-0.00583897803886,2.77535749195e-05
58.75,-0.00135367770265,-0.00583427077051,2.74916564052e-05
58.8,-0.00134126114603,-0.00582953232562,2.72321483496e-05
58.85,-0.00132896873149,-0.00582476323119,2.69749173548e-05
58.9,-0.00131679246209,-0.00581996403324,2.67199477813e-05
58.95,-0.0013047311316,-0.0058151352456,2.64672238732e-05
59.0,-0.00129278354898,-0.00581027737496,2.62168009946e-05
59.05,-0.00128094853827,-0.00580539091968,2.59686314304e-05
59.1,-0.00126922493815,-0.00580047637179,2.57226579849e-05
59.15,-0.00125761160167,-0.00579553421735,2.5478864978e-05
59.2,-0.00124610739609,-0.00579056493576,2.5237236747e-05
59.25,-0.0012347112027,-0.00578556899986,2.49977947088e-05
59.3,-0.00122342191664,-0.00578054687545,2.47605901473e-05
59.35,-0.00121223844678,-0.00577549902077,2.45255005339e-05
59.4,-0.0012011597151,-0.005770435376,2.42925103489e-05
59.45,-0.00119018463047,-0.00576538761857,2.40616050098e-05
59.5,-0.00117931214586,-0.00576031601929,2.383283354e-05
59.55,-0.0011685412228,-0.00575522100634,2.36061514256e-05
59.6,-0.00115787083531,-0.00575010300272,2.33815055676e-05
59.65,-0.00114729996963,-0.00574496242657,2.31588806355e-05
59.7,-0.00113682762418,-0.0057397996905,2.29382613402e-05
59.75,-0.00112645280934,-0.00573461520174,2.27196661186e-05
59.8,-0.00111617454732,-0.00572940936158,2.25031405707e-05
59.85,-0.00110599739932,-0.005724182565,2.22885723521e-05
59.9,-0.00109591477473,-0.00571893522377,2.20759464798e-05
59.95,-0.00108592573165,-0.00571366772397,2.18652479397e-05
60.0,-0.00107602933925,-0.00570838044674,2.16565205148e-05
60.05,-0.00106622467767,-0.00570308876565,2.14497228744e-05
60.1,-0.00105651081092,-0.00569783173238,2.12448068458e-05
60.15,-0.00104688684132,-0.00569256072119,2.10417576318e-05
60.2,-0.00103735187983,-0.00568727191087,2.08405605547e-05
60.25,-0.00102790504932,-0.00568196565256,2.06412315399e-05
60.3,-0.00101854548279,-0.00567664229246,2.04438112065e-05
60.35,-0.00100927232332,-0.00567130217136,2.02481967e-05
60.4,-0.00100008472357,-0.00566594562741,2.0054373572e-05
60.45,-0.000990981845895,-0.0056605729945,1.98623274385e-05
60.5,-0.000981962862142,-0.00565518460235,1.9672097343e-05
60.55,-0.000973026953639,-0.00564978077565,1.94836450284e-05
60.6,-0.00096417331091,-0.00564436183546,1.92969251952e-05
60.65,-0.000955401133533,-0.00563892809942,1.91119237565e-05
60.7,-0.000946709630065,-0.00563353201571,1.89286266947e-05
60.75,-0.000938097980487,-0.00562812650606,1.87470491658e-05
60.8,-0.000929565430021,-0.00562270752485,1.85672267894e-05
60.85,-0.000921115817443,-0.00561727536789,1.83890655395e-05
60.9,-0.000912743693445,-0.00561183034532,1.82125517544e-05
60.95,-0.00090444831155,-0.00560637274677,1.80376717886e-05
61.0,-0.000896228933496,-0.00560090285836,1.78644605288e-05
61.05,-0.000888084829202,-0.00559542096183,1.76928826755e-05
61.1,-0.000880015276541,-0.0055899273359,1.752289655e-05
61.15,-0.000872019561219,-0.00558442225642,1.7354488832e-05
61.2,-0.000864096976717,-0.00557890599589,1.71876462771e-05
61.25,-0.00085624682418,-0.00557339147238,1.70223809533e-05
61.3,-0.000848468390447,-0.0055679118561,1.68587260849e-05
61.35,-0.0008407609964,-0.00556242219906,1.66965956732e-05
61.4,-0.000833123966135,-0.00555692275631,1.65359767956e-05
61.45,-0.000825556630993,-0.00555141377986,1.63768566079e-05
61.5,-0.000818058329468,-0.00554589551866,1.62192663398e-05
61.55,-0.000810628407176,-0.00554037245612,1.60631735073e-05
61.6,-0.00080326621542,-0.00553484785887,1.59085398913e-05
61.65,-0.000795971111517,-0.00552932150807,1.57553530594e-05
61.7,-0.000788742459796,-0.0055237868782,1.56036006503e-05
61.75,-0.00078157963329,-0.00551824420325,1.54532932205e-05
61.8,-0.000774482011667,-0.00551269371401,1.53044598407e-05
61.85,-0.000767452816527,-0.00550718447476,1.51570222056e-05
61.9,-0.000760487500729,-0.00550167834784,1.50109693268e-05
61.95,-0.000753585478715,-0.00549616539004,1.48662886895e-05
62.0,-0.000746746157286,-0.00549064581736,1.47230082872e-05
62.05,-0.000739968949454,-0.00548511984254,1.45810982853e-05
62.1,-0.000733253274281,-0.00547958767607,1.44405236128e-05
62.15,-0.000726598556794,-0.00547404952636,1.43012725895e-05
62.2,-0.000720004227947,-0.00546850559932,1.41633336149e-05
62.25,-0.000713469724539,-0.00546295609842,1.4026715964e-05
62.3,-0.000706994489173,-0.00545740122432,1.38914457229e-05
62.35,-0.0007005779702,-0.00545184117463,1.37574515231e-05
62.4,-0.000694219621525,-0.00544631344849,1.36247221123e-05
62.45,-0.000687918878525,-0.00544080322126,1.34932471763e-05
62.5,-0.000681675216206,-0.00543528865442,1.33630515137e-05
62.55,-0.000675488105483,-0.00542976993301,1.32341077821e-05
62.6,-0.000669357022599,-0.00542424724015,1.31063838942e-05
62.65,-0.000663281449051,-0.00541872075712,1.29798689991e-05
62.7,-0.000657260871554,-0.00541319066305,1.28545523254e-05
62.75,-0.000651294781978,-0.0054076571349,1.27304420537e-05
62.8,-0.000645382677303,-0.00540212034719,1.26075616279e-05
62.85,-0.000639527255637,-0.00539658047172,1.24858460496e-05
62.9,-0.000633724765969,-0.00539103769054,1.2365284914e-05
62.95,-0.000627974721083,-0.00538552315152,1.22458678666e-05
63.0,-0.000622276618341,-0.0053800345434,1.21276182531e-05
63.05,-0.000616629987779,-0.00537454511677,1.20105107986e-05
63.1,-0.000611034356691,-0.00536906133141,1.18945161941e-05
63.15,-0.000605489255643,-0.00536358384372,1.17796244578e-05
63.2,-0.00059999421978,-0.00535810519998,1.16658256861e-05
63.25,-0.000594548790506,-0.00535262502872,1.15531271185e-05
63.3,-0.000589152513855,-0.00534714348073,1.14415498468e-05
63.35,-0.000583804940336,-0.00534166070443,1.13310347048e-05
63.4,-0.00057850562479,-0.00533617684726,1.12215720521e-05
63.45,-0.000573254126402,-0.00533069205487,1.11131523236e-05
63.5,-0.000568050008643,-0.00532523212072,1.10057958834e-05
63.55,-0.000562892822177,-0.00531980490987,1.0899480496e-05
63.6,-0.000557782144664,-0.00531437737557,1.07941792066e-05
63.65,-0.000552717552558,-0.00530894965345,1.06898827514e-05
63.7,-0.000547698626401,-0.00530352187743,1.05865819405e-05
63.75,-0.000542724950775,-0.00529809417977,1.04842832006e-05
63.8,-0.000537796114277,-0.00529266669081,1.03830055369e-05
63.85,-0.000532914372733,-0.00528723953878,1.02826951255e-05
63.9,-0.000528076607816,-0.00528181286037,1.01833431082e-05
63.95,-0.000523282420581,-0.00527638678115,1.00849406795e-05
64.0,-0.000518531415895,-0.00527096142511,9.98750619735e-06
64.05,-0.000513823202419,-0.00526555468069,9.89101880692e-06
64.1,-0.000509157378714,-0.00526018939656,9.79545461934e-06
64.15,-0.000504533564522,-0.00525482535571,9.70080499541e-06
64.2,-0.000499951379903,-0.00524946267324,9.60706148644e-06
64.25,-0.000495410448514,-0.00524410146277,9.51422981864e-06
64.3,-0.00049091039758,-0.00523874183623,9.42232713557e-06
64.35,-0.000486450857872,-0.00523338390363,9.33130449361e-06
64.4,-0.000482031463603,-0.00522802777428,9.24115374028e-06
64.45,-0.00047765185243,-0.00522267355606,9.15186679133e-06
64.5,-0.000473311665419,-0.00521732135544,9.06346021541e-06
64.55,-0.000469010547027,-0.00521197127709,8.97591499911e-06
64.6,-0.000464748145036,-0.00520663534021,8.88920892425e-06
64.65,-0.000460524099192,-0.00520136118683,8.80333460092e-06
64.7,-0.000456338063877,-0.00519609268238,8.71828429188e-06
64.75,-0.000452189696574,-0.00519082687246,8.63406313022e-06
64.8,-0.000448078658472,-0.00518556385237,8.55068659419e-06
64.85,-0.000444006832868,-0.00518030371575,8.46811019095e-06
64.9,-0.000439971625387,-0.00517504656322,8.38632645997e-06
64.95,-0.000435972707189,-0.00516979248634,8.30532799153e-06
65.0,-0.000432009752483,-0.00516454157541,8.22512975069e-06
65.05,-0.000428082438508,-0.00515929391911,8.14571441411e-06
65.1,-0.000424190445479,-0.00515404960508,8.06706175193e-06
65.15,-0.000420333456553,-0.00514880871998,7.98916461887e-06
65.2,-0.00041651115781,-0.00514361064068,7.91201593155e-06
65.25,-0.00041272322429,-0.00513843296446,7.83562079484e-06
65.3,-0.00040896935404,-0.00513325907837,7.75999298392e-06
65.35,-0.000405249242038,-0.00512808906151,7.68509206663e-06
65.4,-0.000401562586037,-0.00512292299244,7.61091120849e-06
65.45,-0.00039790908656,-0.00511776094855,7.53744363493e-06
65.5,-0.000394288446872,-0.00511260300617,7.46470287918e-06
65.55,-0.000390700372964,-0.00510744924014,7.39267317309e-06
65.6,-0.000387144573509,-0.0051022997244,7.32133611204e-06
65.65,-0.000383620759832,-0.00509715453197,7.2506851676e-06
65.7,-0.000380128645889,-0.00509201373484,7.18071386905e-06
65.75,-0.000376667948245,-0.00508688469161,7.11142634558e-06
65.8,-0.000373238377907,-0.0050818075277,7.04283556598e-06
65.85,-0.000369841506139,-0.00507673505769,6.97490476094e-06
65.9,-0.000366475173406,-0.00507166735359,6.90762769975e-06
65.95,-0.000363139107215,-0.00506660447998,6.84099819803e-06
66.0,-0.00035983303754,-0.00506154650045,6.7750285042e-06
66.05,-0.000356556696807,-0.00505649347732,6.7097042741e-06
66.1,-0.000353309819858,-0.00505145010924,6.64500877157e-06
66.15,-0.000350092143352,-0.00504641841192,6.58093606163e-06
66.2,-0.000346903406108,-0.00504139731411,6.51748027063e-06
66.25,-0.000343743349469,-0.00503638144748,6.45464514057e-06
66.3,-0.000340611717792,-0.00503137086942,6.3924421406e-06
66.35,-0.000337508257747,-0.00502638270891,6.33083791004e-06
66.4,-0.000334432710032,-0.00502143595385,6.26982707119e-06
66.45,-0.000331384828129,-0.00501649472486,6.20940390808e-06
66.5,-0.000328364365687,-0.00501155907401,6.14957951319e-06
66.55,-0.000325371078578,-0.00500662905223,6.09034084274e-06
66.6,-0.000322404724855,-0.00500170470969,6.03167268241e-06
66.65,-0.000319465064733,-0.00499678609589,5.97356960353e-06
66.7,-0.000316551860575,-0.00499187325947,5.91602622684e-06
66.75,-0.000313664876869,-0.00498696624824,5.85904590815e-06
66.8,-0.000310803880217,-0.00498206510902,5.8026390415e-06
66.85,-0.000307970178402,-0.00497716988756,5.74677532837e-06
66.9,-0.000305161973319,-0.00497228063442,5.69144960073e-06
66.95,-0.000302379038194,-0.00496740875374,5.63665673138e-06
67.0,-0.000299621141707,-0.00496258292648,5.58240702752e-06
67.05,-0.000296888062542,-0.00495776325308,5.52868858948e-06
67.1,-0.000294179580135,-0.00495294977376,5.47548759317e-06
67.15,-0.000291495475877,-0.00494814252812,5.42279909813e-06
67.2,-0.000288835533105,-0.00494334155504,5.37061820942e-06
67.25,-0.000286199537078,-0.00493854689262,5.31894796256e-06
67.3,-0.000283587274967,-0.00493375857811,5.2677977835e-06
67.35,-0.00028099853584,-0.00492897664779,5.2171401572e-06
67.4,-0.000278433110623,-0.0049242011376,5.1669703772e-06
67.45,-0.000275890792098,-0.00491943208276,5.11728378056e-06
67.5,-0.000273371374886,-0.00491466951781,5.06808949486e-06
67.55,-0.000270874655432,-0.00490991347631,5.01937675795e-06
67.6,-0.000268400431983,-0.00490520458468,4.97113301911e-06
67.65,-0.000265948496224,-0.00490051972957,4.92335410622e-06
67.7,-0.000263518653212,-0.00489584923353,4.8760354538e-06
67.75,-0.000261110705997,-0.00489118546083,4.82917983799e-06
67.8,-0.00025872446009,-0.00488652844002,4.7827958106e-06
67.85,-0.000256361003897,-0.00488187819874,4.73685838427e-06
67.9,-0.000254018840374,-0.00487723476863,4.69136328447e-06
67.95,-0.000251697780493,-0.00487259817631,4.64630627208e-06
68.0,-0.000249397636891,-0.00486796844781,4.60169562988e-06
68.05,-0.000247118223861,-0.00486334560832,4.55752158207e-06
68.1,-0.000244859357332,-0.00485872968252,4.51377272896e-06
68.15,-0.00024262085485,-0.00485412069459,4.47044499439e-06
68.2,-0.000240402535566,-0.00484951866814,4.42753434029e-06
68.25,-0.000238204220225,-0.00484496865898,4.38504326726e-06
68.3,-0.000236025723573,-0.00484042822189,4.34297983199e-06
68.35,-0.000233866873442,-0.00483589484022,4.30132120191e-06
68.4,-0.000231727495406,-0.00483136853386,4.26006349159e-06
68.45,-0.000229607416575,-0.00482684932217,4.21920285213e-06
68.5,-0.000227506465576,-0.00482233722397,4.17874680585e-06
68.55,-0.000225424472545,-0.00481783225732,4.13868647695e-06
68.6,-0.000223361269109,-0.00481333443986,4.0990115149e-06
68.65,-0.000221316688368,-0.00480884378879,4.05971821972e-06
68.7,-0.000219290564889,-0.00480436032079,4.02080292626e-06
68.75,-0.000217282734691,-0.00479988405201,3.98226790765e-06
68.8,-0.000215293035233,-0.00479541499802,3.94412022335e-06
68.85,-0.000213322371492,-0.00479095317366,3.90633927558e-06
68.9,-0.000211369497022,-0.00478652889792,3.86892154619e-06
68.95,-0.000209434248334,-0.00478212713436,3.83186375566e-06
69.0,-0.000207516471192,-0.00477773266314,3.79517265333e-06
69.05,-0.000205616010473,-0.00477334549593,3.75884018176e-06
69.1,-0.000203732712414,-0.00476896564403,3.72285694405e-06
69.15,-0.000201866424592,-0.00476460065208,3.68721958344e-06
69.2,-0.0002000169954,-0.00476024909893,3.6519247948e-06
69.25,-0.000198184274673,-0.00475590701984,3.61697466208e-06
69.3,-0.000196368113848,-0.00475157232947,3.58237560598e-06
69.35,-0.000194568365813,-0.00474724503645,3.54810892138e-06
69.4,-0.000192784884733,-0.00474292514919,3.51417141327e-06
69.45,-0.000191017526053,-0.00473861267571,3.48055991699e-06
69.5,-0.000189266146478,-0.00473430762358,3.44728064886e-06
69.55,-0.000187530603972,-0.00473000999979,3.41432629828e-06
69.6,-0.000185810757738,-0.00472575754814,3.38168833776e-06
69.65,-0.00018410646307,-0.00472151823656,3.34936392294e-06
69.7,-0.000182417584183,-0.00471728637944,3.31734994374e-06
69.75,-0.000180743984041,-0.00471306198122,3.28564828389e-06
69.8,-0.000179085526806,-0.00470884504585,3.25426477704e-06
69.85,-0.000177442964606,-0.00470463557676,3.22318243766e-06
69.9,-0.000175815259983,-0.0047004335801,3.19239837148e-06
69.95,-0.000174202280873,-0.00469623905871,3.16190970968e-06
70.0,-0.000172603896367,-0.00469205201508,3.13172210574e-06
70.05,-0.000171019976699,-0.00468787245116,3.10182892486e-06
70.1,-0.000169450393237,-0.00468370036863,3.0722224265e-06
70.15,-0.000167895018468,-0.0046795357689,3.04289985427e-06
70.2,-0.000166353725992,-0.00467537865302,3.01385847809e-06
70.25,-0.000164826390515,-0.00467122902169,2.98510001933e-06
70.3,-0.000163312887835,-0.00466710707086,2.9566297883e-06
70.35,-0.000161813091432,-0.00466301366369,2.92843249455e-06
70.4,-0.000160326880502,-0.00465892774099,2.90050546892e-06
70.45,-0.000158854134153,-0.00465484930115,2.87284611175e-06
70.5,-0.000157394732546,-0.00465077834225,2.84545956669e-06
70.55,-0.000155948556891,-0.00464671486191,2.81833981263e-06
70.6,-0.000154515489432,-0.00464265885753,2.79147982362e-06
70.65,-0.00015309541344,-0.00463861529431,2.76487710218e-06
70.7,-0.000151688212946,-0.00463458522942,2.73852918472e-06
70.75,-0.000150293772948,-0.00463056696836,2.7124376542e-06
70.8,-0.000148911979547,-0.00462655620235,2.68660735107e-06
70.85,-0.000147543457421,-0.00462255292693,2.66102426851e-06
70.9,-0.000146187343193,-0.00461855713993,2.63568603196e-06
70.95,-0.000144843526351,-0.00461456883645,2.61059028811e-06
71.0,-0.000143511897344,-0.00461058801132,2.58574172017e-06
71.05,-0.000142192347578,-0.00460663199737,2.56113486586e-06
71.1,-0.000140884766698,-0.00460270513845,2.53676345473e-06
71.15,-0.000139589048924,-0.00459878573412,2.51262519016e-06
71.2,-0.00013830508855,-0.0045948737773,2.48871783054e-06
71.25,-0.000137032780787,-0.00459096926064,2.46504281024e-06
71.3,-0.000135772021766,-0.00458707217651,2.44160452779e-06
71.35,-0.00013452270852,-0.00458318251693,2.41839026135e-06
71.4,-0.000133284738981,-0.00457930027385,2.39539785891e-06
71.45,-0.000132058011969,-0.00457542543899,2.37262518912e-06
71.5,-0.000130842427189,-0.00457155800383,2.3500765158e-06
71.55,-0.00012963788522,-0.00456769795953,2.32774688216e-06
71.6,-0.00012844428751,-0.00456384529707,2.30563050102e-06
71.65,-0.000127261536365,-0.00456000000728,2.28372532508e-06
71.7,-0.000126089534946,-0.00455616208076,2.26202932671e-06
71.75,-0.000124928187256,-0.0045523315079,2.24054381935e-06
71.8,-0.000123777398141,-0.00454850827883,2.21927281082e-06
71.85,-0.000122637686163,-0.00454471593678,2.19820474756e-06
71.9,-0.000121508330522,-0.00454094412507,2.17733778147e-06
71.95,-0.000120389239764,-0.00453717961677,2.15666994325e-06
72.0,-0.000119280322245,-0.00453342240043,2.13620511589e-06
72.05,-0.000118181487117,-0.00452967246435,2.11593880107e-06
72.1,-0.000117092644327,-0.00452592979665,2.09586574544e-06
72.15,-0.000116013704607,-0.00452219692211,2.07598409508e-06
72.2,-0.000114944579367,-0.00451847725413,2.0562920178e-06
72.25,-0.000113885180664,-0.0045147712556,2.03679072365e-06
72.3,-0.000112835421314,-0.00451107250849,2.01748387248e-06
72.35,-0.000111795215148,-0.00450738099973,1.99836096778e-06
72.4,-0.000110764476747,-0.00450369671625,1.97942024618e-06
72.45,-0.000109743121441,-0.00450001964477,1.96065996127e-06
72.5,-0.000108731065296,-0.0044963497719,1.94208365143e-06
72.55,-0.000107728225117,-0.00449268708398,1.92368723549e-06
72.6,-0.000106734518431,-0.00448903156723,1.90546594561e-06
72.65,-0.00010574986349,-0.0044853832078,1.88741810434e-06
72.7,-0.000104774179258,-0.00448177557468,1.86954205035e-06
72.75,-0.000103807383019,-0.00447817594819,1.85183897807e-06
72.8,-0.000102849396409,-0.00447458342076,1.83431216502e-06
72.85,-0.000101900649802,-0.00447099797717,1.81695207473e-06
72.9,-0.000100960545833,-0.00446741960375,1.79975711137e-06
72.95,-0.000100029007138,-0.00446384828509,1.78272569374e-06
73.0,-9.91059570301e-05,-0.00446028400566,1.76586104584e-06
73.05,-9.8191319493e-05,-0.00445672674972,1.74915946365e-06
73.1,-9.72850191751e-05,-0.00445317650145,1.73261661856e-06
73.15,-9.63869813834e-05,-0.00444963324495,1.71623099186e-06
73.2,-9.54971320786e-05,-0.00444609696422,1.70000107944e-06
73.25,-9.46153978692e-05,-0.00444256764313,1.68392788807e-06
73.3,-9.37417060069e-05,-0.0044390452654,1.66801444991e-06
73.35,-9.28759843809e-05,-0.00443552981459,1.65225210123e-06
73.4,-9.20181615111e-05,-0.00443202127425,1.63663939811e-06
73.45,-9.11681665436e-05,-0.00442851962782,1.62117491052e-06
73.5,-9.03259292453e-05,-0.00442502485865,1.60586157814e-06
73.55,-8.94913799996e-05,-0.00442154741124,1.5906960404e-06
73.6,-8.86644485256e-05,-0.00441809851278,1.5756744193e-06
73.65,-8.78450667805e-05,-0.00441465664837,1.56079532701e-06
73.7,-8.7033166992e-05,-0.00441122877596,1.54605740199e-06
73.75,-8.62286817792e-05,-0.00440781352775,1.53146157428e-06
73.8,-8.54315443994e-05,-0.00440440636014,1.51701061408e-06
73.85,-8.4642111833e-05,-0.00440100596183,1.50269664908e-06
73.9,-8.38598874223e-05,-0.00439761231592,1.48851837192e-06
73.95,-8.30848064563e-05,-0.00439422540411,1.47447448727e-06
74.0,-8.2316804791e-05,-0.004390845208,1.46056767415e-06
74.05,-8.15558188454e-05,-0.00438747170909,1.44679488146e-06
74.1,-8.08017855962e-05,-0.0043841048888,1.43315254114e-06
74.15,-8.00546425726e-05,-0.00438074472857,1.41963940901e-06
74.2,-7.9314327852e-05,-0.00437739120972,1.40625425287e-06
74.25,-7.85807800555e-05,-0.00437404431355,1.39299791746e-06
74.3,-7.78539383433e-05,-0.00437070402123,1.37987292313e-06
74.35,-7.71337424108e-05,-0.00436737031384,1.36687211477e-06
74.4,-7.6420132482e-05,-0.00436404317249,1.35399430945e-06
74.45,-7.57130493066e-05,-0.00436072257822,1.34123833555e-06
74.5,-7.5012434155e-05,-0.00435742475978,1.32860663664e-06
74.55,-7.43182276639e-05,-0.00435414705896,1.31609649019e-06
74.6,-7.36303725783e-05,-0.00435087582837,1.30370463908e-06
74.65,-7.29488117327e-05,-0.00434761104833,1.29142995681e-06
74.7,-7.22734884642e-05,-0.00434435269915,1.27927132767e-06
74.75,-7.16043466082e-05,-0.00434110076107,1.26722952538e-06
74.8,-7.09413304942e-05,-0.00433785521427,1.255306848e-06
74.85,-7.02847361924e-05,-0.00433461603884,1.24349679163e-06
74.9,-6.96341508974e-05,-0.004331383216,1.23179828548e-06
74.95,-6.89895204957e-05,-0.00432815672582,1.22021026871e-06
75.0,-6.83507913499e-05,-0.00432493654835,1.2087349694e-06
75.05,-6.77179102951e-05,-0.00432172266355,1.19736987361e-06
75.1,-6.70908246345e-05,-0.00431851505137,1.18611203926e-06
75.15,-6.6469482135e-05,-0.00431531369178,1.17496044728e-06
75.2,-6.58538310237e-05,-0.004312123843,1.16391408837e-06
75.25,-6.52438198682e-05,-0.00430894578774,1.15297367687e-06
75.3,-6.46393976877e-05,-0.0043057773271,1.14214131413e-06
75.35,-6.40405140027e-05,-0.00430261507012,1.1314110909e-06
75.4,-6.34471188526e-05,-0.00429945899638,1.1207820377e-06
75.45,-6.28591627176e-05,-0.00429630908546,1.11025319434e-06
75.5,-6.22765965146e-05,-0.00429317813795,1.09982659316e-06
75.55,-6.16993707601e-05,-0.00429006805861,1.08949998563e-06
75.6,-6.11274375282e-05,-0.00428696406029,1.07927068776e-06
75.65,-6.05607490452e-05,-0.00428386612205,1.06913777627e-06
75.7,-5.99992579591e-05,-0.00428077422297,1.05910033675e-06
75.75,-5.94429173358e-05,-0.00427768834211,1.0491590189e-06
75.8,-5.88916806557e-05,-0.00427460845849,1.0393157346e-06
75.85,-5.8345793395e-05,-0.00427153455112,1.02956510819e-06
75.9,-5.78049125653e-05,-0.00426846659991,1.01990626194e-06
75.95,-5.7268992952e-05,-0.0042654045839,1.01033832628e-06
76.0,-5.67379897395e-05,-0.00426234848211,1.00086315482e-06
76.05,-5.62118585086e-05,-0.00425929827355,9.91478674756e-07
76.1,-5.56905552323e-05,-0.00425625393722,9.82182458514e-07
76.15,-5.51740362726e-05,-0.00425321545216,9.72973670673e-07
76.2,-5.46622583774e-05,-0.00425018279742,9.63851483794e-07
76.25,-5.4155178677e-05,-0.00424715595205,9.54816493857e-07
76.3,-5.36527546811e-05,-0.00424413489508,9.45870445521e-07
76.35,-5.31549442756e-05,-0.00424111960552,9.37008451141e-07
76.4,-5.26617057187e-05,-0.00423811006245,9.28229716191e-07
76.45,-5.21729976383e-05,-0.00423510624495,9.19533453724e-07
76.5,-5.16887790285e-05,-0.00423210813212,9.10921355215e-07
76.55,-5.12090092471e-05,-0.00422911570304,9.02391538571e-07
76.6,-5.07336480117e-05,-0.00422615132502,8.93941798683e-07
76.65,-5.02626545984e-05,-0.00422319549731,8.85571412232e-07
76.7,-4.97959898378e-05,-0.00422024828398,8.7727961384e-07
76.75,-4.93336144758e-05,-0.00421731219214,8.6906695154e-07
76.8,-4.88754895667e-05,-0.00421438705072,8.60935020523e-07
76.85,-4.84218185059e-05,-0.00421146747803,8.52879378957e-07
76.9,-4.79723164033e-05,-0.00420855345338,8.44899306921e-07
76.95,-4.75269455035e-05,-0.0042056449554,8.36994091185e-07
77.0,-4.70856683856e-05,-0.00420274196272,8.29165274468e-07
77.05,-4.66484479607e-05,-0.004199844454,8.21411146692e-07
77.1,-4.62152474685e-05,-0.0041969524079,8.13729703656e-07
77.15,-4.57860304751e-05,-0.00419406580315,8.06120260064e-07
77.2,-4.53607608695e-05,-0.00419118461851,7.98582137143e-07
77.25,-4.49394028614e-05,-0.00418830883277,7.9111583541e-07
77.3,-4.45219209782e-05,-0.00418543842473,7.83722807173e-07
77.35,-4.41082800626e-05,-0.00418257337319,7.7639900938e-07
77.4,-4.36984452692e-05,-0.00417971365703,7.69143790172e-07
77.45,-4.32923820624e-05,-0.00417685925517,7.61956503888e-07
77.5,-4.28900562133e-05,-0.00417401014655,7.54838558533e-07
77.55,-4.24914337977e-05,-0.00417116631014,7.47788400909e-07
77.6,-4.20964811928e-05,-0.00416832772494,7.4080420996e-07
77.65,-4.1705165075e-05,-0.00416549436999,7.33885365242e-07
77.7,-4.13174524171e-05,-0.00416266622441,7.27031252198e-07
77.75,-4.09333104856e-05,-0.00415985644183,7.20242329863e-07
77.8,-4.0552706351e-05,-0.00415706173363,7.13519944076e-07
77.85,-4.01758088346e-05,-0.00415427215346,7.06860409229e-07
77.9,-3.9802381367e-05,-0.00415148768081,7.00263134714e-07
77.95,-3.94323924343e-05,-0.00414870829465,6.93727535412e-07
78.0,-3.90658108034e-05,-0.00414593397397,6.87254895964e-07
78.05,-3.87026055188e-05,-0.00414316469779,6.80843804958e-07
78.1,-3.8342745901e-05,-0.00414040044517,6.74492607024e-07
78.15,-3.79862015435e-05,-0.00413764119525,6.68200739863e-07
78.2,-3.76329423104e-05,-0.0041348877706,6.61967646504e-07
78.25,-3.72829383243e-05,-0.00413214542151,6.55793747901e-07
78.3,-3.69361599096e-05,-0.00412941410196,6.49680256706e-07
78.35,-3.65925776586e-05,-0.00412668833874,6.43623829921e-07
78.4,-3.62521624942e-05,-0.00412396750523,6.3762393265e-07
78.45,-3.59148856061e-05,-0.00412125158059,6.31680034747e-07
78.5,-3.55807184408e-05,-0.00411854054405,6.25793308576e-07
78.55,-3.52496326998e-05,-0.00411583437486,6.19962471565e-07
78.6,-3.4921600337e-05,-0.00411313305231,6.14186018933e-07
78.65,-3.45965935567e-05,-0.00411043655579,6.08463441163e-07
78.7,-3.42745848111e-05,-0.00410774486471,6.02794233555e-07
78.75,-3.39555467988e-05,-0.00410505795857,5.97178781497e-07
78.8,-3.36394524621e-05,-0.00410237581688,5.91618188884e-07
78.85,-3.33264415352e-05,-0.00409969841919,5.8610941123e-07
78.9,-3.30163176246e-05,-0.00409702574563,5.80651963802e-07
78.95,-3.27090544395e-05,-0.00409435777588,5.75245366361e-07
79.0,-3.24046259242e-05,-0.00409169947789,5.69890689051e-07
79.05,-3.21030059806e-05,-0.00408906178162,5.64586777959e-07
79.1,-3.18041690797e-05,-0.00408642871148,5.59332262531e-07
79.15,-3.15080898666e-05,-0.00408380024711,5.54126680824e-07
79.2,-3.12147432131e-05,-0.00408117636819,5.48969575252e-07
79.25,-3.09241042155e-05,-0.00407855705448,5.43861298822e-07
79.3,-3.0636148193e-05,-0.00407594228577,5.38802858909e-07
79.35,-3.03508506856e-05,-0.0040733320419,5.33791484846e-07
79.4,-3.00681874521e-05,-0.0040707263028,5.2882673705e-07
79.45,-2.97881344682e-05,-0.00406812504846,5.2390818008e-07
79.5,-2.95106679247e-05,-0.00406552825895,5.19036790508e-07
79.55,-2.92357642257e-05,-0.00406293591434,5.14211508784e-07
79.6,-2.89633999867e-05,-0.00406034799482,5.09431090931e-07
79.65,-2.86935520323e-05,-0.00405776448061,5.04695118379e-07
79.7,-2.84261973953e-05,-0.00405518535203,5.00003176492e-07
79.75,-2.81613133139e-05,-0.00405261617032,4.95355588901e-07
79.8,-2.78988771794e-05,-0.00405005655837,4.90753277429e-07
79.85,-2.76390047174e-05,-0.00404750387818,4.86193722525e-07
79.9,-2.73815329148e-05,-0.00404495553626,4.81676526722e-07
79.95,-2.71264398596e-05,-0.00404241151297,4.7720129522e-07
80.0,-2.68737038365e-05,-0.00403987178874,4.72768919333e-07
80.05,-2.66233033248e-05,-0.00403733634403,4.68378435765e-07
80.1,-2.63752169968e-05,-0.00403480515939,4.64028713181e-07
80.15,-2.61294237163e-05,-0.00403227821542,4.59719372042e-07
80.2,-2.58859025366e-05,-0.00402975549281,4.55450036368e-07
80.25,-2.5644632699e-05,-0.00402723697232,4.51221002643e-07
80.3,-2.54055936312e-05,-0.00402472263475,4.47033110266e-07
80.35,-2.51687649457e-05,-0.00402221246095,4.42884064054e-07
80.4,-2.49341264382e-05,-0.00401971686667,4.38773502749e-07
80.45,-2.47016578475e-05,-0.00401723380309,4.34701078634e-07
80.5,-2.44713394239e-05,-0.00401475483147,4.30667601426e-07
80.55,-2.42431515086e-05,-0.00401227993272,4.26672195119e-07
80.6,-2.40170746194e-05,-0.00400980908781,4.2271383059e-07
80.65,-2.37930894492e-05,-0.0040073422778,4.18792163536e-07
80.7,-2.35711768644e-05,-0.00400487948381,4.14906852875e-07
80.75,-2.33513179036e-05,-0.00400242068704,4.11058170114e-07
80.8,-2.31334937757e-05,-0.00399996586874,4.07246881361e-07
80.85,-2.29178003913e-05,-0.00399751501022,4.03470897115e-07
80.9,-2.2704102513e-05,-0.00399506809322,3.99729889665e-07
80.95,-2.24923818856e-05,-0.0039926250992,3.96023534322e-07
81.0,-2.2282620418e-05,-0.00399018600971,3.92352573709e-07
81.05,-2.20748001821e-05,-0.00398775080633,3.88716211309e-07
81.1,-2.18689034111e-05,-0.00398531947074,3.85113511064e-07
81.15,-2.16649124979e-05,-0.00398289198468,3.81544160781e-07
81.2,-2.14628099942e-05,-0.00398046832998,3.78007851182e-07
81.25,-2.12625786087e-05,-0.00397805193743,3.74504831076e-07
81.3,-2.1064201182e-05,-0.00397564454185,3.71035800925e-07
81.35,-2.0867660698e-05,-0.00397324542413,3.67598859954e-07
81.4,-2.06729403005e-05,-0.00397085009585,3.64193712165e-07
81.45,-2.04800233161e-05,-0.00396845853894,3.60820062974e-07
81.5,-2.02888932218e-05,-0.00396607073539,3.5747859022e-07
81.55,-2.00995336437e-05,-0.00396368666725,3.54168569413e-07
81.6,-1.99119283554e-05,-0.00396130631666,3.50889148889e-07
81.65,-1.97260612769e-05,-0.00395892966583,3.47640045376e-07
81.7,-1.95419164733e-05,-0.00395655669705,3.44420978236e-07
81.75,-1.93594781534e-05,-0.00395418739266,3.41232175325e-07
81.8,-1.91787306685e-05,-0.00395182173509,3.38074275085e-07
81.85,-1.89997534631e-05,-0.00394945970682,3.34945545374e-07
81.9,-1.88224343508e-05,-0.00394710349147,3.31845716498e-07
81.95,-1.8646758024e-05,-0.00394476552619,3.28774525847e-07
82.0,-1.84727094158e-05,-0.0039424311311,3.25732592388e-07
82.05,-1.83002736128e-05,-0.00394010028401,3.22719256546e-07
82.1,-1.81294358256e-05,-0.00393777296755,3.19733743291e-07
82.15,-1.79601813983e-05,-0.00393544916446,3.16775795486e-07
82.2,-1.77924958075e-05,-0.00393312885754,3.13845158384e-07
82.25,-1.76263646609e-05,-0.00393081202965,3.10942040578e-07
82.3,-1.7461773696e-05,-0.00392849866376,3.08067024808e-07
82.35,-1.72987087795e-05,-0.00392618874285,3.05218533637e-07
82.4,-1.71371559056e-05,-0.00392388225003,3.02396322211e-07
82.45,-1.69771011952e-05,-0.00392157916848,2.99600147948e-07
82.5,-1.68185308946e-05,-0.00391927948143,2.96830575681e-07
82.55,-1.66614313746e-05,-0.00391698317219,2.94087005834e-07
82.6,-1.6505789129e-05,-0.00391469022416,2.91368733172e-07
82.65,-1.63515907742e-05,-0.00391240062079,2.88675524387e-07
82.7,-1.61988230474e-05,-0.00391011434563,2.86007148329e-07
82.75,-1.60474728059e-05,-0.00390783277722,2.83363796079e-07
82.8,-1.58975270186e-05,-0.00390555968739,2.80745999998e-07
82.85,-1.57490514598e-05,-0.00390329620706,2.7815232468e-07
82.9,-1.56019530539e-05,-0.00390103601974,2.75582549309e-07
82.95,-1.54562191532e-05,-0.00389877910909,2.73036453643e-07
83.0,-1.53118372241e-05,-0.00389652545882,2.38979458722e-07
83.05,-1.5168794062e-05,-0.00389427549726,2.33265961017e-07
83.1,-1.50270780851e-05,-0.0038920288059,2.31111606031e-07
83.15,-1.48866771859e-05,-0.00388978531854,2.2897709182e-07
83.2,-1.47475792779e-05,-0.00388754501928,2.26862235719e-07
83.25,-1.46097723843e-05,-0.00388530789231,2.24767239606e-07
83.3,-1.44732446366e-05,-0.00388307392189,1.5972727059e-07
83.35,-1.43379827942e-05,-0.00388084397993,1.51251590536e-07
83.4,-1.42039765715e-05,-0.00387861724741,1.49855344807e-07
83.45,-1.40712145874e-05,-0.00387639360867,1.48471947797e-07
83.5,-1.39396853966e-05,-0.00387417304846,1.15653357299e-07
83.55,-1.3809376946e-05,-0.00387195599488,1.11089347684e-07
83.6,-1.36802786552e-05,-0.00386974960474,1.1006422559e-07
83.65,-1.35523793683e-05,-0.00386755362799,1.09048533546e-07
83.7,-1.34256680862e-05,-0.00386536065279,1.08042184204e-07
83.75,-1.33001338754e-05,-0.00386317066415,7.56395814321e-08
83.8,-1.31757652241e-05,-0.00386098408272,4.00524066246e-08
83.85,-1.30526165832e-05,-0.00385880093477,3.61917439179e-08
83.9,-1.2930611496e-05,-0.0038566207624,3.58578470899e-08
83.95,-1.2809739515e-05,-0.00385444350184,3.55270200246e-08
84.0,-1.26899902115e-05,-0.00385226913863,3.51992345356e-08
84.05,-1.25713532517e-05,-0.00385009765839,3.51899422857e-09
84.1,-1.24538177565e-05,-0.00384792948159,0.0
84.15,-1.233737417e-05,-0.00384576420035,0.0
84.2,-1.22220125096e-05,-0.00384360175144,0.0
84.25,-1.21077228112e-05,-0.00384144212081,0.0
84.3,-1.19944952015e-05,-0.00383929116925,0.0
84.35,-1.18823198738e-05,-0.00383714793543,0.0
84.4,-1.17711871152e-05,-0.00383500938365,0.0
84.45,-1.16610873137e-05,-0.00383287362368,0.0
84.5,-1.15520109516e-05,-0.00383074064157,0.0
84.55,-1.14439485981e-05,-0.00382861042342,0.0
84.6,-1.13368909081e-05,-0.00382648295543,0.0
84.65,-1.12308286216e-05,-0.00382435822382,0.0
84.7,-1.11257525628e-05,-0.00382223621492,0.0
84.75,-1.10216536394e-05,-0.00382011691511,0.0
84.8,-1.0918522842e-05,-0.00381800031081,0.0
84.85,-1.08164052985e-05,-0.00381588638854,0.0
84.9,-1.07152370422e-05,-0.00381377513503,0.0
84.95,-1.06150093233e-05,-0.0038116665369,0.0
85.0,-1.05157134716e-05,-0.00380956058086,0.0
85.05,-1.04173408959e-05,-0.00380745725366,0.0
85.1,-1.03198830832e-05,-0.00380535654213,0.0
85.15,-1.0223331598e-05,-0.00380325843317,0.0
85.2,-1.01276780816e-05,-0.00380116291373,0.0
85.25,-1.00329142515e-05,-0.00379906997084,0.0
85.3,-9.93903190087e-06,-0.00379697959156,0.0
85.35,-9.84602289737e-06,-0.00379489176306,0.0
85.4,-8.81412061135e-06,-0.00379280647255,0.0
85.45,-7.32115205049e-06,-0.00379072254163,0.0
85.5,-7.25263524813e-06,-0.00378864914172,0.0
85.55,-7.18475583574e-06,-0.00378657835687,0.0
85.6,-7.11750794645e-06,-0.00378451015874,0.0
85.65,-7.05088575442e-06,-0.00378244453341,0.0
85.7,-6.98488348686e-06,-0.00378038146701,0.0
85.75,-6.91949542358e-06,-0.00377832094577,0.0
85.8,-6.85471589649e-06,-0.0037762668078,0.0
85.85,-6.79057321676e-06,-0.00377422010469,0.0
85.9,-6.72702720362e-06,-0.00377217962525,0.0
85.95,-6.66407234512e-06,-0.00377014166513,0.0
86.0,-6.60170318776e-06,-0.0037681062107,0.0
86.05,-6.5399143277e-06,-0.00376607324839,0.0
86.1,-6.47870041039e-06,-0.00376404276471,0.0
86.15,-6.41805613003e-06,-0.00376201474626,0.0
86.2,-6.35797622922e-06,-0.00375998917971,0.0
86.25,-6.29845549847e-06,-0.0037579660518,0.0
86.3,-6.23948877581e-06,-0.00375594534935,0.0
86.35,-6.18107094633e-06,-0.00375392705925,0.0
86.4,-6.1231969418e-06,-0.00375191116848,0.0
86.45,-6.06586174021e-06,-0.00374989766408,0.0
86.5,-6.00906036537e-06,-0.00374788653316,0.0
86.55,-5.95278788654e-06,-0.00374587776293,0.0
86.6,-5.89703941795e-06,-0.00374387134065,0.0
86.65,-5.84181011845e-06,-0.00374186725365,0.0
86.7,-5.78709519109e-06,-0.00373986548936,0.0
86.75,-5.73288988274e-06,-0.00373786603525,0.0
86.8,-5.67918948368e-06,-0.00373586887888,0.0
86.85,-5.62601744341e-06,-0.00373387400789,0.0
86.9,-5.57334046715e-06,-0.00373188141005,0.0
86.95,-5.52115398129e-06,-0.00372989107313,0.0
87.0,-5.46945345398e-06,-0.00372790298497,0.0
87.05,-5.41823439479e-06,-0.00372591713349,0.0
87.1,-5.36749235429e-06,-0.00372393350666,0.0
87.15,-5.31722292371e-06,-0.00372195209253,0.0
87.2,-5.26742173459e-06,-0.00371997287924,0.0
87.25,-5.21808445838e-06,-0.00371799585496,0.0
87.3,-5.16920680611e-06,-0.00371602290295,0.0
87.35,-5.12078452487e-06,-0.00371405702468,0.0
87.4,-5.07281339579e-06,-0.00371209877607,0.0
87.45,-5.02528923797e-06,-0.00371014269822,0.0
87.5,-4.97820791791e-06,-0.00370818877941,0.0
87.55,-4.93156533991e-06,-0.00370624609067,0.0
87.6,-4.88535741277e-06,-0.00370430818774,0.0
87.65,-4.83958013091e-06,-0.00370237240504,0.0
87.7,-4.79422951072e-06,-0.00370043873099,0.0
87.75,-4.74930160502e-06,-0.00369850715409,0.0
87.8,-4.70479250278e-06,-0.00369657766291,0.0
87.85,-4.66072162084e-06,-0.00369465024607,0.0
87.9,-4.61706136772e-06,-0.00369272489235,0.0
87.95,-4.57380794558e-06,-0.00369080159051,0.0
88.0,-4.53095759134e-06,-0.00368888032938,0.0
88.05,-4.48850657632e-06,-0.00368696109788,0.0
88.1,-4.446451206e-06,-0.00368504388496,0.0
88.15,-4.40478781965e-06,-0.00368312867966,0.0
88.2,-4.36351279007e-06,-0.00368121547109,0.0
88.25,-4.32262252326e-06,-0.00367930424842,0.0
88.3,-4.28211345815e-06,-0.00367739500086,0.0
88.35,-4.24198206626e-06,-0.00367548771772,0.0
88.4,-4.20222485145e-06,-0.00367358238837,0.0
88.45,-4.1628383496e-06,-0.00367167900222,0.0
88.5,-4.12381912834e-06,-0.00366977754877,0.0
88.55,-4.08516378676e-06,-0.00366787801757,0.0
88.6,-4.0468689551e-06,-0.00366598039823,0.0
88.65,-4.00893129451e-06,-0.00366408468044,0.0
88.7,-3.97134749675e-06,-0.00366219085394,0.0
88.75,-3.9341142839e-06,-0.00366029890852,0.0
88.8,-3.89722840811e-06,-0.00365840883407,0.0
88.85,-3.86070594532e-06,-0.00365652677528,0.0
88.9,-3.82452402451e-06,-0.00365465123981,0.0
88.95,-3.78867948657e-06,-0.00365277882399,0.0
89.0,-3.7531692057e-06,-0.00365090826668,0.0
89.05,-3.71799008634e-06,-0.00364903955782,0.0
89.1,-3.6831390613e-06,-0.0036471726874,0.0
89.15,-3.64861309152e-06,-0.00364530764547,0.0
89.2,-3.6144091658e-06,-0.00364344442214,0.0
89.25,-3.5805243006e-06,-0.0036415830076,0.0
89.3,-3.5469555397e-06,-0.00363972339208,0.0
89.35,-3.51369995404e-06,-0.00363786556586,0.0
89.4,-3.48075464143e-06,-0.00363600951932,0.0
89.45,-3.44811672631e-06,-0.00363415524286,0.0
89.5,-3.41578335952e-06,-0.00363230272695,0.0
89.55,-3.38375171806e-06,-0.00363045196212,0.0
89.6,-3.35201900484e-06,-0.00362860293898,0.0
89.65,-3.32058244847e-06,-0.00362675564815,0.0
89.7,-3.28943930298e-06,-0.00362491008036,0.0
89.75,-3.25858684767e-06,-0.00362306622636,0.0
89.8,-3.22802238679e-06,-0.00362122407698,0.0
89.85,-3.19775923028e-06,-0.00361939020224,0.0
89.9,-3.16777841797e-06,-0.00361756174812,0.0
89.95,-3.13807733974e-06,-0.00361573497046,0.0
90.0,-3.10865340259e-06,-0.00361390986017,0.0
90.05,-3.07950403732e-06,-0.00361208640824,0.0
90.1,-3.05062669834e-06,-0.0036102646057,0.0
90.15,-3.02201886342e-06,-0.00360844444362,0.0
90.2,-2.99367803353e-06,-0.00360662591317,0.0
90.25,-2.96560173256e-06,-0.00360480900553,0.0
90.3,-2.93778750719e-06,-0.00360299371196,0.0
90.35,-2.91023292663e-06,-0.00360118424813,0.0
90.4,-2.88293557848e-06,-0.00359938105,0.0
90.45,-2.85589307229e-06,-0.00359758245905,0.0
90.5,-2.82910304122e-06,-0.00359578547453,0.0
90.55,-2.80256314303e-06,-0.00359399008773,0.0
90.6,-2.77627105701e-06,-0.00359219629,0.0
90.65,-2.75022448378e-06,-0.00359040407274,0.0
90.7,-2.72442114512e-06,-0.00358861342741,0.0
90.75,-2.69885878374e-06,-0.00358682434551,0.0
90.8,-2.67353516312e-06,-0.00358503681862,0.0
90.85,-2.6484613031e-06,-0.00358325083835,0.0
90.9,-2.6236215109e-06,-0.00358146639641,0.0
90.95,-2.59901361504e-06,-0.00357968348452,0.0
91.0,-2.57463546399e-06,-0.00357790209446,0.0
91.05,-2.55048492602e-06,-0.00357612221806,0.0
91.1,-2.52655988902e-06,-0.00357434384719,0.0
91.15,-2.50285826028e-06,-0.0035725669738,0.0
91.2,-2.47937796636e-06,-0.00357079158986,0.0
91.25,-2.4561169529e-06,-0.00356901768741,0.0
91.3,-2.43307318444e-06,-0.00356724525854,0.0
91.35,-2.41024464425e-06,-0.00356547429538,0.0
91.4,-1.43830213844e-06,-0.00356370479011,0.0
91.45,0.0,-0.00356193425415,0.0
91.5,0.0,-0.00356016147968,0.0
91.55,0.0,-0.00355839024451,0.0
91.6,0.0,-0.0035566205397,0.0
91.65,0.0,-0.00355485235639,0.0
91.7,0.0,-0.00355308568577,0.0
91.75,0.0,-0.00355132051908,0.0
91.8,0.0,-0.00354955684766,0.0
91.85,0.0,-0.00354779701492,0.0
91.9,0.0,-0.00354604332638,0.0
91.95,0.0,-0.0035442958153,0.0
92.0,0.0,-0.00354254979186,0.0
92.05,0.0,-0.00354080524747,0.0
92.1,0.0,-0.00353906217356,0.0
92.15,0.0,-0.00353732056166,0.0
92.2,0.0,-0.00353558040332,0.0
92.25,0.0,-0.00353384169019,0.0
92.3,0.0,-0.00353210441396,0.0
92.35,0.0,-0.00353036856637,0.0
92.4,0.0,-0.00352863807317,0.0
92.45,0.0,-0.00352691421423,0.0
92.5,0.0,-0.00352519175959,0.0
92.55,0.0,-0.00352347070113,0.0
92.6,0.0,-0.00352175103079,0.0
92.65,0.0,-0.00352003274056,0.0
92.7,0.0,-0.0035183158225,0.0
92.75,0.0,-0.0035166002687,0.0
92.8,0.0,-0.00351488607133,0.0
92.85,0.0,-0.00351317322261,0.0
92.9,0.0,-0.00351146171483,0.0
92.95,0.0,-0.0035097515403,0.0
93.0,0.0,-0.00350804269142,0.0
93.05,0.0,-0.00350633516063,0.0
93.1,0.0,-0.00350462894042,0.0
93.15,0.0,-0.00350292402334,0.0
93.2,0.0,-0.003501220402,0.0
93.25,0.0,-0.00349951806906,0.0
93.3,0.0,-0.00349781701721,0.0
93.35,0.0,-0.00349611777405,0.0
93.4,0.0,-0.00349442514613,0.0
93.45,0.0,-0.00349273875666,0.0
93.5,0.0,-0.00349105432874,0.0
93.55,0.0,-0.00348937117184,0.0
93.6,0.0,-0.00348768927876,0.0
93.65,0.0,-0.00348600864235,0.0
93.7,0.0,-0.00348432925549,0.0
93.75,0.0,-0.00348265111113,0.0
93.8,0.0,-0.00348097420226,0.0
93.85,0.0,-0.00347929852194,0.0
93.9,0.0,-0.00347762406326,0.0
93.95,0.0,-0.00347595081937,0.0
94.0,0.0,-0.00347427878346,0.0
94.05,0.0,-0.00347260794878,0.0
94.1,0.0,-0.00347093830863,0.0
94.15,0.0,-0.00346926985633,0.0
94.2,0.0,-0.00346760258529,0.0
94.25,0.0,-0.00346593648894,0.0
94.3,0.0,-0.00346427156077,0.0
94.35,0.0,-0.0034626077943,0.0
94.4,0.0,-0.00346094518312,0.0
94.45,0.0,-0.00345928372086,0.0
94.5,0.0,-0.00345762340117,0.0
94.55,0.0,-0.00345596421779,0.0
94.6,0.0,-0.00345430616447,0.0
94.65,0.0,-0.00345264923501,0.0
94.7,0.0,-0.00345099342328,0.0
94.75,0.0,-0.00344933872316,0.0
94.8,0.0,-0.0034476851286,0.0
94.85,0.0,-0.00344603263359,0.0
94.9,0.0,-0.00344438579971,0.0
94.95,0.0,-0.00344274449979,0.0
95.0,0.0,-0.00344110666414,0.0
95.05,0.0,-0.00343946992973,0.0
95.1,0.0,-0.00343783429052,0.0
95.15,0.0,-0.00343619974053,0.0
95.2,0.0,-0.00343456627384,0.0
95.25,0.0,-0.00343294025842,0.0
95.3,0.0,-0.00343131700103,0.0
95.35,0.0,-0.00342969481163,0.0
95.4,0.0,-0.00342807368436,0.0
95.45,0.0,-0.00342645361338,0.0
95.5,0.0,-0.0034248345929,0.0
95.55,0.0,-0.00342321661718,0.0
95.6,0.0,-0.00342159968051,0.0
95.65,0.0,-0.00341998377722,0.0
95.7,0.0,-0.0034183689017,0.0
95.75,0.0,-0.00341675504836,0.0
95.8,0.0,-0.00341514221167,0.0
95.85,0.0,-0.00341353038612,0.0
95.9,0.0,-0.00341191956625,0.0
95.95,0.0,-0.00341030974665,0.0
96.0,0.0,-0.00340870092193,0.0
96.05,0.0,-0.00340709308675,0.0
96.1,0.0,-0.00340548623582,0.0
96.15,0.0,-0.00340388036386,0.0
96.2,0.0,-0.00340227546565,0.0
96.25,0.0,-0.003400671536,0.0
96.3,0.0,-0.00339906856977,0.0
96.35,0.0,-0.00339746656184,0.0
96.4,0.0,-0.00339586827809,0.0
96.45,0.0,-0.00339427538971,0.0
96.5,0.0,-0.00339268745277,0.0
96.55,0.0,-0.00339110047869,0.0
96.6,0.0,-0.00338951446231,0.0
96.65,0.0,-0.00338792939853,0.0
96.7,0.0,-0.00338634528227,0.0
96.75,0.0,-0.00338476210849,0.0
96.8,0.0,-0.00338317987221,0.0
96.85,0.0,-0.00338159856844,0.0
96.9,0.0,-0.00338001819228,0.0
96.95,0.0,-0.00337843873882,0.0
97.0,0.0,-0.00337686020322,0.0
97.05,0.0,-0.00337528258065,0.0
97.1,0.0,-0.00337370586633,0.0
97.15,0.0,-0.00337213005551,0.0
97.2,0.0,-0.00337055514348,0.0
97.25,0.0,-0.00336898112555,0.0
97.3,0.0,-0.00336740799709,0.0
97.35,0.0,-0.00336583575348,0.0
97.4,0.0,-0.00336426439015,0.0
97.45,0.0,-0.00336269390254,0.0
97.5,0.0,-0.00336112428615,0.0
97.55,0.0,-0.00335955553651,0.0
97.6,0.0,-0.00335798764916,0.0
97.65,0.0,-0.00335642061969,0.0
97.7,0.0,-0.00335485444373,0.0
97.75,0.0,-0.00335328911693,0.0
97.8,0.0,-0.00335172463497,0.0
97.85,0.0,-0.00335016099356,0.0
97.9,0.0,-0.003348599213,0.0
97.95,0.0,-0.00334704287658,0.0
98.0,0.0,-0.00334549262903,0.0
98.05,0.0,-0.00334394339315,0.0
98.1,0.0,-0.00334239500098,0.0
98.15,0.0,-0.00334084744819,0.0
98.2,0.0,-0.0033393007305,0.0
98.25,0.0,-0.00333775484366,0.0
98.3,0.0,-0.00333620978345,0.0
98.35,0.0,-0.00333466734883,0.0
98.4,0.0,-0.00333313108066,0.0
98.45,0.0,-0.00333159563309,0.0
98.5,0.0,-0.00333006099928,0.0
98.55,0.0,-0.00332852717506,0.0
98.6,0.0,-0.00332699415627,0.0
98.65,0.0,-0.00332546193882,0.0
98.7,0.0,-0.00332393051863,0.0
98.75,0.0,-0.00332239989164,0.0
98.8,0.0,-0.00332087005385,0.0
98.85,0.0,-0.00331934100125,0.0
98.9,0.0,-0.00331781272989,0.0
98.95,0.0,-0.00331628523584,0.0
99.0,0.0,-0.0033147585152,0.0
99.05,0.0,-0.0033132325641,0.0
99.1,0.0,-0.00331170737869,0.0
99.15,0.0,-0.00331018295516,0.0
99.2,0.0,-0.00330865928972,0.0
99.25,0.0,-0.00330713637861,0.0
99.3,0.0,-0.0033056142181,0.0
99.35,0.0,-0.0033040928045,0.0
99.4,0.0,-0.00330257213411,0.0
99.45,0.0,-0.00330105708605,0.0
99.5,0.0,-0.00329954701639,0.0
99.55,0.0,-0.0032980394778,0.0
99.6,0.0,-0.0032965326914,0.0
99.65,0.0,-0.00329502665343,0.0
99.7,0.0,-0.00329352136017,0.0
99.75,0.0,-0.00329201680792,0.0
99.8,0.0,-0.00329051299301,0.0
99.85,0.0,-0.00328900991179,0.0
99.9,0.0,-0.00328750756065,0.0
99.95,0.0,-0.003286005936,0.0
100.0,0.0,-0.00328450503427,0.0
