"time","AMPA","NMDA","GABAa"
0.0,0.0,0.0,0.0
0.05,0.0,0.0,0.0
0.1,0.0,0.0,0.0
0.15,0.0,0.0,0.0
0.2,0.0,0.0,0.0
0.25,0.0,0.0,0.0
0.3,0.0,0.0,0.0
0.35,0.0,0.0,0.0
0.4,0.0,0.0,0.0
0.45,0.0,0.0,0.0
0.5,0.0,0.0,0.0
0.55,0.0,0.0,0.0
0.6,0.0,0.0,0.0
0.65,0.0,0.0,0.0
0.7,0.0,0.0,0.0
0.75,0.0,0.0,0.0
0.8,0.0,0.0,0.0
0.85,0.0,0.0,0.0
0.9,0.0,0.0,0.0
0.95,0.0,0.0,0.0
1.0,0.0,0.0,0.0
1.05,0.0,0.0,0.0
1.1,0.0,0.0,0.0
1.15,0.0,0.0,0.0
1.2,0.0,0.0,0.0
1.25,0.0,0.0,0.0
1.3,0.0,0.0,0.0
1.35,0.0,0.0,0.0
1.4,0.0,0.0,0.0
1.45,0.0,0.0,0.0
1.5,0.0,0.0,0.0
1.55,0.0,0.0,0.0
1.6,0.0,0.0,0.0
1.65,0.0,0.0,0.0
1.7,0.0,0.0,0.0
1.75,0.0,0.0,0.0
1.8,0.0,0.0,0.0
1.85,0.0,0.0,0.0
1.9,0.0,0.0,0.0
1.95,0.0,0.0,0.0
2.0,0.0,0.0,0.0
2.05,0.0,0.0,0.0
2.1,0.0,0.0,0.0
2.15,0.0,0.0,0.0
2.2,0.0,0.0,0.0
2.25,0.0,0.0,0.0
2.3,0.0,0.0,0.0
2.35,0.0,0.0,0.0
2.4,0.0,0.0,0.0
2.45,0.0,0.0,0.0
2.5,0.0,0.0,0.0
2.55,0.0,0.0,0.0
2.6,0.0,0.0,0.0
2.65,0.0,0.0,0.0
2.7,0.0,0.0,0.0
2.75,0.0,0.0,0.0
2.8,0.0,0.0,0.0
2.85,0.0,0.0,0.0
2.9,0.0,0.0,0.0
2.95,0.0,0.0,0.0
3.0,0.0,0.0,0.0
3.05,0.0,0.0,0.0
3.1,0.0,0.0,0.0
3.15,0.0,0.0,0.0
3.2,0.0,0.0,0.0
3.25,0.0,0.0,0.0
3.3,0.0,0.0,0.0
3.35,0.0,0.0,0.0
3.4,0.0,0.0,0.0
3.45,0.0,0.0,0.0
3.5,0.0,0.0,0.0
3.55,0.0,0.0,0.0
3.6,0.0,0.0,0.0
3.65,0.0,0.0,0.0
3.7,0.0,0.0,0.0
3.75,0.0,0.0,0.0
3.8,0.0,0.0,0.0
3.85,0.0,0.0,0.0
3.9,0.0,0.0,0.0
3.95,0.0,0.0,0.0
4.0,0.0,0.0,0.0
4.05,0.0,0.0,0.0
4.1,0.0,0.0,0.0
4.15,0.0,0.0,0.0
4.2,0.0,0.0,0.0
4.25,0.0,0.0,0.0
4.3,0.0,0.0,0.0
4.35,0.0,0.0,0.0
4.4,0.0,0.0,0.0
4.45,0.0,0.0,0.0
4.5,0.0,0.0,0.0
4.55,0.0,0.0,0.0
4.6,0.0,0.0,0.0
4.65,0.0,0.0,0.0
4.7,0.0,0.0,0.0
4.75,0.0,0.0,0.0
4.8,0.0,0.0,0.0
4.85,0.0,0.0,0.0
4.9,0.0,0.0,0.0
4.95,0.0,0.0,0.0
5.0,0.0,0.0,0.0
5.05,0.0,0.0,0.0
5.1,0.0,0.0,0.0
5.15,0.0,0.0,0.0
5.2,0.0,0.0,0.0
5.25,0.0,0.0,0.0
5.3,0.0,0.0,0.0
5.35,0.0,0.0,0.0
5.4,0.0,0.0,0.0
5.45,0.0,0.0,0.0
5.5,0.0,0.0,0.0
5.55,0.0,0.0,0.0
5.6,0.0,0.0,0.0
5.65,0.0,0.0,0.0
5.7,0.0,0.0,0.0
5.75,0.0,0.0,0.0
5.8,0.0,0.0,0.0
5.85,0.0,0.0,0.0
5.9,0.0,0.0,0.0
5.95,0.0,0.0,0.0
6.0,0.0,0.0,0.0
6.05,0.0,0.0,0.0
6.1,0.0,0.0,0.0
6.15,0.0,0.0,0.0
6.2,0.0,0.0,0.0
6.25,0.0,0.0,0.0
6.3,0.0,0.0,0.0
6.35,0.0,0.0,0.0
6.4,0.0,0.0,0.0
6.45,0.0,0.0,0.0
6.5,0.0,0.0,0.0
6.55,0.0,0.0,0.0
6.6,0.0,0.0,0.0
6.65,0.0,0.0,0.0
6.7,0.0,0.0,0.0
6.75,0.0,0.0,0.0
6.8,0.0,0.0,0.0
6.85,0.0,0.0,0.0
6.9,0.0,0.0,0.0
6.95,0.0,0.0,0.0
7.0,0.0,0.0,0.0
7.05,0.0,0.0,0.0
7.1,0.0,0.0,0.0
7.15,0.0,0.0,0.0
7.2,0.0,0.0,0.0
7.25,0.0,0.0,0.0
7.3,0.0,0.0,0.0
7.35,0.0,0.0,0.0
7.4,0.0,0.0,0.0
7.45,0.0,0.0,0.0
7.5,0.0,0.0,0.0
7.55,0.0,0.0,0.0
7.6,0.0,0.0,0.0
7.65,0.0,0.0,0.0
7.7,0.0,0.0,0.0
7.75,0.0,0.0,0.0
7.8,0.0,0.0,0.0
7.85,0.0,0.0,0.0
7.9,0.0,0.0,0.0
7.95,0.0,0.0,0.0
8.0,0.0,0.0,0.0
8.05,0.0,0.0,0.0
8.1,0.0,0.0,0.0
8.15,0.0,0.0,0.0
8.2,0.0,0.0,0.0
8.25,0.0,0.0,0.0
8.3,0.0,0.0,0.0
8.35,0.0,0.0,0.0
8.4,0.0,0.0,0.0
8.45,0.0,0.0,0.0
8.5,0.0,0.0,0.0
8.55,0.0,0.0,0.0
8.6,0.0,0.0,0.0
8.65,0.0,0.0,0.0
8.7,0.0,0.0,0.0
8.75,0.0,0.0,0.0
8.8,0.0,0.0,0.0
8.85,0.0,0.0,0.0
8.9,0.0,0.0,0.0
8.95,0.0,0.0,0.0
9.0,0.0,0.0,0.0
9.05,0.0,0.0,0.0
9.1,0.0,0.0,0.0
9.15,0.0,0.0,0.0
9.2,0.0,0.0,0.0
9.25,0.0,0.0,0.0
9.3,0.0,0.0,0.0
9.35,0.0,0.0,0.0
9.4,0.0,0.0,0.0
9.45,0.0,0.0,0.0
9.5,0.0,0.0,0.0
9.55,0.0,0.0,0.0
9.6,0.0,0.0,0.0
9.65,0.0,0.0,0.0
9.7,0.0,0.0,0.0
9.75,0.0,0.0,0.0
9.8,0.0,0.0,0.0
9.85,0.0,0.0,0.0
9.9,0.0,0.0,0.0
9.95,0.0,0.0,0.0
10.0,0.0,0.0,0.0
10.05,0.0,0.0,0.0
10.1,0.0,0.0,0.0
10.15,0.0,0.0,0.0
10.2,0.0,0.0,0.0
10.25,0.0,0.0,0.0
10.3,0.0,0.0,0.0
10.35,0.0,0.0,0.0
10.4,0.0,0.0,0.0
10.45,0.0,0.0,0.0
10.5,0.0,0.0,0.0
10.55,0.0,0.0,0.0
10.6,0.0,0.0,0.0
10.65,0.0,0.0,0.0
10.7,0.0,0.0,0.0
10.75,0.0,0.0,0.0
10.8,0.0,0.0,0.0
10.85,0.0,0.0,0.0
10.9,0.0,0.0,0.0
10.95,0.0,0.0,0.0
11.0,0.0,0.0,0.0
11.05,0.0,0.0,0.0
11.1,0.0,0.0,0.0
11.15,0.0,0.0,0.0
11.2,0.0,0.0,0.0
11.25,0.0,0.0,0.0
11.3,0.0,0.0,0.0
11.35,0.0,0.0,0.0
11.4,0.0,0.0,0.0
11.45,0.0,0.0,0.0
11.5,0.0,0.0,0.0
11.55,0.0,0.0,0.0
11.6,0.0,0.0,0.0
11.65,0.0,0.0,0.0
11.7,0.0,0.0,0.0
11.75,0.0,0.0,0.0
11.8,0.0,0.0,0.0
11.85,0.0,0.0,0.0
11.9,0.0,0.0,0.0
11.95,0.0,0.0,0.0
12.0,0.0,0.0,0.0
12.05,0.0,0.0,0.0
12.1,0.0,0.0,0.0
12.15,0.0,0.0,0.0
12.2,0.0,0.0,0.0
12.25,0.0,0.0,0.0
12.3,0.0,0.0,0.0
12.35,0.0,0.0,0.0
12.4,0.0,0.0,0.0
12.45,0.0,0.0,0.0
12.5,0.0,0.0,0.0
12.55,0.0,0.0,0.0
12.6,0.0,0.0,0.0
12.65,0.0,0.0,0.0
12.7,0.0,0.0,0.0
12.75,0.0,0.0,0.0
12.8,0.0,0.0,0.0
12.85,0.0,0.0,0.0
12.9,0.0,0.0,0.0
12.95,0.0,0.0,0.0
13.0,0.0,0.0,0.0
13.05,0.0,0.0,0.0
13.1,0.0,0.0,0.0
13.15,0.0,0.0,0.0
13.2,0.0,0.0,0.0
13.25,0.0,0.0,0.0
13.3,0.0,0.0,0.0
13.35,0.0,0.0,0.0
13.4,0.0,0.0,0.0
13.45,0.0,0.0,0.0
13.5,0.0,0.0,0.0
13.55,0.0,0.0,0.0
13.6,0.0,0.0,0.0
13.65,0.0,0.0,0.0
13.7,0.0,0.0,0.0
13.75,0.0,0.0,0.0
13.8,0.0,0.0,0.0
13.85,0.0,0.0,0.0
13.9,0.0,0.0,0.0
13.95,0.0,0.0,0.0
14.0,0.0,0.0,0.0
14.05,0.0,0.0,0.0
14.1,0.0,0.0,0.0
14.15,0.0,0.0,0.0
14.2,0.0,0.0,0.0
14.25,0.0,0.0,0.0
14.3,0.0,0.0,0.0
14.35,0.0,0.0,0.0
14.4,0.0,0.0,0.0
14.45,0.0,0.0,0.0
14.5,0.0,0.0,0.0
14.55,0.0,0.0,0.0
14.6,0.0,0.0,0.0
14.65,0.0,0.0,0.0
14.7,0.0,0.0,0.0
14.75,0.0,0.0,0.0
14.8,0.0,0.0,0.0
14.85,0.0,0.0,0.0
14.9,0.0,0.0,0.0
14.95,0.0,0.0,0.0
15.0,0.0,0.0,0.0
15.05,0.0,0.0,0.0
15.1,0.0,0.0,0.0
15.15,0.0,0.0,0.0
15.2,0.0,0.0,0.0
15.25,0.0,0.0,0.0
15.3,0.0,0.0,0.0
15.35,0.0,0.0,0.0
15.4,0.0,0.0,0.0
15.45,0.0,0.0,0.0
15.5,0.0,0.0,0.0
15.55,0.0,0.0,0.0
15.6,0.0,0.0,0.0
15.65,0.0,0.0,0.0
15.7,0.0,0.0,0.0
15.75,0.0,0.0,0.0
15.8,0.0,0.0,0.0
15.85,0.0,0.0,0.0
15.9,0.0,0.0,0.0
15.95,0.0,0.0,0.0
16.0,0.0,0.0,0.0
16.05,0.0,0.0,0.0
16.1,0.0,0.0,0.0
16.15,0.0,0.0,0.0
16.2,0.0,0.0,0.0
16.25,0.0,0.0,0.0
16.3,0.0,0.0,0.0
16.35,0.0,0.0,0.0
16.4,0.0,0.0,0.0
16.45,0.0,0.0,0.0
16.5,0.0,0.0,0.0
16.55,0.0,0.0,0.0
16.6,0.0,0.0,0.0
16.65,0.0,0.0,0.0
16.7,0.0,0.0,0.0
16.75,0.0,0.0,0.0
16.8,0.0,0.0,0.0
16.85,0.0,0.0,0.0
16.9,0.0,0.0,0.0
16.95,0.0,0.0,0.0
17.0,0.0,0.0,0.0
17.05,0.0,0.0,0.0
17.1,0.0,0.0,0.0
17.15,0.0,0.0,0.0
17.2,0.0,0.0,0.0
17.25,0.0,0.0,0.0
17.3,0.0,0.0,0.0
17.35,0.0,0.0,0.0
17.4,0.0,0.0,0.0
17.45,0.0,0.0,0.0
17.5,0.0,0.0,0.0
17.55,0.0,0.0,0.0
17.6,0.0,0.0,0.0
17.65,0.0,0.0,0.0
17.7,0.0,0.0,0.0
17.75,0.0,0.0,0.0
17.8,0.0,0.0,0.0
17.85,0.0,0.0,0.0
17.9,0.0,0.0,0.0
17.95,0.0,0.0,0.0
18.0,0.0,0.0,0.0
18.05,0.0,0.0,0.0
18.1,0.0,0.0,0.0
18.15,0.0,0.0,0.0
18.2,0.0,0.0,0.0
18.25,0.0,0.0,0.0
18.3,0.0,0.0,0.0
18.35,0.0,0.0,0.0
18.4,0.0,0.0,0.0
18.45,0.0,0.0,0.0
18.5,0.0,0.0,0.0
18.55,0.0,0.0,0.0
18.6,0.0,0.0,0.0
18.65,0.0,0.0,0.0
18.7,0.0,0.0,0.0
18.75,0.0,0.0,0.0
18.8,0.0,0.0,0.0
18.85,0.0,0.0,0.0
18.9,0.0,0.0,0.0
18.95,0.0,0.0,0.0
19.0,0.0,0.0,0.0
19.05,0.0,0.0,0.0
19.1,0.0,0.0,0.0
19.15,0.0,0.0,0.0
19.2,0.0,0.0,0.0
19.25,0.0,0.0,0.0
19.3,0.0,0.0,0.0
19.35,0.0,0.0,0.0
19.4,0.0,0.0,0.0
19.45,0.0,0.0,0.0
19.5,0.0,0.0,0.0
19.55,0.0,0.0,0.0
19.6,0.0,0.0,0.0
19.65,0.0,0.0,0.0
19.7,0.0,0.0,0.0
19.75,0.0,0.0,0.0
19.8,0.0,0.0,0.0
19.85,0.0,0.0,0.0
19.9,0.0,0.0,0.0
19.95,0.0,0.0,0.0
20.0,0.0,0.0,0.0
20.05,0.0,0.0,0.0
20.1,0.0,0.0,0.0
20.15,0.0,0.0,0.0
20.2,0.0,0.0,0.0
20.25,0.0,0.0,0.0
20.3,0.0,0.0,0.0
20.35,0.0,0.0,0.0
20.4,0.0,0.0,0.0
20.45,0.0,0.0,0.0
20.5,0.0,0.0,0.0
20.55,0.0,0.0,0.0
20.6,0.0,0.0,0.0
20.65,0.0,0.0,0.0
20.7,0.0,0.0,0.0
20.75,0.0,0.0,0.0
20.8,0.0,0.0,0.0
20.85,0.0,0.0,0.0
20.9,0.0,0.0,0.0
20.95,0.0,0.0,0.0
21.0,0.0,0.0,0.0
21.05,0.0,0.0,0.0
21.1,0.0,0.0,0.0
21.15,0.0,0.0,0.0
21.2,0.0,0.0,0.0
21.25,0.0,0.0,0.0
21.3,0.0,0.0,0.0
21.35,0.0,0.0,0.0
21.4,0.0,0.0,0.0
21.45,0.0,0.0,0.0
21.5,0.0,0.0,0.0
21.55,0.0,0.0,0.0
21.6,0.0,0.0,0.0
21.65,0.0,0.0,0.0
21.7,0.0,0.0,0.0
21.75,0.0,0.0,0.0
21.8,0.0,0.0,0.0
21.85,0.0,0.0,0.0
21.9,0.0,0.0,0.0
21.95,0.0,0.0,0.0
22.0,0.0,0.0,0.0
22.05,0.0,0.0,0.0
22.1,0.0,0.0,0.0
22.15,0.0,0.0,0.0
22.2,0.0,0.0,0.0
22.25,0.0,0.0,0.0
22.3,0.0,0.0,0.0
22.35,0.0,0.0,0.0
22.4,0.0,0.0,0.0
22.45,0.0,0.0,0.0
22.5,0.0,0.0,0.0
22.55,0.0,0.0,0.0
22.6,0.0,0.0,0.0
22.65,0.0,0.0,0.0
22.7,0.0,0.0,0.0
22.75,0.0,0.0,0.0
22.8,0.0,0.0,0.0
22.85,0.0,0.0,0.0
22.9,0.0,0.0,0.0
22.95,0.0,0.0,0.0
23.0,0.0,0.0,0.0
23.05,0.0,0.0,0.0
23.1,0.0,0.0,0.0
23.15,0.0,0.0,0.0
23.2,0.0,0.0,0.0
23.25,0.0,0.0,0.0
23.3,0.0,0.0,0.0
23.35,0.0,0.0,0.0
23.4,0.0,0.0,0.0
23.45,0.0,0.0,0.0
23.5,0.0,0.0,0.0
23.55,0.0,0.0,0.0
23.6,0.0,0.0,0.0
23.65,0.0,0.0,0.0
23.7,0.0,0.0,0.0
23.75,0.0,0.0,0.0
23.8,0.0,0.0,0.0
23.85,0.0,0.0,0.0
23.9,0.0,0.0,0.0
23.95,0.0,0.0,0.0
24.0,0.0,0.0,0.0
24.05,0.0,0.0,0.0
24.1,0.0,0.0,0.0
24.15,0.0,0.0,0.0
24.2,0.0,0.0,0.0
24.25,0.0,0.0,0.0
24.3,0.0,0.0,0.0
24.35,0.0,0.0,0.0
24.4,0.0,0.0,0.0
24.45,0.0,0.0,0.0
24.5,0.0,0.0,0.0
24.55,0.0,0.0,0.0
24.6,0.0,0.0,0.0
24.65,0.0,0.0,0.0
24.7,0.0,0.0,0.0
24.75,0.0,0.0,0.0
24.8,0.0,0.0,0.0
24.85,0.0,0.0,0.0
24.9,0.0,0.0,0.0
24.95,0.0,0.0,0.0
25.0,0.0,0.0,0.0
25.05,0.0,0.0,0.0
25.1,0.0,0.0,0.0
25.15,0.0,0.0,0.0
25.2,0.0,0.0,0.0
25.25,0.0,0.0,0.0
25.3,0.0,0.0,0.0
25.35,0.0,0.0,0.0
25.4,0.0,0.0,0.0
25.45,0.0,0.0,0.0
25.5,0.0,0.0,0.0
25.55,0.0,0.0,0.0
25.6,0.0,0.0,0.0
25.65,0.0,0.0,0.0
25.7,0.0,0.0,0.0
25.75,0.0,0.0,0.0
25.8,0.0,0.0,0.0
25.85,0.0,0.0,0.0
25.9,0.0,0.0,0.0
25.95,0.0,0.0,0.0
26.0,0.0,0.0,0.0
26.05,0.0,0.0,0.0
26.1,0.0,0.0,0.0
26.15,0.0,0.0,0.0
26.2,0.0,0.0,0.0
26.25,0.0,0.0,0.0
26.3,0.0,0.0,0.0
26.35,0.0,0.0,8.57169895827e-17
26.4,0.0,0.0,0.00011583196737
26.45,0.0,0.0,0.000205083478365
26.5,0.0,0.0,0.000273684774849
26.55,0.0,0.0,0.000441683968831
26.6,0.0,0.0,0.000570151463345
26.65,0.0,0.0,0.000667887824327
26.7,0.0,0.0,0.000741819908561
26.75,0.0,0.0,0.000797365321877
26.8,0.0,0.0,0.000838741131639
26.85,0.0,0.0,0.000869218113383
26.9,0.0,0.0,0.000891325883602
26.95,0.0,0.0,0.000907017622048
27.0,0.0,0.0,0.000917798151068
27.05,0.0,0.0,0.000924825427851
27.1,0.0,0.0,0.000928990473194
27.15,0.0,0.0,0.00093097753213
27.2,0.0,0.0,0.00103966790825
27.25,0.0,0.0,0.00112053283541
27.3,0.0,0.0,0.00117995568358
27.35,0.0,0.0,0.00122213032962
27.4,0.0,0.0,0.00124776736072
27.45,0.0,0.0,0.00126403691356
27.5,0.0,0.0,0.00127243855402
27.55,0.0,0.0,0.00137469360923
27.6,0.0,0.0,0.00144724608691
27.65,0.0,0.0,0.00149706969206
27.7,0.0,0.0,0.00173033276172
27.75,0.0,0.0,0.0018986299899
27.8,0.0,0.0,0.00201687635597
27.85,0.0,0.0,0.00209684460092
27.9,0.0,0.0,0.00214773312186
27.95,0.0,0.0,0.00217666230364
28.0,0.0,0.0,0.00218911908055
28.05,0.0,0.0,0.00218931269355
28.1,0.0,0.0,0.00227071167326
28.15,0.0,0.0,0.00240922925556
28.2,0.0,0.0,0.00249659241661
28.25,0.0,0.0,0.00254804768194
28.3,0.0,0.0,0.00257261529129
28.35,0.0,0.0,0.0025772331081
28.4,0.0,0.0,0.00256720672198
28.45,0.0,0.0,0.00254656502778
28.5,0.0,0.0,0.00251778762387
28.55,0.0,0.0,0.00248090768052
28.6,0.0,0.0,0.00251658772719
28.65,0.0,0.0,0.00252780160437
28.7,0.0,0.0,0.00251644067021
28.75,0.0,0.0,0.00249322426523
28.8,0.0,0.0,0.00246164658569
28.85,0.0,0.0,0.00242433456087
28.9,0.0,0.0,0.00238325542337
28.95,0.0,0.0,0.0023418318122
29.0,0.0,0.0,0.00231533709444
29.05,0.0,0.0,0.00228320832013
29.1,0.0,0.0,0.00224485480904
29.15,0.0,0.0,0.00220233539071
29.2,0.0,0.0,0.00215912894066
29.25,0.0,0.0,0.00211586996564
29.3,0.0,0.0,0.00207470392558
29.35,0.0,0.0,0.00205021659894
29.4,0.0,0.0,0.00202211743803
29.45,0.0,0.0,0.00199167729989
29.5,0.0,0.0,0.00195984237494
29.55,0.0,0.0,0.00198180012692
29.6,0.0,0.0,0.00198631153213
29.65,0.0,0.0,0.00197969177533
29.7,0.0,0.0,0.00196504459833
29.75,0.0,0.0,0.00194471233779
29.8,0.0,0.0,0.00192046463998
29.85,0.0,0.0,0.00189362844787
29.9,0.0,0.0,0.00186519356602
29.95,0.0,0.0,0.00183580492107
30.0,0.0,0.0,0.00180422504628
30.05,0.0,0.0,0.00177284685674
30.1,0.0,0.0,0.00174194307563
30.15,0.0,0.0,0.00171170087203
30.2,0.0,0.0,0.00168225135929
30.25,0.0,0.0,0.00165367306373
30.3,0.0,0.0,0.00162592529413
30.35,0.0,0.0,0.00159740377342
30.4,0.0,0.0,0.00156994591636
30.45,0.0,0.0,0.00154353421873
30.5,0.0,0.0,0.00151782940062
30.55,0.0,0.0,0.00149152786864
30.6,0.0,0.0,0.00146633110843
30.65,0.0,0.0,0.0014421798289
30.7,0.0,0.0,0.00141902192441
30.75,0.0,0.0,0.00139680226242
30.8,0.0,0.0,0.00137547247884
30.85,0.0,0.0,0.00135498853586
30.9,0.0,0.0,0.00133530558536
30.95,0.0,0.0,0.00131638288726
31.0,0.0,0.0,0.00129818341057
31.05,0.0,0.0,0.00128177935973
31.1,0.0,0.0,0.00127807907098
31.15,0.0,0.0,0.00127184374158
31.2,0.0,0.0,0.00126495101414
31.25,0.0,0.0,0.00126687581219
31.3,0.0,0.0,0.00126527512552
31.35,0.0,0.0,0.00126107755017
31.4,0.0,0.0,0.00125590615652
31.45,0.0,0.0,0.00126520426598
31.5,0.0,0.0,0.00126945420446
31.55,0.0,0.0,0.00126992523432
31.6,0.0,0.0,0.00126759118137
31.65,0.0,0.0,0.00126320033622
31.7,0.0,0.0,0.00125732517097
31.75,0.0,0.0,0.00125039748933
31.8,0.0,0.0,0.00124274749014
31.85,0.0,0.0,0.00123462626214
31.9,0.0,0.0,0.00122622074998
31.95,0.0,0.0,0.00121849161033
32.0,0.0,0.0,0.00122751640848
32.05,0.0,0.0,0.00123217021861
32.1,0.0,0.0,0.00123215377702
32.15,0.0,0.0,0.00122980243733
32.2,0.0,0.0,0.00122566996767
32.25,0.0,0.0,0.00121886413799
32.3,0.0,0.0,0.00121227189434
32.35,0.0,0.0,0.00121608322074
32.4,0.0,0.0,0.00121728525001
32.45,0.0,0.0,0.00123429917082
32.5,0.0,0.0,0.00124459907116
32.55,0.0,0.0,0.00125059597503
32.6,0.0,0.0,0.00126956029387
32.65,0.0,0.0,0.00128131647319
32.7,0.0,0.0,0.00128762248572
32.75,0.0,0.0,0.00129051357414
32.8,0.0,0.0,0.0013090237324
32.85,0.0,0.0,0.00132038832082
32.9,0.0,0.0,0.00132635828831
32.95,0.0,0.0,0.00132817126117
33.0,0.0,0.0,0.00132563251932
33.05,0.0,0.0,0.0013209713976
33.1,0.0,0.0,0.00131478866666
33.15,0.0,0.0,0.0013075396242
33.2,0.0,0.0,0.00129957014331
33.25,0.0,0.0,0.00129114243798
33.3,0.0,0.0,0.00128237641991
33.35,0.0,0.0,0.0012721686283
33.4,0.0,0.0,0.00126188830404
33.45,0.0,0.0,0.00125044335777
33.5,0.0,0.0,0.00123926426246
33.55,0.0,0.0,0.00122826135058
33.6,0.0,0.0,0.00121626938155
33.65,0.0,0.0,0.00120466268619
33.7,0.0,0.0,0.00119343487095
33.75,0.0,0.0,0.00118244989003
33.8,0.0,0.0,0.00117054002772
33.85,0.0,0.0,0.00115904890379
33.9,0.0,0.0,0.00114795319167
33.95,0.0,0.0,0.00113723463999
34.0,0.0,0.0,0.00112687310583
34.05,0.0,0.0,0.00111684893777
34.1,0.0,0.0,0.00110714629451
34.15,0.0,0.0,0.00109774632369
34.2,0.0,0.0,0.00108863353186
34.25,0.0,0.0,0.0010808469001
34.3,0.0,0.0,0.00108016924982
34.35,0.0,0.0,0.00107799933615
34.4,0.0,0.0,0.00107472293648
34.45,0.0,0.0,0.00107063920473
34.5,0.0,0.0,0.00106597368624
34.55,0.0,0.0,0.00106089985022
34.6,0.0,0.0,0.0010555510954
34.65,0.0,0.0,0.00105002522764
34.7,0.0,0.0,0.00104439775573
34.75,0.0,0.0,0.00103955541624
34.8,0.0,0.0,0.00104825937541
34.85,0.0,0.0,0.00107356765845
34.9,0.0,0.0,0.00109236664665
34.95,0.0,0.0,0.00111775708241
35.0,0.0,0.0,0.00113569940667
35.05,0.0,0.0,0.00114792537608
35.1,0.0,0.0,0.00115637240152
35.15,0.0,0.0,0.00118071809344
35.2,0.0,0.0,0.00119764138641
35.25,0.0,0.0,0.00120883713448
35.3,0.0,0.0,0.00121439107907
35.35,0.0,0.0,0.0012167355408
35.4,0.0,0.0,0.00121667660188
35.45,0.0,0.0,0.00121483563471
35.5,0.0,0.0,0.00121168723642
35.55,0.0,0.0,0.00120759510745
35.6,0.0,0.0,0.0012028376344
35.65,0.0,0.0,0.0011976246021
35.7,0.0,0.0,0.00119211587768
35.75,0.0,0.0,0.00118633965137
35.8,0.0,0.0,0.00117905179006
35.85,0.0,0.0,0.00117053985598
35.9,0.0,0.0,0.00116210376847
35.95,0.0,0.0,0.0011525669467
36.0,0.0,0.0,0.0011432894495
36.05,0.0,0.0,0.00113427228428
36.1,0.0,0.0,0.00112537719355
36.15,0.0,0.0,0.00111546429877
36.2,0.0,0.0,0.00110586623112
36.25,0.0,0.0,0.00109656746668
36.3,0.0,0.0,0.00108755540224
36.35,0.0,0.0,0.00107881413333
36.4,0.0,0.0,0.00107032773776
36.45,0.0,0.0,0.00106208547842
36.5,0.0,0.0,0.00105407289281
36.55,0.0,0.0,0.00104627844779
36.6,0.0,0.0,0.00103869208693
36.65,0.0,0.0,0.00103130394663
36.7,0.0,0.0,0.00102410288429
36.75,0.0,0.0,0.00101708032274
36.8,0.0,0.0,0.00101023005832
36.85,0.0,0.0,0.00100354251132
36.9,0.0,0.0,0.000997007769479
36.95,0.0,0.0,0.00099062045434
37.0,0.0,0.0,0.000984371452764
37.05,0.0,0.0,0.000978254122156
37.1,0.0,0.0,0.000972262963651
37.15,0.0,0.0,0.000966392439393
37.2,0.0,0.0,0.000960635602703
37.25,0.0,0.0,0.000954987708804
37.3,0.0,0.0,0.000949446059763
37.35,0.0,0.0,0.000944004617941
37.4,0.0,0.0,0.000938656859129
37.45,0.0,0.0,0.000933400364239
37.5,0.0,0.0,0.000928229054332
37.55,0.0,0.0,0.000923139033223
37.6,0.0,0.0,0.000918127353951
37.65,0.0,0.0,0.000913190912645
37.7,0.0,0.0,0.000908325158524
37.75,0.0,0.0,0.000903527509159
37.8,-1.62643854747e-14,-2.8315507658e-15,0.000898797218655
37.85,-0.00601361706426,-6.56387475425e-05,0.000894130288706
37.9,-0.0116333620723,-0.000132072983807,0.000910412304773
37.95,-0.0168587184457,-0.00019994617337,0.000945139653886
38.0,-0.021698429068,-0.000270041922282,0.000995957384352
38.05,-0.0261612473259,-0.000343486568065,0.00106068639443
38.1,-0.0302600598902,-0.000420369451122,0.00113731208568
38.15,-0.034009626703,-0.000501881294591,0.00122398279577
38.2,-0.0374249123714,-0.000588430339287,0.00131900700204
38.25,-0.0405241659262,-0.000680357787734,0.00142084631437
38.3,-0.0433229439918,-0.000778639901675,0.00152811540837
38.35,-0.0458409106985,-0.00088310737826,0.00163955848261
38.4,-0.0480938729781,-0.000994674811367,0.00175405280139
38.45,-0.0501007895102,-0.00111366163688,0.00187060216132
38.5,-0.0518776899026,-0.00124001366101,0.00198831802708
38.55,-0.053441661986,-0.00137462070586,0.00210641988015
38.6,-0.0548084040843,-0.00151715135464,0.00222422775042
38.65,-0.0559929844709,-0.00166817609362,0.00234114485281
38.7,-0.0570102633402,-0.00182794265502,0.0024566573067
38.75,-0.0578732381887,-0.00199595377692,0.00257032823261
38.8,-0.0571125420921,-0.00206825976871,0.00268178890679
38.85,-0.0558464639539,-0.00213906765251,0.0027862212355
38.9,-0.0546334727761,-0.0022080097561,0.00288249985152
38.95,-0.053470568918,-0.00227506766063,0.00297113875978
39.0,-0.0523549796725,-0.00234016103924,0.00305260108384
39.05,-0.0512840910424,-0.0024032875435,0.00312732861218
39.1,-0.0502554538198,-0.00246443449719,0.00319573754909
39.15,-0.0492667727349,-0.00252357955211,0.00325821683145
39.2,-0.0483158960948,-0.00258069136692,0.00331512502411
39.25,-0.0474008057826,-0.00263586998502,0.00336680404359
39.3,-0.0465196197763,-0.00268901182916,0.00341357900601
39.35,-0.0456705474379,-0.00274028796276,0.00345574712587
39.4,-0.0448519297053,-0.00278962143212,0.00349357974767
39.45,-0.0440621960678,-0.00283706800142,0.00352734713369
39.5,-0.0432998705479,-0.00288267562918,0.0035572890298
39.55,-0.0425635645727,-0.00292648525246,0.00358363730986
39.6,-0.0418519718923,-0.00296853131227,0.00360661270556
39.65,-0.0411638635371,-0.00300885032666,0.00362642153175
39.7,-0.040498091452,-0.00304758262549,0.00364324975078
39.75,-0.0398535549471,-0.00308465189124,0.00365728235787
39.8,-0.0392292278483,-0.00312018313536,0.00366869848012
39.85,-0.0427931173998,-0.00332682392524,0.00367765232974
39.9,-0.0459996619815,-0.00354541027642,0.00369458204627
39.95,-0.0488625619941,-0.00377542129181,0.00371827095707
40.0,-0.0514007073971,-0.00401680179158,0.00374758987013
40.05,-0.053631763418,-0.00427060942386,0.00378152407765
40.1,-0.0555750906815,-0.00453493919303,0.00381915620345
40.15,-0.057250186472,-0.00481123681636,0.0038596635818
40.2,-0.0586756583761,-0.00509857729744,0.0039023033015
40.25,-0.0598712865461,-0.00539602006169,0.00394642665433
40.3,-0.0608541600039,-0.00570428411328,0.00399146694929
40.35,-0.0616432432466,-0.00602117951283,0.00403691388187
40.4,-0.0622541764023,-0.00634728690949,0.00408231802158
40.45,-0.0627039606831,-0.00668168763308,0.00412730621789
40.5,-0.0630069998894,-0.00702267248942,0.00417154454523
40.55,-0.0631778402458,-0.00737097125408,0.00421475337663
40.6,-0.06322947858,-0.00772421528051,0.00425671017816
40.65,-0.0631741545194,-0.00808246435597,0.00429721905467
40.7,-0.0630234598439,-0.00844505008653,0.00433612038707
40.75,-0.0627873472652,-0.00880973560665,0.00437329822054
40.8,-0.0615270282844,-0.00894921752809,0.00440867334363
40.85,-0.0599809363885,-0.00907828040601,0.00443986688889
40.9,-0.0585082372686,-0.00919758415288,0.0044665007913
40.95,-0.0571038878433,-0.00930782261125,0.00448893984318
41.0,-0.0557630917391,-0.00940964040646,0.00450751321705
41.05,-0.0544811291197,-0.00950363358379,0.00452255433874
41.1,-0.0532535107099,-0.00959039759039,0.00453438416114
41.15,-0.0520758207414,-0.00967064747805,0.00454331741858
41.2,-0.0509437042603,-0.00974494469198,0.00454965702178
41.25,-0.0498529457626,-0.00981382966888,0.00455370511162
41.3,-0.0487993423335,-0.00987785531307,0.00455577220092
41.35,-0.0477787111715,-0.00993760052454,0.00455615108886
41.4,-0.0467868741122,-0.00999353885684,0.00455513106204
41.45,-0.0458195365597,-0.010046110469,0.00455302915031
41.5,-0.0448723032817,-0.010095751668,0.0045501518278
41.55,-0.0439405600194,-0.0101428888258,0.00454683177931
41.6,-0.0430193725523,-0.0101880079711,0.00454342976731
41.65,-0.0421032524559,-0.0102313589786,0.00454034670204
41.7,-0.0411859828661,-0.0102732749875,0.00453803015577
41.75,-0.0402602409644,-0.0103140428815,0.00453701926689
41.8,-0.0393170772423,-0.0103538716853,0.0045379832424
41.85,-0.0383453106272,-0.0103928378019,0.0045417552309
41.9,-0.0373296756973,-0.0104307550471,0.00454943967082
41.95,-0.036249349261,-0.0104671322594,0.00456258848345
42.0,-0.0350741363044,-0.0105004241171,0.00458343287396
42.05,-0.0337579793816,-0.0105273423423,0.00461539442252
42.1,-0.0322261835437,-0.0105401226784,0.00466403054526
42.15,-0.0303486219201,-0.0105199156421,0.00473902396195
42.2,-0.0278775784657,-0.0104155579558,0.00485880339334
42.25,-0.0242868701598,-0.0100668038993,0.00506253940998
42.3,-0.0183098810453,-0.00886373612718,0.00544454874687
42.35,-0.00667468034279,-0.00407863926172,0.00624850696729
42.4,0.0156661093858,0.0121298139514,0.00785072330493
42.45,0.0386409601023,0.0326926587418,0.00950237657089
42.5,0.0486436916993,0.0421206831221,0.0101897502231
42.55,0.0510564069795,0.0447371417728,0.0103125949015
42.6,0.0508402349059,0.044968536244,0.0102400777736
42.65,0.0495662912466,0.0442146581079,0.01008914096
42.7,0.0476106131493,0.0428007259403,0.0098877219812
42.75,0.045034122217,0.0407648079314,0.00964029690923
42.8,0.0418343268852,0.0380855288592,0.00934662902951
42.85,0.038019720493,0.0347519132272,0.00900725152584
42.9,0.0336321271525,0.0307885371108,0.00862521782938
42.95,0.0287515960513,0.0262658433521,0.00820646807123
43.0,0.0234910727782,0.0213043947391,0.00775938232795
43.05,0.0179856532231,0.0160754333775,0.00729403562499
43.1,0.0123791473171,0.0107976775611,0.00682118200412
43.15,0.00681346608231,0.00572762135399,0.00635145088668
43.2,0.00143037275001,0.00114196915085,0.00589547054034
43.25,-0.00362827554274,-0.00270973087502,0.00546391044136
43.3,-0.0082960791026,-0.00571328067251,0.00506180248231
43.35,-0.0126702669104,-0.00792287891326,0.00468187175986
43.4,-0.0169433499838,-0.00942881088519,0.00430966379035
43.45,-0.0212702245833,-0.0102608064343,0.00393354348542
43.5,-0.0256610271523,-0.0104260822296,0.00355272891504
43.55,-0.0299256358214,-0.0100271033213,0.00318152459253
43.6,-0.0337556240461,-0.00930527420922,0.00284317816829
43.65,-0.0369231447773,-0.00851826905904,0.00255490862708
43.7,-0.0393783693394,-0.00781734566519,0.00232054097259
43.75,-0.0411916902295,-0.00724977256281,0.00213484298022
43.8,-0.0424710775146,-0.00681146113386,0.00198973861698
43.85,-0.043320805991,-0.00648260546895,0.00187742293089
43.9,-0.0438285970502,-0.00624167302437,0.00179129301879
43.95,-0.0440656889103,-0.00607035982754,0.00172600215768
44.0,-0.0440892071144,-0.00595406985956,0.00167725299588
44.05,-0.0439448168087,-0.00588108916627,0.00164161061772
44.1,-0.0436689627302,-0.00584261227049,0.00161633260705
44.15,-0.0432908081476,-0.00583151494654,0.00159922199974
44.2,-0.0428336968941,-0.00584236444865,0.00158851567018
44.25,-0.0423163476517,-0.00587066894287,0.00158280081691
44.3,-0.0417538037841,-0.00591299511937,0.00158094362667
44.35,-0.0411581407295,-0.00596641249039,0.00158202745071
44.4,-0.0405390746731,-0.00602879742257,0.00158531169076
44.45,-0.0399043970522,-0.00609801981045,0.00159020696669
44.5,-0.0392603952661,-0.00617268779862,0.00159623057366
44.55,-0.0386120767594,-0.00625133483691,0.00160299945998
44.6,-0.0379634592418,-0.00633300978194,0.00161020646372
44.65,-0.037317757764,-0.00641680295016,0.00161760441023
44.7,-0.0366774841857,-0.00650187296124,0.00162499635867
44.75,-0.0360446274094,-0.00658758882715,0.0016322279925
44.8,-0.0354207340452,-0.00667341628083,0.00163918155992
44.85,-0.034807164285,-0.00675899870795,0.00164576055088
44.9,-0.0342046442076,-0.00684393701174,0.0016518882519
44.95,-0.0336138069579,-0.00692785240307,0.00165751538285
45.0,-0.0330351101978,-0.00701047338703,0.00166259923113
45.05,-0.0324688528282,-0.00709168952478,0.00166711255201
45.1,-0.0319152195887,-0.00717132500263,0.00167103818091
45.15,-0.0313742584837,-0.00724911191405,0.00167436884888
45.2,-0.0308459522086,-0.00732510790335,0.00167709933872
45.25,-0.0303302283748,-0.00739914217589,0.00167923192338
45.3,-0.0298269325014,-0.0074711398463,0.00168077838737
45.35,-0.029335896992,-0.00754114505274,0.00168174533995
45.4,-0.0288568925266,-0.00760905714962,0.00168214275436
45.45,-0.0283896918239,-0.00767487678912,0.00168198733246
45.5,-0.0279340230848,-0.00773868138721,0.00168129236084
45.55,-0.0274896242021,-0.00780032268022,0.00168007389804
45.6,-0.0270562125978,-0.00785995297286,0.00167835101556
45.65,-0.0266334877576,-0.00791760147725,0.00167614364851
45.7,-0.0262211676174,-0.00797320556492,0.00167346741288
45.75,-0.0258189588509,-0.00802681823418,0.0016703421124
45.8,-0.0254265689221,-0.00807849280996,0.00166679070317
45.85,-0.0250438329611,-0.00812831625408,0.00166282980701
45.9,-0.0246703252941,-0.00817633248678,0.00165847524871
45.95,-0.0243057726394,-0.0082225440009,0.00165374787839
46.0,-0.0239498986584,-0.00826700202404,0.00164866205093
46.05,-0.0236024326916,-0.00830975650615,0.00164323515852
46.1,-0.023263110407,-0.00835085591798,0.00163748550948
46.15,-0.022931674209,-0.00839034713651,0.00163143037343
46.2,-0.022607873446,-0.0084283298626,0.00162508365377
46.25,-0.0222914699387,-0.00846483165867,0.00161846152143
46.3,-0.021982220327,-0.0084998744837,0.00161158363758
46.35,-0.0216798954255,-0.00853349777498,0.00160446259983
46.4,-0.0213842731474,-0.0085657462229,0.00159710920441
46.45,-0.0210951383392,-0.00859667195122,0.00158954027774
46.5,-0.0208122877436,-0.0086264503277,0.00158176523371
46.55,-0.0205355136633,-0.00865496642656,0.00157379717339
46.6,-0.0202646219399,-0.00868225152386,0.00156564948122
46.65,-0.0199994252271,-0.00870848073042,0.00155733449977
46.7,-0.0197397454657,-0.00873362621469,0.00154886113943
46.75,-0.0194854032834,-0.00875763863218,0.00154024149149
46.8,-0.0192362306808,-0.00878076662701,0.0015314896846
46.85,-0.0189921623488,-0.00880285825071,0.00152261354906
46.9,-0.0187529401889,-0.00882403171045,0.00151361976812
46.95,-0.018518416199,-0.00884435330699,0.00150452026641
47.0,-0.0182884412665,-0.00886374231099,0.00149532089506
47.05,-0.0180628788063,-0.00888240072421,0.00148602969275
47.1,-0.0178415900228,-0.00890016246006,0.00147665611897
47.15,-0.017624448657,-0.00891726649315,0.00146720815862
47.2,-0.0174113261435,-0.00893354518077,0.00145769141461
47.25,-0.0172021054514,-0.0089491921928,0.00144811348477
47.3,-0.0169966677988,-0.00896411757115,0.00143848483597
47.35,-0.0167949046964,-0.0089783946801,0.00142880976751
47.4,-0.0165967068975,-0.00899208321126,0.00141909152799
47.45,-0.0164019731985,-0.00900506831891,0.0014093385708
47.5,-0.0162106034356,-0.00901762477309,0.00139955348653
47.55,-0.0160225030801,-0.00902953469531,0.00138974138689
47.6,-0.0158375811475,-0.00904090594591,0.00137990826677
47.65,-0.0156557478628,-0.00905182954751,0.00137005955316
47.7,-0.0154769197771,-0.00906218558817,0.00136019777949
47.75,-0.0153010159161,-0.00907209120544,0.0013503279847
47.8,-0.0151279562512,-0.00908158447451,0.00134045767234
47.85,-0.0149577415117,-0.00909057765314,0.00133058886634
47.9,-0.0147902226628,-0.00909914472219,0.00132072244076
47.95,-0.0146253287434,-0.0091073950776,0.00131086457795
48.0,-0.0144629935037,-0.00911520333906,0.00130101570484
48.05,-0.0143031527946,-0.00912258862504,0.0012911788374
48.1,-0.0141457448483,-0.00912968476569,0.00128135787796
48.15,-0.0139907083437,-0.00913643129237,0.0012715562486
48.2,-0.0138379869599,-0.0091428015184,0.00126177474853
48.25,-0.0136875255744,-0.00914881101853,0.00125201658544
48.3,-0.0135392711033,-0.00915457824902,0.00124228715411
48.35,-0.0133931709011,-0.00916004381313,0.00123258716684
48.4,-0.013249176491,-0.00916519374359,0.00122291605032
48.45,-0.0131072403035,-0.00917004125114,0.00121327818538
48.5,-0.0129673165429,-0.00917461473861,0.00120367282387
48.55,-0.0128293600929,-0.00917899390091,0.00119410171269
48.6,-0.012693328518,-0.00918309341105,0.00118456737705
48.65,-0.0125591807334,-0.00918692362484,0.00117507181993
48.7,-0.0124268770905,-0.00919049435309,0.00116561486854
48.75,-0.0122963792524,-0.00919381492083,0.00115619855774
48.8,-0.0121676502098,-0.00919697982978,0.00114682698152
48.85,-0.0120407133638,-0.00919992089272,0.00113749992006
48.9,-0.0119154729224,-0.00920263397654,0.00112821607561
48.95,-0.0117918955199,-0.00920512668635,0.00111897871426
49.0,-0.0116699489519,-0.0092074061962,0.00110978640565
49.05,-0.0115496019902,-0.00920947933887,0.00110063999223
49.1,-0.0114308244114,-0.00921138492927,0.00109154114746
49.15,-0.0113135863553,-0.00921314058571,0.00108249113085
49.2,-0.011197859747,-0.00921470563238,0.00107348915887
49.25,-0.011083617157,-0.00921608562531,0.001064536525
49.3,-0.0109708320201,-0.00921728581278,0.00105563644411
49.35,-0.0108594786551,-0.00921831112017,0.00104678810409
49.4,-0.0107495321176,-0.00921916622272,0.00103798982248
49.45,-0.0106409681479,-0.00921986885386,0.00102924412775
49.5,-0.0105337631874,-0.00922041241891,0.00102054925541
49.55,-0.0104278940692,-0.00922085308396,0.00101190557166
49.6,-0.0103233386201,-0.0092211377052,0.00100331419956
49.65,-0.0102200753135,-0.00922126983142,0.000994775854992
49.7,-0.0101180832375,-0.00922125279746,0.000986289456832
49.75,-0.0100173420243,-0.00922108975891,0.000977855835809
49.8,-0.00991783187942,-0.00922078367142,0.000969477603295
49.85,-0.00981958267746,-0.00922033727244,0.000961153687311
49.9,-0.00972252536049,-0.00921975606968,0.000952882252467
49.95,-0.00962664167005,-0.00921905225729,0.000944665324214
50.0,-0.00953191381949,-0.00921821559201,0.000936500999845
50.05,-0.00943832448884,-0.00921724819449,0.000928389323613
50.1,-0.00934585679338,-0.00921615203683,0.000920331071311
50.15,-0.00925449428453,-0.00921492893747,0.000912326656457
50.2,-0.00916422092437,-0.00921359715794,0.000904374856038
50.25,-0.00907502083506,-0.00921215047973,0.000896476227226
50.3,-0.00898687881233,-0.00921057963172,0.000888632946272
50.35,-0.00889977997762,-0.00920888589383,0.000880843829236
50.4,-0.00881370976574,-0.00920707044306,0.000873106984936
50.45,-0.00872865389754,-0.00920513436743,0.000865424087486
50.5,-0.00864459844923,-0.00920307861792,0.00085779321736
50.55,-0.00856152975829,-0.00920090406465,0.00085021425217
50.6,-0.00847943445345,-0.00919861147413,0.000842687747509
50.65,-0.00839829945788,-0.0091962015032,0.000835213934804
50.7,-0.00831811197047,-0.00919367470716,0.000827791554908
50.75,-0.00823885942313,-0.00919103156457,0.000820420971232
50.8,-0.00816052950617,-0.00918827245696,0.000813104056698
50.85,-0.00808315058526,-0.00918539765029,0.000805839609882
50.9,-0.00800666946649,-0.00918240745861,0.000798625803045
50.95,-0.00793107453045,-0.00917931068506,0.000791464061911
51.0,-0.00785635436364,-0.00917610511298,0.00078435253441
51.05,-0.00778249772833,-0.00917278436499,0.000777291017396
51.1,-0.00770949360505,-0.00916934835894,0.000770279931018
51.15,-0.00763733117036,-0.00916579693581,0.000763319404366
51.2,-0.00756599978296,-0.00916212986665,0.000756408209641
51.25,-0.00749548894982,-0.00915834687473,0.000749546607105
51.3,-0.00742578834873,-0.00915444761677,0.000742736240621
51.35,-0.00735688784733,-0.00915043166578,0.000735975950052
51.4,-0.00728877744181,-0.00914629855421,0.000729263996066
51.45,-0.00722144724089,-0.00914206113221,0.000722601628048
51.5,-0.00715488746695,-0.00913770736057,0.000715987108162
51.55,-0.00708908848754,-0.00913323481153,0.00070942020564
51.6,-0.00702404080099,-0.00912864285046,0.000702901263906
51.65,-0.0069597350343,-0.00912394465474,0.000696430364395
51.7,-0.00689616177997,-0.0091191408968,0.000690006366817
51.75,-0.00683331192186,-0.00911421755769,0.000683629475873
51.8,-0.00677117640402,-0.00910917386636,0.000677301165369
51.85,-0.00670977983114,-0.00910400899908,0.000671020354966
51.9,-0.00664907906684,-0.00909872221551,0.000664785449426
51.95,-0.00658906534631,-0.00909331267421,0.00065859757142
52.0,-0.00652973001401,-0.0090877794951,0.000652455119998
52.05,-0.00647106447368,-0.00908212180162,0.000646357874172
52.1,-0.00641306020925,-0.00907633870363,0.000640306139146
52.15,-0.00635570879033,-0.0090704292928,0.000634299983672
52.2,-0.00629900186517,-0.00906439264898,0.000628338354749
52.25,-0.00624293113978,-0.00905822785957,0.000622421441452
52.3,-0.00618748839603,-0.0090519340044,0.000616550586117
52.35,-0.00613266550738,-0.00904555847755,0.000610724807383
52.4,-0.00607845407274,-0.00903906018041,0.000604942675786
52.45,-0.00602484621545,-0.00903243622232,0.000599205206468
52.5,-0.00597183397199,-0.00902569243974,0.000593510951452
52.55,-0.00591940940045,-0.00901881722428,0.000587859721414
52.6,-0.00586756465307,-0.00901180972457,0.000582251803799
52.65,-0.00581629194863,-0.00900466910088,0.000576687271701
52.7,-0.00576558356837,-0.00899739453095,0.000571165179117
52.75,-0.0057154318406,-0.00898998704072,0.000565685709939
52.8,-0.005665829002,-0.00898251448263,0.000560250109048
52.85,-0.00561679548182,-0.00897490791064,0.000554857506004
52.9,-0.00556829519574,-0.00896716663812,0.000549506591885
52.95,-0.0055203207173,-0.00895929857386,0.000544198312499
53.0,-0.00547286467089,-0.00895130083438,0.000538931365636
53.05,-0.00542591973184,-0.0089431665347,0.000533705590054
53.1,-0.00537947865457,-0.00893489512876,0.000528521257831
53.15,-0.00533353426129,-0.00892656304548,0.000523378445619
53.2,-0.00528807899791,-0.00891810420709,0.000518276341119
53.25,-0.00524310602158,-0.00890950905242,0.000513215102251
53.3,-0.00519860834655,-0.0089007772094,0.000508195854131
53.35,-0.0051545790707,-0.00889190833425,0.000503217804811
53.4,-0.00511101135148,-0.00888290214136,0.000498279770715
53.45,-0.00506789840285,-0.0088738288802,0.000493382613494
53.5,-0.005025233093,-0.00886464712837,0.000488525188988
53.55,-0.00498300896714,-0.00885532968678,0.000483707335432
53.6,-0.00494121946116,-0.00884587648572,0.000478929298776
53.65,-0.0048998580923,-0.00883628750167,0.000474191146025
53.7,-0.0048589184584,-0.00882658045551,0.000469492103835
53.75,-0.00481839392437,-0.00881682872394,0.000464832350874
53.8,-0.00477827829303,-0.00880694355478,0.000460212894347
53.85,-0.00473858910038,-0.00879692510982,0.000455633006935
53.9,-0.00469929612426,-0.00878677368501,0.000451091609947
53.95,-0.00466039337945,-0.0087764939068,0.000446589469729
54.0,-0.00462187469817,-0.00876620864221,0.00044212552602
54.05,-0.0045837342526,-0.00875579387647,0.000437699630627
54.1,-0.00454596632543,-0.00874524960089,0.000433311986805
54.15,-0.00450856529411,-0.00873457628393,0.000428962633927
54.2,-0.00447152562901,-0.00872380227076,0.000424650849475
54.25,-0.00443484154962,-0.00871299788388,0.00042037677568
54.3,-0.00439850777583,-0.00870206807987,0.000416141294911
54.35,-0.00436251906864,-0.00869101347827,0.000411943721224
54.4,-0.00432687027636,-0.00867983474789,0.000407783045566
54.45,-0.00429155633201,-0.00866862175524,0.000403659929924
54.5,-0.00425657180661,-0.00865734438307,0.000399573401673
54.55,-0.00422191198985,-0.00864594700873,0.000395523278128
54.6,-0.00418757210423,-0.00863443044898,0.000391509708117
54.65,-0.00415354746963,-0.00862283105621,0.000387532691224
54.7,-0.00411983315131,-0.00861121699258,0.00038359156718
54.75,-0.00408642473331,-0.00859948813085,0.000379686394381
54.8,-0.00405331782123,-0.00858764539028,0.000375817935522
54.85,-0.00402052821493,-0.00857569163503,0.000371985531239
54.9,-0.00398803102888,-0.00856376705831,0.000368188250342
54.95,-0.00395582199889,-0.00855173335757,0.000364426661944
55.0,-0.00392389719301,-0.00853959139053,0.000360699803758
55.05,-0.0038922526801,-0.0085273421772,0.000357007481173
55.1,-0.00386088461683,-0.00851511669728,0.000353349786255
55.15,-0.00382978873255,-0.00850280530514,0.00034972671977
55.2,-0.0037989616149,-0.00849039137985,0.000346137595111
55.25,-0.00376839968304,-0.00847787598541,0.000342582427841
55.3,-0.00373809944079,-0.00846538764872,0.000339061863308
55.35,-0.00370805698077,-0.00845282565475,0.000335575306238
55.4,-0.00367826921249,-0.00844016689354,0.000332121835321
55.45,-0.00364873288305,-0.00842741244878,0.000328701910003
55.5,-0.00361944482196,-0.00841470807588,0.000325314626605
55.55,-0.00359040141052,-0.00840193597653,0.000321959812092
55.6,-0.00356159986018,-0.00838907287477,0.000318637488187
55.65,-0.00353303722454,-0.00837611984859,0.000315347574989
55.7,-0.00350471062816,-0.00836323035929,0.00031208943214
55.75,-0.00347661674441,-0.00835026052601,0.000308863077995
55.8,-0.00344875309749,-0.00833720532836,0.000305669032746
55.85,-0.00342113412006,-0.00832408171328,0.000302506682628
55.9,-0.00339373950702,-0.00831102030107,0.00029937520393
55.95,-0.00336656674858,-0.00829787800229,0.000296274970907
56.0,-0.00333961337286,-0.00828466919264,0.000293205132142
56.05,-0.00331287693959,-0.00827142559114,0.000290165457844
56.1,-0.00328635476499,-0.00825822438591,0.000287155977976
56.15,-0.00326004461964,-0.00824494760399,0.00028417658006
56.2,-0.00323394425814,-0.00823159623924,0.000281226653339
56.25,-0.00320805148301,-0.00821824744227,0.000278306141985
56.3,-0.00318236378722,-0.00820491580373,0.000275415533938
56.35,-0.00315687920118,-0.00819151364424,0.000272554234957
56.4,-0.00313159568185,-0.00817804190876,0.000269721448608
56.45,-0.00310651122655,-0.00816461382415,0.00026691748528
56.5,-0.00308162347843,-0.00815117350274,0.000264141584375
56.55,-0.0030569306928,-0.0081376674709,0.000261393495381
56.6,-0.00303243099935,-0.00812409663272,0.000258673193799
56.65,-0.00300812256808,-0.00811061268495,0.000255980558241
56.7,-0.00298400316557,-0.00809708417026,0.000253315051917
56.75,-0.00296007125562,-0.00808349450387,0.000250676581788
56.8,-0.00293632512344,-0.0080698663056,0.000248065536038
56.85,-0.00291277739222,-0.00805632641798,0.000245481388289
56.9,-0.00288941162817,-0.00804272890046,0.00024292339831
56.95,-0.00286622622343,-0.00802907456316,0.000240391824318
57.0,-0.00284321960328,-0.00801543005489,0.000237885929773
57.05,-0.00282038991313,-0.00800184817792,0.000235405508895
57.1,-0.00279773570938,-0.00798821277185,0.000232950514398
57.15,-0.0027752555062,-0.0079745245913,0.000230520818484
57.2,-0.00275294784404,-0.00796088448375,0.000228115885818
57.25,-0.00273081094856,-0.00794726437473,0.000225735661766
57.3,-0.00270884354283,-0.00793359457481,0.000223380468332
57.35,-0.00268704424797,-0.00791987577903,0.000221049795815
57.4,-0.00266541170515,-0.00790624671115,0.000218742963799
57.45,-0.00264394420287,-0.00789260396875,0.000216460222897
57.5,-0.00262264060074,-0.00787892384526,0.000214200881198
57.55,-0.00260149959462,-0.00786520586698,0.000211964717188
57.6,-0.00258051970164,-0.0078516114099,0.000209751699435
57.65,-0.00255969967697,-0.00783797361617,0.000207561700165
57.7,-0.00253903828996,-0.00782429310644,0.000205394225498
57.75,-0.00251853432499,-0.00781060726794,0.000203249188625
57.8,-0.00249818634985,-0.00779701490797,0.000201126899326
57.85,-0.00247800561687,-0.00778338241512,0.000199026884562
57.9,-0.00245797835537,-0.00776971041024,0.00019694852289
57.95,-0.0024381034201,-0.00775606690273,0.0001948920014
58.0,-0.00241837942389,-0.00774248935392,0.000192856724099
58.05,-0.0023988053296,-0.00772887472757,0.000190842475389
58.1,-0.00237938003802,-0.00771522356741,0.000188849202282
58.15,-0.00236010246307,-0.00770163109481,0.000186876782488
58.2,-0.00234097125446,-0.00768808008823,0.000184924788255
58.25,-0.00232198545587,-0.00767449484019,0.000182993125239
58.3,-0.00230314402132,-0.00766087585638,0.000181082047058
58.35,-0.00228444591777,-0.00764734169076,0.000179191124904
58.4,-0.00226588983193,-0.00763382803446,0.000177319817537
58.45,-0.00224747487526,-0.00762028279469,0.000175468276701
58.5,-0.00222920004898,-0.00760670719573,0.000173635939796
58.55,-0.00221106436096,-0.00759324979845,0.000171822613552
58.6,-0.00219306652113,-0.0075797959596,0.000170028272364
58.65,-0.00217520569852,-0.00756631306267,0.000168252789139
58.7,-0.00215748093489,-0.00755280154904,0.000166495752196
58.75,-0.00213989127901,-0.00753941343899,0.000164757080343
58.8,-0.0021224354898,-0.00752601629777,0.000163037024105
58.85,-0.00210512330443,-0.00751259246836,0.000161335180519
58.9,-0.00208794308908,-0.00749914240208,0.000159651036352
58.95,-0.0020708939305,-0.00748582753721,0.000157984734327
59.0,-0.00205397462892,-0.00747250031083,0.000156335790559
59.05,-0.00203718443389,-0.00745915657055,0.000154704014792
59.1,-0.00202052245076,-0.00744578882856,0.000153089356943
59.15,-0.00200398779893,-0.00743256266879,0.000151491710499
59.2,-0.00198757931751,-0.00741931680153,0.000149910727407
59.25,-0.00197129628869,-0.00740604867203,0.000148346318776
59.3,-0.00195513785478,-0.00739275864968,0.000146798683849
59.35,-0.0019391031653,-0.00737961093568,0.000145267468993
59.4,-0.00192319110034,-0.00736644596017,0.000143752233409
59.45,-0.00190740096273,-0.00735326073835,0.000142253090936
59.5,-0.00189173192227,-0.00734005561587,0.000140769580291
59.55,-0.00187618315267,-0.00732698769053,0.000139301539788
59.6,-0.00186075357529,-0.00731391048576,0.000137848944901
59.65,-0.00184544250758,-0.00730081496045,0.000136411686455
59.7,-0.00183024914355,-0.00728770144395,0.000134989426491
59.75,-0.00181517268124,-0.00727471400313,0.000133582095189
59.8,-0.00180021208673,-0.00726173098374,0.000132189891693
59.85,-0.00178537560935,-0.007248731473,0.000130812485974
59.9,-0.00177065338107,-0.00723571581528,0.000129449458433
59.95,-0.00175604462476,-0.00722280897025,0.000128100921576
60.0,-0.00174154835548,-0.00720992615848,0.000126766477932
60.05,-0.00172716390367,-0.00719703757426,0.000125445972187
60.1,-0.00171289050276,-0.00718413744213,0.000124139361089
60.15,-0.00169872739531,-0.00717132254548,0.000122846555888
60.2,-0.0016846736441,-0.00715855731862,0.000121567267998
60.25,-0.00167072857825,-0.00714577906154,0.000120301426996
60.3,-0.00165689145847,-0.00713298805882,0.00011904919229
60.35,-0.00164316155036,-0.00712025229141,0.00011781027508
60.4,-0.00162953796619,-0.00710759797717,0.000116584310305
60.45,-0.00161602002936,-0.00709493222318,0.00011537139419
60.5,-0.00160260702021,-0.00708225601102,0.000114171150918
60.55,-0.00158929822142,-0.00706960958101,0.000112983447764
60.6,-0.00157609278789,-0.00705708266796,0.00011180825663
60.65,-0.00156299003454,-0.00704454585306,0.00011064549493
60.7,-0.00154998925996,-0.00703199939459,0.000109494887175
60.75,-0.0015370897658,-0.0070194435505,0.000108356375439
60.8,-0.00152429085743,-0.00700702128602,0.000107230103031
60.85,-0.00151159920967,-0.00699460601022,0.000106115826533
60.9,-0.00149900653873,-0.00698218256504,0.000105013196202
60.95,-0.00148651216557,-0.00696975119706,0.000103922302317
61.0,-0.00147411541517,-0.00695740223265,0.000102842806177
61.05,-0.00146181546593,-0.00694511257853,0.000101774601406
61.1,-0.00144961170832,-0.00693281614592,0.000100717646617
61.15,-0.00143750348032,-0.00692051316943,9.9671868933e-05
61.2,-0.00142549012328,-0.00690823470205,9.86370201138e-05
61.25,-0.00141357087332,-0.00689607434675,9.76130576339e-05
61.3,-0.00140174509979,-0.00688390854415,9.66001086249e-05
61.35,-0.00139001215754,-0.00687173751485,9.55979382567e-05
61.4,-0.0013783714042,-0.00685956147924,9.46062385074e-05
61.45,-0.00136682220005,-0.00684749824977,9.36250907362e-05
61.5,-0.00135536375862,-0.00683546637299,9.26542034059e-05
61.55,-0.00134399551677,-0.00682343561845,9.16934623551e-05
61.6,-0.00133271684453,-0.00681140721362,9.07428351373e-05
61.65,-0.00132152711485,-0.00679941862599,8.98022564639e-05
61.7,-0.0013104256032,-0.00678753490808,8.88715121473e-05
61.75,-0.00129941171867,-0.00677564845198,8.79505527941e-05
61.8,-0.00128848484979,-0.00676375946266,8.70394945386e-05
61.85,-0.00127765077377,-0.00675186813882,8.61381259111e-05
61.9,-0.00126690238329,-0.00674008618592,8.52461697862e-05
61.95,-0.00125623894426,-0.00672834068008,8.43637116288e-05
62.0,-0.00124565992047,-0.00671659381055,8.34904711162e-05
62.05,-0.00123516471973,-0.00670485421119,8.26263509468e-05
62.1,-0.00122475274867,-0.0066931384603,8.17713221645e-05
62.15,-0.00121442333676,-0.00668154753235,8.09253334757e-05
62.2,-0.00120417591499,-0.00666995635435,8.00881823047e-05
62.25,-0.00119400990589,-0.00665836511359,7.92598262236e-05
62.3,-0.00118392473503,-0.00664677399451,7.84403700545e-05
62.35,-0.00117391983136,-0.00663525453967,7.76296233986e-05
62.4,-0.00116399452493,-0.00662381005658,7.68273456476e-05
62.45,-0.00115414828672,-0.00661236655312,7.60335998146e-05
62.5,-0.00114438055666,-0.00660092420418,7.52481382216e-05
62.55,-0.00113469077716,-0.0065894831858,7.44708733666e-05
62.6,-0.00112507839351,-0.00657815375649,7.37017790079e-05
62.65,-0.00111554274073,-0.00656685982806,7.29408125443e-05
62.7,-0.00110608332299,-0.00655556804826,7.21877879203e-05
62.75,-0.00109669959651,-0.00654427858572,7.14426671196e-05
62.8,-0.00108739102049,-0.00653299160645,7.0705544861e-05
62.85,-0.00107816244548,-0.00652184551553,6.9976249766e-05
62.9,-0.00106900773,-0.00651070588518,6.92545679604e-05
62.95,-0.00105992640573,-0.00649956952863,6.8540553757e-05
63.0,-0.00105091794689,-0.00648843660277,6.78339841209e-05
63.05,-0.00104198183015,-0.00647732577805,6.71347803988e-05
63.1,-0.00103311747028,-0.00646635028926,6.64429250884e-05
63.15,-0.00102432435519,-0.00645537897988,6.57583702088e-05
63.2,-0.00101560197232,-0.00644441200083,6.50809524004e-05
63.25,-0.00100694981167,-0.00643344950302,6.44106376116e-05
63.3,-0.000998367366037,-0.00642251772604,6.37475114677e-05
63.35,-0.000989854067485,-0.00641170195924,6.30914255522e-05
63.4,-0.000981409426881,-0.00640089136464,6.24421761238e-05
63.45,-0.000973032947083,-0.00639008608642,6.17998173774e-05
63.5,-0.000964724133893,-0.0063792862649,6.11641484583e-05
63.55,-0.000956482495562,-0.006368521604,6.05350986849e-05
63.6,-0.000948307481714,-0.00635787878201,5.9912652816e-05
63.65,-0.000940198615348,-0.0063472420839,5.92967674374e-05
63.7,-0.000932155414921,-0.00633661164423,5.86872954874e-05
63.75,-0.000924177401398,-0.00632598759753,5.80842065019e-05
63.8,-0.000916264098473,-0.00631538301144,5.74875779435e-05
63.85,-0.000908419520849,-0.00630490492461,5.68972757167e-05
63.9,-0.000900638580335,-0.00629443385905,5.63131169129e-05
63.95,-0.000892920811352,-0.00628396994262,5.5735150645e-05
64.0,-0.000885265751124,-0.00627351329962,5.51631960108e-05
64.05,-0.000877672939264,-0.0062630640551,5.45971894982e-05
64.1,-0.000870141917991,-0.00625274299622,5.40371125068e-05
64.15,-0.00086267214786,-0.00624243953772,5.34829346816e-05
64.2,-0.000855263219689,-0.00623214404888,5.29345197791e-05
64.25,-0.000847914685045,-0.00622185664847,5.23918405692e-05
64.3,-0.00084062609811,-0.00621157745326,5.1854967176e-05
64.35,-0.000833397015831,-0.00620139237153,5.13237745951e-05
64.4,-0.000826226929114,-0.00619125810371,5.07981048342e-05
64.45,-0.000819115429493,-0.00618113257194,5.0277999833e-05
64.5,-0.000812062082917,-0.00617101588563,4.97632966606e-05
64.55,-0.000805066457685,-0.0061609081548,4.92539382722e-05
64.6,-0.000798128124604,-0.00615085872795,4.87499081388e-05
64.65,-0.000791246603669,-0.00614090500807,4.82511770527e-05
64.7,-0.000784421484614,-0.00613096075169,4.77576246761e-05
64.75,-0.000777652347263,-0.00612102606277,4.72692266804e-05
64.8,-0.00077093877395,-0.00611110104339,4.6786046576e-05
64.85,-0.000764284169175,-0.00610118579223,4.6307971826e-05
64.9,-0.000757684229853,-0.00609138861697,4.58348544922e-05
64.95,-0.00075113847986,-0.0060816165301,4.53667413563e-05
65.0,-0.00074464654581,-0.00607185468003,4.49034826458e-05
65.05,-0.000738208024474,-0.00606210468775,4.44450271154e-05
65.1,-0.000731822514598,-0.00605237365601,4.3991360118e-05
65.15,-0.00072548961545,-0.00604269379522,4.35424512686e-05
65.2,-0.000719208886826,-0.00603310461464,4.30981974929e-05
65.25,-0.000712979947906,-0.00602352629257,4.26585759899e-05
65.3,-0.000706802408777,-0.00601395891688,4.22236443057e-05
65.35,-0.000700675882018,-0.00600440257228,4.17933011128e-05
65.4,-0.000694599982481,-0.0059948573433,4.13674130305e-05
65.45,-0.000688574327246,-0.00598540432688,4.09460168919e-05
65.5,-0.000682598484103,-0.0059759997751,4.0528985408e-05
65.55,-0.000676672097593,-0.005966606722,4.01162705226e-05
65.6,-0.000670794792907,-0.00595722524805,3.97078592049e-05
65.65,-0.000664966197578,-0.00594785543204,3.93037240563e-05
65.7,-0.000659185941455,-0.0059384973513,3.89037685278e-05
65.75,-0.00065345365661,-0.00592925781253,3.85079733358e-05
65.8,-0.000647768922877,-0.00592003905841,3.81163958893e-05
65.85,-0.000642134614131,-0.00591083238443,3.77289424223e-05
65.9,-0.000636547101484,-0.00590163787372,3.73454928292e-05
65.95,-0.000631006027929,-0.00589245559788,3.6966080585e-05
66.0,-0.000625511038777,-0.00588329114395,3.65905866174e-05
66.05,-0.000620061753774,-0.0058742464393,3.62189722943e-05
66.1,-0.000614657824882,-0.00586521952832,3.58512259456e-05
66.15,-0.00060929890377,-0.00585620960361,3.54873231676e-05
66.2,-0.000603984644565,-0.00584721236936,3.51271770943e-05
66.25,-0.000598714704547,-0.00583822788977,3.47707705217e-05
66.3,-0.000593488743193,-0.00582926140044,3.44181508643e-05
66.35,-0.000588306396743,-0.00582041284769,3.40692384514e-05
66.4,-0.000583167331115,-0.00581157732643,3.37239248605e-05
66.45,-0.000578071213122,-0.00580275489571,3.33822405282e-05
66.5,-0.000573017711774,-0.00579394561238,3.30440781358e-05
66.55,-0.000568006498125,-0.00578514953355,3.27094006409e-05
66.6,-0.000563037245341,-0.00577637485796,3.23781979002e-05
66.65,-0.00055810962702,-0.00576771294998,3.20504482166e-05
66.7,-0.000553223277821,-0.00575907404174,3.17260773943e-05
66.75,-0.00054837789897,-0.00575044864787,3.14050681173e-05
66.8,-0.000543573172918,-0.0057418368191,3.10874634127e-05
66.85,-0.000538811476981,-0.00573323860384,3.07731893469e-05
66.9,-0.000534089754621,-0.00572465405995,3.0462148412e-05
66.95,-0.000529407695115,-0.0057161504821,3.01543683678e-05
67.0,-0.000524764956218,-0.00570769827348,2.98497557396e-05
67.05,-0.000520161245546,-0.00569925994571,2.95482759698e-05
67.1,-0.000515596259195,-0.00569083554312,2.92499200848e-05
67.15,-0.000511069695279,-0.00568242510868,2.89546685282e-05
67.2,-0.000506581253909,-0.00567402868427,2.86624507936e-05
67.25,-0.000502130637139,-0.00566566935779,2.83732532841e-05
67.3,-0.000497717525928,-0.00565740313627,2.80871173375e-05
67.35,-0.000493341631429,-0.00564915110311,2.78039759355e-05
67.4,-0.000489002662329,-0.00564091329525,2.75237411234e-05
67.45,-0.000484700329199,-0.00563268974982,2.72464381737e-05
67.5,-0.000480434344584,-0.00562448050211,2.69719799254e-05
67.55,-0.0004762044229,-0.00561628558757,2.67003365638e-05
67.6,-0.000472010280474,-0.00560817199489,2.64315002275e-05
67.65,-0.000467851606857,-0.0056001143288,2.61654562413e-05
67.7,-0.000463728133175,-0.00559207115483,2.59021400874e-05
67.75,-0.000459639582137,-0.00558404250395,2.56415396541e-05
67.8,-0.000455585678334,-0.00557602840602,2.53836904859e-05
67.85,-0.000451568404995,-0.005568028889,2.51285326303e-05
67.9,-0.000447585191287,-0.00556004398864,2.48759868651e-05
67.95,-0.000443635767928,-0.00555216187825,2.46260762584e-05
68.0,-0.000439719837677,-0.00554430277199,2.43787251257e-05
68.05,-0.000435837150145,-0.00553645839768,2.41339052776e-05
68.1,-0.000431987442088,-0.00552863378911,2.38916097745e-05
68.15,-0.00042817045128,-0.00552082813684,2.36518231081e-05
68.2,-0.00042438591746,-0.00551303729871,2.34144881306e-05
68.25,-0.000420633582793,-0.00550526174878,2.31795941089e-05
68.3,-0.000416913188987,-0.00549759393104,2.29471736062e-05
68.35,-0.00041322445799,-0.00548994129392,2.27171749389e-05
68.4,-0.000409567150126,-0.00548230357738,2.24895254299e-05
68.45,-0.000405941015112,-0.00547468079941,2.2264246095e-05
68.5,-0.000402345804423,-0.00546707297652,2.20412660771e-05
68.55,-0.000398781271222,-0.00545948012532,2.18205613686e-05
68.6,-0.000395247170384,-0.00545190226175,2.16021258995e-05
68.65,-0.0003917432585,-0.00544442132832,2.13859457828e-05
68.7,-0.000388269269442,-0.00543696424017,2.11719718577e-05
68.75,-0.000384824975586,-0.00542952219857,2.09601934225e-05
68.8,-0.000381410139059,-0.00542209521542,2.0750639886e-05
68.85,-0.000378026412886,-0.00541468330103,2.05432625944e-05
68.9,-0.00037467163766,-0.00540728647217,2.03379971237e-05
68.95,-0.000371345580957,-0.00539990473894,2.0134862675e-05
69.0,-0.000368048012016,-0.00539259135694,1.99337953628e-05
69.05,-0.000364778682995,-0.00538532770171,1.97347754798e-05
69.1,-0.00036153737404,-0.00537807917535,1.95377969797e-05
69.15,-0.000358323859655,-0.00537085405654,1.93428474502e-05
69.2,-0.000355137914874,-0.00536364462347,1.91498805384e-05
69.25,-0.000351979317338,-0.00535645034897,1.89588877961e-05
69.3,-0.000348847846341,-0.00534927123748,1.87698960052e-05
69.35,-0.000345743282777,-0.0053421154996,1.85828613379e-05
69.4,-0.000342665397547,-0.00533505167302,1.83977267973e-05
69.45,-0.000339613976063,-0.00532800301785,1.82145097886e-05
69.5,-0.00033658880425,-0.00532096953471,1.80331526574e-05
69.55,-0.000333589669541,-0.00531395122433,1.7853636068e-05
69.6,-0.000330616360886,-0.00530695022387,1.76759553587e-05
69.65,-0.000327668668506,-0.00529997107034,1.7500099495e-05
69.7,-0.00032474638361,-0.00529300710102,1.73260266903e-05
69.75,-0.000321849299702,-0.00528608759118,1.71537294604e-05
69.8,-0.00031897719901,-0.0052792360101,1.69832334535e-05
69.85,-0.000316131461731,-0.00527239959746,1.68144988078e-05
69.9,-0.000313310276355,-0.00526557835398,1.66474730792e-05
69.95,-0.000310513443057,-0.00525877227491,1.64821722691e-05
70.0,-0.000307740763473,-0.00525198135444,1.6318544366e-05
70.05,-0.000304992040657,-0.00524520558684,1.61565720283e-05
70.1,-0.000302267079092,-0.00523844496587,1.5996251192e-05
70.15,-0.000299565684693,-0.00523172898033,1.58375720027e-05
70.2,-0.000296887653242,-0.00522507771521,1.56804978623e-05
70.25,-0.000294232797015,-0.005218441559,1.55250218029e-05
70.3,-0.000291600926458,-0.00521182050237,1.53711660287e-05
70.35,-0.000288991853423,-0.00520521453488,1.52188949225e-05
70.4,-0.000286405391126,-0.00519862364597,1.50681611519e-05
70.45,-0.000283841354135,-0.00519204782517,1.49189793492e-05
70.5,-0.000281299558399,-0.00518548706103,1.47713025843e-05
70.55,-0.000278779821201,-0.00517895095976,1.46251153048e-05
70.6,-0.000276281952722,-0.00517249641141,1.44804148097e-05
70.65,-0.000273805774202,-0.00516606225214,1.4337192198e-05
70.7,-0.000271351106712,-0.00515964616378,1.41954134773e-05
70.75,-0.000268917772881,-0.00515324506009,1.4055072794e-05
70.8,-0.000266505596957,-0.0051468589264,1.39161903876e-05
70.85,-0.000264115724432,-0.00514048774704,1.37787341498e-05
70.9,-0.000261746637118,-0.00513413151073,1.36426613739e-05
70.95,-0.000259398163494,-0.0051277902017,1.35079854392e-05
71.0,-0.00025707013333,-0.00512150726965,1.33746639849e-05
71.05,-0.000254762367093,-0.0051152689284,1.32426841032e-05
71.1,-0.000252474701372,-0.00510904543608,1.31120422944e-05
71.15,-0.000250206969961,-0.00510284473837,1.2982730713e-05
71.2,-0.000247959007194,-0.00509665937852,1.28547187267e-05
71.25,-0.000245730649313,-0.00509048882497,1.27280011356e-05
71.3,-0.000243521733839,-0.00508433305819,1.2602596392e-05
71.35,-0.000241332099523,-0.00507819205778,1.24784755422e-05
71.4,-0.000239161586323,-0.00507206580323,1.23556000197e-05
71.45,-0.000237010035387,-0.00506600731854,1.22339820609e-05
71.5,-0.000234877278835,-0.00505998067878,1.21135844387e-05
71.55,-0.000232763164963,-0.00505396868861,1.1994394158e-05
71.6,-0.000230667538711,-0.00504797132574,1.18764085283e-05
71.65,-0.000228590246194,-0.00504198856744,1.17596205589e-05
71.7,-0.000226531134691,-0.00503602039055,1.16440025544e-05
71.75,-0.000224490052634,-0.00503006677187,1.15295499151e-05
71.8,-0.000222466849607,-0.00502412768778,1.14162794705e-05
71.85,-0.000220462478116,-0.00501820311388,1.13041651071e-05
71.9,-0.000218475667222,-0.00501233241949,1.1193172008e-05
71.95,-0.000216506262079,-0.00500650401362,1.10833121813e-05
72.0,-0.00021455412039,-0.00500069000961,1.09745507586e-05
72.05,-0.000212619097863,-0.0049948903816,1.08668764826e-05
72.1,-0.000210701051308,-0.00498910510348,1.0760287022e-05
72.15,-0.000208799838631,-0.00498333687178,1.06547761489e-05
72.2,-0.00020691531863,-0.00497758838279,1.05503188942e-05
72.25,-0.000205047350987,-0.00497185417727,1.04469112317e-05
72.3,-0.000203195796871,-0.00496613422786,1.0344568511e-05
72.35,-0.000201360518525,-0.00496043209214,1.02432671708e-05
72.4,-0.000199541374495,-0.00495480482735,1.01429762296e-05
72.45,-0.000197738229558,-0.00494919169298,1.00437058859e-05
72.5,-0.000195950949281,-0.00494359265968,9.94542491901e-06
72.55,-0.00019417940026,-0.00493800769824,9.84812322229e-06
72.6,-0.000192423450121,-0.00493243677921,9.75179877692e-06
72.65,-0.000190682967514,-0.00492688508128,9.65644603225e-06
72.7,-0.000188957821763,-0.00492135034884,9.56204246807e-06
72.75,-0.000187247883358,-0.00491582958302,9.46858450949e-06
72.8,-0.000185553023998,-0.00491032275334,9.3760861595e-06
72.85,-0.000183874035303,-0.00490483783152,9.28452615362e-06
72.9,-0.000182209850025,-0.00489942006048,9.1938765176e-06
72.95,-0.000180560343757,-0.0048940160903,9.10414655361e-06
73.0,-0.000178925392542,-0.00488862588867,9.0153080486e-06
73.05,-0.000177304873383,-0.00488324942343,8.927351926e-06
73.1,-0.000175698664239,-0.00487788666224,8.84027643996e-06
73.15,-0.000174106644026,-0.00487253757245,8.7540766425e-06
73.2,-0.000172528692604,-0.00486720212119,8.66873216905e-06
73.25,-0.000170964690771,-0.0048618802756,8.5842398433e-06
73.3,-0.00016941452026,-0.00485657200257,8.5006124435e-06
73.35,-0.000167878063735,-0.00485127726849,8.41783077373e-06
73.4,-0.000166355204783,-0.00484604111546,8.33586914283e-06
73.45,-0.000164845821965,-0.0048408316322,8.25473672809e-06
73.5,-0.000163349803482,-0.00483563553875,8.17440775864e-06
73.55,-0.000161867035766,-0.00483045280064,8.09487408256e-06
73.6,-0.000160397406142,-0.00482528338323,8.01613419411e-06
73.65,-0.000158940802826,-0.00482012749108,7.93818368346e-06
73.7,-0.000157497114904,-0.0048149925059,7.86100416134e-06
73.75,-0.000156066231932,-0.00480987075077,7.78459286432e-06
73.8,-0.00015464804477,-0.00480476219038,7.70896145331e-06
73.85,-0.000153243210984,-0.00479966678895,7.63409259313e-06
73.9,-0.000151850842601,-0.00479458451329,7.55996305998e-06
73.95,-0.000150470833264,-0.00478956762053,7.48658070065e-06
74.0,-0.000149103071902,-0.00478456678844,7.41392303591e-06
74.05,-0.000147747456732,-0.00477957892428,7.34198245664e-06
74.1,-0.000146403884018,-0.0047746039914,7.27075766467e-06
74.15,-0.000145072250851,-0.00476964459389,7.20024472738e-06
74.2,-0.000143752455009,-0.0047647033368,7.13042704359e-06
74.25,-0.000142444394958,-0.00475977491482,7.06130215974e-06
74.3,-0.000141147970242,-0.00475485929075,6.99288071847e-06
74.35,-0.00013986308121,-0.00474995642706,6.92514706003e-06
74.4,-0.000138589629007,-0.00474506628624,6.85808017716e-06
74.45,-0.000137327515564,-0.00474018883096,6.79168725084e-06
74.5,-0.000136076643601,-0.00473535542619,6.72594743561e-06
74.55,-0.000134836912715,-0.00473055558974,6.6608545569e-06
74.6,-0.000133608228778,-0.00472576827463,6.59640734323e-06
74.65,-0.000132390496922,-0.00472099344252,6.53260228694e-06
74.7,-0.000131183623044,-0.00471623105495,6.46942437348e-06
74.75,-0.000129987513794,-0.00471148107354,6.40687141136e-06
74.8,-0.000128802076575,-0.00470674345981,6.34495311658e-06
74.85,-0.000127627857361,-0.00470201817493,6.28365533996e-06
74.9,-0.000126464114925,-0.00469730518224,6.22295908126e-06
74.95,-0.000125310759064,-0.00469260444312,6.16287091342e-06
75.0,-0.000124167700307,-0.00468791591869,6.10337197766e-06
75.05,-0.000123034849903,-0.00468323957024,6.04445636302e-06
75.1,-0.000121912119817,-0.00467860887801,5.98612311899e-06
75.15,-0.000120799419284,-0.00467400618306,5.92836948106e-06
75.2,-0.000119696663206,-0.00466942106312,5.87118172953e-06
75.25,-0.000118603765521,-0.00466485000815,5.81455795211e-06
75.3,-0.000117520641017,-0.00466029089599,5.75850702739e-06
75.35,-0.000116447205261,-0.00465574368678,5.70301616576e-06
75.4,-0.000115383374504,-0.00465120834073,5.64806817063e-06
75.45,-0.000114329065678,-0.00464668481821,5.59366905749e-06
75.5,-0.000113284196388,-0.00464217307942,5.53980175888e-06
75.55,-0.000112248684912,-0.0046376730847,5.48646095798e-06
75.6,-0.000111222450193,-0.00463318479439,5.43364583993e-06
75.65,-0.000110205411834,-0.00462870840172,5.38135362001e-06
75.7,-0.000109197490088,-0.00462425672709,5.3295720338e-06
75.75,-0.000108198603658,-0.00461985753744,5.27829960692e-06
75.8,-0.000107208674397,-0.00461546985599,5.22754441484e-06
75.85,-0.000106228155462,-0.00461109364215,5.17729489341e-06
75.9,-0.000105256428631,-0.00460672885711,5.12753547835e-06
75.95,-0.000104293417595,-0.00460237546054,5.07827167494e-06
76.0,-0.000103339046672,-0.00459803341193,5.02948803223e-06
76.05,-0.000102393240798,-0.00459370267093,4.98117976606e-06
76.1,-0.000101455925524,-0.00458938319725,4.93334617914e-06
76.15,-0.000100527027015,-0.00458507495051,4.8859847854e-06
76.2,-9.96064720406e-05,-0.00458077789032,4.8390844903e-06
76.25,-9.86941879732e-05,-0.00457649197642,4.79264378766e-06
76.3,-9.77901027832e-05,-0.0045722171685,4.74667007821e-06
76.35,-9.68941450363e-05,-0.00456795342611,4.70115290942e-06
76.4,-9.60062438867e-05,-0.00456373783768,4.65607819325e-06
76.45,-9.51263264517e-05,-0.00455953970056,4.61145124879e-06
76.5,-9.42543243455e-05,-0.00455535245643,4.56725795574e-06
76.55,-9.33901685153e-05,-0.00455117606467,4.52349400867e-06
76.6,-9.25337904789e-05,-0.00454701048475,4.48015881297e-06
76.65,-9.16851223209e-05,-0.00454285567608,4.43725014935e-06
76.7,-9.08440966882e-05,-0.00453871475467,4.39475798009e-06
76.75,-9.00106466876e-05,-0.00453458881121,4.35268098473e-06
76.8,-8.91847059505e-05,-0.00453047353232,4.31102593511e-06
76.85,-8.83666504094e-05,-0.00452636887729,4.26978337429e-06
76.9,-8.75559647559e-05,-0.00452227480699,4.22894054373e-06
76.95,-8.67525845147e-05,-0.00451819128098,4.18850206032e-06
77.0,-8.59564457477e-05,-0.0045141182588,4.14845525611e-06
77.05,-8.51674850469e-05,-0.00451005570011,4.10879625904e-06
77.1,-8.4385639532e-05,-0.00450603571789,4.06952456716e-06
77.15,-8.36108447762e-05,-0.00450203470085,4.03063842063e-06
77.2,-8.28430399285e-05,-0.0044980494106,3.99212863528e-06
77.25,-8.20821635599e-05,-0.00449407641977,3.95399405054e-06
77.3,-8.13281548535e-05,-0.00449011365501,3.91624084335e-06
77.35,-8.05809535587e-05,-0.00448616107561,3.87886045487e-06
77.4,-7.98404999273e-05,-0.004482218641,3.8418413247e-06
77.45,-7.91067347091e-05,-0.00447828631079,3.80518767789e-06
77.5,-7.83795991499e-05,-0.00447436404453,3.76888803644e-06
77.55,-7.76590349865e-05,-0.00447045180199,3.73293891245e-06
77.6,-7.69449844431e-05,-0.00446654954297,3.6973398795e-06
77.65,-7.62373902286e-05,-0.00446265722732,3.66208916987e-06
77.7,-7.55361955326e-05,-0.00445877481491,3.62717856229e-06
77.75,-7.48413440206e-05,-0.00445490226577,3.5926070203e-06
77.8,-7.41527798318e-05,-0.00445103953997,3.55838018383e-06
77.85,-7.34708147484e-05,-0.00444721816197,3.52449030908e-06
77.9,-7.27950178321e-05,-0.00444341286978,3.49092710665e-06
77.95,-7.21253355589e-05,-0.00443961723369,3.45769435857e-06
78.0,-7.14617140616e-05,-0.00443583121359,3.42478166264e-06
78.05,-7.08040999251e-05,-0.00443205476955,3.39218587638e-06
78.1,-7.01524401839e-05,-0.00442828786173,3.35990663897e-06
78.15,-6.95066823189e-05,-0.00442453045032,3.32794237054e-06
78.2,-6.88667742536e-05,-0.00442078337394,3.29628562615e-06
78.25,-6.82326643301e-05,-0.00441705208129,3.26493549174e-06
78.3,-6.76043012018e-05,-0.00441333018114,3.23389713395e-06
78.35,-6.69816341063e-05,-0.00440961763382,3.2031635401e-06
78.4,-6.63646127098e-05,-0.00440591439979,3.17272521725e-06
78.45,-6.57531871034e-05,-0.00440222043972,3.14258570724e-06
78.5,-6.5147307801e-05,-0.00439853571426,3.11273558295e-06
78.55,-6.45469257351e-05,-0.00439486018425,3.08317201473e-06
78.6,-6.39519922537e-05,-0.00439119381063,3.05389470082e-06
78.65,-6.33624591178e-05,-0.00438756695813,3.02490223118e-06
78.7,-6.27782771108e-05,-0.00438395699164,2.99618801277e-06
78.75,-6.21993994352e-05,-0.00438036021552,2.96775117107e-06
78.8,-6.16257790135e-05,-0.00437677240856,2.93959641954e-06
78.85,-6.10576743956e-05,-0.00437319353157,2.91171740575e-06
78.9,-6.04947283156e-05,-0.00436962354648,2.88410552264e-06
78.95,-5.9936895059e-05,-0.0043660624144,2.85676401094e-06
79.0,-5.93841293009e-05,-0.0043625100965,2.8296843219e-06
79.05,-5.88363861007e-05,-0.00435896655412,2.80286390363e-06
79.1,-5.82936209005e-05,-0.00435543174872,2.77630250206e-06
79.15,-5.77557895221e-05,-0.00435190564182,2.74999885545e-06
79.2,-5.72228481637e-05,-0.00434838819502,2.72394685488e-06
79.25,-5.66947533965e-05,-0.00434487937011,2.69814578557e-06
79.3,-5.61714621625e-05,-0.00434137912892,2.67259994664e-06
79.35,-5.56529317719e-05,-0.00433788743331,2.64730358515e-06
79.4,-5.51391198993e-05,-0.0043344042453,2.62224889702e-06
79.45,-5.46299845802e-05,-0.0043309295271,2.59743885035e-06
79.5,-5.412548421e-05,-0.00432748754018,2.57286569378e-06
79.55,-5.36255765182e-05,-0.00432406204299,2.54852723812e-06
79.6,-5.3130221082e-05,-0.00432064485921,2.52442322205e-06
79.65,-5.26393773781e-05,-0.00431723595115,2.50055251646e-06
79.7,-5.21530052301e-05,-0.0043138352812,2.47690958443e-06
79.75,-5.16710648059e-05,-0.00431044859422,2.4534937936e-06
79.8,-5.11935165152e-05,-0.00430707136721,2.43030908154e-06
79.85,-5.0720574666e-05,-0.00430370228111,2.40735023637e-06
79.9,-5.02519420291e-05,-0.00430034129944,2.38461017845e-06
79.95,-4.97875801978e-05,-0.00429698838508,2.36209162318e-06
80.0,-4.93274510953e-05,-0.00429364350099,2.33978753774e-06
80.05,-4.88715169717e-05,-0.00429030661031,2.31769584685e-06
80.1,-4.84197404015e-05,-0.00428697767629,2.29581637484e-06
80.15,-4.7972084281e-05,-0.00428365666229,2.27414811248e-06
80.2,-4.75285118262e-05,-0.00428034439351,2.25268604156e-06
80.25,-4.70889865557e-05,-0.00427704621864,2.2314296055e-06
80.3,-4.66534722186e-05,-0.00427375586988,2.21038240326e-06
80.35,-4.62219329776e-05,-0.00427047331086,2.18953970923e-06
80.4,-4.5794333304e-05,-0.00426720809873,2.1688951004e-06
80.45,-4.53706373783e-05,-0.00426397075063,2.14845112773e-06
80.5,-4.49508104498e-05,-0.00426074104376,2.12820139237e-06
80.55,-4.4534817919e-05,-0.00425751894207,2.10814402055e-06
80.6,-4.41226254849e-05,-0.00425430440965,2.08827886621e-06
80.65,-4.37141991429e-05,-0.00425109741067,2.06860502495e-06
80.7,-4.33095051823e-05,-0.00424789790942,2.04911794558e-06
80.75,-4.29085101836e-05,-0.00424470587038,2.02981713366e-06
80.8,-4.25111810168e-05,-0.0042415212581,2.01070586653e-06
80.85,-4.21176953231e-05,-0.0042383440372,1.991779859e-06
80.9,-4.17278059499e-05,-0.0042351741731,1.97303328169e-06
80.95,-4.13414806801e-05,-0.00423201163074,1.954468409e-06
81.0,-4.09586875755e-05,-0.00422885637516,1.9360794492e-06
81.05,-4.05793949748e-05,-0.00422570837156,1.91786471187e-06
81.1,-4.0203571491e-05,-0.00422256758527,1.89982407813e-06
81.15,-3.98311860096e-05,-0.00421943398175,1.88195673911e-06
81.2,-3.94622076862e-05,-0.00421630752654,1.86425856793e-06
81.25,-3.9096605944e-05,-0.00421319174356,1.84672912817e-06
81.3,-3.8734350426e-05,-0.00421008639576,1.82937141998e-06
81.35,-3.83754110437e-05,-0.00420698810878,1.81218156241e-06
81.4,-3.80197580144e-05,-0.00420390730912,1.79515426407e-06
81.45,-3.7667361342e-05,-0.00420085017698,1.77829165858e-06
81.5,-3.73181919085e-05,-0.00419779996735,1.7615884723e-06
81.55,-3.69722207145e-05,-0.00419475664637,1.74504317777e-06
81.6,-3.66294190134e-05,-0.0041917201803,1.72865567733e-06
81.65,-3.6289758309e-05,-0.00418869053552,1.71242524539e-06
81.7,-3.59532103533e-05,-0.00418566767852,1.69634813713e-06
81.75,-3.56197471445e-05,-0.00418265726137,1.68042396554e-06
81.8,-3.5289340858e-05,-0.00417965484081,1.66465547345e-06
81.85,-3.49621386909e-05,-0.00417665912341,1.64903913666e-06
81.9,-3.46379352305e-05,-0.00417367007658,1.63357015014e-06
81.95,-3.43167034922e-05,-0.0041706876674,1.61825041787e-06
82.0,-3.39984167274e-05,-0.004167711863,1.60307516518e-06
82.05,-3.36830484208e-05,-0.00416474263071,1.58804301263e-06
82.1,-3.33705722888e-05,-0.004161779938,1.57315388179e-06
82.15,-3.30609622776e-05,-0.00415882375244,1.55840712273e-06
82.2,-3.27541925612e-05,-0.00415587404172,1.54379933763e-06
82.25,-3.24502375396e-05,-0.0041529307737,1.52933018431e-06
82.3,-3.21490718369e-05,-0.00414999391636,1.51500216221e-06
82.35,-3.18506702995e-05,-0.00414706343775,1.50081207261e-06
82.4,-3.15550079942e-05,-0.00414413930609,1.48675555216e-06
82.45,-3.12620602061e-05,-0.00414122148975,1.47283434347e-06
82.5,-3.09718024373e-05,-0.00413832731978,1.45904411059e-06
82.55,-3.06842099771e-05,-0.00413544664346,1.44538365501e-06
82.6,-3.0399258947e-05,-0.00413257215594,1.4318528934e-06
82.65,-3.01169254981e-05,-0.00412970382591,1.4184512424e-06
82.7,-2.98371859904e-05,-0.00412684162216,1.40517561747e-06
82.75,-2.95600169915e-05,-0.00412398694765,1.39202571509e-06
82.8,-2.9285395261e-05,-0.00412114366493,1.37900381978e-06
82.85,-2.90134427215e-05,-0.00411830643064,1.36610703356e-06
82.9,-2.8743988721e-05,-0.00411547521441,1.35333139231e-06
82.95,-2.8477010684e-05,-0.00411264998563,1.34067848958e-06
83.0,-2.82124862335e-05,-0.00410983071377,1.32814438575e-06
83.05,-2.79503931892e-05,-0.00410701736847,1.31572795365e-06
83.1,-2.76907095659e-05,-0.00410420991952,1.30342914382e-06
83.15,-2.7433413572e-05,-0.00410140833681,1.29124743312e-06
83.2,-2.71784836076e-05,-0.00409861259036,1.27918002141e-06
83.25,-2.69258982634e-05,-0.00409582615539,1.26722664001e-06
83.3,-2.66756362874e-05,-0.00409304880269,1.2553893783e-06
83.35,-2.64276766182e-05,-0.00409027721227,1.24366560357e-06
83.4,-2.61819984099e-05,-0.00408751135452,1.23205171423e-06
83.45,-2.5938581e-05,-0.00408475120006,1.22054916827e-06
83.5,-2.56974039089e-05,-0.00408199671956,1.20915438622e-06
83.55,-2.54584468374e-05,-0.00407924788388,1.19786634891e-06
83.6,-2.52216896657e-05,-0.00407650466401,1.1866850182e-06
83.65,-2.49871124518e-05,-0.00407376715176,1.17560992469e-06
83.7,-2.47546954202e-05,-0.00407105721481,1.16463852681e-06
83.75,-2.45244186393e-05,-0.00406835284063,1.15377062491e-06
83.8,-2.42962628743e-05,-0.00406565393922,1.14300810418e-06
83.85,-2.40703291784e-05,-0.004062960482,1.13234857056e-06
83.9,-2.38464758325e-05,-0.00406027244086,1.12178875082e-06
83.95,-2.3624683971e-05,-0.00405758978751,1.11132997822e-06
84.0,-2.34049348951e-05,-0.00405491249378,1.10096899933e-06
84.05,-2.31872100714e-05,-0.00405224053164,1.09070489173e-06
84.1,-2.29714911307e-05,-0.00404957387319,1.08053762624e-06
84.15,-2.27577598664e-05,-0.00404691249067,1.07046678089e-06
84.2,-2.25459982332e-05,-0.00404425635643,1.06049004585e-06
84.25,-2.23361883457e-05,-0.00404160544297,1.05060720973e-06
84.3,-2.2128312477e-05,-0.00403896574319,1.04082001313e-06
84.35,-2.19223530141e-05,-0.0040363318249,1.0311262869e-06
84.4,-2.17182925403e-05,-0.00403370306037,1.02152305642e-06
84.45,-2.15161137983e-05,-0.0040310794225,1.0120115413e-06
84.5,-2.13157996838e-05,-0.0040284608843,1.00258878431e-06
84.55,-2.11173332442e-05,-0.00402584741894,9.93253950777e-07
84.6,-2.09206976777e-05,-0.00402323899971,9.84007019382e-07
84.65,-2.07258763319e-05,-0.00402063560002,9.74847611069e-07
84.7,-2.05328527022e-05,-0.00401803719341,9.65773627453e-07
84.75,-2.03416104308e-05,-0.00401544516834,9.56784881049e-07
84.8,-2.01521332961e-05,-0.00401286334029,9.47882963094e-07
84.85,-1.99645049692e-05,-0.00401028644179,9.39065902512e-07
84.9,-1.97786077955e-05,-0.00400771444704,9.30330994719e-07
84.95,-1.95944260221e-05,-0.0040051473301,9.21679355199e-07
85.0,-1.94119440363e-05,-0.00400260386724,9.13108295398e-07
85.05,-1.92311461195e-05,-0.00400006628864,9.04617087665e-07
85.1,-1.90520170632e-05,-0.00399753348702,8.96205702619e-07
85.15,-1.88745416727e-05,-0.00399500543676,8.87873799003e-07
85.2,-1.86987048887e-05,-0.00399248211238,8.79619469572e-07
85.25,-1.85244917862e-05,-0.00398996348852,8.71442547416e-07
85.3,-1.83518875728e-05,-0.00398744953998,8.63344484703e-07
85.35,-1.81808775886e-05,-0.00398494024161,8.55323486426e-07
85.4,-1.80114473038e-05,-0.00398243556842,8.4737709301e-07
85.45,-1.78435823186e-05,-0.0039799354956,8.39506324303e-07
85.5,-1.76772683614e-05,-0.00397743999839,8.31708735245e-07
85.55,-1.75124912883e-05,-0.00397494905221,8.23983641325e-07
85.6,-1.73492370813e-05,-0.00397246263261,8.16331032651e-07
85.65,-1.7187491848e-05,-0.00396998071524,8.08750602492e-07
85.7,-1.70272418198e-05,-0.00396750327587,8.0124061761e-07
85.75,-1.68684733513e-05,-0.00396503029041,7.9380092994e-07
85.8,-1.67111729192e-05,-0.0039625656721,7.86432866209e-07
85.85,-1.65554098355e-05,-0.00396010802725,7.79134797706e-07
85.9,-1.64010864435e-05,-0.00395765477964,7.71904489324e-07
85.95,-1.62481896043e-05,-0.00395520590555,7.64742873684e-07
86.0,-1.60967062969e-05,-0.00395276138136,7.57647727048e-07
86.05,-1.59466236166e-05,-0.00395032118359,7.50618429346e-07
86.1,-1.57979287741e-05,-0.00394788528888,7.43654975012e-07
86.15,-1.56506090947e-05,-0.00394545367398,7.36757088033e-07
86.2,-1.55046520172e-05,-0.00394302631577,7.29923192823e-07
86.25,-1.53600450927e-05,-0.00394060319125,7.23153157789e-07
86.3,-1.52167759841e-05,-0.0039381902256,7.1644819486e-07
86.35,-1.50748324351e-05,-0.00393578205622,7.0980682468e-07
86.4,-1.4934202327e-05,-0.00393338055028,7.03227013006e-07
86.45,-1.47948735544e-05,-0.00393099840811,6.96709623925e-07
86.5,-1.46568342335e-05,-0.00392862038195,6.90252632811e-07
86.55,-1.45200725746e-05,-0.00392624644923,6.83855477404e-07
86.6,-1.4384576894e-05,-0.00392387658751,6.77518155255e-07
86.65,-1.42503356125e-05,-0.00392151077448,6.71240417502e-07
86.7,-1.4117337255e-05,-0.00391914898792,6.65020831236e-07
86.75,-1.39855704494e-05,-0.00391679120575,6.58859279089e-07
86.8,-1.38550239254e-05,-0.00391443740599,6.52756867754e-07
86.85,-1.37257551093e-05,-0.00391208756679,6.46712248789e-07
86.9,-1.35976829889e-05,-0.00390974166659,6.40723571055e-07
86.95,-1.34707966152e-05,-0.00390739968376,6.34791614037e-07
87.0,-1.33450851371e-05,-0.0039050615968,6.28914537182e-07
87.05,-1.32205378012e-05,-0.00390272738433,6.23091830959e-07
87.1,-1.30971439507e-05,-0.00390039702507,6.17323495868e-07
87.15,-1.29748930247e-05,-0.00389807049787,6.11609307861e-07
87.2,-1.2853774557e-05,-0.00389574778167,6.05947963986e-07
87.25,-1.27337781758e-05,-0.00389342885557,6.00339359909e-07
87.3,-1.26148936024e-05,-0.00389111563165,5.94784506618e-07
87.35,-1.24971106429e-05,-0.00388881060524,5.89282178931e-07
87.4,-1.2380419185e-05,-0.00388650932131,5.83830694651e-07
87.45,-1.22648092261e-05,-0.00388421175928,5.78430766411e-07
87.5,-1.21502708536e-05,-0.00388191789865,5.7308071941e-07
87.55,-1.20367942444e-05,-0.00387962771906,5.67780091638e-07
87.6,-1.19243696635e-05,-0.00387734120025,5.62528885804e-07
87.65,-1.18129874639e-05,-0.00387505832207,5.57326899978e-07
87.7,-1.17026380855e-05,-0.00387277906447,5.52172949046e-07
87.75,-1.15933120545e-05,-0.00387050340753,5.15415427819e-07
87.8,-1.14849993864e-05,-0.00386823567081,5.07131491222e-07
87.85,-1.13777481749e-05,-0.00386597407716,5.02444489748e-07
87.9,-1.12714912792e-05,-0.00386371603187,4.9780073251e-07
87.95,-1.11662195793e-05,-0.00386146151544,4.93200898508e-07
88.0,-1.10619240376e-05,-0.00385921239425,4.88643490817e-07
88.05,-1.09585956472e-05,-0.00385698050563,4.84128122988e-07
88.1,-1.08562255177e-05,-0.0038547520829,4.7965482789e-07
88.15,-1.07548048682e-05,-0.00385252709749,4.75223448391e-07
88.2,-1.06543249851e-05,-0.00385030553027,4.70832932432e-07
88.25,-1.05547772332e-05,-0.00384808736223,4.66482902512e-07
88.3,-1.04561530554e-05,-0.00384587257446,4.62174554685e-07
88.35,-1.03584439721e-05,-0.00384366114813,4.57906899719e-07
88.4,-1.02616415799e-05,-0.00384145306453,4.53678567531e-07
88.45,-1.01657375515e-05,-0.00383924830509,4.49490178469e-07
88.5,-1.0070723635e-05,-0.00383704685128,4.45340369792e-07
88.55,-9.97659165298e-06,-0.00383484868474,4.41228785692e-07
88.6,-9.88333350183e-06,-0.00383265378719,4.3715545607e-07
88.65,-9.79094115141e-06,-0.00383046214045,4.33120240597e-07
88.7,-9.69940664416e-06,-0.00382827372644,4.29122182053e-07
88.75,-9.60872209452e-06,-0.00382608852719,4.25160937977e-07
88.8,-9.51887968831e-06,-0.00382390652484,4.21237600057e-07
88.85,-9.42991880839e-06,-0.00382173396792,3.85902805935e-07
88.9,-9.34178322776e-06,-0.00381956502176,3.78845498473e-07
88.95,-9.25446580122e-06,-0.00381739927504,3.43973706045e-07
89.0,-9.16795859207e-06,-0.00381523709493,3.37311762356e-07
89.05,-9.08225458205e-06,-0.00381307807133,3.34200111044e-07
89.1,-8.9973464386e-06,-0.003810922138,2.99748734068e-07
89.15,-8.91322638558e-06,-0.00380876971153,2.93496198088e-07
89.2,-8.82988759261e-06,-0.00380662038231,2.90789229046e-07
89.25,-8.7473229241e-06,-0.00380447408452,2.88107151855e-07
89.3,-8.6655252575e-06,-0.00380233271536,2.54129097467e-07
89.35,-8.58448709028e-06,-0.00380019918265,2.48303796707e-07
89.4,-8.5042018227e-06,-0.00379806868702,2.46014918347e-07
89.45,-8.42466257452e-06,-0.00379594116307,2.43747570013e-07
89.5,-8.34586247827e-06,-0.00379381659443,2.41501049315e-07
89.55,-8.26779472878e-06,-0.00379169496483,2.39275165029e-07
89.6,-8.19045258267e-06,-0.00378957625809,2.37069727696e-07
89.65,-8.11382935776e-06,-0.00378746045814,2.34885047379e-07
89.7,-8.03791843257e-06,-0.00378534754898,2.3272043016e-07
89.75,-7.96271324573e-06,-0.0037832375147,2.3057569193e-07
89.8,-7.88820729548e-06,-0.00378113487973,2.2845152201e-07
89.85,-7.81443314554e-06,-0.0037790442798,2.26347307953e-07
89.9,-7.74134460267e-06,-0.00377695649803,2.24262406326e-07
89.95,-7.66893535342e-06,-0.00377487151874,2.22197094947e-07
90.0,-7.59719914168e-06,-0.00377278932634,2.20150734155e-07
90.05,-7.52612976815e-06,-0.00377070990533,2.18123150241e-07
90.1,-7.45572108982e-06,-0.00376863324032,2.16114171099e-07
90.15,-7.38596701954e-06,-0.00376655931598,2.14124079981e-07
90.2,-7.31686152547e-06,-0.00376448811707,2.12152244898e-07
90.25,-7.24839863057e-06,-0.00376241962847,2.10198498592e-07
90.3,-7.18057241217e-06,-0.00376035383513,2.08263470043e-07
90.35,-7.11337700146e-06,-0.00375829501657,2.06346598404e-07
90.4,-7.04680657312e-06,-0.00375624074,2.04447299258e-07
90.45,-6.98085536073e-06,-0.00375418912802,2.02565826798e-07
90.5,-6.91551765467e-06,-0.00375214016583,2.00701598471e-07
90.55,-6.85078779729e-06,-0.00375009383868,1.98854456495e-07
90.6,-6.78666018241e-06,-0.00374805013193,1.97024244539e-07
90.65,-6.72312925491e-06,-0.00374600903101,1.95211221401e-07
90.7,-6.66018951021e-06,-0.00374397052144,1.93414811474e-07
90.75,-6.59783549389e-06,-0.00374193458884,1.91634862816e-07
90.8,-6.53606180119e-06,-0.0037399012189,1.58713878058e-07
90.85,-6.47489510655e-06,-0.00373787703097,1.53789388819e-07
90.9,-6.41429739775e-06,-0.00373585543173,1.52374777666e-07
90.95,-6.35426346347e-06,-0.00373383635924,1.50973499299e-07
91.0,-6.29478810267e-06,-0.0037318197995,1.49585049538e-07
91.05,-6.23586616169e-06,-0.0037298057386,1.48209311217e-07
91.1,-6.17749253385e-06,-0.00372779416269,1.46846168242e-07
91.15,-6.11966215897e-06,-0.00372578505802,1.45495882761e-07
91.2,-6.06237002301e-06,-0.00372377841092,1.4415795593e-07
91.25,-6.00561115762e-06,-0.0037217742078,1.42832274928e-07
91.3,-5.94938063975e-06,-0.00371977243514,1.10475480507e-07
91.35,-5.89367329361e-06,-0.00371777350104,7.50167819709e-08
91.4,-4.89570313156e-06,-0.0037157774313,7.08809232148e-08
91.45,-3.43484969589e-06,-0.00371378122332,3.92027132654e-08
91.5,-3.40268433599e-06,-0.00371178399811,3.5392182981e-08
91.55,-3.3708184327e-06,-0.0037097892683,3.50667220953e-08
91.6,-3.33924924031e-06,-0.00370779697221,3.47442403395e-08
91.65,-3.30797401871e-06,-0.00370580709584,3.47361215626e-09
91.7,-3.27698988785e-06,-0.00370382004537,0.0
91.75,-3.24629430994e-06,-0.00370183542667,0.0
91.8,-3.21588463782e-06,-0.00369985629148,0.0
91.85,-3.18577413511e-06,-0.00369789089628,0.0
91.9,-3.1559439506e-06,-0.00369593151685,0.0
91.95,-3.12639149213e-06,-0.00369397447475,0.0
92.0,-3.09711419498e-06,-0.00369201975645,0.0
92.05,-3.06810951784e-06,-0.00369006734851,0.0
92.1,-3.03937494257e-06,-0.0036881172376,0.0
92.15,-3.01090797404e-06,-0.00368616941043,0.0
92.2,-2.98270613984e-06,-0.00368422385383,0.0
92.25,-2.95476699018e-06,-0.00368228055469,0.0
92.3,-2.9270880976e-06,-0.00368033950001,0.0
92.35,-2.89966705681e-06,-0.00367840493593,0.0
92.4,-2.87250148054e-06,-0.00367647445164,0.0
92.45,-2.84558900565e-06,-0.00367454618708,0.0
92.5,-2.81892729237e-06,-0.00367262012945,0.0
92.55,-2.79251402232e-06,-0.00367069626605,0.0
92.6,-2.76634689828e-06,-0.00366877458421,0.0
92.65,-2.74042364403e-06,-0.0036668550714,0.0
92.7,-2.71474200416e-06,-0.00366493771513,0.0
92.75,-2.68929974388e-06,-0.003663022503,0.0
92.8,-2.66409464884e-06,-0.0036611094227,0.0
92.85,-2.63913771409e-06,-0.00365919846198,0.0
92.9,-2.61441331619e-06,-0.00365728960873,0.0
92.95,-2.58991930483e-06,-0.00365538285087,0.0
93.0,-2.56565354937e-06,-0.00365347817638,0.0
93.05,-2.54161393864e-06,-0.00365157557334,0.0
93.1,-2.51779838079e-06,-0.0036496750299,0.0
93.15,-2.49420480311e-06,-0.00364777653429,0.0
93.2,-2.47083115185e-06,-0.00364588007482,0.0
93.25,-2.44767539203e-06,-0.00364398563985,0.0
93.3,-2.42473550734e-06,-0.00364209321785,0.0
93.35,-2.40200949988e-06,-0.00364020333979,0.0
93.4,-1.4334022699e-06,-0.00363832087649,0.0
93.45,0.0,-0.00363643788483,0.0
93.5,0.0,-0.00363455313357,0.0
93.55,0.0,-0.00363267045755,0.0
93.6,0.0,-0.00363078984422,0.0
93.65,0.0,-0.00362891128113,0.0
93.7,0.0,-0.00362703475593,0.0
93.75,0.0,-0.00362516025632,0.0
93.8,0.0,-0.00362328777011,0.0
93.85,0.0,-0.00362141965498,0.0
93.9,0.0,-0.00361955717968,0.0
93.95,0.0,-0.00361769669544,0.0
94.0,0.0,-0.0036158381903,0.0
94.05,0.0,-0.00361398808868,0.0
94.1,0.0,-0.00361214417182,0.0
94.15,0.0,-0.00361030219419,0.0
94.2,0.0,-0.00360846214404,0.0
94.25,0.0,-0.00360662400971,0.0
94.3,0.0,-0.00360478777963,0.0
94.35,0.0,-0.0036029534423,0.0
94.4,0.0,-0.0036011209863,0.0
94.45,0.0,-0.0035992904003,0.0
94.5,0.0,-0.00359746167303,0.0
94.55,0.0,-0.00359563479333,0.0
94.6,0.0,-0.00359380975009,0.0
94.65,0.0,-0.00359198653229,0.0
94.7,0.0,-0.00359016512899,0.0
94.75,0.0,-0.00358834552933,0.0
94.8,0.0,-0.00358652772251,0.0
94.85,0.0,-0.00358471169783,0.0
94.9,0.0,-0.00358290207289,0.0
94.95,0.0,-0.00358109546521,0.0
95.0,0.0,-0.00357929062119,0.0
95.05,0.0,-0.00357748753029,0.0
95.1,0.0,-0.00357568618206,0.0
95.15,0.0,-0.00357388656612,0.0
95.2,0.0,-0.00357208867216,0.0
95.25,0.0,-0.00357029248995,0.0
95.3,0.0,-0.00356849800933,0.0
95.35,0.0,-0.00356670575875,0.0
95.4,0.0,-0.0035649205755,0.0
95.45,0.0,-0.00356313707719,0.0
95.5,0.0,-0.00356135525384,0.0
95.55,0.0,-0.00355957509551,0.0
95.6,0.0,-0.00355779659236,0.0
95.65,0.0,-0.00355601973461,0.0
95.7,0.0,-0.00355424451253,0.0
95.75,0.0,-0.00355247091647,0.0
95.8,0.0,-0.00355069893688,0.0
95.85,0.0,-0.00354892856422,0.0
95.9,0.0,-0.00354715978906,0.0
95.95,0.0,-0.00354539260203,0.0
96.0,0.0,-0.00354362699381,0.0
96.05,0.0,-0.00354186295516,0.0
96.1,0.0,-0.0035401004769,0.0
96.15,0.0,-0.00353833954993,0.0
96.2,0.0,-0.00353658016519,0.0
96.25,0.0,-0.0035348223137,0.0
96.3,0.0,-0.00353306598653,0.0
96.35,0.0,-0.00353131117485,0.0
96.4,0.0,-0.00352956067531,0.0
96.45,0.0,-0.00352781466041,0.0
96.5,0.0,-0.0035260701479,0.0
96.55,0.0,-0.00352433400756,0.0
96.6,0.0,-0.00352260177635,0.0
96.65,0.0,-0.00352087102069,0.0
96.7,0.0,-0.00351914173196,0.0
96.75,0.0,-0.00351741390156,0.0
96.8,0.0,-0.00351568752098,0.0
96.85,0.0,-0.00351396258177,0.0
96.9,0.0,-0.00351224367279,0.0
96.95,0.0,-0.00351052743627,0.0
97.0,0.0,-0.0035088126291,0.0
97.05,0.0,-0.00350709924294,0.0
97.1,0.0,-0.00350538726952,0.0
97.15,0.0,-0.00350367670063,0.0
97.2,0.0,-0.00350196752813,0.0
97.25,0.0,-0.00350025974391,0.0
97.3,0.0,-0.00349855333994,0.0
97.35,0.0,-0.00349684830825,0.0
97.4,0.0,-0.00349514464091,0.0
97.45,0.0,-0.00349344233005,0.0
97.5,0.0,-0.00349174136788,0.0
97.55,0.0,-0.00349004174664,0.0
97.6,0.0,-0.00348834345863,0.0
97.65,0.0,-0.00348664649622,0.0
97.7,0.0,-0.00348495085182,0.0
97.75,0.0,-0.00348325651789,0.0
97.8,0.0,-0.00348156348696,0.0
97.85,0.0,-0.00347987175161,0.0
97.9,0.0,-0.00347818234111,0.0
97.95,0.0,-0.00347649887795,0.0
98.0,0.0,-0.00347481670118,0.0
98.05,0.0,-0.00347313580349,0.0
98.1,0.0,-0.0034714561776,0.0
98.15,0.0,-0.00346977781629,0.0
98.2,0.0,-0.0034681007124,0.0
98.25,0.0,-0.0034664248588,0.0
98.3,0.0,-0.00346475024843,0.0
98.35,0.0,-0.00346307687428,0.0
98.4,0.0,-0.00346140751724,0.0
98.45,0.0,-0.00345974235045,0.0
98.5,0.0,-0.00345807841198,0.0
98.55,0.0,-0.00345641569492,0.0
98.6,0.0,-0.00345475419238,0.0
98.65,0.0,-0.00345309389754,0.0
98.7,0.0,-0.00345143480361,0.0
98.75,0.0,-0.00344977690386,0.0
98.8,0.0,-0.00344812019162,0.0
98.85,0.0,-0.00344646466025,0.0
98.9,0.0,-0.00344481030317,0.0
98.95,0.0,-0.00344315711383,0.0
99.0,0.0,-0.00344150508575,0.0
99.05,0.0,-0.00343985421248,0.0
99.1,0.0,-0.00343820448762,0.0
99.15,0.0,-0.00343655590483,0.0
99.2,0.0,-0.0034349084578,0.0
99.25,0.0,-0.00343326214026,0.0
99.3,0.0,-0.003431616946,0.0
99.35,0.0,-0.00342998068313,0.0
99.4,0.0,-0.0034283458803,0.0
99.45,0.0,-0.00342671712161,0.0
99.5,0.0,-0.00342509015535,0.0
99.55,0.0,-0.00342346429593,0.0
99.6,0.0,-0.00342183953717,0.0
99.65,0.0,-0.00342021587297,0.0
99.7,0.0,-0.00341859329725,0.0
99.75,0.0,-0.00341697180399,0.0
99.8,0.0,-0.00341535138719,0.0
99.85,0.0,-0.00341373204093,0.0
99.9,0.0,-0.00341211478976,0.0
99.95,0.0,-0.00341050323603,0.0
100.0,0.0,-0.00340889274778,0.0
