"time","AMPA","NMDA","GABAa"
0.0,0.0,0.0,0.0
0.05,0.0,0.0,0.0
0.1,0.0,0.0,0.0
0.15,0.0,0.0,0.0
0.2,0.0,0.0,0.0
0.25,0.0,0.0,0.0
0.3,0.0,0.0,0.0
0.35,0.0,0.0,0.0
0.4,0.0,0.0,0.0
0.45,0.0,0.0,0.0
0.5,0.0,0.0,0.0
0.55,0.0,0.0,0.0
0.6,0.0,0.0,0.0
0.65,0.0,0.0,0.0
0.7,0.0,0.0,0.0
0.75,0.0,0.0,0.0
0.8,0.0,0.0,0.0
0.85,0.0,0.0,0.0
0.9,0.0,0.0,0.0
0.95,0.0,0.0,0.0
1.0,0.0,0.0,0.0
1.05,0.0,0.0,0.0
1.1,0.0,0.0,0.0
1.15,0.0,0.0,0.0
1.2,0.0,0.0,0.0
1.25,0.0,0.0,0.0
1.3,0.0,0.0,0.0
1.35,0.0,0.0,0.0
1.4,0.0,0.0,0.0
1.45,0.0,0.0,0.0
1.5,0.0,0.0,0.0
1.55,0.0,0.0,0.0
1.6,0.0,0.0,0.0
1.65,0.0,0.0,0.0
1.7,0.0,0.0,0.0
1.75,0.0,0.0,0.0
1.8,0.0,0.0,0.0
1.85,0.0,0.0,0.0
1.9,0.0,0.0,0.0
1.95,0.0,0.0,0.0
2.0,0.0,0.0,0.0
2.05,0.0,0.0,0.0
2.1,0.0,0.0,0.0
2.15,0.0,0.0,0.0
2.2,0.0,0.0,0.0
2.25,0.0,0.0,0.0
2.3,0.0,0.0,0.0
2.35,0.0,0.0,0.0
2.4,0.0,0.0,0.0
2.45,0.0,0.0,0.0
2.5,0.0,0.0,0.0
2.55,0.0,0.0,0.0
2.6,0.0,0.0,0.0
2.65,0.0,0.0,0.0
2.7,0.0,0.0,0.0
2.75,0.0,0.0,0.0
2.8,0.0,0.0,0.0
2.85,0.0,0.0,0.0
2.9,0.0,0.0,0.0
2.95,0.0,0.0,0.0
3.0,0.0,0.0,0.0
3.05,0.0,0.0,0.0
3.1,0.0,0.0,0.0
3.15,0.0,0.0,0.0
3.2,0.0,0.0,0.0
3.25,0.0,0.0,0.0
3.3,0.0,0.0,0.0
3.35,0.0,0.0,0.0
3.4,0.0,0.0,0.0
3.45,0.0,0.0,0.0
3.5,0.0,0.0,0.0
3.55,0.0,0.0,0.0
3.6,0.0,0.0,0.0
3.65,0.0,0.0,0.0
3.7,0.0,0.0,0.0
3.75,0.0,0.0,0.0
3.8,0.0,0.0,0.0
3.85,0.0,0.0,0.0
3.9,0.0,0.0,0.0
3.95,0.0,0.0,0.0
4.0,0.0,0.0,0.0
4.05,0.0,0.0,0.0
4.1,0.0,0.0,0.0
4.15,0.0,0.0,0.0
4.2,0.0,0.0,0.0
4.25,0.0,0.0,0.0
4.3,0.0,0.0,0.0
4.35,0.0,0.0,0.0
4.4,0.0,0.0,0.0
4.45,0.0,0.0,0.0
4.5,0.0,0.0,0.0
4.55,0.0,0.0,0.0
4.6,0.0,0.0,0.0
4.65,0.0,0.0,0.0
4.7,0.0,0.0,0.0
4.75,0.0,0.0,0.0
4.8,0.0,0.0,0.0
4.85,0.0,0.0,0.0
4.9,0.0,0.0,0.0
4.95,0.0,0.0,0.0
5.0,0.0,0.0,0.0
5.05,0.0,0.0,0.0
5.1,0.0,0.0,0.0
5.15,0.0,0.0,0.0
5.2,0.0,0.0,0.0
5.25,0.0,0.0,0.0
5.3,0.0,0.0,0.0
5.35,0.0,0.0,0.0
5.4,0.0,0.0,0.0
5.45,0.0,0.0,0.0
5.5,0.0,0.0,0.0
5.55,0.0,0.0,0.0
5.6,0.0,0.0,0.0
5.65,0.0,0.0,0.0
5.7,0.0,0.0,0.0
5.75,0.0,0.0,0.0
5.8,0.0,0.0,0.0
5.85,0.0,0.0,0.0
5.9,0.0,0.0,0.0
5.95,0.0,0.0,0.0
6.0,0.0,0.0,0.0
6.05,0.0,0.0,0.0
6.1,0.0,0.0,0.0
6.15,0.0,0.0,0.0
6.2,0.0,0.0,0.0
6.25,0.0,0.0,0.0
6.3,0.0,0.0,0.0
6.35,0.0,0.0,0.0
6.4,0.0,0.0,0.0
6.45,0.0,0.0,0.0
6.5,0.0,0.0,0.0
6.55,0.0,0.0,0.0
6.6,0.0,0.0,0.0
6.65,0.0,0.0,0.0
6.7,0.0,0.0,0.0
6.75,0.0,0.0,0.0
6.8,0.0,0.0,0.0
6.85,0.0,0.0,0.0
6.9,0.0,0.0,0.0
6.95,0.0,0.0,0.0
7.0,0.0,0.0,0.0
7.05,0.0,0.0,0.0
7.1,0.0,0.0,0.0
7.15,0.0,0.0,0.0
7.2,0.0,0.0,0.0
7.25,0.0,0.0,0.0
7.3,0.0,0.0,0.0
7.35,0.0,0.0,0.0
7.4,0.0,0.0,0.0
7.45,0.0,0.0,0.0
7.5,0.0,0.0,0.0
7.55,0.0,0.0,0.0
7.6,0.0,0.0,0.0
7.65,0.0,0.0,0.0
7.7,0.0,0.0,0.0
7.75,0.0,0.0,0.0
7.8,0.0,0.0,0.0
7.85,0.0,0.0,0.0
7.9,0.0,0.0,0.0
7.95,0.0,0.0,0.0
8.0,0.0,0.0,0.0
8.05,0.0,0.0,0.0
8.1,0.0,0.0,0.0
8.15,0.0,0.0,0.0
8.2,0.0,0.0,0.0
8.25,0.0,0.0,0.0
8.3,0.0,0.0,0.0
8.35,0.0,0.0,0.0
8.4,0.0,0.0,0.0
8.45,0.0,0.0,0.0
8.5,0.0,0.0,0.0
8.55,0.0,0.0,0.0
8.6,0.0,0.0,0.0
8.65,0.0,0.0,0.0
8.7,0.0,0.0,0.0
8.75,0.0,0.0,0.0
8.8,0.0,0.0,0.0
8.85,0.0,0.0,0.0
8.9,0.0,0.0,0.0
8.95,0.0,0.0,0.0
9.0,0.0,0.0,0.0
9.05,0.0,0.0,0.0
9.1,0.0,0.0,0.0
9.15,0.0,0.0,0.0
9.2,0.0,0.0,0.0
9.25,0.0,0.0,0.0
9.3,0.0,0.0,0.0
9.35,0.0,0.0,0.0
9.4,0.0,0.0,0.0
9.45,0.0,0.0,0.0
9.5,0.0,0.0,0.0
9.55,0.0,0.0,0.0
9.6,0.0,0.0,0.0
9.65,0.0,0.0,0.0
9.7,0.0,0.0,0.0
9.75,0.0,0.0,0.0
9.8,0.0,0.0,0.0
9.85,0.0,0.0,0.0
9.9,0.0,0.0,0.0
9.95,0.0,0.0,0.0
10.0,0.0,0.0,0.0
10.05,0.0,0.0,0.0
10.1,0.0,0.0,0.0
10.15,0.0,0.0,0.0
10.2,0.0,0.0,0.0
10.25,0.0,0.0,0.0
10.3,0.0,0.0,0.0
10.35,0.0,0.0,0.0
10.4,0.0,0.0,0.0
10.45,0.0,0.0,0.0
10.5,0.0,0.0,0.0
10.55,0.0,0.0,0.0
10.6,0.0,0.0,0.0
10.65,0.0,0.0,0.0
10.7,0.0,0.0,0.0
10.75,0.0,0.0,0.0
10.8,0.0,0.0,0.0
10.85,0.0,0.0,0.0
10.9,0.0,0.0,0.0
10.95,0.0,0.0,0.0
11.0,0.0,0.0,0.0
11.05,0.0,0.0,0.0
11.1,0.0,0.0,0.0
11.15,0.0,0.0,0.0
11.2,0.0,0.0,0.0
11.25,0.0,0.0,0.0
11.3,0.0,0.0,0.0
11.35,0.0,0.0,0.0
11.4,0.0,0.0,0.0
11.45,0.0,0.0,0.0
11.5,0.0,0.0,0.0
11.55,0.0,0.0,0.0
11.6,0.0,0.0,0.0
11.65,0.0,0.0,0.0
11.7,0.0,0.0,0.0
11.75,0.0,0.0,0.0
11.8,0.0,0.0,0.0
11.85,0.0,0.0,0.0
11.9,0.0,0.0,0.0
11.95,0.0,0.0,0.0
12.0,0.0,0.0,0.0
12.05,0.0,0.0,0.0
12.1,0.0,0.0,0.0
12.15,0.0,0.0,0.0
12.2,0.0,0.0,0.0
12.25,0.0,0.0,0.0
12.3,0.0,0.0,0.0
12.35,0.0,0.0,0.0
12.4,0.0,0.0,0.0
12.45,0.0,0.0,0.0
12.5,0.0,0.0,0.0
12.55,0.0,0.0,0.0
12.6,0.0,0.0,0.0
12.65,0.0,0.0,0.0
12.7,0.0,0.0,0.0
12.75,0.0,0.0,0.0
12.8,0.0,0.0,0.0
12.85,0.0,0.0,0.0
12.9,0.0,0.0,0.0
12.95,0.0,0.0,0.0
13.0,0.0,0.0,0.0
13.05,0.0,0.0,0.0
13.1,0.0,0.0,0.0
13.15,0.0,0.0,0.0
13.2,0.0,0.0,0.0
13.25,0.0,0.0,0.0
13.3,0.0,0.0,0.0
13.35,0.0,0.0,0.0
13.4,0.0,0.0,0.0
13.45,0.0,0.0,0.0
13.5,0.0,0.0,0.0
13.55,0.0,0.0,0.0
13.6,0.0,0.0,0.0
13.65,0.0,0.0,0.0
13.7,0.0,0.0,0.0
13.75,0.0,0.0,0.0
13.8,0.0,0.0,0.0
13.85,0.0,0.0,0.0
13.9,0.0,0.0,0.0
13.95,0.0,0.0,0.0
14.0,0.0,0.0,0.0
14.05,0.0,0.0,0.0
14.1,0.0,0.0,0.0
14.15,0.0,0.0,0.0
14.2,0.0,0.0,0.0
14.25,0.0,0.0,0.0
14.3,0.0,0.0,0.0
14.35,0.0,0.0,0.0
14.4,0.0,0.0,0.0
14.45,0.0,0.0,0.0
14.5,0.0,0.0,0.0
14.55,0.0,0.0,0.0
14.6,0.0,0.0,0.0
14.65,0.0,0.0,0.0
14.7,0.0,0.0,0.0
14.75,0.0,0.0,0.0
14.8,0.0,0.0,0.0
14.85,0.0,0.0,0.0
14.9,0.0,0.0,0.0
14.95,0.0,0.0,0.0
15.0,0.0,0.0,0.0
15.05,0.0,0.0,0.0
15.1,0.0,0.0,0.0
15.15,0.0,0.0,0.0
15.2,0.0,0.0,0.0
15.25,0.0,0.0,0.0
15.3,0.0,0.0,0.0
15.35,0.0,0.0,0.0
15.4,0.0,0.0,0.0
15.45,0.0,0.0,0.0
15.5,0.0,0.0,0.0
15.55,0.0,0.0,0.0
15.6,0.0,0.0,0.0
15.65,0.0,0.0,0.0
15.7,0.0,0.0,0.0
15.75,0.0,0.0,0.0
15.8,0.0,0.0,0.0
15.85,0.0,0.0,0.0
15.9,0.0,0.0,0.0
15.95,0.0,0.0,0.0
16.0,0.0,0.0,0.0
16.05,0.0,0.0,0.0
16.1,0.0,0.0,0.0
16.15,0.0,0.0,0.0
16.2,0.0,0.0,0.0
16.25,0.0,0.0,0.0
16.3,0.0,0.0,0.0
16.35,0.0,0.0,0.0
16.4,0.0,0.0,0.0
16.45,0.0,0.0,0.0
16.5,0.0,0.0,0.0
16.55,0.0,0.0,0.0
16.6,0.0,0.0,0.0
16.65,0.0,0.0,0.0
16.7,0.0,0.0,0.0
16.75,0.0,0.0,0.0
16.8,0.0,0.0,0.0
16.85,0.0,0.0,0.0
16.9,0.0,0.0,0.0
16.95,0.0,0.0,0.0
17.0,0.0,0.0,0.0
17.05,0.0,0.0,0.0
17.1,0.0,0.0,0.0
17.15,0.0,0.0,0.0
17.2,0.0,0.0,0.0
17.25,0.0,0.0,0.0
17.3,0.0,0.0,0.0
17.35,0.0,0.0,0.0
17.4,0.0,0.0,0.0
17.45,0.0,0.0,0.0
17.5,0.0,0.0,0.0
17.55,0.0,0.0,0.0
17.6,0.0,0.0,0.0
17.65,0.0,0.0,0.0
17.7,0.0,0.0,0.0
17.75,0.0,0.0,0.0
17.8,0.0,0.0,0.0
17.85,0.0,0.0,0.0
17.9,0.0,0.0,0.0
17.95,0.0,0.0,0.0
18.0,0.0,0.0,0.0
18.05,0.0,0.0,0.0
18.1,0.0,0.0,0.0
18.15,0.0,0.0,0.0
18.2,0.0,0.0,0.0
18.25,0.0,0.0,0.0
18.3,0.0,0.0,0.0
18.35,0.0,0.0,0.0
18.4,0.0,0.0,0.0
18.45,0.0,0.0,0.0
18.5,0.0,0.0,0.0
18.55,0.0,0.0,0.0
18.6,0.0,0.0,0.0
18.65,0.0,0.0,0.0
18.7,0.0,0.0,0.0
18.75,0.0,0.0,0.0
18.8,0.0,0.0,0.0
18.85,0.0,0.0,0.0
18.9,0.0,0.0,0.0
18.95,0.0,0.0,0.0
19.0,0.0,0.0,0.0
19.05,0.0,0.0,0.0
19.1,0.0,0.0,0.0
19.15,0.0,0.0,0.0
19.2,0.0,0.0,0.0
19.25,0.0,0.0,0.0
19.3,0.0,0.0,0.0
19.35,0.0,0.0,0.0
19.4,0.0,0.0,0.0
19.45,0.0,0.0,0.0
19.5,0.0,0.0,0.0
19.55,0.0,0.0,0.0
19.6,0.0,0.0,0.0
19.65,0.0,0.0,0.0
19.7,0.0,0.0,0.0
19.75,0.0,0.0,0.0
19.8,0.0,0.0,0.0
19.85,0.0,0.0,0.0
19.9,0.0,0.0,0.0
19.95,0.0,0.0,0.0
20.0,0.0,0.0,0.0
20.05,0.0,0.0,0.0
20.1,0.0,0.0,0.0
20.15,0.0,0.0,0.0
20.2,0.0,0.0,0.0
20.25,0.0,0.0,0.0
20.3,0.0,0.0,0.0
20.35,0.0,0.0,0.0
20.4,0.0,0.0,0.0
20.45,0.0,0.0,0.0
20.5,0.0,0.0,0.0
20.55,0.0,0.0,0.0
20.6,0.0,0.0,0.0
20.65,0.0,0.0,0.0
20.7,0.0,0.0,0.0
20.75,0.0,0.0,0.0
20.8,0.0,0.0,0.0
20.85,0.0,0.0,0.0
20.9,0.0,0.0,0.0
20.95,0.0,0.0,0.0
21.0,0.0,0.0,0.0
21.05,0.0,0.0,0.0
21.1,0.0,0.0,0.0
21.15,0.0,0.0,0.0
21.2,0.0,0.0,0.0
21.25,0.0,0.0,0.0
21.3,0.0,0.0,0.0
21.35,0.0,0.0,0.0
21.4,0.0,0.0,0.0
21.45,0.0,0.0,0.0
21.5,0.0,0.0,0.0
21.55,0.0,0.0,0.0
21.6,0.0,0.0,0.0
21.65,0.0,0.0,0.0
21.7,0.0,0.0,0.0
21.75,0.0,0.0,0.0
21.8,0.0,0.0,0.0
21.85,0.0,0.0,0.0
21.9,0.0,0.0,0.0
21.95,0.0,0.0,0.0
22.0,0.0,0.0,0.0
22.05,0.0,0.0,0.0
22.1,0.0,0.0,0.0
22.15,0.0,0.0,0.0
22.2,0.0,0.0,0.0
22.25,0.0,0.0,0.0
22.3,0.0,0.0,0.0
22.35,0.0,0.0,0.0
22.4,0.0,0.0,0.0
22.45,0.0,0.0,0.0
22.5,0.0,0.0,0.0
22.55,0.0,0.0,0.0
22.6,0.0,0.0,0.0
22.65,0.0,0.0,0.0
22.7,0.0,0.0,0.0
22.75,0.0,0.0,0.0
22.8,0.0,0.0,0.0
22.85,0.0,0.0,0.0
22.9,0.0,0.0,0.0
22.95,0.0,0.0,0.0
23.0,0.0,0.0,0.0
23.05,0.0,0.0,0.0
23.1,0.0,0.0,0.0
23.15,0.0,0.0,0.0
23.2,0.0,0.0,0.0
23.25,0.0,0.0,0.0
23.3,0.0,0.0,0.0
23.35,0.0,0.0,0.0
23.4,0.0,0.0,0.0
23.45,0.0,0.0,0.0
23.5,0.0,0.0,0.0
23.55,0.0,0.0,0.0
23.6,0.0,0.0,0.0
23.65,0.0,0.0,0.0
23.7,0.0,0.0,0.0
23.75,0.0,0.0,0.0
23.8,0.0,0.0,0.0
23.85,0.0,0.0,0.0
23.9,0.0,0.0,0.0
23.95,0.0,0.0,0.0
24.0,0.0,0.0,0.0
24.05,0.0,0.0,0.0
24.1,0.0,0.0,0.0
24.15,0.0,0.0,0.0
24.2,0.0,0.0,0.0
24.25,0.0,0.0,0.0
24.3,0.0,0.0,0.0
24.35,0.0,0.0,0.0
24.4,0.0,0.0,0.0
24.45,0.0,0.0,0.0
24.5,0.0,0.0,0.0
24.55,0.0,0.0,0.0
24.6,0.0,0.0,0.0
24.65,0.0,0.0,0.0
24.7,0.0,0.0,0.0
24.75,0.0,0.0,0.0
24.8,0.0,0.0,0.0
24.85,0.0,0.0,0.0
24.9,0.0,0.0,0.0
24.95,0.0,0.0,0.0
25.0,0.0,0.0,0.0
25.05,0.0,0.0,0.0
25.1,0.0,0.0,0.0
25.15,0.0,0.0,0.0
25.2,0.0,0.0,0.0
25.25,0.0,0.0,0.0
25.3,0.0,0.0,0.0
25.35,0.0,0.0,0.0
25.4,0.0,0.0,0.0
25.45,0.0,0.0,0.0
25.5,0.0,0.0,0.0
25.55,0.0,0.0,0.0
25.6,0.0,0.0,0.0
25.65,0.0,0.0,0.0
25.7,0.0,0.0,0.0
25.75,0.0,0.0,0.0
25.8,0.0,0.0,0.0
25.85,0.0,0.0,0.0
25.9,0.0,0.0,0.0
25.95,0.0,0.0,0.0
26.0,0.0,0.0,0.0
26.05,0.0,0.0,0.0
26.1,0.0,0.0,0.0
26.15,0.0,0.0,0.0
26.2,0.0,0.0,0.0
26.25,0.0,0.0,0.0
26.3,0.0,0.0,0.0
26.35,0.0,0.0,0.0
26.4,0.0,0.0,0.0
26.45,0.0,0.0,0.0
26.5,0.0,0.0,0.0
26.55,0.0,0.0,0.0
26.6,0.0,0.0,8.57096074701e-17
26.65,0.0,0.0,0.000115822090293
26.7,0.0,0.0,0.000205066163589
26.75,0.0,0.0,0.000273661896754
26.8,0.0,0.0,0.000326254677581
26.85,0.0,0.0,0.000366467995111
26.9,0.0,0.0,0.00039711896738
26.95,0.0,0.0,0.000420392331287
27.0,0.0,0.0,0.000552313011715
27.05,0.0,0.0,0.000766716119397
27.1,0.0,0.0,0.000929267893126
27.15,0.0,0.0,0.00105150353035
27.2,0.0,0.0,0.00114254093839
27.25,0.0,0.0,0.00120952720576
27.3,0.0,0.0,0.00147893885573
27.35,0.0,0.0,0.0018972934994
27.4,0.0,0.0,0.00220432965297
27.45,0.0,0.0,0.00242468439559
27.5,0.0,0.0,0.00257823067556
27.55,0.0,0.0,0.00278405263163
27.6,0.0,0.0,0.00292162969909
27.65,0.0,0.0,0.00300426086033
27.7,0.0,0.0,0.00304870147003
27.75,0.0,0.0,0.00306468656123
27.8,0.0,0.0,0.00305967346877
27.85,0.0,0.0,0.00303934278469
27.9,0.0,0.0,0.00300800098099
27.95,0.0,0.0,0.00296825670731
28.0,0.0,0.0,0.00291939491479
28.05,0.0,0.0,0.00286432263084
28.1,0.0,0.0,0.0028078376246
28.15,0.0,0.0,0.00275086649767
28.2,0.0,0.0,0.00277352391024
28.25,0.0,0.0,0.00277291133979
28.3,0.0,0.0,0.00274943961443
28.35,0.0,0.0,0.00270957824478
28.4,0.0,0.0,0.00266285411447
28.45,0.0,0.0,0.00261169096565
28.5,0.0,0.0,0.00255737445657
28.55,0.0,0.0,0.00249919776503
28.6,0.0,0.0,0.00244096485455
28.65,0.0,0.0,0.00238333199915
28.7,0.0,0.0,0.00232675687519
28.75,0.0,0.0,0.00227155608168
28.8,0.0,0.0,0.00228096561267
28.85,0.0,0.0,0.00227426493716
28.9,0.0,0.0,0.00225594540249
28.95,0.0,0.0,0.0022294096221
29.0,0.0,0.0,0.00219722000276
29.05,0.0,0.0,0.00216129460021
29.1,0.0,0.0,0.00212305434871
29.15,0.0,0.0,0.00208314726662
29.2,0.0,0.0,0.00204072286223
29.25,0.0,0.0,0.00199859733853
29.3,0.0,0.0,0.00195714512793
29.35,0.0,0.0,0.00191662355755
29.4,0.0,0.0,0.00187720168555
29.45,0.0,0.0,0.00183899011738
29.5,0.0,0.0,0.00180205498301
29.55,0.0,0.0,0.00176642859586
29.6,0.0,0.0,0.00173211338132
29.65,0.0,0.0,0.00169909927003
29.7,0.0,0.0,0.00166736259466
29.75,0.0,0.0,0.00163652133088
29.8,0.0,0.0,0.00160514448435
29.85,0.0,0.0,0.00157509922449
29.9,0.0,0.0,0.001546313637
29.95,0.0,0.0,0.00151872292085
30.0,0.0,0.0,0.00149357155114
30.05,0.0,0.0,0.00148155946129
30.1,0.0,0.0,0.00146730094895
30.15,0.0,0.0,0.00145152628672
30.2,0.0,0.0,0.00143478346671
30.25,0.0,0.0,0.00141748014133
30.3,0.0,0.0,0.00139992330565
30.35,0.0,0.0,0.00138233629934
30.4,0.0,0.0,0.00136487961537
30.45,0.0,0.0,0.00134767054123
30.5,0.0,0.0,0.00133195622852
30.55,0.0,0.0,0.00132927406744
30.6,0.0,0.0,0.00132495064474
30.65,0.0,0.0,0.00132799850532
30.7,0.0,0.0,0.00132703515126
30.75,0.0,0.0,0.00132414913266
30.8,0.0,0.0,0.00133487140848
30.85,0.0,0.0,0.0013564684424
30.9,0.0,0.0,0.00136969357563
30.95,0.0,0.0,0.00137840383933
31.0,0.0,0.0,0.00141783004762
31.05,0.0,0.0,0.00145823766001
31.1,0.0,0.0,0.00148492807064
31.15,0.0,0.0,0.00150121470063
31.2,0.0,0.0,0.00151084929041
31.25,0.0,0.0,0.00152339988478
31.3,0.0,0.0,0.00152917572299
31.35,0.0,0.0,0.00152991067205
31.4,0.0,0.0,0.00152693186114
31.45,0.0,0.0,0.00152125343008
31.5,0.0,0.0,0.00151438488489
31.55,0.0,0.0,0.0015207712429
31.6,0.0,0.0,0.00152189471944
31.65,0.0,0.0,0.00151778627841
31.7,0.0,0.0,0.0015109816616
31.75,0.0,0.0,0.00150217701716
31.8,0.0,0.0,0.00149060516099
31.85,0.0,0.0,0.00147692600083
31.9,0.0,0.0,0.0014629044881
31.95,0.0,0.0,0.0014485584132
32.0,0.0,0.0,0.0014315564604
32.05,0.0,0.0,0.00141361755409
32.1,0.0,0.0,0.00139620007378
32.15,0.0,0.0,0.00137933976507
32.2,0.0,0.0,0.00136299731336
32.25,0.0,0.0,0.00134594267402
32.3,0.0,0.0,0.00132953664395
32.35,0.0,0.0,0.0013137627108
32.4,0.0,0.0,0.00129859963549
32.45,0.0,0.0,0.00128402536976
32.5,0.0,0.0,0.0012699149195
32.55,0.0,0.0,0.00125509980393
32.6,0.0,0.0,0.00124195011861
32.65,0.0,0.0,0.00123446656827
32.7,0.0,0.0,0.00122614166592
32.75,0.0,0.0,0.00121726617886
32.8,0.0,0.0,0.00120805748285
32.85,0.0,0.0,0.00119867802682
32.9,0.0,0.0,0.00118924704983
32.95,0.0,0.0,0.00117985295614
33.0,0.0,0.0,0.00117056208133
33.05,0.0,0.0,0.00116142195362
33.1,0.0,0.0,0.00115245937849
33.15,0.0,0.0,0.00114369526018
33.2,0.0,0.0,0.0011351425917
33.25,0.0,0.0,0.00112680957636
33.3,0.0,0.0,0.00111869870364
33.35,0.0,0.0,0.00111080934221
33.4,0.0,0.0,0.00110411903818
33.45,0.0,0.0,0.00110487632124
33.5,0.0,0.0,0.00110399568832
33.55,0.0,0.0,0.00110189779456
33.6,0.0,0.0,0.00109886178799
33.65,0.0,0.0,0.00109557491073
33.7,0.0,0.0,0.00111424000511
33.75,0.0,0.0,0.00112696049221
33.8,0.0,0.0,0.00113513290746
33.85,0.0,0.0,0.00113984281466
33.9,0.0,0.0,0.00114192998806
33.95,0.0,0.0,0.00114204367741
34.0,0.0,0.0,0.00114068497341
34.05,0.0,0.0,0.00113823917422
34.1,0.0,0.0,0.00113499873548
34.15,0.0,0.0,0.00113119026004
34.2,0.0,0.0,0.00112698421001
34.25,0.0,0.0,0.00112340152826
34.3,0.0,0.0,0.00112949970284
34.35,0.0,0.0,0.00113299321866
34.4,0.0,0.0,0.00113446029069
34.45,0.0,0.0,0.00113317989468
34.5,0.0,0.0,0.00113084366078
34.55,0.0,0.0,0.00112773725535
34.6,0.0,0.0,0.00112407655863
34.65,0.0,0.0,0.00111986462166
34.7,0.0,0.0,0.00111287779818
34.75,0.0,0.0,0.00110583720489
34.8,0.0,0.0,0.0010988039702
34.85,0.0,0.0,0.0010925680671
34.9,0.0,0.0,0.00110010881938
34.95,0.0,0.0,0.00110430908253
35.0,0.0,0.0,0.00110597703666
35.05,0.0,0.0,0.00110648683984
35.1,0.0,0.0,0.00111930420639
35.15,0.0,0.0,0.00112759105422
35.2,0.0,0.0,0.00113242815228
35.25,0.0,0.0,0.00113457608843
35.3,0.0,0.0,0.00113348500148
35.35,0.0,0.0,0.00113097699131
35.4,0.0,0.0,0.00112812758287
35.45,0.0,0.0,0.00113962210376
35.5,0.0,0.0,0.0011467546691
35.55,0.0,0.0,0.00115057546319
35.6,0.0,0.0,0.0011518952305
35.65,0.0,0.0,0.00115134098988
35.7,0.0,0.0,0.00115028657405
35.75,0.0,0.0,0.00115906677475
35.8,0.0,0.0,0.00117891985707
35.85,0.0,0.0,0.00119344222365
35.9,0.0,0.0,0.00120925589109
35.95,0.0,0.0,0.00121960051847
36.0,0.0,0.0,0.00122578932037
36.05,0.0,0.0,0.00122873904956
36.1,0.0,0.0,0.00122808505478
36.15,0.0,0.0,0.00122574802706
36.2,0.0,0.0,0.00122218617189
36.25,0.0,0.0,0.00121774552527
36.3,0.0,0.0,0.00121269312419
36.35,0.0,0.0,0.00120722845094
36.4,0.0,0.0,0.00120139686366
36.45,0.0,0.0,0.00119418704713
36.5,0.0,0.0,0.00118698458259
36.55,0.0,0.0,0.00117984535126
36.6,0.0,0.0,0.00117281089757
36.65,0.0,0.0,0.00116590830726
36.7,0.0,0.0,0.00115908650687
36.75,0.0,0.0,0.00115160284313
36.8,0.0,0.0,0.00116207052557
36.85,0.0,0.0,0.0011679505679
36.9,0.0,0.0,0.00116915990299
36.95,0.0,0.0,0.0011678520983
37.0,0.0,0.0,0.00116467992502
37.05,0.0,0.0,0.00116014468351
37.1,0.0,0.0,0.00115463058101
37.15,0.0,0.0,0.00114842818264
37.2,0.0,0.0,0.00114176073321
37.25,0.0,0.0,0.00113479507766
37.3,0.0,0.0,0.00112765801626
37.35,0.0,0.0,0.00112044142402
37.4,0.0,0.0,0.00111321742828
37.45,0.0,0.0,0.00110603596426
37.5,0.0,0.0,0.00109893285664
37.55,0.0,0.0,0.00109193435706
37.6,0.0,0.0,0.00108505959985
37.65,0.0,0.0,0.00107831936235
37.7,0.0,0.0,0.00107172250864
37.75,0.0,0.0,0.00106513275072
37.8,-1.63705676354e-14,-2.76718324636e-15,0.00105745856593
37.85,-0.00605366891663,-6.4116888142e-05,0.00104999194237
37.9,-0.0117124212786,-0.000128958100834,0.0010702010271
37.95,-0.0169757672279,-0.00019515156673,0.00111464938158
38.0,-0.0218526500352,-0.000263452542904,0.00118012718576
38.05,-0.0263520901378,-0.000334960731915,0.00126367801076
38.1,-0.0304873004717,-0.000409727950466,0.00136258358717
38.15,-0.0342733855312,-0.000488903655115,0.00147435612181
38.2,-0.0377256385974,-0.000572864100222,0.00159674197123
38.25,-0.0408626409062,-0.00066191123843,0.00172769440671
38.3,-0.0437002165734,-0.000756954898871,0.00186538333079
38.35,-0.0462582924804,-0.000857801292435,0.00200815461222
38.4,-0.0485528612934,-0.00096530716046,0.00215454980486
38.45,-0.0506030549407,-0.00107974376146,0.00230326834449
38.5,-0.0524250078805,-0.00120099324972,0.00245316571858
38.55,-0.0540358883503,-0.00132996030626,0.00260324069942
38.6,-0.0554514394439,-0.00146616991846,0.00275262486078
38.65,-0.05668670612,-0.00161020136374,0.00290056562545
38.7,-0.0577565514568,-0.00176228858495,0.00304642004319
38.75,-0.0586738959042,-0.00192186323986,0.00318964621798
38.8,-0.0579476213623,-0.00198897784595,0.003329789678
38.85,-0.0567091286261,-0.00205437722437,0.00346049797634
38.9,-0.0555243441063,-0.00211775372879,0.00358034894963
38.95,-0.0543900554045,-0.00217907582292,0.00369005618047
39.0,-0.0533032531659,-0.00223834942309,0.00379028705284
39.05,-0.0522611323537,-0.0022955679166,0.00388166650569
39.1,-0.0512610777783,-0.00235071298728,0.00396478054853
39.15,-0.0503006507447,-0.00240378583646,0.00404016777672
39.2,-0.0493775879846,-0.00245488496048,0.00410833708104
39.25,-0.0484897501733,-0.00250396842912,0.00416976187093
39.3,-0.0476351644318,-0.00255107857294,0.00422488865049
39.35,-0.0468119753162,-0.00259627929381,0.00427411455397
39.4,-0.0460184467996,-0.00263962526697,0.00431783224435
39.45,-0.0452529556318,-0.00268116254944,0.00435639571364
39.5,-0.044513982547,-0.00272092945657,0.00439013527065
39.55,-0.0438001050771,-0.00275895725443,0.00441936384578
39.6,-0.0431099912247,-0.00279531432742,0.00444437830074
39.65,-0.0424424009276,-0.00283010542616,0.00446544603343
39.7,-0.0417961545168,-0.00286329118016,0.00448283208203
39.75,-0.0411701627852,-0.00289502075973,0.00449677226969
39.8,-0.0405633878297,-0.00292529652658,0.00450750267455
39.85,-0.0399750703539,-0.00295415028447,0.00451521682218
39.9,-0.039404093677,-0.00298167207286,0.00452012160168
39.95,-0.0388495993843,-0.00300794249225,0.00452239808842
40.0,-0.0383107916833,-0.0030329644339,0.00452221307343
40.05,-0.0377869166728,-0.00305679249011,0.0045197286677
40.1,-0.0372772651339,-0.00307947648575,0.00451510132409
40.15,-0.0367811699224,-0.0031010618455,0.00450846916567
40.2,-0.0362980026929,-0.0031215900588,0.00449997284492
40.25,-0.0358271721227,-0.00314111632474,0.00448973588369
40.3,-0.035368124623,-0.00315971540687,0.00447788492834
40.35,-0.0349203307075,-0.00317738401368,0.00446451675575
40.4,-0.0344832947001,-0.00319414625921,0.00444974451198
40.45,-0.0340565497075,-0.00321004506854,0.00443366094474
40.5,-0.0336396577622,-0.00322519493944,0.00441635230042
40.55,-0.0332321978948,-0.00323951890611,0.00439790575094
40.6,-0.0328337769622,-0.00325310234862,0.00437840644574
40.65,-0.0324440256389,-0.00326599836235,0.00435792555861
40.7,-0.0320625890432,-0.00327815767079,0.00433654201296
40.75,-0.0316891377634,-0.00328973329454,0.00431432042581
40.8,-0.0313233539579,-0.00330061039429,0.00429133410514
40.85,-0.0309650980153,-0.00331095719459,0.00426762748073
40.9,-0.0306139245671,-0.00332067597741,0.0042432664916
40.95,-0.0302695693563,-0.00332987284106,0.00421829860339
41.0,-0.0299317771263,-0.00333854169521,0.004192769417
41.05,-0.029600309361,-0.0033466555263,0.00416672519923
41.1,-0.0292749371033,-0.00335436933956,0.00414021417596
41.15,-0.0289554449068,-0.00336157182852,0.0041132733877
41.2,-0.0286416278466,-0.00336829960738,0.00408594785989
41.25,-0.0283332902082,-0.00337467504481,0.00405827253758
41.3,-0.0280302473559,-0.00338060747981,0.0040302904222
41.35,-0.0277323240376,-0.00338611905975,0.00400202031264
41.4,-0.0274393528338,-0.00339128259428,0.00397350095881
41.45,-0.027151173365,-0.00339610728161,0.00394475707471
41.5,-0.0268676347372,-0.003400564656,0.00391581134789
41.55,-0.0265885924838,-0.00340467238634,0.00388668924146
41.6,-0.026313908931,-0.00340845034369,0.00385741849969
41.65,-0.026043452272,-0.00341198065851,0.00382801799131
41.7,-0.0257770974196,-0.00341520378704,0.00379851471256
41.75,-0.0255147252524,-0.00341813380672,0.0037689268513
41.8,-0.0252562219654,-0.00342078402114,0.00373928122333
41.85,-0.0289475131663,-0.0036130301245,0.00370958291274
41.9,-0.0323430471447,-0.0038148803284,0.00368893512711
41.95,-0.0354471850745,-0.00402585971083,0.00367627218152
42.0,-0.0382700769206,-0.0042462102733,0.0036705941413
42.05,-0.0408215445242,-0.00447717853717,0.0036709807443
42.1,-0.0431137859741,-0.00471702340243,0.00367658809148
42.15,-0.0451599294911,-0.00496749328735,0.00368663225293
42.2,-0.0469728792617,-0.00522784297671,0.00370041316766
42.25,-0.0485674182173,-0.00549739069231,0.00371728460911
42.3,-0.0499562833511,-0.00577712979101,0.00373667306391
42.35,-0.0511546198124,-0.00606505215491,0.00375804332311
42.4,-0.0521748184054,-0.00636215520913,0.00378093439389
42.45,-0.0530310551293,-0.00666768089582,0.00380492831024
42.5,-0.0537354293243,-0.0069801626489,0.00382964985412
42.55,-0.0543004979191,-0.00730064131102,0.0038547748234
42.6,-0.0547377628551,-0.00762686931971,0.00388002074762
42.65,-0.0550580907237,-0.00795922313974,0.00390513816893
42.7,-0.0552721315503,-0.00829729635683,0.00392991672416
42.75,-0.0553890677136,-0.00863888723164,0.00395417826569
42.8,-0.0544549920699,-0.00876039473755,0.0039777770472
42.85,-0.0532101616222,-0.00887382583191,0.00399841573832
42.9,-0.0520189809817,-0.00897972360759,0.00401567080444
42.95,-0.0508781948952,-0.00907842183124,0.00402977737228
43.0,-0.0497846598618,-0.0091705014694,0.00404096239366
43.05,-0.048735335498,-0.0092563538889,0.00404944956763
43.1,-0.0477273747707,-0.00933637139244,0.00405545214073
43.15,-0.0467580079017,-0.00941097546189,0.00405916995463
43.2,-0.0458245658022,-0.00948063385274,0.0040608056729
43.25,-0.044924494124,-0.00954573102967,0.00406054565159
43.3,-0.0440552704557,-0.00960657705187,0.0040585847697
43.35,-0.0432144753076,-0.00966355455173,0.00405508816891
43.4,-0.0423997709084,-0.00971714949446,0.00405023682722
43.45,-0.0416088297634,-0.00976747667591,0.00404419871395
43.5,-0.0408394094176,-0.00981510835758,0.00403713560318
43.55,-0.0400892511735,-0.0098601060512,0.00402921515497
43.6,-0.0393561444922,-0.00990294690566,0.00402060561719
43.65,-0.0386378265472,-0.00994379589402,0.0040114718074
43.7,-0.0379320228413,-0.00998292331523,0.0040019898836
43.75,-0.037236345194,-0.0100206855837,0.00399233742717
43.8,-0.0365482989319,-0.0100571758194,0.00398271110239
43.85,-0.0358653583866,-0.0100927559529,0.00397330257475
43.9,-0.0351843250778,-0.010127574584,0.00396434928921
43.95,-0.0345018138084,-0.0101618578738,0.00395610589869
44.0,-0.0338138388911,-0.0101958176669,0.00394887446133
44.05,-0.0331156322668,-0.0102296325254,0.00394302287134
44.1,-0.0324012447728,-0.0102633888465,0.00393901583755
44.15,-0.0316630700299,-0.0102971873066,0.00393744073169
44.2,-0.0308910233403,-0.0103309635737,0.0039390896238
44.25,-0.0300712465971,-0.0103643245405,0.00394504351023
44.3,-0.0291839278897,-0.0103963232664,0.00395686152272
44.35,-0.0281994271016,-0.0104248584148,0.00397685340327
44.4,-0.027071067048,-0.0104450697724,0.00400868856936
44.45,-0.0257205016904,-0.0104455243408,0.0040585119997
44.5,-0.0240056494303,-0.0103970670264,0.00413747548369
44.55,-0.0216425062359,-0.0102155923682,0.00426788449152
44.6,-0.0179918672699,-0.00961353026666,0.00449995636925
44.65,-0.0114339926864,-0.00738681155182,0.00496095501804
44.7,0.00190330066579,0.0015916317053,0.00595527624649
44.75,0.0226492265065,0.0224698218671,0.00753314696458
44.8,0.0366828991827,0.0380781964837,0.0085855529247
44.85,0.0412623665872,0.0435059742952,0.00889602839875
44.9,0.0419662907877,0.0447081512379,0.00890240820352
44.95,0.0413148344355,0.0444076506413,0.00880260564739
45.0,0.0399919777349,0.0433369737405,0.00865031636865
45.05,0.0381427837864,0.0416392816264,0.00845688805546
45.1,0.0357812704744,0.039311693634,0.00822336829159
45.15,0.0329064466242,0.0363339414048,0.00794960654954
45.2,0.0295377987552,0.0327106671924,0.00763708836224
45.25,0.0257252420516,0.0284875560194,0.00728968864137
45.3,0.0215485508185,0.0237584126235,0.00691366727699
45.35,0.0171105234239,0.0186674294335,0.00651707723233
45.4,0.0125270614984,0.0134088280695,0.00610906170443
45.45,0.00791616293681,0.00822050773132,0.00569892699674
45.5,0.00339329091883,0.00337161471903,0.0052957991845
45.55,-0.000922720787889,-0.000863878036099,0.00490909639838
45.6,-0.00493310057408,-0.00428692161982,0.0045466704872
45.65,-0.00864896455211,-0.00687387440725,0.0042076684535
45.7,-0.0122053825378,-0.00871433122173,0.00388141573611
45.75,-0.0157607117114,-0.00986880738731,0.00355535961773
45.8,-0.0193926526928,-0.0103403974949,0.00322333453954
45.85,-0.0230234021715,-0.0101708512247,0.00289150472806
45.9,-0.0264227438887,-0.00954602445305,0.00257816169781
45.95,-0.0293474829005,-0.00874359806197,0.00230266206309
46.0,-0.0316861584189,-0.00797492721017,0.00207392303639
46.05,-0.0334604325621,-0.00732996902296,0.00189028735048
46.1,-0.03475202062,-0.00682135026922,0.00174531397052
46.15,-0.0356507056183,-0.00643275725886,0.00163190245234
46.2,-0.0362354110099,-0.00614196649546,0.00154380801351
46.25,-0.0365709717164,-0.00592864276249,0.00147589355829
46.3,-0.0367094810102,-0.00577639501615,0.00142403225003
46.35,-0.0366925941045,-0.00567205093314,0.00138491437754
46.4,-0.0365535265679,-0.00560546781289,0.00135590549675
46.45,-0.0363188018748,-0.00556902265889,0.00133489627774
46.5,-0.0360096181633,-0.00555635625967,0.00132019903837
46.55,-0.0356429559332,-0.00556287927502,0.00131046150761
46.6,-0.0352324269996,-0.00558463194882,0.00130459956846
46.65,-0.0347889625465,-0.00561863306789,0.00130173901396
46.7,-0.0343213369527,-0.00566237852911,0.00130117995013
46.75,-0.0338366076578,-0.00571387651729,0.00130235618257
46.8,-0.0333404460262,-0.00577144358823,0.00130481495817
46.85,-0.0328375701963,-0.00583394983527,0.00130818516316
46.9,-0.0323314444307,-0.00590000239642,0.00131217585063
46.95,-0.0318249996883,-0.00596886854318,0.00131654788141
47.0,-0.0313205458935,-0.00603961378878,0.00132111154672
47.05,-0.030819937652,-0.00611179759106,0.00132571475739
47.1,-0.0303246088946,-0.00618463524794,0.00133024028541
47.15,-0.0298356899591,-0.00625794525909,0.00133459253333
47.2,-0.0293540605777,-0.00633112823025,0.00133869925102
47.25,-0.0288803651655,-0.00640397545449,0.0013425044405
47.3,-0.0284150997398,-0.00647623121773,0.00134596747793
47.35,-0.0279585948948,-0.00654759429931,0.0013490536728
47.4,-0.0275110922465,-0.00661804338677,0.00135174268527
47.45,-0.0270727153675,-0.00668725369527,0.00135401949661
47.5,-0.0266435381338,-0.00675526200594,0.00135587308389
47.55,-0.0262235496473,-0.00682186991871,0.0013573006912
47.6,-0.0258127138338,-0.00688699949599,0.00135830295013
47.65,-0.0254109346406,-0.006950728761,0.00135888271574
47.7,-0.0250181049746,-0.00701282549912,0.001359047168
47.75,-0.0246340851046,-0.00707335231562,0.00135880352706
47.8,-0.0242587069006,-0.0071323775676,0.00135816489021
47.85,-0.0238919258597,-0.00718975170332,0.00135713663236
47.9,-0.0235334350556,-0.00724549200788,0.00135573306967
47.95,-0.0231830447239,-0.007299624717,0.00135396483769
48.0,-0.0228405600837,-0.00735222418596,0.00135184302763
48.05,-0.0225057754629,-0.0074032720189,0.00134938108282
48.1,-0.022178500013,-0.00745275075292,0.00134659261268
48.15,-0.0218585354305,-0.00750068723914,0.00134348924399
48.2,-0.0215456846046,-0.00754710892415,0.00134008591973
48.25,-0.0212397526419,-0.00759204342046,0.00133639483536
48.3,-0.0209405474408,-0.00763551827386,0.00133243148263
48.35,-0.020647880387,-0.00767756066638,0.00132820382216
48.4,-0.0203615664566,-0.00771819738965,0.0013237267213
48.45,-0.0200814248502,-0.00775746741495,0.00131901061255
48.5,-0.0198072841621,-0.0077954759992,0.00131406522095
48.55,-0.0195389659717,-0.00783217336864,0.00130890227597
48.6,-0.0192763027419,-0.00786758280148,0.00130353394051
48.65,-0.0190191316774,-0.00790172668384,0.00129796947535
48.7,-0.0187672946423,-0.0079346265472,0.00129222105645
48.75,-0.0185206382836,-0.00796649215231,0.00128629797721
48.8,-0.0182790164609,-0.00799717063621,0.00128021232473
48.85,-0.0180423709611,-0.00802667934772,0.00127396939273
48.9,-0.0178104688823,-0.00805518146742,0.00126758073271
48.95,-0.0175831777331,-0.00808266525383,0.00126105332586
49.0,-0.0173603622511,-0.00810904353583,0.00125439443808
49.05,-0.0171418960385,-0.00813454199905,0.00124761197588
49.1,-0.0169276584281,-0.00815903992655,0.00124071462583
49.15,-0.0167175274735,-0.00818257921121,0.00123370877529
49.2,-0.0165113911648,-0.00820529756652,0.00122660312477
49.25,-0.0163091346156,-0.0082270254512,0.00121940423261
49.3,-0.016110653708,-0.0082480549368,0.00121212097303
49.35,-0.0159158406313,-0.00826810588225,0.00120475590769
49.4,-0.015724598282,-0.00828752792239,0.00119731726454
49.45,-0.0155368257154,-0.00830603617579,0.00118980985814
49.5,-0.0153524321267,-0.00832393748817,0.00118223772365
49.55,-0.0151713232827,-0.00834100427112,0.00117460646551
49.6,-0.0149934140777,-0.00835743696711,0.00116692210684
49.65,-0.0148186169991,-0.00837316175374,0.00115918860079
49.7,-0.0146468519607,-0.00838818436692,0.00115141222472
49.75,-0.0144780379757,-0.00840265890452,0.00114359708875
49.8,-0.0143120994277,-0.00841641190844,0.00113574985619
49.85,-0.0141490334531,-0.00842963046262,0.00112787081516
49.9,-0.0139886933697,-0.00844226450796,0.00111996644676
49.95,-0.0138310114745,-0.00845425162811,0.00111203919321
50.0,-0.0136759211928,-0.00846578641008,0.00110409145492
50.05,-0.0135233556886,-0.00847676772827,0.00109612685495
50.1,-0.0133732537653,-0.00848716694994,0.00108814963744
50.15,-0.0132255551688,-0.0084971183865,0.00108016184806
50.2,-0.0130801997237,-0.00850660901331,0.0010721682603
50.25,-0.012937131785,-0.00851557400628,0.00106417117857
50.3,-0.0127962967868,-0.0085240327379,0.00105617560251
50.35,-0.0126576419653,-0.00853216520314,0.00104818060563
50.4,-0.0125211142483,-0.00853983548567,0.00104019098945
50.45,-0.0123866651308,-0.00854705369088,0.00103220792198
50.5,-0.0122542466582,-0.00855382870348,0.0010242325736
50.55,-0.0121238123907,-0.00856028636844,0.00101626710221
50.6,-0.0119953159554,-0.00856635849817,0.00100831466598
50.65,-0.0118687144929,-0.00857202631403,0.00100037616261
50.7,-0.0117439658212,-0.0085773034082,0.000992454964277
50.75,-0.0116210290977,-0.00858220272811,0.000984552389485
50.8,-0.0114998647176,-0.00858682171096,0.000976672227827
50.85,-0.0113804901721,-0.00859111235295,0.000968812905439
50.9,-0.011262810304,-0.00859505607416,0.000960977926337
50.95,-0.0111467891104,-0.00859867178821,0.000953167699003
51.0,-0.0110323915942,-0.00860196779834,0.000945382592585
51.05,-0.0109195837825,-0.00860494811919,0.000937623918105
51.1,-0.0108083327355,-0.00860764459814,0.000929893826094
51.15,-0.0106986059775,-0.00861010334154,0.000922192611014
51.2,-0.0105903726177,-0.00861226946309,0.000914522766979
51.25,-0.0104836025769,-0.0086141513,0.000906884927673
51.3,-0.0103782666261,-0.00861575682718,0.00089928202518
51.35,-0.0102743364133,-0.00861709363315,0.000891711994254
51.4,-0.0101717843123,-0.00861816902337,0.000884177563223
51.45,-0.0100705835133,-0.00861898995049,0.000876678619331
51.5,-0.00997070792704,-0.00861956307842,0.000869215030758
51.55,-0.00987213216014,-0.00861989479581,0.00086178755187
51.6,-0.00977483151224,-0.0086200033186,0.000854397728511
51.65,-0.0096787817202,-0.00861991288822,0.000847045398549
51.7,-0.00958395947632,-0.00861959525005,0.000839732461232
51.75,-0.00949034206462,-0.0086190557962,0.000832459118202
51.8,-0.00939790735781,-0.0086182996944,0.00082522769571
51.85,-0.00930668035506,-0.00861733186102,0.000818035948235
51.9,-0.00921659237908,-0.00861615983133,0.000810886060344
51.95,-0.00912762300713,-0.00861479730349,0.000803777606232
52.0,-0.00903975227593,-0.00861323687752,0.000796710159599
52.05,-0.00895296075712,-0.00861148272891,0.000789684114858
52.1,-0.00886722950651,-0.00860953885984,0.000782700603258
52.15,-0.00878254006376,-0.00860740909413,0.000775759183111
52.2,-0.00869887440376,-0.00860509711188,0.000768861337132
52.25,-0.0086162149625,-0.00860260642305,0.000762006998903
52.3,-0.00853454459023,-0.00859994040109,0.000755198056445
52.35,-0.00845384657788,-0.0085971022555,0.000748432223059
52.4,-0.00837410455923,-0.00859409511018,0.000741711259581
52.45,-0.0082953025813,-0.00859092575414,0.000735034562828
52.5,-0.00821742502967,-0.00858760342852,0.000728401536241
52.55,-0.00814045660918,-0.00858412076487,0.000721812347937
52.6,-0.00806438241318,-0.00858048042702,0.000715267843376
52.65,-0.007989187885,-0.00857668496528,0.000708767437547
52.7,-0.00791485878025,-0.00857273684578,0.000702312310614
52.75,-0.00784138119081,-0.00856863842426,0.000695902233765
52.8,-0.00776874150848,-0.00856439197474,0.000689538769165
52.85,-0.007696964915,-0.00855999966246,0.000683219672955
52.9,-0.0076259990187,-0.00855546374681,0.000676946414524
52.95,-0.00755583110752,-0.0085507862507,0.000670718298043
53.0,-0.00748644872688,-0.00854596913847,0.000664534638276
53.05,-0.0074178396731,-0.00854101431891,0.000658395451056
53.1,-0.0073499919992,-0.00853592363609,0.000652301377828
53.15,-0.00728289401864,-0.00853071099933,0.000646251759857
53.2,-0.00721653410081,-0.00852539302588,0.000640247567261
53.25,-0.00715090108361,-0.00851994645142,0.000634288471007
53.3,-0.0070859839862,-0.00851437285686,0.000628375781924
53.35,-0.00702177207331,-0.00850867375042,0.000622507345988
53.4,-0.00695825479128,-0.00850285062964,0.000616684385806
53.45,-0.00689542181956,-0.00849691741201,0.000610906165959
53.5,-0.00683326299222,-0.00849086476585,0.000605171967713
53.55,-0.00677176837045,-0.00848469234404,0.000599481710967
53.6,-0.00671092821753,-0.00847840147812,0.000593835887603
53.65,-0.00665073299738,-0.00847199345322,0.000588233808543
53.7,-0.00659117335103,-0.00846546953029,0.000582676256464
53.75,-0.00653224011541,-0.00845883092205,0.000577162850799
53.8,-0.00647392430053,-0.00845211093922,0.000571694702198
53.85,-0.00641624888715,-0.00844530928518,0.000566269795873
53.9,-0.00635917255466,-0.00843839836502,0.000560889166235
53.95,-0.00630268684434,-0.00843137925259,0.000555552068566
54.0,-0.00624678344906,-0.00842426631284,0.000550257772551
54.05,-0.00619145417166,-0.00841704773485,0.000545006136914
54.1,-0.00613669100822,-0.00840972412748,0.000539797539296
54.15,-0.00608248611423,-0.00840229648365,0.000534631285488
54.2,-0.00602883178448,-0.00839476578556,0.00052950802073
54.25,-0.00597572046905,-0.008387148197,0.00052442733465
54.3,-0.00592314450086,-0.00837949075224,0.000519390195347
54.35,-0.005871096667,-0.00837173472559,0.000514394684505
54.4,-0.00581956982098,-0.00836388101392,0.000509441682097
54.45,-0.00576855696247,-0.00835593048027,0.000504530453511
54.5,-0.00571805121215,-0.00834788398265,0.000499660278812
54.55,-0.0056680458096,-0.00833974237446,0.000494830971378
54.6,-0.00561853411811,-0.00833150649571,0.000490042820015
54.65,-0.00556950962821,-0.00832320174707,0.000485295141754
54.7,-0.00552096565514,-0.00831486706495,0.000480588495631
54.75,-0.00547289599669,-0.00830644210643,0.000475922452641
54.8,-0.00542529449576,-0.00829792764183,0.000471297821553
54.85,-0.00537818199631,-0.00828932441332,0.000466712816646
54.9,-0.00533152511561,-0.00828063327598,0.000462168194823
54.95,-0.00528531803794,-0.00827186292506,0.00045766324299
55.0,-0.00523955502563,-0.00826302854577,0.000453197264243
55.05,-0.00519423017358,-0.00825418749828,0.000448770069439
55.1,-0.00514933800715,-0.00824526295797,0.000444381872779
55.15,-0.00510487311354,-0.00823625561965,0.000440032011714
55.2,-0.00506083017017,-0.00822716617842,0.000435720928219
55.25,-0.00501720395588,-0.0082179953103,0.000431448197351
55.3,-0.00497398933863,-0.00820874368771,0.000427214511984
55.35,-0.00493118128648,-0.00819947241877,0.000423018214006
55.4,-0.00488877447093,-0.00819016434244,0.000418859977803
55.45,-0.00484676417359,-0.00818077885636,0.000414739106878
55.5,-0.0048051456147,-0.00817132546957,0.000410654931055
55.55,-0.00476391407264,-0.00816180039841,0.000406607222051
55.6,-0.00472306491739,-0.00815219985206,0.000402596142901
55.65,-0.00468259361241,-0.0081425664456,0.000398621058944
55.7,-0.00464249537435,-0.00813292544612,0.000394682364911
55.75,-0.00460276592057,-0.00812321212817,0.000390779634268
55.8,-0.00456340094856,-0.00811342708586,0.000386913461685
55.85,-0.00452441884787,-0.00810357089337,0.000383082313314
55.9,-0.00448579238857,-0.00809364422466,0.000379286743417
55.95,-0.00444751749296,-0.00808370028056,0.000375526101839
56.0,-0.00440958981317,-0.00807374807059,0.000371799781289
56.05,-0.00437200551326,-0.0080637283493,0.000368107534272
56.1,-0.00433476071361,-0.00805364168068,0.000364449478605
56.15,-0.00429785160197,-0.00804348861787,0.000360825011412
56.2,-0.00426127442497,-0.00803326971618,0.000357234436861
56.25,-0.00422502549575,-0.00802307444333,0.000353677349509
56.3,-0.00418910079261,-0.00801284377736,0.000350154296093
56.35,-0.00415349693301,-0.00800255005402,0.000346663847116
56.4,-0.00411821040632,-0.00799219380464,0.000343206475006
56.45,-0.0040832377647,-0.00798177918314,0.00033978156677
56.5,-0.00404857560491,-0.00797133968208,0.000336388522867
56.55,-0.00401422029546,-0.00796093364947,0.000333027130229
56.6,-0.00398016860064,-0.00795046830706,0.000329697467858
56.65,-0.00394641728897,-0.00793994415348,0.00032639896774
56.7,-0.00391296317625,-0.00792936168959,0.000323131882909
56.75,-0.00387980313189,-0.00791872140352,0.000319895825016
56.8,-0.00384693407206,-0.00790812547501,0.000316691236102
56.85,-0.00381437164068,-0.00789749614745,0.000313516851398
56.9,-0.00378209359297,-0.00788681158508,0.00031037306499
56.95,-0.00375009699845,-0.00787607225193,0.000307259302676
57.0,-0.00371837896765,-0.00786528327208,0.000304175002425
57.05,-0.00368693664377,-0.00785451544381,0.000301119930581
57.1,-0.00365576689017,-0.00784375499485,0.00029809417405
57.15,-0.00362486706327,-0.0078329426801,0.00029509719128
57.2,-0.00359423444508,-0.00782207895253,0.000292129193454
57.25,-0.00356386636061,-0.00781116425365,0.000289189812321
57.3,-0.0035337601723,-0.00780024067693,0.000286279430734
57.35,-0.00350391301887,-0.00778935504851,0.000283396881728
57.4,-0.00347432240773,-0.00777842074067,0.000280542511389
57.45,-0.00344498582026,-0.00776743817478,0.000277715785287
57.5,-0.00341590077073,-0.0077564077746,0.000274916180423
57.55,-0.00338706480582,-0.00774535473493,0.000272143470381
57.6,-0.00335847527448,-0.00773436153505,0.000269397713649
57.65,-0.00333012983663,-0.00772332270969,0.000266678412581
57.7,-0.00330202614488,-0.00771223867111,0.000263985744497
57.75,-0.00327416188651,-0.00770110982118,0.000261319363445
57.8,-0.00324653477893,-0.00768995147059,0.000258679602523
57.85,-0.00321915845239,-0.00767886742945,0.000256065392084
57.9,-0.00319201431215,-0.00766774073328,0.000253477038081
57.95,-0.00316510017761,-0.00765657176546,0.000250914045643
58.0,-0.00313841389455,-0.00764537330966,0.00024837593058
58.05,-0.00311195331786,-0.00763414463686,0.000245862478493
58.1,-0.00308571615068,-0.00762299864826,0.000243373730058
58.15,-0.00305970034222,-0.00761181281201,0.000240909226554
58.2,-0.00303390385115,-0.00760058750381,0.000238469117595
58.25,-0.00300832466411,-0.00758932308999,0.000236053080386
58.3,-0.00298296079205,-0.0075780314713,0.000233661405793
58.35,-0.00295781008426,-0.00756682578265,0.000231293118002
58.4,-0.00293287061933,-0.00755558290934,0.000228948482411
58.45,-0.00290814048732,-0.00754430320238,0.000226627042893
58.5,-0.00288361779965,-0.00753298775823,0.00022432835323
58.55,-0.00285930068796,-0.00752166354915,0.000222052209844
58.6,-0.00283518710573,-0.00751042457354,0.000219798643316
58.65,-0.00281127525701,-0.00749915099085,0.000217567230572
58.7,-0.00278756334582,-0.00748784314573,0.000215358098738
58.75,-0.00276404959899,-0.00747650137441,0.000213170948533
58.8,-0.00274073226317,-0.00746514886611,0.00021100603506
58.85,-0.00271762300148,-0.0074538778682,0.000208862471347
58.9,-0.0026947062918,-0.00744257476282,0.000206740490069
58.95,-0.00267198045017,-0.00743123987203,0.000204639672301
59.0,-0.00264944381009,-0.00741987351991,0.000202559608278
59.05,-0.0026270947223,-0.0074085076694,0.000200500107446
59.1,-0.00260493136631,-0.00739721759733,0.000198461191724
59.15,-0.0025829521715,-0.00738589777257,0.000196442471187
59.2,-0.00256115554726,-0.00737454851214,0.000194444054529
59.25,-0.00253953992176,-0.00736317012552,0.000192465665616
59.3,-0.00251810373941,-0.00735180428294,0.000190507529015
59.35,-0.00249684527192,-0.00734050720608,0.000188568840418
59.4,-0.00247576304541,-0.00732918263295,0.000186649801279
59.45,-0.00245485555872,-0.00731783086131,0.000184750028162
59.5,-0.00243412132512,-0.00730646033574,0.000182869146051
59.55,-0.00241355886388,-0.0072951185478,0.000181006978744
59.6,-0.00239316652109,-0.0072838381104,0.000179163543646
59.65,-0.00237294291405,-0.00727253236883,0.00017733848213
59.7,-0.00235288662012,-0.00726120161647,0.000175531887736
59.75,-0.00233299623229,-0.00724984613988,0.000173743506734
59.8,-0.00231327035715,-0.007238526824,0.000171973537515
59.85,-0.00229371888677,-0.00722726171705,0.00017022125175
59.9,-0.00227432883981,-0.00721597343628,0.000168486826405
59.95,-0.00225509887209,-0.00720466225721,0.000166769911324
60.0,-0.00223602765152,-0.00719332845704,0.000165070164074
60.05,-0.002217113858,-0.00718204988828,0.000163387421108
60.1,-0.00219835598446,-0.00717082227044,0.000161721696547
60.15,-0.00217975280409,-0.00715957350496,0.000160072661752
60.2,-0.00216130303894,-0.00714830386363,0.000158440397653
60.25,-0.00214300542419,-0.00713701361202,0.000156824671831
60.3,-0.00212485870646,-0.00712577798254,0.000155225660055
60.35,-0.00210686145757,-0.00711458594645,0.000153642703065
60.4,-0.00208901251854,-0.00710337469337,0.000152075955295
60.45,-0.00207131067508,-0.0070921444796,0.000150525097718
60.5,-0.00205375472326,-0.00708089556294,0.000148989818356
60.55,-0.0020363434694,-0.00706970699203,0.000147469966777
60.6,-0.0020190755485,-0.0070585597113,0.00014596555324
60.65,-0.00200194986104,-0.00704739507834,0.000144476277403
60.7,-0.00198496524923,-0.00703621334612,0.000143002209753
60.75,-0.00196812056647,-0.00702501476203,0.000141543138039
60.8,-0.001951414676,-0.00701387922985,0.00014009921849
60.85,-0.00193485594785,-0.00700278541877,0.000138669854238
60.9,-0.00191843348292,-0.00699167608264,0.000137255182667
60.95,-0.00190214618098,-0.00698055145973,0.000135854913597
61.0,-0.0018859929507,-0.00696941602706,0.000134468763272
61.05,-0.00186997270632,-0.00695835028171,0.0001330965941
61.1,-0.00185408420571,-0.00694732998422,0.000131738413783
61.15,-0.00183832644991,-0.0069362959017,0.000130393949272
61.2,-0.00182269838789,-0.00692524826912,0.000129063262207
61.25,-0.00180719897824,-0.0069141873164,0.000127746159113
61.3,-0.00179182718808,-0.00690318387867,0.000126442779131
61.35,-0.00177658184363,-0.00689223325898,0.000125152581252
61.4,-0.001761461985,-0.00688127051031,0.000123875687628
61.45,-0.00174646660876,-0.00687029585465,0.000122611834699
61.5,-0.00173159471928,-0.00685930951517,0.000121360764749
61.55,-0.00171684532866,-0.00684837660229,0.000120122351746
61.6,-0.00170221731819,-0.00683751409332,0.000118896599923
61.65,-0.00168770975853,-0.0068266410667,0.000117683262853
61.7,-0.00167332168946,-0.00681575774106,0.000116482394721
61.75,-0.00165905215914,-0.00680486433042,0.000115293819516
61.8,-0.00164490022324,-0.0067940053892,0.000114117661461
61.85,-0.00163087297795,-0.00678322678318,0.000112953429393
61.9,-0.00161696122408,-0.00677243922157,0.000111801234388
61.95,-0.0016031640455,-0.00676164291035,0.000110660837311
62.0,-0.00158948053298,-0.00675083805652,0.000109532004339
62.05,-0.00157590978411,-0.00674004869802,0.000108414620528
62.1,-0.00156245080458,-0.00672936056849,0.000107308686136
62.15,-0.00154910272499,-0.00671866495586,0.000106213979429
62.2,-0.00153586466712,-0.00670796206275,0.000105130548244
62.25,-0.00152273576015,-0.00669725208756,0.000104058232694
62.3,-0.00150971513989,-0.00668653522833,0.000102997143896
62.35,-0.00149680194956,-0.00667594109854,0.000101946827644
62.4,-0.00148399518193,-0.00666534340212,0.000100907400214
62.45,-0.00147129407536,-0.00665473982363,9.98786374481e-05
62.5,-0.0014586977949,-0.00664413122829,9.88603274449e-05
62.55,-0.00144620551133,-0.00663352755788,9.78523656595e-05
62.6,-0.00143381639626,-0.00662301531767,9.68547437202e-05
62.65,-0.00142152950465,-0.00661253221207,9.58672743967e-05
62.7,-0.0014093440862,-0.00660204458957,9.48899947706e-05
62.75,-0.00139725934054,-0.00659155263378,9.39227597764e-05
62.8,-0.00138527447327,-0.00658105652792,9.29656689821e-05
62.85,-0.00137339556019,-0.00657061453335,9.20183117199e-05
62.9,-0.00136161472502,-0.00656024016469,9.10807889837e-05
62.95,-0.00134993122829,-0.00654986258769,9.01529014358e-05
63.0,-0.00133834430369,-0.0065394819792,8.92344571495e-05
63.05,-0.00132685319042,-0.0065291001275,8.83253610863e-05
63.1,-0.00131545713256,-0.00651873789944,8.74256046438e-05
63.15,-0.00130415530331,-0.00650848777785,8.65350145945e-05
63.2,-0.00129294696855,-0.00649823569568,8.56536279672e-05
63.25,-0.00128183139295,-0.00648798182161,8.47813132638e-05
63.3,-0.00127080784659,-0.0064777263239,8.39181598277e-05
63.35,-0.00125987560542,-0.00646746936627,8.30637964477e-05
63.4,-0.00124903395008,-0.00645729915786,8.22183048232e-05
63.45,-0.00123828206217,-0.00644716633072,8.13815174367e-05
63.5,-0.00122761927967,-0.00643703287458,8.05532563957e-05
63.55,-0.00121704490132,-0.0064268989523,7.973343547e-05
63.6,-0.00120655823104,-0.00641676472559,7.89220464011e-05
63.65,-0.00119615857811,-0.00640665922907,7.81189257904e-05
63.7,-0.00118584518514,-0.00639664964305,7.73241142806e-05
63.75,-0.0011756173876,-0.00638664054386,7.65374914959e-05
63.8,-0.00116547451201,-0.00637663208554,7.57591377513e-05
63.85,-0.0011554216645,-0.00636662441798,7.49887176037e-05
63.9,-0.00114545229899,-0.00635661771627,7.42263047385e-05
63.95,-0.00113556575842,-0.00634669775954,7.34717386447e-05
64.0,-0.00112576129848,-0.00633681664907,7.27248711307e-05
64.05,-0.00111603831211,-0.00632694526402,7.19856203592e-05
64.1,-0.00110639615469,-0.00631707830808,7.12539789212e-05
64.15,-0.00109683418897,-0.00630721336737,7.05297991178e-05
64.2,-0.00108735178329,-0.00629736194323,6.98131112335e-05
64.25,-0.00107794825524,-0.00628762272136,6.91038129945e-05
64.3,-0.00106862298922,-0.00627788622022,6.84019762031e-05
64.35,-0.00105937536962,-0.00626815257556,6.77072977591e-05
64.4,-0.00105020478477,-0.00625842192625,6.70198437388e-05
64.45,-0.00104111062775,-0.00624869440751,6.63394690121e-05
64.5,-0.00103209229592,-0.00623901938367,6.56660316726e-05
64.55,-0.00102314912396,-0.00622941802678,6.49994675331e-05
64.6,-0.00101428053963,-0.00621982906015,6.4339767503e-05
64.65,-0.00100548595164,-0.00621024556315,6.36867982824e-05
64.7,-0.000996764775735,-0.00620066613544,6.30405871138e-05
64.75,-0.000988116432695,-0.00619109090485,6.24010366983e-05
64.8,-0.000979540347427,-0.00618159644942,6.17682123055e-05
64.85,-0.000971040729393,-0.00617214762043,6.11418472316e-05
64.9,-0.000962612099043,-0.00616270362402,6.05219983617e-05
64.95,-0.000954253896652,-0.00615326458136,5.99085345104e-05
65.0,-0.000945965566406,-0.00614383061377,5.93013274052e-05
65.05,-0.000937746556387,-0.00613440184271,5.87003131784e-05
65.1,-0.000929596318666,-0.00612507123743,5.81054853882e-05
65.15,-0.000921514235619,-0.00611576888574,5.75167305062e-05
65.2,-0.000913499802512,-0.00610647230916,5.69340697451e-05
65.25,-0.00090555248483,-0.0060971816217,5.63574151585e-05
65.3,-0.00089767175186,-0.00608789693679,5.57868256294e-05
65.35,-0.00088985707692,-0.00607861836465,5.52220539194e-05
65.4,-0.000882107936807,-0.00606944432281,5.46631538783e-05
65.45,-0.000874423741473,-0.00606029192853,5.41100139542e-05
65.5,-0.000866804010538,-0.00605114618289,5.35625149877e-05
65.55,-0.000859248233411,-0.00604201178582,5.30205992561e-05
65.6,-0.000851755901684,-0.00603288976216,5.24842610562e-05
65.65,-0.000844326510472,-0.00602377472012,5.19533915679e-05
65.7,-0.000836959560275,-0.00601475951032,5.14280129853e-05
65.75,-0.000829654490862,-0.0060057702287,5.09080522149e-05
65.8,-0.000822410841435,-0.00599678842475,5.03935595114e-05
65.85,-0.000815232198905,-0.00598781419563,4.98843115293e-05
65.9,-0.000808113928675,-0.0059788476555,4.93803570237e-05
65.95,-0.000801055551479,-0.00596988890041,4.88815890328e-05
66.0,-0.000794056591423,-0.00596101414751,4.83879029676e-05
66.05,-0.00078711652069,-0.00595218052592,4.78992521627e-05
66.1,-0.000780234894715,-0.00594336042665,4.74156290646e-05
66.15,-0.000773411247456,-0.00593455306331,4.69369353664e-05
66.2,-0.00076664511648,-0.00592575413879,4.64631912554e-05
66.25,-0.000759936044104,-0.00591696374217,4.59943250644e-05
66.3,-0.000753283575917,-0.00590823038438,4.55303849609e-05
66.35,-0.000746687217155,-0.00589956430071,4.50711735515e-05
66.4,-0.000740146535009,-0.00589090716191,4.46167334324e-05
66.45,-0.00073366108599,-0.00588225905131,4.41669679952e-05
66.5,-0.000727230429737,-0.00587362005217,4.37217827736e-05
66.55,-0.000720854129002,-0.00586499024765,4.32811307823e-05
66.6,-0.000714531749704,-0.00585637939514,4.28450073863e-05
66.65,-0.000708262830549,-0.00584787287484,4.24133267353e-05
66.7,-0.000702046947389,-0.00583937593249,4.19861067513e-05
66.75,-0.000695883676609,-0.00583088864474,4.15632827325e-05
66.8,-0.000689772597629,-0.00582241108764,4.11448982689e-05
66.85,-0.000683716709919,-0.00581394333474,4.07307711908e-05
66.9,-0.000677712117718,-0.0058054854736,4.03209414709e-05
66.95,-0.000671758410467,-0.00579709955678,3.991532196e-05
67.0,-0.000665855139609,-0.0057887640726,3.95138314552e-05
67.05,-0.000660001917238,-0.00578044028581,3.91164260004e-05
67.1,-0.000654198342127,-0.00577213499466,3.87231015085e-05
67.15,-0.000648444014392,-0.00576384008788,3.83337779651e-05
67.2,-0.000642738539043,-0.0057555556333,3.79484719519e-05
67.25,-0.000637081524033,-0.00574728169686,3.75671251434e-05
67.3,-0.000631472580142,-0.00573911705895,3.71897770941e-05
67.35,-0.000625911274779,-0.00573096437381,3.68162678619e-05
67.4,-0.000620397248849,-0.00572282250888,3.64466312425e-05
67.45,-0.000614930122454,-0.00571469152475,3.60807885408e-05
67.5,-0.000609509518409,-0.00570657148192,3.57186628043e-05
67.55,-0.000604135062235,-0.0056984624407,3.53602158645e-05
67.6,-0.000598806382186,-0.00569038959954,3.50054441544e-05
67.65,-0.000593523082287,-0.00568240949606,3.46542779917e-05
67.7,-0.00058828480067,-0.00567444067914,3.43067320962e-05
67.75,-0.0005830911746,-0.00566648320313,3.3962753827e-05
67.8,-0.000577941843972,-0.00565853712187,3.36223790331e-05
67.85,-0.000572839314167,-0.00565060248707,3.32854590855e-05
67.9,-0.000567780313479,-0.00564267936191,3.29520268665e-05
67.95,-0.000562764490432,-0.00563479907684,3.26220113889e-05
68.0,-0.000557791470084,-0.00562699413981,3.22953458128e-05
68.05,-0.000552860913373,-0.00561920094686,3.19719950594e-05
68.1,-0.000547972477141,-0.00561141954595,3.16519559925e-05
68.15,-0.000543125820776,-0.00560364998373,3.13351632864e-05
68.2,-0.000538320606128,-0.00559589230661,3.10216307382e-05
68.25,-0.000533556497579,-0.0055881465594,3.07113109164e-05
68.3,-0.000528833161961,-0.00558043728821,3.04042364069e-05
68.35,-0.00052415024609,-0.00557280801359,3.01002752177e-05
68.4,-0.000519507427172,-0.00556519086933,2.97994566489e-05
68.45,-0.000514904380027,-0.00555758589547,2.95017166116e-05
68.5,-0.00051034078184,-0.00554999313186,2.92069924336e-05
68.55,-0.000505816312141,-0.00554241261817,2.89152531506e-05
68.6,-0.000501330652828,-0.00553485224661,2.86264960929e-05
68.65,-0.000496883486743,-0.00552730841163,2.8340662489e-05
68.7,-0.000492474484588,-0.00551986403574,2.80577665682e-05
68.75,-0.00048810333443,-0.00551243215196,2.77777656881e-05
68.8,-0.000483769729208,-0.00550501277422,2.75006893213e-05
68.85,-0.000479475759345,-0.00549760593469,2.72264161585e-05
68.9,-0.000475218679706,-0.00549021167493,2.69549733399e-05
68.95,-0.000470998189639,-0.00548283002614,2.66863030531e-05
69.0,-0.000466813990694,-0.00547546101934,2.64203487631e-05
69.05,-0.000462665786617,-0.00546815820256,2.61570826132e-05
69.1,-0.000458553259823,-0.00546090189325,2.58965047004e-05
69.15,-0.00045447612822,-0.00545366670636,2.56385609079e-05
69.2,-0.000450434101284,-0.00544644487547,2.53832629126e-05
69.25,-0.000446426892006,-0.00543923588952,2.51305721618e-05
69.3,-0.000442454215594,-0.00543203977398,2.48805155697e-05
69.35,-0.000438515789419,-0.00542485655271,2.46329835409e-05
69.4,-0.000434611332897,-0.00541768656968,2.43880007449e-05
69.45,-0.000430740566101,-0.00541061359843,2.41455151785e-05
69.5,-0.000426903189395,-0.0054035538914,2.39054781813e-05
69.55,-0.000423098940928,-0.00539650720695,2.36678634449e-05
69.6,-0.000419327548905,-0.00538947356584,2.34326690262e-05
69.65,-0.000415588743577,-0.00538245298778,2.31998469429e-05
69.7,-0.000411882257203,-0.00537544549228,2.29694077869e-05
69.75,-0.000408207824074,-0.00536845109761,2.27413168194e-05
69.8,-0.000404565180474,-0.00536148484678,2.25155985511e-05
69.85,-0.000400956054437,-0.00535459868817,2.22921553783e-05
69.9,-0.000397378147035,-0.00534772571454,2.20710095365e-05
69.95,-0.000393831201453,-0.00534086594012,2.18521139367e-05
70.0,-0.000390314962788,-0.00533401937898,2.16354225283e-05
70.05,-0.000386829178041,-0.00532718604501,2.14209127399e-05
70.1,-0.000383373596119,-0.00532037080393,2.12085829597e-05
70.15,-0.000379947967171,-0.00531357286324,2.09983899731e-05
70.2,-0.000376552043358,-0.00530679920899,2.07903435652e-05
70.25,-0.000373185567179,-0.00530010711394,2.05844136628e-05
70.3,-0.000369848297029,-0.00529342833568,2.03806223994e-05
70.35,-0.000366539991652,-0.00528676288221,2.01788802437e-05
70.4,-0.000363260411571,-0.00528011076215,1.99792076398e-05
70.45,-0.000360009319149,-0.00527347198285,1.97815621025e-05
70.5,-0.000356786478539,-0.00526684655153,1.95859020828e-05
70.55,-0.000353591655669,-0.00526023447522,1.93922072834e-05
70.6,-0.00035042461825,-0.00525363576044,1.92004763804e-05
70.65,-0.000347285135772,-0.00524712093269,1.90106703249e-05
70.7,-0.000344172961338,-0.00524063405964,1.88227999079e-05
70.75,-0.000341087876208,-0.00523416058399,1.86368360885e-05
70.8,-0.000338029655499,-0.00522770050855,1.84527991806e-05
70.85,-0.000334999750234,-0.00522125383495,1.82706082567e-05
70.9,-0.000331996232877,-0.00521482057113,1.80902819792e-05
70.95,-0.000329018884113,-0.00520840071804,1.79117820105e-05
71.0,-0.000326067486291,-0.00520199427648,1.77350708573e-05
71.05,-0.000323141823416,-0.00519562379256,1.75601302665e-05
71.1,-0.00032024167014,-0.0051893179617,1.73869602904e-05
71.15,-0.000317366816749,-0.00518302554152,1.72155253916e-05
71.2,-0.000314517052494,-0.00517674653009,1.70458337625e-05
71.25,-0.000311692168259,-0.0051704809246,1.68778599579e-05
71.3,-0.000308891956525,-0.00516422872189,1.6711622503e-05
71.35,-0.000306116211391,-0.00515798991779,1.65470482345e-05
71.4,-0.000303364728507,-0.00515176450862,1.63841541609e-05
71.45,-0.000300637305116,-0.0051455524897,1.62229056863e-05
71.5,-0.000297933740016,-0.00513938770118,1.60632689762e-05
71.55,-0.000295253822551,-0.00513327345371,1.59052287496e-05
71.6,-0.000292597358544,-0.00512717465088,1.57487837525e-05
71.65,-0.000289964151488,-0.00512109569942,1.55939021844e-05
71.7,-0.000287354005941,-0.0051150301144,1.54405916539e-05
71.75,-0.000284766728669,-0.00510897788761,1.52888292292e-05
71.8,-0.000282202127931,-0.00510293901056,1.5138631808e-05
71.85,-0.000279661411104,-0.00509691347384,1.49899332296e-05
71.9,-0.000277142965082,-0.00509090127325,1.48427490294e-05
71.95,-0.000274646602938,-0.00508492585007,1.4697047979e-05
72.0,-0.00027217213036,-0.00507900849942,1.45528004475e-05
72.05,-0.000269719365876,-0.00507310443933,1.44099914114e-05
72.1,-0.000267288127117,-0.00506721365818,1.42686201837e-05
72.15,-0.000264878233139,-0.00506133889107,1.41286580412e-05
72.2,-0.000262489504145,-0.00505548287314,1.39901119504e-05
72.25,-0.000260121761504,-0.00504964011072,1.38529612956e-05
72.3,-0.000257774828498,-0.00504381059043,1.37172214945e-05
72.35,-0.000255448529801,-0.00503799429807,1.35828327053e-05
72.4,-0.000253142691438,-0.00503219121985,1.34498090959e-05
72.45,-0.000250857140806,-0.00502645872442,1.33181224737e-05
72.5,-0.000248591695897,-0.00502074741273,1.318774638e-05
72.55,-0.000246346192182,-0.00501504924917,1.30586669838e-05
72.6,-0.00024412046129,-0.00500936421764,1.29308837637e-05
72.65,-0.000241914336176,-0.00500369230154,1.28043707903e-05
72.7,-0.000239727651098,-0.00499803348415,1.26791344528e-05
72.75,-0.000237560241627,-0.00499238774815,1.25551561205e-05
72.8,-0.000235411944624,-0.004986755076,1.24324498682e-05
72.85,-0.000233283764088,-0.00498113544942,1.23109615602e-05
72.9,-0.000231174351253,-0.00497553230975,1.21907041459e-05
72.95,-0.000229083541822,-0.00497000130153,1.20716527229e-05
73.0,-0.000227011178532,-0.00496448326108,1.19537823455e-05
73.05,-0.000224957105074,-0.00495897816865,1.18370810575e-05
73.1,-0.000222921166373,-0.0049534860042,1.1721548481e-05
73.15,-0.000220903208581,-0.00494801452033,1.16071612054e-05
73.2,-0.000218903078465,-0.00494255643836,1.14939251779e-05
73.25,-0.000216920624588,-0.00493711123689,1.1381823604e-05
73.3,-0.000214955696751,-0.00493167889453,1.12708693331e-05
73.35,-0.000213008145952,-0.00492625938924,1.11610133768e-05
73.4,-0.000211077824359,-0.00492085269938,1.10522675535e-05
73.45,-0.000209164585323,-0.00491550866757,1.09446088726e-05
73.5,-0.00020726827542,-0.00491018725862,1.08380156793e-05
73.55,-0.0002053887542,-0.00490487856631,1.07324768296e-05
73.6,-0.000203525878641,-0.00489958256715,1.06279920654e-05
73.65,-0.000201679506865,-0.00489429947874,1.05245402445e-05
73.7,-0.000199849498102,-0.00488903675794,1.04221267876e-05
73.75,-0.000198035712193,-0.00488378667255,1.03207366036e-05
73.8,-0.000196238010648,-0.00487854919792,1.02203814268e-05
73.85,-0.000194457227895,-0.00487332430882,1.01210169168e-05
73.9,-0.000192692237163,-0.00486811198362,1.00226538775e-05
73.95,-0.000190942903526,-0.00486292289937,9.92527153982e-06
74.0,-0.000189209088682,-0.00485779252187,9.82885005871e-06
74.05,-0.000187490660719,-0.00485267459652,9.73337968165e-06
74.1,-0.000185787488063,-0.00484756909677,9.6388602512e-06
74.15,-0.000184099440197,-0.00484247599572,9.54527266905e-06
74.2,-0.000182426387645,-0.00483739526646,9.45262192531e-06
74.25,-0.000180768201979,-0.00483232688166,9.36089435704e-06
74.3,-0.000179124755797,-0.00482727081389,9.27010068387e-06
74.35,-0.00017749592273,-0.00482222703522,9.1802007642e-06
74.4,-0.000175881577417,-0.00481719551807,9.09120446563e-06
74.45,-0.00017428159551,-0.00481217623436,9.00309302382e-06
74.5,-0.000172695853665,-0.00480717274505,8.91584808537e-06
74.55,-0.000171124226107,-0.00480223190462,8.82946131989e-06
74.6,-0.000169566591815,-0.00479730317517,8.74393263306e-06
74.65,-0.000168022830529,-0.00479239162693,8.65924477076e-06
74.7,-0.000166492822666,-0.00478749505262,8.57540236128e-06
74.75,-0.000164976449748,-0.004782610516,8.49239309622e-06
74.8,-0.000163473594426,-0.00477773798726,8.41022676843e-06
74.85,-0.000161984949832,-0.00477287743614,8.32886702716e-06
74.9,-0.000160509575386,-0.00476802883537,8.24832289538e-06
74.95,-0.000159047356795,-0.00476319215455,8.16857741388e-06
75.0,-0.000157598180691,-0.00475836736332,8.08961399458e-06
75.05,-0.000156161934622,-0.00475355443131,8.01142481365e-06
75.1,-0.000154738507054,-0.00474877497523,7.93400988053e-06
75.15,-0.000153327783501,-0.0047440368792,7.85735402335e-06
75.2,-0.00015192965552,-0.00473931612303,7.78146134963e-06
75.25,-0.000150544014089,-0.00473460917584,7.70632076809e-06
75.3,-0.000149170751267,-0.00472991390617,7.63194123821e-06
75.35,-0.000147809760107,-0.00472523028176,7.55828983379e-06
75.4,-0.000146460934526,-0.00472055827071,7.48537479785e-06
75.45,-0.000145124169311,-0.00471589784076,7.41318079921e-06
75.5,-0.000143799360108,-0.00471124895967,7.34169284195e-06
75.55,-0.000142486403412,-0.00470661159526,7.27090388274e-06
75.6,-0.000141185196566,-0.00470198571526,7.2008139869e-06
75.65,-0.000139895637755,-0.00469737128719,7.13140906821e-06
75.7,-0.000138617625996,-0.00469277812221,7.06269303395e-06
75.75,-0.000137351058388,-0.00468823488718,6.99465614871e-06
75.8,-0.000136095836167,-0.00468370296367,6.92730653916e-06
75.85,-0.00013485253484,-0.00467918231798,6.86061437523e-06
75.9,-0.000133620369838,-0.00467467291891,6.79458719715e-06
75.95,-0.000132399244533,-0.00467017473272,6.72921114308e-06
76.0,-0.000131189063087,-0.00466568772574,6.66447265407e-06
76.05,-0.000129989730448,-0.00466121186436,6.60036538899e-06
76.1,-0.000128801152347,-0.0046567471149,6.53688945916e-06
76.15,-0.000127623235292,-0.00465229603637,6.47403212881e-06
76.2,-0.000126455886448,-0.00464786118967,6.41179700816e-06
76.25,-0.00012529901364,-0.0046434373686,6.35017506601e-06
76.3,-0.000124152525683,-0.00463902453904,6.28917378421e-06
76.35,-0.000123016332148,-0.00463463830152,6.22876613763e-06
76.4,-0.000121890340792,-0.00463029291558,6.16895930004e-06
76.45,-0.00012077446342,-0.00462595837467,6.10974066144e-06
76.5,-0.000119668611897,-0.00462163464396,6.05109795788e-06
76.55,-0.000118572698816,-0.00461732168867,5.99302547785e-06
76.6,-0.000117486637494,-0.00461301947399,5.93552336809e-06
76.65,-0.000116410341965,-0.00460872796501,5.87858010975e-06
76.7,-0.000115343726977,-0.0046044503079,5.82219901471e-06
76.75,-0.000114286707862,-0.00460018760748,5.7663719189e-06
76.8,-0.000113239200614,-0.00459593552277,5.71110567937e-06
76.85,-0.000112201682833,-0.00459169401846,5.65637579896e-06
76.9,-0.000111173500485,-0.00458746306129,5.60218858724e-06
76.95,-0.00011015457197,-0.004583242616,5.54853270808e-06
77.0,-0.000109144816364,-0.00457903264736,5.49539707267e-06
77.05,-0.000108144153416,-0.00457486595081,5.44277654174e-06
77.1,-0.000107152500783,-0.00457071957413,5.39067159571e-06
77.15,-0.000106169780841,-0.00456658352427,5.33907167957e-06
77.2,-0.00010519591539,-0.00456245776558,5.28797984116e-06
77.25,-0.000104230826882,-0.00455834226222,5.23738869304e-06
77.3,-0.000103274438417,-0.00455423697845,5.1873044867e-06
77.35,-0.000102326673735,-0.00455014187831,5.13770501192e-06
77.4,-0.000101387457216,-0.00454605692615,5.08859603681e-06
77.45,-0.000100456713868,-0.00454198208615,5.03996730368e-06
77.5,-9.95343693308e-05,-0.00453791732258,4.9918087785e-06
77.55,-9.86203498623e-05,-0.00453386259981,4.94411583069e-06
77.6,-9.771458234e-05,-0.00452981788223,4.8968886616e-06
77.65,-9.68169942551e-05,-0.00452578336344,4.85011784757e-06
77.7,-9.59275136989e-05,-0.00452176611185,4.80380620038e-06
77.75,-9.5046069138e-05,-0.00451777455718,4.75794707681e-06
77.8,-9.41725880991e-05,-0.00451381708135,4.71254639176e-06
77.85,-9.33074673663e-05,-0.0045098694038,4.66758394589e-06
77.9,-9.24501621284e-05,-0.00450593148985,4.6230650151e-06
77.95,-9.16006036442e-05,-0.00450200330326,4.578980314e-06
78.0,-9.07587237497e-05,-0.00449808480787,4.53532075951e-06
78.05,-8.99244548532e-05,-0.00449417596761,4.49208217709e-06
78.1,-8.90977299319e-05,-0.00449027674649,4.44926478201e-06
78.15,-8.8278482528e-05,-0.00448638710843,4.40686004411e-06
78.2,-8.74666467433e-05,-0.0044825079022,4.36487054906e-06
78.25,-8.66621572102e-05,-0.00447864461961,4.32329027155e-06
78.3,-8.5864948952e-05,-0.00447479082725,4.28212446139e-06
78.35,-8.50749577345e-05,-0.00447094648896,4.24135485159e-06
78.4,-8.42921198639e-05,-0.00446711156884,4.20098626974e-06
78.45,-8.3516372186e-05,-0.0044632860309,4.16101031305e-06
78.5,-8.27476520804e-05,-0.00445947433374,4.12141876163e-06
78.55,-8.19858962976e-05,-0.00445570470078,4.08220798299e-06
78.6,-8.12310434412e-05,-0.00445194429988,4.04337818749e-06
78.65,-8.04830325082e-05,-0.00444819309486,4.00492165165e-06
78.7,-7.97418030114e-05,-0.00444445104966,3.96684075355e-06
78.75,-7.90072949772e-05,-0.00444071812818,3.92913004277e-06
78.8,-7.82794489403e-05,-0.00443699429441,3.8917942998e-06
78.85,-7.75585935427e-05,-0.00443327951225,3.85481695108e-06
78.9,-7.6844275187e-05,-0.00442957374707,3.81820241303e-06
78.95,-7.61364360191e-05,-0.00442587696295,3.78194307601e-06
79.0,-7.54350186762e-05,-0.00442218912409,3.74603149594e-06
79.05,-7.47399662821e-05,-0.0044185101948,3.71046428167e-06
79.1,-7.40512224447e-05,-0.00441484013946,3.67524166737e-06
79.15,-7.33687312519e-05,-0.00441117892247,3.64035666259e-06
79.2,-7.26924372678e-05,-0.00440753186847,3.60581145831e-06
79.25,-7.20222853984e-05,-0.0044038956022,3.57160114382e-06
79.3,-7.13582211054e-05,-0.00440026808335,3.53773009832e-06
79.35,-7.0700190366e-05,-0.00439667778868,3.50418328396e-06
79.4,-7.00481381291e-05,-0.00439310216864,3.47096490693e-06
79.45,-6.94020120145e-05,-0.00438953514824,3.4380679964e-06
79.5,-6.87617594015e-05,-0.00438597669185,3.40548580835e-06
79.55,-6.81273281186e-05,-0.00438242676395,3.37321528272e-06
79.6,-6.74986664396e-05,-0.0043788853291,3.34125665497e-06
79.65,-6.68757230812e-05,-0.00437535235189,3.30960359232e-06
79.7,-6.62584471984e-05,-0.00437182779705,3.27825810876e-06
79.75,-6.56467883818e-05,-0.00436831745025,3.24721574855e-06
79.8,-6.50406965259e-05,-0.00436481676064,3.21648052479e-06
79.85,-6.44404441014e-05,-0.00436132440275,3.18603879005e-06
79.9,-6.38456536736e-05,-0.00435784034247,3.15589424021e-06
79.95,-6.32562766356e-05,-0.0043543645447,3.12604063125e-06
80.0,-6.2672264797e-05,-0.00435089697444,3.09647185478e-06
80.05,-6.20935703808e-05,-0.00434743759683,3.06718515157e-06
80.1,-6.15201460196e-05,-0.00434398637712,3.0381807586e-06
80.15,-6.09519447536e-05,-0.00434054328057,3.00945294017e-06
80.2,-6.0388920026e-05,-0.00433712025466,2.98100354994e-06
80.25,-5.98310247998e-05,-0.00433372516502,2.95282865702e-06
80.3,-5.92782135888e-05,-0.00433033805581,2.92493188923e-06
80.35,-5.87304410529e-05,-0.00432695889218,2.89730085283e-06
80.4,-5.81876622411e-05,-0.00432358763956,2.86993892717e-06
80.45,-5.76498325896e-05,-0.00432022426336,2.84284045306e-06
80.5,-5.71169079186e-05,-0.00431686872913,2.81599989418e-06
80.55,-5.65888444282e-05,-0.00431352100257,2.7894147596e-06
80.6,-5.60655986964e-05,-0.00431018104945,2.763085283e-06
80.65,-5.55471276759e-05,-0.00430684883562,2.73700626605e-06
80.7,-5.50333886908e-05,-0.00430352737971,2.71117941234e-06
80.75,-5.45243393781e-05,-0.00430021774275,2.685601081e-06
80.8,-5.40199377229e-05,-0.00429691575867,2.66027462499e-06
80.85,-5.35204096213e-05,-0.00429362139348,2.63518879122e-06
80.9,-5.30254411699e-05,-0.00429033461425,2.61034667262e-06
80.95,-5.25349915865e-05,-0.00428705538721,2.58574314053e-06
81.0,-5.2049020441e-05,-0.00428378367875,2.56137317755e-06
81.05,-5.1567487653e-05,-0.00428051945537,2.53723453585e-06
81.1,-5.10903534891e-05,-0.00427726268371,2.5133274457e-06
81.15,-5.06175785603e-05,-0.00427403090185,2.48964719613e-06
81.2,-5.01491230333e-05,-0.00427081818214,2.46619544285e-06
81.25,-4.96849485216e-05,-0.00426761635831,2.44296884899e-06
81.3,-4.92250166112e-05,-0.00426442519276,2.41997047866e-06
81.35,-4.87692892276e-05,-0.00426124129125,2.39719011652e-06
81.4,-4.83177286822e-05,-0.00425806462058,2.37463059006e-06
81.45,-4.78702976138e-05,-0.00425489514759,2.35228724813e-06
81.5,-4.74269589854e-05,-0.0042517328393,2.33015554042e-06
81.55,-4.69876760814e-05,-0.00424857766282,2.30823343584e-06
81.6,-4.65524125053e-05,-0.0042454295854,2.2865211576e-06
81.65,-4.61211321773e-05,-0.00424228857437,2.26501443342e-06
81.7,-4.5693799331e-05,-0.00423915459717,2.24371470221e-06
81.75,-4.52703785119e-05,-0.00423602762133,2.22261897456e-06
81.8,-4.48508345736e-05,-0.00423290761448,2.20173004717e-06
81.85,-4.44353547437e-05,-0.0042297945443,2.18103863539e-06
81.9,-4.40236780795e-05,-0.00422668837935,2.16054732707e-06
81.95,-4.36157704092e-05,-0.00422358908755,2.14025190519e-06
82.0,-4.32115978584e-05,-0.00422049663696,2.12014824409e-06
82.05,-4.28111268479e-05,-0.00421741099579,2.10023450998e-06
82.1,-4.24143240915e-05,-0.00421433213236,2.08051092e-06
82.15,-4.20211565937e-05,-0.00421126816735,2.06097360068e-06
82.2,-4.1631591163e-05,-0.00420823033284,2.04162393025e-06
82.25,-4.1245595497e-05,-0.00420520533073,2.02245918859e-06
82.3,-4.08631373875e-05,-0.00420218696267,2.00348194202e-06
82.35,-4.04841849944e-05,-0.00419917519704,1.98468375325e-06
82.4,-4.01087067557e-05,-0.00419617000244,1.96606698791e-06
82.45,-3.97366713851e-05,-0.00419317134752,1.94762781964e-06
82.5,-3.93680478702e-05,-0.00419017920108,1.92936250494e-06
82.55,-3.90028054696e-05,-0.00418719353206,1.91126938567e-06
82.6,-3.86409137108e-05,-0.00418421430953,1.89334866999e-06
82.65,-3.82823423886e-05,-0.00418124150264,1.87559684333e-06
82.7,-3.79270615621e-05,-0.00417827508066,1.85801511997e-06
82.75,-3.75750415529e-05,-0.00417531645515,1.840601047e-06
82.8,-3.72262529252e-05,-0.00417236951125,1.82335696486e-06
82.85,-3.68808507671e-05,-0.00416942887573,1.80627521414e-06
82.9,-3.65386182579e-05,-0.00416649451877,1.78935795923e-06
82.95,-3.61995268028e-05,-0.00416356641007,1.77260172876e-06
83.0,-3.58635480578e-05,-0.00416064451944,1.75600312652e-06
83.05,-3.55306539276e-05,-0.00415772881685,1.73956065398e-06
83.1,-3.52008165635e-05,-0.00415481927239,1.72327451112e-06
83.15,-3.48740083617e-05,-0.00415191585624,1.70714150949e-06
83.2,-3.45502019608e-05,-0.00414901853871,1.69116276454e-06
83.25,-3.42293702401e-05,-0.00414613341286,1.67533605381e-06
83.3,-3.39114859757e-05,-0.00414327245384,1.65966355527e-06
83.35,-3.35965226037e-05,-0.00414041747538,1.64413829088e-06
83.4,-3.32844537234e-05,-0.00413756844801,1.62876223935e-06
83.45,-3.29752531665e-05,-0.00413472534236,1.61353224968e-06
83.5,-3.2668894995e-05,-0.0041318881292,1.59844523904e-06
83.55,-3.23653534994e-05,-0.00412905677944,1.58349985183e-06
83.6,-3.20646031964e-05,-0.0041262312641,1.56869627847e-06
83.65,-3.17666188276e-05,-0.00412341155432,1.55403162481e-06
83.7,-3.1471375357e-05,-0.00412059762135,1.53950691446e-06
83.75,-3.11788479699e-05,-0.00411779507048,1.52512013236e-06
83.8,-3.08890120125e-05,-0.00411499950339,1.51087324004e-06
83.85,-3.06019960298e-05,-0.00411220964279,1.49675990279e-06
83.9,-3.03176199301e-05,-0.00410942546075,1.4827819307e-06
83.95,-3.00358598098e-05,-0.00410664692894,1.46893646366e-06
84.0,-2.97566919758e-05,-0.0041038740192,1.45522070342e-06
84.05,-2.94800929445e-05,-0.00410110670349,1.44163342401e-06
84.1,-2.92060394396e-05,-0.0040983449539,1.42817480684e-06
84.15,-2.89345083907e-05,-0.00409558874261,1.41484222497e-06
84.2,-2.86654769313e-05,-0.00409283804194,1.40163661819e-06
84.25,-2.83989223972e-05,-0.00409009282431,1.38855615967e-06
84.3,-2.81348223248e-05,-0.00408735911418,1.37560263689e-06
84.35,-2.78731543935e-05,-0.00408463145092,1.36277029529e-06
84.4,-2.76138965321e-05,-0.00408190920357,1.35006079086e-06
84.45,-2.73570268706e-05,-0.00407919588076,1.33747152688e-06
84.5,-2.7102523505e-05,-0.00407650626079,1.32499998937e-06
84.55,-2.68503649914e-05,-0.00407382194966,1.31264506448e-06
84.6,-2.66005300436e-05,-0.00407114292032,1.30040692356e-06
84.65,-2.6352997564e-05,-0.0040684691458,1.28828318079e-06
84.7,-2.61077466422e-05,-0.0040658005993,1.2762746979e-06
84.75,-2.58647565532e-05,-0.00406313725409,1.26437981744e-06
84.8,-2.56240067559e-05,-0.00406047908358,1.25260017296e-06
84.85,-2.5385603757e-05,-0.00405782606124,1.2409305244e-06
84.9,-2.51493980248e-05,-0.00405517816111,1.22937238515e-06
84.95,-2.49153695971e-05,-0.00405253535694,1.21792339655e-06
85.0,-2.46834986887e-05,-0.00404989762258,1.20658125088e-06
85.05,-2.44537656901e-05,-0.00404726493206,1.19534494378e-06
85.1,-2.42261511659e-05,-0.00404463725951,1.18421463768e-06
85.15,-2.40006358536e-05,-0.00404201457917,1.17318816625e-06
85.2,-2.37772006618e-05,-0.00403939686539,1.16226632046e-06
85.25,-2.35558266692e-05,-0.0040367875698,1.1514475971e-06
85.3,-2.33364950955e-05,-0.00403418646929,1.14073349307e-06
85.35,-2.31191873307e-05,-0.00403159027431,1.13011924514e-06
85.4,-2.29038849556e-05,-0.00402899895957,1.11960623712e-06
85.45,-2.26905697152e-05,-0.00402641249986,1.10919232657e-06
85.5,-2.24792235172e-05,-0.00402383087013,1.09887541731e-06
85.55,-2.22698284301e-05,-0.00402125404544,1.08865460005e-06
85.6,-2.20623666825e-05,-0.00401868200097,1.07853002806e-06
85.65,-2.18568206613e-05,-0.004016114712,1.06849973363e-06
85.7,-2.16531729107e-05,-0.00401355215397,1.05856444234e-06
85.75,-2.14514061302e-05,-0.00401099430236,1.04872279026e-06
85.8,-2.12515031742e-05,-0.00400845873978,1.03897614298e-06
85.85,-2.10535520076e-05,-0.00400593636102,1.02932019518e-06
85.9,-2.08574285939e-05,-0.00400341860931,1.0197562023e-06
85.95,-2.06631162794e-05,-0.00400090546029,1.01028221726e-06
86.0,-2.04705985591e-05,-0.00399839688976,1.00089633501e-06
86.05,-2.02798590751e-05,-0.00399589287363,9.91597731448e-07
86.1,-2.00908816156e-05,-0.00399339338794,9.82386550281e-07
86.15,-1.99036501136e-05,-0.00399089840883,9.73261003252e-07
86.2,-1.97181486454e-05,-0.00398840791257,9.64221755257e-07
86.25,-1.95343614298e-05,-0.00398592187552,9.55267567898e-07
86.3,-1.93522728266e-05,-0.00398344027416,9.46399688993e-07
86.35,-1.91718673354e-05,-0.00398096308509,9.376141729e-07
86.4,-1.89931295945e-05,-0.00397849028501,9.28912176154e-07
86.45,-1.88160443794e-05,-0.00397602185076,9.20291929623e-07
86.5,-1.8640596602e-05,-0.00397355775929,9.1175170233e-07
86.55,-1.84667713092e-05,-0.00397109798767,9.03290747886e-07
86.6,-1.82945536817e-05,-0.00396864251309,8.94909201439e-07
86.65,-1.81239290331e-05,-0.00396619131284,8.86605438173e-07
86.7,-1.79548828083e-05,-0.00396374436434,8.78380067914e-07
86.75,-1.77874005829e-05,-0.00396130304996,8.7023196661e-07
86.8,-1.76214680536e-05,-0.00395887116223,8.62162276023e-07
86.85,-1.74571582663e-05,-0.00395644347424,8.54167409261e-07
86.9,-1.72943682254e-05,-0.00395401996396,8.46248423726e-07
86.95,-1.71330840435e-05,-0.00395160060922,8.38403711434e-07
87.0,-1.69732919575e-05,-0.00394918538797,8.30631699063e-07
87.05,-1.68149783279e-05,-0.00394677427827,8.22931710195e-07
87.1,-1.66581296373e-05,-0.00394436725831,8.15303871476e-07
87.15,-1.650273249e-05,-0.00394196430636,8.077467061e-07
87.2,-1.63487736101e-05,-0.00393956540083,8.00260773077e-07
87.25,-1.61962398411e-05,-0.00393717863804,7.92845051722e-07
87.3,-1.60451180102e-05,-0.00393480715931,7.8550060092e-07
87.35,-1.58953952334e-05,-0.00393244411447,7.78224148322e-07
87.4,-1.57470586865e-05,-0.00393008502773,7.71016662979e-07
87.45,-1.56000956839e-05,-0.00392772987776,7.63876682684e-07
87.5,-1.54544936542e-05,-0.0039253786433,7.56802776738e-07
87.55,-1.53102401387e-05,-0.00392303130326,7.49794331559e-07
87.6,-1.5167322791e-05,-0.00392068783662,7.4285146523e-07
87.65,-1.50257293756e-05,-0.00391834822249,7.35972834842e-07
87.7,-1.48854477669e-05,-0.00391601244008,7.29158952361e-07
87.75,-1.47464659485e-05,-0.00391368046871,7.22408890399e-07
87.8,-1.46087720123e-05,-0.00391135228778,7.15723601606e-07
87.85,-1.44724264834e-05,-0.00390902787683,7.09100110958e-07
87.9,-1.43373439184e-05,-0.00390670721569,7.02539301842e-07
87.95,-1.42035127485e-05,-0.0039043902841,6.9603984488e-07
88.0,-1.40709215094e-05,-0.00390207706191,6.8960043933e-07
88.05,-1.39395588397e-05,-0.00389976752908,6.83220528941e-07
88.1,-1.38094134804e-05,-0.0038974616657,6.76900224118e-07
88.15,-1.36804742741e-05,-0.00389515945193,6.70638303955e-07
88.2,-1.35527301638e-05,-0.00389286086805,6.64435237698e-07
88.25,-1.34261701921e-05,-0.00389056589443,6.58290182984e-07
88.3,-1.33007835004e-05,-0.00388828042275,6.52204010584e-07
88.35,-1.31765593027e-05,-0.00388599912695,6.46174015247e-07
88.4,-1.30534869336e-05,-0.003883721398,6.40201004706e-07
88.45,-1.29315558267e-05,-0.00388144721657,6.34283769983e-07
88.5,-1.28107555111e-05,-0.00387917656343,6.28421128131e-07
88.55,-1.26910756101e-05,-0.00387690941947,6.22612574593e-07
88.6,-1.25725058407e-05,-0.00387464576568,6.16858212294e-07
88.65,-1.2455036013e-05,-0.00387238558315,6.11156930909e-07
88.7,-1.23386560288e-05,-0.00387012885307,6.05509160318e-07
88.75,-1.22233558813e-05,-0.00386787555672,5.99914135096e-07
88.8,-1.21091256542e-05,-0.0038656256755,5.94372651e-07
88.85,-1.19960154711e-05,-0.00386338561308,5.8888224201e-07
88.9,-1.18839544355e-05,-0.00386116423275,5.83443649662e-07
88.95,-1.17729328039e-05,-0.00385894625441,5.78055787927e-07
89.0,-1.16629410919e-05,-0.00385673161888,5.72717573467e-07
89.05,-1.15539698431e-05,-0.00385452030778,5.67428548212e-07
89.1,-1.14460096869e-05,-0.00385231230286,5.62188807712e-07
89.15,-1.13390513373e-05,-0.00385010758592,5.56997341775e-07
89.2,-1.12330855922e-05,-0.0038479061389,5.5185454389e-07
89.25,-1.11281033326e-05,-0.00384570794383,5.46759718151e-07
89.3,-1.10240955222e-05,-0.00384351298282,5.4171359149e-07
89.35,-1.09210532063e-05,-0.00384132123808,5.36713918026e-07
89.4,-1.08189675113e-05,-0.00383913269195,5.31761372056e-07
89.45,-1.07178296438e-05,-0.00383694732683,5.26854953017e-07
89.5,-1.06176308901e-05,-0.00383476512525,5.21993681873e-07
89.55,-1.05183626154e-05,-0.00383258606983,5.17177143004e-07
89.6,-1.0420016263e-05,-0.0038304101433,5.12405425356e-07
89.65,-1.03225833537e-05,-0.00382823732846,5.07677610023e-07
89.7,-1.02260554854e-05,-0.00382606760823,5.02994057456e-07
89.75,-1.01304243317e-05,-0.00382390096561,4.98354135151e-07
89.8,-1.00356816421e-05,-0.00382174125667,4.93758507449e-07
89.85,-9.94186891282e-06,-0.00381958711737,4.8920513058e-07
89.9,-9.84892737119e-06,-0.00381743602001,4.84694621819e-07
89.95,-9.75684900409e-06,-0.00381528794784,4.80226070761e-07
90.0,-9.66562587105e-06,-0.00381314288422,4.75798586583e-07
90.05,-9.57525010354e-06,-0.00381100081259,4.71411791979e-07
90.1,-9.48571390442e-06,-0.00380886171651,4.67065769537e-07
90.15,-9.39700954726e-06,-0.00380672557961,4.62759683153e-07
90.2,-9.30912937569e-06,-0.00380459238561,3.95778869695e-07
90.25,-9.22206485825e-06,-0.00380246298611,3.85157110459e-07
90.3,-9.13580935066e-06,-0.00380033657947,3.81608122428e-07
90.35,-9.05035550999e-06,-0.00379821736307,3.78091720061e-07
90.4,-8.96569594052e-06,-0.00379610289391,3.74608521586e-07
90.45,-8.88182332125e-06,-0.00379399128657,3.71157752324e-07
90.5,-8.79873040324e-06,-0.00379188252539,3.67738654328e-07
90.55,-8.71641000342e-06,-0.0037897765948,3.64350937235e-07
90.6,-8.63485500397e-06,-0.00378767347934,3.60994729412e-07
90.65,-8.5540583518e-06,-0.00378557316359,3.57669321271e-07
90.7,-8.4740130579e-06,-0.00378348650581,3.54374430525e-07
90.75,-8.39471212996e-06,-0.00378140533707,3.51110239791e-07
90.8,-8.31614873752e-06,-0.00377932691345,3.16606074991e-07
90.85,-8.23835683314e-06,-0.00377725164533,3.10213513997e-07
90.9,-8.16128808591e-06,-0.00377517913246,3.07357743387e-07
90.95,-8.08493587977e-06,-0.0037731093118,3.04528573409e-07
91.0,-8.0092936113e-06,-0.00377104216854,3.01725340668e-07
91.05,-7.93435473708e-06,-0.00376897768792,2.98947807768e-07
91.1,-7.86011277324e-06,-0.0037669158553,2.96196118788e-07
91.15,-7.78656129488e-06,-0.0037648566561,2.93469653641e-07
91.2,-7.71369393557e-06,-0.00376280007585,2.90768181527e-07
91.25,-7.64150438679e-06,-0.00376074610013,2.88091888807e-07
91.3,-7.56998639747e-06,-0.00375869661899,2.8544103569e-07
91.35,-7.4991337688e-06,-0.00375665409724,2.82814469391e-07
91.4,-6.48773427724e-06,-0.0037546141517,2.49060307982e-07
91.45,-5.01435599834e-06,-0.00375257463062,2.43305107413e-07
91.5,-4.96741887069e-06,-0.0037505338963,2.4106648909e-07
91.55,-4.92091845817e-06,-0.00374849579442,2.38848383738e-07
91.6,-4.87485073273e-06,-0.00374646030981,2.05528826308e-07
91.65,-4.8292114582e-06,-0.00374442785062,2.00177102455e-07
91.7,-4.78399690595e-06,-0.00374239801872,1.98335181336e-07
91.75,-4.73920318464e-06,-0.00374037075148,1.96510515324e-07
91.8,-4.69482641066e-06,-0.00373834603421,1.94703393889e-07
91.85,-4.65088597874e-06,-0.00373632624915,1.92912817365e-07
91.9,-4.60735437091e-06,-0.00373431267722,1.91139013334e-07
91.95,-4.56422781017e-06,-0.00373230162569,1.58321156887e-07
92.0,-4.52150233095e-06,-0.00373029350234,1.53411706823e-07
92.05,-4.47917444174e-06,-0.00372828791054,1.52001154617e-07
92.1,-4.43724049916e-06,-0.0037262847884,1.5060351246e-07
92.15,-4.39569686719e-06,-0.00372428412181,1.49218662471e-07
92.2,-4.35453994294e-06,-0.00372228589678,1.47846487848e-07
92.25,-4.31376615638e-06,-0.00372029009939,1.15436447996e-07
92.3,-4.27337175415e-06,-0.00371829713773,7.99089771151e-08
92.35,-4.23335321713e-06,-0.00371630703748,7.57259214458e-08
92.4,-4.19370729401e-06,-0.00371431935584,4.39818401133e-08
92.45,-4.15443035736e-06,-0.00371233445362,4.01252652037e-08
92.5,-4.1155191906e-06,-0.00371035193563,3.97565883908e-08
92.55,-4.07697043799e-06,-0.00370837174106,3.9391281877e-08
92.6,-4.03878075067e-06,-0.00370639385687,3.90293149516e-08
92.65,-4.00094681038e-06,-0.0037044182701,3.86706571839e-08
92.7,-3.96346532916e-06,-0.00370244965314,3.83152784207e-08
92.75,-3.92633302787e-06,-0.00370049059047,3.79631493082e-08
92.8,-3.88954668507e-06,-0.00369853378122,3.76146158465e-08
92.85,-3.85312235877e-06,-0.00369658539455,3.72692652674e-08
92.9,-3.81703723647e-06,-0.00369463924997,3.69270687971e-08
92.95,-3.78128818414e-06,-0.00369269533477,3.65879977282e-08
93.0,-3.74587209634e-06,-0.00369075363628,3.6252023615e-08
93.05,-3.71078589602e-06,-0.00368881414195,3.59191182706e-08
93.1,-3.6760265342e-06,-0.00368687683926,3.55892537648e-08
93.15,-3.6415909898e-06,-0.00368494171582,3.52624024218e-08
93.2,-3.6074762693e-06,-0.00368300875929,3.49385368178e-08
93.25,-3.57367940655e-06,-0.0036810779574,3.46176297752e-08
93.3,-3.54019746253e-06,-0.00367914929797,3.46099341426e-09
93.35,-3.50702734946e-06,-0.00367722372493,0.0
93.4,-3.47416634362e-06,-0.00367530575256,0.0
93.45,-3.44161159966e-06,-0.00367338989273,0.0
93.5,-3.40936028464e-06,-0.00367147613353,0.0
93.55,-3.37740959153e-06,-0.00366956446313,0.0
93.6,-3.34575673897e-06,-0.00366765486979,0.0
93.65,-3.31439897108e-06,-0.00366574734181,0.0
93.7,-3.28333355717e-06,-0.0036638418676,0.0
93.75,-3.25255779155e-06,-0.00366193843562,0.0
93.8,-3.22206899332e-06,-0.0036600370344,0.0
93.85,-3.19188045761e-06,-0.00365813765257,0.0
93.9,-3.16197328607e-06,-0.00365624027883,0.0
93.95,-3.1323448754e-06,-0.00365434490196,0.0
94.0,-3.10299264614e-06,-0.00365245151076,0.0
94.05,-3.07391404245e-06,-0.00365056009415,0.0
94.1,-3.04510653189e-06,-0.00364867064107,0.0
94.15,-3.01656760519e-06,-0.00364678314056,0.0
94.2,-2.98829477609e-06,-0.00364489758173,0.0
94.25,-2.96028558109e-06,-0.00364301395376,0.0
94.3,-2.93253757926e-06,-0.00364113224588,0.0
94.35,-2.90504835204e-06,-0.00363925668876,0.0
94.4,-2.87781549907e-06,-0.0036373848839,0.0
94.45,-2.85083664436e-06,-0.00363551498114,0.0
94.5,-2.82410943545e-06,-0.00363364696989,0.0
94.55,-2.79763154142e-06,-0.00363178083959,0.0
94.6,-2.77140065275e-06,-0.00362991657977,0.0
94.65,-2.74541448108e-06,-0.00362805418003,0.0
94.7,-2.71967075906e-06,-0.00362619363003,0.0
94.75,-2.69416724009e-06,-0.00362433491948,0.0
94.8,-2.66890169824e-06,-0.00362247803818,0.0
94.85,-2.64388514085e-06,-0.00362062297599,0.0
94.9,-2.61910190887e-06,-0.00361877436639,0.0
94.95,-2.59454983701e-06,-0.00361692996046,0.0
95.0,-2.57022677748e-06,-0.00361509667606,0.0
95.05,-2.54613060112e-06,-0.00361326519562,0.0
95.1,-2.52225921038e-06,-0.00361143549533,0.0
95.15,-2.49861052257e-06,-0.00360960756522,0.0
95.2,-2.47518247413e-06,-0.00360778139534,0.0
95.25,-2.45197302041e-06,-0.00360595697584,0.0
95.3,-2.42898013554e-06,-0.00360413429691,0.0
95.35,-2.40620181222e-06,-0.00360231334881,0.0
95.4,-1.43589660066e-06,-0.00360049412187,0.0
95.45,0.0,-0.00359867412561,0.0
95.5,0.0,-0.00359685215021,0.0
95.55,0.0,-0.00359503197161,0.0
95.6,0.0,-0.00359321357909,0.0
95.65,0.0,-0.00359139696198,0.0
95.7,0.0,-0.00358958210969,0.0
95.75,0.0,-0.00358776901172,0.0
95.8,0.0,-0.00358595765762,0.0
95.85,0.0,-0.00358415039779,0.0
95.9,0.0,-0.00358234849785,0.0
95.95,0.0,-0.00358054832445,0.0
96.0,0.0,-0.00357874986734,0.0
96.05,0.0,-0.00357695311631,0.0
96.1,0.0,-0.00357515806126,0.0
96.15,0.0,-0.00357336469213,0.0
96.2,0.0,-0.00357157299894,0.0
96.25,0.0,-0.0035697829718,0.0
96.3,0.0,-0.00356799460086,0.0
96.35,0.0,-0.00356620787635,0.0
96.4,0.0,-0.00356442560294,0.0
96.45,0.0,-0.00356264795279,0.0
96.5,0.0,-0.00356087193331,0.0
96.55,0.0,-0.00355909753491,0.0
96.6,0.0,-0.00355732474803,0.0
96.65,0.0,-0.00355555356322,0.0
96.7,0.0,-0.00355378397107,0.0
96.75,0.0,-0.00355201596223,0.0
96.8,0.0,-0.00355024952743,0.0
96.85,0.0,-0.00354848465747,0.0
96.9,0.0,-0.00354672134321,0.0
96.95,0.0,-0.00354495957557,0.0
97.0,0.0,-0.00354319934554,0.0
97.05,0.0,-0.00354144064417,0.0
97.1,0.0,-0.00353968346257,0.0
97.15,0.0,-0.00353792779193,0.0
97.2,0.0,-0.00353617362349,0.0
97.25,0.0,-0.00353442094854,0.0
97.3,0.0,-0.00353266975846,0.0
97.35,0.0,-0.00353092058132,0.0
97.4,0.0,-0.00352917823877,0.0
97.45,0.0,-0.00352743736897,0.0
97.5,0.0,-0.00352570523185,0.0
97.55,0.0,-0.00352397652825,0.0
97.6,0.0,-0.00352224927155,0.0
97.65,0.0,-0.00352052345331,0.0
97.7,0.0,-0.00351879906517,0.0
97.75,0.0,-0.00351707609881,0.0
97.8,0.0,-0.00351535454597,0.0
97.85,0.0,-0.00351363439848,0.0
97.9,0.0,-0.00351191668792,0.0
97.95,0.0,-0.00351020504687,0.0
98.0,0.0,-0.00350849479974,0.0
98.05,0.0,-0.00350678593845,0.0
98.1,0.0,-0.00350507845498,0.0
98.15,0.0,-0.00350337234139,0.0
98.2,0.0,-0.00350166758975,0.0
98.25,0.0,-0.00349996419224,0.0
98.3,0.0,-0.00349826214106,0.0
98.35,0.0,-0.00349656142849,0.0
98.4,0.0,-0.00349486204683,0.0
98.45,0.0,-0.00349316398849,0.0
98.5,0.0,-0.00349146724587,0.0
98.55,0.0,-0.00348977181149,0.0
98.6,0.0,-0.00348807767786,0.0
98.65,0.0,-0.0034863848376,0.0
98.7,0.0,-0.00348469328335,0.0
98.75,0.0,-0.00348300300781,0.0
98.8,0.0,-0.00348131400373,0.0
98.85,0.0,-0.00347962626393,0.0
98.9,0.0,-0.00347794436346,0.0
98.95,0.0,-0.0034762649568,0.0
99.0,0.0,-0.00347458680612,0.0
99.05,0.0,-0.0034729099043,0.0
99.1,0.0,-0.0034712342443,0.0
99.15,0.0,-0.00346955981911,0.0
99.2,0.0,-0.00346788662178,0.0
99.25,0.0,-0.00346621464541,0.0
99.3,0.0,-0.00346454388314,0.0
99.35,0.0,-0.00346287432818,0.0
99.4,0.0,-0.00346120597378,0.0
99.45,0.0,-0.00345954376479,0.0
99.5,0.0,-0.00345788343699,0.0
99.55,0.0,-0.00345622430233,0.0
99.6,0.0,-0.00345456635416,0.0
99.65,0.0,-0.00345290958583,0.0
99.7,0.0,-0.00345125399077,0.0
99.75,0.0,-0.00344959956247,0.0
99.8,0.0,-0.00344794629442,0.0
99.85,0.0,-0.00344629418021,0.0
99.9,0.0,-0.00344464321343,0.0
99.95,0.0,-0.00344299338775,0.0
100.0,0.0,-0.00344134469687,0.0
