"time","AMPA","NMDA","GABAa"
0.0,0.0,0.0,0.0
0.05,0.0,0.0,0.0
0.1,0.0,0.0,0.0
0.15,0.0,0.0,0.0
0.2,0.0,0.0,0.0
0.25,0.0,0.0,0.0
0.3,0.0,0.0,0.0
0.35,0.0,0.0,0.0
0.4,0.0,0.0,0.0
0.45,0.0,0.0,0.0
0.5,0.0,0.0,0.0
0.55,0.0,0.0,0.0
0.6,0.0,0.0,0.0
0.65,0.0,0.0,0.0
0.7,0.0,0.0,0.0
0.75,0.0,0.0,0.0
0.8,0.0,0.0,0.0
0.85,0.0,0.0,0.0
0.9,0.0,0.0,0.0
0.95,0.0,0.0,0.0
1.0,0.0,0.0,0.0
1.05,0.0,0.0,0.0
1.1,0.0,0.0,0.0
1.15,0.0,0.0,0.0
1.2,0.0,0.0,0.0
1.25,0.0,0.0,0.0
1.3,0.0,0.0,0.0
1.35,0.0,0.0,0.0
1.4,0.0,0.0,0.0
1.45,0.0,0.0,0.0
1.5,0.0,0.0,0.0
1.55,0.0,0.0,0.0
1.6,0.0,0.0,0.0
1.65,0.0,0.0,0.0
1.7,0.0,0.0,0.0
1.75,0.0,0.0,0.0
1.8,0.0,0.0,0.0
1.85,0.0,0.0,0.0
1.9,0.0,0.0,0.0
1.95,0.0,0.0,0.0
2.0,0.0,0.0,0.0
2.05,0.0,0.0,0.0
2.1,0.0,0.0,0.0
2.15,0.0,0.0,0.0
2.2,0.0,0.0,0.0
2.25,0.0,0.0,0.0
2.3,0.0,0.0,0.0
2.35,0.0,0.0,0.0
2.4,0.0,0.0,0.0
2.45,0.0,0.0,0.0
2.5,0.0,0.0,0.0
2.55,0.0,0.0,0.0
2.6,0.0,0.0,0.0
2.65,0.0,0.0,0.0
2.7,0.0,0.0,0.0
2.75,0.0,0.0,0.0
2.8,0.0,0.0,0.0
2.85,0.0,0.0,0.0
2.9,0.0,0.0,0.0
2.95,0.0,0.0,0.0
3.0,0.0,0.0,0.0
3.05,0.0,0.0,0.0
3.1,0.0,0.0,0.0
3.15,0.0,0.0,0.0
3.2,0.0,0.0,0.0
3.25,0.0,0.0,0.0
3.3,0.0,0.0,0.0
3.35,0.0,0.0,0.0
3.4,0.0,0.0,0.0
3.45,0.0,0.0,0.0
3.5,0.0,0.0,0.0
3.55,0.0,0.0,0.0
3.6,0.0,0.0,0.0
3.65,0.0,0.0,0.0
3.7,0.0,0.0,0.0
3.75,0.0,0.0,0.0
3.8,0.0,0.0,0.0
3.85,0.0,0.0,0.0
3.9,0.0,0.0,0.0
3.95,0.0,0.0,0.0
4.0,0.0,0.0,0.0
4.05,0.0,0.0,0.0
4.1,0.0,0.0,0.0
4.15,0.0,0.0,0.0
4.2,0.0,0.0,0.0
4.25,0.0,0.0,0.0
4.3,0.0,0.0,0.0
4.35,0.0,0.0,0.0
4.4,0.0,0.0,0.0
4.45,0.0,0.0,0.0
4.5,0.0,0.0,0.0
4.55,0.0,0.0,0.0
4.6,0.0,0.0,0.0
4.65,0.0,0.0,0.0
4.7,0.0,0.0,0.0
4.75,0.0,0.0,0.0
4.8,0.0,0.0,0.0
4.85,0.0,0.0,0.0
4.9,0.0,0.0,0.0
4.95,0.0,0.0,0.0
5.0,0.0,0.0,0.0
5.05,0.0,0.0,0.0
5.1,0.0,0.0,0.0
5.15,0.0,0.0,0.0
5.2,0.0,0.0,0.0
5.25,0.0,0.0,0.0
5.3,0.0,0.0,0.0
5.35,0.0,0.0,0.0
5.4,0.0,0.0,0.0
5.45,0.0,0.0,0.0
5.5,0.0,0.0,0.0
5.55,0.0,0.0,0.0
5.6,0.0,0.0,0.0
5.65,0.0,0.0,0.0
5.7,0.0,0.0,0.0
5.75,0.0,0.0,0.0
5.8,0.0,0.0,0.0
5.85,0.0,0.0,0.0
5.9,0.0,0.0,0.0
5.95,0.0,0.0,0.0
6.0,0.0,0.0,0.0
6.05,0.0,0.0,0.0
6.1,0.0,0.0,0.0
6.15,0.0,0.0,0.0
6.2,0.0,0.0,0.0
6.25,0.0,0.0,0.0
6.3,0.0,0.0,0.0
6.35,0.0,0.0,0.0
6.4,0.0,0.0,0.0
6.45,0.0,0.0,0.0
6.5,0.0,0.0,0.0
6.55,0.0,0.0,0.0
6.6,0.0,0.0,0.0
6.65,0.0,0.0,0.0
6.7,0.0,0.0,0.0
6.75,0.0,0.0,0.0
6.8,0.0,0.0,0.0
6.85,0.0,0.0,0.0
6.9,0.0,0.0,0.0
6.95,0.0,0.0,0.0
7.0,0.0,0.0,0.0
7.05,0.0,0.0,0.0
7.1,0.0,0.0,0.0
7.15,0.0,0.0,0.0
7.2,0.0,0.0,0.0
7.25,0.0,0.0,0.0
7.3,0.0,0.0,0.0
7.35,0.0,0.0,0.0
7.4,0.0,0.0,0.0
7.45,0.0,0.0,0.0
7.5,0.0,0.0,0.0
7.55,0.0,0.0,0.0
7.6,0.0,0.0,0.0
7.65,0.0,0.0,0.0
7.7,0.0,0.0,0.0
7.75,0.0,0.0,0.0
7.8,0.0,0.0,0.0
7.85,0.0,0.0,0.0
7.9,0.0,0.0,0.0
7.95,0.0,0.0,0.0
8.0,0.0,0.0,0.0
8.05,0.0,0.0,0.0
8.1,0.0,0.0,0.0
8.15,0.0,0.0,0.0
8.2,0.0,0.0,0.0
8.25,0.0,0.0,0.0
8.3,0.0,0.0,0.0
8.35,0.0,0.0,0.0
8.4,0.0,0.0,0.0
8.45,0.0,0.0,0.0
8.5,0.0,0.0,0.0
8.55,0.0,0.0,0.0
8.6,0.0,0.0,0.0
8.65,0.0,0.0,0.0
8.7,0.0,0.0,0.0
8.75,0.0,0.0,0.0
8.8,0.0,0.0,0.0
8.85,0.0,0.0,0.0
8.9,0.0,0.0,0.0
8.95,0.0,0.0,0.0
9.0,0.0,0.0,0.0
9.05,0.0,0.0,0.0
9.1,0.0,0.0,0.0
9.15,0.0,0.0,0.0
9.2,0.0,0.0,0.0
9.25,0.0,0.0,0.0
9.3,0.0,0.0,0.0
9.35,0.0,0.0,0.0
9.4,0.0,0.0,0.0
9.45,0.0,0.0,0.0
9.5,0.0,0.0,0.0
9.55,0.0,0.0,0.0
9.6,0.0,0.0,0.0
9.65,0.0,0.0,0.0
9.7,0.0,0.0,0.0
9.75,0.0,0.0,0.0
9.8,0.0,0.0,0.0
9.85,0.0,0.0,0.0
9.9,0.0,0.0,0.0
9.95,0.0,0.0,0.0
10.0,0.0,0.0,0.0
10.05,0.0,0.0,0.0
10.1,0.0,0.0,0.0
10.15,0.0,0.0,0.0
10.2,0.0,0.0,0.0
10.25,0.0,0.0,0.0
10.3,0.0,0.0,0.0
10.35,0.0,0.0,0.0
10.4,0.0,0.0,0.0
10.45,0.0,0.0,0.0
10.5,0.0,0.0,0.0
10.55,0.0,0.0,0.0
10.6,0.0,0.0,0.0
10.65,0.0,0.0,0.0
10.7,0.0,0.0,0.0
10.75,0.0,0.0,0.0
10.8,0.0,0.0,0.0
10.85,0.0,0.0,0.0
10.9,0.0,0.0,0.0
10.95,0.0,0.0,0.0
11.0,0.0,0.0,0.0
11.05,0.0,0.0,0.0
11.1,0.0,0.0,0.0
11.15,0.0,0.0,0.0
11.2,0.0,0.0,0.0
11.25,0.0,0.0,0.0
11.3,0.0,0.0,0.0
11.35,0.0,0.0,0.0
11.4,0.0,0.0,0.0
11.45,0.0,0.0,0.0
11.5,0.0,0.0,0.0
11.55,0.0,0.0,0.0
11.6,0.0,0.0,0.0
11.65,0.0,0.0,0.0
11.7,0.0,0.0,0.0
11.75,0.0,0.0,0.0
11.8,0.0,0.0,0.0
11.85,0.0,0.0,0.0
11.9,0.0,0.0,0.0
11.95,0.0,0.0,0.0
12.0,0.0,0.0,0.0
12.05,0.0,0.0,0.0
12.1,0.0,0.0,0.0
12.15,0.0,0.0,0.0
12.2,0.0,0.0,0.0
12.25,0.0,0.0,0.0
12.3,0.0,0.0,0.0
12.35,0.0,0.0,0.0
12.4,0.0,0.0,0.0
12.45,0.0,0.0,0.0
12.5,0.0,0.0,0.0
12.55,0.0,0.0,0.0
12.6,0.0,0.0,0.0
12.65,0.0,0.0,0.0
12.7,0.0,0.0,0.0
12.75,0.0,0.0,0.0
12.8,0.0,0.0,0.0
12.85,0.0,0.0,0.0
12.9,0.0,0.0,0.0
12.95,0.0,0.0,0.0
13.0,0.0,0.0,0.0
13.05,0.0,0.0,0.0
13.1,0.0,0.0,0.0
13.15,0.0,0.0,0.0
13.2,0.0,0.0,0.0
13.25,0.0,0.0,0.0
13.3,0.0,0.0,0.0
13.35,0.0,0.0,0.0
13.4,0.0,0.0,0.0
13.45,0.0,0.0,0.0
13.5,0.0,0.0,0.0
13.55,0.0,0.0,0.0
13.6,0.0,0.0,0.0
13.65,0.0,0.0,0.0
13.7,0.0,0.0,0.0
13.75,0.0,0.0,0.0
13.8,0.0,0.0,0.0
13.85,0.0,0.0,0.0
13.9,0.0,0.0,0.0
13.95,0.0,0.0,0.0
14.0,0.0,0.0,0.0
14.05,0.0,0.0,0.0
14.1,0.0,0.0,0.0
14.15,0.0,0.0,0.0
14.2,0.0,0.0,0.0
14.25,0.0,0.0,0.0
14.3,0.0,0.0,0.0
14.35,0.0,0.0,0.0
14.4,0.0,0.0,0.0
14.45,0.0,0.0,0.0
14.5,0.0,0.0,0.0
14.55,0.0,0.0,0.0
14.6,0.0,0.0,0.0
14.65,0.0,0.0,0.0
14.7,0.0,0.0,0.0
14.75,0.0,0.0,0.0
14.8,0.0,0.0,0.0
14.85,0.0,0.0,0.0
14.9,0.0,0.0,0.0
14.95,0.0,0.0,0.0
15.0,0.0,0.0,0.0
15.05,0.0,0.0,0.0
15.1,0.0,0.0,0.0
15.15,0.0,0.0,0.0
15.2,0.0,0.0,0.0
15.25,0.0,0.0,0.0
15.3,0.0,0.0,0.0
15.35,0.0,0.0,0.0
15.4,0.0,0.0,0.0
15.45,0.0,0.0,0.0
15.5,0.0,0.0,0.0
15.55,0.0,0.0,0.0
15.6,0.0,0.0,0.0
15.65,0.0,0.0,0.0
15.7,0.0,0.0,0.0
15.75,0.0,0.0,0.0
15.8,0.0,0.0,0.0
15.85,0.0,0.0,0.0
15.9,0.0,0.0,0.0
15.95,0.0,0.0,0.0
16.0,0.0,0.0,0.0
16.05,0.0,0.0,0.0
16.1,0.0,0.0,0.0
16.15,0.0,0.0,0.0
16.2,0.0,0.0,0.0
16.25,0.0,0.0,0.0
16.3,0.0,0.0,0.0
16.35,0.0,0.0,0.0
16.4,0.0,0.0,0.0
16.45,0.0,0.0,0.0
16.5,0.0,0.0,0.0
16.55,0.0,0.0,0.0
16.6,0.0,0.0,0.0
16.65,0.0,0.0,0.0
16.7,0.0,0.0,0.0
16.75,0.0,0.0,0.0
16.8,0.0,0.0,0.0
16.85,0.0,0.0,0.0
16.9,0.0,0.0,0.0
16.95,0.0,0.0,0.0
17.0,0.0,0.0,0.0
17.05,0.0,0.0,0.0
17.1,0.0,0.0,0.0
17.15,0.0,0.0,0.0
17.2,0.0,0.0,0.0
17.25,0.0,0.0,0.0
17.3,0.0,0.0,0.0
17.35,0.0,0.0,0.0
17.4,0.0,0.0,0.0
17.45,0.0,0.0,0.0
17.5,0.0,0.0,0.0
17.55,0.0,0.0,0.0
17.6,0.0,0.0,0.0
17.65,0.0,0.0,0.0
17.7,0.0,0.0,0.0
17.75,0.0,0.0,0.0
17.8,0.0,0.0,0.0
17.85,0.0,0.0,0.0
17.9,0.0,0.0,0.0
17.95,0.0,0.0,0.0
18.0,0.0,0.0,0.0
18.05,0.0,0.0,0.0
18.1,0.0,0.0,0.0
18.15,0.0,0.0,0.0
18.2,0.0,0.0,0.0
18.25,0.0,0.0,0.0
18.3,0.0,0.0,0.0
18.35,0.0,0.0,0.0
18.4,0.0,0.0,0.0
18.45,0.0,0.0,0.0
18.5,0.0,0.0,0.0
18.55,0.0,0.0,0.0
18.6,0.0,0.0,0.0
18.65,0.0,0.0,0.0
18.7,0.0,0.0,0.0
18.75,0.0,0.0,0.0
18.8,0.0,0.0,0.0
18.85,0.0,0.0,0.0
18.9,0.0,0.0,0.0
18.95,0.0,0.0,0.0
19.0,0.0,0.0,0.0
19.05,0.0,0.0,0.0
19.1,0.0,0.0,0.0
19.15,0.0,0.0,0.0
19.2,0.0,0.0,0.0
19.25,0.0,0.0,0.0
19.3,0.0,0.0,0.0
19.35,0.0,0.0,0.0
19.4,0.0,0.0,0.0
19.45,0.0,0.0,0.0
19.5,0.0,0.0,0.0
19.55,0.0,0.0,0.0
19.6,0.0,0.0,0.0
19.65,0.0,0.0,0.0
19.7,0.0,0.0,0.0
19.75,0.0,0.0,0.0
19.8,0.0,0.0,0.0
19.85,0.0,0.0,0.0
19.9,0.0,0.0,0.0
19.95,0.0,0.0,0.0
20.0,0.0,0.0,0.0
20.05,0.0,0.0,0.0
20.1,0.0,0.0,0.0
20.15,0.0,0.0,0.0
20.2,0.0,0.0,0.0
20.25,0.0,0.0,0.0
20.3,0.0,0.0,0.0
20.35,0.0,0.0,0.0
20.4,0.0,0.0,0.0
20.45,0.0,0.0,0.0
20.5,0.0,0.0,0.0
20.55,0.0,0.0,0.0
20.6,0.0,0.0,0.0
20.65,0.0,0.0,0.0
20.7,0.0,0.0,0.0
20.75,0.0,0.0,0.0
20.8,0.0,0.0,0.0
20.85,0.0,0.0,0.0
20.9,0.0,0.0,0.0
20.95,0.0,0.0,0.0
21.0,0.0,0.0,0.0
21.05,0.0,0.0,0.0
21.1,0.0,0.0,0.0
21.15,0.0,0.0,0.0
21.2,0.0,0.0,0.0
21.25,0.0,0.0,0.0
21.3,0.0,0.0,0.0
21.35,0.0,0.0,0.0
21.4,0.0,0.0,0.0
21.45,0.0,0.0,0.0
21.5,0.0,0.0,0.0
21.55,0.0,0.0,0.0
21.6,0.0,0.0,0.0
21.65,0.0,0.0,0.0
21.7,0.0,0.0,0.0
21.75,0.0,0.0,0.0
21.8,0.0,0.0,0.0
21.85,0.0,0.0,0.0
21.9,0.0,0.0,0.0
21.95,0.0,0.0,0.0
22.0,0.0,0.0,0.0
22.05,0.0,0.0,0.0
22.1,0.0,0.0,0.0
22.15,0.0,0.0,0.0
22.2,0.0,0.0,0.0
22.25,0.0,0.0,0.0
22.3,0.0,0.0,0.0
22.35,0.0,0.0,0.0
22.4,0.0,0.0,0.0
22.45,0.0,0.0,0.0
22.5,0.0,0.0,0.0
22.55,0.0,0.0,0.0
22.6,0.0,0.0,0.0
22.65,0.0,0.0,0.0
22.7,0.0,0.0,0.0
22.75,0.0,0.0,0.0
22.8,0.0,0.0,0.0
22.85,0.0,0.0,0.0
22.9,0.0,0.0,0.0
22.95,0.0,0.0,0.0
23.0,0.0,0.0,0.0
23.05,0.0,0.0,0.0
23.1,0.0,0.0,0.0
23.15,0.0,0.0,0.0
23.2,0.0,0.0,0.0
23.25,0.0,0.0,0.0
23.3,0.0,0.0,0.0
23.35,0.0,0.0,0.0
23.4,0.0,0.0,0.0
23.45,0.0,0.0,0.0
23.5,0.0,0.0,0.0
23.55,0.0,0.0,0.0
23.6,0.0,0.0,0.0
23.65,0.0,0.0,0.0
23.7,0.0,0.0,0.0
23.75,0.0,0.0,0.0
23.8,0.0,0.0,0.0
23.85,0.0,0.0,0.0
23.9,0.0,0.0,0.0
23.95,0.0,0.0,0.0
24.0,0.0,0.0,0.0
24.05,0.0,0.0,0.0
24.1,0.0,0.0,0.0
24.15,0.0,0.0,0.0
24.2,0.0,0.0,0.0
24.25,0.0,0.0,0.0
24.3,0.0,0.0,0.0
24.35,0.0,0.0,0.0
24.4,0.0,0.0,0.0
24.45,0.0,0.0,0.0
24.5,0.0,0.0,0.0
24.55,0.0,0.0,0.0
24.6,0.0,0.0,0.0
24.65,0.0,0.0,0.0
24.7,0.0,0.0,0.0
24.75,0.0,0.0,0.0
24.8,0.0,0.0,0.0
24.85,0.0,0.0,0.0
24.9,0.0,0.0,0.0
24.95,0.0,0.0,0.0
25.0,0.0,0.0,0.0
25.05,0.0,0.0,0.0
25.1,0.0,0.0,0.0
25.15,0.0,0.0,0.0
25.2,0.0,0.0,0.0
25.25,0.0,0.0,0.0
25.3,0.0,0.0,0.0
25.35,0.0,0.0,0.0
25.4,0.0,0.0,0.0
25.45,0.0,0.0,0.0
25.5,0.0,0.0,0.0
25.55,0.0,0.0,0.0
25.6,0.0,0.0,0.0
25.65,0.0,0.0,0.0
25.7,0.0,0.0,0.0
25.75,0.0,0.0,0.0
25.8,0.0,0.0,0.0
25.85,0.0,0.0,0.0
25.9,0.0,0.0,0.0
25.95,0.0,0.0,0.0
26.0,0.0,0.0,0.0
26.05,0.0,0.0,0.0
26.1,0.0,0.0,0.0
26.15,0.0,0.0,0.0
26.2,0.0,0.0,0.0
26.25,0.0,0.0,0.0
26.3,0.0,0.0,0.0
26.35,0.0,0.0,0.0
26.4,0.0,0.0,0.0
26.45,0.0,0.0,0.0
26.5,0.0,0.0,0.0
26.55,0.0,0.0,0.0
26.6,0.0,0.0,0.0
26.65,0.0,0.0,0.0
26.7,0.0,0.0,0.0
26.75,0.0,0.0,0.0
26.8,0.0,0.0,0.0
26.85,0.0,0.0,0.0
26.9,0.0,0.0,8.57012203268e-17
26.95,0.0,0.0,0.000115810868511
27.0,0.0,0.0,0.00020504649151
27.05,0.0,0.0,0.000389213631309
27.1,0.0,0.0,0.000645579633103
27.15,0.0,0.0,0.000840814290932
27.2,0.0,0.0,0.00110259816025
27.25,0.0,0.0,0.001299148346
27.3,0.0,0.0,0.0014449954878
27.35,0.0,0.0,0.0016632354423
27.4,0.0,0.0,0.0018227105629
27.45,0.0,0.0,0.00204606624101
27.5,0.0,0.0,0.00220589821885
27.55,0.0,0.0,0.00231694931637
27.6,0.0,0.0,0.00239078736564
27.65,0.0,0.0,0.00243640676132
27.7,0.0,0.0,0.00246075242451
27.75,0.0,0.0,0.00256913199673
27.8,0.0,0.0,0.00263816083995
27.85,0.0,0.0,0.00267749097111
27.9,0.0,0.0,0.00269387380794
27.95,0.0,0.0,0.00269026939973
28.0,0.0,0.0,0.00267418612022
28.05,0.0,0.0,0.002645587069
28.1,0.0,0.0,0.00260802744148
28.15,0.0,0.0,0.00256630941054
28.2,0.0,0.0,0.00260442481674
28.25,0.0,0.0,0.00261775616487
28.3,0.0,0.0,0.00261224196686
28.35,0.0,0.0,0.00259048967071
28.4,0.0,0.0,0.00255900804993
28.45,0.0,0.0,0.00251831879311
28.5,0.0,0.0,0.00247371080463
28.55,0.0,0.0,0.00242671302772
28.6,0.0,0.0,0.00237845368803
28.65,0.0,0.0,0.00232975809146
28.7,0.0,0.0,0.00235184291286
28.75,0.0,0.0,0.00235198734118
28.8,0.0,0.0,0.00233827997246
28.85,0.0,0.0,0.00231465437233
28.9,0.0,0.0,0.00228407508524
28.95,0.0,0.0,0.00224877581961
29.0,0.0,0.0,0.00221041676367
29.05,0.0,0.0,0.00217023782166
29.1,0.0,0.0,0.00212915249534
29.15,0.0,0.0,0.00208738204965
29.2,0.0,0.0,0.00204363948109
29.25,0.0,0.0,0.00200260754891
29.3,0.0,0.0,0.00197376618128
29.35,0.0,0.0,0.0019428834298
29.4,0.0,0.0,0.00191082218216
29.45,0.0,0.0,0.00187822526302
29.5,0.0,0.0,0.00184555658499
29.55,0.0,0.0,0.00181315709111
29.6,0.0,0.0,0.00178126703185
29.65,0.0,0.0,0.00174966781939
29.7,0.0,0.0,0.00171692297894
29.75,0.0,0.0,0.00168672999874
29.8,0.0,0.0,0.00167136191569
29.85,0.0,0.0,0.0016532696298
29.9,0.0,0.0,0.00163335316402
29.95,0.0,0.0,0.0016122915781
30.0,0.0,0.0,0.00159058549262
30.05,0.0,0.0,0.00156860822273
30.1,0.0,0.0,0.0015466340289
30.15,0.0,0.0,0.00152486221585
30.2,0.0,0.0,0.00150344049496
30.25,0.0,0.0,0.00148239886606
30.3,0.0,0.0,0.00146005500105
30.35,0.0,0.0,0.001438366653
30.4,0.0,0.0,0.00141734970254
30.45,0.0,0.0,0.00139701197646
30.5,0.0,0.0,0.00137846563799
30.55,0.0,0.0,0.00137735754678
30.6,0.0,0.0,0.00141732771138
30.65,0.0,0.0,0.0014439557587
30.7,0.0,0.0,0.00147477546055
30.75,0.0,0.0,0.00149319585217
30.8,0.0,0.0,0.00150066978634
30.85,0.0,0.0,0.00150133013612
30.9,0.0,0.0,0.00149800134906
30.95,0.0,0.0,0.00150862870953
31.0,0.0,0.0,0.00152611060258
31.05,0.0,0.0,0.00153456771275
31.1,0.0,0.0,0.00153630279991
31.15,0.0,0.0,0.00153308240672
31.2,0.0,0.0,0.00152625821973
31.25,0.0,0.0,0.00151685415973
31.3,0.0,0.0,0.00150565154682
31.35,0.0,0.0,0.00149323498092
31.4,0.0,0.0,0.00148004657497
31.45,0.0,0.0,0.00146641815285
31.5,0.0,0.0,0.00145248947548
31.55,0.0,0.0,0.00143678840227
31.6,0.0,0.0,0.00141988619687
31.65,0.0,0.0,0.00140331586066
31.7,0.0,0.0,0.00138658298935
31.75,0.0,0.0,0.00138716604502
31.8,0.0,0.0,0.00138387525905
31.85,0.0,0.0,0.00137886316804
31.9,0.0,0.0,0.00138069866771
31.95,0.0,0.0,0.00137720040001
32.0,0.0,0.0,0.00136957724752
32.05,0.0,0.0,0.00136009594178
32.1,0.0,0.0,0.00134933838059
32.15,0.0,0.0,0.00133884620046
32.2,0.0,0.0,0.00133556632358
32.25,0.0,0.0,0.00132994049763
32.3,0.0,0.0,0.00132263830555
32.35,0.0,0.0,0.00131416811876
32.4,0.0,0.0,0.00130491447274
32.45,0.0,0.0,0.00129516842681
32.5,0.0,0.0,0.00128514692498
32.55,0.0,0.0,0.00127501133817
32.6,0.0,0.0,0.0012648808778
32.65,0.0,0.0,0.00125484134183
32.7,0.0,0.0,0.00124484606301
32.75,0.0,0.0,0.00123373391491
32.8,0.0,0.0,0.00122292327499
32.85,0.0,0.0,0.0012123642353
32.9,0.0,0.0,0.00120080097292
32.95,0.0,0.0,0.0011896166425
33.0,0.0,0.0,0.00117880144172
33.05,0.0,0.0,0.00116834386927
33.1,0.0,0.0,0.00115823151903
33.15,0.0,0.0,0.00114839653787
33.2,0.0,0.0,0.00113756666386
33.25,0.0,0.0,0.00112709660557
33.3,0.0,0.0,0.00111696646419
33.35,0.0,0.0,0.00110715877336
33.4,0.0,0.0,0.00109765837896
33.45,0.0,0.0,0.00108844941839
33.5,0.0,0.0,0.00107951712331
33.55,0.0,0.0,0.00107084743874
33.6,0.0,0.0,0.00106342667083
33.65,0.0,0.0,0.00106480438991
33.7,0.0,0.0,0.00106425605334
33.75,0.0,0.0,0.00106226268701
33.8,0.0,0.0,0.00105919512542
33.85,0.0,0.0,0.00105533902906
33.9,0.0,0.0,0.0010514881325
33.95,0.0,0.0,0.00106693458643
34.0,0.0,0.0,0.00107720940431
34.05,0.0,0.0,0.00108353013279
34.1,0.0,0.0,0.00108684113214
34.15,0.0,0.0,0.00108787227023
34.2,0.0,0.0,0.00108719061998
34.25,0.0,0.0,0.00108605988042
34.3,0.0,0.0,0.00109730386367
34.35,0.0,0.0,0.00110450366596
34.4,0.0,0.0,0.00110862372358
34.45,0.0,0.0,0.00111040935511
34.5,0.0,0.0,0.00111043529592
34.55,0.0,0.0,0.00110914499875
34.6,0.0,0.0,0.00110681671806
34.65,0.0,0.0,0.00110298926922
34.7,0.0,0.0,0.00111997553022
34.75,0.0,0.0,0.00114595444756
34.8,0.0,0.0,0.00116408634852
34.85,0.0,0.0,0.00117713255959
34.9,0.0,0.0,0.00119635213746
34.95,0.0,0.0,0.00120796692073
35.0,0.0,0.0,0.00121486088553
35.05,0.0,0.0,0.00121818763903
35.1,0.0,0.0,0.0012188381345
35.15,0.0,0.0,0.0012174977289
35.2,0.0,0.0,0.00121469142538
35.25,0.0,0.0,0.00121072436373
35.3,0.0,0.0,0.00120469449589
35.35,0.0,0.0,0.00119820824205
35.4,0.0,0.0,0.00119143669349
35.45,0.0,0.0,0.0011845089487
35.5,0.0,0.0,0.00117751835139
35.55,0.0,0.0,0.00117053571732
35.6,0.0,0.0,0.00116361367406
35.65,0.0,0.0,0.00115744960338
35.7,0.0,0.0,0.00116318309984
35.75,0.0,0.0,0.00116447671466
35.8,0.0,0.0,0.00116408501451
35.85,0.0,0.0,0.00117982439277
35.9,0.0,0.0,0.00118908590615
35.95,0.0,0.0,0.00121106697402
36.0,0.0,0.0,0.00122536554763
36.05,0.0,0.0,0.00123382530313
36.1,0.0,0.0,0.00123787625146
36.15,0.0,0.0,0.00123862379018
36.2,0.0,0.0,0.00123691853224
36.25,0.0,0.0,0.00123341120545
36.3,0.0,0.0,0.00122859987124
36.35,0.0,0.0,0.00122286304337
36.4,0.0,0.0,0.0012164906802
36.45,0.0,0.0,0.00120970091004
36.5,0.0,0.0,0.00120265729828
36.55,0.0,0.0,0.00119548324053
36.6,0.0,0.0,0.00118827058136
36.65,0.0,0.0,0.00118099468206
36.7,0.0,0.0,0.00117362281791
36.75,0.0,0.0,0.00117160655544
36.8,0.0,0.0,0.00116829757501
36.85,0.0,0.0,0.00116356528427
36.9,0.0,0.0,0.00117389089459
36.95,0.0,0.0,0.00117860830557
37.0,0.0,0.0,0.00118009393099
37.05,0.0,0.0,0.00117916311622
37.1,0.0,0.0,0.0011764426399
37.15,0.0,0.0,0.00117241383517
37.2,0.0,0.0,0.00116744533742
37.25,0.0,0.0,0.00116181451912
37.3,0.0,0.0,0.00115573493865
37.35,0.0,0.0,0.00114936766762
37.4,0.0,0.0,0.0011428334901
37.45,0.0,0.0,0.00113622415741
37.5,0.0,0.0,0.00112960471501
37.55,0.0,0.0,0.0011237796615
37.6,0.0,0.0,0.00113124467332
37.65,0.0,0.0,0.00113545622364
37.7,0.0,0.0,0.00113716965549
37.75,0.0,0.0,0.00113576708753
37.8,-1.63689341107e-14,-2.76815797637e-15,0.00113303309427
37.85,-0.00605362078759,-6.41186864696e-05,0.0011292112884
37.9,-0.0117134746801,-0.000128916969367,0.00115304862464
37.95,-0.0169790591717,-0.0001950179291,0.00120257790652
38.0,-0.0218593310751,-0.000263171719371,0.00127460514755
38.05,-0.0263633449293,-0.000334463956982,0.00136611159433
38.1,-0.0305043625151,-0.000408940253951,0.00147427047091
38.15,-0.0342975449438,-0.000487728889085,0.00159646606792
38.2,-0.0377582452687,-0.000571201155065,0.00173030792698
38.25,-0.0409050976194,-0.000659625262811,0.00187484319114
38.3,-0.0437540489575,-0.000753899759037,0.00205493317645
38.35,-0.0463268657673,-0.000853708491511,0.00223809773669
38.4,-0.0486396735842,-0.000959843165687,0.00242314954713
38.45,-0.0507116758188,-0.00107250722376,0.00260899782644
38.5,-0.0525590032665,-0.0011916092359,0.00279467513885
38.55,-0.0541987832054,-0.00131791326247,0.00298124581709
38.6,-0.0556468328913,-0.00145094244121,0.00319899254929
38.65,-0.0569207810151,-0.00159101676842,0.00340901275676
38.7,-0.0580351036613,-0.00173822605607,0.00361151540066
38.75,-0.0590023062121,-0.00189209344683,0.00380671398192
38.8,-0.0583211689014,-0.0019542280596,0.00399480231167
38.85,-0.0571266016592,-0.00201426686798,0.00416858221848
38.9,-0.0559871644943,-0.00207190987137,0.00432959472647
38.95,-0.0548994024527,-0.00212714550718,0.00453573796463
39.0,-0.053864696274,-0.00217951409783,0.00471747591664
39.05,-0.0528787392918,-0.00222916644286,0.00487780789276
39.1,-0.0519376752851,-0.00227616032647,0.00501939322972
39.15,-0.051038090708,-0.0023206261836,0.00514452967307
39.2,-0.0501769194583,-0.00236270346795,0.00525521376844
39.25,-0.0493513991326,-0.00240250480259,0.00535264223671
39.3,-0.0485590302053,-0.00244012548336,0.00543260298414
39.35,-0.0477971000231,-0.00247569438396,0.00551172854314
39.4,-0.047064274238,-0.00250918548164,0.00567958416382
39.45,-0.0463658015263,-0.00253993481983,0.00581744857265
39.5,-0.0456980247525,-0.00256809182414,0.00593065343298
39.55,-0.0450578644743,-0.00259394353629,0.00602306656811
39.6,-0.0444426816328,-0.00261775595528,0.00609196033108
39.65,-0.0438497830751,-0.00263973441645,0.00614711955817
39.7,-0.0432773084719,-0.0026600248413,0.00619402127723
39.75,-0.0427238633566,-0.00267876048398,0.00633004968602
39.8,-0.0421947154128,-0.0026951361118,0.00643431918752
39.85,-0.0416869023172,-0.00270944783855,0.00651727741083
39.9,-0.0411979094718,-0.00272192851424,0.00665898745999
39.95,-0.0407308135012,-0.00273215315875,0.00675775607423
40.0,-0.0402818861027,-0.00274046115092,0.00682848192519
40.05,-0.0398485705917,-0.00274721845213,0.00687709911635
40.1,-0.0394288231308,-0.00275267997216,0.00690829845325
40.15,-0.0390210080955,-0.00275699104646,0.00692574158061
40.2,-0.0386238042659,-0.00276032087641,0.00693231381095
40.25,-0.0382361378112,-0.00276280486402,0.00693028301563
40.3,-0.0378571291391,-0.00276459218618,0.0069214256041
40.35,-0.0374860502822,-0.00276573025337,0.00690633150885
40.4,-0.0371222467463,-0.00276629362188,0.00687240898114
40.45,-0.0367643484125,-0.00276647662676,0.00683565194791
40.5,-0.0364120004644,-0.00276632077425,0.00679667566875
40.55,-0.0360649010318,-0.00276586052573,0.00675596950647
40.6,-0.0357227907921,-0.00276512470884,0.00671393125242
40.65,-0.0353854452374,-0.00276413755392,0.00667085226426
40.7,-0.0350526666154,-0.00276291983275,0.00662622367079
40.75,-0.0347242374457,-0.00276149649135,0.00657385001953
40.8,-0.034399605506,-0.0027599501249,0.00652141987935
40.85,-0.034078841713,-0.00275828929567,0.00646841394983
40.9,-0.0337616467625,-0.00275652751332,0.00640831779298
40.95,-0.0334475497516,-0.00275473899564,0.00634871234807
41.0,-0.0331365110625,-0.00275292514182,0.00628959102711
41.05,-0.0328284918377,-0.00275108732882,0.0062309539846
41.1,-0.0325234543093,-0.00274922684953,0.00617281240581
41.15,-0.0322213623287,-0.00274734481129,0.00611515400978
41.2,-0.0319221800708,-0.00274544719658,0.0060579781131
41.25,-0.0316258724132,-0.00274354160386,0.00600129557912
41.3,-0.0313324059706,-0.00274161790212,0.0059450986689
41.35,-0.0310417477625,-0.00273967698385,0.00588938376063
41.4,-0.0307538654593,-0.00273771970804,0.00583416648077
41.45,-0.0304687283091,-0.00273574672234,0.00577942954457
41.5,-0.030186305445,-0.00273375877391,0.00572516473621
41.55,-0.0299065663478,-0.0027317566242,0.00567137012406
41.6,-0.0296294811423,-0.00272974099086,0.00561805396257
41.65,-0.0293550210574,-0.0027277124542,0.00556520330281
41.7,-0.0290831573723,-0.00272567165804,0.00551281585627
41.75,-0.0288138619259,-0.00272361920986,0.00546089987229
41.8,-0.0285471075838,-0.00272155558358,0.00540944690824
41.85,-0.0282830087683,-0.00271948481416,0.00535845233503
41.9,-0.0280213935225,-0.00271740956039,0.00530792970265
41.95,-0.0277622365756,-0.00271532469026,0.00525786212575
42.0,-0.0275055124764,-0.00271323061252,0.0052082410037
42.05,-0.0272511959342,-0.00271112776629,0.00515906351937
42.1,-0.0269992620749,-0.002709016567,0.0051103361928
42.15,-0.0267496868322,-0.00270689731966,0.0050620463388
42.2,-0.0265024460833,-0.00270477491324,0.00501419101354
42.25,-0.0262575158714,-0.00270266053014,0.00496677700626
42.3,-0.026014873266,-0.00270053922424,0.00491979588015
42.35,-0.0257744953951,-0.0026984112717,0.0048732427247
42.4,-0.0255363596361,-0.00269627695015,0.00482712867853
42.45,-0.0253004442695,-0.00269413639033,0.0047814378168
42.5,-0.0250667273325,-0.00269198982958,0.00473616178506
42.55,-0.0248351869489,-0.0026898375405,0.00469129751432
42.6,-0.0246058015448,-0.00268767978194,0.00464685045852
42.65,-0.0243785501771,-0.00268551672044,0.00460280865176
42.7,-0.0241534118217,-0.00268334859382,0.00455916899958
42.75,-0.0239303657325,-0.00268117562809,0.00451593720052
42.8,-0.0237093917715,-0.00267899795633,0.00447310524997
42.85,-0.0234905872544,-0.00267681574779,0.00443066834776
42.9,-0.0232738117201,-0.00267462939682,0.00438863669689
42.95,-0.0230590461059,-0.00267243893843,0.00434699550988
43.0,-0.0228462711262,-0.00267024450972,0.00430573688381
43.05,-0.0226354675472,-0.00266804628466,0.00426485773286
43.1,-0.0224266163675,-0.00266585709503,0.00422436273732
43.15,-0.0222196988492,-0.00266367282206,0.00418424087766
43.2,-0.0220146965217,-0.00266148524523,0.00414448904826
43.25,-0.0218115910356,-0.00265929450866,0.00410511219426
43.3,-0.0216103645348,-0.00265710067627,0.00406610282946
43.35,-0.0214109992024,-0.00265490464414,0.00402745638679
43.4,-0.021213477361,-0.00265271368572,0.00398918159137
43.45,-0.0210177818818,-0.00265051984118,0.00395126488698
43.5,-0.020823895508,-0.00264832319834,0.00391369894329
43.55,-0.0206318010256,-0.00264612388028,0.00387648081113
43.6,-0.0204414814125,-0.00264392200477,0.0038396146084
43.65,-0.0202529200675,-0.00264171761936,0.00380309010183
43.7,-0.0200661003243,-0.0026395108352,0.00376690438875
43.75,-0.0198810056993,-0.00263730175879,0.00373106185161
43.8,-0.0196976201203,-0.0026350904249,0.00369555558981
43.85,-0.0195160250837,-0.00263287690221,0.00366038135602
43.9,-0.019336104639,-0.00263066144953,0.00362554725901
43.95,-0.0191578434476,-0.00262846205097,0.00359104086161
44.0,-0.0189812257767,-0.00262626435277,0.00355685551069
44.05,-0.0188062362982,-0.00262406489502,0.00352298837093
44.1,-0.0186328597298,-0.0026218637597,0.00348944308735
44.15,-0.0184610811404,-0.00261966096704,0.00345621027569
44.2,-0.0182908855493,-0.00261745659565,0.00342328721013
44.25,-0.0181222581308,-0.00261525072119,0.00339067779012
44.3,-0.0179551844046,-0.00261304335597,0.00335837567361
44.35,-0.0177896499255,-0.0026108345438,0.00332637692917
44.4,-0.0176256403566,-0.00260862433776,0.00329468860689
44.45,-0.0174631417797,-0.00260641269965,0.00326329936829
44.5,-0.0173021401603,-0.00260419966995,0.00323220302343
44.55,-0.0171426215036,-0.00260198532001,0.00320139699926
44.6,-0.0169845719578,-0.00259976971861,0.0031708845663
44.65,-0.0168279779703,-0.00259755287859,0.0031406571638
44.7,-0.0166728259566,-0.00259533486653,0.00311071227646
44.75,-0.0165191024692,-0.00259312606317,0.00308105341103
44.8,-0.0163667941856,-0.00259092759862,0.00305167485309
44.85,-0.0207415043328,-0.00273517752269,0.00302257297109
44.9,-0.0248008019428,-0.00288875802276,0.00300474907543
44.95,-0.0285463169876,-0.00305158175499,0.00299692324164
45.0,-0.0319865233885,-0.00322400516768,0.00299789251771
45.05,-0.0351297474909,-0.00340723126992,0.00300654439805
45.1,-0.0379872817199,-0.00360023891881,0.00302185498328
45.15,-0.0405717251769,-0.00380445311267,0.003042865178
45.2,-0.0428956725702,-0.00401962518541,0.00306870761321
45.25,-0.0449740958817,-0.00424542468213,0.00309859328127
45.3,-0.0468198257212,-0.00448280155789,0.00313179873265
45.35,-0.0484486858284,-0.00473057051303,0.00316767104781
45.4,-0.0498734755605,-0.00498937560661,0.00320563735183
45.45,-0.0511093418914,-0.00525913838832,0.00324516091286
45.5,-0.0521690685793,-0.0055386661396,0.00328577612276
45.55,-0.053066223568,-0.00582887986233,0.00332706652564
45.6,-0.0538132384403,-0.00612818532741,0.00336867416711
45.65,-0.0544220207901,-0.00643695343036,0.0034102705446
45.7,-0.054904277927,-0.0067549142932,0.00345157566144
45.75,-0.0552702992762,-0.00708036009561,0.00349235009001
45.8,-0.0544133520353,-0.00722685089347,0.00353238360764
45.85,-0.053184991671,-0.00736702911253,0.00356895977277
45.9,-0.0520074480641,-0.00750046846636,0.00360150192406
45.95,-0.0508779696334,-0.00762727778721,0.00363025098162
46.0,-0.0497939738665,-0.00774787311497,0.00365543725131
46.05,-0.0487530658428,-0.00786219512218,0.00367727744756
46.1,-0.0477529588947,-0.00797073936951,0.00369598522684
46.15,-0.0467914648005,-0.00807358079978,0.00371175176911
46.2,-0.045866590166,-0.00817095540219,0.00372475678232
46.25,-0.0449764222658,-0.00826311364324,0.00373517995607
46.3,-0.0441191568528,-0.00835028565308,0.00374317999733
46.35,-0.0432930898861,-0.00843268365528,0.00374890883272
46.4,-0.0424966111527,-0.00851060219022,0.00375252215592
46.45,-0.0417282192987,-0.008584284532,0.00375414496651
46.5,-0.0409864473287,-0.00865378860316,0.00375390471654
46.55,-0.0402699314326,-0.00871954175999,0.00375192327084
46.6,-0.039577393372,-0.00878152323781,0.00374832146039
46.65,-0.0389075889094,-0.00884018651834,0.00374320333164
46.7,-0.0382593678023,-0.00889550175283,0.00373667107699
46.75,-0.0376316249889,-0.00894771260596,0.00372883007362
46.8,-0.0370232976348,-0.00899713906287,0.00371977083066
46.85,-0.036433585398,-0.00904381088217,0.00370957884258
46.9,-0.0358613525367,-0.00908791013992,0.00369834874276
46.95,-0.0353057038336,-0.00912960465631,0.00368614996346
47.0,-0.0347657889374,-0.00916905019904,0.00367305326669
47.05,-0.034240800717,-0.00920639142319,0.0036591294085
47.1,-0.0337299735405,-0.00924176276372,0.00364445202898
47.15,-0.0332325818214,-0.00927528921435,0.00362907762105
47.2,-0.0327479369589,-0.00930708737793,0.00361306604425
47.25,-0.0322753860296,-0.00933726610805,0.00359648088849
47.3,-0.0318143104879,-0.00936592710157,0.00357937187484
47.35,-0.0313641234706,-0.00939326825896,0.00356178824545
47.4,-0.0309242737611,-0.00941932264158,0.00354378768742
47.45,-0.0304942255019,-0.00944414010489,0.00352540697597
47.5,-0.0300734771434,-0.00946779889553,0.00350668497364
47.55,-0.0296615518108,-0.00949048625108,0.00348766208876
47.6,-0.0292580001257,-0.00951222200254,0.00346838256354
47.65,-0.0288623833266,-0.00953301725037,0.00344887690396
47.7,-0.0284742893028,-0.0095530347267,0.00342917960458
47.75,-0.0280933279072,-0.00957233283537,0.00340932978617
47.8,-0.0277191152683,-0.00959087633802,0.0033893559062
47.85,-0.0273514257656,-0.00960887540632,0.00336928675168
47.9,-0.0269897702483,-0.00962628820402,0.00334916100114
47.95,-0.0266338059373,-0.00964315998131,0.00332899835756
48.0,-0.0262832085468,-0.00965967232435,0.00330882183093
48.05,-0.0259376503516,-0.00967569768253,0.00328865846659
48.1,-0.0255968166311,-0.00969143825564,0.00326854014592
48.15,-0.0252603988049,-0.00970685514857,0.0032484861493
48.2,-0.0249280821735,-0.00972199421588,0.00322852254444
48.25,-0.0245995595341,-0.00973699864537,0.00320868101628
48.3,-0.0242745111702,-0.00975176626486,0.00318898499703
48.35,-0.0239526167798,-0.00976652074546,0.00316946025928
48.4,-0.0236335475994,-0.00978117424571,0.00315014395265
48.45,-0.0233169555471,-0.00979581204172,0.00313105780799
48.5,-0.0230024808982,-0.00981055741918,0.00311222951552
48.55,-0.0226897310551,-0.00982534275602,0.00309369348221
48.6,-0.0223782882836,-0.00984033163162,0.00307549234554
48.65,-0.0220676989838,-0.00985555456526,0.00305766100211
48.7,-0.0217574529143,-0.00987101962158,0.00304024576938
48.75,-0.0214469830758,-0.00988685119982,0.00302330457263
48.8,-0.021135648783,-0.00990315578175,0.0030068937221
48.85,-0.0208228065215,-0.00991994995022,0.0029910822674
48.9,-0.0205074799371,-0.00993733459723,0.00297596127269
48.95,-0.0201886405606,-0.00995540168681,0.00296162128982
49.0,-0.0198650501628,-0.00997425675289,0.00294817822217
49.05,-0.0195351946842,-0.00999400514768,0.00293577865466
49.1,-0.0191971917451,-0.0100147451182,0.00292461122996
49.15,-0.0188486584698,-0.0100365549437,0.00291490362237
49.2,-0.0184865169396,-0.0100594841618,0.00290695810823
49.25,-0.0181066960996,-0.0100836623523,0.00290118143105
49.3,-0.0177036960526,-0.0101088790751,0.0028981139
49.35,-0.0172698349664,-0.0101348360106,0.00289851481188
49.4,-0.0167940444546,-0.0101606562062,0.00290348991933
49.45,-0.0162597098352,-0.010184491309,0.00291468073472
49.5,-0.0156406327256,-0.0102019210309,0.00293468612207
49.55,-0.0148929698587,-0.0102025215043,0.0029678628889
49.6,-0.0139376141941,-0.0101598182323,0.00302208053731
49.65,-0.0126175729625,-0.00999783299038,0.00311294418249
49.7,-0.0105824881776,-0.00945897693216,0.0032752981005
49.75,-0.00694957296125,-0.00747397311004,0.00359696359727
49.8,0.000439564928208,0.000611406502172,0.00429273320569
49.85,0.0124060840064,0.0206953037412,0.00544482870164
49.9,0.0209674109478,0.0367484441843,0.0062596278958
49.95,0.0238514192861,0.0424880091817,0.00651040717793
50.0,0.0243309250237,0.0437983887789,0.00652230092327
50.05,0.0239746702228,0.0435446817473,0.00645128106914
50.1,0.0232143353258,0.0425090707108,0.0063402726171
50.15,0.0221437834292,0.0408498269863,0.00619856378889
50.2,0.0207742462044,0.0385698980319,0.00602722663092
50.25,0.0191063173456,0.0356515252069,0.00582628464621
50.3,0.0171516504839,0.032099851041,0.00559684817512
50.35,0.0149390678482,0.0279591986975,0.005341750308
50.4,0.012514329579,0.0233202469145,0.00506554083615
50.45,0.00993650379797,0.0183229239111,0.0047740805395
50.5,0.00727214805093,0.013156237471,0.00447400108763
50.55,0.00458923772457,0.00805344892713,0.00417209527726
50.6,0.00195437811473,0.00328026385053,0.00387503940452
50.65,-0.00056363181061,-0.000890678998865,0.00358972774829
50.7,-0.00290766036356,-0.00425939706047,0.00332190634935
50.75,-0.00508660003932,-0.00680043760484,0.00307071278026
50.8,-0.00718346907354,-0.00859839386853,0.00282782991134
50.85,-0.00929390854295,-0.00970372976571,0.00258366328361
50.9,-0.0114620339759,-0.0101105039646,0.00233377876402
50.95,-0.0136336088454,-0.00986535221966,0.00208361145088
51.0,-0.0156622756855,-0.00917526557515,0.00184788049828
51.05,-0.0174025899911,-0.00833225759433,0.00164124530107
51.1,-0.0187952463095,-0.00754313797621,0.00146972227964
51.15,-0.0198589078463,-0.00688712867156,0.0013314778619
51.2,-0.0206439001161,-0.0063700258164,0.00122148624974
51.25,-0.0212030161726,-0.00597196239526,0.00113446481582
51.3,-0.0215819750166,-0.00566944722821,0.00106583043642
51.35,-0.0218181031895,-0.00544178700979,0.00101183913444
51.4,-0.021941242132,-0.00527246870838,0.000969498797037
51.45,-0.021975174049,-0.00514858617305,0.000936418134499
51.5,-0.0219388246378,-0.00506030172435,0.000910693842373
51.55,-0.0218472573231,-0.00500000588119,0.000890810567267
51.6,-0.0217124733837,-0.00496193282468,0.000875561439226
51.65,-0.0215440440542,-0.004941415502,0.000863979972403
51.7,-0.021349620112,-0.00493501442886,0.000855293991071
51.75,-0.0211353224966,-0.00493978157333,0.000848886503479
51.8,-0.0209060537643,-0.00495361311709,0.000844260321938
51.85,-0.0206658439165,-0.00497455989839,0.000841016880964
51.9,-0.0204177398563,-0.00500129617006,0.000838838186714
51.95,-0.0201642642015,-0.0050325276685,0.000837465004574
52.0,-0.019907440796,-0.00506733272503,0.000836689527715
52.05,-0.0196488888006,-0.00510494203186,0.000836345596884
52.1,-0.019389900976,-0.00514471424624,0.000836301479235
52.15,-0.0191315064612,-0.00518611602791,0.000836448949632
52.2,-0.0188745210767,-0.00522870481398,0.000836702851931
52.25,-0.0186195879682,-0.00527211398541,0.000836997103691
52.3,-0.018367210418,-0.00531604026342,0.000837277293621
52.35,-0.0181177782557,-0.0053602331458,0.00083750104967
52.4,-0.0178715893346,-0.00540448598509,0.000837638092513
52.45,-0.0176288670257,-0.00544863087331,0.000837661104386
52.5,-0.0173897742049,-0.00549253180799,0.000837550131946
52.55,-0.0171544247913,-0.0055360673762,0.000837291102377
52.6,-0.0169228932095,-0.00557914313814,0.000836875511789
52.65,-0.0166952220356,-0.00562168170231,0.000836295034422
52.7,-0.0164714281393,-0.00566361980728,0.000835545525175
52.75,-0.0162515078215,-0.0057049058208,0.000834626584701
52.8,-0.0160354410178,-0.00574549765808,0.00083353703656
52.85,-0.0158232737022,-0.00578536112918,0.00083227761695
52.9,-0.0156148808541,-0.00582449763002,0.000830852930031
52.95,-0.0154102146488,-0.00586290971988,0.000829263454572
53.0,-0.0152092137837,-0.00590053987498,0.000827512294191
53.05,-0.0150118162461,-0.00593737368648,0.000825603542663
53.1,-0.0148179566584,-0.00597339955506,0.000823543181041
53.15,-0.0146275673233,-0.0060086081185,0.000821334419699
53.2,-0.014440578959,-0.00604300665543,0.000818982184747
53.25,-0.0142569242372,-0.00607672438368,0.000816492821961
53.3,-0.0140765288576,-0.00610962091186,0.000813870999122
53.35,-0.0138993223894,-0.00614169212946,0.000811121563829
53.4,-0.0137252348278,-0.00617296740463,0.000808252026397
53.45,-0.0135541993306,-0.00620360587859,0.000805265144116
53.5,-0.0133861438784,-0.00623342445139,0.000802165430197
53.55,-0.0132210011615,-0.00626242067104,0.000798957807285
53.6,-0.013058705095,-0.00629083430328,0.000795648561641
53.65,-0.012899192039,-0.00631844673785,0.000792240814859
53.7,-0.0127423961791,-0.0063452956687,0.000788739417292
53.75,-0.012588257429,-0.00637156431372,0.000785150184516
53.8,-0.0124367120604,-0.00639702630318,0.00078147699792
53.85,-0.0122877625288,-0.00642189781878,0.000777723801898
53.9,-0.0121412890537,-0.00644606185279,0.000773896913672
53.95,-0.0119972333499,-0.0064695616412,0.000769998555476
54.0,-0.0118555421471,-0.00649247222364,0.000766031605631
54.05,-0.0117161596805,-0.00651468451313,0.000762000055812
54.1,-0.0115790356507,-0.00653636338043,0.000757908747563
54.15,-0.0114441171173,-0.00655734684452,0.000753760016107
54.2,-0.0113113565074,-0.00657782204301,0.000749557073071
54.25,-0.011180703664,-0.00659764112497,0.000745304873478
54.3,-0.0110521135036,-0.00661693816987,0.000741005645188
54.35,-0.0109255387339,-0.00663565286127,0.000736662373585
54.4,-0.0108009364408,-0.00665379446187,0.000732280038874
54.45,-0.0106782622337,-0.00667146054129,0.000727859748115
54.5,-0.010557475139,-0.0066884703978,0.000723403368115
54.55,-0.0104385347397,-0.00670513482886,0.000718913514768
54.6,-0.0103213993691,-0.00672118047596,0.000714394267086
54.65,-0.0102060319866,-0.00673674333614,0.000709846596619
54.7,-0.0100923937816,-0.00675187077899,0.000705273010796
54.75,-0.00998044901562,-0.00676642324947,0.000700677081158
54.8,-0.00987016242119,-0.00678059724183,0.00069606025663
54.85,-0.00976154678258,-0.00679430159402,0.00069142455876
54.9,-0.00965451929847,-0.00680747716532,0.00068677398192
54.95,-0.00954904747497,-0.0068203203273,0.000682108698927
55.0,-0.00944509810573,-0.00683272005819,0.000677430005387
55.05,-0.00934264102788,-0.00684462862665,0.000672739634147
55.1,-0.00924164620305,-0.0068561686713,0.000668040549407
55.15,-0.00914208323828,-0.00686734764927,0.000663333294286
55.2,-0.00904392405977,-0.0068780713004,0.000658619432584
55.25,-0.00894714091155,-0.00688835273521,0.000653901785323
55.3,-0.00885170676051,-0.00689838338581,0.000649181159171
55.35,-0.00875759398025,-0.00690800401434,0.000644458885885
55.4,-0.00866477754843,-0.00691721364315,0.000639738162356
55.45,-0.0085732324756,-0.00692602374557,0.000635018655562
55.5,-0.00848293436544,-0.00693461126797,0.000630300948044
55.55,-0.00839385831705,-0.00694283067002,0.000625586378646
55.6,-0.00830598168951,-0.00695067791873,0.000620877203883
55.65,-0.00821928189783,-0.0069581631318,0.000616173387193
55.7,-0.00813373689126,-0.00696535065242,0.000611476010399
55.75,-0.00804932452237,-0.00697228457536,0.00060678736215
55.8,-0.00796602403638,-0.00697888033946,0.000602107782991
55.85,-0.00788385439337,-0.00698514688378,0.00059743800946
55.9,-0.00780275527038,-0.00699109301196,0.000592780720549
55.95,-0.00772270724752,-0.0069967270498,0.000588135257881
56.0,-0.00764369112326,-0.0070021760901,0.000583501847333
56.05,-0.00756568809658,-0.00700732637433,0.000578881323389
56.1,-0.00748868024202,-0.00701218406794,0.000574275495806
56.15,-0.00741264993085,-0.00701675656392,0.00056968402574
56.2,-0.00733757993236,-0.00702105103953,0.000565107618835
56.25,-0.00726345341911,-0.00702507444335,0.000560548042629
56.3,-0.00719025397169,-0.00702886284025,0.000556005355571
56.35,-0.00711796519597,-0.00703245598585,0.000551480009949
56.4,-0.00704657152064,-0.00703579404056,0.00054697419844
56.45,-0.00697605766982,-0.00703889359157,0.000542487062967
56.5,-0.00690640866747,-0.00704175167004,0.000538018551724
56.55,-0.00683760989591,-0.00704437264481,0.000533569175057
56.6,-0.00676964707298,-0.00704676213977,0.000529140391009
56.65,-0.00670250625218,-0.0070489255874,0.000524731669945
56.7,-0.00663617378679,-0.0070508682733,0.000520343451708
56.75,-0.00657063633545,-0.00705260047712,0.000515977159908
56.8,-0.00650588069462,-0.00705417740624,0.000511632668821
56.85,-0.00644192633708,-0.007055545485,0.000507310166276
56.9,-0.00637872786528,-0.00705670956324,0.000503011501372
56.95,-0.00631627313146,-0.00705767419071,0.000498735704571
57.0,-0.00625455023586,-0.00705844794543,0.000494482551298
57.05,-0.00619354751985,-0.00705903827338,0.000490252342922
57.1,-0.00613325356939,-0.00705944215748,0.000486046257536
57.15,-0.00607365724544,-0.00705966365053,0.000481863649927
57.2,-0.00601474763609,-0.00705970670544,0.000477704770536
57.25,-0.00595651406202,-0.00705957516128,0.000473570777279
57.3,-0.00589894608149,-0.00705927272926,0.000469461393135
57.35,-0.00584203346699,-0.0070588030242,0.000465376653111
57.4,-0.00578576620373,-0.00705816956169,0.000461318110505
57.45,-0.00573013450203,-0.00705737573182,0.000457284745631
57.5,-0.00567512876155,-0.0070564248524,0.000453276226544
57.55,-0.00562073957483,-0.00705532015827,0.00044929270639
57.6,-0.00556695772817,-0.0070540647947,0.000445335144467
57.65,-0.00551377420591,-0.00705266180458,0.000441402834511
57.7,-0.00546118016669,-0.00705111416341,0.000437495894538
57.75,-0.00540916694855,-0.00704942476572,0.000433615276728
57.8,-0.00535772607359,-0.00704759641154,0.000429760622187
57.85,-0.00530687575032,-0.00704563183414,0.000425931861003
57.9,-0.00525658072318,-0.00704353379879,0.000422130321771
57.95,-0.00520683303112,-0.00704131171589,0.000418354974688
58.0,-0.00515762484416,-0.00703896632874,0.000414605424136
58.05,-0.00510894848563,-0.00703649507318,0.000410881720664
58.1,-0.00506079643979,-0.0070339003451,0.00040718465336
58.15,-0.00501316134485,-0.00703118446411,0.000403513490779
58.2,-0.00496603597364,-0.00702834970468,0.000399868257825
58.25,-0.00491941323829,-0.00702539828327,0.000396249744072
58.3,-0.00487328619439,-0.00702233234537,0.000392657543061
58.35,-0.00482764802567,-0.00701915399021,0.000389091514824
58.4,-0.00478249204365,-0.00701586526721,0.000385552793402
58.45,-0.00473781169693,-0.00701246815302,0.000382040366513
58.5,-0.00469360054716,-0.00700896527907,0.000378553802118
58.55,-0.00464985227087,-0.00700536848126,0.000375093078265
58.6,-0.00460656064348,-0.00700166904551,0.000371658852101
58.65,-0.00456371958199,-0.0069978687736,0.000368250392376
58.7,-0.00452132310858,-0.00699396943738,0.000364867660157
58.75,-0.00447936535474,-0.0069899727666,0.000361511315894
58.8,-0.00443784056494,-0.00698588043666,0.000358180930358
58.85,-0.00439676505717,-0.00698169409083,0.000354876319216
58.9,-0.00435611083687,-0.00697741542132,0.000351598465845
58.95,-0.00431587246699,-0.00697304597622,0.000348346393185
59.0,-0.00427604459898,-0.00696858728545,0.000345119655119
59.05,-0.00423662197557,-0.00696404085139,0.00034191818086
59.1,-0.00419759943203,-0.00695940814261,0.000338742518163
59.15,-0.00415897189927,-0.00695469058284,0.00033559195266
59.2,-0.00412073439101,-0.00694988957635,0.00033246640244
59.25,-0.00408288200731,-0.00694500649654,0.000329366424082
59.3,-0.00404540993792,-0.00694004267441,0.000326291582497
59.35,-0.004008313452,-0.00693499941869,0.000323241667031
59.4,-0.00397158789831,-0.00692987969179,0.000320217527899
59.45,-0.0039352286718,-0.00692472949595,0.000317218239312
59.5,-0.00389923120748,-0.00691951352627,0.000314243363659
59.55,-0.00386359110556,-0.00691422441758,0.000311292796121
59.6,-0.00382830401917,-0.00690886333533,0.000308366998283
59.65,-0.00379336567796,-0.00690343141012,0.000305465283718
59.7,-0.00375877187755,-0.00689792976041,0.000302587542812
59.75,-0.00372451848257,-0.00689235948198,0.000299734247953
59.8,-0.0036906014296,-0.00688672163744,0.000296904969907
59.85,-0.00365703499487,-0.00688101727412,0.000294099484653
59.9,-0.00362379658893,-0.00687524749106,0.000291318537155
59.95,-0.00359088235199,-0.00686941327849,0.00028856125029
60.0,-0.00355828848022,-0.00686351562174,0.000285827189052
60.05,-0.00352601122796,-0.00685756386925,0.000283116231227
60.1,-0.00349404689695,-0.00685157437989,0.000280428769705
60.15,-0.00346239174726,-0.00684556247303,0.000277764165469
60.2,-0.00343104223946,-0.00683949203539,0.000275122288608
60.25,-0.00339999485945,-0.00683336395491,0.000272503542396
60.3,-0.00336924615111,-0.00682717909307,0.000269907511023
60.35,-0.00333879270946,-0.006820938301,0.000267333965986
60.4,-0.00330863118096,-0.00681464241631,0.000264783557529
60.45,-0.00327875826827,-0.00680829224664,0.00026225546494
60.5,-0.00324917071928,-0.00680188859826,0.000259749270098
60.55,-0.00321986532901,-0.00679543226871,0.000257264839797
60.6,-0.00319083894051,-0.00678892404166,0.00025480250827
60.65,-0.00316208844687,-0.00678237599424,0.000252361662336
60.7,-0.00313361068497,-0.00677583406681,0.00024994217776
60.75,-0.00310540265286,-0.00676924348575,0.000247544399339
60.8,-0.00307746138122,-0.00676260496287,0.000245167929894
60.85,-0.0030497991839,-0.00675591920303,0.000242812542951
60.9,-0.00302239762619,-0.00674918695941,0.000240478812696
60.95,-0.00299525387364,-0.00674240890067,0.000238165975642
61.0,-0.00296836512861,-0.00673559672588,0.000235873634509
61.05,-0.00294172861889,-0.00672874044096,0.000233601652687
61.1,-0.00291534162458,-0.00672184035521,0.000231350316985
61.15,-0.00288920146707,-0.00671491177904,0.000229119054362
61.2,-0.00286330540169,-0.00670800010759,0.000226907737478
61.25,-0.00283765084153,-0.00670104740289,0.000224716663402
61.3,-0.0028122352212,-0.00669405426087,0.000222545456464
61.35,-0.00278705600944,-0.00668702127284,0.000220393896384
61.4,-0.00276211070938,-0.0066799490228,0.000218262488111
61.45,-0.00273739686189,-0.00667283807376,0.0002161505248
61.5,-0.00271291203816,-0.00666568899115,0.000214057632402
61.55,-0.00268865384106,-0.0066585072159,0.000211983672504
61.6,-0.00266461990067,-0.00665129428431,0.000209928893145
61.65,-0.0026408078801,-0.00664412105396,0.000207892762571
61.7,-0.00261721531653,-0.00663691515004,0.000205875160926
61.75,-0.00259384002291,-0.00662967464597,0.000203876338491
61.8,-0.00257067976283,-0.00662240004893,0.000201895942847
61.85,-0.00254774506058,-0.00661509186309,0.000199933762875
61.9,-0.00252502075158,-0.00660775063563,0.000197990247062
61.95,-0.0025025046917,-0.00660037684626,0.0001960647434
62.0,-0.00248019476198,-0.00659297097795,0.000194156902097
62.05,-0.00245808886971,-0.00658555309242,0.00019226658738
62.1,-0.0024361848511,-0.00657816686138,0.000190394024724
62.15,-0.0024144806902,-0.00657075069041,0.000188538719093
62.2,-0.00239297437582,-0.00656330503444,0.000186700535727
62.25,-0.00237166392222,-0.00655583034258,0.000184879700638
62.3,-0.00235054737033,-0.00654832705142,0.000183075885255
62.35,-0.00232962278467,-0.0065407955957,0.000181288889386
62.4,-0.00230888825361,-0.00653323640596,0.00017951910985
62.45,-0.00228834189159,-0.00652564989731,0.000177765947204
62.5,-0.00226798183419,-0.00651811609721,0.000176029076274
62.55,-0.00224780609334,-0.00651057269277,0.000174308382599
62.6,-0.00222781291435,-0.00650300389864,0.000172604045641
62.65,-0.00220800050367,-0.00649541010941,0.000170915611101
62.7,-0.00218836708802,-0.00648779172104,0.000169242949524
62.75,-0.00216891091557,-0.00648014912483,0.000167586258666
62.8,-0.00214963025687,-0.00647248270135,0.00016594523375
62.85,-0.00213053404984,-0.00646479283003,0.000164319686555
62.9,-0.00211160974904,-0.00645714240029,0.000162709971149
62.95,-0.0020928555678,-0.00644949421625,0.000161115551629
63.0,-0.00207426991478,-0.00644182433289,0.000159536120758
63.05,-0.00205585116457,-0.00643413468074,0.000157971553497
63.1,-0.00203759770949,-0.00642643283914,0.000156422013038
63.15,-0.00201950795605,-0.00641871037904,0.000154887082639
63.2,-0.00200158033516,-0.00641096764758,0.000153366639289
63.25,-0.00198381329585,-0.00640320498812,0.000151860856628
63.3,-0.00196620530608,-0.00639549074172,0.000150369453056
63.35,-0.00194875473175,-0.00638777810953,0.000148892266277
63.4,-0.00193146013006,-0.00638004710283,0.000147429604773
63.45,-0.00191432002369,-0.0063722980354,0.000145980965164
63.5,-0.00189733295047,-0.00636453122485,0.00014454606963
63.55,-0.00188049746411,-0.00635674698843,0.000143124800158
63.6,-0.00186381213449,-0.00634894564008,0.000141717299866
63.65,-0.00184727554842,-0.0063411274856,0.000140323185988
63.7,-0.0018308863074,-0.00633337803295,0.000138942342733
63.75,-0.00181464290531,-0.00632561717823,0.000137574937246
63.8,-0.00179854403912,-0.00631784093614,0.00013622070301
63.85,-0.00178259726712,-0.00631004959771,0.000134879476486
63.9,-0.00176679217207,-0.00630224348546,0.000133551539361
63.95,-0.00175112743682,-0.0062944228774,0.000132236431772
64.0,-0.00173560175727,-0.00628659191481,0.000130933898293
64.05,-0.00172021384034,-0.0062787747264,0.000129643828653
64.1,-0.00170496233194,-0.00627101322701,0.000128366357797
64.15,-0.00168984598633,-0.00626323883847,0.000127101133662
64.2,-0.00167486355628,-0.00625545182941,0.000125848047731
64.25,-0.00166001380776,-0.00624765246586,0.000124607235099
64.3,-0.00164529552064,-0.00623984100675,0.000123378457497
64.35,-0.00163070748718,-0.00623201771091,0.000122161563635
64.4,-0.00161624851222,-0.00622418283553,0.00012095680491
64.45,-0.00160191741421,-0.00621638833399,0.000119763761853
64.5,-0.00158771293613,-0.00620862178905,0.000118582210228
64.55,-0.00157363395389,-0.00620084484933,0.000117412043133
64.6,-0.00155967932293,-0.0061930662321,0.000116253371775
64.65,-0.00154584790611,-0.00618527923086,0.000115105876708
64.7,-0.00153213858164,-0.00617748257708,0.000113969457151
64.75,-0.00151855024012,-0.00616967650865,0.000112844232897
64.8,-0.00150508178417,-0.00616186125714,0.000111729985692
64.85,-0.00149173958222,-0.00615412275948,0.000110626576111
64.9,-0.00147851486002,-0.00614638077223,0.00010953424148
64.95,-0.00146540660751,-0.00613863070975,0.000108452593671
65.0,-0.00145241377466,-0.00613087279272,0.000107381418124
65.05,-0.00143953532161,-0.00612310724192,0.000106320619218
65.1,-0.00142677021895,-0.00611533427612,0.00010527029551
65.15,-0.00141411744806,-0.00610755410846,0.000104230155123
65.2,-0.00140157599993,-0.00609979759295,0.000103200104693
65.25,-0.00138914481158,-0.00609209409225,0.00010218025816
65.3,-0.00137682291275,-0.00608438439114,0.000101170413874
65.35,-0.00136460932599,-0.00607666869313,0.000100170443552
65.4,-0.00135250308331,-0.00606894720058,9.91805492148e-05
65.45,-0.001340503227,-0.00606122010855,9.82003829065e-05
65.5,-0.00132860880799,-0.0060534882344,9.72297486639e-05
65.55,-0.00131681888593,-0.00604576074883,9.62685582983e-05
65.6,-0.00130513252515,-0.00603809316645,9.53168999988e-05
65.65,-0.00129354872845,-0.00603044598888,9.43745167564e-05
65.7,-0.00128206661732,-0.00602279454108,9.34413185161e-05
65.75,-0.00127068528929,-0.00601513901042,9.2517400056e-05
65.8,-0.00125940385099,-0.00600747957925,9.16025790933e-05
65.85,-0.00124822765545,-0.00599981643004,9.06967380636e-05
65.9,-0.00123714946807,-0.00599214976729,8.98000588455e-05
65.95,-0.00122616842296,-0.00598448735402,8.89122250403e-05
66.0,-0.00121528361754,-0.00597690339997,8.80330630867e-05
66.05,-0.00120449420651,-0.00596931676838,8.71624912415e-05
66.1,-0.00119379934905,-0.00596173287407,8.63005874419e-05
66.15,-0.00118319821028,-0.00595415101623,8.54471099061e-05
66.2,-0.00117268996326,-0.00594656700699,8.46019796025e-05
66.25,-0.00116227379081,-0.00593898101378,8.37652811964e-05
66.3,-0.00115194888378,-0.00593139319947,8.29368485368e-05
66.35,-0.00114171444036,-0.00592383941182,8.21165740979e-05
66.4,-0.0011315696134,-0.00591633688713,8.13046273793e-05
66.45,-0.00112151363335,-0.00590883330146,8.05007189324e-05
66.5,-0.00111154572187,-0.00590132881019,7.97046857944e-05
66.55,-0.00110166510763,-0.00589382356883,7.89164533818e-05
66.6,-0.00109187102642,-0.00588631773144,7.81360913355e-05
66.65,-0.00108216272137,-0.00587881144802,7.73633796052e-05
66.7,-0.00107253944228,-0.00587130486985,7.65982455683e-05
66.75,-0.00106300044584,-0.00586385638373,7.58407650492e-05
66.8,-0.00105354493845,-0.00585643713786,7.50907935741e-05
66.85,-0.00104417743362,-0.00584901829124,7.43482300891e-05
66.9,-0.00103489189121,-0.00584160000483,7.3613221798e-05
66.95,-0.00102568759784,-0.00583418241484,7.2885507549e-05
67.0,-0.00101656384624,-0.00582676565966,7.21649390704e-05
67.05,-0.00100751993539,-0.00581935732187,7.1451448129e-05
67.1,-0.000998555167843,-0.00581195248761,7.07450974222e-05
67.15,-0.000989668854669,-0.00580462293855,7.00456871464e-05
67.2,-0.000980860255261,-0.00579730708373,6.93531578141e-05
67.25,-0.000972128722644,-0.00578999298519,6.86675740232e-05
67.3,-0.000963473588309,-0.00578268076952,6.7988798101e-05
67.35,-0.000954894189597,-0.00577537056339,6.73167404722e-05
67.4,-0.000946389869728,-0.00576806249267,6.6651533625e-05
67.45,-0.000937959978129,-0.0057607566784,6.59929405617e-05
67.5,-0.000929603869718,-0.00575345324357,6.53408265006e-05
67.55,-0.000921320905031,-0.00574623428248,6.46951291434e-05
67.6,-0.000913110393796,-0.00573902321565,6.40559111725e-05
67.65,-0.000904971736904,-0.00573182210215,6.34229876947e-05
67.7,-0.000896904310478,-0.00572462406881,6.279629828e-05
67.75,-0.000888907498555,-0.00571742923109,6.21759039463e-05
67.8,-0.000880980690806,-0.00571023770107,6.15616796039e-05
67.85,-0.000873127645655,-0.00570304959086,6.0953543725e-05
67.9,-0.000865343316305,-0.00569586502767,6.03516160353e-05
67.95,-0.000857627109765,-0.00568876529849,5.97556815415e-05
68.0,-0.000849978386338,-0.00568167166968,5.91656239724e-05
68.05,-0.000842396590188,-0.00567458209377,5.85813833097e-05
68.1,-0.000834881144351,-0.0056674966755,5.80030097669e-05
68.15,-0.000827431477065,-0.00566041551661,5.74303385647e-05
68.2,-0.00082004702138,-0.00565333871967,5.68633143983e-05
68.25,-0.000812727215289,-0.00564626638618,5.63019922087e-05
68.3,-0.000805471501842,-0.00563919861459,5.57462584262e-05
68.35,-0.000798279328837,-0.00563220639195,5.51960389358e-05
68.4,-0.000791150104428,-0.00562522993807,5.46514470433e-05
68.45,-0.00078408330824,-0.0056182584985,5.41122851707e-05
68.5,-0.000777078403158,-0.00561129216611,5.35784421026e-05
68.55,-0.000770134856621,-0.00560433533476,5.30498660773e-05
68.6,-0.000763252139466,-0.00559738895939,5.25266024824e-05
68.65,-0.000756429727037,-0.00559044798163,5.20085020457e-05
68.7,-0.000749667100539,-0.00558351249119,5.14955144604e-05
68.75,-0.000742963745645,-0.0055766330723,5.09876892677e-05
68.8,-0.000736319117396,-0.00556978897432,5.04849276473e-05
68.85,-0.000729736372008,-0.00556295076779,4.99871605115e-05
68.9,-0.000723211292424,-0.00555611854861,4.94944854993e-05
68.95,-0.000716743383769,-0.00554929239584,4.90067257971e-05
69.0,-0.000710332155231,-0.00554247238987,4.85237805083e-05
69.05,-0.000703977120119,-0.00553565861111,4.80456025855e-05
69.1,-0.000697677795906,-0.00552885113898,4.75722328438e-05
69.15,-0.000691433704296,-0.00552207791743,4.71035357887e-05
69.2,-0.000685244344446,-0.00551537050387,4.66394689212e-05
69.25,-0.000679109251746,-0.00550866976991,4.6180076302e-05
69.3,-0.000673027960819,-0.00550197578735,4.57252643861e-05
69.35,-0.000667000010182,-0.00549528862796,4.52749720011e-05
69.4,-0.000661024942247,-0.00548860836288,4.48292873622e-05
69.45,-0.00065510230347,-0.00548193506003,4.43880502232e-05
69.5,-0.000649231644013,-0.0054752687885,4.39511690987e-05
69.55,-0.000643412517794,-0.00546860961735,4.3518601281e-05
69.6,-0.000637644482517,-0.00546201129122,4.3090383652e-05
69.65,-0.000631927069894,-0.0054554429704,4.26663970192e-05
69.7,-0.000626259858401,-0.00544888205871,4.22465983018e-05
69.75,-0.000620642417514,-0.00544232861965,4.18310278817e-05
69.8,-0.000615074320439,-0.00543578271446,4.14196009706e-05
69.85,-0.000609558190217,-0.00542924440433,4.10122621058e-05
69.9,-0.000604090502527,-0.0054227137606,4.06090912333e-05
69.95,-0.000598670842194,-0.0054161908407,4.02099431509e-05
70.0,-0.000593298797423,-0.00540967570309,3.98147349426e-05
70.05,-0.000587973959843,-0.00540324253145,3.94234278806e-05
70.1,-0.00058269589324,-0.00539682673112,3.90360591514e-05
70.15,-0.000577464210903,-0.00539041899248,3.8652515683e-05
70.2,-0.000572278515317,-0.00538401936946,3.8272759804e-05
70.25,-0.000567138412308,-0.00537762791519,3.78968280695e-05
70.3,-0.000562043511081,-0.00537124468073,3.75246436433e-05
70.35,-0.000556993424082,-0.00536486971706,3.71561562579e-05
70.4,-0.000551987766992,-0.00535850307465,3.67914382536e-05
70.45,-0.000547026158824,-0.0053521491363,3.64303580733e-05
70.5,-0.000542108206733,-0.00534587160883,3.60728424166e-05
70.55,-0.000537233537353,-0.00533960262619,3.57188560232e-05
70.6,-0.000532401779583,-0.0053333422344,3.53684290726e-05
70.65,-0.000527612565487,-0.00532709594307,3.50214606824e-05
70.7,-0.000522865529114,-0.00532086146166,3.46779168595e-05
70.75,-0.000518160308049,-0.00531463571912,3.43378308093e-05
70.8,-0.000513496543569,-0.00530841875732,3.40011329263e-05
70.85,-0.00050887642304,-0.00530221061802,3.3667777679e-05
70.9,-0.000504297001778,-0.00529601135141,3.33378306918e-05
70.95,-0.000499757930725,-0.00528988546137,3.30111727785e-05
71.0,-0.000495258839758,-0.00528377430188,3.26877388184e-05
71.05,-0.000490799397748,-0.00527767219538,3.23674955326e-05
71.1,-0.00048637926465,-0.00527157917886,3.20504702946e-05
71.15,-0.000481998103302,-0.0052654952876,3.17365717153e-05
71.2,-0.000477655579297,-0.00525942055727,3.14257689048e-05
71.25,-0.000473351361017,-0.00525335502286,3.11180919257e-05
71.3,-0.000469085119656,-0.00524729871767,3.08134777414e-05
71.35,-0.000464856529121,-0.0052412516749,3.05118851316e-05
71.4,-0.000460665266027,-0.00523525082948,3.0213373563e-05
71.45,-0.000456510992669,-0.00522929041363,2.9917837181e-05
71.5,-0.000452393397637,-0.00522333940551,2.96252135431e-05
71.55,-0.000448312165946,-0.00521739783469,2.93354738494e-05
71.6,-0.000444266985236,-0.00521147319679,2.90486429626e-05
71.65,-0.00044025754461,-0.00520555939848,2.87646382542e-05
71.7,-0.000436283536715,-0.00519965513759,2.84834318025e-05
71.75,-0.000432344656969,-0.00519376044111,2.82050509066e-05
71.8,-0.000428440603366,-0.00518787533451,2.79294384856e-05
71.85,-0.000424573198207,-0.00518199984317,2.76565572312e-05
71.9,-0.000420739981901,-0.0051761932931,2.73864611414e-05
71.95,-0.000416940642014,-0.0051704028647,2.71190547092e-05
72.0,-0.000413174896426,-0.0051646221682,2.68542809614e-05
72.05,-0.000409442456372,-0.00515885122546,2.65921138481e-05
72.1,-0.000405743035484,-0.00515309005779,2.63325759651e-05
72.15,-0.000402076349805,-0.00514734145103,2.6075592339e-05
72.2,-0.000398442117309,-0.00514160819214,2.58211377476e-05
72.25,-0.000394840057943,-0.00513588478343,2.55692370999e-05
72.3,-0.000391269894811,-0.00513017124301,2.53198387133e-05
72.35,-0.000387731353297,-0.00512446758894,2.5072908829e-05
72.4,-0.000384224161063,-0.00511883566424,2.48284964299e-05
72.45,-0.000380748031214,-0.00511321524464,2.45865150201e-05
72.5,-0.000377302704817,-0.00510760478849,2.43469129631e-05
72.55,-0.000373887916567,-0.00510200431078,2.4109666709e-05
72.6,-0.000370503403364,-0.00509641382596,2.38747968134e-05
72.65,-0.000367148904318,-0.00509083334723,2.36422353716e-05
72.7,-0.000363824160678,-0.00508526288807,2.34119595402e-05
72.75,-0.000360528915844,-0.00507970246146,2.31839918891e-05
72.8,-0.000357262915376,-0.0050741520791,2.2958285634e-05
72.85,-0.000354027676199,-0.00506861175263,2.27348102415e-05
72.9,-0.000350821144772,-0.00506312627606,2.25136102316e-05
72.95,-0.0003476430605,-0.00505766712497,2.2294606968e-05
73.0,-0.000344493183697,-0.0050522180844,2.20777539654e-05
73.05,-0.000341371271051,-0.00504677916301,2.18630299444e-05
73.1,-0.000338277081269,-0.00504135501188,2.16504536217e-05
73.15,-0.000335210374539,-0.00503594487018,2.14399635655e-05
73.2,-0.000332170913125,-0.00503054488633,2.1231539191e-05
73.25,-0.000329158461733,-0.00502515506711,2.10252010386e-05
73.3,-0.00032617278705,-0.00501977541813,2.0820906755e-05
73.35,-0.000323213657685,-0.00501440594499,2.06186287227e-05
73.4,-0.00032028084417,-0.00500905521841,2.04184073673e-05
73.45,-0.000317374111501,-0.00500376469588,2.02201709175e-05
73.5,-0.000314493235242,-0.004998484372,2.00238778065e-05
73.55,-0.000311637991839,-0.00499321424979,1.98295088093e-05
73.6,-0.000308808159597,-0.00498795433183,1.96370809769e-05
73.65,-0.000306003518681,-0.00498270486312,1.94465386046e-05
73.7,-0.000303223851042,-0.0049774733852,1.92578630499e-05
73.75,-0.000300468939648,-0.00497225213174,1.9071073127e-05
73.8,-0.000297738570139,-0.004967041103,1.88861304958e-05
73.85,-0.00029503400437,-0.00496184029922,1.87030101809e-05
73.9,-0.00029235352867,-0.00495664972535,1.85217489481e-05
73.95,-0.000289696934412,-0.00495147915753,1.83422809153e-05
74.0,-0.000287064008069,-0.00494636516133,1.81645694271e-05
74.05,-0.000284454545663,-0.0049412613928,1.79885969899e-05
74.1,-0.000281868343914,-0.00493616784936,1.78143791464e-05
74.15,-0.000279305201248,-0.00493108452755,1.76418654374e-05
74.2,-0.000276764917753,-0.0049260114241,1.74710390215e-05
74.25,-0.000274247295181,-0.00492094853541,1.73019169472e-05
74.3,-0.000271752136953,-0.00491589585697,1.71344645098e-05
74.35,-0.00026927924812,-0.00491085338423,1.69686591279e-05
74.4,-0.000266828435354,-0.00490582111242,1.68045342184e-05
74.45,-0.000264399506965,-0.0049007990356,1.66420300874e-05
74.5,-0.000261992272839,-0.00489578714825,1.6481112795e-05
74.55,-0.000259606544446,-0.00489082720054,1.63217666848e-05
74.6,-0.000257242126286,-0.00488589129825,1.61640070468e-05
74.65,-0.000254898836831,-0.00488097180963,1.60077877069e-05
74.7,-0.000252576491869,-0.00487606249455,1.58530935283e-05
74.75,-0.000250274909294,-0.004871163345,1.56999400537e-05
74.8,-0.000247993908531,-0.00486627435219,1.55482958651e-05
74.85,-0.000245734538574,-0.0048613955073,1.53981405438e-05
74.9,-0.000243495370072,-0.0048565268054,1.52495044999e-05
74.95,-0.000241276227292,-0.00485166823633,1.51023336363e-05
75.0,-0.000239076935952,-0.00484681979033,1.49565972238e-05
75.05,-0.000236897323222,-0.00484198145763,1.48122811238e-05
75.1,-0.000234737217716,-0.00483715322818,1.4669398295e-05
75.15,-0.000232596449496,-0.0048323820343,1.4527907347e-05
75.2,-0.000230474842199,-0.00482763073429,1.43877955719e-05
75.25,-0.000228372232278,-0.00482289162526,1.4249076711e-05
75.3,-0.000226288454029,-0.00481816257737,1.41117223419e-05
75.35,-0.0002242233433,-0.00481344357796,1.39757140012e-05
75.4,-0.000222176737313,-0.00480873461418,1.38410793468e-05
75.45,-0.000220148474668,-0.00480403567227,1.37077693484e-05
75.5,-0.000218138395302,-0.00479934673884,1.35757561825e-05
75.55,-0.000216146340491,-0.00479466780048,1.34450270831e-05
75.6,-0.000214172152841,-0.00478999884357,1.33155938801e-05
75.65,-0.000212215676288,-0.00478533985383,1.31874190704e-05
75.7,-0.000210276756071,-0.00478069081717,1.30604902737e-05
75.75,-0.000208355238726,-0.00477607814131,1.29348204434e-05
75.8,-0.000206450966747,-0.00477149751722,1.28103845337e-05
75.85,-0.000204564813635,-0.00476692678464,1.26871656024e-05
75.9,-0.000202695587808,-0.00476236593088,1.25651888346e-05
75.95,-0.000200843141327,-0.00475781493907,1.24444097881e-05
76.0,-0.000199007327486,-0.00475327379264,1.23248032697e-05
76.05,-0.000197188000806,-0.00474874247508,1.2206357755e-05
76.1,-0.00019538501703,-0.00474422096964,1.20890840489e-05
76.15,-0.000193598233125,-0.00473971677763,1.19729481681e-05
76.2,-0.000191827506752,-0.00473522286331,1.18579390006e-05
76.25,-0.000190072697254,-0.00473073872548,1.17440683729e-05
76.3,-0.000188333665197,-0.00472626434616,1.16313129809e-05
76.35,-0.000186610272318,-0.00472179970739,1.1519657744e-05
76.4,-0.000184902381519,-0.00471737211507,1.14091255971e-05
76.45,-0.000183209852247,-0.00471297288891,1.12996768618e-05
76.5,-0.000181532551593,-0.0047085833262,1.11912884928e-05
76.55,-0.000179870346004,-0.00470420340769,1.10839500843e-05
76.6,-0.000178223103054,-0.00469983311391,1.09776715067e-05
76.65,-0.000176590691442,-0.00469547242495,1.08724219597e-05
76.7,-0.000174972980966,-0.00469112452945,1.0768191352e-05
76.75,-0.000173369842336,-0.00468679055731,1.06649905039e-05
76.8,-0.000171781147297,-0.00468246614531,1.05627983453e-05
76.85,-0.000170207619558,-0.00467815127297,1.0461601238e-05
76.9,-0.000168648266184,-0.00467384592248,1.03614200737e-05
76.95,-0.000167102962649,-0.00466955007256,1.02622183305e-05
77.0,-0.000165571585473,-0.00466526370226,1.01639753554e-05
77.05,-0.000164054012217,-0.00466098702768,1.00666817644e-05
77.1,-0.000162550121257,-0.00465676285541,9.97034661752e-06
77.15,-0.000161059787876,-0.00465254820159,9.87494257496e-06
77.2,-0.000159582895057,-0.00464834291715,9.78046023093e-06
77.25,-0.000158119324548,-0.00464414697989,9.6869094439e-06
77.3,-0.000156668959101,-0.00463996036722,9.59427109951e-06
77.35,-0.00015523168246,-0.00463578305656,9.50253286433e-06
77.4,-0.000153807379354,-0.0046316150253,9.41171376301e-06
77.45,-0.000152395935496,-0.00462745625027,9.3217806759e-06
77.5,-0.000150997237563,-0.00462330670857,9.23271489561e-06
77.55,-0.000149611173191,-0.00461916637736,9.14450795014e-06
77.6,-0.00014823763097,-0.00461503523371,9.05716809513e-06
77.65,-0.000146876500443,-0.00461091820864,8.97067003065e-06
77.7,-0.000145527671838,-0.00460681316446,8.88500557224e-06
77.75,-0.000144191036434,-0.00460271725431,8.80018375383e-06
77.8,-0.000142866486581,-0.00459865894108,8.71618726972e-06
77.85,-0.000141554619619,-0.00459462206559,8.63300541369e-06
77.9,-0.000140254610058,-0.00459059422754,8.5506553358e-06
77.95,-0.000138966353252,-0.00458657540201,8.46910699441e-06
78.0,-0.000137689745437,-0.00458256556434,8.38834343976e-06
78.05,-0.000136424683733,-0.00457856468994,8.30835702042e-06
78.1,-0.000135171066135,-0.00457457275414,8.22915528275e-06
78.15,-0.000133928791508,-0.00457058973196,8.15071528536e-06
78.2,-0.000132697759578,-0.00456661649086,8.07302960699e-06
78.25,-0.000131477870885,-0.00456265858102,7.99610649012e-06
78.3,-0.000130269026575,-0.00455870952539,7.91993029425e-06
78.35,-0.000129071128931,-0.0045547692987,7.84449093475e-06
78.4,-0.000127884081069,-0.0045508378757,7.76980421287e-06
78.45,-0.000126707786938,-0.00454691523071,7.69584288306e-06
78.5,-0.000125542151304,-0.00454300133829,7.6225915943e-06
78.55,-0.000124387079744,-0.00453911862763,7.55004344383e-06
78.6,-0.0001232424761,-0.00453526043532,7.47820567637e-06
78.65,-0.000122108248591,-0.00453141088986,7.40705735755e-06
78.7,-0.000120984305259,-0.00452756996515,7.336591784e-06
78.75,-0.000119870554932,-0.00452373763503,7.26681648218e-06
78.8,-0.00011876690722,-0.00451991387309,7.19771724447e-06
78.85,-0.000117673860586,-0.00451609865297,7.12928494724e-06
78.9,-0.000116590726667,-0.00451229195019,7.06153399548e-06
78.95,-0.000115517417546,-0.00450849373799,6.99443966841e-06
79.0,-0.000114453846054,-0.00450470398988,6.92798805408e-06
79.05,-0.000113399925768,-0.00450092267944,6.86217291805e-06
79.1,-0.000112355571005,-0.00449714978023,6.79700057764e-06
79.15,-0.000111320696823,-0.0044933877943,6.73245216815e-06
79.2,-0.000110295218907,-0.00448963922672,6.66852165451e-06
79.25,-0.00010927905358,-0.00448589900686,6.60521594725e-06
79.3,-0.000108272118078,-0.00448216710784,6.54252217565e-06
79.35,-0.000107274330345,-0.00447846376601,6.48043208913e-06
79.4,-0.000106285607018,-0.00447478414448,6.41895909027e-06
79.45,-0.00010530586825,-0.00447111273299,6.35808064361e-06
79.5,-0.000104335034134,-0.00446744950413,6.29778413781e-06
79.55,-0.00010337302545,-0.00446379443063,6.23806393986e-06
79.6,-0.000102419763657,-0.00446014748517,6.17892582673e-06
79.65,-0.000101475170894,-0.00445650864025,6.12035268321e-06
79.7,-0.000100539169966,-0.00445287786856,6.0623390448e-06
79.75,-9.96116843469e-05,-0.00444926101214,6.00489120471e-06
79.8,-9.86926379724e-05,-0.00444565349039,5.9479975227e-06
79.85,-9.7782444264e-05,-0.00444205397492,5.89165053662e-06
79.9,-9.68805304773e-05,-0.00443846243975,5.83586222137e-06
79.95,-9.59868228398e-05,-0.00443487885706,5.78061221801e-06
80.0,-9.51012482129e-05,-0.00443130319927,5.72588909784e-06
80.05,-9.4223734088e-05,-0.00442773543891,5.67168777591e-06
80.1,-9.33542085824e-05,-0.00442417554848,5.61801354094e-06
80.15,-9.24926004359e-05,-0.00442062350036,5.56485086746e-06
80.2,-9.16388390025e-05,-0.00441709647849,5.51219482216e-06
80.25,-9.07928527042e-05,-0.00441359321522,5.46005137005e-06
80.3,-8.99545726946e-05,-0.0044100976816,5.40840985981e-06
80.35,-8.91239301839e-05,-0.00440660984964,5.357263531e-06
80.4,-8.83008569765e-05,-0.0044031296914,5.30662330051e-06
80.45,-8.74852854692e-05,-0.00439965717873,5.2564706859e-06
80.5,-8.66771486419e-05,-0.00439619228369,5.20679532405e-06
80.55,-8.58763800536e-05,-0.00439273497845,5.15759261982e-06
80.6,-8.50829138389e-05,-0.00438928523523,5.10886741123e-06
80.65,-8.42966847046e-05,-0.00438584325044,5.06060560838e-06
80.7,-8.35176279158e-05,-0.00438241594872,5.01280275374e-06
80.75,-8.27456791051e-05,-0.00437899614173,4.9654641377e-06
80.8,-8.19807746711e-05,-0.00437558380148,4.91858017157e-06
80.85,-8.1223257479e-05,-0.00437217890009,4.87214473801e-06
80.9,-8.04726511928e-05,-0.00436878141099,4.82616779744e-06
80.95,-7.97288939691e-05,-0.00436539130615,4.78063257123e-06
81.0,-7.89919244999e-05,-0.00436200855772,4.73552966393e-06
81.05,-7.82616820089e-05,-0.00435863313801,4.69085492532e-06
81.1,-7.7538106248e-05,-0.00435527416536,4.64661278438e-06
81.15,-7.68211364664e-05,-0.00435194400595,4.60279059443e-06
81.2,-7.61107137327e-05,-0.00434862106284,4.55938429132e-06
81.25,-7.54067793871e-05,-0.00434530891686,4.51639868607e-06
81.3,-7.47092751903e-05,-0.00434200733406,4.47382509419e-06
81.35,-7.40181434176e-05,-0.00433871289875,4.43165798676e-06
81.4,-7.33333269333e-05,-0.00433542558289,4.38990644563e-06
81.45,-7.26547691006e-05,-0.00433214535831,4.34855523223e-06
81.5,-7.19824137746e-05,-0.00432887219704,4.30759582295e-06
81.55,-7.13162052987e-05,-0.00432560607124,4.2670244649e-06
81.6,-7.06560885015e-05,-0.0043223469531,4.22684520906e-06
81.65,-7.00020086937e-05,-0.00431909481476,4.18704644617e-06
81.7,-6.9353911662e-05,-0.00431584962851,4.14762453443e-06
81.75,-6.87117436661e-05,-0.00431261136669,4.10858387544e-06
81.8,-6.8075451436e-05,-0.00430938000158,4.06991658258e-06
81.85,-6.74453192263e-05,-0.00430615550555,4.03161764048e-06
81.9,-6.68209510492e-05,-0.00430293785208,3.99369533723e-06
81.95,-6.62022951154e-05,-0.0042997270135,3.95613583448e-06
82.0,-6.55893000865e-05,-0.00429652296229,3.91893140196e-06
82.05,-6.49819150726e-05,-0.00429332567111,3.88207864908e-06
82.1,-6.43800896286e-05,-0.00429015583219,3.84558128488e-06
82.15,-6.37837727074e-05,-0.00428700019051,3.80942891398e-06
82.2,-6.31929152211e-05,-0.00428385645947,3.77361818029e-06
82.25,-6.26074679497e-05,-0.00428072133448,3.73815312326e-06
82.3,-6.20273821767e-05,-0.00427759282031,3.70302659198e-06
82.35,-6.14526096541e-05,-0.00427447088938,3.6682340417e-06
82.4,-6.08831025557e-05,-0.00427135551421,3.6337830309e-06
82.45,-6.03188134755e-05,-0.00426824666722,3.59966098682e-06
82.5,-5.97596954217e-05,-0.00426514432101,3.56586089362e-06
82.55,-5.9205701814e-05,-0.00426204844835,3.53237968378e-06
82.6,-5.86567864806e-05,-0.00425895902203,3.49922074973e-06
82.65,-5.81129036551e-05,-0.00425587601483,3.46637451927e-06
82.7,-5.75740079725e-05,-0.00425279939968,3.4338380152e-06
82.75,-5.70400544654e-05,-0.00424973060276,3.40161491909e-06
82.8,-5.65109985351e-05,-0.00424667354245,3.36969874254e-06
82.85,-5.59870756981e-05,-0.00424362280858,3.33808538354e-06
82.9,-5.54679568977e-05,-0.00424057837504,3.30678174009e-06
82.95,-5.49535988118e-05,-0.00423754021478,3.27577638977e-06
83.0,-5.44439584983e-05,-0.00423450830097,3.2450629664e-06
83.05,-5.3938993392e-05,-0.00423148260687,3.21463869649e-06
83.1,-5.34386613022e-05,-0.00422846310584,3.18450668521e-06
83.15,-5.29429204094e-05,-0.00422546601932,3.15465823902e-06
83.2,-5.2451728527e-05,-0.00422248462911,3.12509076785e-06
83.25,-5.19650448777e-05,-0.00421950932609,3.0958075966e-06
83.3,-5.14828287539e-05,-0.00421654008349,3.06680283155e-06
83.35,-5.10050398059e-05,-0.00421357687465,3.03807274141e-06
83.4,-5.05316380392e-05,-0.00421061967302,3.00962361861e-06
83.45,-5.00625838124e-05,-0.00420766845199,2.98144508225e-06
83.5,-4.95978378323e-05,-0.00420472318514,2.9535313528e-06
83.55,-4.91373611522e-05,-0.00420178384618,2.92587992031e-06
83.6,-4.86811151686e-05,-0.00419885040889,2.8984936253e-06
83.65,-4.82290616189e-05,-0.00419592284707,2.87136456923e-06
83.7,-4.77811625777e-05,-0.00419300413796,2.84449031561e-06
83.75,-4.7337380407e-05,-0.00419009533349,2.81787395023e-06
83.8,-4.68976777866e-05,-0.00418719234235,2.79151013299e-06
83.85,-4.64622499873e-05,-0.00418429513857,2.76539548249e-06
83.9,-4.60308236668e-05,-0.00418140369693,2.73953574178e-06
83.95,-4.5603362616e-05,-0.00417851799149,2.71392147631e-06
84.0,-4.51798309456e-05,-0.0041756379965,2.68854743948e-06
84.05,-4.47601930826e-05,-0.0041727636863,2.66341136061e-06
84.1,-4.43444137689e-05,-0.00416989503535,2.63851583936e-06
84.15,-4.39324580583e-05,-0.00416703201809,2.61385369947e-06
84.2,-4.35242913133e-05,-0.00416417460914,2.58942273649e-06
84.25,-4.31198792032e-05,-0.00416132278318,2.5652257669e-06
84.3,-4.27191877011e-05,-0.00415850002665,2.54125793482e-06
84.35,-4.23221824214e-05,-0.00415568946912,2.51751626823e-06
84.4,-4.19288301963e-05,-0.00415288441029,2.49400597211e-06
84.45,-4.15390979112e-05,-0.00415008482465,2.47071846876e-06
84.5,-4.11529527445e-05,-0.00414729068688,2.44764899267e-06
84.55,-4.07703621647e-05,-0.0041445019718,2.42479548737e-06
84.6,-4.03912939289e-05,-0.00414171865429,2.40216033029e-06
84.65,-4.00157160802e-05,-0.00413894070927,2.37973699864e-06
84.7,-3.96435969448e-05,-0.00413616811181,2.35752349579e-06
84.75,-3.92749051297e-05,-0.00413340083707,2.33552239632e-06
84.8,-3.89096095209e-05,-0.00413063886022,2.31372928944e-06
84.85,-3.85478719244e-05,-0.00412788215657,2.29214139496e-06
84.9,-3.81894653555e-05,-0.00412513070209,2.27076349529e-06
84.95,-3.78343595769e-05,-0.00412238447215,2.24958779249e-06
85.0,-3.74825246193e-05,-0.0041196434423,2.22860995918e-06
85.05,-3.71339307797e-05,-0.00411690758823,2.20782813429e-06
85.1,-3.67885486186e-05,-0.0041141768857,2.18724449382e-06
85.15,-3.64463489586e-05,-0.0041114513105,2.16685310973e-06
85.2,-3.61073028811e-05,-0.00410873167934,2.14665217493e-06
85.25,-3.57713817148e-05,-0.00410602322292,2.12664404592e-06
85.3,-3.54385569824e-05,-0.00410331983771,2.10682472727e-06
85.35,-3.51088005332e-05,-0.00410062149978,2.08719169755e-06
85.4,-3.47820844669e-05,-0.00409792818526,2.06774932129e-06
85.45,-3.44583811319e-05,-0.00409523987033,2.04849050773e-06
85.5,-3.41376631228e-05,-0.0040925565313,2.02941132607e-06
85.55,-3.38199032776e-05,-0.00408989486355,2.01051009115e-06
85.6,-3.35050742567e-05,-0.00408724260193,1.99178885369e-06
85.65,-3.31931495802e-05,-0.00408459522493,1.97324219643e-06
85.7,-3.28841028149e-05,-0.00408195270904,1.95486848173e-06
85.75,-3.25779077632e-05,-0.00407931503082,1.93666986218e-06
85.8,-3.22745384611e-05,-0.00407668615022,1.91864269795e-06
85.85,-3.19741289257e-05,-0.00407406465805,1.90078470692e-06
85.9,-3.1676490701e-05,-0.00407144794906,1.88309987579e-06
85.95,-3.13815985604e-05,-0.00406883599998,1.8655817547e-06
86.0,-3.10894275016e-05,-0.00406622878768,1.84822677126e-06
86.05,-3.07999527454e-05,-0.00406362628915,1.83103339811e-06
86.1,-3.05131497335e-05,-0.0040610284815,1.81400345575e-06
86.15,-3.0228994127e-05,-0.00405843534186,1.79713204351e-06
86.2,-2.99474618042e-05,-0.00405584684751,1.78041767807e-06
86.25,-2.96685288586e-05,-0.00405326297583,1.76386232803e-06
86.3,-2.93921715974e-05,-0.00405068370423,1.74746268637e-06
86.35,-2.91183665396e-05,-0.00404810901025,1.731216677e-06
86.4,-2.88470904138e-05,-0.00404553887153,1.71512793525e-06
86.45,-2.8578320157e-05,-0.00404297326573,1.69919059465e-06
86.5,-2.8312032912e-05,-0.00404041217066,1.68340140934e-06
86.55,-2.80482060264e-05,-0.00403785556426,1.66775899585e-06
86.6,-2.77868170499e-05,-0.00403530342456,1.65226502001e-06
86.65,-2.75278437338e-05,-0.00403275572963,1.63691502566e-06
86.7,-2.72712640281e-05,-0.00403021245768,1.62170766912e-06
86.75,-2.70170560803e-05,-0.00402767915149,1.60664475083e-06
86.8,-2.67651981847e-05,-0.00402515147398,1.59172327288e-06
86.85,-2.65158013831e-05,-0.00402262817019,1.57694135266e-06
86.9,-2.62687092911e-05,-0.00402011745828,1.56230230847e-06
86.95,-2.60239006359e-05,-0.00401762187517,1.547800837e-06
87.0,-2.57813546455e-05,-0.00401513058415,1.53343397677e-06
87.05,-2.55410506619e-05,-0.00401264356374,1.51920047311e-06
87.1,-2.53029682123e-05,-0.00401016079255,1.50510184899e-06
87.15,-2.50670870073e-05,-0.00400768224924,1.49113405064e-06
87.2,-2.48333869394e-05,-0.00400520791263,1.47729585938e-06
87.25,-2.46018480811e-05,-0.0040027377616,1.46358892066e-06
87.3,-2.4372450684e-05,-0.00400027372926,1.45001050237e-06
87.35,-2.4145175161e-05,-0.00399781833824,1.43655889576e-06
87.4,-2.39200020815e-05,-0.00399536708474,1.42323713408e-06
87.45,-2.36969122255e-05,-0.00399291994785,1.41004036058e-06
87.5,-2.34758865458e-05,-0.00399047690679,1.3969658927e-06
87.55,-2.32569061657e-05,-0.00398803794091,1.38401259317e-06
87.6,-2.30399523784e-05,-0.00398560302964,1.37118185509e-06
87.65,-2.2825006645e-05,-0.00398317215247,1.358469991e-06
87.7,-2.26120505931e-05,-0.00398074528903,1.34587589613e-06
87.75,-2.24010660157e-05,-0.00397832241904,1.33340107499e-06
87.8,-2.21920348691e-05,-0.00397590352227,1.32104304389e-06
87.85,-2.19850491432e-05,-0.00397348857862,1.30880024929e-06
87.9,-2.17799790868e-05,-0.00397107756837,1.29667545545e-06
87.95,-2.15768071708e-05,-0.00396867047155,1.28466424294e-06
88.0,-2.13755160235e-05,-0.00396626726831,1.27276417301e-06
88.05,-2.11760884295e-05,-0.00396386793891,1.26097421468e-06
88.1,-2.09785073283e-05,-0.00396147246373,1.24929564235e-06
88.15,-2.07827558128e-05,-0.00395908082318,1.23772510141e-06
88.2,-2.05888171282e-05,-0.00395669299781,1.22626159026e-06
88.25,-2.03966746706e-05,-0.00395431240762,1.2149064846e-06
88.3,-2.02063119626e-05,-0.00395193883812,1.20365752969e-06
88.35,-2.00177126775e-05,-0.00394956904137,1.19251331781e-06
88.4,-1.98308606575e-05,-0.00394720772971,1.18147637202e-06
88.45,-1.96457397506e-05,-0.0039448624083,1.17054269051e-06
88.5,-1.94623341246e-05,-0.00394252078815,1.15971005036e-06
88.55,-1.92806280587e-05,-0.00394018285014,1.14897751587e-06
88.6,-1.91006059739e-05,-0.00393784857524,1.13834625192e-06
88.65,-1.89222524318e-05,-0.00393551794448,1.12781320548e-06
88.7,-1.87455521328e-05,-0.00393319093901,1.11737746747e-06
88.75,-1.85704899156e-05,-0.00393086754006,1.10704029497e-06
88.8,-1.83970507557e-05,-0.00392854772895,1.09679963392e-06
88.85,-1.82253108456e-05,-0.00392623781785,1.08665420231e-06
88.9,-1.80551625197e-05,-0.00392393147234,1.07660630848e-06
88.95,-1.78865911844e-05,-0.00392162867385,1.06665229058e-06
89.0,-1.77195823775e-05,-0.00391932940393,1.05679013107e-06
89.05,-1.75541217674e-05,-0.00391703364425,1.04701898109e-06
89.1,-1.73901951519e-05,-0.00391474137656,1.03733990592e-06
89.15,-1.72277884568e-05,-0.00391245258268,1.02775012716e-06
89.2,-1.70668877353e-05,-0.00391016724455,1.01824882003e-06
89.25,-1.69074791662e-05,-0.0039078853442,1.00883713372e-06
89.3,-1.67495490534e-05,-0.00390560686372,9.9951319997e-07
89.35,-1.65930838245e-05,-0.00390333178529,9.90275854004e-07
89.4,-1.64380700298e-05,-0.00390106009121,9.8112719781e-07
89.45,-1.62844943411e-05,-0.00389879176382,9.72063897944e-07
89.5,-1.61323435509e-05,-0.00389652678557,9.63084119307e-07
89.55,-1.59816045709e-05,-0.00389426513902,9.54187091786e-07
89.6,-1.58322644313e-05,-0.00389200680684,9.45373789648e-07
89.65,-1.56843102796e-05,-0.00388975177174,9.3664168422e-07
89.7,-1.55377293797e-05,-0.00388750001653,9.27990027162e-07
89.75,-1.53925091107e-05,-0.00388525291549,9.19419869088e-07
89.8,-1.52486369591e-05,-0.00388301423006,9.10929511615e-07
89.85,-1.51061759998e-05,-0.00388077878873,9.02517900171e-07
89.9,-1.49650369732e-05,-0.00387854657476,8.94186953517e-07
89.95,-1.48252077324e-05,-0.00387631757122,8.85933636581e-07
90.0,-1.46866762407e-05,-0.00387409176132,8.77756279759e-07
90.05,-1.45494305702e-05,-0.00387186912837,8.69654184011e-07
90.1,-1.4413458901e-05,-0.00386966278375,8.61628240106e-07
90.15,-1.42787493888e-05,-0.0038674615175,8.5367616574e-07
90.2,-1.41452904929e-05,-0.0038652633681,8.4579727182e-07
90.25,-1.40130707142e-05,-0.00386306831903,8.37992518232e-07
90.3,-1.38820786583e-05,-0.00386087635383,8.30260358379e-07
90.35,-1.37523030337e-05,-0.00385869179217,8.22599829921e-07
90.4,-1.36237326322e-05,-0.00385651217652,8.15012686956e-07
90.45,-1.34963563584e-05,-0.00385433561016,8.07496166688e-07
90.5,-1.33701632265e-05,-0.00385216207688,8.00048749527e-07
90.55,-1.32451423499e-05,-0.00384999156055,7.92669800468e-07
90.6,-1.31212829409e-05,-0.00384782404513,7.85360133563e-07
90.65,-1.29985743098e-05,-0.00384565951468,7.78117652802e-07
90.7,-1.28770058638e-05,-0.00384349795331,7.70941741056e-07
90.75,-1.2756567106e-05,-0.00384133934526,7.63833275656e-07
90.8,-1.26372476353e-05,-0.0038391836748,7.56790849258e-07
90.85,-1.25190997092e-05,-0.00383703092633,7.49813587014e-07
90.9,-1.24020493174e-05,-0.00383488108448,7.42903087539e-07
90.95,-1.22860863575e-05,-0.00383273413377,7.36056833735e-07
91.0,-1.2171200819e-05,-0.00383059005882,7.29273442809e-07
91.05,-1.20573827818e-05,-0.00382844884436,7.22552338247e-07
91.1,-1.19446224165e-05,-0.00382631047519,7.15894264382e-07
91.15,-1.18329099824e-05,-0.00382417493618,7.09297312864e-07
91.2,-1.17222358278e-05,-0.00382204221228,7.02760923359e-07
91.25,-1.16125903883e-05,-0.00381991228855,6.96285897799e-07
91.3,-1.15039641868e-05,-0.00381779101083,6.89870955468e-07
91.35,-1.13963478102e-05,-0.00381567310313,6.83515304295e-07
91.4,-1.03508522228e-05,-0.00381355796605,6.77220403829e-07
91.45,-8.8448493019e-06,-0.00381144298069,6.70983444135e-07
91.5,-8.76210049267e-06,-0.00380932687131,6.64802932136e-07
91.55,-8.68012102118e-06,-0.003807213596,6.5867913964e-07
91.6,-8.59890379905e-06,-0.00380510313894,6.52612745918e-07
91.65,-8.51844180236e-06,-0.00380299548435,6.46602012049e-07
91.7,-8.43872807099e-06,-0.00380089061659,6.40646427954e-07
91.75,-8.35975570811e-06,-0.00379878852011,6.34746725416e-07
91.8,-8.2815178796e-06,-0.00379668917941,6.28901737648e-07
91.85,-8.20404881347e-06,-0.00379459498896,6.23110740312e-07
91.9,-8.12729998497e-06,-0.00379250723598,6.17375065756e-07
91.95,-8.0512647472e-06,-0.00379043266248,6.1169262667e-07
92.0,-7.97593646176e-06,-0.00378836373179,6.06062288236e-07
92.05,-7.90130864123e-06,-0.00378629748651,6.00483568169e-07
92.1,-7.82737482947e-06,-0.00378423391148,5.94957087227e-07
92.15,-7.75412862907e-06,-0.00378217299158,5.89481261604e-07
92.2,-7.68156370079e-06,-0.00378011471184,5.84055627737e-07
92.25,-7.60967376306e-06,-0.00377805905736,5.78680854213e-07
92.3,-7.53845259148e-06,-0.0037760060133,5.7335587874e-07
92.35,-7.46789401827e-06,-0.00377395556494,5.36906739358e-07
92.4,-7.39799155581e-06,-0.00377190812254,5.28501677139e-07
92.45,-7.32873949593e-06,-0.00376986328686,5.23640662482e-07
92.5,-7.26013188029e-06,-0.00376782099551,5.18824159299e-07
92.55,-7.19216276232e-06,-0.00376578123421,5.14051760911e-07
92.6,-7.1248262496e-06,-0.00376374398879,5.09324061145e-07
92.65,-7.05811650342e-06,-0.00376170924512,5.04639643643e-07
92.7,-6.99202773829e-06,-0.00375967698919,4.9999811311e-07
92.75,-6.92655422143e-06,-0.00375764720708,4.95400106203e-07
92.8,-6.86169027234e-06,-0.00375562372806,4.90844681239e-07
92.85,-6.79746422435e-06,-0.00375360520163,4.86330949745e-07
92.9,-6.73383585452e-06,-0.00375158912237,4.81860368959e-07
92.95,-6.67079964678e-06,-0.00374957547652,4.77431229507e-07
93.0,-6.60835013527e-06,-0.00374756425046,4.73042605174e-07
93.05,-6.54648190397e-06,-0.00374555543062,4.68694126405e-07
93.1,-6.48518958627e-06,-0.00374354900353,4.64386335851e-07
93.15,-6.42446786448e-06,-0.0037415449558,4.60117943333e-07
93.2,-6.36431146941e-06,-0.00373954327411,4.55888589608e-07
93.25,-6.30471517997e-06,-0.00373754394525,4.20573460398e-07
93.3,-6.24567350629e-06,-0.00373554737983,4.1324741044e-07
93.35,-6.18718161478e-06,-0.00373355372824,4.09449545724e-07
93.4,-6.1292344607e-06,-0.00373156785387,4.0568808124e-07
93.45,-6.07182699986e-06,-0.00372958428652,4.01961487669e-07
93.5,-6.01495424527e-06,-0.00372760301333,3.98268947614e-07
93.55,-5.95861125545e-06,-0.00372562402151,3.94610150981e-07
93.6,-5.90279313406e-06,-0.00372364729839,3.90985619196e-07
93.65,-5.8474950295e-06,-0.00372167283132,3.87394202225e-07
93.7,-5.7927121345e-06,-0.00371970060778,3.83835598626e-07
93.75,-5.7384396857e-06,-0.00371773061529,3.80310049315e-07
93.8,-5.6846729633e-06,-0.00371576284147,3.76817119852e-07
93.85,-5.63143543391e-06,-0.003713797274,3.73356096609e-07
93.9,-5.57869376516e-06,-0.00371183390071,3.69928216475e-07
93.95,-5.52644337371e-06,-0.00370987270944,3.66532084168e-07
94.0,-5.47467971813e-06,-0.00370791992126,3.63166955263e-07
94.05,-5.42339826687e-06,-0.00370597479875,3.59832553262e-07
94.1,-5.37259457319e-06,-0.00370403181788,3.25580140399e-07
94.15,-5.32226395216e-06,-0.00370209138074,3.19149656273e-07
94.2,-5.27240227452e-06,-0.0037001531005,3.1621953406e-07
94.25,-5.22300523367e-06,-0.00369821691856,3.13316653855e-07
94.3,-5.17406853216e-06,-0.00369628471428,3.10440646218e-07
94.35,-5.12558790867e-06,-0.00369435893787,3.0759088735e-07
94.4,-5.07755913694e-06,-0.00369243523922,3.04768532477e-07
94.45,-5.02997803675e-06,-0.00369051360672,3.01972335179e-07
94.5,-4.98284046613e-06,-0.00368859402886,2.99201642303e-07
94.55,-4.936142321e-06,-0.0036866764942,2.96456222271e-07
94.6,-4.88987953486e-06,-0.00368476099137,2.93736221118e-07
94.65,-4.84404807842e-06,-0.00368284750907,2.91041028298e-07
94.7,-4.7986439593e-06,-0.00368093603607,2.88370418591e-07
94.75,-4.75366322167e-06,-0.00367902656122,2.85724617549e-07
94.8,-4.70910194592e-06,-0.00367711907341,2.52258440573e-07
94.85,-4.6649793282e-06,-0.00367521397389,2.46513974789e-07
94.9,-4.62126796295e-06,-0.00367331554474,2.44253250855e-07
94.95,-4.57796406358e-06,-0.0036714203291,2.42013506747e-07
95.0,-4.53506385707e-06,-0.00366952706299,2.39794173459e-07
95.05,-4.49256360684e-06,-0.00366763573562,2.37595065927e-07
95.1,-4.45045961053e-06,-0.0036657463363,2.04595447238e-07
95.15,-4.40874797924e-06,-0.00366385926608,1.99291874349e-07
95.2,-4.36742528208e-06,-0.00366197414164,1.97464076225e-07
95.25,-4.32648794246e-06,-0.00366009090601,1.95653345546e-07
95.3,-4.28593239164e-06,-0.00365820954885,1.93859113748e-07
95.35,-4.24575509361e-06,-0.00365633005987,1.92081231309e-07
95.4,-4.20595254476e-06,-0.00365445242885,1.90320708318e-07
95.45,-4.16652127365e-06,-0.00365257664562,1.5781452386e-07
95.5,-4.12745763477e-06,-0.00365070311074,1.5294743634e-07
95.55,-4.08875841048e-06,-0.00364883144237,1.51545586735e-07
95.6,-4.05042024723e-06,-0.0036469615842,1.5015650092e-07
95.65,-4.012439799e-06,-0.00364509352643,1.48780063361e-07
95.7,-3.97481375046e-06,-0.00364322725931,1.47416159564e-07
95.75,-3.93753881668e-06,-0.00364136277314,1.46065049301e-07
95.8,-3.90061174294e-06,-0.0036395000583,1.44726239323e-07
95.85,-3.86404861507e-06,-0.00363764524799,1.43399618317e-07
95.9,-3.82782653822e-06,-0.00363579220414,8.06104783144e-08
95.95,-3.7919419747e-06,-0.00363394173711,7.30359587481e-08
96.0,-3.75639214288e-06,-0.00363209309497,7.23668615776e-08
96.05,-3.72117398322e-06,-0.00363024617577,7.17038518661e-08
96.1,-3.68628442154e-06,-0.0036284009703,7.10468745813e-08
96.15,-3.65172041191e-06,-0.00362655746938,7.03958751862e-08
96.2,-3.61747893633e-06,-0.00362471566394,6.97507996309e-08
96.25,-3.58355700457e-06,-0.00362287554492,3.847520242e-08
96.3,-3.5499514777e-06,-0.00362104060449,3.47158614772e-08
96.35,-3.51665956791e-06,-0.0036192145436,3.43977356107e-08
96.4,-3.48367839057e-06,-0.00361739296181,3.43908202522e-09
96.45,-3.4510048897e-06,-0.0036155764346,0.0
96.5,-3.41863636533e-06,-0.00361376159247,0.0
96.55,-3.38657000816e-06,-0.00361194838122,0.0
96.6,-3.35480301532e-06,-0.00361013679213,0.0
96.65,-3.32333260975e-06,-0.00360832681653,0.0
96.7,-3.29215603989e-06,-0.00360651844583,0.0
96.75,-3.26127057947e-06,-0.00360471167146,0.0
96.8,-3.23067352731e-06,-0.00360290648491,0.0
96.85,-3.20037820105e-06,-0.00360110287774,0.0
96.9,-3.17036563907e-06,-0.00359930084159,0.0
96.95,-3.14063321871e-06,-0.00359750036812,0.0
97.0,-3.1111783414e-06,-0.00359570144902,0.0
97.05,-3.08199843248e-06,-0.00359390407605,0.0
97.1,-3.05309094096e-06,-0.00359210824102,0.0
97.15,-3.02445333931e-06,-0.00359031393578,0.0
97.2,-2.99608312323e-06,-0.00358852115225,0.0
97.25,-2.96797781149e-06,-0.00358672988239,0.0
97.3,-2.94013494565e-06,-0.00358494011819,0.0
97.35,-2.91255208991e-06,-0.00358315606851,0.0
97.4,-2.88522682694e-06,-0.00358137535136,0.0
97.45,-2.85815676402e-06,-0.00357959612993,0.0
97.5,-2.83133953216e-06,-0.00357781839629,0.0
97.55,-2.80477278419e-06,-0.0035760421426,0.0
97.6,-2.77845419456e-06,-0.00357426736103,0.0
97.65,-2.75238145909e-06,-0.00357249404381,0.0
97.7,-2.72655229486e-06,-0.00357072218323,0.0
97.75,-2.70096443992e-06,-0.00356895177163,0.0
97.8,-2.67561565321e-06,-0.00356718280137,0.0
97.85,-2.65051696029e-06,-0.00356541526489,0.0
97.9,-2.62565265344e-06,-0.00356365019917,0.0
97.95,-2.60102055591e-06,-0.00356189125397,0.0
98.0,-2.57661850799e-06,-0.00356013373325,0.0
98.05,-2.55244437388e-06,-0.00355837762951,0.0
98.1,-2.52849603745e-06,-0.00355662293529,0.0
98.15,-2.50477140202e-06,-0.00355486964319,0.0
98.2,-2.48126839026e-06,-0.00355311774585,0.0
98.25,-2.45798494395e-06,-0.00355136723596,0.0
98.3,-2.43491902383e-06,-0.00354961810625,0.0
98.35,-2.41206860944e-06,-0.00354787034951,0.0
98.4,-1.43938787853e-06,-0.00354612395855,0.0
98.45,0.0,-0.0035443764462,0.0
98.5,0.0,-0.00354262660571,0.0
98.55,0.0,-0.00354087821436,0.0
98.6,0.0,-0.00353913126383,0.0
98.65,0.0,-0.00353738574587,0.0
98.7,0.0,-0.00353564165229,0.0
98.75,0.0,-0.00353389897495,0.0
98.8,0.0,-0.00353215770577,0.0
98.85,0.0,-0.0035304201848,0.0
98.9,0.0,-0.00352869447124,0.0
98.95,0.0,-0.00352697249005,0.0
99.0,0.0,-0.00352525189889,0.0
99.05,0.0,-0.00352353268973,0.0
99.1,0.0,-0.00352181485461,0.0
99.15,0.0,-0.00352009838563,0.0
99.2,0.0,-0.00351838327494,0.0
99.25,0.0,-0.00351666951474,0.0
99.3,0.0,-0.0035149570973,0.0
99.35,0.0,-0.00351324601495,0.0
99.4,0.0,-0.00351153626004,0.0
99.45,0.0,-0.00350983279818,0.0
99.5,0.0,-0.00350813134572,0.0
99.55,0.0,-0.0035064312108,0.0
99.6,0.0,-0.00350473238589,0.0
99.65,0.0,-0.00350303486353,0.0
99.7,0.0,-0.0035013386363,0.0
99.75,0.0,-0.00349964369685,0.0
99.8,0.0,-0.00349795003787,0.0
99.85,0.0,-0.0034962576521,0.0
99.9,0.0,-0.00349456653234,0.0
99.95,0.0,-0.00349287667144,0.0
100.0,0.0,-0.0034911880623,0.0
