"time","AMPA","NMDA","GABAa"
0.0,0.0,0.0,0.0
0.05,0.0,0.0,0.0
0.1,0.0,0.0,0.0
0.15,0.0,0.0,0.0
0.2,0.0,0.0,0.0
0.25,0.0,0.0,0.0
0.3,0.0,0.0,0.0
0.35,0.0,0.0,0.0
0.4,0.0,0.0,0.0
0.45,0.0,0.0,0.0
0.5,0.0,0.0,0.0
0.55,0.0,0.0,0.0
0.6,0.0,0.0,0.0
0.65,0.0,0.0,0.0
0.7,0.0,0.0,0.0
0.75,0.0,0.0,0.0
0.8,0.0,0.0,0.0
0.85,0.0,0.0,0.0
0.9,0.0,0.0,0.0
0.95,0.0,0.0,0.0
1.0,0.0,0.0,0.0
1.05,0.0,0.0,0.0
1.1,0.0,0.0,0.0
1.15,0.0,0.0,0.0
1.2,0.0,0.0,0.0
1.25,0.0,0.0,0.0
1.3,0.0,0.0,0.0
1.35,0.0,0.0,0.0
1.4,0.0,0.0,0.0
1.45,0.0,0.0,0.0
1.5,0.0,0.0,0.0
1.55,0.0,0.0,0.0
1.6,0.0,0.0,0.0
1.65,0.0,0.0,0.0
1.7,0.0,0.0,0.0
1.75,0.0,0.0,0.0
1.8,0.0,0.0,0.0
1.85,0.0,0.0,0.0
1.9,0.0,0.0,0.0
1.95,0.0,0.0,0.0
2.0,0.0,0.0,0.0
2.05,0.0,0.0,0.0
2.1,0.0,0.0,0.0
2.15,0.0,0.0,0.0
2.2,0.0,0.0,0.0
2.25,0.0,0.0,0.0
2.3,0.0,0.0,0.0
2.35,0.0,0.0,0.0
2.4,0.0,0.0,0.0
2.45,0.0,0.0,0.0
2.5,0.0,0.0,0.0
2.55,0.0,0.0,0.0
2.6,0.0,0.0,0.0
2.65,0.0,0.0,0.0
2.7,0.0,0.0,0.0
2.75,0.0,0.0,0.0
2.8,0.0,0.0,0.0
2.85,0.0,0.0,0.0
2.9,0.0,0.0,0.0
2.95,0.0,0.0,0.0
3.0,0.0,0.0,0.0
3.05,0.0,0.0,0.0
3.1,0.0,0.0,0.0
3.15,0.0,0.0,0.0
3.2,0.0,0.0,0.0
3.25,0.0,0.0,0.0
3.3,0.0,0.0,0.0
3.35,0.0,0.0,0.0
3.4,0.0,0.0,0.0
3.45,0.0,0.0,0.0
3.5,0.0,0.0,0.0
3.55,0.0,0.0,0.0
3.6,0.0,0.0,0.0
3.65,0.0,0.0,0.0
3.7,0.0,0.0,0.0
3.75,0.0,0.0,0.0
3.8,0.0,0.0,0.0
3.85,0.0,0.0,0.0
3.9,0.0,0.0,0.0
3.95,0.0,0.0,0.0
4.0,0.0,0.0,0.0
4.05,0.0,0.0,0.0
4.1,0.0,0.0,0.0
4.15,0.0,0.0,0.0
4.2,0.0,0.0,0.0
4.25,0.0,0.0,0.0
4.3,0.0,0.0,0.0
4.35,0.0,0.0,0.0
4.4,0.0,0.0,0.0
4.45,0.0,0.0,0.0
4.5,0.0,0.0,0.0
4.55,0.0,0.0,0.0
4.6,0.0,0.0,0.0
4.65,0.0,0.0,0.0
4.7,0.0,0.0,0.0
4.75,0.0,0.0,0.0
4.8,0.0,0.0,0.0
4.85,0.0,0.0,0.0
4.9,0.0,0.0,0.0
4.95,0.0,0.0,0.0
5.0,0.0,0.0,0.0
5.05,0.0,0.0,0.0
5.1,0.0,0.0,0.0
5.15,0.0,0.0,0.0
5.2,0.0,0.0,0.0
5.25,0.0,0.0,0.0
5.3,0.0,0.0,0.0
5.35,0.0,0.0,0.0
5.4,0.0,0.0,0.0
5.45,0.0,0.0,0.0
5.5,0.0,0.0,0.0
5.55,0.0,0.0,0.0
5.6,0.0,0.0,0.0
5.65,0.0,0.0,0.0
5.7,0.0,0.0,0.0
5.75,0.0,0.0,0.0
5.8,0.0,0.0,0.0
5.85,0.0,0.0,0.0
5.9,0.0,0.0,0.0
5.95,0.0,0.0,0.0
6.0,0.0,0.0,0.0
6.05,0.0,0.0,0.0
6.1,0.0,0.0,0.0
6.15,0.0,0.0,0.0
6.2,0.0,0.0,0.0
6.25,0.0,0.0,0.0
6.3,0.0,0.0,0.0
6.35,0.0,0.0,0.0
6.4,0.0,0.0,0.0
6.45,0.0,0.0,0.0
6.5,0.0,0.0,0.0
6.55,0.0,0.0,0.0
6.6,0.0,0.0,0.0
6.65,0.0,0.0,0.0
6.7,0.0,0.0,0.0
6.75,0.0,0.0,0.0
6.8,0.0,0.0,0.0
6.85,0.0,0.0,0.0
6.9,0.0,0.0,0.0
6.95,0.0,0.0,0.0
7.0,0.0,0.0,0.0
7.05,0.0,0.0,0.0
7.1,0.0,0.0,0.0
7.15,0.0,0.0,0.0
7.2,0.0,0.0,0.0
7.25,0.0,0.0,0.0
7.3,0.0,0.0,0.0
7.35,0.0,0.0,0.0
7.4,0.0,0.0,0.0
7.45,0.0,0.0,0.0
7.5,0.0,0.0,0.0
7.55,0.0,0.0,0.0
7.6,0.0,0.0,0.0
7.65,0.0,0.0,0.0
7.7,0.0,0.0,0.0
7.75,0.0,0.0,0.0
7.8,0.0,0.0,0.0
7.85,0.0,0.0,0.0
7.9,0.0,0.0,0.0
7.95,0.0,0.0,0.0
8.0,0.0,0.0,0.0
8.05,0.0,0.0,0.0
8.1,0.0,0.0,0.0
8.15,0.0,0.0,0.0
8.2,0.0,0.0,0.0
8.25,0.0,0.0,0.0
8.3,0.0,0.0,0.0
8.35,0.0,0.0,0.0
8.4,0.0,0.0,0.0
8.45,0.0,0.0,0.0
8.5,0.0,0.0,0.0
8.55,0.0,0.0,0.0
8.6,0.0,0.0,0.0
8.65,0.0,0.0,0.0
8.7,0.0,0.0,0.0
8.75,0.0,0.0,0.0
8.8,0.0,0.0,0.0
8.85,0.0,0.0,0.0
8.9,0.0,0.0,0.0
8.95,0.0,0.0,0.0
9.0,0.0,0.0,0.0
9.05,0.0,0.0,0.0
9.1,0.0,0.0,0.0
9.15,0.0,0.0,0.0
9.2,0.0,0.0,0.0
9.25,0.0,0.0,0.0
9.3,0.0,0.0,0.0
9.35,0.0,0.0,0.0
9.4,0.0,0.0,0.0
9.45,0.0,0.0,0.0
9.5,0.0,0.0,0.0
9.55,0.0,0.0,0.0
9.6,0.0,0.0,0.0
9.65,0.0,0.0,0.0
9.7,0.0,0.0,0.0
9.75,0.0,0.0,0.0
9.8,0.0,0.0,0.0
9.85,0.0,0.0,0.0
9.9,0.0,0.0,0.0
9.95,0.0,0.0,0.0
10.0,0.0,0.0,0.0
10.05,0.0,0.0,0.0
10.1,0.0,0.0,0.0
10.15,0.0,0.0,0.0
10.2,0.0,0.0,0.0
10.25,0.0,0.0,0.0
10.3,0.0,0.0,0.0
10.35,0.0,0.0,0.0
10.4,0.0,0.0,0.0
10.45,0.0,0.0,0.0
10.5,0.0,0.0,0.0
10.55,0.0,0.0,0.0
10.6,0.0,0.0,0.0
10.65,0.0,0.0,0.0
10.7,0.0,0.0,0.0
10.75,0.0,0.0,0.0
10.8,0.0,0.0,0.0
10.85,0.0,0.0,0.0
10.9,0.0,0.0,0.0
10.95,0.0,0.0,0.0
11.0,0.0,0.0,0.0
11.05,0.0,0.0,0.0
11.1,0.0,0.0,0.0
11.15,0.0,0.0,0.0
11.2,0.0,0.0,0.0
11.25,0.0,0.0,0.0
11.3,0.0,0.0,0.0
11.35,0.0,0.0,0.0
11.4,0.0,0.0,0.0
11.45,0.0,0.0,0.0
11.5,0.0,0.0,0.0
11.55,0.0,0.0,0.0
11.6,0.0,0.0,0.0
11.65,0.0,0.0,0.0
11.7,0.0,0.0,0.0
11.75,0.0,0.0,0.0
11.8,0.0,0.0,0.0
11.85,0.0,0.0,0.0
11.9,0.0,0.0,0.0
11.95,0.0,0.0,0.0
12.0,0.0,0.0,0.0
12.05,0.0,0.0,0.0
12.1,0.0,0.0,0.0
12.15,0.0,0.0,0.0
12.2,0.0,0.0,0.0
12.25,0.0,0.0,0.0
12.3,0.0,0.0,0.0
12.35,0.0,0.0,0.0
12.4,0.0,0.0,0.0
12.45,0.0,0.0,0.0
12.5,0.0,0.0,0.0
12.55,0.0,0.0,0.0
12.6,0.0,0.0,0.0
12.65,0.0,0.0,0.0
12.7,0.0,0.0,0.0
12.75,0.0,0.0,0.0
12.8,0.0,0.0,0.0
12.85,0.0,0.0,0.0
12.9,0.0,0.0,0.0
12.95,0.0,0.0,0.0
13.0,0.0,0.0,0.0
13.05,0.0,0.0,0.0
13.1,0.0,0.0,0.0
13.15,0.0,0.0,0.0
13.2,0.0,0.0,0.0
13.25,0.0,0.0,0.0
13.3,0.0,0.0,0.0
13.35,0.0,0.0,0.0
13.4,0.0,0.0,0.0
13.45,0.0,0.0,0.0
13.5,0.0,0.0,0.0
13.55,0.0,0.0,0.0
13.6,0.0,0.0,0.0
13.65,0.0,0.0,0.0
13.7,0.0,0.0,0.0
13.75,0.0,0.0,0.0
13.8,0.0,0.0,0.0
13.85,0.0,0.0,0.0
13.9,0.0,0.0,0.0
13.95,0.0,0.0,0.0
14.0,0.0,0.0,0.0
14.05,0.0,0.0,0.0
14.1,0.0,0.0,0.0
14.15,0.0,0.0,0.0
14.2,0.0,0.0,0.0
14.25,0.0,0.0,0.0
14.3,0.0,0.0,0.0
14.35,0.0,0.0,0.0
14.4,0.0,0.0,0.0
14.45,0.0,0.0,0.0
14.5,0.0,0.0,0.0
14.55,0.0,0.0,0.0
14.6,0.0,0.0,0.0
14.65,0.0,0.0,0.0
14.7,0.0,0.0,0.0
14.75,0.0,0.0,0.0
14.8,0.0,0.0,0.0
14.85,0.0,0.0,0.0
14.9,0.0,0.0,0.0
14.95,0.0,0.0,0.0
15.0,0.0,0.0,0.0
15.05,0.0,0.0,0.0
15.1,0.0,0.0,0.0
15.15,0.0,0.0,0.0
15.2,0.0,0.0,0.0
15.25,0.0,0.0,0.0
15.3,0.0,0.0,0.0
15.35,0.0,0.0,0.0
15.4,0.0,0.0,0.0
15.45,0.0,0.0,0.0
15.5,0.0,0.0,0.0
15.55,0.0,0.0,0.0
15.6,0.0,0.0,0.0
15.65,0.0,0.0,0.0
15.7,0.0,0.0,0.0
15.75,0.0,0.0,0.0
15.8,0.0,0.0,0.0
15.85,0.0,0.0,0.0
15.9,0.0,0.0,0.0
15.95,0.0,0.0,0.0
16.0,0.0,0.0,0.0
16.05,0.0,0.0,0.0
16.1,0.0,0.0,0.0
16.15,0.0,0.0,0.0
16.2,0.0,0.0,0.0
16.25,0.0,0.0,0.0
16.3,0.0,0.0,0.0
16.35,0.0,0.0,0.0
16.4,0.0,0.0,0.0
16.45,0.0,0.0,0.0
16.5,0.0,0.0,0.0
16.55,0.0,0.0,0.0
16.6,0.0,0.0,0.0
16.65,0.0,0.0,0.0
16.7,0.0,0.0,0.0
16.75,0.0,0.0,0.0
16.8,0.0,0.0,0.0
16.85,0.0,0.0,0.0
16.9,0.0,0.0,0.0
16.95,0.0,0.0,0.0
17.0,0.0,0.0,0.0
17.05,0.0,0.0,0.0
17.1,0.0,0.0,0.0
17.15,0.0,0.0,0.0
17.2,0.0,0.0,0.0
17.25,0.0,0.0,0.0
17.3,0.0,0.0,0.0
17.35,0.0,0.0,0.0
17.4,0.0,0.0,0.0
17.45,0.0,0.0,0.0
17.5,0.0,0.0,0.0
17.55,0.0,0.0,0.0
17.6,0.0,0.0,0.0
17.65,0.0,0.0,0.0
17.7,0.0,0.0,0.0
17.75,0.0,0.0,0.0
17.8,0.0,0.0,0.0
17.85,0.0,0.0,0.0
17.9,0.0,0.0,0.0
17.95,0.0,0.0,0.0
18.0,0.0,0.0,0.0
18.05,0.0,0.0,0.0
18.1,0.0,0.0,0.0
18.15,0.0,0.0,0.0
18.2,0.0,0.0,0.0
18.25,0.0,0.0,0.0
18.3,0.0,0.0,0.0
18.35,0.0,0.0,0.0
18.4,0.0,0.0,0.0
18.45,0.0,0.0,0.0
18.5,0.0,0.0,0.0
18.55,0.0,0.0,0.0
18.6,0.0,0.0,0.0
18.65,0.0,0.0,0.0
18.7,0.0,0.0,0.0
18.75,0.0,0.0,0.0
18.8,0.0,0.0,0.0
18.85,0.0,0.0,0.0
18.9,0.0,0.0,0.0
18.95,0.0,0.0,0.0
19.0,0.0,0.0,0.0
19.05,0.0,0.0,0.0
19.1,0.0,0.0,0.0
19.15,0.0,0.0,0.0
19.2,0.0,0.0,0.0
19.25,0.0,0.0,0.0
19.3,0.0,0.0,0.0
19.35,0.0,0.0,0.0
19.4,0.0,0.0,0.0
19.45,0.0,0.0,0.0
19.5,0.0,0.0,0.0
19.55,0.0,0.0,0.0
19.6,0.0,0.0,0.0
19.65,0.0,0.0,0.0
19.7,0.0,0.0,0.0
19.75,0.0,0.0,0.0
19.8,0.0,0.0,0.0
19.85,0.0,0.0,0.0
19.9,0.0,0.0,0.0
19.95,0.0,0.0,0.0
20.0,0.0,0.0,0.0
20.05,0.0,0.0,0.0
20.1,0.0,0.0,0.0
20.15,0.0,0.0,0.0
20.2,0.0,0.0,0.0
20.25,0.0,0.0,0.0
20.3,0.0,0.0,0.0
20.35,0.0,0.0,0.0
20.4,0.0,0.0,0.0
20.45,0.0,0.0,0.0
20.5,0.0,0.0,0.0
20.55,0.0,0.0,0.0
20.6,0.0,0.0,0.0
20.65,0.0,0.0,0.0
20.7,0.0,0.0,0.0
20.75,0.0,0.0,0.0
20.8,0.0,0.0,0.0
20.85,0.0,0.0,0.0
20.9,0.0,0.0,0.0
20.95,0.0,0.0,0.0
21.0,0.0,0.0,0.0
21.05,0.0,0.0,0.0
21.1,0.0,0.0,0.0
21.15,0.0,0.0,0.0
21.2,0.0,0.0,0.0
21.25,0.0,0.0,0.0
21.3,0.0,0.0,0.0
21.35,0.0,0.0,0.0
21.4,0.0,0.0,0.0
21.45,0.0,0.0,0.0
21.5,0.0,0.0,0.0
21.55,0.0,0.0,0.0
21.6,0.0,0.0,0.0
21.65,0.0,0.0,0.0
21.7,0.0,0.0,0.0
21.75,0.0,0.0,0.0
21.8,0.0,0.0,0.0
21.85,0.0,0.0,0.0
21.9,0.0,0.0,0.0
21.95,0.0,0.0,0.0
22.0,0.0,0.0,0.0
22.05,0.0,0.0,0.0
22.1,0.0,0.0,0.0
22.15,0.0,0.0,0.0
22.2,0.0,0.0,0.0
22.25,0.0,0.0,0.0
22.3,0.0,0.0,0.0
22.35,0.0,0.0,0.0
22.4,0.0,0.0,0.0
22.45,0.0,0.0,0.0
22.5,0.0,0.0,0.0
22.55,0.0,0.0,0.0
22.6,0.0,0.0,0.0
22.65,0.0,0.0,0.0
22.7,0.0,0.0,0.0
22.75,0.0,0.0,0.0
22.8,0.0,0.0,0.0
22.85,0.0,0.0,0.0
22.9,0.0,0.0,0.0
22.95,0.0,0.0,0.0
23.0,0.0,0.0,0.0
23.05,0.0,0.0,0.0
23.1,0.0,0.0,0.0
23.15,0.0,0.0,0.0
23.2,0.0,0.0,0.0
23.25,0.0,0.0,0.0
23.3,0.0,0.0,0.0
23.35,0.0,0.0,0.0
23.4,0.0,0.0,0.0
23.45,0.0,0.0,0.0
23.5,0.0,0.0,0.0
23.55,0.0,0.0,0.0
23.6,0.0,0.0,0.0
23.65,0.0,0.0,0.0
23.7,0.0,0.0,0.0
23.75,0.0,0.0,0.0
23.8,0.0,0.0,0.0
23.85,0.0,0.0,0.0
23.9,0.0,0.0,0.0
23.95,0.0,0.0,0.0
24.0,0.0,0.0,0.0
24.05,0.0,0.0,0.0
24.1,0.0,0.0,0.0
24.15,0.0,0.0,0.0
24.2,0.0,0.0,0.0
24.25,0.0,0.0,0.0
24.3,0.0,0.0,0.0
24.35,0.0,0.0,0.0
24.4,0.0,0.0,0.0
24.45,0.0,0.0,0.0
24.5,0.0,0.0,0.0
24.55,0.0,0.0,0.0
24.6,0.0,0.0,0.0
24.65,0.0,0.0,0.0
24.7,0.0,0.0,0.0
24.75,0.0,0.0,0.0
24.8,0.0,0.0,0.0
24.85,0.0,0.0,0.0
24.9,0.0,0.0,0.0
24.95,0.0,0.0,0.0
25.0,0.0,0.0,0.0
25.05,0.0,0.0,0.0
25.1,0.0,0.0,0.0
25.15,0.0,0.0,0.0
25.2,0.0,0.0,0.0
25.25,0.0,0.0,0.0
25.3,0.0,0.0,0.0
25.35,0.0,0.0,0.0
25.4,0.0,0.0,0.0
25.45,0.0,0.0,0.0
25.5,0.0,0.0,0.0
25.55,0.0,0.0,0.0
25.6,0.0,0.0,0.0
25.65,0.0,0.0,0.0
25.7,0.0,0.0,0.0
25.75,0.0,0.0,0.0
25.8,0.0,0.0,0.0
25.85,0.0,0.0,0.0
25.9,0.0,0.0,0.0
25.95,0.0,0.0,0.0
26.0,0.0,0.0,0.0
26.05,0.0,0.0,0.0
26.1,0.0,0.0,0.0
26.15,0.0,0.0,0.0
26.2,0.0,0.0,0.0
26.25,0.0,0.0,0.0
26.3,0.0,0.0,0.0
26.35,0.0,0.0,0.0
26.4,0.0,0.0,0.0
26.45,0.0,0.0,0.0
26.5,0.0,0.0,0.0
26.55,0.0,0.0,0.0
26.6,0.0,0.0,0.0
26.65,0.0,0.0,0.0
26.7,0.0,0.0,0.0
26.75,0.0,0.0,0.0
26.8,0.0,0.0,5.70432590052e-18
26.85,0.0,0.0,7.70856400236e-06
26.9,0.0,0.0,2.13668223085e-05
26.95,0.0,0.0,3.19086593735e-05
27.0,0.0,0.0,4.00451445335e-05
27.05,0.0,0.0,4.63251053559e-05
27.1,0.0,0.0,5.88807092443e-05
27.15,0.0,0.0,6.85714733798e-05
27.2,0.0,0.0,7.60510669847e-05
27.25,0.0,0.0,8.1824013601e-05
27.3,0.0,0.0,8.6279720799e-05
27.35,0.0,0.0,8.97187260728e-05
27.4,0.0,0.0,0.00010008158153
27.45,0.0,0.0,0.000108079927347
27.5,0.0,0.0,0.000114253271295
27.55,0.0,0.0,0.00012672658764
27.6,0.0,0.0,0.000136353822274
27.65,0.0,0.0,0.000151492952014
27.7,0.0,0.0,0.0001708863205
27.75,0.0,0.0,0.00018585466515
27.8,0.0,0.0,0.000197351429305
27.85,0.0,0.0,0.000205868391685
27.9,0.0,0.0,0.000212075777902
27.95,0.0,0.0,0.000216735636479
28.0,0.0,0.0,0.000220202230436
28.05,0.0,0.0,0.000222692749699
28.1,0.0,0.0,0.000231895516296
28.15,0.0,0.0,0.000238806001332
28.2,0.0,0.0,0.000243948941759
28.25,0.0,0.0,0.000247729350645
28.3,0.0,0.0,0.000250459790656
28.35,0.0,0.0,0.000252325585285
28.4,0.0,0.0,0.000253281609316
28.45,0.0,0.0,0.000253771297787
28.5,0.0,0.0,0.000253847041282
28.55,0.0,0.0,0.000253361348026
28.6,0.0,0.0,0.000252623015632
28.65,0.0,0.0,0.000251391864313
28.7,0.0,0.0,0.000257481943795
28.75,0.0,0.0,0.000261751917708
28.8,0.0,0.0,0.000264620888403
28.85,0.0,0.0,0.000274121141597
28.9,0.0,0.0,0.00028103515381
28.95,0.0,0.0,0.000285956277193
29.0,0.0,0.0,0.000289342905915
29.05,0.0,0.0,0.000291492903519
29.1,0.0,0.0,0.00029244796336
29.15,0.0,0.0,0.000292718862839
29.2,0.0,0.0,0.000292465883575
29.25,0.0,0.0,0.000291812438495
29.3,0.0,0.0,0.000290853959487
29.35,0.0,0.0,0.000289893570245
29.4,0.0,0.0,0.000290623978158
29.45,0.0,0.0,0.000290795563693
29.5,0.0,0.0,0.000290539305201
29.55,0.0,0.0,0.000289956543294
29.6,0.0,0.0,0.000289346788095
29.65,0.0,0.0,0.000290563875527
29.7,0.0,0.0,0.000290876425175
29.75,0.0,0.0,0.000290727960688
29.8,0.0,0.0,0.000290170909862
29.85,0.0,0.0,0.00028905779903
29.9,0.0,0.0,0.000287995704827
29.95,0.0,0.0,0.000288330451786
30.0,0.0,0.0,0.000288204041135
30.05,0.0,0.0,0.000287725355993
30.1,0.0,0.0,0.000286978461117
30.15,0.0,0.0,0.000286027746797
30.2,0.0,0.0,0.000284923144168
30.25,0.0,0.0,0.000283702811862
30.3,0.0,0.0,0.000282396412248
30.35,0.0,0.0,0.000281013501039
30.4,0.0,0.0,0.000279495871435
30.45,0.0,0.0,0.000280319131678
30.5,0.0,0.0,0.000280582787507
30.55,0.0,0.0,0.000280418046832
30.6,0.0,0.0,0.00027991108239
30.65,0.0,0.0,0.000278856250936
30.7,0.0,0.0,0.000277617578486
30.75,0.0,0.0,0.000276442772184
30.8,0.0,0.0,0.000277721536066
30.85,0.0,0.0,0.000278339199901
30.9,0.0,0.0,0.000278438715278
30.95,0.0,0.0,0.000277850456227
31.0,0.0,0.0,0.000276970413409
31.05,0.0,0.0,0.000275868935439
31.1,0.0,0.0,0.000274600711918
31.15,0.0,0.0,0.000273207676448
31.2,0.0,0.0,0.000271721824634
31.25,0.0,0.0,0.000270167772443
31.3,0.0,0.0,0.000268564680596
31.35,0.0,0.0,0.000266927574381
31.4,0.0,0.0,0.000265250555934
31.45,0.0,0.0,0.000263458643331
31.5,0.0,0.0,0.000264358848499
31.55,0.0,0.0,0.000264644941836
31.6,0.0,0.0,0.000264680144142
31.65,0.0,0.0,0.000266478305497
31.7,0.0,0.0,0.000267516265656
31.75,0.0,0.0,0.000268107487111
31.8,0.0,0.0,0.000271693745125
31.85,0.0,0.0,0.000274088505477
31.9,0.0,0.0,0.000275567190992
31.95,0.0,0.0,0.000276342480712
32.0,0.0,0.0,0.000276577646257
32.05,0.0,0.0,0.000276399152677
32.1,0.0,0.0,0.000275904572837
32.15,0.0,0.0,0.000275169615016
32.2,0.0,0.0,0.000274252135886
32.25,0.0,0.0,0.000273196717314
32.3,0.0,0.0,0.000272038204064
32.35,0.0,0.0,0.000270802938298
32.4,0.0,0.0,0.000269511685994
32.45,0.0,0.0,0.000268160908344
32.5,0.0,0.0,0.000266484621218
32.55,0.0,0.0,0.000264795617195
32.6,0.0,0.0,0.000263084809371
32.65,0.0,0.0,0.000261074592544
32.7,0.0,0.0,0.000259072312203
32.75,0.0,0.0,0.000257052713588
32.8,0.0,0.0,0.000254749799574
32.85,0.0,0.0,0.000252467264604
32.9,0.0,0.0,0.000250205144025
32.95,0.0,0.0,0.000247963532452
33.0,0.0,0.0,0.000245742062843
33.05,0.0,0.0,0.000243540251388
33.1,0.0,0.0,0.000241357926822
33.15,0.0,0.0,0.000239195584983
33.2,0.0,0.0,0.000237052555471
33.25,0.0,0.0,0.000234928491206
33.3,0.0,0.0,0.000232823786273
33.35,0.0,0.0,0.000230737706381
33.4,0.0,0.0,0.00022867028384
33.45,0.0,0.0,0.000226621605118
33.5,0.0,0.0,0.000224591334765
33.55,0.0,0.0,0.000222579030613
33.6,0.0,0.0,0.000220584536135
33.65,0.0,0.0,0.000218608304495
33.7,0.0,0.0,0.000216649722993
33.75,0.0,0.0,0.000214708474422
33.8,0.0,0.0,0.000212784918947
33.85,0.0,0.0,0.00021087838548
33.9,0.0,0.0,0.000208988903546
33.95,0.0,0.0,0.000207116552173
34.0,0.0,0.0,0.000205261024784
34.05,0.0,0.0,0.000203421917264
34.1,0.0,0.0,0.000201599086562
34.15,0.0,0.0,0.000199792946837
34.2,0.0,0.0,0.000198002938124
34.25,0.0,0.0,0.000196228770516
34.3,0.0,0.0,0.000194470773181
34.35,0.0,0.0,0.00019272833279
34.4,0.0,0.0,0.000191001476326
34.45,0.0,0.0,0.000189290276017
34.5,0.0,0.0,0.00018759445167
34.55,0.0,0.0,0.000185913633955
34.6,0.0,0.0,0.000184247692132
34.65,0.0,0.0,0.000182597004712
34.7,0.0,0.0,0.000180961059927
34.75,0.0,0.0,0.000179339592822
34.8,0.0,0.0,0.000177732904234
34.85,0.0,0.0,0.000176140433622
34.9,0.0,0.0,0.000174562205647
34.95,0.0,0.0,0.000172998286321
35.0,0.0,0.0,0.000171448419565
35.05,0.0,0.0,0.000169912267839
35.1,0.0,0.0,0.000168389711653
35.15,0.0,0.0,0.000166881096943
35.2,0.0,0.0,0.000165385955987
35.25,0.0,0.0,0.000163904046634
35.3,0.0,0.0,0.000162435643829
35.35,0.0,0.0,0.000160980235274
35.4,0.0,0.0,0.000159537843511
35.45,0.0,0.0,0.000158108528867
35.5,0.0,0.0,0.000156692057306
35.55,0.0,0.0,0.000155288120338
35.6,0.0,0.0,0.000153896608759
35.65,0.0,0.0,0.000152517838729
35.7,0.0,0.0,0.000151151382782
35.75,0.0,0.0,0.000149797019611
35.8,0.0,0.0,0.000148455000495
35.85,0.0,0.0,0.000147124857229
35.9,0.0,0.0,0.000145806610415
35.95,0.0,0.0,0.000144500315189
36.0,0.0,0.0,0.000143205757657
36.05,0.0,0.0,0.000141922655879
36.1,0.0,0.0,0.000140650910052
36.15,0.0,0.0,0.000139390809124
36.2,0.0,0.0,0.000138141962421
36.25,0.0,0.0,0.000136904167683
36.3,0.0,0.0,0.000135677654561
36.35,0.0,0.0,0.000134461995151
36.4,0.0,0.0,0.000133257208277
36.45,0.0,0.0,0.000132063344332
36.5,0.0,0.0,0.000130880207833
36.55,0.0,0.0,0.000129707541105
36.6,0.0,0.0,0.000128545252933
36.65,0.0,0.0,0.000127393607399
36.7,0.0,0.0,0.000126252247452
36.75,0.0,0.0,0.000125120988239
36.8,2.15993889441e-16,4.01014526367e-17,0.000124000039648
36.85,7.98808329398e-05,9.30176734556e-07,0.000122889010602
36.9,0.000154795669012,1.8754402431e-06,0.000121787918307
36.95,0.000225014975925,2.84875257099e-06,0.000120696808817
37.0,0.000290858642113,3.86508882835e-06,0.000119615503473
37.05,0.000352584904326,4.94455130152e-06,0.00011854376678
37.1,0.000410455746042,6.09261178866e-06,0.000117481515374
37.15,0.000464716135727,7.3309484631e-06,0.000116428990606
37.2,0.000515579515886,8.6705747343e-06,0.000115385866157
37.25,0.000563276984045,1.01217521494e-05,0.000114351973084
37.3,0.000607981383207,1.17047234223e-05,0.000113327503209
37.35,0.000649906537145,1.34233593513e-05,0.000112312099116
37.4,0.000689200848768,1.52985282499e-05,0.00011130577653
37.45,0.000726049451571,1.73418313063e-05,0.00011030857754
37.5,0.000760591125661,1.95604048385e-05,0.000109320338866
37.55,0.000792977848746,2.19774129407e-05,0.00010834084528
37.6,0.000823341679847,2.45947864662e-05,0.000107370020594
37.65,0.000851806773347,2.74314721975e-05,0.000106408085385
37.7,0.000878498043473,3.05011343125e-05,0.00010545474142
37.75,0.000903516346367,3.38052093476e-05,0.000104509834299
37.8,0.000903516346367,3.55658540613e-05,0.000103573539332
37.85,0.000974856548343,3.93682406501e-05,0.000102645529866
37.9,0.00104131126148,4.35859662079e-05,0.000101725820272
37.95,0.00110315019693,4.82392314237e-05,0.000100814449017
38.0,0.00116069249363,5.33559432286e-05,9.99112668741e-05
38.05,0.00121419564589,5.89741697103e-05,9.90160771401e-05
38.1,0.00126392090166,6.5100567994e-05,9.81288101837e-05
38.15,0.00131011250081,7.17771988123e-05,9.7249667598e-05
38.2,0.00135298316404,7.90190844088e-05,9.63783768185e-05
38.25,0.00139276327384,8.68367279791e-05,9.55147967331e-05
38.3,0.00142962496488,9.52659416732e-05,9.46590875643e-05
38.35,0.00146378135924,0.00010429293738,9.38109507728e-05
38.4,0.00149538016469,0.000113946277593,9.29703994935e-05
38.45,0.00152460582612,0.000124227944313,9.21374688826e-05
38.5,0.00155159644148,0.000135121934283,9.13120225562e-05
38.55,0.00157650331268,0.000146656788955,9.04938807415e-05
38.6,0.00159945782932,0.000158791691765,8.96829798004e-05
38.65,0.00162058348261,0.000171541186676,8.88795039751e-05
38.7,0.00164000452982,0.000184891232678,8.80832041602e-05
38.75,0.00165782117629,0.00019880123626,8.72939513893e-05
38.8,0.00165068744166,0.000208001893372,8.65118920944e-05
38.85,0.00163508405791,0.000217029784974,8.57367534312e-05
38.9,0.00161962775904,0.000225835404656,8.49685474042e-05
38.95,0.00160431716284,0.000234409411004,8.42073061437e-05
39.0,0.00158915090004,0.000242745916176,8.34529050043e-05
39.05,0.00157412761419,0.000250845286493,8.27051796859e-05
39.1,0.00155924596156,0.000258711802402,8.19640720277e-05
39.15,0.00154450461099,0.000266358203547,8.12297504143e-05
39.2,0.00152990224379,0.000273803034887,8.05019871806e-05
39.25,0.00151543755362,0.00028107176985,7.97806644602e-05
39.3,0.00150110924638,0.000288203358927,7.90659160819e-05
39.35,0.00148691604011,0.000295237393621,7.83574926847e-05
39.4,0.00147285666482,0.000302232321525,7.76554052399e-05
39.45,0.00145892986246,0.000309255672066,7.69596831124e-05
39.5,0.00144513438672,0.000316396030564,7.62702123849e-05
39.55,0.00143146900301,0.000323762024252,7.55868428984e-05
39.6,0.00141793248829,0.000331497903138,7.49095214979e-05
39.65,0.00140452363096,0.000339796488964,7.42384020754e-05
39.7,0.00139124123079,0.000348922632962,7.35732765607e-05
39.75,0.00137808409881,0.000359262795201,7.29140372318e-05
39.8,0.00136505105717,0.000371407936281,7.22608063993e-05
39.85,0.00135214769646,0.000386313115963,7.16133561642e-05
39.9,0.00133936596893,0.000405634239906,7.09716965536e-05
39.95,0.00132670473156,0.000432506793377,7.0335854405e-05
40.0,0.001314162852,0.000473459585637,6.97057256058e-05
40.05,0.00130173920855,0.00054329635329,6.90811729211e-05
40.1,0.00128943268998,0.000672318991805,6.84621477707e-05
40.15,0.00127724219547,0.000853864906674,6.78487908014e-05
40.2,0.00126516663454,0.000941202922446,6.72409118514e-05
40.25,0.00125320492688,0.000957714837389,6.66384124702e-05
40.3,0.00124135600234,0.000960625469397,6.60414044411e-05
40.35,0.00122961880078,0.000960730729182,6.54496794804e-05
40.4,0.00121799227197,0.000959869584268,6.48632467519e-05
40.45,0.00120647537554,0.000958335872286,6.42821307835e-05
40.5,0.00119506708088,0.000956035007697,6.37062364231e-05
40.55,0.001183766367,0.000952693399268,6.31354382477e-05
40.6,0.0011725722225,0.000947867526378,6.25696918583e-05
40.65,0.00116148364546,0.000940903769523,6.20091257964e-05
40.7,0.00115049964332,0.000930868430956,6.14535662671e-05
40.75,0.00113961923285,0.000916501626382,6.09029232935e-05
40.8,0.00112884144002,0.000896235336589,6.03572990379e-05
40.85,0.00111817088803,0.000868353873135,5.98165031432e-05
40.9,0.0011076009217,0.000831382571013,5.92805439845e-05
40.95,0.00109713059581,0.000784774889028,5.87494439787e-05
41.0,0.00108675897395,0.000729750456154,5.82231161633e-05
41.05,0.00107648512852,0.000669038707966,5.77014459103e-05
41.1,0.00106630814058,0.000604622679952,5.71843926421e-05
41.15,0.00105622709981,0.000536677853107,5.66720738367e-05
41.2,0.00104624110439,0.000465202900264,5.61643306576e-05
41.25,0.00103634926099,0.000392350851882,5.56610808721e-05
41.3,0.00102655068461,0.000323464201759,5.51624178494e-05
41.35,0.00101684449857,0.000264817156171,5.46681676164e-05
41.4,0.00100722983437,0.000219548312213,5.41783378273e-05
41.45,0.000997705831683,0.000186715204773,5.36929489695e-05
41.5,0.000988271638207,0.000163527524882,5.32119215653e-05
41.55,0.000978926409645,0.000147265883626,5.27351508527e-05
41.6,0.000969669309607,0.000135891956685,5.22625997464e-05
41.65,0.000960499509537,0.000127996664505,5.17943756134e-05
41.7,0.000951416188644,0.000122627774449,5.13303332879e-05
41.75,0.000942418533826,0.000119132875318,5.08703976149e-05
41.8,0.000933505739602,0.000117059312498,5.04146539276e-05
41.85,0.000924681629162,0.000116085453087,4.99629432263e-05
41.9,0.000915940698964,0.00011597712576,4.95152725066e-05
41.95,0.00090728216733,0.000116562045127,4.90716604924e-05
42.0,0.000898705259906,0.000117705711048,4.86320345468e-05
42.05,0.000890209209587,0.000119307466762,4.81962989242e-05
42.1,0.000881793256453,0.000121284985077,4.77644197316e-05
42.15,0.000873456647703,0.000123577939889,4.73364950947e-05
42.2,0.000865198637584,0.000126128830657,4.69123923421e-05
42.25,0.000857018487331,0.000128895196586,4.64920427874e-05
42.3,0.000848915465098,0.000131840643808,4.60755244191e-05
42.35,0.000840888845893,0.000134933862919,4.56626919224e-05
42.4,0.000832937911517,0.000138147961416,4.52535516909e-05
42.45,0.000825061950499,0.000141459237036,4.4848120837e-05
42.5,0.000817260258032,0.000144847199506,4.44463329755e-05
42.55,0.000809532135915,0.000148293915978,4.40481006015e-05
42.6,0.000801876892484,0.000151783628894,4.36533927391e-05
42.65,0.00079429384256,0.000155302435937,4.32622990685e-05
42.7,0.000786782307381,0.000158838020763,4.28746983372e-05
42.75,0.000779341614545,0.000162379435424,4.24905277704e-05
42.8,0.000771971097952,0.000165916912524,4.21098586443e-05
42.85,0.000764673919225,0.00016944170524,4.17325581513e-05
42.9,0.000757445527158,0.000172945989543,4.13586321346e-05
42.95,0.000750285275338,0.000176424595761,4.09880962338e-05
43.0,0.000743192523402,0.00017987102062,4.06208897772e-05
43.05,0.000736166636988,0.000183278522029,4.02569327917e-05
43.1,0.000729206987673,0.000186641895317,3.98961969671e-05
43.15,0.000722312952921,0.00018996141628,3.95387642652e-05
43.2,0.000715483916025,0.000193229614117,3.91845238694e-05
43.25,0.000708719266057,0.000196444195066,3.8833418408e-05
43.3,0.000702018397808,0.000199604863182,3.84855130224e-05
43.35,0.000695380711742,0.000202706641761,3.81406863357e-05
43.4,0.000688805613936,0.000205750566553,3.7798943688e-05
43.45,0.000682292516034,0.000208734421853,3.74602993729e-05
43.5,0.000675840835189,0.000211654822586,3.71246979409e-05
43.55,0.000669449994015,0.000214516175298,3.67920663017e-05
43.6,0.000663119420538,0.000217314669635,3.6462378582e-05
43.65,0.00065684854814,0.000220049841783,3.61357096891e-05
43.7,0.000650636815514,0.000222722292402,3.58119583443e-05
43.75,0.00064448366661,0.000225333914333,3.54910721137e-05
43.8,0.000638388550592,0.000227885382675,3.51731105323e-05
43.85,0.000632354081992,0.000230376206127,3.48579626698e-05
43.9,0.000626376497148,0.000232807855687,3.45456334068e-05
43.95,0.000620455261504,0.000235181372512,3.42361358065e-05
44.0,0.000614589845506,0.000237498029863,3.3929419192e-05
44.05,0.000608779724562,0.000239759278647,3.36254167637e-05
44.1,0.000603024378992,0.000241966663233,3.33241048752e-05
44.15,0.000597323293984,0.000244121815085,3.30255519867e-05
44.2,0.000591675959547,0.000246226510551,3.27296655365e-05
44.25,0.000586081870467,0.000248284641732,3.24363976035e-05
44.3,0.000580540526264,0.000250296269303,3.21458025985e-05
44.35,0.000575051431143,0.000252263326096,3.1857779139e-05
44.4,0.000569614093956,0.000254187810167,3.15723316854e-05
44.45,0.000564228028155,0.000256071792858,3.12894721768e-05
44.5,0.000558892751751,0.000257920230032,3.10091542977e-05
44.55,0.000553607787269,0.000259733761105,3.07313169981e-05
44.6,0.000548372661709,0.000261513689708,3.04559386667e-05
44.65,0.000543186906502,0.000263262432523,3.01830818715e-05
44.7,0.000538050057469,0.000264987011003,2.99126620173e-05
44.75,0.000532961654781,0.00026668548699,2.96446353077e-05
44.8,0.000527921242917,0.000268360515963,2.93790514703e-05
44.85,0.000522930983989,0.000270019202854,2.91158178486e-05
44.9,0.000517987765604,0.000271661253514,2.8854938519e-05
44.95,0.000513091145704,0.000273288693803,2.8596424393e-05
45.0,0.00050824068637,0.00027490963891,2.83402331415e-05
45.05,0.000503435953786,0.000276522675553,2.8086308969e-05
45.1,0.000498676518198,0.000278131926653,2.78346321242e-05
45.15,0.000493961953877,0.000279744815763,2.75852597899e-05
45.2,0.000489291839082,0.000281360842171,2.73381146521e-05
45.25,0.000484665756022,0.00028298655859,2.70931566837e-05
45.3,0.000480083290818,0.000284627464154,2.68504313324e-05
45.35,0.000475544033471,0.00028628560329,2.66098539165e-05
45.4,0.00047104757782,0.000287969884417,2.63714281616e-05
45.45,0.00046659352151,0.000289685226565,2.613516404e-05
45.5,0.000462181465955,0.000291436376091,2.59010228659e-05
45.55,0.000457811016305,0.000293233693436,2.56689536459e-05
45.6,0.000453481781405,0.00029508467054,2.54389383289e-05
45.65,0.00044919337377,0.000296997465802,2.52110291758e-05
45.7,0.000444945409543,0.000298983428248,2.4985155527e-05
45.75,0.000440737508462,0.00030105847546,2.47612808006e-05
45.8,0.000436569293833,0.000303234382156,2.45394465327e-05
45.85,0.000432442553632,0.000305528982054,2.43195753298e-05
45.9,0.000428354714037,0.000307963451665,2.4101670597e-05
45.95,0.000424305409485,0.000310563189762,2.38857414484e-05
46.0,0.000420294277835,0.000313359040042,2.36717525276e-05
46.05,0.000416320960339,0.000316388942649,2.34596572303e-05
46.1,0.000412385101607,0.000319700231165,2.3249439059e-05
46.15,0.000408486349579,0.000323352894512,2.30411457766e-05
46.2,0.000404624355493,0.00032742854666,2.2834712805e-05
46.25,0.000400798773852,0.000332027995347,2.2630106711e-05
46.3,0.000397009262396,0.000337296813938,2.24273654555e-05
46.35,0.000393255482071,0.000343429907029,2.22264183065e-05
46.4,0.000389537097,0.000350714882865,2.20272683758e-05
46.45,0.000385853774452,0.000359576151869,2.1829923993e-05
46.5,0.000382205184811,0.00037068126739,2.1634352845e-05
46.55,0.000378591001553,0.000385137887622,2.14405123385e-05
46.6,0.00037501090121,0.000404903219296,2.12483873961e-05
46.65,0.000371464563346,0.00043374112132,2.10580216696e-05
46.7,0.000367951670527,0.000479536120009,2.08693561392e-05
46.75,0.000364471908294,0.000559494873246,2.06823602492e-05
46.8,0.000361024965134,0.000699753708697,2.04970686933e-05
46.85,0.000357612319632,0.000851288783802,2.03134168271e-05
46.9,0.000354231843341,0.000906044287914,2.0131407495e-05
46.95,0.000350883233955,0.000916875287027,1.99510483093e-05
47.0,0.000347566192,0.00091894160139,1.97723097382e-05
47.05,0.000344280420804,0.000918779443238,1.95951528544e-05
47.1,0.000341025626476,0.000917624380636,1.9419563878e-05
47.15,0.000337801517876,0.000915631983397,1.9245582704e-05
47.2,0.000334607806591,0.000912617030475,1.90731553922e-05
47.25,0.00033144420691,0.000908180975247,1.89022540167e-05
47.3,0.000328310435798,0.000901698400984,1.87329102854e-05
47.35,0.000325206212872,0.000892252802611,1.85650651177e-05
47.4,0.000322131260374,0.000878585673146,1.8398721113e-05
47.45,0.000319085303149,0.000859096687422,1.82338852287e-05
47.5,0.00031606806862,0.000832008145386,1.80705304746e-05
47.55,0.000313079286763,0.000795755370154,1.79086212738e-05
47.6,0.000310118690084,0.000749705445352,1.77481450325e-05
47.65,0.000307186013595,0.000695046628501,1.75891382119e-05
47.7,0.000304280994792,0.000634517514216,1.74315515144e-05
47.75,0.00030140337363,0.000570049229572,1.72753594178e-05
47.8,0.000298552892499,0.000501791733211,1.71205909007e-05
47.85,0.00029573077413,0.00042995941481,1.69671919677e-05
47.9,0.000292935258384,0.000357302470671,1.68151649943e-05
47.95,0.000290166095267,0.000289820328068,1.66645163392e-05
48.0,0.000287423037124,0.000233685092782,1.65152213351e-05
48.05,0.000284705838622,0.000191130985308,1.63672474673e-05
48.1,0.000282014256723,0.000160457000699,1.62205832259e-05
48.15,0.000279348050667,0.000138654435292,1.60752619339e-05
48.2,0.000276706981949,0.000123086746067,1.59312385367e-05
48.25,0.000274090814297,0.000111853712358,1.57884897087e-05
48.3,0.000271499313652,0.000103668298462,1.56470419345e-05
48.35,0.00026893224815,9.76650625553e-05,1.55068458658e-05
48.4,0.000266389388095,9.32536889966e-05,1.53679036738e-05
48.45,0.000263870505946,9.00254550846e-05,1.52302211698e-05
48.5,0.000261375376293,8.76922044697e-05,1.50937758098e-05
48.55,0.000258903775837,8.60439754498e-05,1.49585378774e-05
48.6,0.000256455483371,8.49281834205e-05,1.48244968534e-05
48.65,0.000254030279762,8.4230914462e-05,1.46916831928e-05
48.7,0.000251627947929,8.38635441526e-05,1.45600557187e-05
48.75,0.000249248272825,8.376029971e-05,1.44295931131e-05
48.8,0.000246891041418,8.38695060486e-05,1.43003195811e-05
48.85,0.000244557264855,8.41491068623e-05,1.41721900219e-05
48.9,0.000242245487575,8.4564829441e-05,1.40452064197e-05
48.95,0.000239955502842,8.50948678916e-05,1.39193740857e-05
49.0,0.000237687105856,8.57128652988e-05,1.37946724161e-05
49.05,0.000235440093735,8.64045937592e-05,1.36710742522e-05
49.1,0.000233214265499,8.71552797584e-05,1.35485699803e-05
49.15,0.000231009422049,8.79520517155e-05,1.3427187434e-05
49.2,0.000228825366149,8.87854834174e-05,1.33068889806e-05
49.25,0.000226661902413,8.96487486682e-05,1.31876551369e-05
49.3,0.000224518837284,9.05351762963e-05,1.30695080246e-05
49.35,0.000222395979019,9.14381194014e-05,1.29524064246e-05
49.4,0.000220293137671,9.23529369502e-05,1.28363521506e-05
49.45,0.000218210125071,9.32758441608e-05,1.27213500564e-05
49.5,0.000216146754814,9.42034073506e-05,1.26073813116e-05
49.55,0.000214102842241,9.51338702739e-05,1.24944210953e-05
49.6,0.000212078204424,9.60648627566e-05,1.23824606208e-05
49.65,0.000210072660148,9.6993371713e-05,1.22715253264e-05
49.7,0.000208086029895,9.7917654932e-05,1.21615808183e-05
49.75,0.000206118135832,9.8836212029e-05,1.20526092902e-05
49.8,0.000204168801789,9.97485860413e-05,1.19446309598e-05
49.85,0.000202238863944,0.000100654904738,1.18376081558e-05
49.9,0.000200327118607,0.000101552311435,1.17315425355e-05
49.95,0.000198433394815,0.000102440044628,1.16264385353e-05
50.0,0.000196557523208,0.000103318074926,1.15222789453e-05
50.05,0.000194699336011,0.000104187832538,1.14190410809e-05
50.1,0.000192858667021,0.00010504602882,1.13167169118e-05
50.15,0.00019103535159,0.000105892120829,1.12153296867e-05
50.2,0.000189229226614,0.000106729092137,1.1114847972e-05
50.25,0.000187440130517,0.000107554040395,1.10152554942e-05
50.3,0.000185667903234,0.00010836577988,1.09165707307e-05
50.35,0.000183912386202,0.000109167981632,1.08187592526e-05
50.4,0.000182173422342,0.00010995727131,1.07218225745e-05
50.45,0.000180450856046,0.000110733283948,1.0625764751e-05
50.5,0.000178744533165,0.00011149962746,1.05305700535e-05
50.55,0.000177054300994,0.000112251573449,1.04362177497e-05
50.6,0.000175380008259,0.000112992782194,1.03427005005e-05
50.65,0.000173721505101,0.000113721113692,1.02500395537e-05
50.7,0.000172078643068,0.000114436770689,1.01582061812e-05
50.75,0.000170451275098,0.000115141263353,1.00671855099e-05
50.8,0.000168839255506,0.000115831811905,9.97699442702e-06
50.85,0.000167243275777,0.000116512297609,9.88760146687e-06
50.9,0.000165662340508,0.000117178222112,9.79900801382e-06
50.95,0.000164096308322,0.000117834692759,9.71121777332e-06
51.0,0.000162545039162,0.000118476695156,9.6242163706e-06
51.05,0.000161008394287,0.000119109020693,9.53798485775e-06
51.1,0.000159486236253,0.000119727418175,9.45251652737e-06
51.15,0.000157978428903,0.000120335426907,9.36783079842e-06
51.2,0.000156484837358,0.000120930728527,9.28390141541e-06
51.25,0.000155005327999,0.000121514339113,9.20071478537e-06
51.3,0.00015353976846,0.000122087049109,9.11828634213e-06
51.35,0.000152088027615,0.000122646185652,9.03658732811e-06
51.4,0.000150649975567,0.000123196799745,8.95561900855e-06
51.45,0.000149225483635,0.000123733727276,8.87538476999e-06
51.5,0.000147814424344,0.000124260630766,8.79587147489e-06
51.55,0.000146416671411,0.000124776463614,8.71706180615e-06
51.6,0.000145032099741,0.000125279148171,8.63894963365e-06
51.65,0.000143660585406,0.000125773905051,8.56155270502e-06
51.7,0.000142302005642,0.000126256162164,8.48484702453e-06
51.75,0.000140956238834,0.000126726480364,8.40882016914e-06
51.8,0.000139623164509,0.000127188750112,8.3334862443e-06
51.85,0.000138303354494,0.000127638774146,8.25881896758e-06
51.9,0.000136995985634,0.000128077253399,8.18481949532e-06
51.95,0.000135700941013,0.000128508050535,8.11149092258e-06
52.0,0.000134418104812,0.000128927135565,8.03882124254e-06
52.05,0.000133147362297,0.000129334707849,7.96679462857e-06
52.1,0.000131888599808,0.0001297345674,7.89540547818e-06
52.15,0.000130641704748,0.000130123932536,7.82467001146e-06
52.2,0.000129406565577,0.000130502282168,7.75456629797e-06
52.25,0.000128183071798,0.000130870954126,7.68508298391e-06
52.3,0.000126971113951,0.000131231757812,7.6162329607e-06
52.35,0.0001257705836,0.000131582021111,7.54799220798e-06
52.4,0.000124581373324,0.00013192192329,7.48036178259e-06
52.45,0.000123403376709,0.000132253083461,7.41334451319e-06
52.5,0.000122236488339,0.000132576559848,7.34692942637e-06
52.55,0.000121080603785,0.000132890123473,7.2811020577e-06
52.6,0.000119935619595,0.000133193942689,7.21585728687e-06
52.65,0.000118801433289,0.000133488284046,7.15120993793e-06
52.7,0.000117677943344,0.000133776297991,7.08713996797e-06
52.75,0.00011656504919,0.000134054985797,7.02363700039e-06
52.8,0.000115462651201,0.000134324505611,6.96071281707e-06
52.85,0.000114371222254,0.000134585012601,6.89834546506e-06
52.9,0.000113290081633,0.00013483689243,6.83653591022e-06
52.95,0.000112219132655,0.000135082613081,6.77528673776e-06
53.0,0.000111158279542,0.000135319925999,6.71458791875e-06
53.05,0.000110107427412,0.000135548770173,6.65442623368e-06
53.1,0.000109066482274,0.000135769282452,6.59479700294e-06
53.15,0.000108035351015,0.000135981603992,6.5357137747e-06
53.2,0.000107013941396,0.000136186562355,6.47715823111e-06
53.25,0.000106002162041,0.00013638523621,6.41912088869e-06
53.3,0.000104999922429,0.000136576068405,6.36161251524e-06
53.35,0.000104007132889,0.000136759191285,6.30461304729e-06
53.4,0.000103023704589,0.000136934735336,6.24812336758e-06
53.45,0.000102049549529,0.000137102828776,6.1921458388e-06
53.5,0.000101084580533,0.00013726359756,6.13667129519e-06
53.55,0.000100128711243,0.000137417536487,6.08168765505e-06
53.6,9.91818561096e-05,0.000137565861312,6.02719064152e-06
53.65,9.82439303837e-05,0.000137707172845,5.9731926367e-06
53.7,9.73148501118e-05,0.000137841589418,5.91967689935e-06
53.75,9.63945321264e-05,0.000137969227688,5.8666347622e-06
53.8,9.54828940396e-05,0.000138090202498,5.81407606629e-06
53.85,9.45803269033e-05,0.000138204626503,5.76198247499e-06
53.9,9.3686267792e-05,0.000138312613874,5.71035479505e-06
53.95,9.28006367525e-05,0.000138414273712,5.65919518582e-06
54.0,9.19233545806e-05,0.000138509935617,5.60849527043e-06
54.05,9.10543428134e-05,0.000138600308368,5.55824400703e-06
54.1,9.01935237234e-05,0.00013868508863,5.50843748686e-06
54.15,8.93408203107e-05,0.000138763913796,5.45908702631e-06
54.2,8.84961562967e-05,0.000138836884607,5.41017732504e-06
54.25,8.76594561172e-05,0.000138904100415,5.36170046177e-06
54.3,8.68306449161e-05,0.000138965659052,5.31366543052e-06
54.35,8.60096485381e-05,0.00013902165648,5.26605547288e-06
54.4,8.51963935228e-05,0.000139072187393,5.21887132616e-06
54.45,8.43908070979e-05,0.000139117344854,5.17211496386e-06
54.5,8.3592817173e-05,0.000139157372898,5.1257787301e-06
54.55,8.28023523328e-05,0.000139192286477,5.07985253337e-06
54.6,8.20193418313e-05,0.000139222098527,5.03433280136e-06
54.65,8.12437155853e-05,0.000139246896312,4.98922987646e-06
54.7,8.04754041683e-05,0.000139266765386,4.9445297752e-06
54.75,7.97143388042e-05,0.000139281790153,4.90022525809e-06
54.8,7.89604513614e-05,0.000139292053742,4.85632454505e-06
54.85,7.8214065224e-05,0.00013929763769,4.81281232003e-06
54.9,7.74747148756e-05,0.000139298625005,4.7696892569e-06
54.95,7.67423341983e-05,0.000139295171894,4.72695715928e-06
55.0,7.60168576931e-05,0.000139287561341,4.68460903024e-06
55.05,7.52982204748e-05,0.000139275548385,4.64263564682e-06
55.1,7.45863582656e-05,0.000139259208857,4.60103374419e-06
55.15,7.38812073899e-05,0.000139238617378,4.55981277458e-06
55.2,7.31827047684e-05,0.000139213847102,4.51895995806e-06
55.25,7.24907879126e-05,0.000139184970233,4.47846867822e-06
55.3,7.18053949195e-05,0.0001391520579,4.43834644752e-06
55.35,7.11264644658e-05,0.000139115179871,4.39857926814e-06
55.4,7.04539358027e-05,0.000139074405047,4.35916775593e-06
55.45,6.97877487505e-05,0.000139029801155,4.32011355931e-06
55.5,6.91278436933e-05,0.000138981588165,4.28141028354e-06
55.55,6.84741615736e-05,0.000138929755919,4.24304949948e-06
55.6,6.78266438874e-05,0.000138874292834,4.2050282233e-06
55.65,6.71852326788e-05,0.000138815262517,4.16735509369e-06
55.7,6.65498705347e-05,0.000138752727317,4.13001843066e-06
55.75,6.59205005804e-05,0.000138686748794,4.09301218729e-06
55.8,6.52970664736e-05,0.000138617387609,4.05634322943e-06
55.85,6.46798356398e-05,0.000138544703256,4.01999876404e-06
55.9,6.40684231161e-05,0.0001384687566,3.98397935397e-06
55.95,6.34627742254e-05,0.000138389605364,3.94828650576e-06
56.0,6.2862834803e-05,0.000138307546002,3.91291437506e-06
56.05,6.22685511913e-05,0.000138222755327,3.87785525823e-06
56.1,6.16798702353e-05,0.000138134959919,3.84310642822e-06
56.15,6.10967392779e-05,0.000138044213678,3.80867578022e-06
56.2,6.05191061549e-05,0.000137950569432,3.77455263953e-06
56.25,5.99469191911e-05,0.000137854079354,3.74073147966e-06
56.3,5.93801271951e-05,0.000137754794867,3.70721857554e-06
56.35,5.88186794551e-05,0.000137652766399,3.6740022352e-06
56.4,5.82625257343e-05,0.000137548043786,3.64108297307e-06
56.45,5.77116162666e-05,0.000137440676023,3.608462166e-06
56.5,5.71659017519e-05,0.000137330711257,3.57613447267e-06
56.55,5.66253333524e-05,0.000137218196946,3.54409285246e-06
56.6,5.60898626874e-05,0.000137103179909,3.51233481307e-06
56.65,5.55594418298e-05,0.00013698570624,3.48086757013e-06
56.7,5.50340233014e-05,0.000136865821107,3.44968136771e-06
56.75,5.4513560069e-05,0.000136743569137,3.41877115499e-06
56.8,5.399800554e-05,0.00013661899432,3.3881426668e-06
56.85,5.34875808643e-05,0.000136492139792,3.35778521751e-06
56.9,5.29819676932e-05,0.000136363049908,3.32769927725e-06
56.95,5.24811208111e-05,0.000136231766548,3.29788610438e-06
57.0,5.19849954259e-05,0.000136098412807,3.26834081729e-06
57.05,5.14935471651e-05,0.000135963091033,3.23905698136e-06
57.1,5.10067320715e-05,0.00013582569868,3.21003231878e-06
57.15,5.05245066e-05,0.000135686477045,3.18127342414e-06
57.2,5.00468276129e-05,0.000135545972131,3.1527713812e-06
57.25,4.95736523769e-05,0.000135403536858,3.12452157385e-06
57.3,4.91049385587e-05,0.000135259208562,3.09652924334e-06
57.35,4.86406442219e-05,0.000135113023846,3.06878462373e-06
57.4,4.81807278226e-05,0.00013496501891,3.04128814468e-06
57.45,4.77251482063e-05,0.000134815229343,3.01404095627e-06
57.5,4.72738646039e-05,0.000134663703539,2.98703859702e-06
57.55,4.68268366284e-05,0.0001345106705,2.96027518614e-06
57.6,4.6384024271e-05,0.000134355957355,2.93374864186e-06
57.65,4.5945387898e-05,0.000134199597595,2.9074649912e-06
57.7,4.55108882468e-05,0.000134041624027,2.88141608531e-06
57.75,4.50804864229e-05,0.000133882069084,2.85559770539e-06
57.8,4.46541438961e-05,0.000133720964748,2.83001464159e-06
57.85,4.42320435483e-05,0.000133558342368,2.8046579685e-06
57.9,4.38139221182e-05,0.00013339513532,2.77952807882e-06
57.95,4.33997422143e-05,0.00013323072773,2.75462602362e-06
58.0,4.29894667955e-05,0.000133064915436,2.72994772543e-06
58.05,4.25830591673e-05,0.000132897727702,2.7054878096e-06
58.1,4.21804829792e-05,0.000132729193415,2.68124437354e-06
58.15,4.17817022208e-05,0.000132559341019,2.65722292554e-06
58.2,4.13866812194e-05,0.000132388198371,2.63341601811e-06
58.25,4.0995384636e-05,0.000132215793017,2.60981979555e-06
58.3,4.06077774629e-05,0.000132042152122,2.58643863572e-06
58.35,4.02238250202e-05,0.000131867302309,2.56326438143e-06
58.4,3.98434929529e-05,0.000131691269923,2.54029739157e-06
58.45,3.9466747228e-05,0.000131514080863,2.51753862674e-06
58.5,3.9093554131e-05,0.000131336703595,2.49498436043e-06
58.55,3.87238802635e-05,0.000131158792586,2.47262968056e-06
58.6,3.83576925399e-05,0.000130979819285,2.45047284831e-06
58.65,3.79949581848e-05,0.000130799807846,2.42851889787e-06
58.7,3.76356447296e-05,0.000130618781922,2.40676102274e-06
58.75,3.727972001e-05,0.000130436764903,2.38519569909e-06
58.8,3.69271521633e-05,0.00013025377986,2.36382692798e-06
58.85,3.65780924252e-05,0.000130069849395,2.34264725429e-06
58.9,3.62323230895e-05,0.000129884997018,2.32165700602e-06
58.95,3.58898132349e-05,0.000129699244688,2.30085706111e-06
59.0,3.55505322299e-05,0.000129512613981,2.28024401376e-06
59.05,3.52144497297e-05,0.000129326474914,2.25981337469e-06
59.1,3.48815356738e-05,0.000129139762277,2.23956355473e-06
59.15,3.45517602832e-05,0.000128952251257,2.21949915478e-06
59.2,3.4225094058e-05,0.000128763961882,2.19961395418e-06
59.25,3.39015077742e-05,0.000128574913967,2.17990473237e-06
59.3,3.35809724821e-05,0.000128385127053,2.16037514606e-06
59.35,3.32634595026e-05,0.000128194620281,2.14101838178e-06
59.4,3.29489404256e-05,0.000128003412601,2.12183473931e-06
59.45,3.26373871072e-05,0.000127811522637,2.102825021e-06
59.5,3.23287716669e-05,0.000127618968681,2.0839861142e-06
59.55,3.20230664856e-05,0.000127426820597,2.06531391602e-06
59.6,3.17202442029e-05,0.000127234456016,2.04680697407e-06
59.65,3.14202777147e-05,0.000127041495451,2.02846949324e-06
59.7,3.1123140171e-05,0.000126847955875,2.01029578828e-06
59.75,3.08288049731e-05,0.000126653854082,1.99228291583e-06
59.8,3.05372457719e-05,0.000126459206636,1.97443421787e-06
59.85,3.02485876333e-05,0.000126264029754,1.95674346735e-06
59.9,2.99626505229e-05,0.000126068340419,1.93921093824e-06
59.95,2.96794088701e-05,0.000125872154386,1.92183736386e-06
60.0,2.9398837344e-05,0.00012567559958,1.90461989944e-06
60.05,2.91209108507e-05,0.000125480125058,1.88755479523e-06
60.1,2.88456045314e-05,0.000125284263829,1.87064072383e-06
60.15,2.857289376e-05,0.000125087980412,1.85388152824e-06
60.2,2.83027541413e-05,0.000124891289123,1.83727201253e-06
60.25,2.80351615084e-05,0.00012469420413,1.82080948666e-06
60.3,2.77700919207e-05,0.000124496739408,1.80449700498e-06
60.35,2.75075216622e-05,0.00012429890863,1.78832887639e-06
60.4,2.72474272387e-05,0.00012410072534,1.77230535128e-06
60.45,2.69897853764e-05,0.000123902202844,1.75642709985e-06
60.5,2.67345730191e-05,0.000123704498968,1.74069152219e-06
60.55,2.64817673272e-05,0.000123506970339,1.72509519127e-06
60.6,2.62313456745e-05,0.000123309264116,1.70963689395e-06
60.65,2.59832856472e-05,0.000123111282367,1.69432014246e-06
60.7,2.57375650414e-05,0.00012291303715,1.67914018808e-06
60.75,2.54941618611e-05,0.000122714540404,1.6640945723e-06
60.8,2.52530543166e-05,0.000122515803901,1.64918608658e-06
60.85,2.50143458322e-05,0.000122316839152,1.63440952965e-06
60.9,2.4777887527e-05,0.000122117658317,1.61976513036e-06
60.95,2.45436582552e-05,0.000121919284706,1.60525350121e-06
61.0,2.4311637069e-05,0.000121721262939,1.59087226606e-06
61.05,2.40818032168e-05,0.000121523068926,1.57661829286e-06
61.1,2.38541361414e-05,0.000121324713196,1.56249047287e-06
61.15,2.36286154781e-05,0.00012112620611,1.54849201603e-06
61.2,2.34052210529e-05,0.000120927557785,1.53461858233e-06
61.25,2.31839328809e-05,0.000120728778235,1.52086792487e-06
61.3,2.29647311643e-05,0.000120529877333,1.50724259484e-06
61.35,2.27475962907e-05,0.00012033086473,1.49373783865e-06
61.4,2.25325088315e-05,0.000120132860522,1.48035386545e-06
61.45,2.23194495401e-05,0.00011993521955,1.46709123502e-06
61.5,2.21083993502e-05,0.000119737504902,1.45394777574e-06
61.55,2.18993393742e-05,0.000119539815476,1.44092062511e-06
61.6,2.16922509012e-05,0.000119342178231,1.42800876985e-06
61.65,2.14871153958e-05,0.000119144494374,1.41521514359e-06
61.7,2.12839144964e-05,0.000118946772356,1.40253577988e-06
61.75,2.10826300133e-05,0.000118749020542,1.38996862521e-06
61.8,2.08832439271e-05,0.000118551247179,1.37751601119e-06
61.85,2.06858417656e-05,0.000118354818406,1.36517359337e-06
61.9,2.04903004103e-05,0.000118158594214,1.35294156287e-06
61.95,2.02966023745e-05,0.000117962381875,1.34082043132e-06
62.0,2.01047303353e-05,0.00011776618891,1.328808214e-06
62.05,1.99146671319e-05,0.000117570052031,1.31690229479e-06
62.1,1.97263957644e-05,0.000117374113197,1.3051017476e-06
62.15,1.9539899392e-05,0.000117178216282,1.2934092536e-06
62.2,1.93551613317e-05,0.000116982368286,1.2818211877e-06
62.25,1.91721650566e-05,0.000116786716135,1.27033567313e-06
62.3,1.89908941949e-05,0.000116592540114,1.25895484084e-06
62.35,1.88113325279e-05,0.000116398441664,1.24767472029e-06
62.4,1.86334639889e-05,0.000116204427262,1.23649548616e-06
62.45,1.84572726618e-05,0.000116010503253,1.22541760603e-06
62.5,1.82827427796e-05,0.000115816675854,1.21443926602e-06
62.55,1.81098587228e-05,0.000115622951188,1.20355807517e-06
62.6,1.79386050185e-05,0.0001154293353,1.19277318709e-06
62.65,1.77689663387e-05,0.00011523583413,1.18208705218e-06
62.7,1.76009274989e-05,0.000115042949262,1.17149635738e-06
62.75,1.7434473457e-05,0.000114851237054,1.16099938744e-06
62.8,1.72695893119e-05,0.000114659664142,1.15059808989e-06
62.85,1.71063457914e-05,0.000114468235898,1.14028883594e-06
62.9,1.69446410815e-05,0.000114276958138,1.13007178525e-06
62.95,1.67844607216e-05,0.000114085836062,1.11994736513e-06
63.0,1.66257903862e-05,0.000113894874757,1.10991391784e-06
63.05,1.64686158842e-05,0.000113704107752,1.09996925818e-06
63.1,1.63129231572e-05,0.000113513671063,1.09011261263e-06
63.15,1.61586982786e-05,0.00011332423366,1.08034622069e-06
63.2,1.60059274522e-05,0.000113135679442,1.07066705444e-06
63.25,1.5854597011e-05,0.000112947317445,1.06107354626e-06
63.3,1.57046934162e-05,0.000112759152145,1.05156747607e-06
63.35,1.55562032556e-05,0.00011257118789,1.04214552739e-06
63.4,1.54091132426e-05,0.000112383428991,1.03280784613e-06
63.45,1.52634102154e-05,0.000112195879662,1.02355482286e-06
63.5,1.51190811351e-05,0.000112008544022,1.01438494248e-06
63.55,1.49761130852e-05,0.000111821426125,1.00529620789e-06
63.6,1.48344932703e-05,0.000111635763375,9.96287912143e-07
63.65,1.46942090145e-05,0.000111450780611,9.8736210198e-07
63.7,1.45552477611e-05,0.000111266033899,9.78516010093e-07
63.75,1.44175970708e-05,0.000111081526886,9.69748203793e-07
63.8,1.42812446209e-05,0.000110897263161,9.61060309793e-07
63.85,1.41462489006e-05,0.000110713246204,9.52449297068e-07
63.9,1.40125257138e-05,0.000110529479864,9.43915298973e-07
63.95,1.38800631021e-05,0.000110345967498,9.35458672446e-07
64.0,1.37488492189e-05,0.000110162712381,9.27078032799e-07
64.05,1.36188723288e-05,0.000109980939815,9.18771554826e-07
64.1,1.34901208061e-05,0.000109799686156,9.10538592416e-07
64.15,1.33625831341e-05,0.00010961870468,9.02381016155e-07
64.2,1.32362479038e-05,0.000109437998292,8.94296296911e-07
64.25,1.31111038133e-05,0.000109257569866,8.86283125307e-07
64.3,1.29871396663e-05,0.000109077422226,8.78342988047e-07
64.35,1.28643443717e-05,0.000108897558104,8.7047311498e-07
64.4,1.2742706942e-05,0.000108717980205,8.62673627986e-07
64.45,1.26222164927e-05,0.000108538691168,8.5494485328e-07
64.5,1.25028622415e-05,0.000108360919681,8.47285525355e-07
64.55,1.23846335068e-05,0.000108183663138,8.39693976095e-07
64.6,1.22675197073e-05,0.000108006859659,8.32169615002e-07
64.65,1.21515103606e-05,0.000107830387338,8.24714151661e-07
64.7,1.20365950828e-05,0.000107654221427,8.1732527462e-07
64.75,1.19227635872e-05,0.000107478364136,8.10001787198e-07
64.8,1.18100056833e-05,0.000107302817634,8.0274504814e-07
64.85,1.16983697393e-05,0.000107127584009,7.95552525721e-07
64.9,1.15877861286e-05,0.000106952665655,7.88424331327e-07
64.95,1.1478244962e-05,0.00010677912983,7.813607631e-07
65.0,1.13697364428e-05,0.000106606261341,7.74360664451e-07
65.05,1.12622508663e-05,0.000106433718347,7.67422510838e-07
65.1,1.11557786186e-05,0.000106261597967,7.60545762585e-07
65.15,1.10503101758e-05,0.000106089886226,7.53731982137e-07
65.2,1.09458361032e-05,0.000105918505666,7.46979056986e-07
65.25,1.08423470545e-05,0.000105747457919,7.40285893446e-07
65.3,1.07398337709e-05,0.000105576744584,7.33653733317e-07
65.35,1.06382870803e-05,0.000105406367187,7.27080262777e-07
65.4,1.05376978968e-05,0.000105237046739,7.20565583627e-07
65.45,1.04380572193e-05,0.000105068722256,7.14109968345e-07
65.5,1.0339356131e-05,0.00010490074203,7.07712359889e-07
65.55,1.0241585799e-05,0.000104733107355,7.01371364934e-07
65.6,1.01447374727e-05,0.000104565819502,6.95086490253e-07
65.65,1.00488024839e-05,0.000104398879704,6.88859163811e-07
65.7,9.95377224533e-06,0.000104232289127,6.82687454924e-07
65.75,9.85963825027e-06,0.000104066048921,6.76570364036e-07
65.8,9.76639207174e-06,0.000103900160209,6.70509026069e-07
65.85,9.6740737082e-06,0.00010373479768,6.64501326347e-07
65.9,9.58262558124e-06,0.000103570952476,6.5854735791e-07
65.95,9.49203951293e-06,0.000103407465671,6.52647369783e-07
66.0,9.4023074019e-06,0.000103244338145,6.46800395904e-07
66.05,9.31342122268e-06,0.000103081570752,6.41005162869e-07
66.1,9.22537302493e-06,0.000102919257273,6.35261219903e-07
66.15,9.13815493279e-06,0.000102757383194,6.29569872067e-07
66.2,9.05175914418e-06,0.00010259587212,6.23929354848e-07
66.25,8.96617793007e-06,0.000102434724776,6.18338754723e-07
66.3,8.88140363384e-06,0.000102273941863,6.12799108931e-07
66.35,8.7974286706e-06,0.00010211423234,6.07308484803e-07
66.4,8.7142455265e-06,0.000101955478747,6.01866967372e-07
66.45,8.6318467581e-06,0.000101797094575,5.9647478423e-07
66.5,8.55022499166e-06,0.000101639080321,5.91131052463e-07
66.55,8.46937292254e-06,0.00010148143646,5.85834608266e-07
66.6,8.38928331455e-06,0.000101324203849,5.80585039662e-07
66.65,8.30994899927e-06,0.000101167468734,5.75383539389e-07
66.7,8.23136287546e-06,0.000101011105773,5.70228494802e-07
66.75,8.15351790844e-06,0.000100855115334,5.65119071003e-07
66.8,8.0764071294e-06,0.000100699497765,5.60056215958e-07
66.85,8.00006361544e-06,0.000100545197241,5.55038163341e-07
66.9,7.92443975157e-06,0.000100391583794,5.50064990866e-07
66.95,7.84952877497e-06,0.000100238347003,5.45136906536e-07
67.0,7.77532398615e-06,0.000100085487031,5.40253103428e-07
67.05,7.70181874836e-06,9.99330040273e-05,5.35412517906e-07
67.1,7.629006487e-06,9.97808981255e-05,5.30614773449e-07
67.15,7.55688068906e-06,9.96291694387e-05,5.2586096014e-07
67.2,7.48543490253e-06,9.94778180378e-05,5.2114960413e-07
67.25,7.41466273583e-06,9.93268439877e-05,5.16479942381e-07
67.3,7.34455785724e-06,9.91762473384e-05,5.11852841269e-07
67.35,7.27511399437e-06,9.9026901831e-05,5.07266686493e-07
67.4,7.20632493357e-06,9.88782737665e-05,5.02721549078e-07
67.45,7.13818451941e-06,9.87300254772e-05,4.98217619125e-07
67.5,7.07068665412e-06,9.85821568568e-05,4.93754159162e-07
67.55,7.00382529707e-06,9.84346677861e-05,4.89330197098e-07
67.6,6.9375944642e-06,9.8287597584e-05,4.84945388821e-07
67.65,6.87198822755e-06,9.81410299035e-05,4.80600730588e-07
67.7,6.80700071467e-06,9.7994841791e-05,4.76294875406e-07
67.75,6.74262610815e-06,9.78490330537e-05,4.72027125909e-07
67.8,6.6788586451e-06,9.77036034869e-05,4.67798273905e-07
67.85,6.61572567891e-06,9.75590486891e-05,4.63606844035e-07
67.9,6.55318783394e-06,9.74155453301e-05,4.5945290121e-07
67.95,6.49123951761e-06,9.72724226496e-05,4.5533661917e-07
68.0,6.42987518971e-06,9.71296803027e-05,4.51257323916e-07
68.05,6.36908936193e-06,9.69873179342e-05,4.47214127023e-07
68.1,6.30887659734e-06,9.68453351822e-05,4.43206713997e-07
68.15,6.24923150994e-06,9.67038811131e-05,4.39235995349e-07
68.2,6.19014876419e-06,9.65628159494e-05,4.35300740018e-07
68.25,6.1316230745e-06,9.64221296749e-05,4.31400310663e-07
68.3,6.07364920482e-06,9.62818218657e-05,4.27535430938e-07
68.35,6.01622196812e-06,9.6141892071e-05,4.23704752469e-07
68.4,5.95933622598e-06,9.6003267553e-05,4.19908334579e-07
68.45,5.9029868881e-06,9.58652158058e-05,4.16146336056e-07
68.5,5.84716891188e-06,9.57275424326e-05,4.12418140909e-07
68.55,5.79187730195e-06,9.5590246885e-05,4.0872293718e-07
68.6,5.73710710977e-06,9.54533286095e-05,4.05060437443e-07
68.65,5.68285343312e-06,9.53167870416e-05,4.01431473843e-07
68.7,5.62911141575e-06,9.51806215905e-05,3.97834921274e-07
68.75,5.5758762469e-06,9.50448316656e-05,3.9427019725e-07
68.8,5.52314316088e-06,9.49094166698e-05,3.90737963143e-07
68.85,5.47093477784e-06,9.47743759827e-05,3.87236986629e-07
68.9,5.41921853572e-06,9.46397091277e-05,3.83767321927e-07
68.95,5.3679898097e-06,9.45063825795e-05,3.80329114158e-07
69.0,5.31724401825e-06,9.43735381742e-05,3.76921800348e-07
69.05,5.26697662275e-06,9.42410671596e-05,3.73544638425e-07
69.1,5.21718312709e-06,9.41089688246e-05,3.70197365699e-07
69.15,5.16785907727e-06,9.39773886407e-05,3.66880742694e-07
69.2,5.11900006101e-06,9.38461895323e-05,3.63593741143e-07
69.25,5.07060170736e-06,9.37153613605e-05,3.6033582869e-07
69.3,5.02265968629e-06,9.35849033748e-05,3.57107609786e-07
69.35,4.97516970837e-06,9.34548148055e-05,3.53907958171e-07
69.4,4.92812752431e-06,9.33250948865e-05,3.50736923397e-07
69.45,4.88152892466e-06,9.31957428399e-05,3.47594638095e-07
69.5,4.83536973939e-06,9.30673803295e-05,3.44480587747e-07
69.55,4.78964583753e-06,9.29397903966e-05,3.41394094147e-07
69.6,4.74435312683e-06,9.28125672399e-05,3.38334917218e-07
69.65,4.69948755338e-06,9.26858070295e-05,3.35303752024e-07
69.7,4.65504510124e-06,9.2559467551e-05,3.322996588e-07
69.75,4.61102179211e-06,9.24334927198e-05,3.2932215101e-07
69.8,4.56741368497e-06,9.23078816624e-05,3.26371781081e-07
69.85,4.52423948574e-06,9.21826334899e-05,3.23447519688e-07
69.9,4.48147226695e-06,9.20577474318e-05,3.20549412119e-07
69.95,4.43910820405e-06,9.19332225912e-05,3.17677579588e-07
70.0,4.3971435083e-06,9.18090580613e-05,3.14831551862e-07
70.05,4.35557442645e-06,9.16852529331e-05,3.12010709109e-07
70.1,4.3143972404e-06,9.15626861629e-05,3.09214831911e-07
70.15,4.27360826688e-06,9.14405780566e-05,3.06444555513e-07
70.2,4.23320385711e-06,9.13188276573e-05,3.03699021032e-07
70.25,4.19318039649e-06,9.11974339955e-05,3.00977783809e-07
70.3,4.15353430427e-06,9.10763961007e-05,2.98281348722e-07
70.35,4.11426203325e-06,9.09557129894e-05,2.95608775041e-07
70.4,4.07536006947e-06,9.0835383683e-05,2.92960104156e-07
70.45,4.03682493186e-06,9.07154071961e-05,2.90335446847e-07
70.5,3.99865317198e-06,9.05957825357e-05,2.87734373354e-07
70.55,3.9608413737e-06,9.04765087079e-05,2.85156317193e-07
70.6,3.92338615289e-06,9.03575847198e-05,2.82601077832e-07
70.65,3.88628415712e-06,9.02391046589e-05,2.8006923584e-07
70.7,3.84953206539e-06,9.01217128796e-05,2.77560006257e-07
70.75,3.8131265878e-06,9.00049147132e-05,2.75072982697e-07
70.8,3.77706446528e-06,8.98884636948e-05,2.72608626582e-07
70.85,3.74136116688e-06,8.97723587634e-05,2.7016607815e-07
70.9,3.70599442467e-06,8.96565989562e-05,2.67745375228e-07
70.95,3.6709610759e-06,8.95411832103e-05,2.65346619063e-07
71.0,3.63625798745e-06,8.94261104572e-05,2.62969416883e-07
71.05,3.60188205552e-06,8.93113796286e-05,2.6061325096e-07
71.1,3.56783020541e-06,8.91969896583e-05,2.58277938022e-07
71.15,3.53409939119e-06,8.90829883178e-05,2.55964008669e-07
71.2,3.50068659548e-06,8.89694234254e-05,2.53670745503e-07
71.25,3.46758882915e-06,8.88561966188e-05,2.51397777112e-07
71.3,3.43480313106e-06,8.87433667552e-05,2.49145525207e-07
71.35,3.40232656783e-06,8.86316956868e-05,2.46913204024e-07
71.4,3.37015623355e-06,8.85203601931e-05,2.44700848133e-07
71.45,3.33828924953e-06,8.84093591533e-05,2.42508550068e-07
71.5,3.30672276404e-06,8.82986914423e-05,2.40335950862e-07
71.55,3.27545395208e-06,8.8188355937e-05,2.38182577347e-07
71.6,3.24448001512e-06,8.80783515167e-05,2.36048262026e-07
71.65,3.21379818083e-06,8.79686770603e-05,2.3393348983e-07
71.7,3.18340570288e-06,8.78593314384e-05,2.31837605106e-07
71.75,3.15329986066e-06,8.7750313527e-05,2.29760268411e-07
71.8,3.12347795906e-06,8.76416222038e-05,2.27701865158e-07
71.85,3.09395279033e-06,8.75332563394e-05,2.25661677213e-07
71.9,3.06470593982e-06,8.74252148869e-05,2.23639736171e-07
71.95,3.03573479207e-06,8.73174967189e-05,2.21636126602e-07
72.0,3.00703675609e-06,8.72107879122e-05,2.19650520434e-07
72.05,2.9786092652e-06,8.71045472938e-05,2.17682485226e-07
72.1,2.95044977672e-06,8.69986271417e-05,2.15731867895e-07
72.15,2.92255577181e-06,8.68930742522e-05,2.13799111635e-07
72.2,2.89492475521e-06,8.67879354793e-05,2.11883617225e-07
72.25,2.86755425502e-06,8.66831141352e-05,2.09985074437e-07
72.3,2.84044182253e-06,8.6578609059e-05,2.08103835512e-07
72.35,2.81358503193e-06,8.64744190849e-05,2.06239244125e-07
72.4,2.78698148015e-06,8.63705430535e-05,2.04391329153e-07
72.45,2.76062878664e-06,8.62669798045e-05,2.02560167885e-07
72.5,2.73452459314e-06,8.61637281756e-05,2.00745460486e-07
72.55,2.70866656348e-06,8.60607870077e-05,1.98946811735e-07
72.6,2.6830523834e-06,8.59581551451e-05,1.97164081726e-07
72.65,2.65767976029e-06,8.58558357121e-05,1.95397675506e-07
72.7,2.63254642305e-06,8.57547033547e-05,1.9364704543e-07
72.75,2.60765012184e-06,8.5653919428e-05,1.91911907969e-07
72.8,2.58298862791e-06,8.55534410577e-05,1.90192585049e-07
72.85,2.55857251996e-06,8.54532670544e-05,1.88488476833e-07
72.9,2.53438656979e-06,8.53533962969e-05,1.86799609712e-07
72.95,2.51042861453e-06,8.5253827601e-05,1.85126054323e-07
73.0,2.48669651155e-06,8.5154559782e-05,1.8346753664e-07
73.05,2.46318813831e-06,8.50555916584e-05,1.81823695455e-07
73.1,2.4399013921e-06,8.49569220534e-05,1.80194402904e-07
73.15,2.41683418996e-06,8.48585497918e-05,1.78580029175e-07
73.2,2.3939844684e-06,8.4760473695e-05,1.76980073754e-07
73.25,2.37135018327e-06,8.46626925902e-05,1.75394277518e-07
73.3,2.34892930958e-06,8.45652053084e-05,1.73822934684e-07
73.35,2.32671984128e-06,8.44680106777e-05,1.72265497042e-07
73.4,2.30471979114e-06,8.43713715513e-05,1.70721988712e-07
73.45,2.28292719054e-06,8.42754950412e-05,1.69192474252e-07
73.5,2.26134008929e-06,8.41799080349e-05,1.6767670322e-07
73.55,2.23995655548e-06,8.40846093445e-05,1.66174345498e-07
73.6,2.2187746753e-06,8.39895977868e-05,1.64685284226e-07
73.65,2.19779255287e-06,8.38948763897e-05,1.63209857729e-07
73.7,2.17700831007e-06,8.38005743442e-05,1.61747608575e-07
73.75,2.15642008638e-06,8.37065563286e-05,1.60298299942e-07
73.8,2.13602603873e-06,8.36128211655e-05,1.58862200723e-07
73.85,2.11583491523e-06,8.35193676759e-05,1.57438809893e-07
73.9,2.09583412283e-06,8.34261947378e-05,1.56028149496e-07
73.95,2.0760218729e-06,8.33333011791e-05,1.54630278532e-07
74.0,2.05639639357e-06,8.32406858285e-05,1.53244968116e-07
74.05,2.03695592959e-06,8.31483475188e-05,1.51871916542e-07
74.1,2.01769874212e-06,8.30562850879e-05,1.50511017009e-07
74.15,1.99862310861e-06,8.29644973761e-05,1.49162578723e-07
74.2,1.97972732266e-06,8.28737417062e-05,1.4782618362e-07
74.25,1.96100969383e-06,8.27833245667e-05,1.46501615263e-07
74.3,1.94246854754e-06,8.26931793499e-05,1.45189119401e-07
74.35,1.92410222487e-06,8.26033048753e-05,1.43888238133e-07
74.4,1.90590908247e-06,8.25136999699e-05,1.42598991604e-07
74.45,1.88788749235e-06,8.24243634621e-05,1.41321433738e-07
74.5,1.87003584179e-06,8.23352941825e-05,1.40055355347e-07
74.55,1.85235253319e-06,8.22464909656e-05,1.38800480695e-07
74.6,1.8348359839e-06,8.21579526517e-05,1.37556712172e-07
74.65,1.81748462611e-06,8.20696780839e-05,1.3632433237e-07
74.7,1.80029690668e-06,8.19816661049e-05,1.3510295921e-07
74.75,1.78327128705e-06,8.18939155637e-05,1.33892394881e-07
74.8,1.76640624307e-06,8.18064253137e-05,1.32692863983e-07
74.85,1.74970900907e-06,8.17191942085e-05,1.31503948023e-07
74.9,1.7331691711e-06,8.16322211493e-05,1.30325665415e-07
74.95,1.71678525006e-06,8.15455049975e-05,1.2915806544e-07
75.0,1.70055578067e-06,8.14594622221e-05,1.28000956916e-07
75.05,1.68447931142e-06,8.13738963277e-05,1.26854087838e-07
75.1,1.66855440434e-06,8.12885841235e-05,1.25717368997e-07
75.15,1.65277963498e-06,8.1203524464e-05,1.24591058664e-07
75.2,1.63715359219e-06,8.11188138915e-05,1.23474807644e-07
75.25,1.62167487807e-06,8.10343904995e-05,1.22368435153e-07
75.3,1.60634210779e-06,8.09502166616e-05,1.21272146457e-07
75.35,1.5911539095e-06,8.08662912401e-05,1.20185559085e-07
75.4,1.57610892421e-06,8.07826131041e-05,1.19108689864e-07
75.45,1.56120580565e-06,8.06991811255e-05,1.18041583835e-07
75.5,1.54644322017e-06,8.06159941787e-05,1.1698406627e-07
75.55,1.5318198466e-06,8.05330511428e-05,1.15935906854e-07
75.6,1.51733437617e-06,8.04503509024e-05,1.14897024057e-07
75.65,1.50298551236e-06,8.03678923458e-05,1.13867653919e-07
75.7,1.48877197079e-06,8.02857303843e-05,1.12847477302e-07
75.75,1.47469247913e-06,8.02038840503e-05,1.11836328979e-07
75.8,1.46074577696e-06,8.01222765105e-05,1.10834396552e-07
75.85,1.44693784679e-06,8.0041091699e-05,1.09841330467e-07
75.9,1.43326007671e-06,7.99605508611e-05,1.08857146104e-07
75.95,1.41971124356e-06,7.9880245682e-05,1.07881884626e-07
76.0,1.40629013561e-06,7.980017505e-05,1.06915386344e-07
76.05,1.39299555251e-06,7.97203378587e-05,1.05957440767e-07
76.1,1.37982630515e-06,7.9640733007e-05,1.0500797338e-07
76.15,1.36678121554e-06,7.9561359398e-05,1.0406719991e-07
76.2,1.35385911673e-06,7.9482215936e-05,1.03134828685e-07
76.25,1.3410588527e-06,7.94033015318e-05,1.022107087e-07
76.3,1.32837927827e-06,7.93246151008e-05,1.01295011409e-07
76.35,1.31581925897e-06,7.92461555603e-05,1.00387417345e-07
76.4,1.30337767097e-06,7.91679218342e-05,9.94879405638e-08
76.45,1.29105340095e-06,7.90899128497e-05,9.85966186854e-08
76.5,1.27884534604e-06,7.9012127537e-05,9.77133057653e-08
76.55,1.26675241371e-06,7.89345648311e-05,9.68378094281e-08
76.6,1.25477352162e-06,7.88572236725e-05,9.59700615743e-08
76.65,1.24290759763e-06,7.87801030057e-05,9.5110259362e-08
76.7,1.2311535796e-06,7.87032570587e-05,9.4258136223e-08
76.75,1.21951041537e-06,7.86267046602e-05,9.34135541496e-08
76.8,1.20797706262e-06,7.85508000724e-05,9.25766698394e-08
76.85,1.19655846865e-06,7.84752280394e-05,9.17471913208e-08
76.9,1.18524751175e-06,7.83998717986e-05,9.09251314397e-08
76.95,1.17404318042e-06,7.83247302963e-05,9.01105245789e-08
77.0,1.16294447262e-06,7.8249802482e-05,8.93032373549e-08
77.05,1.15195039569e-06,7.81750873106e-05,8.85030939497e-08
77.1,1.1410599663e-06,7.81005837421e-05,8.77100321251e-08
77.15,1.13027221029e-06,7.8026290741e-05,8.69242320702e-08
77.2,1.11958616265e-06,7.79522228133e-05,8.61454501597e-08
77.25,1.1090008674e-06,7.78784760358e-05,8.53735602644e-08
77.3,1.09851537751e-06,7.78049371617e-05,8.46087055948e-08
77.35,1.08812875482e-06,7.77316051664e-05,8.38506193091e-08
77.4,1.07784006998e-06,7.76584790319e-05,8.30993131476e-08
77.45,1.06764840232e-06,7.75855577439e-05,8.23548185338e-08
77.5,1.05755283981e-06,7.75128402912e-05,8.16170135643e-08
77.55,1.04755247896e-06,7.7440325668e-05,8.08857375536e-08
77.6,1.03764642474e-06,7.73680128733e-05,8.01609336203e-08
77.65,1.02783379051e-06,7.72959009108e-05,7.94427664447e-08
77.7,1.01811369794e-06,7.7223988786e-05,7.87310133702e-08
77.75,1.00848527693e-06,7.71522755105e-05,7.80255591232e-08
77.8,9.98947665531e-07,7.70812169571e-05,7.73265345885e-08
77.85,9.8950495495e-07,7.70103987151e-05,7.66336958909e-08
77.9,9.80151255829e-07,7.6939776455e-05,7.59470537602e-08
77.95,9.70885731692e-07,7.68693491893e-05,7.52666369154e-08
78.0,9.61707553899e-07,7.67991159343e-05,7.45923339451e-08
78.05,9.52615901569e-07,7.67290757113e-05,7.39239979939e-08
78.1,9.43609961509e-07,7.66592275466e-05,7.3261577076e-08
78.15,9.34688928144e-07,7.65895704713e-05,7.2605221698e-08
78.2,9.25852003442e-07,7.65201188737e-05,7.1954728367e-08
78.25,9.17098396847e-07,7.64509677498e-05,7.13099917309e-08
78.3,9.08427325207e-07,7.63820052493e-05,7.06711314094e-08
78.35,8.99838012708e-07,7.63132304149e-05,7.00379245173e-08
78.4,8.91329690802e-07,7.62446422953e-05,6.94103808609e-08
78.45,8.82901598142e-07,7.61762399429e-05,6.87885266874e-08
78.5,8.7455298051e-07,7.61080224138e-05,6.81722601746e-08
78.55,8.6628309076e-07,7.60399887688e-05,6.75614471066e-08
78.6,8.5809118874e-07,7.5972138074e-05,6.69560399719e-08
78.65,8.49976541236e-07,7.59044693998e-05,6.63561763233e-08
78.7,8.41938421904e-07,7.58369818189e-05,6.57616701823e-08
78.75,8.33976111205e-07,7.57697763893e-05,6.51724252643e-08
78.8,8.26088896342e-07,7.57027732039e-05,6.45885508935e-08
78.85,8.18280160578e-07,7.56361703333e-05,6.4009843368e-08
78.9,8.10545033654e-07,7.5569979674e-05,6.34363116503e-08
78.95,8.02882823838e-07,7.55039660042e-05,6.28679797285e-08
79.0,7.95292845879e-07,7.5438128405e-05,6.2304754544e-08
79.05,7.87774420942e-07,7.53724659622e-05,6.17465134327e-08
79.1,7.8032687655e-07,7.53069777671e-05,6.11932129726e-08
79.15,7.72949546524e-07,7.52416629149e-05,6.06449788773e-08
79.2,7.65641770926e-07,7.51765205039e-05,6.01016411752e-08
79.25,7.58402895997e-07,7.51115496379e-05,5.95631118688e-08
79.3,7.51232274104e-07,7.50467494253e-05,5.9029490873e-08
79.35,7.44129263679e-07,7.49821189778e-05,5.85005920184e-08
79.4,7.37093229164e-07,7.49176574125e-05,5.79764234958e-08
79.45,7.30123540956e-07,7.48533638503e-05,5.74570072289e-08
79.5,7.2321957535e-07,7.4789237416e-05,5.69422581684e-08
79.55,7.16380714484e-07,7.47252772389e-05,5.64320642079e-08
79.6,7.09606346285e-07,7.46614824533e-05,5.59263856626e-08
79.65,7.02895864413e-07,7.45978521977e-05,5.5425337426e-08
79.7,6.96248668211e-07,7.45343856135e-05,5.4928764156e-08
79.75,6.89664162652e-07,7.44711827425e-05,5.44365854287e-08
79.8,6.83141758279e-07,7.44081645876e-05,5.39488925595e-08
79.85,6.76684252915e-07,7.43453079652e-05,5.34655154024e-08
79.9,6.70287619052e-07,7.42826120455e-05,5.29864614433e-08
79.95,6.63951284659e-07,7.42200759875e-05,5.25117507188e-08
80.0,6.57674683059e-07,7.41578058808e-05,5.20413054999e-08
80.05,6.51457252885e-07,7.40960000593e-05,5.15750233289e-08
80.1,6.45298438025e-07,7.40343516426e-05,5.11128679366e-08
80.15,6.39197687576e-07,7.39728597946e-05,5.06549443278e-08
80.2,6.33154455796e-07,7.39115236825e-05,5.02011105305e-08
80.25,6.27168202054e-07,7.38504050548e-05,4.9751293043e-08
80.3,6.21238390783e-07,7.37894995866e-05,4.9305575321e-08
80.35,6.15364491434e-07,7.37287477859e-05,4.88638018629e-08
80.4,6.09545978425e-07,7.36681488338e-05,4.84259795102e-08
80.45,6.03782331101e-07,7.36077019155e-05,4.79921265751e-08
80.5,5.98073033683e-07,7.35474062198e-05,4.75621720186e-08
80.55,5.92417575224e-07,7.34872609399e-05,4.71360222013e-08
80.6,5.86815449564e-07,7.34272652739e-05,4.67136439759e-08
80.65,5.81266155287e-07,7.33674184239e-05,4.62951333094e-08
80.7,5.75769195673e-07,7.33077195949e-05,4.58803604491e-08
80.75,5.70324078658e-07,7.3248167997e-05,4.54692582196e-08
80.8,5.64930316787e-07,7.31887628446e-05,4.50619028936e-08
80.85,5.59590223744e-07,7.31295033553e-05,4.46581523534e-08
80.9,5.54300468944e-07,7.30703887637e-05,4.42580128517e-08
80.95,5.49060579342e-07,7.30114182957e-05,4.38615011245e-08
81.0,5.43870086319e-07,7.29525911809e-05,4.3468552247e-08
81.05,5.38728525647e-07,7.28939066531e-05,4.30790806394e-08
81.1,5.33635437444e-07,7.28353639505e-05,4.26930560072e-08
81.15,5.28590366136e-07,7.27769623155e-05,4.23105660577e-08
81.2,5.23592860417e-07,7.27187009931e-05,4.19314922059e-08
81.25,5.18642473207e-07,7.26606412095e-05,4.1555773058e-08
81.3,5.13738761614e-07,7.26031290763e-05,4.11834783221e-08
81.35,5.08881286895e-07,7.25457769966e-05,4.08144781124e-08
81.4,5.04069614417e-07,7.2488562692e-05,4.04487781433e-08
81.45,4.99303313617e-07,7.2431485414e-05,4.00863937105e-08
81.5,4.94581957969e-07,7.23745444176e-05,3.97272654771e-08
81.55,4.8990512494e-07,7.2317738962e-05,3.93713152292e-08
81.6,4.85272395956e-07,7.2261068311e-05,3.90185152795e-08
81.65,4.80683356367e-07,7.22045317321e-05,3.86689457866e-08
81.7,4.76137595405e-07,7.2148128496e-05,3.8322498372e-08
81.75,4.71634706154e-07,7.20918830288e-05,3.79791169258e-08
81.8,4.67174285509e-07,7.20358629186e-05,3.76388651565e-08
81.85,4.6275824679e-07,7.19799743857e-05,3.73016243575e-08
81.9,4.58383835743e-07,7.19242167235e-05,3.69673997513e-08
81.95,4.54050661175e-07,7.18685892187e-05,3.66362053171e-08
82.0,4.4975833556e-07,7.18130911614e-05,3.63079868251e-08
82.05,4.45506474999e-07,7.17577218462e-05,3.59826727931e-08
82.1,4.4129469919e-07,7.17024805715e-05,3.56602379169e-08
82.15,4.37122631391e-07,7.16473666398e-05,3.5340755456e-08
82.2,4.3298989839e-07,7.15923793565e-05,3.50241263596e-08
82.25,4.2889613047e-07,7.15375180313e-05,3.47102993475e-08
82.3,4.24840961378e-07,7.1482781978e-05,3.43993326448e-08
82.35,4.20824028291e-07,7.14281705134e-05,3.40911177616e-08
82.4,4.16844971785e-07,7.13736829588e-05,3.37856594711e-08
82.45,4.12903435804e-07,7.13193186389e-05,3.34829705493e-08
82.5,4.08999067626e-07,7.12650768817e-05,3.31830014339e-08
82.55,4.05131517835e-07,7.12109570194e-05,3.2885686795e-08
82.6,4.01300440287e-07,7.11569583879e-05,3.25910035065e-08
82.65,3.97505492082e-07,7.11031492265e-05,3.22990185223e-08
82.7,3.93746333534e-07,7.10497237481e-05,3.20096413169e-08
82.75,3.90022628139e-07,7.09964425264e-05,3.17228250238e-08
82.8,3.86334042545e-07,7.0943372622e-05,3.14386228566e-08
82.85,3.82682158991e-07,7.08904211213e-05,3.1156935663e-08
82.9,3.79064699819e-07,7.08375873773e-05,3.08777678056e-08
82.95,3.75481341532e-07,7.07848707385e-05,3.06011309605e-08
83.0,3.71931763659e-07,7.07322705565e-05,3.03269798313e-08
83.05,3.68415648732e-07,7.06797861869e-05,3.0055254711e-08
83.1,3.64932682256e-07,7.06274169892e-05,2.97859344639e-08
83.15,3.61482552682e-07,7.05751623265e-05,2.95190802811e-08
83.2,3.58064951378e-07,7.05230215649e-05,2.92546094289e-08
83.25,3.54679572605e-07,7.04709940744e-05,2.89924790741e-08
83.3,3.51326113485e-07,7.04191845409e-05,2.87327378506e-08
83.35,3.48004273978e-07,7.03674979113e-05,2.84752951399e-08
83.4,3.44713756856e-07,7.03159230716e-05,2.82201549291e-08
83.45,3.41454267675e-07,7.02644594025e-05,2.79673278894e-08
83.5,3.38225514748e-07,7.02131062878e-05,2.77167726229e-08
83.55,3.35027209122e-07,7.01618631149e-05,2.74684345617e-08
83.6,3.3185906455e-07,7.01107292751e-05,2.7222294389e-08
83.65,3.2872079747e-07,7.00597041632e-05,2.69784080295e-08
83.7,3.25612126973e-07,7.00087871767e-05,2.673669987e-08
83.75,3.22532774784e-07,6.9957977717e-05,2.64971307642e-08
83.8,3.19482465236e-07,6.99072751892e-05,2.62597451599e-08
83.85,3.16462506775e-07,6.98566790012e-05,2.60244602382e-08
83.9,3.13471015871e-07,6.98061885714e-05,2.57912796429e-08
83.95,3.10507725005e-07,6.97558033146e-05,2.55602131268e-08
84.0,3.07572369161e-07,6.97055226486e-05,2.53312228552e-08
84.05,3.04664685806e-07,6.9655345995e-05,2.51042589565e-08
84.1,3.01784414866e-07,6.96052727788e-05,2.48793037766e-08
84.15,2.98931298702e-07,6.95553024281e-05,2.32860708758e-08
84.2,2.96105082087e-07,6.9505637023e-05,2.29250266001e-08
84.25,2.93305512189e-07,6.94561791164e-05,2.27196064876e-08
84.3,2.90532338539e-07,6.94069267301e-05,2.25160622483e-08
84.35,2.87785313017e-07,6.93577856101e-05,2.23143192341e-08
84.4,2.85064189828e-07,6.93087447833e-05,2.21143818087e-08
84.45,2.82368725478e-07,6.92598036887e-05,2.19162599103e-08
84.5,2.79698678753e-07,6.92109617683e-05,2.17199199766e-08
84.55,2.77053810703e-07,6.91622184675e-05,2.15253174358e-08
84.6,2.74433884612e-07,6.91135732355e-05,2.1332437152e-08
84.65,2.71838665985e-07,6.90650255242e-05,2.11413129121e-08
84.7,2.69267922523e-07,6.90165747887e-05,2.0951896733e-08
84.75,2.66721424104e-07,6.89682204874e-05,2.07641568861e-08
84.8,2.64198942761e-07,6.89200307885e-05,2.05781314582e-08
84.85,2.61701560528e-07,6.88719813245e-05,2.03937522261e-08
84.9,2.59227719801e-07,6.88240270745e-05,2.0211023178e-08
84.95,2.56777199353e-07,6.87761675058e-05,2.00299533965e-08
85.0,2.54349780026e-07,6.87284020884e-05,1.98505122082e-08
85.05,2.51945244718e-07,6.86807302959e-05,1.96726588774e-08
85.1,2.49563378355e-07,6.8633151605e-05,1.94963795711e-08
85.15,2.47203967883e-07,6.85856654954e-05,1.93217051679e-08
85.2,2.44866802239e-07,6.85382714498e-05,1.77782542636e-08
85.25,2.4255167234e-07,6.84909803134e-05,1.74665333117e-08
85.3,2.40258371061e-07,6.84437812854e-05,1.73100484362e-08
85.35,2.37986693215e-07,6.83966725756e-05,1.71549483736e-08
85.4,2.35736435539e-07,6.83496536818e-05,1.70012378111e-08
85.45,2.33507396674e-07,6.83027241044e-05,1.68489260836e-08
85.5,2.31299377147e-07,6.82558833469e-05,1.66979861822e-08
85.55,2.29112179354e-07,6.82091309155e-05,1.65483818934e-08
85.6,2.26945607543e-07,6.81624663197e-05,1.64001015822e-08
85.65,2.24799467795e-07,6.81158890718e-05,1.62531744683e-08
85.7,2.22673568008e-07,6.80693986866e-05,1.61075475475e-08
85.75,2.20567717881e-07,6.80229946824e-05,1.59632094922e-08
85.8,2.18481728895e-07,6.79767447948e-05,1.58201930844e-08
85.85,2.16416495846e-07,6.79306248881e-05,1.56784423003e-08
85.9,2.14370730661e-07,6.78847974681e-05,1.41599959398e-08
85.95,2.12344250393e-07,6.78391203256e-05,1.3879873769e-08
86.0,2.10336873809e-07,6.77935287296e-05,1.37555299621e-08
86.05,2.08348421373e-07,6.77480209406e-05,1.36322864501e-08
86.1,2.06378715229e-07,6.77025964886e-05,1.35101336476e-08
86.15,2.04427579188e-07,6.76572549065e-05,1.20114034482e-08
86.2,2.02494838711e-07,6.76120068958e-05,1.1750547983e-08
86.25,2.00580320895e-07,6.75668418798e-05,1.16452486015e-08
86.3,1.98683854455e-07,6.7521791793e-05,1.15409215652e-08
86.35,1.96805269711e-07,6.74769000178e-05,1.14375177243e-08
86.4,1.94944398572e-07,6.74320889872e-05,1.13350290358e-08
86.45,1.93101074523e-07,6.73873582498e-05,9.85509077268e-09
86.5,1.91275132607e-07,6.73427184888e-05,9.61349697243e-09
86.55,1.89466409415e-07,6.72981591737e-05,9.52736565956e-09
86.6,1.87674743066e-07,6.72536786052e-05,9.44199659642e-09
86.65,1.85899973199e-07,6.72092763453e-05,9.35740319327e-09
86.7,1.84141940952e-07,6.71649519584e-05,9.27355841446e-09
86.75,1.82400488955e-07,6.71207050117e-05,9.19045573736e-09
86.8,1.80675461309e-07,6.7076535075e-05,9.10812545784e-09
86.85,1.78967597976e-07,6.70324417204e-05,9.02652366975e-09
86.9,1.7727583377e-07,6.69884245264e-05,8.94564402696e-09
86.95,1.75600017403e-07,6.69444830704e-05,7.48818658451e-09
87.0,1.73939999002e-07,6.69006279906e-05,7.26791313335e-09
87.05,1.72295630097e-07,6.68568488519e-05,7.20279343458e-09
87.1,1.7066676361e-07,6.68131439916e-05,7.13825007385e-09
87.15,1.69053253839e-07,6.67695129998e-05,7.07429635503e-09
87.2,1.67454956449e-07,6.67259554688e-05,7.01090860825e-09
87.25,1.65871728454e-07,6.66824709936e-05,6.9480819022e-09
87.3,1.64303428209e-07,6.66390926047e-05,5.50878241586e-09
87.35,1.62749915395e-07,6.65958744643e-05,5.30626870468e-09
87.4,1.6121105101e-07,6.65527295875e-05,5.25872418542e-09
87.45,1.59686697351e-07,6.65096563331e-05,5.21160046648e-09
87.5,1.58176718006e-07,6.64666543071e-05,5.16491062057e-09
87.55,1.56680977841e-07,6.64237231179e-05,5.1186339394e-09
87.6,1.55199342989e-07,6.63808623763e-05,5.07276682342e-09
87.65,1.53731680837e-07,6.63380716955e-05,5.02732245247e-09
87.7,1.52277860012e-07,6.62953506909e-05,4.98228020623e-09
87.75,1.50837750377e-07,6.62527240635e-05,4.93763658154e-09
87.8,1.49411223009e-07,6.62103704107e-05,4.89340482814e-09
87.85,1.47998889826e-07,6.61681946462e-05,4.84956444663e-09
87.9,1.46599869964e-07,6.61260875433e-05,4.8061120278e-09
87.95,1.45214038312e-07,6.60840487192e-05,4.76304419139e-09
88.0,1.43841270933e-07,6.60420777938e-05,3.34348950953e-09
88.05,1.42481445047e-07,6.60001851897e-05,3.16038673781e-09
88.1,1.41134439028e-07,6.5958360747e-05,3.13206154229e-09
88.15,1.39800132385e-07,6.59166028738e-05,1.72637251131e-09
88.2,1.38478405759e-07,6.58749219897e-05,1.55767628356e-09
88.25,1.37169140908e-07,6.58333079555e-05,1.54371316574e-09
88.3,1.35872220695e-07,6.57917591901e-05,1.54371316482e-10
88.35,1.34587529085e-07,6.57502860875e-05,0.0
88.4,1.33314951125e-07,6.57088785494e-05,0.0
88.45,1.32054372943e-07,6.56675350076e-05,0.0
88.5,1.30805681732e-07,6.56262551121e-05,0.0
88.55,1.29568765741e-07,6.55850385148e-05,0.0
88.6,1.28343514267e-07,6.554388487e-05,0.0
88.65,1.27129817644e-07,6.55027938338e-05,0.0
88.7,1.25927567235e-07,6.54617650645e-05,0.0
88.75,1.24736655418e-07,6.54207982225e-05,0.0
88.8,1.23556975581e-07,6.53798929703e-05,0.0
88.85,1.22389033755e-07,6.53391571736e-05,0.0
88.9,1.21232101501e-07,6.52984826635e-05,0.0
88.95,1.20086075359e-07,6.52578691052e-05,0.0
89.0,1.18950852836e-07,6.52173161657e-05,0.0
89.05,1.17826332399e-07,6.5176823514e-05,0.0
89.1,1.16712413468e-07,6.51363908212e-05,0.0
89.15,1.15608996402e-07,6.50960177605e-05,0.0
89.2,1.14515982497e-07,6.5055704007e-05,0.0
89.25,1.13433273969e-07,6.50154492377e-05,0.0
89.3,1.12360773953e-07,6.49752531317e-05,0.0
89.35,1.11298386492e-07,6.49351898163e-05,0.0
89.4,1.10246016524e-07,6.48952171372e-05,0.0
89.45,1.09203569883e-07,6.48553025272e-05,0.0
89.5,1.0817095328e-07,6.48154456697e-05,0.0
89.55,1.07148074303e-07,6.477564625e-05,0.0
89.6,1.06134841405e-07,6.47359039556e-05,0.0
89.65,1.05131163897e-07,6.46962184756e-05,0.0
89.7,1.0413695194e-07,6.46565895012e-05,0.0
89.75,1.03152116535e-07,6.46170167255e-05,0.0
89.8,1.02176569519e-07,6.45774998435e-05,0.0
89.85,1.01210729358e-07,6.45380527477e-05,0.0
89.9,1.00253993664e-07,6.44988475709e-05,0.0
89.95,9.93062768775e-08,6.44596980563e-05,0.0
90.0,9.83674942428e-08,6.44206033914e-05,0.0
90.05,9.74375617965e-08,6.43815632751e-05,0.0
90.1,9.65163963618e-08,6.43425774082e-05,0.0
90.15,9.5603915541e-08,6.43036454935e-05,0.0
90.2,9.4700037708e-08,6.42647672356e-05,0.0
90.25,9.38046820015e-08,6.42259423408e-05,0.0
90.3,9.29177683175e-08,6.41871705174e-05,0.0
90.35,9.20392173023e-08,6.4148525507e-05,0.0
90.4,7.47611188765e-08,6.41099654154e-05,0.0
90.45,4.9430163979e-08,6.40713943131e-05,0.0
90.5,4.89627579403e-08,6.40327812017e-05,0.0
90.55,4.84997595639e-08,6.39942228073e-05,0.0
90.6,4.80411274117e-08,6.39557188103e-05,0.0
90.65,4.75868204339e-08,6.39172688932e-05,0.0
90.7,4.71367979654e-08,6.38788727408e-05,0.0
90.75,4.6691019722e-08,6.38405300402e-05,0.0
90.8,4.62494457971e-08,6.38022404802e-05,0.0
90.85,4.58122656061e-08,6.37640450676e-05,0.0
90.9,4.53792064826e-08,6.37259658638e-05,0.0
90.95,4.49502296992e-08,6.36879392293e-05,0.0
91.0,4.45252968914e-08,6.36499648584e-05,0.0
91.05,4.41043700539e-08,6.36120424476e-05,0.0
91.1,4.36874115375e-08,6.35741716953e-05,0.0
91.15,4.32743840453e-08,6.3536352302e-05,0.0
91.2,4.28652506301e-08,6.34985839704e-05,0.0
91.25,4.24599746905e-08,6.3460866405e-05,0.0
91.3,4.20585199681e-08,6.34231993127e-05,0.0
91.35,4.1660850544e-08,6.33855824021e-05,0.0
91.4,2.48590993665e-08,6.33480153839e-05,0.0
91.45,0.0,6.33104347155e-05,0.0
91.5,0.0,6.32728095537e-05,0.0
91.55,0.0,6.32352361484e-05,0.0
91.6,0.0,6.31977141831e-05,0.0
91.65,0.0,6.31602433434e-05,0.0
91.7,0.0,6.31228233175e-05,0.0
91.75,0.0,6.30854537956e-05,0.0
91.8,0.0,6.30481344703e-05,0.0
91.85,0.0,6.30109061345e-05,0.0
91.9,0.0,6.29737907349e-05,0.0
91.95,0.0,6.29367249693e-05,0.0
92.0,0.0,6.2899708536e-05,0.0
92.05,0.0,6.28627411358e-05,0.0
92.1,0.0,6.28258224714e-05,0.0
92.15,0.0,6.27889522479e-05,0.0
92.2,0.0,6.27522498111e-05,0.0
92.25,0.0,6.27156549406e-05,0.0
92.3,0.0,6.26791077768e-05,0.0
92.35,0.0,6.26426173948e-05,0.0
92.4,0.0,6.26062678048e-05,0.0
92.45,0.0,6.2569965395e-05,0.0
92.5,0.0,6.25337098781e-05,0.0
92.55,0.0,6.2497500969e-05,0.0
92.6,0.0,6.24613383847e-05,0.0
92.65,0.0,6.24252218442e-05,0.0
92.7,0.0,6.23891510689e-05,0.0
92.75,0.0,6.23531257818e-05,0.0
92.8,0.0,6.23171457085e-05,0.0
92.85,0.0,6.22812105762e-05,0.0
92.9,0.0,6.22453201144e-05,0.0
92.95,0.0,6.22094740544e-05,0.0
93.0,0.0,6.21736721298e-05,0.0
93.05,0.0,6.2137914076e-05,0.0
93.1,0.0,6.21021996302e-05,0.0
93.15,0.0,6.20665285319e-05,0.0
93.2,0.0,6.20309005222e-05,0.0
93.25,0.0,6.19953153445e-05,0.0
93.3,0.0,6.19597727439e-05,0.0
93.35,0.0,6.19242817869e-05,0.0
93.4,0.0,6.18889261069e-05,0.0
93.45,0.0,6.18536125876e-05,0.0
93.5,0.0,6.18183409785e-05,0.0
93.55,0.0,6.17831110307e-05,0.0
93.6,0.0,6.17479224975e-05,0.0
93.65,0.0,6.17127751339e-05,0.0
93.7,0.0,6.16776686967e-05,0.0
93.75,0.0,6.16426029444e-05,0.0
93.8,0.0,6.16075776375e-05,0.0
93.85,0.0,6.15725925382e-05,0.0
93.9,0.0,6.15377271665e-05,0.0
93.95,0.0,6.1502923262e-05,0.0
94.0,0.0,6.14681591929e-05,0.0
94.05,0.0,6.14334347251e-05,0.0
94.1,0.0,6.13987496265e-05,0.0
94.15,0.0,6.13641036667e-05,0.0
94.2,0.0,6.13294966168e-05,0.0
94.25,0.0,6.12949282498e-05,0.0
94.3,0.0,6.12603983404e-05,0.0
94.35,0.0,6.12259066648e-05,0.0
94.4,0.0,6.11914530011e-05,0.0
94.45,0.0,6.11570371289e-05,0.0
94.5,0.0,6.11226588295e-05,0.0
94.55,0.0,6.10883178856e-05,0.0
94.6,0.0,6.1054014082e-05,0.0
94.65,0.0,6.10197472045e-05,0.0
94.7,0.0,6.0985517041e-05,0.0
94.75,0.0,6.09513559657e-05,0.0
94.8,0.0,6.09173550059e-05,0.0
94.85,0.0,6.08833903907e-05,0.0
94.9,0.0,6.08495412068e-05,0.0
94.95,0.0,6.0815749486e-05,0.0
95.0,0.0,6.07819937199e-05,0.0
95.05,0.0,6.07482737003e-05,0.0
95.1,0.0,6.07145892204e-05,0.0
95.15,0.0,6.06809400749e-05,0.0
95.2,0.0,6.06473260601e-05,0.0
95.25,0.0,6.06137469738e-05,0.0
95.3,0.0,6.05802026154e-05,0.0
95.35,0.0,6.05466927856e-05,0.0
95.4,0.0,6.05132655455e-05,0.0
95.45,0.0,6.04799238604e-05,0.0
95.5,0.0,6.0446616437e-05,0.0
95.55,0.0,6.0413343079e-05,0.0
95.6,0.0,6.03801035916e-05,0.0
95.65,0.0,6.03468977814e-05,0.0
95.7,0.0,6.03137254562e-05,0.0
95.75,0.0,6.02805864257e-05,0.0
95.8,0.0,6.02474805008e-05,0.0
95.85,0.0,6.02144074936e-05,0.0
95.9,0.0,6.01813672178e-05,0.0
95.95,0.0,6.01483594887e-05,0.0
96.0,0.0,6.01153841226e-05,0.0
96.05,0.0,6.00824409375e-05,0.0
96.1,0.0,6.00495297523e-05,0.0
96.15,0.0,6.00166503879e-05,0.0
96.2,0.0,5.99838026659e-05,0.0
96.25,0.0,5.99509864097e-05,0.0
96.3,0.0,5.99182014438e-05,0.0
96.35,0.0,5.98854475939e-05,0.0
96.4,0.0,5.98527727354e-05,0.0
96.45,0.0,5.98201798444e-05,0.0
96.5,0.0,5.97876178747e-05,0.0
96.55,0.0,5.97550866541e-05,0.0
96.6,0.0,5.97225860119e-05,0.0
96.65,0.0,5.96901157787e-05,0.0
96.7,0.0,5.96576757862e-05,0.0
96.75,0.0,5.96252658674e-05,0.0
96.8,0.0,5.95928858567e-05,0.0
96.85,0.0,5.95605355894e-05,0.0
96.9,0.0,5.95282327031e-05,0.0
96.95,0.0,5.94960393787e-05,0.0
97.0,0.0,5.94638756281e-05,0.0
97.05,0.0,5.94317412888e-05,0.0
97.1,0.0,5.93996361994e-05,0.0
97.15,0.0,5.93675601996e-05,0.0
97.2,0.0,5.93355131305e-05,0.0
97.25,0.0,5.93034948341e-05,0.0
97.3,0.0,5.92715051539e-05,0.0
97.35,0.0,5.92395439343e-05,0.0
97.4,0.0,5.92076110211e-05,0.0
97.45,0.0,5.9175706261e-05,0.0
97.5,0.0,5.9143829502e-05,0.0
97.55,0.0,5.91119805932e-05,0.0
97.6,0.0,5.90801593849e-05,0.0
97.65,0.0,5.90484988083e-05,0.0
97.7,0.0,5.90168702303e-05,0.0
97.75,0.0,5.89852690902e-05,0.0
97.8,0.0,5.8953695239e-05,0.0
97.85,0.0,5.8922148529e-05,0.0
97.9,0.0,5.88906465402e-05,0.0
97.95,0.0,5.88592512106e-05,0.0
98.0,0.0,5.88278828966e-05,0.0
98.05,0.0,5.87965414518e-05,0.0
98.1,0.0,5.8765226731e-05,0.0
98.15,0.0,5.87339385901e-05,0.0
98.2,0.0,5.8702676886e-05,0.0
98.25,0.0,5.86714414769e-05,0.0
98.3,0.0,5.86402322217e-05,0.0
98.35,0.0,5.86090489807e-05,0.0
98.4,0.0,5.8577891615e-05,0.0
98.45,0.0,5.85468446244e-05,0.0
98.5,0.0,5.85158351764e-05,0.0
98.55,0.0,5.84848514984e-05,0.0
98.6,0.0,5.84538934526e-05,0.0
98.65,0.0,5.84229609026e-05,0.0
98.7,0.0,5.83920537127e-05,0.0
98.75,0.0,5.83611717486e-05,0.0
98.8,0.0,5.83303148766e-05,0.0
98.85,0.0,5.82994829643e-05,0.0
98.9,0.0,5.82686758802e-05,0.0
98.95,0.0,5.82378934937e-05,0.0
99.0,0.0,5.82071356753e-05,0.0
99.05,0.0,5.81764022964e-05,0.0
99.1,0.0,5.81456932293e-05,0.0
99.15,0.0,5.81150083475e-05,0.0
99.2,0.0,5.80843475253e-05,0.0
99.25,0.0,5.80537106377e-05,0.0
99.3,0.0,5.80230975611e-05,0.0
99.35,0.0,5.79925081725e-05,0.0
99.4,0.0,5.79619423499e-05,0.0
99.45,0.0,5.79314842747e-05,0.0
99.5,0.0,5.79010614182e-05,0.0
99.55,0.0,5.78706620698e-05,0.0
99.6,0.0,5.78402861083e-05,0.0
99.65,0.0,5.78099334133e-05,0.0
99.7,0.0,5.77796038654e-05,0.0
99.75,0.0,5.7749297346e-05,0.0
99.8,0.0,5.77190137375e-05,0.0
99.85,0.0,5.76887529231e-05,0.0
99.9,0.0,5.76585147868e-05,0.0
99.95,0.0,5.76283537904e-05,0.0
100.0,0.0,5.7598255623e-05,0.0
