"time","AMPA","NMDA","GABAa"
0.0,0.0,0.0,0.0
0.05,0.0,0.0,0.0
0.1,0.0,0.0,0.0
0.15,0.0,0.0,0.0
0.2,0.0,0.0,0.0
0.25,0.0,0.0,0.0
0.3,0.0,0.0,0.0
0.35,0.0,0.0,0.0
0.4,0.0,0.0,0.0
0.45,0.0,0.0,0.0
0.5,0.0,0.0,0.0
0.55,0.0,0.0,0.0
0.6,0.0,0.0,0.0
0.65,0.0,0.0,0.0
0.7,0.0,0.0,0.0
0.75,0.0,0.0,0.0
0.8,0.0,0.0,0.0
0.85,0.0,0.0,0.0
0.9,0.0,0.0,0.0
0.95,0.0,0.0,0.0
1.0,0.0,0.0,0.0
1.05,0.0,0.0,0.0
1.1,0.0,0.0,0.0
1.15,0.0,0.0,0.0
1.2,0.0,0.0,0.0
1.25,0.0,0.0,0.0
1.3,0.0,0.0,0.0
1.35,0.0,0.0,0.0
1.4,0.0,0.0,0.0
1.45,0.0,0.0,0.0
1.5,0.0,0.0,0.0
1.55,0.0,0.0,0.0
1.6,0.0,0.0,0.0
1.65,0.0,0.0,0.0
1.7,0.0,0.0,0.0
1.75,0.0,0.0,0.0
1.8,0.0,0.0,0.0
1.85,0.0,0.0,0.0
1.9,0.0,0.0,0.0
1.95,0.0,0.0,0.0
2.0,0.0,0.0,0.0
2.05,0.0,0.0,0.0
2.1,0.0,0.0,0.0
2.15,0.0,0.0,0.0
2.2,0.0,0.0,0.0
2.25,0.0,0.0,0.0
2.3,0.0,0.0,0.0
2.35,0.0,0.0,0.0
2.4,0.0,0.0,0.0
2.45,0.0,0.0,0.0
2.5,0.0,0.0,0.0
2.55,0.0,0.0,0.0
2.6,0.0,0.0,0.0
2.65,0.0,0.0,0.0
2.7,0.0,0.0,0.0
2.75,0.0,0.0,0.0
2.8,0.0,0.0,0.0
2.85,0.0,0.0,0.0
2.9,0.0,0.0,0.0
2.95,0.0,0.0,0.0
3.0,0.0,0.0,0.0
3.05,0.0,0.0,0.0
3.1,0.0,0.0,0.0
3.15,0.0,0.0,0.0
3.2,0.0,0.0,0.0
3.25,0.0,0.0,0.0
3.3,0.0,0.0,0.0
3.35,0.0,0.0,0.0
3.4,0.0,0.0,0.0
3.45,0.0,0.0,0.0
3.5,0.0,0.0,0.0
3.55,0.0,0.0,0.0
3.6,0.0,0.0,0.0
3.65,0.0,0.0,0.0
3.7,0.0,0.0,0.0
3.75,0.0,0.0,0.0
3.8,0.0,0.0,0.0
3.85,0.0,0.0,0.0
3.9,0.0,0.0,0.0
3.95,0.0,0.0,0.0
4.0,0.0,0.0,0.0
4.05,0.0,0.0,0.0
4.1,0.0,0.0,0.0
4.15,0.0,0.0,0.0
4.2,0.0,0.0,0.0
4.25,0.0,0.0,0.0
4.3,0.0,0.0,0.0
4.35,0.0,0.0,0.0
4.4,0.0,0.0,0.0
4.45,0.0,0.0,0.0
4.5,0.0,0.0,0.0
4.55,0.0,0.0,0.0
4.6,0.0,0.0,0.0
4.65,0.0,0.0,0.0
4.7,0.0,0.0,0.0
4.75,0.0,0.0,0.0
4.8,0.0,0.0,0.0
4.85,0.0,0.0,0.0
4.9,0.0,0.0,0.0
4.95,0.0,0.0,0.0
5.0,0.0,0.0,0.0
5.05,0.0,0.0,0.0
5.1,0.0,0.0,0.0
5.15,0.0,0.0,0.0
5.2,0.0,0.0,0.0
5.25,0.0,0.0,0.0
5.3,0.0,0.0,0.0
5.35,0.0,0.0,0.0
5.4,0.0,0.0,0.0
5.45,0.0,0.0,0.0
5.5,0.0,0.0,0.0
5.55,0.0,0.0,0.0
5.6,0.0,0.0,0.0
5.65,0.0,0.0,0.0
5.7,0.0,0.0,0.0
5.75,0.0,0.0,0.0
5.8,0.0,0.0,0.0
5.85,0.0,0.0,0.0
5.9,0.0,0.0,0.0
5.95,0.0,0.0,0.0
6.0,0.0,0.0,0.0
6.05,0.0,0.0,0.0
6.1,0.0,0.0,0.0
6.15,0.0,0.0,0.0
6.2,0.0,0.0,0.0
6.25,0.0,0.0,0.0
6.3,0.0,0.0,0.0
6.35,0.0,0.0,0.0
6.4,0.0,0.0,0.0
6.45,0.0,0.0,0.0
6.5,0.0,0.0,0.0
6.55,0.0,0.0,0.0
6.6,0.0,0.0,0.0
6.65,0.0,0.0,0.0
6.7,0.0,0.0,0.0
6.75,0.0,0.0,0.0
6.8,0.0,0.0,0.0
6.85,0.0,0.0,0.0
6.9,0.0,0.0,0.0
6.95,0.0,0.0,0.0
7.0,0.0,0.0,0.0
7.05,0.0,0.0,0.0
7.1,0.0,0.0,0.0
7.15,0.0,0.0,0.0
7.2,0.0,0.0,0.0
7.25,0.0,0.0,0.0
7.3,0.0,0.0,0.0
7.35,0.0,0.0,0.0
7.4,0.0,0.0,0.0
7.45,0.0,0.0,0.0
7.5,0.0,0.0,0.0
7.55,0.0,0.0,0.0
7.6,0.0,0.0,0.0
7.65,0.0,0.0,0.0
7.7,0.0,0.0,0.0
7.75,0.0,0.0,0.0
7.8,0.0,0.0,0.0
7.85,0.0,0.0,0.0
7.9,0.0,0.0,0.0
7.95,0.0,0.0,0.0
8.0,0.0,0.0,0.0
8.05,0.0,0.0,0.0
8.1,0.0,0.0,0.0
8.15,0.0,0.0,0.0
8.2,0.0,0.0,0.0
8.25,0.0,0.0,0.0
8.3,0.0,0.0,0.0
8.35,0.0,0.0,0.0
8.4,0.0,0.0,0.0
8.45,0.0,0.0,0.0
8.5,0.0,0.0,0.0
8.55,0.0,0.0,0.0
8.6,0.0,0.0,0.0
8.65,0.0,0.0,0.0
8.7,0.0,0.0,0.0
8.75,0.0,0.0,0.0
8.8,0.0,0.0,0.0
8.85,0.0,0.0,0.0
8.9,0.0,0.0,0.0
8.95,0.0,0.0,0.0
9.0,0.0,0.0,0.0
9.05,0.0,0.0,0.0
9.1,0.0,0.0,0.0
9.15,0.0,0.0,0.0
9.2,0.0,0.0,0.0
9.25,0.0,0.0,0.0
9.3,0.0,0.0,0.0
9.35,0.0,0.0,0.0
9.4,0.0,0.0,0.0
9.45,0.0,0.0,0.0
9.5,0.0,0.0,0.0
9.55,0.0,0.0,0.0
9.6,0.0,0.0,0.0
9.65,0.0,0.0,0.0
9.7,0.0,0.0,0.0
9.75,0.0,0.0,0.0
9.8,0.0,0.0,0.0
9.85,0.0,0.0,0.0
9.9,0.0,0.0,0.0
9.95,0.0,0.0,0.0
10.0,0.0,0.0,0.0
10.05,0.0,0.0,0.0
10.1,0.0,0.0,0.0
10.15,0.0,0.0,0.0
10.2,0.0,0.0,0.0
10.25,0.0,0.0,0.0
10.3,0.0,0.0,0.0
10.35,0.0,0.0,0.0
10.4,0.0,0.0,0.0
10.45,0.0,0.0,0.0
10.5,0.0,0.0,0.0
10.55,0.0,0.0,0.0
10.6,0.0,0.0,0.0
10.65,0.0,0.0,0.0
10.7,0.0,0.0,0.0
10.75,0.0,0.0,0.0
10.8,0.0,0.0,0.0
10.85,0.0,0.0,0.0
10.9,0.0,0.0,0.0
10.95,0.0,0.0,0.0
11.0,0.0,0.0,0.0
11.05,0.0,0.0,0.0
11.1,0.0,0.0,0.0
11.15,0.0,0.0,0.0
11.2,0.0,0.0,0.0
11.25,0.0,0.0,0.0
11.3,0.0,0.0,0.0
11.35,0.0,0.0,0.0
11.4,0.0,0.0,0.0
11.45,0.0,0.0,0.0
11.5,0.0,0.0,0.0
11.55,0.0,0.0,0.0
11.6,0.0,0.0,0.0
11.65,0.0,0.0,0.0
11.7,0.0,0.0,0.0
11.75,0.0,0.0,0.0
11.8,0.0,0.0,0.0
11.85,0.0,0.0,0.0
11.9,0.0,0.0,0.0
11.95,0.0,0.0,0.0
12.0,0.0,0.0,0.0
12.05,0.0,0.0,0.0
12.1,0.0,0.0,0.0
12.15,0.0,0.0,0.0
12.2,0.0,0.0,0.0
12.25,0.0,0.0,0.0
12.3,0.0,0.0,0.0
12.35,0.0,0.0,0.0
12.4,0.0,0.0,0.0
12.45,0.0,0.0,0.0
12.5,0.0,0.0,0.0
12.55,0.0,0.0,0.0
12.6,0.0,0.0,0.0
12.65,0.0,0.0,0.0
12.7,0.0,0.0,0.0
12.75,0.0,0.0,0.0
12.8,0.0,0.0,0.0
12.85,0.0,0.0,0.0
12.9,0.0,0.0,0.0
12.95,0.0,0.0,0.0
13.0,0.0,0.0,0.0
13.05,0.0,0.0,0.0
13.1,0.0,0.0,0.0
13.15,0.0,0.0,0.0
13.2,0.0,0.0,0.0
13.25,0.0,0.0,0.0
13.3,0.0,0.0,0.0
13.35,0.0,0.0,0.0
13.4,0.0,0.0,0.0
13.45,0.0,0.0,0.0
13.5,0.0,0.0,0.0
13.55,0.0,0.0,0.0
13.6,0.0,0.0,0.0
13.65,0.0,0.0,0.0
13.7,0.0,0.0,0.0
13.75,0.0,0.0,0.0
13.8,0.0,0.0,0.0
13.85,0.0,0.0,0.0
13.9,0.0,0.0,0.0
13.95,0.0,0.0,0.0
14.0,0.0,0.0,0.0
14.05,0.0,0.0,0.0
14.1,0.0,0.0,0.0
14.15,0.0,0.0,0.0
14.2,0.0,0.0,0.0
14.25,0.0,0.0,0.0
14.3,0.0,0.0,0.0
14.35,0.0,0.0,0.0
14.4,0.0,0.0,0.0
14.45,0.0,0.0,0.0
14.5,0.0,0.0,0.0
14.55,0.0,0.0,0.0
14.6,0.0,0.0,0.0
14.65,0.0,0.0,0.0
14.7,0.0,0.0,0.0
14.75,0.0,0.0,0.0
14.8,0.0,0.0,0.0
14.85,0.0,0.0,0.0
14.9,0.0,0.0,0.0
14.95,0.0,0.0,0.0
15.0,0.0,0.0,0.0
15.05,0.0,0.0,0.0
15.1,0.0,0.0,0.0
15.15,0.0,0.0,0.0
15.2,0.0,0.0,0.0
15.25,0.0,0.0,0.0
15.3,0.0,0.0,0.0
15.35,0.0,0.0,0.0
15.4,0.0,0.0,0.0
15.45,0.0,0.0,0.0
15.5,0.0,0.0,0.0
15.55,0.0,0.0,0.0
15.6,0.0,0.0,0.0
15.65,0.0,0.0,0.0
15.7,0.0,0.0,0.0
15.75,0.0,0.0,0.0
15.8,0.0,0.0,0.0
15.85,0.0,0.0,0.0
15.9,0.0,0.0,0.0
15.95,0.0,0.0,0.0
16.0,0.0,0.0,0.0
16.05,0.0,0.0,0.0
16.1,0.0,0.0,0.0
16.15,0.0,0.0,0.0
16.2,0.0,0.0,0.0
16.25,0.0,0.0,0.0
16.3,0.0,0.0,0.0
16.35,0.0,0.0,0.0
16.4,0.0,0.0,0.0
16.45,0.0,0.0,0.0
16.5,0.0,0.0,0.0
16.55,0.0,0.0,0.0
16.6,0.0,0.0,0.0
16.65,0.0,0.0,0.0
16.7,0.0,0.0,0.0
16.75,0.0,0.0,0.0
16.8,0.0,0.0,0.0
16.85,0.0,0.0,0.0
16.9,0.0,0.0,0.0
16.95,0.0,0.0,0.0
17.0,0.0,0.0,0.0
17.05,0.0,0.0,0.0
17.1,0.0,0.0,0.0
17.15,0.0,0.0,0.0
17.2,0.0,0.0,0.0
17.25,0.0,0.0,0.0
17.3,0.0,0.0,0.0
17.35,0.0,0.0,0.0
17.4,0.0,0.0,0.0
17.45,0.0,0.0,0.0
17.5,0.0,0.0,0.0
17.55,0.0,0.0,0.0
17.6,0.0,0.0,0.0
17.65,0.0,0.0,0.0
17.7,0.0,0.0,0.0
17.75,0.0,0.0,0.0
17.8,0.0,0.0,0.0
17.85,0.0,0.0,0.0
17.9,0.0,0.0,0.0
17.95,0.0,0.0,0.0
18.0,0.0,0.0,0.0
18.05,0.0,0.0,0.0
18.1,0.0,0.0,0.0
18.15,0.0,0.0,0.0
18.2,0.0,0.0,0.0
18.25,0.0,0.0,0.0
18.3,0.0,0.0,0.0
18.35,0.0,0.0,0.0
18.4,0.0,0.0,0.0
18.45,0.0,0.0,0.0
18.5,0.0,0.0,0.0
18.55,0.0,0.0,0.0
18.6,0.0,0.0,0.0
18.65,0.0,0.0,0.0
18.7,0.0,0.0,0.0
18.75,0.0,0.0,0.0
18.8,0.0,0.0,0.0
18.85,0.0,0.0,0.0
18.9,0.0,0.0,0.0
18.95,0.0,0.0,0.0
19.0,0.0,0.0,0.0
19.05,0.0,0.0,0.0
19.1,0.0,0.0,0.0
19.15,0.0,0.0,0.0
19.2,0.0,0.0,0.0
19.25,0.0,0.0,0.0
19.3,0.0,0.0,0.0
19.35,0.0,0.0,0.0
19.4,0.0,0.0,0.0
19.45,0.0,0.0,0.0
19.5,0.0,0.0,0.0
19.55,0.0,0.0,0.0
19.6,0.0,0.0,0.0
19.65,0.0,0.0,0.0
19.7,0.0,0.0,0.0
19.75,0.0,0.0,0.0
19.8,0.0,0.0,0.0
19.85,0.0,0.0,0.0
19.9,0.0,0.0,0.0
19.95,0.0,0.0,0.0
20.0,0.0,0.0,0.0
20.05,0.0,0.0,0.0
20.1,0.0,0.0,0.0
20.15,0.0,0.0,0.0
20.2,0.0,0.0,0.0
20.25,0.0,0.0,0.0
20.3,0.0,0.0,0.0
20.35,0.0,0.0,0.0
20.4,0.0,0.0,0.0
20.45,0.0,0.0,0.0
20.5,0.0,0.0,0.0
20.55,0.0,0.0,0.0
20.6,0.0,0.0,0.0
20.65,0.0,0.0,0.0
20.7,0.0,0.0,0.0
20.75,0.0,0.0,0.0
20.8,0.0,0.0,0.0
20.85,0.0,0.0,0.0
20.9,0.0,0.0,0.0
20.95,0.0,0.0,0.0
21.0,0.0,0.0,0.0
21.05,0.0,0.0,0.0
21.1,0.0,0.0,0.0
21.15,0.0,0.0,0.0
21.2,0.0,0.0,0.0
21.25,0.0,0.0,0.0
21.3,0.0,0.0,0.0
21.35,0.0,0.0,0.0
21.4,0.0,0.0,0.0
21.45,0.0,0.0,0.0
21.5,0.0,0.0,0.0
21.55,0.0,0.0,0.0
21.6,0.0,0.0,0.0
21.65,0.0,0.0,0.0
21.7,0.0,0.0,0.0
21.75,0.0,0.0,0.0
21.8,0.0,0.0,0.0
21.85,0.0,0.0,0.0
21.9,0.0,0.0,0.0
21.95,0.0,0.0,0.0
22.0,0.0,0.0,0.0
22.05,0.0,0.0,0.0
22.1,0.0,0.0,0.0
22.15,0.0,0.0,0.0
22.2,0.0,0.0,0.0
22.25,0.0,0.0,0.0
22.3,0.0,0.0,0.0
22.35,0.0,0.0,0.0
22.4,0.0,0.0,0.0
22.45,0.0,0.0,0.0
22.5,0.0,0.0,0.0
22.55,0.0,0.0,0.0
22.6,0.0,0.0,0.0
22.65,0.0,0.0,0.0
22.7,0.0,0.0,0.0
22.75,0.0,0.0,0.0
22.8,0.0,0.0,0.0
22.85,0.0,0.0,0.0
22.9,0.0,0.0,0.0
22.95,0.0,0.0,0.0
23.0,0.0,0.0,0.0
23.05,0.0,0.0,0.0
23.1,0.0,0.0,0.0
23.15,0.0,0.0,0.0
23.2,0.0,0.0,0.0
23.25,0.0,0.0,0.0
23.3,0.0,0.0,0.0
23.35,0.0,0.0,0.0
23.4,0.0,0.0,0.0
23.45,0.0,0.0,0.0
23.5,0.0,0.0,0.0
23.55,0.0,0.0,0.0
23.6,0.0,0.0,0.0
23.65,0.0,0.0,0.0
23.7,0.0,0.0,0.0
23.75,0.0,0.0,0.0
23.8,0.0,0.0,0.0
23.85,0.0,0.0,0.0
23.9,0.0,0.0,0.0
23.95,0.0,0.0,0.0
24.0,0.0,0.0,0.0
24.05,0.0,0.0,0.0
24.1,0.0,0.0,0.0
24.15,0.0,0.0,0.0
24.2,0.0,0.0,0.0
24.25,0.0,0.0,0.0
24.3,0.0,0.0,0.0
24.35,0.0,0.0,0.0
24.4,0.0,0.0,0.0
24.45,0.0,0.0,0.0
24.5,0.0,0.0,0.0
24.55,0.0,0.0,0.0
24.6,0.0,0.0,0.0
24.65,0.0,0.0,0.0
24.7,0.0,0.0,0.0
24.75,0.0,0.0,0.0
24.8,0.0,0.0,0.0
24.85,0.0,0.0,0.0
24.9,0.0,0.0,0.0
24.95,0.0,0.0,0.0
25.0,0.0,0.0,0.0
25.05,0.0,0.0,0.0
25.1,0.0,0.0,0.0
25.15,0.0,0.0,0.0
25.2,0.0,0.0,0.0
25.25,0.0,0.0,0.0
25.3,0.0,0.0,0.0
25.35,0.0,0.0,0.0
25.4,0.0,0.0,0.0
25.45,0.0,0.0,0.0
25.5,0.0,0.0,0.0
25.55,0.0,0.0,0.0
25.6,0.0,0.0,0.0
25.65,0.0,0.0,0.0
25.7,0.0,0.0,0.0
25.75,0.0,0.0,0.0
25.8,0.0,0.0,0.0
25.85,0.0,0.0,0.0
25.9,0.0,0.0,0.0
25.95,0.0,0.0,0.0
26.0,0.0,0.0,0.0
26.05,0.0,0.0,0.0
26.1,0.0,0.0,0.0
26.15,0.0,0.0,0.0
26.2,0.0,0.0,0.0
26.25,0.0,0.0,0.0
26.3,0.0,0.0,0.0
26.35,0.0,0.0,0.0
26.4,0.0,0.0,1.71430967266e-16
26.45,0.0,0.0,0.000231659904897
26.5,0.0,0.0,0.000409865507858
26.55,0.0,0.0,0.000661643947288
26.6,0.0,0.0,0.000853280085746
26.65,0.0,0.0,0.00099801118828
26.7,0.0,0.0,0.00110635894733
26.75,0.0,0.0,0.00118660549139
26.8,0.0,0.0,0.00135722845059
26.85,0.0,0.0,0.00159420287721
26.9,0.0,0.0,0.00176830164743
26.95,0.0,0.0,0.00189383219903
27.0,0.0,0.0,0.00208957958898
27.05,0.0,0.0,0.00222838497438
27.1,0.0,0.0,0.00232356926852
27.15,0.0,0.0,0.0023855466926
27.2,0.0,0.0,0.00242239305694
27.25,0.0,0.0,0.00244033216814
27.3,0.0,0.0,0.00244413741443
27.35,0.0,0.0,0.00243745646833
27.4,0.0,0.0,0.00242167861973
27.45,0.0,0.0,0.00239337876239
27.5,0.0,0.0,0.00236112146271
27.55,0.0,0.0,0.00232334426238
27.6,0.0,0.0,0.00228458303647
27.65,0.0,0.0,0.00224541823543
27.7,0.0,0.0,0.00220627724945
27.75,0.0,0.0,0.00216684840332
27.8,0.0,0.0,0.00212425161698
27.85,0.0,0.0,0.00216267747095
27.9,0.0,0.0,0.00217996363477
27.95,0.0,0.0,0.0021809842765
28.0,0.0,0.0,0.00216755510206
28.05,0.0,0.0,0.00214608449041
28.1,0.0,0.0,0.00211893360092
28.15,0.0,0.0,0.0020878835608
28.2,0.0,0.0,0.0021291870564
28.25,0.0,0.0,0.00214845182739
28.3,0.0,0.0,0.00215137677758
28.35,0.0,0.0,0.00214231750607
28.4,0.0,0.0,0.00212458529083
28.45,0.0,0.0,0.00210069500553
28.5,0.0,0.0,0.00207253687447
28.55,0.0,0.0,0.00204153198702
28.6,0.0,0.0,0.00200874044184
28.65,0.0,0.0,0.00204048394989
28.7,0.0,0.0,0.00205381582549
28.75,0.0,0.0,0.00205353167235
28.8,0.0,0.0,0.00204284024069
28.85,0.0,0.0,0.00202270330335
28.9,0.0,0.0,0.00199774734531
28.95,0.0,0.0,0.00196953267477
29.0,0.0,0.0,0.00193922200911
29.05,0.0,0.0,0.00190768217539
29.1,0.0,0.0,0.00187555267019
29.15,0.0,0.0,0.00184289007348
29.2,0.0,0.0,0.00186445139453
29.25,0.0,0.0,0.00187135002402
29.3,0.0,0.0,0.00186745691738
29.35,0.0,0.0,0.00185572628748
29.4,0.0,0.0,0.00183839506118
29.45,0.0,0.0,0.00181715972591
29.5,0.0,0.0,0.00179483382058
29.55,0.0,0.0,0.00178313780717
29.6,0.0,0.0,0.00176662415878
29.65,0.0,0.0,0.00174517667421
29.7,0.0,0.0,0.00172185205772
29.75,0.0,0.0,0.00169738912742
29.8,0.0,0.0,0.00167233882693
29.85,0.0,0.0,0.00164831567916
29.9,0.0,0.0,0.00164112907846
29.95,0.0,0.0,0.00162966726894
30.0,0.0,0.0,0.00161518606088
30.05,0.0,0.0,0.00159863611181
30.1,0.0,0.0,0.00158073009345
30.15,0.0,0.0,0.00156167652311
30.2,0.0,0.0,0.00154055409503
30.25,0.0,0.0,0.00151945514326
30.3,0.0,0.0,0.00149857395843
30.35,0.0,0.0,0.00147804952586
30.4,0.0,0.0,0.0014579749454
30.45,0.0,0.0,0.00143841595253
30.5,0.0,0.0,0.00141933768221
30.55,0.0,0.0,0.00139920895793
30.6,0.0,0.0,0.00138070129174
30.65,0.0,0.0,0.00138057771465
30.7,0.0,0.0,0.00137643238329
30.75,0.0,0.0,0.00136935722093
30.8,0.0,0.0,0.00136018716447
30.85,0.0,0.0,0.00134945085817
30.9,0.0,0.0,0.00133617538809
30.95,0.0,0.0,0.00132236400929
31.0,0.0,0.0,0.00130916080646
31.05,0.0,0.0,0.00131323397985
31.1,0.0,0.0,0.00131282342938
31.15,0.0,0.0,0.00131106574262
31.2,0.0,0.0,0.00133555499513
31.25,0.0,0.0,0.00135075241387
31.3,0.0,0.0,0.00135893120694
31.35,0.0,0.0,0.00136184722693
31.4,0.0,0.0,0.00136085150599
31.45,0.0,0.0,0.00135697759449
31.5,0.0,0.0,0.00135101623537
31.55,0.0,0.0,0.00134357088259
31.6,0.0,0.0,0.00133498010624
31.65,0.0,0.0,0.00132427231637
31.7,0.0,0.0,0.00131323016133
31.75,0.0,0.0,0.00130203727265
31.8,0.0,0.0,0.00129083188867
31.85,0.0,0.0,0.00127971473489
31.9,0.0,0.0,0.00126875879831
31.95,0.0,0.0,0.00125801411098
32.0,0.0,0.0,0.00124740002504
32.05,0.0,0.0,0.00123566629689
32.1,0.0,0.0,0.00122429356124
32.15,0.0,0.0,0.00121308907827
32.2,0.0,0.0,0.00119946932695
32.25,0.0,0.0,0.00118633621207
32.3,0.0,0.0,0.00117366546706
32.35,0.0,0.0,0.00116143362384
32.4,0.0,0.0,0.0011496187382
32.45,0.0,0.0,0.00113880222986
32.5,0.0,0.0,0.00114872063591
32.55,0.0,0.0,0.00115384699671
32.6,0.0,0.0,0.00115535741203
32.65,0.0,0.0,0.00115416221692
32.7,0.0,0.0,0.00115165771547
32.75,0.0,0.0,0.00116556670143
32.8,0.0,0.0,0.00117386122378
32.85,0.0,0.0,0.00117790459276
32.9,0.0,0.0,0.00117960060514
32.95,0.0,0.0,0.00119355262611
33.0,0.0,0.0,0.00121459942502
33.05,0.0,0.0,0.00122842912846
33.1,0.0,0.0,0.00123677022309
33.15,0.0,0.0,0.00124096432182
33.2,0.0,0.0,0.00124204815329
33.25,0.0,0.0,0.00124081430966
33.3,0.0,0.0,0.00123787357297
33.35,0.0,0.0,0.00123369319313
33.4,0.0,0.0,0.0012286306472
33.45,0.0,0.0,0.00122281257033
33.5,0.0,0.0,0.0012152783279
33.55,0.0,0.0,0.00120757286447
33.6,0.0,0.0,0.00119980228099
33.65,0.0,0.0,0.00119204698797
33.7,0.0,0.0,0.00118526471867
33.75,0.0,0.0,0.00118538864944
33.8,0.0,0.0,0.00118362364513
33.85,0.0,0.0,0.00118046838505
33.9,0.0,0.0,0.00117620873513
33.95,0.0,0.0,0.00116983804045
34.0,0.0,0.0,0.00116173026837
34.05,0.0,0.0,0.00115341688604
34.1,0.0,0.0,0.00114501130173
34.15,0.0,0.0,0.00113659924085
34.2,0.0,0.0,0.00112824347459
34.25,0.0,0.0,0.00111998850992
34.3,0.0,0.0,0.00111186474271
34.35,0.0,0.0,0.00110389399594
34.4,0.0,0.0,0.00109609136977
34.45,0.0,0.0,0.00108926929739
34.5,0.0,0.0,0.00109612454074
34.55,0.0,0.0,0.00109976886348
34.6,0.0,0.0,0.001100981789
34.65,0.0,0.0,0.00110036582363
34.7,0.0,0.0,0.00109832734988
34.75,0.0,0.0,0.00109480361132
34.8,0.0,0.0,0.00110319720796
34.85,0.0,0.0,0.00110793339838
34.9,0.0,0.0,0.00110989842084
34.95,0.0,0.0,0.00110977677354
35.0,0.0,0.0,0.00110809651277
35.05,0.0,0.0,0.00110526120212
35.1,0.0,0.0,0.00110158064322
35.15,0.0,0.0,0.00109729256984
35.2,0.0,0.0,0.00109257891459
35.25,0.0,0.0,0.00108757968959
35.3,0.0,0.0,0.00108239693998
35.35,0.0,0.0,0.00107710971227
35.4,0.0,0.0,0.00107177794991
35.45,0.0,0.0,0.00106634670127
35.5,0.0,0.0,0.0010596290011
35.55,0.0,0.0,0.00105302386171
35.6,0.0,0.0,0.00104654085638
35.65,0.0,0.0,0.0010401863659
35.7,0.0,0.0,0.00103396422063
35.75,0.0,0.0,0.0010277838805
35.8,0.0,0.0,0.00102040155203
35.85,0.0,0.0,0.00101320231759
35.9,0.0,0.0,0.00100617793339
35.95,0.0,0.0,0.000999870821684
36.0,0.0,0.0,0.00101462784398
36.05,0.0,0.0,0.00102440675181
36.1,0.0,0.0,0.00103037049887
36.15,0.0,0.0,0.00103342314644
36.2,0.0,0.0,0.00103426542338
36.25,0.0,0.0,0.00103428066379
36.3,0.0,0.0,0.0010468977915
36.35,0.0,0.0,0.00105514025731
36.4,0.0,0.0,0.0010600392386
36.45,0.0,0.0,0.00106239521729
36.5,0.0,0.0,0.00106282765598
36.55,0.0,0.0,0.0010618120337
36.6,0.0,0.0,0.00105971500935
36.65,0.0,0.0,0.0010568189452
36.7,0.0,0.0,0.00105334083991
36.75,0.0,0.0,0.00104944805706
36.8,0.0,0.0,0.00104526641102
36.85,0.0,0.0,0.00104089102252
36.9,0.0,0.0,0.00103639503305
36.95,0.0,0.0,0.00103275793532
37.0,0.0,0.0,0.0010360162177
37.05,0.0,0.0,0.00103727681039
37.1,0.0,0.0,0.00103702595833
37.15,0.0,0.0,0.00103563920895
37.2,0.0,0.0,0.00103340608351
37.25,0.0,0.0,0.00103044700848
37.3,0.0,0.0,0.00102564830298
37.35,0.0,0.0,0.00102058242673
37.4,0.0,0.0,0.00101534271684
37.45,0.0,0.0,0.00101000063889
37.5,0.0,0.0,0.00100461074953
37.55,0.0,0.0,0.00099921108145
37.6,0.0,0.0,0.000994143702008
37.65,0.0,0.0,0.001017618314
37.7,0.0,0.0,0.00103486872345
37.75,0.0,0.0,0.00106545530406
37.8,-1.62539101418e-14,-2.83800306507e-15,0.00108731567058
37.85,-0.00601116023252,-6.57334932149e-05,0.00110245805652
37.9,-0.0116316707538,-0.000132140026434,0.00113841076025
37.95,-0.0168611783653,-0.000199844810824,0.00119422960775
38.0,-0.0217085708819,-0.0002696021522,0.0012668781145
38.05,-0.0261826982685,-0.000342520260659,0.00135599463955
38.1,-0.0302965747689,-0.000418641377222,0.00146060676547
38.15,-0.0340651347346,-0.000499124197652,0.00160125579189
38.2,-0.0375046652686,-0.000584266658383,0.00175020629913
38.25,-0.0406337201789,-0.00067434159408,0.00190728556863
38.3,-0.0434681277897,-0.00077023423061,0.00210535746352
38.35,-0.0460299381122,-0.000871576867757,0.00230407788946
38.4,-0.0483351179617,-0.000979157959675,0.00250281952128
38.45,-0.0504026704666,-0.0010931665529,0.00270094878534
38.5,-0.0522485354608,-0.00121346457997,0.0028978749949
38.55,-0.0538896418151,-0.00134085025958,0.00309304385082
38.6,-0.0553414682395,-0.00147478734235,0.0032853984734
38.65,-0.056618747544,-0.00161581745828,0.00347107392269
38.7,-0.0577356972692,-0.00176409617027,0.00365619369854
38.75,-0.0587051775925,-0.00191899269187,0.00386433075138
38.8,-0.05803579139,-0.00198075370126,0.0040634257752
38.85,-0.0568562152301,-0.00204018421048,0.00424669980493
38.9,-0.0557319872002,-0.0020971004253,0.00441311371132
38.95,-0.0546592784396,-0.00215153259248,0.00456419912063
39.0,-0.0536345869305,-0.00220348999449,0.00470135454569
39.05,-0.0526547061354,-0.00225310120327,0.0048258367411
39.1,-0.0517167053646,-0.00230030959828,0.00493827588454
39.15,-0.0508178420729,-0.0023452710684,0.00503428865498
39.2,-0.0499551645317,-0.00238806614235,0.00512066992019
39.25,-0.0491264157571,-0.00242874564404,0.00519760912379
39.3,-0.0483294552339,-0.00246737909752,0.00526194765037
39.35,-0.0475620182598,-0.00250415082234,0.00544020692935
39.4,-0.0468312771786,-0.00253793749254,0.00558477289288
39.45,-0.0461331579781,-0.00256907759162,0.00570168519242
39.5,-0.0454642625954,-0.0025978440342,0.00579588386983
39.55,-0.0448217188415,-0.00262451375807,0.00587138599578
39.6,-0.0442031059673,-0.00264922650433,0.00593145098011
39.65,-0.043606354129,-0.0026721651024,0.00597873271731
39.7,-0.0430296854326,-0.00269348025061,0.00601500115603
39.75,-0.042471534996,-0.00271330033623,0.00603527313818
39.8,-0.0419300801649,-0.00273179643033,0.0060482118428
39.85,-0.0414043828914,-0.00274905388891,0.00605492862462
39.9,-0.0408932140511,-0.00276521290013,0.0060563449123
39.95,-0.0403956728964,-0.00278031250838,0.00605778068123
40.0,-0.0399112427524,-0.00279433336248,0.00612723044273
40.05,-0.039443821882,-0.0028067230241,0.00617580088003
40.1,-0.0389913891736,-0.00281766921317,0.00620780685907
40.15,-0.0385523000672,-0.00282738044104,0.00622666836403
40.2,-0.0381252152573,-0.00283598139314,0.00623505535159
40.25,-0.0377090270275,-0.00284366987789,0.00623509705109
40.3,-0.0373028179674,-0.00285045669907,0.00623244008325
40.35,-0.0369060599374,-0.00285645305237,0.00628292893793
40.4,-0.0365216128292,-0.00286118983724,0.00631307034098
40.45,-0.0361477808251,-0.00286483701128,0.00632734579641
40.5,-0.0357832226596,-0.0028675833164,0.00632925363637
40.55,-0.035426872288,-0.00286957707604,0.00632152680464
40.6,-0.035077877428,-0.00287093538569,0.00630629602306
40.65,-0.0347355518312,-0.00287175562382,0.00628523424887
40.7,-0.034399338832,-0.00287212388967,0.00625962293174
40.75,-0.0340687821393,-0.00287207682698,0.00623048398941
40.8,-0.03374350486,-0.00287166338241,0.00619860100216
40.85,-0.0334233586691,-0.0028709235287,0.00616458610652
40.9,-0.0331079045292,-0.00286989051977,0.00612891329148
40.95,-0.032796913943,-0.0028685917761,0.00609141809188
41.0,-0.0324901600296,-0.00286705554058,0.00604842160582
41.05,-0.0321872304798,-0.00286534483803,0.00612401006906
41.1,-0.0318942784154,-0.0028623335288,0.00616938575413
41.15,-0.0316093358647,-0.0028583687373,0.00619156107635
41.2,-0.0313309033413,-0.00285366801583,0.00620185432414
41.25,-0.031058140217,-0.00284835925885,0.00624340031458
41.3,-0.0307924356881,-0.00284215579329,0.00626256266814
41.35,-0.0305324050062,-0.00283528632017,0.00625752648569
41.4,-0.0302766465242,-0.00282809051047,0.00624011673477
41.45,-0.0300244135165,-0.00282060825649,0.00621339456969
41.5,-0.0297751504701,-0.00281292988797,0.0061797183708
41.55,-0.0295284437554,-0.00280517515501,0.00614533459883
41.6,-0.0292841986147,-0.00279737061872,0.00618549235221
41.65,-0.0290458940468,-0.00278875464491,0.00620274648615
41.7,-0.0288122398693,-0.00277959841542,0.00620258415445
41.75,-0.0285822672988,-0.00277012344807,0.00619402570623
41.8,-0.0283554757004,-0.0027603270987,0.00624321690691
41.85,-0.0281345461656,-0.00274978390813,0.00626737725558
41.9,-0.0279179927173,-0.00273868042469,0.00627250432816
41.95,-0.0277048159895,-0.00272723123582,0.0062687039679
42.0,-0.0274945132544,-0.00271553946157,0.00630028553471
42.05,-0.0272885531793,-0.00270326058529,0.00630429658497
42.1,-0.0270855860213,-0.00269070112135,0.0062932062137
42.15,-0.0268848724282,-0.00267798143575,0.0062708125285
42.2,-0.0266858704853,-0.00266522610769,0.00623971549633
42.25,-0.0264881793963,-0.00265252455733,0.00619948958497
42.3,-0.0262913983121,-0.00263993666111,0.0062325288985
42.35,-0.026098562065,-0.00262684419882,0.00624234631469
42.4,-0.0259085814227,-0.00261339748784,0.00623467169058
42.45,-0.0257206605968,-0.00259988131804,0.00621391731968
42.5,-0.0255342184851,-0.00258628943245,0.00618847579323
42.55,-0.025349041254,-0.00257278445945,0.00637985556556
42.6,-0.0251736578809,-0.00255735884864,0.00649993077676
42.65,-0.0250048798182,-0.00254069638192,0.00657112065293
42.7,-0.0248405578676,-0.00252334057558,0.00660530850131
42.75,-0.0246791127845,-0.00250559857796,0.00661124439944
42.8,-0.0245193758774,-0.0024877160003,0.00658993373389
42.85,-0.024360401602,-0.00246993884778,0.00655374709072
42.9,-0.024201513508,-0.00245240496386,0.00650678283493
42.95,-0.0240423414312,-0.00243526104551,0.00645185084629
43.0,-0.0238826331449,-0.0024185020761,0.00638527834229
43.05,-0.023722020407,-0.00240221622644,0.00631558152033
43.1,-0.0235604594902,-0.0023864326578,0.0062440642004
43.15,-0.023397957871,-0.00237121815629,0.00617168686043
43.2,-0.0232345537388,-0.00235648441958,0.00609916559326
43.25,-0.0230703117161,-0.00234222894492,0.00602653191656
43.3,-0.0229052967656,-0.00232853276613,0.00595270758555
43.35,-0.0227395312554,-0.00231528547929,0.00593332705691
43.4,-0.0225749216175,-0.00230209279688,0.00590117256527
43.45,-0.0224110246192,-0.00228905511376,0.00585972806539
43.5,-0.0222475329482,-0.00227618263136,0.00581022590663
43.55,-0.0220841984164,-0.00226367096534,0.00574459989729
43.6,-0.0219205212538,-0.00225151138492,0.00567672881133
43.65,-0.0217564765567,-0.00223980575754,0.0056076495451
43.7,-0.0215920756624,-0.00222850433634,0.00553813391334
43.75,-0.0214273527105,-0.00221763251981,0.005468755007
43.8,-0.02126236085,-0.00220716532501,0.00539992978118
43.85,-0.0210972678031,-0.00219710836418,0.00533194526447
43.9,-0.0209320362672,-0.00218741849768,0.00526861629426
43.95,-0.0207668489207,-0.00217810465374,0.0052600255013
44.0,-0.0206033978749,-0.00216863761523,0.00523848472985
44.05,-0.0204412569584,-0.00215924771307,0.00520741263025
44.1,-0.0202801238929,-0.00214988184797,0.00516940167537
44.15,-0.0201197878164,-0.00214070985231,0.00512643139255
44.2,-0.0199601047601,-0.00213168577498,0.00508001059558
44.25,-0.0198009837665,-0.00212287612236,0.00503128433575
44.3,-0.0196423696018,-0.00211430301373,0.00498077120223
44.35,-0.0194842261491,-0.0021059167399,0.00492408456716
44.4,-0.0193263949601,-0.00209788222337,0.00486737988534
44.45,-0.0191688979062,-0.00209007963436,0.00481463075988
44.5,-0.0190118656885,-0.0020825178937,0.0048074344339
44.55,-0.0188565589231,-0.00207487393834,0.00478907870253
44.6,-0.0187026395587,-0.00206716486317,0.00476646499563
44.65,-0.0185499710171,-0.00205949763025,0.00477179252812
44.7,-0.0183992773816,-0.0020516295943,0.00476370379531
44.75,-0.0182501586181,-0.0020436256448,0.00474559912943
44.8,-0.0181023223002,-0.00203568400556,0.00472009605662
44.85,-0.01795564711,-0.00202774590026,0.00468918770479
44.9,-0.0178098926247,-0.00201990971119,0.00465403490448
44.95,-0.0176649456406,-0.00201222192655,0.0046110886648
45.0,-0.0175206105636,-0.00200467517518,0.00456658588003
45.05,-0.0173768563586,-0.00199736514361,0.00452117594534
45.1,-0.0172336686633,-0.00199024116676,0.00447532820369
45.15,-0.017091046706,-0.00198328134132,0.00442939365495
45.2,-0.0169489979252,-0.0019765765365,0.0043864911968
45.25,-0.0168076033145,-0.00197002326526,0.00439968558399
45.3,-0.0166682006675,-0.00196318976664,0.00440227521604
45.35,-0.0165304914919,-0.00195625000338,0.00443285459006
45.4,-0.016395088659,-0.00194892261352,0.00444531154463
45.45,-0.0162615116082,-0.0019413503966,0.00444379308342
45.5,-0.0161293968424,-0.00193372235448,0.00442719556425
45.55,-0.0159983742557,-0.00192605625001,0.00440325453494
45.6,-0.0158682649222,-0.00191847345207,0.00437372899324
45.65,-0.0157389367877,-0.00191099905475,0.0043355942713
45.7,-0.0156101988307,-0.00190364943721,0.00429502876974
45.75,-0.0154820036142,-0.00189654458501,0.00425288663464
45.8,-0.0153543236057,-0.00188959924422,0.00420981497189
45.85,-0.0152272239353,-0.0018828301921,0.00416629512955
45.9,-0.0151006257687,-0.00187630964108,0.00412268181913
45.95,-0.0149745361752,-0.00186995393053,0.00407924313033
46.0,-0.0148489674631,-0.00186377078677,0.0040361715878
46.05,-0.0147239349737,-0.00185782946186,0.00399360733208
46.1,-0.0145994566502,-0.00185204501597,0.00395164317115
46.15,-0.0144755514455,-0.00184641380846,0.00391034688018
46.2,-0.0143522387739,-0.00184098736947,0.00386938436278
46.25,-0.0142295299583,-0.00183572914542,0.00382714114775
46.3,-0.0141074047651,-0.00183062569062,0.00384224457827
46.35,-0.013986986034,-0.00182526774745,0.00388535732826
46.4,-0.0138687738585,-0.00181954464032,0.00390700183572
46.45,-0.0137522965435,-0.00181353575391,0.00391466752409
46.5,-0.0136372477552,-0.00180733921097,0.00396731209761
46.55,-0.0135244388193,-0.00180072033072,0.00399582604296
46.6,-0.0134133577722,-0.0017937943782,0.00400609061512
46.65,-0.0133036264167,-0.00178668810103,0.00400265338502
46.7,-0.0131949666674,-0.00177958014803,0.00398900601819
46.75,-0.013087177079,-0.00177245040732,0.00396783246685
46.8,-0.0129801136185,-0.00176540940535,0.00394117601712
46.85,-0.0128737389652,-0.00175848714798,0.00391060574147
46.9,-0.012767918848,-0.00175166296948,0.00387729997045
46.95,-0.0126626082096,-0.00174504456978,0.00384216016771
47.0,-0.0125577790022,-0.00173856691006,0.00380848639066
47.05,-0.0124534616122,-0.00173221605323,0.00381490377596
47.1,-0.012350334964,-0.00172580032922,0.003810216704
47.15,-0.0122481905225,-0.00171930957112,0.00379725561513
47.2,-0.0121468763753,-0.0017128280368,0.00378032221313
47.25,-0.0120463177676,-0.00170642660348,0.00380916898486
47.3,-0.0119472500721,-0.00169972938934,0.00381708103928
47.35,-0.0118493010426,-0.00169293684866,0.00380874911019
47.4,-0.011752190392,-0.0016861477937,0.00379153926791
47.45,-0.0116557678825,-0.00167937797386,0.00376746790895
47.5,-0.0115599216677,-0.0016727695346,0.00373485558895
47.55,-0.0114645186869,-0.00166628763732,0.00369921850148
47.6,-0.0113695175729,-0.00165997189782,0.00366157696977
47.65,-0.0112748938041,-0.00165388085774,0.00362270232599
47.7,-0.011180636095,-0.00164795253428,0.00358316574085
47.75,-0.0110867421913,-0.00164221809252,0.00354339749466
47.8,-0.0109932160339,-0.00163670858151,0.00350371372166
47.85,-0.0109001209332,-0.00163136552897,0.00346434696917
47.9,-0.010807413037,-0.00162619165488,0.0034254551085
47.95,-0.0107151056528,-0.00162125329135,0.00338715713562
48.0,-0.010623213409,-0.0016164706291,0.00335206826693
48.05,-0.010531787111,-0.00161182317788,0.00333865956961
48.1,-0.0104411329315,-0.00160719460964,0.00332199317123
48.15,-0.0103511971334,-0.00160262669658,0.00333675194273
48.2,-0.0102624034764,-0.0015978763618,0.00333889884333
48.25,-0.0101745575022,-0.00159302617885,0.00332826199615
48.3,-0.0100874715419,-0.00158820554168,0.00331329120129
48.35,-0.0100010788005,-0.00158342149118,0.00332877449112
48.4,-0.00991577407344,-0.00157845778512,0.00333338470672
48.45,-0.00983139335642,-0.00157339605029,0.00337099223168
48.5,-0.00974834634241,-0.001568085542,0.00339015428571
48.55,-0.00966636460968,-0.00156258099151,0.0033977634514
48.6,-0.00958527966139,-0.00155696148406,0.00342565799489
48.65,-0.00950532941049,-0.00155117790681,0.00343753338663
48.7,-0.0094262895223,-0.00154525323063,0.00343738249339
48.75,-0.00934799530312,-0.00153928539939,0.0034282797788
48.8,-0.00927032691688,-0.00153337630974,0.00341257857754
48.85,-0.00919324474433,-0.00152750025517,0.00339207647123
48.9,-0.00911664173946,-0.00152172701124,0.00336814023418
48.95,-0.00904047639252,-0.00151608421603,0.00334181030388
49.0,-0.00896472169326,-0.00151054019158,0.00331371515685
49.05,-0.00888935908175,-0.00150514938165,0.00328132457197
49.1,-0.00881434149662,-0.00149992992332,0.00324832884574
49.15,-0.00873966651559,-0.00149484879252,0.00321205281923
49.2,-0.00866530155894,-0.00148995267985,0.00317615226825
49.25,-0.00859125627037,-0.00148525557329,0.00314077833317
49.3,-0.00851754182354,-0.00148070907184,0.00310580396751
49.35,-0.00844416743534,-0.00147631081729,0.00306837881151
49.4,-0.0083711108941,-0.00147212334113,0.0030338121216
49.45,-0.00829840805734,-0.00146809658214,0.00302216828231
49.5,-0.008226307728,-0.00146407762325,0.00300493663973
49.55,-0.00815474504122,-0.00146009978583,0.00298346809444
49.6,-0.00808367223317,-0.00145622866048,0.00295605921489
49.65,-0.00801302581114,-0.001452474448,0.0029268604787
49.7,-0.00794278818528,-0.00144883189798,0.00289652666159
49.75,-0.00787294913702,-0.00144530774708,0.00286555390015
49.8,-0.00780350389766,-0.00144191415507,0.00283626497792
49.85,-0.00773450967818,-0.00143867008671,0.00283535692062
49.9,-0.00766620949067,-0.00143537112594,0.00282714652504
49.95,-0.00759852172607,-0.00143206091153,0.00281354229133
50.0,-0.00753138701931,-0.00142877169286,0.00279600151814
50.05,-0.00746476269621,-0.00142553282354,0.00277563982701
50.1,-0.00739861851708,-0.00142239371988,0.00275330169688
50.15,-0.00733293364732,-0.00141932676347,0.0027296286188
50.2,-0.00726769413284,-0.00141633984222,0.00270510268952
50.25,-0.0072028910609,-0.00141343800432,0.00268009096448
50.3,-0.00713851922968,-0.00141062413377,0.00265486388814
50.35,-0.00707457606575,-0.00140791804794,0.00262962674381
50.4,-0.00701106079357,-0.00140531805838,0.0026043570429
50.45,-0.00694797252578,-0.00140280616733,0.00257646390664
50.5,-0.00688528733091,-0.00140039738338,0.00254904251408
50.55,-0.00682300951704,-0.00139808886836,0.00252213477933
50.6,-0.0067611434895,-0.00139587754552,0.00249576257911
50.65,-0.0066996935659,-0.00139376021733,0.00246993794194
50.7,-0.00663866389003,-0.00139173640375,0.00244466219015
50.75,-0.00657805829855,-0.00138982132713,0.00241993509124
50.8,-0.00651788041567,-0.00138798913313,0.00239555352554
50.85,-0.00645816418986,-0.00138623778945,0.0023689015732
50.9,-0.00639885661658,-0.001384580145,0.0023429059303
50.95,-0.00633996239973,-0.00138301491142,0.00231754306789
51.0,-0.006281485749,-0.00138153762828,0.00229278192094
51.05,-0.00622343034499,-0.00138014278737,0.00226859900426
51.1,-0.00616579942411,-0.0013788269667,0.0022449681372
51.15,-0.00610859577274,-0.00137758690997,0.00222186593222
51.2,-0.00605182176827,-0.00137641951054,0.00219926826777
51.25,-0.00599547939082,-0.00137532181546,0.00217715626018
51.3,-0.00593957028047,-0.00137429099524,0.00215550840132
51.35,-0.00588409573172,-0.00137332435867,0.002134311104
51.4,-0.00582905676802,-0.0013724193072,0.00211354151015
51.45,-0.00577445408392,-0.00137157338772,0.00209318765291
51.5,-0.00572028814012,-0.0013707859665,0.00207323021304
51.55,-0.00566655911018,-0.00137005592515,0.00205365621419
51.6,-0.00561326696154,-0.00136937739436,0.0020344497282
51.65,-0.00556041142765,-0.00136874835232,0.0020155968955
51.7,-0.00550799203569,-0.00136816686757,0.00199708275423
51.75,-0.00545600810795,-0.00136763110462,0.00197889668398
51.8,-0.00540445880149,-0.00136713929907,0.00196102530318
51.85,-0.00535336985,-0.00136668977273,0.00194346207373
51.9,-0.00530271278838,-0.00136628092463,0.00192619179556
51.95,-0.00525248630863,-0.00136591121853,0.00190920875053
52.0,-0.0052026889994,-0.00136557915995,0.00189250023197
52.05,-0.00515331930388,-0.00136528333515,0.00187605900762
52.1,-0.00510437556304,-0.00136502237983,0.00185987492538
52.15,-0.00505585600128,-0.00136479499521,0.00184393946273
52.2,-0.00500775874269,-0.00136460051312,0.00182824285258
52.25,-0.00496008180112,-0.00136444136485,0.00181277909531
52.3,-0.00491282312347,-0.00136431272572,0.001797539439
52.35,-0.00486598056805,-0.00136421349452,0.00178252120865
52.4,-0.0048195519479,-0.00136414259182,0.00176771351935
52.45,-0.00477353498223,-0.00136410023432,0.00175311410219
52.5,-0.00472792735281,-0.00136408747924,0.00173871412311
52.55,-0.00468272666512,-0.00136410012095,0.00172450962135
52.6,-0.00463793048827,-0.00136413725101,0.00171049379979
52.65,-0.00459353633636,-0.00136419800462,0.00169666121851
52.7,-0.00454954167962,-0.00136428155251,0.00168300516163
52.75,-0.00450594393964,-0.0013643871079,0.0016695222377
52.8,-0.00446274051163,-0.00136451390722,0.00165620642773
52.85,-0.00441995083993,-0.00136466122486,0.00164305719909
52.9,-0.00437754971445,-0.00136482836667,0.00163006642845
52.95,-0.0043355344448,-0.0013650146622,0.00161723375619
53.0,-0.00429390233906,-0.00136521944609,0.00160455268027
53.05,-0.00425265067035,-0.00136544209275,0.00159202109743
53.1,-0.00421177670346,-0.00136568199117,0.00157963421916
53.15,-0.00417127768128,-0.00136593855995,0.00156738843037
53.2,-0.00413115083298,-0.00136621124039,0.00155527886377
53.25,-0.00409139336873,-0.00136649950333,0.00154330365235
53.3,-0.00405200249728,-0.00136680283196,0.00153145843826
53.35,-0.00401297541376,-0.00136712073575,0.00151974387359
53.4,-0.00397430932713,-0.00136745478184,0.00150815347354
53.45,-0.00393600140786,-0.00136781358255,0.00149668798782
53.5,-0.00389804886056,-0.00136818578752,0.00148534238483
53.55,-0.00386044887446,-0.00136857096167,0.00147411565689
53.6,-0.00382319864723,-0.00136896867666,0.00146300426613
53.65,-0.00378629537283,-0.00136937852527,0.00145200571484
53.7,-0.00374973624766,-0.0013698001153,0.00144111630276
53.75,-0.00371351846548,-0.00137023307624,0.00143033506757
53.8,-0.00367763923158,-0.00137067704348,0.00141965870304
53.85,-0.00364211395347,-0.00137113167161,0.00140908851006
53.9,-0.00360692127177,-0.00137159662868,0.00139861919256
53.95,-0.00357205841418,-0.00137207159186,0.0013882520333
54.0,-0.00353752263223,-0.00137256062473,0.00137798297549
54.05,-0.00350331117225,-0.00137305917523,0.00136781166864
54.1,-0.00346942130137,-0.0013735668014,0.00135773537809
54.15,-0.00343585029284,-0.00137408321377,0.00134775230651
54.2,-0.00340259542789,-0.00137462344738,0.00133785952344
54.25,-0.00336965397441,-0.00137517291321,0.00132805667018
54.3,-0.00333702325208,-0.00137573051367,0.00131834109509
54.35,-0.00330470057754,-0.00137629599765,0.00130871443452
54.4,-0.0032726832944,-0.00137686910413,0.00129917213747
54.45,-0.00324096874641,-0.00137744959777,0.0012897157888
54.5,-0.00320955430424,-0.0013780372335,0.00128034199907
54.55,-0.0031784373442,-0.00137863178513,0.00127105079182
54.6,-0.00314761526304,-0.00137923302565,0.00126183997134
54.65,-0.00311708546865,-0.00137984073993,0.00125270819654
54.7,-0.00308684538389,-0.00138045471977,0.00124365305066
54.75,-0.00305689244242,-0.00138107476991,0.00123467444076
54.8,-0.00302722409834,-0.00138170069472,0.00122577021996
54.85,-0.0085915230755,-0.00146588395865,0.00121694218491
54.9,-0.0137849885222,-0.00155752441591,0.00122082703501
54.95,-0.0186073265715,-0.00165680337326,0.00123599323942
55.0,-0.0230667238622,-0.00176418335843,0.0012610833172
55.05,-0.0271712865263,-0.00188074781311,0.00129483556057
55.1,-0.0309329125021,-0.00200611228095,0.00133607375273
55.15,-0.0343652162189,-0.00214147362163,0.00138371104837
55.2,-0.0374819894073,-0.0022870456043,0.00143675017332
55.25,-0.0403001074286,-0.00244294403659,0.00149427550083
55.3,-0.0428339453159,-0.00261010560465,0.00155545696223
55.35,-0.045101730175,-0.00278805786002,0.00161954326783
55.4,-0.0471181413003,-0.00297767622416,0.00168585193001
55.45,-0.0489008015164,-0.0031791796189,0.00175377863699
55.5,-0.0504646751752,-0.00339210756262,0.00182277458464
55.55,-0.051825712866,-0.00361750920151,0.00189235970224
55.6,-0.0529986454853,-0.00385452651274,0.00196210280577
55.65,-0.0539975797809,-0.0041036529394,0.00203163110137
55.7,-0.0548365003066,-0.00436499326754,0.002100614449
55.75,-0.0555277153633,-0.00463770925157,0.00216876640772
55.8,-0.054717317703,-0.00479423555223,0.00223584304928
55.85,-0.0534415383288,-0.00494802823043,0.00229889521543
55.9,-0.0522161392969,-0.00509801405524,0.00235722065296
55.95,-0.0510385791421,-0.00524408843135,0.00241108936776
56.0,-0.0499063886977,-0.00538615093859,0.00246075509837
56.05,-0.0488173210265,-0.00552407542593,0.00250645394382
56.1,-0.0477692234492,-0.00565785274719,0.00254840791382
56.15,-0.0467600678774,-0.00578746048978,0.00258682732663
56.2,-0.045787943295,-0.00591286425395,0.00262190775184
56.25,-0.0448510484058,-0.00603406388832,0.00265383784311
56.3,-0.0439477140235,-0.00615124293641,0.00268278779561
56.35,-0.0430763028211,-0.00626418383353,0.00270893323667
56.4,-0.0422353305459,-0.00637320384013,0.00273242073286
56.45,-0.0414233362754,-0.00647820781707,0.00275340715977
56.5,-0.0406389944205,-0.00657927008991,0.00277202442247
56.55,-0.0398810249255,-0.00667650495778,0.00278840683256
56.6,-0.0391482167851,-0.00677001519367,0.00280267657254
56.65,-0.0384394236722,-0.00685989313228,0.0028149506998
56.7,-0.0377535603197,-0.00694622157094,0.00282533728159
56.75,-0.0370895988057,-0.00702907470846,0.00283394343634
56.8,-0.0364465656172,-0.00710851888419,0.00284086583012
56.85,-0.0358237172097,-0.00718482180583,0.0028462047866
56.9,-0.0352200055044,-0.00725792828971,0.00285004091544
56.95,-0.0346345829003,-0.00732796420283,0.00285246655627
57.0,-0.034066676919,-0.00739510402955,0.00285355506118
57.05,-0.0335155224672,-0.00745939561409,0.00285338654789
57.1,-0.0329804224892,-0.00752087749545,0.00285202881159
57.15,-0.0324606879064,-0.00757985218447,0.0028495507308
57.2,-0.0319556869309,-0.00763622009101,0.00284601246237
57.25,-0.0314648079216,-0.00769010412732,0.00284147727753
57.3,-0.0309874688423,-0.00774161844579,0.00283600058984
57.35,-0.0305231154168,-0.00779092659498,0.00282964391654
57.4,-0.0300712097613,-0.00783807977916,0.00282245378808
57.45,-0.0296312597712,-0.00788313038193,0.00281448487928
57.5,-0.029202787356,-0.00792616499356,0.00280577965106
57.55,-0.0287853367307,-0.00796726429855,0.002796385512
57.6,-0.0283784737505,-0.00800650337438,0.00278634269037
57.65,-0.0279817845268,-0.00804401332327,0.00277569104426
57.7,-0.0275948809502,-0.0080798400794,0.00276446520792
57.75,-0.0272173785103,-0.0081140246477,0.00275270457787
57.8,-0.0268489184522,-0.00814662268204,0.00274044118869
57.85,-0.0264892909514,-0.00817768614307,0.0027277140616
57.9,-0.0261380325054,-0.00820736802019,0.00271454780804
57.95,-0.0257948364357,-0.00823570831828,0.0027009774489
58.0,-0.0254593994319,-0.008262667476,0.00268702733534
58.05,-0.0251314386012,-0.00828837295566,0.00267272663688
58.1,-0.0248106879457,-0.00831293555481,0.0026580980257
58.15,-0.0244968831731,-0.00833624021807,0.00264316576267
58.2,-0.0241897786571,-0.00835854001204,0.00262794975616
58.25,-0.0238891414903,-0.00837971442033,0.00261247337743
58.3,-0.0235947429622,-0.00839989266076,0.00259675523138
58.35,-0.023306371409,-0.00841909516704,0.00258082035603
58.4,-0.0230238178003,-0.00843735550934,0.00256468137329
58.45,-0.0227468892185,-0.0084547239051,0.00254836110881
58.5,-0.0224753948488,-0.00847124656473,0.00253187240029
58.55,-0.0222091583724,-0.0084869140883,0.00251523314012
58.6,-0.02194800585,-0.00850186897486,0.00249845659175
58.65,-0.0216917755155,-0.00851595579796,0.0024815563105
58.7,-0.0214403116735,-0.00852944073709,0.00246454303027
58.75,-0.0211934606009,-0.00854216167384,0.0024474318371
58.8,-0.0209510821295,-0.00855417777965,0.0024302322446
58.85,-0.0207131406438,-0.00856565380965,0.00241296144501
58.9,-0.0204793993894,-0.00857644707728,0.00239562433363
58.95,-0.0202497333707,-0.00858662625604,0.00237823637702
59.0,-0.0200240209293,-0.00859632652114,0.0023608035399
59.05,-0.0198021480664,-0.00860541979469,0.00234333714993
59.1,-0.019584005195,-0.00861393373335,0.00232584395625
59.15,-0.0193694871651,-0.00862203051769,0.00230833174624
59.2,-0.019158490421,-0.00862962483978,0.0022908061303
59.25,-0.0189509195329,-0.00863670678458,0.0022732760439
59.3,-0.0187466817752,-0.00864329843406,0.00225574634636
59.35,-0.0185456880563,-0.00864953368963,0.00223822871234
59.4,-0.0183478509006,-0.00865534080245,0.00222072408276
59.45,-0.0181530892654,-0.00866071063495,0.00220324306803
59.5,-0.0179613245048,-0.00866566081705,0.00218578753805
59.55,-0.0177724808717,-0.00867020804898,0.00216836479792
59.6,-0.017586485624,-0.00867447024719,0.00215097802668
59.65,-0.0174032669942,-0.00867836321599,0.00213363171357
59.7,-0.017222758541,-0.00868189283084,0.00211632789188
59.75,-0.0170448953588,-0.00868507256453,0.00209907233816
59.8,-0.0168696150098,-0.00868791512365,0.00208186705982
59.85,-0.0166969407079,-0.00869043255055,0.00206472047792
59.9,-0.0165267287012,-0.00869267631231,0.00204763107681
59.95,-0.0163589221731,-0.00869465289067,0.0020306067395
60.0,-0.0161934677553,-0.00869633253866,0.00201364714156
60.05,-0.0160303134938,-0.00869773525014,0.00199675710661
60.1,-0.015869409222,-0.00869886326551,0.00197993776305
60.15,-0.0157107064744,-0.00869972202269,0.00196319135079
60.2,-0.0155541584293,-0.00870031977469,0.0019465182167
60.25,-0.0153997197431,-0.00870066437162,0.00192992214045
60.3,-0.0152473466161,-0.0087007632267,0.00191340351332
60.35,-0.0150969966024,-0.00870062477103,0.00189696869444
60.4,-0.0149486287607,-0.00870026803369,0.00188061491365
60.45,-0.0148022030219,-0.00869972048218,0.00186434810789
60.5,-0.0146576808119,-0.00869895096332,0.00184816686259
60.55,-0.0145150249031,-0.00869796415832,0.00183207448189
60.6,-0.0143741991648,-0.00869676550419,0.00181607093719
60.65,-0.0142351684904,-0.00869536018462,0.00180015727926
60.7,-0.0140978987944,-0.00869375312587,0.00178433287669
60.75,-0.0139623569143,-0.00869194903715,0.0017686002929
60.8,-0.0138285106826,-0.00868995237073,0.00175295903088
60.85,-0.0136963972329,-0.00868776738367,0.00173741410323
60.9,-0.013565915981,-0.0086853982809,0.00172196225165
60.95,-0.0134370373575,-0.0086828489102,0.00170660814824
61.0,-0.0133097327145,-0.00868012287213,0.00169134978227
61.05,-0.0131839740736,-0.00867722363802,0.00167618952574
61.1,-0.0130597342427,-0.00867415448709,0.00166112672356
61.15,-0.0129369866905,-0.00867091856398,0.00164616173893
61.2,-0.0128157055548,-0.00866751886974,0.00163129342605
61.25,-0.012695865572,-0.00866395829367,0.00161652358741
61.3,-0.0125774421471,-0.00866023957233,0.00160185125376
61.35,-0.0124604112449,-0.00865636534135,0.00158728051443
61.4,-0.0123447495235,-0.00865233805952,0.0015728078775
61.45,-0.0122304340828,-0.00864816013808,0.00155843716711
61.5,-0.0121174426673,-0.00864383382717,0.00154416612434
61.55,-0.0120057534652,-0.00863936743756,0.00152999651126
61.6,-0.0118953451762,-0.00863476428477,0.00151592734878
61.65,-0.0117861969445,-0.00863001905799,0.0015019586052
61.7,-0.0116782884209,-0.00862514708829,0.00148808888344
61.75,-0.0115715994022,-0.00862015724605,0.00147431952204
61.8,-0.0114661104974,-0.00861503311136,0.00146064930664
61.85,-0.0113618594088,-0.00860977639429,0.00144708165781
61.9,-0.0112587693843,-0.00860440068582,0.0014336131331
61.95,-0.0111568221256,-0.00859889896527,0.00142024694015
62.0,-0.011055999857,-0.00859326953624,0.00140698074827
62.05,-0.0109562851315,-0.00858751385906,0.00139381589958
62.1,-0.0108576609026,-0.00858163332202,0.00138075124527
62.15,-0.0107601104479,-0.00857562928445,0.00136778650874
62.2,-0.010663617384,-0.00856950306496,0.00135492018384
62.25,-0.0105681656261,-0.00856325596386,0.00134215323589
62.3,-0.0104737394442,-0.00855688922494,0.00132948434976
62.35,-0.0103803233961,-0.00855040934992,0.00131691642814
62.4,-0.0102879021092,-0.00854386552912,0.00130444613912
62.45,-0.0101964607778,-0.00853720750329,0.00129207619616
62.5,-0.0101059849346,-0.00853043633873,0.00127980428858
62.55,-0.0100164603458,-0.00852355310853,0.00126763145446
62.6,-0.00992787308747,-0.00851655883928,0.00125555647193
62.65,-0.00984020948398,-0.00850945454943,0.00124357891772
62.7,-0.00975345612212,-0.00850224123744,0.00123169725587
62.75,-0.00966759981942,-0.00849491990133,0.00121991220188
62.8,-0.00958262767202,-0.00848749150272,0.00120822240295
62.85,-0.00949857447003,-0.00848001758175,0.0011966303434
62.9,-0.00941537866738,-0.00847245286402,0.00118513290976
62.95,-0.0093330283787,-0.00846478574127,0.00117373238932
63.0,-0.00925151172678,-0.0084570170635,0.0011624265393
63.05,-0.00917081701772,-0.00844914969205,0.00115121616222
63.1,-0.00909093279644,-0.00844119363178,0.00114010001251
63.15,-0.00901184776626,-0.00843313858318,0.00112907757769
63.2,-0.00893355089041,-0.00842499048151,0.00111814733234
63.25,-0.00885603093815,-0.00841682443258,0.00110730984258
63.3,-0.00877927731196,-0.00840856347099,0.00109656375177
63.35,-0.00870327957208,-0.00840020839733,0.00108591119096
63.4,-0.00862802752776,-0.00839176705192,0.00107534912584
63.45,-0.00855351109635,-0.0083832406711,0.0010648795487
63.5,-0.00847972043271,-0.00837462247631,0.00105450031393
63.55,-0.00840664587191,-0.00836592459628,0.00104421203715
63.6,-0.00833427753712,-0.00835721831081,0.00103401352643
63.65,-0.00826260618159,-0.00834842393313,0.00102390419734
63.7,-0.00819162268275,-0.00833954218185,0.00101388255998
63.75,-0.00812131806785,-0.00833057378647,0.00100394898258
63.8,-0.00805168354728,-0.00832151945629,0.000994102135775
63.85,-0.00798275037241,-0.00831237990902,0.000984343851412
63.9,-0.00791446933846,-0.00830322816707,0.000974671298795
63.95,-0.00784683149521,-0.00829402181344,0.000965086259485
64.0,-0.00777982901474,-0.00828473381478,0.00095558665658
64.05,-0.00771345391269,-0.00827536484172,0.000946172953495
64.1,-0.00764769836875,-0.00826591554342,0.000936843933301
64.15,-0.00758255469279,-0.00825638657587,0.000927598981629
64.2,-0.0075180153334,-0.00824685287978,0.000918436660661
64.25,-0.00745407222603,-0.00823727379655,0.000909357293121
64.3,-0.00739071836887,-0.00822761832409,0.000900359557046
64.35,-0.00732794661005,-0.00821788710473,0.000891445027144
64.4,-0.0072657499632,-0.00820808074027,0.000882611041288
64.45,-0.00720412153126,-0.00819819986405,0.000873859063539
64.5,-0.00714305457496,-0.00818835170118,0.000865187165595
64.55,-0.00708254172759,-0.00817843627907,0.000856595777592
64.6,-0.00702257685518,-0.00816846019009,0.000848083678705
64.65,-0.00696315352909,-0.00815841516984,0.000839650242898
64.7,-0.0069042654628,-0.00814829988094,0.00083129409678
64.75,-0.0068459064738,-0.00813816468119,0.000823015392805
64.8,-0.00678806997605,-0.0081280270391,0.000814812957613
64.85,-0.00673078381285,-0.00811782207582,0.000806688128367
64.9,-0.00667400781889,-0.00810755301529,0.000798638441733
64.95,-0.00661773624874,-0.00809722940691,0.00079066515717
65.0,-0.00656196345663,-0.00808684860764,0.000782766469525
65.05,-0.00650668352495,-0.0080765142523,0.000774942672427
65.1,-0.00645189106464,-0.00806611655425,0.000767192635539
65.15,-0.00639758074375,-0.00805565603823,0.000759515728018
65.2,-0.00634374731891,-0.00804513322571,0.000751910647772
65.25,-0.00629038562365,-0.00803454864644,0.00074437747494
65.3,-0.00623749058697,-0.00802400589532,0.000736915035246
65.35,-0.00618505656826,-0.00801342328409,0.000729524579267
65.4,-0.006133078992,-0.00800278149873,0.000722203777843
65.45,-0.006081553035,-0.00799208104287,0.000714953717076
65.5,-0.00603047397527,-0.00798132238675,0.000707772710332
65.55,-0.00597983715094,-0.0079705960445,0.000700660932083
65.6,-0.00592963739777,-0.00795984909871,0.000693617387257
65.65,-0.00587987046692,-0.00794904640567,0.000686641428262
65.7,-0.00583053192764,-0.00793818842772,0.0006797318323
65.75,-0.00578161740954,-0.00792727563443,0.000672888627287
65.8,-0.0057331226179,-0.00791639550715,0.000666110708403
65.85,-0.00568507116995,-0.00790550356608,0.00065939916118
65.9,-0.00563743016924,-0.0078945592375,0.000652751852891
65.95,-0.00559019552925,-0.00788356296542,0.000646169724529
66.0,-0.00554336324365,-0.00787251516328,0.000639651212293
66.05,-0.00549692935266,-0.00786150889226,0.000633196435415
66.1,-0.00545088941143,-0.0078504972514,0.000626804460206
66.15,-0.00540523980806,-0.00783944183963,0.000620474665897
66.2,-0.00535997675328,-0.0078283375182,0.000614205913685
66.25,-0.00531509651879,-0.00781718470017,0.000607998194196
66.3,-0.00527059543587,-0.00780608930236,0.000601850475578
66.35,-0.00522646932071,-0.00779497390769,0.000595763713112
66.4,-0.00518271488449,-0.00778381210276,0.000589735934423
66.45,-0.00513932861476,-0.00777261618498,0.000583767959143
66.5,-0.00509630703563,-0.00776137626935,0.000577858348273
66.55,-0.00505364673209,-0.00775021554905,0.000572007181081
66.6,-0.00501134376438,-0.00773902038668,0.000566213596498
66.65,-0.00496939511242,-0.00772778156516,0.000560476995387
66.7,-0.00492779751125,-0.0077164994434,0.000554796321162
66.75,-0.00488654773271,-0.00770518769462,0.00054917153971
66.8,-0.00484564227483,-0.00769395560033,0.000543601733407
66.85,-0.00480510204603,-0.00768268212601,0.000538087674475
66.9,-0.00476489947485,-0.00767136768548,0.000532627592434
66.95,-0.00472503151389,-0.00766001262456,0.000527222204384
67.0,-0.00468549516658,-0.00764865712722,0.000521870185344
67.05,-0.00464628710092,-0.00763735864928,0.000516571629398
67.1,-0.00460740448477,-0.00762602133712,0.000511325662472
67.15,-0.00456884443284,-0.00761464551068,0.000506131754827
67.2,-0.00453060409401,-0.00760323148757,0.000500988932582
67.25,-0.00449268064618,-0.0075918491528,0.000495897145746
67.3,-0.00445507089757,-0.00758049765982,0.000490855561742
67.35,-0.00441777224256,-0.00756910970948,0.000485864845743
67.4,-0.00438078197775,-0.00755768559268,0.000480923376023
67.45,-0.00434409741942,-0.00754622561829,0.000476031783374
67.5,-0.0043077159249,-0.00753483159781,0.000471188855364
67.55,-0.00427163442385,-0.00752343967414,0.000466394676473
67.6,-0.00423585053506,-0.00751201635816,0.00046164842757
67.65,-0.00420036170116,-0.00750056795753,0.000456949616297
67.7,-0.0041651653816,-0.00748908591429,0.000452297351099
67.75,-0.00413025907602,-0.00747770546717,0.000447691572873
67.8,-0.00409563982418,-0.00746629665853,0.000443131531835
67.85,-0.00406132573322,-0.00745485579862,0.00043861780026
67.9,-0.00402729370735,-0.00744338322361,0.000434148905877
67.95,-0.00399354136606,-0.00743191681077,0.000429725405531
68.0,-0.00396006605766,-0.00742053410904,0.000425346230261
68.05,-0.00392686550606,-0.00740912122181,0.000421011388003
68.1,-0.00389393741893,-0.00739767840455,0.000416720149578
68.15,-0.00386127952437,-0.0073862059162,0.00041247205877
68.2,-0.00382888957293,-0.00737476791495,0.000408266298188
68.25,-0.00379676499991,-0.00736337685708,0.000404102845485
68.3,-0.00376490371595,-0.00735195759196,0.000399980944809
68.35,-0.00373330354249,-0.00734051037688,0.00039590113055
68.4,-0.00370196232969,-0.00732903545014,0.000391862060377
68.45,-0.00367087794084,-0.00731763021205,0.000387864227871
68.5,-0.00364004789539,-0.00730624090872,0.000383906671689
68.55,-0.00360947026371,-0.00729482529453,0.000379989376019
68.6,-0.00357914298214,-0.00728338360415,0.000376111674643
68.65,-0.00354906400414,-0.00727191607565,0.000372273147945
68.7,-0.00351923130192,-0.00726055223543,0.00036847305058
68.75,-0.00348964246131,-0.00724917421878,0.000364711367705
68.8,-0.00346029569765,-0.00723777172346,0.000360987397291
68.85,-0.00343120619077,-0.00722634498711,0.000357301614658
68.9,-0.00340235451897,-0.00721491478221,0.000353652804771
68.95,-0.0033737385249,-0.00720358023691,0.000350041435107
69.0,-0.00334535634178,-0.00719222281065,0.000346466585334
69.05,-0.00331720608535,-0.00718084272855,0.00034292825243
69.1,-0.00328928589039,-0.00716944020781,0.000339425829069
69.15,-0.00326159390614,-0.00715807492604,0.000335958930647
69.2,-0.00323412802487,-0.00714677913893,0.000332526912947
69.25,-0.00320688650087,-0.00713546219556,0.000329129702335
69.3,-0.00317986753783,-0.00712412431282,0.000325766682147
69.35,-0.00315306935296,-0.0071127657114,0.000322438276001
69.4,-0.00312649018371,-0.0071014615285,0.000319143379493
69.45,-0.00310012799713,-0.00709020506028,0.000315882418842
69.5,-0.00307398116294,-0.00707893806434,0.000312654550162
69.55,-0.00304804795411,-0.00706765178725,0.000309459767595
69.6,-0.00302232667188,-0.00705634643276,0.000306297518608
69.65,-0.00299681563007,-0.00704512009827,0.000303167451778
69.7,-0.00297151286083,-0.00703391644168,0.000300068987878
69.75,-0.00294641683544,-0.00702269489672,0.000297002048291
69.8,-0.00292152591458,-0.00701145566741,0.000293966072627
69.85,-0.00289685294786,-0.00700019896134,0.000290961439328
69.9,-0.00287238157159,-0.0069890424642,0.000287987150341
69.95,-0.00284810988433,-0.00697789027695,0.000285043593227
70.0,-0.00282403645545,-0.00696672180229,0.000282129995715
70.05,-0.00280015972029,-0.00695553723842,0.000279246347744
70.1,-0.00277647812829,-0.00694433677725,0.00027639214743
70.15,-0.00275299013991,-0.00693325379471,0.000273567074451
70.2,-0.00272969392013,-0.00692216031742,0.000270770608366
70.25,-0.00270658811305,-0.00691105205671,0.000268002669797
70.3,-0.00268367122032,-0.00689992920498,0.000265262750133
70.35,-0.00266094175408,-0.00688880026288,0.000262551188002
70.4,-0.002638398083,-0.0068777857977,0.000259867098154
70.45,-0.00261603875681,-0.00686675782294,0.000257210791252
70.5,-0.00259386233045,-0.00685571651993,0.000254581584304
70.55,-0.00257186736773,-0.0068446620767,0.000251979465798
70.6,-0.00255005244488,-0.00683361088881,0.000249403980514
70.65,-0.00252841598947,-0.00682267369357,0.000246854857254
70.7,-0.00250695661371,-0.00681172826777,0.000244331587167
70.75,-0.00248567292521,-0.0068007709429,0.000241834114651
70.8,-0.00246456354728,-0.00678980190161,0.000239361978614
70.85,-0.00244363932481,-0.00677884076168,0.000236915482524
70.9,-0.00242288630627,-0.00676798420708,0.000234493828553
70.95,-0.00240230317306,-0.0067571169955,0.000232097293512
71.0,-0.00238188859948,-0.00674625070136,0.000229725259134
71.05,-0.00236164125683,-0.00673537446862,0.00022737771451
71.1,-0.0023415598385,-0.00672450577812,0.000225054247002
71.15,-0.00232164290333,-0.0067137438136,0.000222754610216
71.2,-0.00230188918522,-0.00670297252941,0.00022047834216
71.25,-0.00228229740943,-0.00669219210248,0.000218225390473
71.3,-0.00226286631149,-0.0066814027056,0.000215995337416
71.35,-0.00224359463544,-0.00667061515319,0.000213788455216
71.4,-0.00222448100713,-0.00665994157701,0.000211604019959
71.45,-0.00220552420318,-0.00664925997968,0.000209442281004
71.5,-0.00218672300163,-0.00663857052462,0.000207302679054
71.55,-0.00216807618795,-0.0066278733807,0.00020518520164
71.6,-0.00214958255742,-0.00661716871216,0.000203089475106
71.65,-0.00213124091347,-0.00660658639665,0.000201015259313
71.7,-0.00211304984467,-0.00659599965321,0.000198962167339
71.75,-0.00209500828897,-0.00658540630114,0.000196930136153
71.8,-0.00207711507964,-0.00657480650447,0.000194918787662
71.85,-0.00205937934958,-0.00656420042957,0.000192928366436
71.9,-0.00204178946385,-0.00655369858118,0.000190958204264
71.95,-0.00202434408686,-0.00654321168261,0.000189008551966
72.0,-0.00200704218565,-0.00653271941757,0.000187078891907
72.05,-0.00198988264171,-0.00652222194541,0.000185169211827
72.1,-0.00197286434537,-0.00651171942133,0.000183279173549
72.15,-0.00195598619441,-0.00650130033078,0.000181408559416
72.2,-0.00193924692536,-0.00649092808517,0.00017955701525
72.25,-0.00192264551746,-0.00648055165035,0.000177724488372
72.3,-0.00190618089589,-0.00647017118074,0.000175910636664
72.35,-0.00188985199297,-0.00645978683283,0.000174115679972
72.4,-0.00187365775024,-0.00644945222915,0.000172339013433
72.45,-0.00185759698089,-0.00643918889059,0.000170580857225
72.5,-0.00184166868563,-0.00642892995496,0.000168840748923
72.55,-0.00182587182549,-0.0064186718414,0.000167118677451
72.6,-0.00181020537245,-0.00640841097032,0.000165414337243
72.65,-0.00179466830815,-0.00639816321334,0.000163727531158
72.7,-0.00177925952101,-0.00638802402716,0.000162057932189
72.75,-0.00176397802119,-0.00637788287189,0.000160405497951
72.8,-0.00174882281513,-0.0063677398928,0.000158769919062
72.85,-0.00173380158058,-0.0063575952369,0.000157151393358
72.9,-0.00171890451075,-0.00634744907562,0.000155549375133
72.95,-0.00170413063508,-0.00633739789413,0.000153964046839
73.0,-0.00168947884339,-0.00632737459641,0.000152395014892
73.05,-0.00167494824839,-0.00631735054238,0.000150842259536
73.1,-0.00166053790397,-0.00630732586886,0.000149305504163
73.15,-0.00164624687033,-0.00629730071402,0.000147784570364
73.2,-0.00163207421434,-0.006287319375,0.000146279150776
73.25,-0.00161801890238,-0.00627741738785,0.000144789222293
73.3,-0.00160408004621,-0.006267515641,0.000143314501482
73.35,-0.00159025673484,-0.00625761427128,0.000141855166517
73.4,-0.00157654806479,-0.0062477134087,0.000140410723745
73.45,-0.00156295313795,-0.00623781318874,0.000138981337529
73.5,-0.00154947106354,-0.00622802060469,0.000137566634941
73.55,-0.00153610081899,-0.00621824426647,0.000136166623911
73.6,-0.00152284159463,-0.00620846925048,0.000134781045836
73.65,-0.00150969252062,-0.00619869597795,0.000133409739389
73.7,-0.00149665273309,-0.00618893363542,0.000132052426864
73.75,-0.00148372136869,-0.00617921274001,0.000130709075308
73.8,-0.00147089748452,-0.00616957428541,0.000129379444303
73.85,-0.00145818754827,-0.00615993807925,0.000128063691383
73.9,-0.00144558329906,-0.00615030426864,0.0001267613712
73.95,-0.00143308390774,-0.00614067297848,0.000125472631879
74.0,-0.00142068855182,-0.006131048213,0.000124197136509
74.05,-0.00140839641197,-0.00612151686859,0.000122934876073
74.1,-0.00139620656405,-0.00611202317925,0.000121685639842
74.15,-0.00138411825174,-0.00610253275716,0.000120449275801
74.2,-0.0013721306777,-0.00609304571996,0.000119225532978
74.25,-0.00136024304989,-0.00608356218669,0.000118014380767
74.3,-0.00134845458219,-0.00607408367288,0.000116815591086
74.35,-0.00133676446533,-0.00606472387044,0.000115629312806
74.4,-0.0013251718624,-0.00605536838347,0.000114455151697
74.45,-0.00131367603873,-0.00604601710034,0.000113293237049
74.5,-0.00130227623285,-0.00603667013022,0.000112143264556
74.55,-0.00129097168819,-0.00602732758479,0.000111005225724
74.6,-0.00127976165387,-0.00601801606085,0.000109878916769
74.65,-0.00126864531537,-0.00600879743092,0.000108764215263
74.7,-0.00125762194753,-0.00599958377597,0.000107660892782
74.75,-0.00124669081692,-0.00599037520469,0.000106568921637
74.8,-0.00123585119554,-0.00598117182343,0.000105488095833
74.85,-0.00122510848289,-0.00597197373937,0.000104418546388
74.9,-0.00121445572372,-0.00596282204672,0.000103359910232
74.95,-0.00120389213618,-0.00595374770769,0.000102312317624
75.0,-0.00119341703609,-0.00594467920184,0.00010127549117
75.05,-0.00118302972447,-0.00593561663013,0.00010024942318
75.1,-0.00117272950754,-0.00592656009095,9.92339296073e-05
75.15,-0.00116251569632,-0.00591750968324,9.82288916707e-05
75.2,-0.00115238760667,-0.00590851697928,9.72341048883e-05
75.25,-0.00114234448864,-0.00589959911699,9.62495538655e-05
75.3,-0.00113238568866,-0.00589068788242,9.52750500339e-05
75.35,-0.00112251053886,-0.00588178337175,9.43107117243e-05
75.4,-0.00111271837663,-0.00587288567643,9.33562106839e-05
75.45,-0.00110300854358,-0.00586399489122,9.24116561241e-05
75.5,-0.0010933803865,-0.00585514960012,9.14768000756e-05
75.55,-0.00108383319609,-0.00584639178101,9.05516439094e-05
75.6,-0.0010743663421,-0.00583764133112,8.96360198224e-05
75.65,-0.00106497918676,-0.00582889833887,8.87298205544e-05
75.7,-0.00105567109684,-0.0058201628921,8.78328614332e-05
75.75,-0.00104644144347,-0.0058114350795,8.69451201189e-05
75.8,-0.00103728960245,-0.00580273523157,8.60664288084e-05
75.85,-0.00102822004329,-0.0057941294649,8.5196901239e-05
75.9,-0.00101922692505,-0.00578553176684,8.43362401463e-05
75.95,-0.00101030963961,-0.00577694222112,8.34845442509e-05
76.0,-0.00100146758359,-0.00576836090734,8.26415896132e-05
76.05,-0.000992700157663,-0.00575978790672,8.18073702655e-05
76.1,-0.000984006766982,-0.00575122329826,8.09817363383e-05
76.15,-0.000975386820848,-0.0057427630141,8.01645912156e-05
76.2,-0.000966839660115,-0.00573431986397,7.93557780958e-05
76.25,-0.000958364739628,-0.00572588548691,7.85552720936e-05
76.3,-0.000949961482712,-0.00571745995879,7.77629217067e-05
76.35,-0.000941629316724,-0.00570904335596,7.69788238698e-05
76.4,-0.000933367673473,-0.00570063575076,7.62027110282e-05
76.45,-0.000925175988543,-0.00569229194327,7.54346726871e-05
76.5,-0.000917053648129,-0.00568400469307,7.46745140534e-05
76.55,-0.000909000116649,-0.00567572678872,7.39222272751e-05
76.6,-0.000901014843346,-0.00566745829906,7.31776770723e-05
76.65,-0.000893097281346,-0.00565919929317,7.24407762832e-05
76.7,-0.000885246887719,-0.00565095357404,7.17113745399e-05
76.75,-0.000877463122129,-0.00564272556194,7.09894541665e-05
76.8,-0.000869745414599,-0.00563460402214,7.02748832709e-05
76.85,-0.000862097544489,-0.00562649236616,6.95677494556e-05
76.9,-0.000854514596104,-0.00561839067145,6.88678112545e-05
76.95,-0.000846996048267,-0.00561029900219,6.81751496878e-05
77.0,-0.000839541383823,-0.00560221741911,6.74895823055e-05
77.05,-0.000832150089199,-0.00559415337056,6.68111046485e-05
77.1,-0.0008248216524,-0.00558614000325,6.61395950501e-05
77.15,-0.000817555525608,-0.00557819631376,6.54749806743e-05
77.2,-0.000810351219496,-0.00557026306679,6.48171241325e-05
77.25,-0.000803208236405,-0.00556234032071,6.41660094265e-05
77.3,-0.000796126082376,-0.00555442813221,6.35215132162e-05
77.35,-0.000789104266976,-0.00554652655824,6.28837150961e-05
77.4,-0.000782142303565,-0.00553863565247,6.22523969272e-05
77.45,-0.00077523970884,-0.00553081372015,6.16276322437e-05
77.5,-0.000768395959752,-0.00552303945463,6.10092623347e-05
77.55,-0.000761610598117,-0.00551527610742,6.03972810239e-05
77.6,-0.000754883152313,-0.00550752372865,5.97915782161e-05
77.65,-0.000748213154105,-0.00549978236858,5.9192083122e-05
77.7,-0.000741600138679,-0.00549205207688,5.85986733007e-05
77.75,-0.000735043644554,-0.00548433290357,5.8011334595e-05
77.8,-0.000728543213709,-0.00547668850843,5.74299558017e-05
77.85,-0.000722101958685,-0.0054690844411,5.68546148471e-05
77.9,-0.00071571576949,-0.00546149172352,5.6285112456e-05
77.95,-0.000709384199959,-0.00545391040124,5.57215152899e-05
78.0,-0.000703106807376,-0.00544634051694,5.51636746834e-05
78.05,-0.00069688315216,-0.00543878211422,5.46115874397e-05
78.1,-0.000690712798047,-0.00543123523499,5.406515431e-05
78.15,-0.000684595311935,-0.0054237543051,5.35243115807e-05
78.2,-0.000678530228017,-0.00541632187553,5.29889537448e-05
78.25,-0.000672517133985,-0.00540890856618,5.24590663119e-05
78.3,-0.000666555605293,-0.00540150701989,5.19345491494e-05
78.35,-0.000660645222337,-0.00539411727551,5.14154677801e-05
78.4,-0.00065478556877,-0.00538673936914,5.09016443037e-05
78.45,-0.000648976231177,-0.00537937333837,5.0393139292e-05
78.5,-0.000643216799349,-0.00537205001345,4.98898185856e-05
78.55,-0.000637506838498,-0.00536479982943,4.93916833615e-05
78.6,-0.000631845951602,-0.00535756677911,4.88986431651e-05
78.65,-0.000626233737084,-0.00535034580788,4.84106407084e-05
78.7,-0.000620669797543,-0.00534313694791,4.7927576287e-05
78.75,-0.000615153738478,-0.00533594023155,4.74494387523e-05
78.8,-0.000609685168375,-0.0053287556899,4.69761375801e-05
78.85,-0.000604266718435,-0.00532158335409,4.65077323143e-05
78.9,-0.000598894925849,-0.00531450128151,4.60440624059e-05
78.95,-0.00059356937343,-0.00530743869509,4.55851877646e-05
79.0,-0.000588289700089,-0.00530038845143,4.51309848279e-05
79.05,-0.000583055530188,-0.00529335057713,4.46814514149e-05
79.1,-0.00057786649094,-0.00528632509741,4.42365067614e-05
79.15,-0.000572722212315,-0.00527931203749,4.3796099169e-05
79.2,-0.000567622327046,-0.00527231142209,4.33601387119e-05
79.25,-0.000562566470579,-0.00526534738396,4.29286155748e-05
79.3,-0.000557554259633,-0.00525845436532,4.2501451106e-05
79.35,-0.00055258534074,-0.00525157389479,4.20786986713e-05
79.4,-0.000547659358228,-0.00524470599245,4.16602131176e-05
79.45,-0.000542775958992,-0.00523785067956,4.12460444513e-05
79.5,-0.000537934792679,-0.00523100797521,4.08360833039e-05
79.55,-0.00053313551151,-0.00522417789906,4.04303279728e-05
79.6,-0.000528377770366,-0.00521736046951,4.00287056481e-05
79.65,-0.000523661226709,-0.00521059233757,3.96311698152e-05
79.7,-0.000518985518802,-0.00520388029591,3.92376423915e-05
79.75,-0.000514350316836,-0.00519718760132,3.88481137012e-05
79.8,-0.000509755285322,-0.00519050912513,3.84625102282e-05
79.85,-0.000505202617029,-0.00518384341429,3.80808811843e-05
79.9,-0.000500689409991,-0.0051771904909,3.7703095525e-05
79.95,-0.000496215338176,-0.00517055036926,3.73291987533e-05
80.0,-0.000491780078105,-0.00516392306176,3.69590921346e-05
80.05,-0.000487383308698,-0.00515734105909,3.65927743716e-05
80.1,-0.000483024692334,-0.00515082580841,3.62301824633e-05
80.15,-0.000478703917556,-0.00514432343352,3.58712738899e-05
80.2,-0.000474420671119,-0.00513783394429,3.55159753984e-05
80.25,-0.00047017464213,-0.00513135735068,3.51642793456e-05
80.3,-0.000465965522085,-0.00512489366167,3.48161192631e-05
80.35,-0.000461793004807,-0.00511844288624,3.44715398972e-05
80.4,-0.000457656786525,-0.00511200503152,3.41304228028e-05
80.45,-0.000453556565718,-0.00510558811928,3.37928094052e-05
80.5,-0.000449492029963,-0.00509925087775,3.34586124195e-05
80.55,-0.000445462884134,-0.00509292658165,3.31278306564e-05
80.6,-0.00044146883408,-0.00508661523541,3.28004048485e-05
80.65,-0.000437509587879,-0.00508031684341,3.24762972667e-05
80.7,-0.000433584855844,-0.00507403140966,3.21554418262e-05
80.75,-0.000429694350485,-0.00506775893821,3.18378318384e-05
80.8,-0.000425837786542,-0.00506149943226,3.15234073536e-05
80.85,-0.000422016989972,-0.00505525289498,3.12122091149e-05
80.9,-0.000418229530612,-0.00504905911804,3.09041301502e-05
80.95,-0.000414475113821,-0.00504291060675,3.05992105104e-05
81.0,-0.000410753470061,-0.00503677507069,3.02973687961e-05
81.05,-0.000407064325845,-0.00503065250961,2.99986043199e-05
81.1,-0.000403407409817,-0.00502454292234,2.97028636343e-05
81.15,-0.000399782452696,-0.00501844630766,2.9410112792e-05
81.2,-0.000396189187278,-0.00501236266401,2.91202921631e-05
81.25,-0.000392627348405,-0.00500629600745,2.8833395903e-05
81.3,-0.000389096672433,-0.00500024610242,2.85493700094e-05
81.35,-0.0003855968978,-0.00499425900783,2.82682516622e-05
81.4,-0.000382127749436,-0.00498830441736,2.79899464231e-05
81.45,-0.00037868897764,-0.00498236278476,2.77144876413e-05
81.5,-0.000375280327811,-0.00497643410429,2.74418025661e-05
81.55,-0.00037190154729,-0.00497051837053,2.71718907777e-05
81.6,-0.000368552385401,-0.00496462291932,2.69047040673e-05
81.65,-0.000365232592456,-0.00495874172409,2.66402120194e-05
81.7,-0.000361941921515,-0.0049528734703,2.6378360836e-05
81.75,-0.000358680127723,-0.00494701815131,2.61191454116e-05
81.8,-0.000355446968145,-0.00494121465083,2.5862516944e-05
81.85,-0.000352243948984,-0.00493545182008,2.56085110977e-05
81.9,-0.000349069042347,-0.00492970188763,2.53570397301e-05
81.95,-0.00034592201173,-0.00492396484421,2.5108134129e-05
82.0,-0.000342802622507,-0.00491824067927,2.48617285745e-05
82.05,-0.000339710641866,-0.00491252938256,2.46178228719e-05
82.1,-0.000336645838826,-0.00490683094312,2.43763735292e-05
82.15,-0.000333607984208,-0.00490114534991,2.41373530495e-05
82.2,-0.000330596850625,-0.00489547259165,2.3900712852e-05
82.25,-0.000327612212462,-0.00488982037388,2.36664484935e-05
82.3,-0.000324653837729,-0.00488423716125,2.34345171006e-05
82.35,-0.00032172150553,-0.0048786667243,2.32049493164e-05
82.4,-0.000318814995839,-0.00487310904893,2.29776660641e-05
82.45,-0.000315934090327,-0.00486756412164,2.27526958754e-05
82.5,-0.000313078572415,-0.00486203192776,2.25299793756e-05
82.55,-0.000310248227207,-0.00485651245293,2.23095165656e-05
82.6,-0.000307442841516,-0.00485100568212,2.20912682074e-05
82.65,-0.00030466220383,-0.00484551160025,2.18752095555e-05
82.7,-0.000301906104306,-0.00484003019203,2.16612967531e-05
82.75,-0.000299174334751,-0.00483458130632,2.14495259422e-05
82.8,-0.000296466680235,-0.00482919388283,2.12398585819e-05
82.85,-0.000293784405638,-0.00482381906915,2.10323225376e-05
82.9,-0.000291125811592,-0.00481845685209,2.08268463213e-05
82.95,-0.000288490697096,-0.00481310721415,2.06234559537e-05
83.0,-0.000285878862763,-0.00480777013682,2.04220977762e-05
83.05,-0.000283290110771,-0.00480244560182,2.02227719466e-05
83.1,-0.00028072424488,-0.00479713815053,2.00254430536e-05
83.15,-0.000278181069957,-0.00479184700891,1.98300888834e-05
83.2,-0.000275660392512,-0.00478656836711,1.96366698821e-05
83.25,-0.000273162020962,-0.004781307285,1.94451826979e-05
83.3,-0.000270685759276,-0.00477611198364,1.92555923073e-05
83.35,-0.00026823141962,-0.00477092908954,1.90679242211e-05
83.4,-0.000265798815188,-0.00476575858127,1.88821137574e-05
83.45,-0.000263387760644,-0.00476060043787,1.86981846539e-05
83.5,-0.000260998072149,-0.00475545463749,1.85160884086e-05
83.55,-0.00025862956732,-0.00475032115854,1.8335825309e-05
83.6,-0.000256282065241,-0.0047451999789,1.81573633917e-05
83.65,-0.000253955386439,-0.00474009107646,1.79806825991e-05
83.7,-0.000251649352875,-0.00473499442893,1.78057471604e-05
83.75,-0.000249363787935,-0.00472991001409,1.76325541778e-05
83.8,-0.000247098516427,-0.00472486261059,1.74610712514e-05
83.85,-0.000244854581403,-0.00471985820884,1.72913227341e-05
83.9,-0.00024263056562,-0.00471486593665,1.7123249812e-05
83.95,-0.000240426298588,-0.0047098857701,1.69568741479e-05
84.0,-0.000238241611206,-0.00470491768442,1.67921518933e-05
84.05,-0.000236076335717,-0.0046999616551,1.66290834429e-05
84.1,-0.000233930305724,-0.00469501765719,1.6467639942e-05
84.15,-0.000231803356163,-0.00469008566575,1.63078033312e-05
84.2,-0.000229695323302,-0.00468516565567,1.6149541297e-05
84.25,-0.000227606044724,-0.00468025760197,1.5992851339e-05
84.3,-0.000225535359329,-0.00467536810128,1.58377041971e-05
84.35,-0.000223483106803,-0.00467050891589,1.56841212634e-05
84.4,-0.000221449123221,-0.00466569673417,1.55320504012e-05
84.45,-0.000219433252931,-0.00466089637778,1.53815111791e-05
84.5,-0.00021743534017,-0.00465610781945,1.52324639437e-05
84.55,-0.000215455230423,-0.00465133103219,1.50849091727e-05
84.6,-0.000213492770437,-0.00464656795153,1.49388208098e-05
84.65,-0.000211547808053,-0.00464182272065,1.47941826102e-05
84.7,-0.000209620192048,-0.0046370891931,1.46509654393e-05
84.75,-0.000207709772882,-0.00463236734137,1.45091671396e-05
84.8,-0.000205816402234,-0.00462765713762,1.43687612757e-05
84.85,-0.000203940952187,-0.00462295855407,1.42297672969e-05
84.9,-0.000202082237968,-0.00461827156553,1.4092137303e-05
84.95,-0.00020024011513,-0.00461363145404,1.39558893617e-05
85.0,-0.000198414434588,-0.00460901762778,1.38209884774e-05
85.05,-0.000196605056854,-0.00460441526695,1.36874348279e-05
85.1,-0.000194811841123,-0.00459982434198,1.35552048778e-05
85.15,-0.000193034647734,-0.00459524482336,1.34242839732e-05
85.2,-0.000191273338165,-0.00459067668149,1.3294645723e-05
85.25,-0.000189527775023,-0.00458611988685,1.31662882746e-05
85.3,-0.000187797822041,-0.00458157440967,1.30391877436e-05
85.35,-0.000186083344065,-0.00457704022022,1.29133618833e-05
85.4,-0.000184384207055,-0.00457251728822,1.27887673183e-05
85.45,-0.000182700278063,-0.00456800558376,1.26654205469e-05
85.5,-0.000181031425238,-0.00456350507637,1.25432891364e-05
85.55,-0.000179377517809,-0.00455903946369,1.24223736944e-05
85.6,-0.000177738421757,-0.00455460855657,1.23026536143e-05
85.65,-0.000176114010049,-0.0045501887097,1.2184115475e-05
85.7,-0.000174504155223,-0.00454577989191,1.206673542e-05
85.75,-0.000172908730861,-0.00454138207212,1.19505118628e-05
85.8,-0.000171327611586,-0.00453699950262,1.18354232188e-05
85.85,-0.000169761521194,-0.00453263065916,1.17214857327e-05
85.9,-0.000168209471426,-0.0045282727352,1.16086601553e-05
85.95,-0.00016667134023,-0.00452392569922,1.14969615516e-05
86.0,-0.000165147006568,-0.00451958951921,1.13863605698e-05
86.05,-0.000163636350393,-0.00451526416339,1.12768578488e-05
86.1,-0.000162139252657,-0.00451094959972,1.11684341901e-05
86.15,-0.00016065559529,-0.00450665317533,1.10610777087e-05
86.2,-0.000159185260799,-0.00450239729016,1.0954766905e-05
86.25,-0.000157728129072,-0.00449816732565,1.0849501027e-05
86.3,-0.000156284086682,-0.0044939479931,1.07452603185e-05
86.35,-0.000154853019525,-0.00448973925979,1.06420595737e-05
86.4,-0.000153434814449,-0.0044855410926,1.05398632107e-05
86.45,-0.000152029359234,-0.00448135345877,1.04386849875e-05
86.5,-0.000150636542597,-0.0044771763251,1.03384983343e-05
86.55,-0.000149256254173,-0.00447300965863,1.023930391e-05
86.6,-0.000147888384518,-0.0044688534262,1.01410843609e-05
86.65,-0.000146532825096,-0.00446470759471,1.0043828972e-05
86.7,-0.000145189468272,-0.00446057213107,9.94751824295e-06
86.75,-0.000143858207306,-0.0044564470023,9.85215102855e-06
86.8,-0.00014253893635,-0.00445233217526,9.75770969553e-06
86.85,-0.000141232256247,-0.00444823190559,9.66420776585e-06
86.9,-0.000139937341228,-0.00444417939462,9.57161334629e-06
86.95,-0.000138654088555,-0.00444013704116,9.47993897319e-06
87.0,-0.000137382396143,-0.00443610481118,9.38916059037e-06
87.05,-0.000136122162754,-0.00443208267086,9.29927886836e-06
87.1,-0.000134873288,-0.00442807058624,9.210278118e-06
87.15,-0.000133635672327,-0.00442406852344,9.12214867847e-06
87.2,-0.000132409217015,-0.0044200764486,9.03487290807e-06
87.25,-0.000131193824167,-0.00441609432797,8.94844983514e-06
87.3,-0.000129989396707,-0.00441212421035,8.86286351165e-06
87.35,-0.000128795838281,-0.00440816877075,8.77812630034e-06
87.4,-0.000127613053231,-0.00440422319706,8.69420902772e-06
87.45,-0.000126440946911,-0.00440028745542,8.61112318389e-06
87.5,-0.000125279425476,-0.00439636151168,8.52884699157e-06
87.55,-0.000124128395862,-0.00439244533187,8.44738113261e-06
87.6,-0.000122987765792,-0.00438856793273,8.36671142723e-06
87.65,-0.000121857440955,-0.00438471509766,8.28682959316e-06
87.7,-0.000120737331714,-0.00438087466453,8.20771950936e-06
87.75,-0.000119627348054,-0.00437704382706,8.12938036884e-06
87.8,-0.000118527400834,-0.00437322255074,8.05179774095e-06
87.85,-0.000117437988563,-0.0043694108012,7.97498290183e-06
87.9,-0.000116358425301,-0.00436560854556,7.89890937976e-06
87.95,-0.000115288624305,-0.00436181574945,7.8235876709e-06
88.0,-0.000114228499566,-0.00435803237822,7.74899804664e-06
88.05,-0.000113177965798,-0.00435425839744,7.67514118252e-06
88.1,-0.000112136938436,-0.0043504937726,7.60200425068e-06
88.15,-0.000111105333628,-0.00434673846927,7.52957939641e-06
88.2,-0.000110083068233,-0.00434299245309,7.45785217529e-06
88.25,-0.000109070059807,-0.00433925568981,7.38682190081e-06
88.3,-0.000108066226608,-0.00433552814514,7.31647552251e-06
88.35,-0.000107071487584,-0.00433182735992,7.24682334802e-06
88.4,-0.000106085760444,-0.00432815451672,7.17784167296e-06
88.45,-0.000105108966202,-0.00432449074371,7.10953998969e-06
88.5,-0.000104141025902,-0.00432083600614,7.04190042248e-06
88.55,-0.000103181861256,-0.00431719026947,6.97492363653e-06
88.6,-0.00010223139464,-0.00431355349909,6.90859802522e-06
88.65,-0.00010128954909,-0.00430992566051,6.8429165004e-06
88.7,-0.000100356248293,-0.00430630671931,6.77786598428e-06
88.75,-9.94314165864e-05,-0.00430269664119,6.71344590158e-06
88.8,-9.85149789487e-05,-0.00429909539183,6.64964443968e-06
88.85,-9.76073487936e-05,-0.00429550962965,6.58647101447e-06
88.9,-9.67079548697e-05,-0.00429193264263,6.5239038988e-06
88.95,-9.58167242013e-05,-0.00428836439655,6.46195186137e-06
89.0,-9.49335844362e-05,-0.00428480485697,6.40059870647e-06
89.05,-9.40584638371e-05,-0.00428125398969,6.33984508951e-06
89.1,-9.31912912791e-05,-0.00427771176045,6.27968051101e-06
89.15,-9.23319962434e-05,-0.00427418730453,6.22009857752e-06
89.2,-9.14805074952e-05,-0.00427070341433,6.16108765164e-06
89.25,-9.06367558168e-05,-0.00426722803103,6.10264724278e-06
89.3,-8.98006725283e-05,-0.00426376112021,6.04476665336e-06
89.35,-8.89721895352e-05,-0.00426030264756,5.98745448266e-06
89.4,-8.81512393269e-05,-0.00425685257865,5.93069098689e-06
89.45,-8.73377549676e-05,-0.00425341087929,5.87448417761e-06
89.5,-8.65316700958e-05,-0.00424997751519,5.81881937157e-06
89.55,-8.57329189169e-05,-0.00424655245225,5.76369720401e-06
89.6,-8.49414362001e-05,-0.00424313565634,5.70910816867e-06
89.65,-8.41571572729e-05,-0.00423972709347,5.65504649148e-06
89.7,-8.33800180171e-05,-0.00423632672973,5.60150144696e-06
89.75,-8.26099548638e-05,-0.00423293453135,5.54847264051e-06
89.8,-8.184690479e-05,-0.00422955046456,5.49595038937e-06
89.85,-8.10912105693e-05,-0.00422617449575,5.44394255497e-06
89.9,-8.03423971035e-05,-0.00422280659237,5.39243122999e-06
89.95,-7.96004030941e-05,-0.00421944672092,5.34142374047e-06
90.0,-7.88651677711e-05,-0.00421609484778,5.29090677691e-06
90.05,-7.81366308856e-05,-0.00421277404126,5.24088095747e-06
90.1,-7.74147313053e-05,-0.00420946912913,5.19133789474e-06
90.15,-7.66994104608e-05,-0.00420617207322,5.14227227822e-06
90.2,-7.59906096765e-05,-0.00420288283999,5.09367438923e-06
90.25,-7.52882707807e-05,-0.00419960139605,5.04554390268e-06
90.3,-7.45923361036e-05,-0.00419632770805,4.99787204694e-06
90.35,-7.39027484714e-05,-0.0041930662956,4.95066600404e-06
90.4,-7.32194510931e-05,-0.00418981456057,4.90390953791e-06
90.45,-7.25423877327e-05,-0.00418657049531,4.8576093501e-06
90.5,-7.18715026903e-05,-0.00418333406657,4.81175336806e-06
90.55,-7.12067407455e-05,-0.00418010524131,4.76634218482e-06
90.6,-7.05480471558e-05,-0.00417688398648,4.72136800623e-06
90.65,-6.9895367651e-05,-0.00417367048958,4.67682612318e-06
90.7,-6.92486484253e-05,-0.00417047154699,4.63270773128e-06
90.75,-6.86078359809e-05,-0.0041672800917,4.58901259316e-06
90.8,-6.79728774499e-05,-0.00416409609097,4.54573276283e-06
90.85,-6.73440569756e-05,-0.00416091951219,4.50287480419e-06
90.9,-6.67209794784e-05,-0.00415775032371,4.46042396656e-06
90.95,-6.61035935473e-05,-0.00415458849307,4.41838636989e-06
91.0,-6.54918482179e-05,-0.00415146104613,4.37675106453e-06
91.05,-6.48856917656e-05,-0.00414834231594,4.33551880758e-06
91.1,-6.42850747317e-05,-0.00414523080712,4.2946824425e-06
91.15,-6.36899474883e-05,-0.00414212648724,4.25423771215e-06
91.2,-6.31002608384e-05,-0.00413902932397,4.21417663291e-06
91.25,-6.25159660107e-05,-0.00413593928514,4.17449899161e-06
91.3,-6.19370146582e-05,-0.00413285633863,4.13519758617e-06
91.35,-6.13633588529e-05,-0.00412978045245,4.09627841355e-06
91.4,-5.98751438146e-05,-0.00412671159458,4.05772807969e-06
91.45,-5.79398088202e-05,-0.00412364703705,4.01954928723e-06
91.5,-5.74030349873e-05,-0.00412058543886,3.98173078939e-06
91.55,-5.68711732192e-05,-0.00411753088001,3.94427757276e-06
91.6,-5.63441794229e-05,-0.00411448332769,3.90718323341e-06
91.65,-5.58220098887e-05,-0.00411144274922,3.8704439195e-06
91.7,-5.53046212868e-05,-0.00410840911208,3.83405238857e-06
91.75,-5.47919706646e-05,-0.00410538238386,3.79800846727e-06
91.8,-5.42840154433e-05,-0.00410236253226,3.76230562345e-06
91.85,-5.37809821872e-05,-0.00409935204071,3.7269493335e-06
91.9,-5.32825549866e-05,-0.00409635223616,3.69192743916e-06
91.95,-5.27886923763e-05,-0.00409335922631,3.6572450595e-06
92.0,-5.22993533234e-05,-0.00409038998554,3.62289317302e-06
92.05,-5.18144964112e-05,-0.00408743654318,3.58887241397e-06
92.1,-5.13340816377e-05,-0.00408448976254,3.55517692767e-06
92.15,-5.08580690511e-05,-0.00408154961172,3.5218032304e-06
92.2,-5.03864190477e-05,-0.00407862122881,3.48874475281e-06
92.25,-4.9919092284e-05,-0.00407570136123,3.45600137166e-06
92.3,-4.94560498159e-05,-0.0040727880435,3.42356716797e-06
92.35,-4.89972530725e-05,-0.00406988124411,3.39144714442e-06
92.4,-4.85426638201e-05,-0.00406698093157,3.35963024916e-06
92.45,-4.8092244159e-05,-0.0040640870746,3.32812114957e-06
92.5,-4.76459565212e-05,-0.00406119964194,3.29691165547e-06
92.55,-4.72037636672e-05,-0.00405831860254,3.26600225285e-06
92.6,-4.67656286837e-05,-0.00405544392537,3.23538767995e-06
92.65,-4.63315149804e-05,-0.00405257557962,3.20506478746e-06
92.7,-4.59013862876e-05,-0.00404971353453,3.17502761757e-06
92.75,-4.54752066534e-05,-0.00404685775957,3.14527606569e-06
92.8,-4.50529404411e-05,-0.00404400822423,3.11580476083e-06
92.85,-4.46347753903e-05,-0.0040411648982,3.08661827642e-06
92.9,-4.42204490574e-05,-0.00403832775181,3.05770657481e-06
92.95,-4.38099267995e-05,-0.00403549675495,3.02907392378e-06
93.0,-4.34031742782e-05,-0.00403267187752,3.00071288879e-06
93.05,-4.30001574561e-05,-0.00402985308962,2.9726239315e-06
93.1,-4.26008425954e-05,-0.00402705433828,2.94480228194e-06
93.15,-4.22051957296e-05,-0.00402427125021,2.91724517914e-06
93.2,-4.18131839248e-05,-0.00402149412951,2.88994718358e-06
93.25,-4.1424774337e-05,-0.00401872294658,2.8629082162e-06
93.3,-4.10399344113e-05,-0.00401595767188,2.83612340418e-06
93.35,-4.06586318789e-05,-0.00401319884433,2.80959692624e-06
93.4,-4.02808347478e-05,-0.00401045154814,2.78331966206e-06
93.45,-3.990651124e-05,-0.00400771008578,2.75729552427e-06
93.5,-3.95356299345e-05,-0.00400497442806,2.73151776027e-06
93.55,-3.91681596873e-05,-0.00400224454595,2.7059868049e-06
93.6,-3.88040696286e-05,-0.00399952041051,2.68069833053e-06
93.65,-3.84433291606e-05,-0.00399680199294,2.6556497591e-06
93.7,-3.80859079557e-05,-0.00399409221755,2.63083618492e-06
93.75,-3.77317759163e-05,-0.00399139211547,2.60625755778e-06
93.8,-3.73809031993e-05,-0.00398869766069,2.58190946516e-06
93.85,-3.70334453515e-05,-0.00398600882484,2.55779572594e-06
93.9,-3.66891844019e-05,-0.00398332558007,2.53390805107e-06
93.95,-3.6348091394e-05,-0.00398064789821,2.51025000559e-06
94.0,-3.6010137627e-05,-0.00397797575115,2.48681545656e-06
94.05,-3.56752946536e-05,-0.00397530911093,2.46360481426e-06
94.1,-3.53435342782e-05,-0.00397264794968,2.4406141529e-06
94.15,-3.50148285539e-05,-0.00396999223968,2.41784113929e-06
94.2,-3.46891497814e-05,-0.00396734195334,2.39528132079e-06
94.25,-3.43664705061e-05,-0.0039646970632,2.37293465959e-06
94.3,-3.40467635166e-05,-0.00396206667615,2.35079714424e-06
94.35,-3.37300015046e-05,-0.00395945373522,2.32887232187e-06
94.4,-3.34161578526e-05,-0.00395684607994,2.30715263951e-06
94.45,-3.31052060745e-05,-0.00395424368315,2.28564135499e-06
94.5,-3.27971199193e-05,-0.00395164651775,2.26433289583e-06
94.55,-3.24918733685e-05,-0.00394905455681,2.24322764715e-06
94.6,-3.2189440634e-05,-0.00394646777349,2.22232204574e-06
94.65,-3.18897961566e-05,-0.00394388614109,2.20161397832e-06
94.7,-3.15929146036e-05,-0.00394130963304,2.18109940146e-06
94.75,-3.12987708671e-05,-0.00393873822291,2.16077829162e-06
94.8,-3.10073400622e-05,-0.00393617188438,2.14064700673e-06
94.85,-3.07187510427e-05,-0.00393361059126,2.12070873605e-06
94.9,-3.04328228337e-05,-0.0039310591431,2.10095662979e-06
94.95,-3.01495312036e-05,-0.00392851399794,2.08139367434e-06
95.0,-2.98688521728e-05,-0.00392597383394,2.06201480863e-06
95.05,-2.95907619875e-05,-0.00392343862525,2.04282039436e-06
95.1,-2.93152371053e-05,-0.00392090834611,2.02380719753e-06
95.15,-2.90422541927e-05,-0.00391838297091,2.00497330432e-06
95.2,-2.87717901239e-05,-0.00391586330123,1.98631504296e-06
95.25,-2.8503821971e-05,-0.00391335448104,1.96783240363e-06
95.3,-2.82383269623e-05,-0.00391085050369,1.94952208907e-06
95.35,-2.79752825861e-05,-0.00390835134393,1.93138701348e-06
95.4,-2.77146665312e-05,-0.00390585697657,1.91342094795e-06
95.45,-2.74564566849e-05,-0.00390336737661,1.8956266144e-06
95.5,-2.7200631132e-05,-0.0039008825191,1.87799941115e-06
95.55,-2.6947168152e-05,-0.00389840237926,1.86053967714e-06
95.6,-2.66960462184e-05,-0.00389592693238,1.84324447637e-06
95.65,-2.64472439965e-05,-0.003893471389,1.82611207499e-06
95.7,-2.62007400482e-05,-0.00389102421357,1.80913918774e-06
95.75,-2.59565135587e-05,-0.00388858163338,1.79232578956e-06
95.8,-2.57145437656e-05,-0.00388614362406,1.77566887653e-06
95.85,-2.54749374034e-05,-0.0038837101614,1.75917111106e-06
95.9,-2.52375442667e-05,-0.00388128122158,1.74282682785e-06
95.95,-2.50023441805e-05,-0.0038788567806,1.72663851397e-06
96.0,-2.47693171504e-05,-0.00387643681454,1.71060198579e-06
96.05,-2.45384433601e-05,-0.00387402129959,1.69471755969e-06
96.1,-2.43097031705e-05,-0.00387161021208,1.67898256893e-06
96.15,-2.4083077118e-05,-0.00386920352845,1.66339544163e-06
96.2,-2.38585459127e-05,-0.00386680122526,1.64795314721e-06
96.25,-2.36360904372e-05,-0.00386440327922,1.63265569179e-06
96.3,-2.3415691745e-05,-0.0038620096671,1.61750034714e-06
96.35,-2.31973310591e-05,-0.00385962036586,1.60248954644e-06
96.4,-2.29809897707e-05,-0.00385723826581,1.58761813672e-06
96.45,-2.27666494155e-05,-0.00385486353175,1.57288839499e-06
96.5,-2.25542916941e-05,-0.00385249305317,1.55829652164e-06
96.55,-2.23438984946e-05,-0.00385012680733,1.54384281212e-06
96.6,-2.2135451867e-05,-0.00384776477158,1.52952484427e-06
96.65,-2.19289340225e-05,-0.0038454069234,1.51534119322e-06
96.7,-2.17243273315e-05,-0.00384305324038,1.50128910503e-06
96.75,-2.15216143222e-05,-0.00384070917728,1.48736859211e-06
96.8,-2.13207776417e-05,-0.00383837046385,1.47357718229e-06
96.85,-2.11219056805e-05,-0.00383603586389,1.45991710013e-06
96.9,-2.09248738024e-05,-0.00383370535556,1.44638365753e-06
96.95,-2.07296651863e-05,-0.00383137891692,1.43297893175e-06
97.0,-2.05362631624e-05,-0.00382905652607,1.41969946384e-06
97.05,-2.03446512101e-05,-0.00382673816128,1.40654552923e-06
97.1,-2.01548129571e-05,-0.0038244285598,1.39351492737e-06
97.15,-1.99667320374e-05,-0.00382213500553,1.38060639039e-06
97.2,-1.97803924075e-05,-0.00381984539299,1.367817409e-06
97.25,-1.95957781365e-05,-0.00381755970073,1.35514799968e-06
97.3,-1.94128734364e-05,-0.00381527790742,1.34259590918e-06
97.35,-1.92316626608e-05,-0.00381299999186,1.33016316828e-06
97.4,-1.90521303044e-05,-0.00381072593289,1.31784551073e-06
97.45,-1.88742610008e-05,-0.00380845570954,1.30564483437e-06
97.5,-1.86980395219e-05,-0.00380618930087,1.29355799276e-06
97.55,-1.85234507764e-05,-0.00380392668612,1.28158524192e-06
97.6,-1.8350479809e-05,-0.00380166784459,1.26972458183e-06
97.65,-1.81791117988e-05,-0.0037994127557,1.25797484009e-06
97.7,-1.8009332058e-05,-0.00379716139901,1.24633374079e-06
97.75,-1.78411260314e-05,-0.00379491375418,1.23480130435e-06
97.8,-1.76744792946e-05,-0.00379266980095,1.22337548295e-06
97.85,-1.75094650572e-05,-0.00379042951922,1.2120581323e-06
97.9,-1.7345979928e-05,-0.00378819396201,1.20084537025e-06
97.95,-1.71840098883e-05,-0.00378596686548,1.18973893229e-06
98.0,-1.7023541025e-05,-0.00378374339399,1.17873596099e-06
98.05,-1.68645595777e-05,-0.0037815235277,1.1678366944e-06
98.1,-1.67070519103e-05,-0.0037793072469,1.15703931473e-06
98.15,-1.65510045095e-05,-0.00377709453195,1.14634275824e-06
98.2,-1.63964039836e-05,-0.00377488536335,1.13574495553e-06
98.25,-1.62432370617e-05,-0.00377268310878,1.12524592969e-06
98.3,-1.6091490575e-05,-0.00377048755647,1.11484382209e-06
98.35,-1.59411514748e-05,-0.00376829550727,1.10454033097e-06
98.4,-1.57922068476e-05,-0.00376610694193,1.09433192256e-06
98.45,-1.56446438962e-05,-0.00376392184135,1.08422018151e-06
98.5,-1.54984499388e-05,-0.00376174018651,1.0742025036e-06
98.55,-1.53536124083e-05,-0.00375956195849,1.0642791099e-06
98.6,-1.5210118851e-05,-0.00375738713849,1.05444834785e-06
98.65,-1.50679569257e-05,-0.00375521570778,1.04470925203e-06
98.7,-1.49271144027e-05,-0.00375304764778,1.03505994044e-06
98.75,-1.47875791627e-05,-0.00375088824014,1.02550043797e-06
98.8,-1.46493391002e-05,-0.0037487416825,1.01602906852e-06
98.85,-1.45124548692e-05,-0.0037465984253,1.006647376e-06
98.9,-1.43768407247e-05,-0.00374445845038,9.97352143369e-07
98.95,-1.42424850034e-05,-0.00374232173952,9.88144818229e-07
99.0,-1.41093761477e-05,-0.00374018827458,9.79023030491e-07
99.05,-1.39775027043e-05,-0.00373805803754,9.69986984941e-07
99.1,-1.38468533233e-05,-0.00373593101046,9.61035178705e-07
99.15,-1.37174167578e-05,-0.0037338071755,9.5216673511e-07
99.2,-1.35891818622e-05,-0.00373168651494,9.43379942027e-07
99.25,-1.34621375922e-05,-0.00372956901117,9.3467482525e-07
99.3,-1.33362730029e-05,-0.00372745464665,9.26049844906e-07
99.35,-1.32115772489e-05,-0.00372534340396,9.1750641579e-07
99.4,-1.30880395829e-05,-0.00372323526576,9.09041609107e-07
99.45,-1.29656493548e-05,-0.00372113530957,9.00656747646e-07
99.5,-1.28443959897e-05,-0.00371903913741,8.9234967825e-07
99.55,-1.27242690274e-05,-0.00371694603113,8.84120591228e-07
99.6,-1.26052581058e-05,-0.00371485597368,8.75968119833e-07
99.65,-1.24873529562e-05,-0.00371276894808,8.6789146802e-07
99.7,-1.23705434034e-05,-0.00371068493748,8.59889078176e-07
99.75,-1.22548193643e-05,-0.00370860529597,8.5196097674e-07
99.8,-1.21401708416e-05,-0.00370653372967,8.44105763958e-07
99.85,-1.20266480182e-05,-0.00370446514278,8.36324735775e-07
99.9,-1.1914179796e-05,-0.00370239951886,8.28615225254e-07
99.95,-1.18027564712e-05,-0.00370033684139,8.20978440766e-07
100.0,-1.16923684279e-05,-0.00369827709393,8.13412418815e-07
