"time","AMPA","NMDA","GABAa"
0.0,0.0,0.0,0.0
0.05,0.0,0.0,0.0
0.1,0.0,0.0,0.0
0.15,0.0,0.0,0.0
0.2,0.0,0.0,0.0
0.25,0.0,0.0,0.0
0.3,0.0,0.0,0.0
0.35,0.0,0.0,0.0
0.4,0.0,0.0,0.0
0.45,0.0,0.0,0.0
0.5,0.0,0.0,0.0
0.55,0.0,0.0,0.0
0.6,0.0,0.0,0.0
0.65,0.0,0.0,0.0
0.7,0.0,0.0,0.0
0.75,0.0,0.0,0.0
0.8,0.0,0.0,0.0
0.85,0.0,0.0,0.0
0.9,0.0,0.0,0.0
0.95,0.0,0.0,0.0
1.0,0.0,0.0,0.0
1.05,0.0,0.0,0.0
1.1,0.0,0.0,0.0
1.15,0.0,0.0,0.0
1.2,0.0,0.0,0.0
1.25,0.0,0.0,0.0
1.3,0.0,0.0,0.0
1.35,0.0,0.0,0.0
1.4,0.0,0.0,0.0
1.45,0.0,0.0,0.0
1.5,0.0,0.0,0.0
1.55,0.0,0.0,0.0
1.6,0.0,0.0,0.0
1.65,0.0,0.0,0.0
1.7,0.0,0.0,0.0
1.75,0.0,0.0,0.0
1.8,0.0,0.0,0.0
1.85,0.0,0.0,0.0
1.9,0.0,0.0,0.0
1.95,0.0,0.0,0.0
2.0,0.0,0.0,0.0
2.05,0.0,0.0,0.0
2.1,0.0,0.0,0.0
2.15,0.0,0.0,0.0
2.2,0.0,0.0,0.0
2.25,0.0,0.0,0.0
2.3,0.0,0.0,0.0
2.35,0.0,0.0,0.0
2.4,0.0,0.0,0.0
2.45,0.0,0.0,0.0
2.5,0.0,0.0,0.0
2.55,0.0,0.0,0.0
2.6,0.0,0.0,0.0
2.65,0.0,0.0,0.0
2.7,0.0,0.0,0.0
2.75,0.0,0.0,0.0
2.8,0.0,0.0,0.0
2.85,0.0,0.0,0.0
2.9,0.0,0.0,0.0
2.95,0.0,0.0,0.0
3.0,0.0,0.0,0.0
3.05,0.0,0.0,0.0
3.1,0.0,0.0,0.0
3.15,0.0,0.0,0.0
3.2,0.0,0.0,0.0
3.25,0.0,0.0,0.0
3.3,0.0,0.0,0.0
3.35,0.0,0.0,0.0
3.4,0.0,0.0,0.0
3.45,0.0,0.0,0.0
3.5,0.0,0.0,0.0
3.55,0.0,0.0,0.0
3.6,0.0,0.0,0.0
3.65,0.0,0.0,0.0
3.7,0.0,0.0,0.0
3.75,0.0,0.0,0.0
3.8,0.0,0.0,0.0
3.85,0.0,0.0,0.0
3.9,0.0,0.0,0.0
3.95,0.0,0.0,0.0
4.0,0.0,0.0,0.0
4.05,0.0,0.0,0.0
4.1,0.0,0.0,0.0
4.15,0.0,0.0,0.0
4.2,0.0,0.0,0.0
4.25,0.0,0.0,0.0
4.3,0.0,0.0,0.0
4.35,0.0,0.0,0.0
4.4,0.0,0.0,0.0
4.45,0.0,0.0,0.0
4.5,0.0,0.0,0.0
4.55,0.0,0.0,0.0
4.6,0.0,0.0,0.0
4.65,0.0,0.0,0.0
4.7,0.0,0.0,0.0
4.75,0.0,0.0,0.0
4.8,0.0,0.0,0.0
4.85,0.0,0.0,0.0
4.9,0.0,0.0,0.0
4.95,0.0,0.0,0.0
5.0,0.0,0.0,0.0
5.05,0.0,0.0,0.0
5.1,0.0,0.0,0.0
5.15,0.0,0.0,0.0
5.2,0.0,0.0,0.0
5.25,0.0,0.0,0.0
5.3,0.0,0.0,0.0
5.35,0.0,0.0,0.0
5.4,0.0,0.0,0.0
5.45,0.0,0.0,0.0
5.5,0.0,0.0,0.0
5.55,0.0,0.0,0.0
5.6,0.0,0.0,0.0
5.65,0.0,0.0,0.0
5.7,0.0,0.0,0.0
5.75,0.0,0.0,0.0
5.8,0.0,0.0,0.0
5.85,0.0,0.0,0.0
5.9,0.0,0.0,0.0
5.95,0.0,0.0,0.0
6.0,0.0,0.0,0.0
6.05,0.0,0.0,0.0
6.1,0.0,0.0,0.0
6.15,0.0,0.0,0.0
6.2,0.0,0.0,0.0
6.25,0.0,0.0,0.0
6.3,0.0,0.0,0.0
6.35,0.0,0.0,0.0
6.4,0.0,0.0,0.0
6.45,0.0,0.0,0.0
6.5,0.0,0.0,0.0
6.55,0.0,0.0,0.0
6.6,0.0,0.0,0.0
6.65,0.0,0.0,0.0
6.7,0.0,0.0,0.0
6.75,0.0,0.0,0.0
6.8,0.0,0.0,0.0
6.85,0.0,0.0,0.0
6.9,0.0,0.0,0.0
6.95,0.0,0.0,0.0
7.0,0.0,0.0,0.0
7.05,0.0,0.0,0.0
7.1,0.0,0.0,0.0
7.15,0.0,0.0,0.0
7.2,0.0,0.0,0.0
7.25,0.0,0.0,0.0
7.3,0.0,0.0,0.0
7.35,0.0,0.0,0.0
7.4,0.0,0.0,0.0
7.45,0.0,0.0,0.0
7.5,0.0,0.0,0.0
7.55,0.0,0.0,0.0
7.6,0.0,0.0,0.0
7.65,0.0,0.0,0.0
7.7,0.0,0.0,0.0
7.75,0.0,0.0,0.0
7.8,0.0,0.0,0.0
7.85,0.0,0.0,0.0
7.9,0.0,0.0,0.0
7.95,0.0,0.0,0.0
8.0,0.0,0.0,0.0
8.05,0.0,0.0,0.0
8.1,0.0,0.0,0.0
8.15,0.0,0.0,0.0
8.2,0.0,0.0,0.0
8.25,0.0,0.0,0.0
8.3,0.0,0.0,0.0
8.35,0.0,0.0,0.0
8.4,0.0,0.0,0.0
8.45,0.0,0.0,0.0
8.5,0.0,0.0,0.0
8.55,0.0,0.0,0.0
8.6,0.0,0.0,0.0
8.65,0.0,0.0,0.0
8.7,0.0,0.0,0.0
8.75,0.0,0.0,0.0
8.8,0.0,0.0,0.0
8.85,0.0,0.0,0.0
8.9,0.0,0.0,0.0
8.95,0.0,0.0,0.0
9.0,0.0,0.0,0.0
9.05,0.0,0.0,0.0
9.1,0.0,0.0,0.0
9.15,0.0,0.0,0.0
9.2,0.0,0.0,0.0
9.25,0.0,0.0,0.0
9.3,0.0,0.0,0.0
9.35,0.0,0.0,0.0
9.4,0.0,0.0,0.0
9.45,0.0,0.0,0.0
9.5,0.0,0.0,0.0
9.55,0.0,0.0,0.0
9.6,0.0,0.0,0.0
9.65,0.0,0.0,0.0
9.7,0.0,0.0,0.0
9.75,0.0,0.0,0.0
9.8,0.0,0.0,0.0
9.85,0.0,0.0,0.0
9.9,0.0,0.0,0.0
9.95,0.0,0.0,0.0
10.0,0.0,0.0,0.0
10.05,0.0,0.0,0.0
10.1,0.0,0.0,0.0
10.15,0.0,0.0,0.0
10.2,0.0,0.0,0.0
10.25,0.0,0.0,0.0
10.3,0.0,0.0,0.0
10.35,0.0,0.0,0.0
10.4,0.0,0.0,0.0
10.45,0.0,0.0,0.0
10.5,0.0,0.0,0.0
10.55,0.0,0.0,0.0
10.6,0.0,0.0,0.0
10.65,0.0,0.0,0.0
10.7,0.0,0.0,0.0
10.75,0.0,0.0,0.0
10.8,0.0,0.0,0.0
10.85,0.0,0.0,0.0
10.9,0.0,0.0,0.0
10.95,0.0,0.0,0.0
11.0,0.0,0.0,0.0
11.05,0.0,0.0,0.0
11.1,0.0,0.0,0.0
11.15,0.0,0.0,0.0
11.2,0.0,0.0,0.0
11.25,0.0,0.0,0.0
11.3,0.0,0.0,0.0
11.35,0.0,0.0,0.0
11.4,0.0,0.0,0.0
11.45,0.0,0.0,0.0
11.5,0.0,0.0,0.0
11.55,0.0,0.0,0.0
11.6,0.0,0.0,0.0
11.65,0.0,0.0,0.0
11.7,0.0,0.0,0.0
11.75,0.0,0.0,0.0
11.8,0.0,0.0,0.0
11.85,0.0,0.0,0.0
11.9,0.0,0.0,0.0
11.95,0.0,0.0,0.0
12.0,0.0,0.0,0.0
12.05,0.0,0.0,0.0
12.1,0.0,0.0,0.0
12.15,0.0,0.0,0.0
12.2,0.0,0.0,0.0
12.25,0.0,0.0,0.0
12.3,0.0,0.0,0.0
12.35,0.0,0.0,0.0
12.4,0.0,0.0,0.0
12.45,0.0,0.0,0.0
12.5,0.0,0.0,0.0
12.55,0.0,0.0,0.0
12.6,0.0,0.0,0.0
12.65,0.0,0.0,0.0
12.7,0.0,0.0,0.0
12.75,0.0,0.0,0.0
12.8,0.0,0.0,0.0
12.85,0.0,0.0,0.0
12.9,0.0,0.0,0.0
12.95,0.0,0.0,0.0
13.0,0.0,0.0,0.0
13.05,0.0,0.0,0.0
13.1,0.0,0.0,0.0
13.15,0.0,0.0,0.0
13.2,0.0,0.0,0.0
13.25,0.0,0.0,0.0
13.3,0.0,0.0,0.0
13.35,0.0,0.0,0.0
13.4,0.0,0.0,0.0
13.45,0.0,0.0,0.0
13.5,0.0,0.0,0.0
13.55,0.0,0.0,0.0
13.6,0.0,0.0,0.0
13.65,0.0,0.0,0.0
13.7,0.0,0.0,0.0
13.75,0.0,0.0,0.0
13.8,0.0,0.0,0.0
13.85,0.0,0.0,0.0
13.9,0.0,0.0,0.0
13.95,0.0,0.0,0.0
14.0,0.0,0.0,0.0
14.05,0.0,0.0,0.0
14.1,0.0,0.0,0.0
14.15,0.0,0.0,0.0
14.2,0.0,0.0,0.0
14.25,0.0,0.0,0.0
14.3,0.0,0.0,0.0
14.35,0.0,0.0,0.0
14.4,0.0,0.0,0.0
14.45,0.0,0.0,0.0
14.5,0.0,0.0,0.0
14.55,0.0,0.0,0.0
14.6,0.0,0.0,0.0
14.65,0.0,0.0,0.0
14.7,0.0,0.0,0.0
14.75,0.0,0.0,0.0
14.8,0.0,0.0,0.0
14.85,0.0,0.0,0.0
14.9,0.0,0.0,0.0
14.95,0.0,0.0,0.0
15.0,0.0,0.0,0.0
15.05,0.0,0.0,0.0
15.1,0.0,0.0,0.0
15.15,0.0,0.0,0.0
15.2,0.0,0.0,0.0
15.25,0.0,0.0,0.0
15.3,0.0,0.0,0.0
15.35,0.0,0.0,0.0
15.4,0.0,0.0,0.0
15.45,0.0,0.0,0.0
15.5,0.0,0.0,0.0
15.55,0.0,0.0,0.0
15.6,0.0,0.0,0.0
15.65,0.0,0.0,0.0
15.7,0.0,0.0,0.0
15.75,0.0,0.0,0.0
15.8,0.0,0.0,0.0
15.85,0.0,0.0,0.0
15.9,0.0,0.0,0.0
15.95,0.0,0.0,0.0
16.0,0.0,0.0,0.0
16.05,0.0,0.0,0.0
16.1,0.0,0.0,0.0
16.15,0.0,0.0,0.0
16.2,0.0,0.0,0.0
16.25,0.0,0.0,0.0
16.3,0.0,0.0,0.0
16.35,0.0,0.0,0.0
16.4,0.0,0.0,0.0
16.45,0.0,0.0,0.0
16.5,0.0,0.0,0.0
16.55,0.0,0.0,0.0
16.6,0.0,0.0,0.0
16.65,0.0,0.0,0.0
16.7,0.0,0.0,0.0
16.75,0.0,0.0,0.0
16.8,0.0,0.0,0.0
16.85,0.0,0.0,0.0
16.9,0.0,0.0,0.0
16.95,0.0,0.0,0.0
17.0,0.0,0.0,0.0
17.05,0.0,0.0,0.0
17.1,0.0,0.0,0.0
17.15,0.0,0.0,0.0
17.2,0.0,0.0,0.0
17.25,0.0,0.0,0.0
17.3,0.0,0.0,0.0
17.35,0.0,0.0,0.0
17.4,0.0,0.0,0.0
17.45,0.0,0.0,0.0
17.5,0.0,0.0,0.0
17.55,0.0,0.0,0.0
17.6,0.0,0.0,0.0
17.65,0.0,0.0,0.0
17.7,0.0,0.0,0.0
17.75,0.0,0.0,0.0
17.8,0.0,0.0,0.0
17.85,0.0,0.0,0.0
17.9,0.0,0.0,0.0
17.95,0.0,0.0,0.0
18.0,0.0,0.0,0.0
18.05,0.0,0.0,0.0
18.1,0.0,0.0,0.0
18.15,0.0,0.0,0.0
18.2,0.0,0.0,0.0
18.25,0.0,0.0,0.0
18.3,0.0,0.0,0.0
18.35,0.0,0.0,0.0
18.4,0.0,0.0,0.0
18.45,0.0,0.0,0.0
18.5,0.0,0.0,0.0
18.55,0.0,0.0,0.0
18.6,0.0,0.0,0.0
18.65,0.0,0.0,0.0
18.7,0.0,0.0,0.0
18.75,0.0,0.0,0.0
18.8,0.0,0.0,0.0
18.85,0.0,0.0,0.0
18.9,0.0,0.0,0.0
18.95,0.0,0.0,0.0
19.0,0.0,0.0,0.0
19.05,0.0,0.0,0.0
19.1,0.0,0.0,0.0
19.15,0.0,0.0,0.0
19.2,0.0,0.0,0.0
19.25,0.0,0.0,0.0
19.3,0.0,0.0,0.0
19.35,0.0,0.0,0.0
19.4,0.0,0.0,0.0
19.45,0.0,0.0,0.0
19.5,0.0,0.0,0.0
19.55,0.0,0.0,0.0
19.6,0.0,0.0,0.0
19.65,0.0,0.0,0.0
19.7,0.0,0.0,0.0
19.75,0.0,0.0,0.0
19.8,0.0,0.0,0.0
19.85,0.0,0.0,0.0
19.9,0.0,0.0,0.0
19.95,0.0,0.0,0.0
20.0,0.0,0.0,0.0
20.05,0.0,0.0,0.0
20.1,0.0,0.0,0.0
20.15,0.0,0.0,0.0
20.2,0.0,0.0,0.0
20.25,0.0,0.0,0.0
20.3,0.0,0.0,0.0
20.35,0.0,0.0,0.0
20.4,0.0,0.0,0.0
20.45,0.0,0.0,0.0
20.5,0.0,0.0,0.0
20.55,0.0,0.0,0.0
20.6,0.0,0.0,0.0
20.65,0.0,0.0,0.0
20.7,0.0,0.0,0.0
20.75,0.0,0.0,0.0
20.8,0.0,0.0,0.0
20.85,0.0,0.0,0.0
20.9,0.0,0.0,0.0
20.95,0.0,0.0,0.0
21.0,0.0,0.0,0.0
21.05,0.0,0.0,0.0
21.1,0.0,0.0,0.0
21.15,0.0,0.0,0.0
21.2,0.0,0.0,0.0
21.25,0.0,0.0,0.0
21.3,0.0,0.0,0.0
21.35,0.0,0.0,0.0
21.4,0.0,0.0,0.0
21.45,0.0,0.0,0.0
21.5,0.0,0.0,0.0
21.55,0.0,0.0,0.0
21.6,0.0,0.0,0.0
21.65,0.0,0.0,0.0
21.7,0.0,0.0,0.0
21.75,0.0,0.0,0.0
21.8,0.0,0.0,0.0
21.85,0.0,0.0,0.0
21.9,0.0,0.0,0.0
21.95,0.0,0.0,0.0
22.0,0.0,0.0,0.0
22.05,0.0,0.0,0.0
22.1,0.0,0.0,0.0
22.15,0.0,0.0,0.0
22.2,0.0,0.0,0.0
22.25,0.0,0.0,0.0
22.3,0.0,0.0,0.0
22.35,0.0,0.0,0.0
22.4,0.0,0.0,0.0
22.45,0.0,0.0,0.0
22.5,0.0,0.0,0.0
22.55,0.0,0.0,0.0
22.6,0.0,0.0,0.0
22.65,0.0,0.0,0.0
22.7,0.0,0.0,0.0
22.75,0.0,0.0,0.0
22.8,0.0,0.0,0.0
22.85,0.0,0.0,0.0
22.9,0.0,0.0,0.0
22.95,0.0,0.0,0.0
23.0,0.0,0.0,0.0
23.05,0.0,0.0,0.0
23.1,0.0,0.0,0.0
23.15,0.0,0.0,0.0
23.2,0.0,0.0,0.0
23.25,0.0,0.0,0.0
23.3,0.0,0.0,0.0
23.35,0.0,0.0,0.0
23.4,0.0,0.0,0.0
23.45,0.0,0.0,0.0
23.5,0.0,0.0,0.0
23.55,0.0,0.0,0.0
23.6,0.0,0.0,0.0
23.65,0.0,0.0,0.0
23.7,0.0,0.0,0.0
23.75,0.0,0.0,0.0
23.8,0.0,0.0,0.0
23.85,0.0,0.0,0.0
23.9,0.0,0.0,0.0
23.95,0.0,0.0,0.0
24.0,0.0,0.0,0.0
24.05,0.0,0.0,0.0
24.1,0.0,0.0,0.0
24.15,0.0,0.0,0.0
24.2,0.0,0.0,0.0
24.25,0.0,0.0,0.0
24.3,0.0,0.0,0.0
24.35,0.0,0.0,0.0
24.4,0.0,0.0,0.0
24.45,0.0,0.0,0.0
24.5,0.0,0.0,0.0
24.55,0.0,0.0,0.0
24.6,0.0,0.0,0.0
24.65,0.0,0.0,0.0
24.7,0.0,0.0,0.0
24.75,0.0,0.0,0.0
24.8,0.0,0.0,0.0
24.85,0.0,0.0,0.0
24.9,0.0,0.0,0.0
24.95,0.0,0.0,0.0
25.0,0.0,0.0,0.0
25.05,0.0,0.0,0.0
25.1,0.0,0.0,0.0
25.15,0.0,0.0,0.0
25.2,0.0,0.0,0.0
25.25,0.0,0.0,0.0
25.3,0.0,0.0,0.0
25.35,0.0,0.0,0.0
25.4,0.0,0.0,0.0
25.45,0.0,0.0,0.0
25.5,0.0,0.0,0.0
25.55,0.0,0.0,0.0
25.6,0.0,0.0,0.0
25.65,0.0,0.0,0.0
25.7,0.0,0.0,0.0
25.75,0.0,0.0,0.0
25.8,0.0,0.0,0.0
25.85,0.0,0.0,0.0
25.9,0.0,0.0,0.0
25.95,0.0,0.0,0.0
26.0,0.0,0.0,0.0
26.05,0.0,0.0,0.0
26.1,0.0,0.0,0.0
26.15,0.0,0.0,0.0
26.2,0.0,0.0,0.0
26.25,0.0,0.0,0.0
26.3,0.0,0.0,0.0
26.35,0.0,0.0,0.0
26.4,0.0,0.0,0.0
26.45,0.0,0.0,0.0
26.5,0.0,0.0,8.57125163177e-17
26.55,0.0,0.0,0.000115825982257
26.6,0.0,0.0,0.0003208138227
26.65,0.0,0.0,0.000478137865159
26.7,0.0,0.0,0.000598285755267
26.75,0.0,0.0,0.000804307013675
26.8,0.0,0.0,0.000960255226541
26.85,0.0,0.0,0.00119081518148
26.9,0.0,0.0,0.00136310382744
26.95,0.0,0.0,0.00149022271791
27.0,0.0,0.0,0.00158251574902
27.05,0.0,0.0,0.00175771175923
27.1,0.0,0.0,0.00188414145502
27.15,0.0,0.0,0.00197312182901
27.2,0.0,0.0,0.00203349300165
27.25,0.0,0.0,0.00207211185555
27.3,0.0,0.0,0.00209426945522
27.35,0.0,0.0,0.00210403081772
27.4,0.0,0.0,0.00210451003416
27.45,0.0,0.0,0.00209808576454
27.5,0.0,0.0,0.00208585830545
27.55,0.0,0.0,0.00206564823714
27.6,0.0,0.0,0.00213477985562
27.65,0.0,0.0,0.00227107600572
27.7,0.0,0.0,0.00236113887326
27.75,0.0,0.0,0.00241329880965
27.8,0.0,0.0,0.0024391677266
27.85,0.0,0.0,0.00244269500015
27.9,0.0,0.0,0.00243249026771
27.95,0.0,0.0,0.00241232746726
28.0,0.0,0.0,0.00238445331194
28.05,0.0,0.0,0.00243105000912
28.1,0.0,0.0,0.00245174716954
28.15,0.0,0.0,0.00245328607659
28.2,0.0,0.0,0.00244081793423
28.25,0.0,0.0,0.00241825836871
28.3,0.0,0.0,0.00238856219709
28.35,0.0,0.0,0.00235395899201
28.4,0.0,0.0,0.0023161142992
28.45,0.0,0.0,0.00227627271773
28.5,0.0,0.0,0.00223535740234
28.55,0.0,0.0,0.00219354639199
28.6,0.0,0.0,0.00214881554051
28.65,0.0,0.0,0.00210232753515
28.7,0.0,0.0,0.00205704968434
28.75,0.0,0.0,0.00201309443664
28.8,0.0,0.0,0.00203501086233
28.85,0.0,0.0,0.00204061793481
28.9,0.0,0.0,0.00203424562224
28.95,0.0,0.0,0.00201919424299
29.0,0.0,0.0,0.00199752195193
29.05,0.0,0.0,0.00196935113994
29.1,0.0,0.0,0.00193854378842
29.15,0.0,0.0,0.00196440512222
29.2,0.0,0.0,0.00197334322003
29.25,0.0,0.0,0.0019698306108
29.3,0.0,0.0,0.00195727630521
29.35,0.0,0.0,0.00193827079716
29.4,0.0,0.0,0.00191785404163
29.45,0.0,0.0,0.00192368897392
29.5,0.0,0.0,0.00191923992197
29.55,0.0,0.0,0.00190876328678
29.6,0.0,0.0,0.00191001586002
29.65,0.0,0.0,0.00191133930948
29.7,0.0,0.0,0.00190444415595
29.75,0.0,0.0,0.00189125883007
29.8,0.0,0.0,0.00187208601808
29.85,0.0,0.0,0.00185021777314
29.9,0.0,0.0,0.00182660935705
29.95,0.0,0.0,0.0018019739538
30.0,0.0,0.0,0.00177823332666
30.05,0.0,0.0,0.0017646708121
30.1,0.0,0.0,0.00174800711934
30.15,0.0,0.0,0.00172784521484
30.2,0.0,0.0,0.00170667452298
30.25,0.0,0.0,0.00168498168828
30.3,0.0,0.0,0.00166312724762
30.35,0.0,0.0,0.00164137270774
30.4,0.0,0.0,0.00161973768583
30.45,0.0,0.0,0.00159532188165
30.5,0.0,0.0,0.00157163314085
30.55,0.0,0.0,0.00154862559031
30.6,0.0,0.0,0.00152480360935
30.65,0.0,0.0,0.00150032320911
30.7,0.0,0.0,0.00147681108181
30.75,0.0,0.0,0.00145423727442
30.8,0.0,0.0,0.0014325700321
30.85,0.0,0.0,0.00141177382308
30.9,0.0,0.0,0.00139181173876
30.95,0.0,0.0,0.00137265079155
31.0,0.0,0.0,0.00135418862909
31.05,0.0,0.0,0.00133498682123
31.1,0.0,0.0,0.00131655630881
31.15,0.0,0.0,0.00129986085677
31.2,0.0,0.0,0.00129577577035
31.25,0.0,0.0,0.001290325982
31.3,0.0,0.0,0.0012917858005
31.35,0.0,0.0,0.00128969935282
31.4,0.0,0.0,0.00128500949938
31.45,0.0,0.0,0.00127843970242
31.5,0.0,0.0,0.00127053588445
31.55,0.0,0.0,0.00126171659122
31.6,0.0,0.0,0.00125348245763
31.65,0.0,0.0,0.00125086410701
31.7,0.0,0.0,0.00124646050365
31.75,0.0,0.0,0.00124077216836
31.8,0.0,0.0,0.0012341801303
31.85,0.0,0.0,0.00122697435641
31.9,0.0,0.0,0.00121937270133
31.95,0.0,0.0,0.00121154208187
32.0,0.0,0.0,0.00120360319313
32.05,0.0,0.0,0.00119564957678
32.1,0.0,0.0,0.00118938316717
32.15,0.0,0.0,0.00121212571711
32.2,0.0,0.0,0.00122617288496
32.25,0.0,0.0,0.0012346351215
32.3,0.0,0.0,0.0012375614697
32.35,0.0,0.0,0.00123741710178
32.4,0.0,0.0,0.00123499731516
32.45,0.0,0.0,0.0012309140837
32.5,0.0,0.0,0.0012256311156
32.55,0.0,0.0,0.00121950444944
32.6,0.0,0.0,0.00121276032533
32.65,0.0,0.0,0.00120430329399
32.7,0.0,0.0,0.00119568731245
32.75,0.0,0.0,0.00118794524887
32.8,0.0,0.0,0.00119104310074
32.85,0.0,0.0,0.00119143926098
32.9,0.0,0.0,0.0011898233638
32.95,0.0,0.0,0.00118672706951
33.0,0.0,0.0,0.00118255393657
33.05,0.0,0.0,0.00117761460744
33.1,0.0,0.0,0.00117193936234
33.15,0.0,0.0,0.00116330041094
33.2,0.0,0.0,0.00115538894228
33.25,0.0,0.0,0.00116076185295
33.3,0.0,0.0,0.00116280613761
33.35,0.0,0.0,0.00116235397379
33.4,0.0,0.0,0.00116004558085
33.45,0.0,0.0,0.0011563734748
33.5,0.0,0.0,0.00115256769503
33.55,0.0,0.0,0.00116013975692
33.6,0.0,0.0,0.00116460576925
33.65,0.0,0.0,0.00118824561242
33.7,0.0,0.0,0.00120428169719
33.75,0.0,0.0,0.00121443680973
33.8,0.0,0.0,0.0012188919059
33.85,0.0,0.0,0.001220091668
33.9,0.0,0.0,0.00121886592098
33.95,0.0,0.0,0.00121585244934
34.0,0.0,0.0,0.00121153803953
34.05,0.0,0.0,0.00120629481937
34.1,0.0,0.0,0.00120200901695
34.15,0.0,0.0,0.00122296782881
34.2,0.0,0.0,0.0012369052968
34.25,0.0,0.0,0.00124429815509
34.3,0.0,0.0,0.00124777274076
34.35,0.0,0.0,0.00124831141446
34.4,0.0,0.0,0.00124667143855
34.45,0.0,0.0,0.00124343336539
34.5,0.0,0.0,0.00123895561262
34.55,0.0,0.0,0.00123240506801
34.6,0.0,0.0,0.00122520827583
34.65,0.0,0.0,0.00121647823014
34.7,0.0,0.0,0.00120766289703
34.75,0.0,0.0,0.0011988583089
34.8,0.0,0.0,0.00119013427764
34.85,0.0,0.0,0.00118153822327
34.9,0.0,0.0,0.00117310494367
34.95,0.0,0.0,0.00116485805212
35.0,0.0,0.0,0.00115681273814
35.05,0.0,0.0,0.001148979156
35.1,0.0,0.0,0.00114117770664
35.15,0.0,0.0,0.00113111126692
35.2,0.0,0.0,0.00112137575172
35.25,0.0,0.0,0.00111195484278
35.3,0.0,0.0,0.00110283271607
35.35,0.0,0.0,0.00109399185018
35.4,0.0,0.0,0.00108541757279
35.45,0.0,0.0,0.0010770960362
35.5,0.0,0.0,0.00107008882241
35.55,0.0,0.0,0.00106847266472
35.6,0.0,0.0,0.00106575499402
35.65,0.0,0.0,0.00106223216809
35.7,0.0,0.0,0.00105811978875
35.75,0.0,0.0,0.00105432528357
35.8,0.0,0.0,0.00106430401644
35.85,0.0,0.0,0.00107137662813
35.9,0.0,0.0,0.00108837493352
35.95,0.0,0.0,0.00110002607044
36.0,0.0,0.0,0.00110758155451
36.05,0.0,0.0,0.00111201393246
36.1,0.0,0.0,0.00111407658518
36.15,0.0,0.0,0.00111500474985
36.2,0.0,0.0,0.00113115340003
36.25,0.0,0.0,0.0011421184295
36.3,0.0,0.0,0.00114912321977
36.35,0.0,0.0,0.00115311613515
36.4,0.0,0.0,0.00115564291428
36.45,0.0,0.0,0.00116884011755
36.5,0.0,0.0,0.00117754650704
36.55,0.0,0.0,0.00118157806731
36.6,0.0,0.0,0.00118309587019
36.65,0.0,0.0,0.00118273535579
36.7,0.0,0.0,0.00118097789086
36.75,0.0,0.0,0.00117809407801
36.8,0.0,0.0,0.00117321059197
36.85,0.0,0.0,0.00116777757252
36.9,0.0,0.0,0.00116078484542
36.95,0.0,0.0,0.00115367561922
37.0,0.0,0.0,0.00114653290499
37.05,0.0,0.0,0.00113941917897
37.1,0.0,0.0,0.00113237764279
37.15,0.0,0.0,0.00112532395504
37.2,0.0,0.0,0.00111714309621
37.25,0.0,0.0,0.00110916798228
37.3,0.0,0.0,0.00110140061788
37.35,0.0,0.0,0.00109383850166
37.4,0.0,0.0,0.00108638975488
37.45,0.0,0.0,0.00107787102526
37.5,0.0,0.0,0.00106959916169
37.55,0.0,0.0,0.00106156274568
37.6,0.0,0.0,0.00105374861506
37.65,0.0,0.0,0.00104614881179
37.7,0.0,0.0,0.00103875057492
37.75,0.0,0.0,0.00103154325264
37.8,-1.63446318483e-14,-2.78281722556e-15,0.00102451774709
37.85,-0.0060439291145,-6.44848948915e-05,0.00101766381709
37.9,-0.0116932757764,-0.000129704009895,0.00103685008815
37.95,-0.0169475332766,-0.000196295400209,0.00107887347781
38.0,-0.0218155867675,-0.000265025723512,0.00114073671498
38.05,-0.0263063834891,-0.000336985347873,0.0012196773129
38.1,-0.0304330498784,-0.000412248492352,0.00131314828203
38.15,-0.0342106004373,-0.000491968879137,0.0014188234697
38.2,-0.0376542450452,-0.000576529865319,0.00153458282241
38.25,-0.0407824770874,-0.000666239450334,0.00165850456986
38.3,-0.0436110535954,-0.000762032735133,0.00178886262066
38.35,-0.0461598346717,-0.000863723078296,0.00192410165809
38.4,-0.0484447653656,-0.000972158068503,0.00206284383215
38.45,-0.0504849411076,-0.0010876411988,0.00220386033004
38.5,-0.0522964551365,-0.00121007281718,0.00234607168821
38.55,-0.0538964720649,-0.00134033967173,0.00248852698294
38.6,-0.0553007064997,-0.00147798447368,0.00263040178267
38.65,-0.0565242126304,-0.00162364555898,0.00277098852419
38.7,-0.0575818592265,-0.0017774933583,0.00290966566257
38.75,-0.0584865820493,-0.00193900276026,0.00304591490185
38.8,-0.0577523495304,-0.00200731868234,0.00317929521548
38.85,-0.0565074964789,-0.00207395396105,0.00330383062474
38.9,-0.0553161986541,-0.00213860075956,0.00341817061147
38.95,-0.0541753041878,-0.0022012220436,0.00352297791622
39.0,-0.0530818566338,-0.00226182437127,0.00361886867091
39.05,-0.0520330968826,-0.00232040214958,0.00370642569034
39.1,-0.0510264498219,-0.00237693837296,0.0037861845476
39.15,-0.0500595106621,-0.00243140547931,0.0038586608202
39.2,-0.0491300342001,-0.00248387675893,0.00392431717381
39.25,-0.0482359328873,-0.00253431501605,0.00398358762895
39.3,-0.047375230272,-0.00258285528792,0.00403688649539
39.35,-0.0465460999403,-0.00262945196658,0.00408458952755
39.4,-0.0457468211357,-0.00267416227153,0.0041270597048
39.45,-0.044975782758,-0.0027170348271,0.00416463241687
39.5,-0.0442314755673,-0.00275811044609,0.00419761532387
39.55,-0.043512484828,-0.00279744691403,0.0042263061974
39.6,-0.0428174930005,-0.0028351496219,0.00425097261327
39.65,-0.0421452454715,-0.00287117026705,0.00427188713156
39.7,-0.0414945762427,-0.00290564449813,0.00428928192454
39.75,-0.040864396373,-0.00293855807577,0.00430337850873
39.8,-0.0402536687786,-0.00297005058583,0.00431439158525
39.85,-0.0396616305307,-0.00300008098637,0.00432251265451
39.9,-0.0390871650122,-0.00302872875072,0.00432793321131
39.95,-0.0385294111844,-0.00305611892509,0.00433082927343
40.0,-0.0379875702421,-0.00308222782733,0.00433135725432
40.05,-0.0374608847616,-0.00310711233668,0.00432967544924
40.1,-0.0369486418192,-0.00313082437767,0.00432592293137
40.15,-0.0364501695285,-0.00315341143926,0.0043202486037
40.2,-0.0359648356216,-0.00317491676552,0.00431277105318
40.25,-0.0354920435577,-0.00319537992936,0.00430360726188
40.3,-0.035031230659,-0.00321483708569,0.00429287114236
40.35,-0.0345818662475,-0.00323340217685,0.0042806629053
40.4,-0.0341434518408,-0.00325104780285,0.00426708611704
40.45,-0.0337155105422,-0.00326779305567,0.0042522351964
40.5,-0.0332975958797,-0.00328366900646,0.00423619192921
40.55,-0.0328892886824,-0.00329881915752,0.00421904272853
40.6,-0.0324901855192,-0.00331314948392,0.00420086120325
40.65,-0.0320999092153,-0.00332673431333,0.00418173337018
40.7,-0.0317181057239,-0.00333964788558,0.00416171903143
40.75,-0.0313444337839,-0.00335181930697,0.00414088121366
40.8,-0.0309785761741,-0.00336342038106,0.00411928177165
40.85,-0.0346168239589,-0.00356023305381,0.00409697376642
40.9,-0.0379402361921,-0.00376731609205,0.00408432173518
40.95,-0.0409561215997,-0.00398409862108,0.00408009708018
41.0,-0.0436774094457,-0.00421072141379,0.00408314951602
41.05,-0.0461164335477,-0.00444831744669,0.00409243539616
41.1,-0.0482877040907,-0.00469521536934,0.00410698841855
41.15,-0.0502063988069,-0.00495285416397,0.00412594690671
41.2,-0.0518872745811,-0.00522055397155,0.00414851335798
41.25,-0.0533467447726,-0.00549749514738,0.004173971772
41.3,-0.05459896486,-0.00578467124481,0.00420168490359
41.35,-0.0556602809172,-0.00607997814081,0.00423108152995
41.4,-0.0565441662908,-0.00638417390805,0.00426165717376
41.45,-0.0572656899373,-0.00669661619705,0.00429296948478
41.5,-0.0578377015125,-0.00701574472654,0.00432461933681
41.55,-0.0582733685867,-0.00734235743509,0.00435627246785
41.6,-0.0585846515182,-0.00767447009167,0.00438763119502
41.65,-0.0587828888708,-0.00801218889569,0.00441845163117
41.7,-0.0588789364926,-0.00835499736234,0.00444851618824
41.75,-0.0588822319418,-0.00870096386787,0.00447764567155
41.8,-0.0578430732939,-0.00882524214353,0.0045056904235
41.85,-0.0565012094759,-0.00894078807223,0.00453011657249
41.9,-0.0552196358549,-0.0090483654793,0.00455047427444
41.95,-0.0539945011224,-0.00914823330271,0.0045670644727
42.0,-0.0528221038912,-0.00924101253266,0.0045801699146
42.05,-0.0516988776893,-0.00932725814947,0.00459007417845
42.1,-0.0506214834185,-0.00940736618728,0.0045970325701
42.15,-0.0495866852151,-0.00948181337975,0.00460131224985
42.2,-0.0485913763824,-0.00955111493601,0.00460314714733
42.25,-0.0476325888886,-0.00961569588061,0.00460276671285
42.3,-0.0467074061639,-0.00967590846482,0.00460040110741
42.35,-0.0458130362308,-0.00973216115099,0.00459626340678
42.4,-0.0449467893196,-0.00978496509988,0.00459056975516
42.45,-0.0441059989322,-0.00983446664111,0.00458352992098
42.5,-0.0432880853774,-0.0098812681472,0.00457534040602
42.55,-0.04249049864,-0.0099254404384,0.00456620699521
42.6,-0.0417107012873,-0.00996748423817,0.00455632458733
42.65,-0.0409461104669,-0.0100075706895,0.00454591181115
42.7,-0.0401941231486,-0.0100459927274,0.00453516635824
42.75,-0.0394519953937,-0.0100830991267,0.00452430429635
42.8,-0.0387168404508,-0.0101189962701,0.00451355827382
42.85,-0.0379856919592,-0.0101540762306,0.00450317637494
42.9,-0.037254802975,-0.0101884395315,0.0044934503857
42.95,-0.0365201308552,-0.0102223820425,0.00448470847816
43.0,-0.0357768502449,-0.0102560047655,0.00447733757647
43.05,-0.0350190939617,-0.0102895951926,0.00447182237857
43.1,-0.0342394154562,-0.0103231403292,0.00446876881737
43.15,-0.0334281085725,-0.0103566501813,0.00446898981668
43.2,-0.0325720357827,-0.0103898794231,0.00447356079918
43.25,-0.0316527164292,-0.0104222011909,0.00448400715012
43.3,-0.0306429963528,-0.0104519983261,0.00450257880811
43.35,-0.0295010170506,-0.0104757108933,0.00453273944645
43.4,-0.0281582893561,-0.0104851729512,0.00458017459169
43.45,-0.0264945105844,-0.0104600180753,0.00465486704951
43.5,-0.0242785329107,-0.0103447805545,0.00477599645381
43.55,-0.0210143469487,-0.00996270483305,0.00498474718313
43.6,-0.0154960323916,-0.00862856917428,0.00538125044416
43.65,-0.00462272986819,-0.00326951156423,0.00622309414803
43.7,0.0157364294361,0.0139738415118,0.00785386704032
43.75,0.0351671888197,0.0337827002632,0.00940975658357
43.8,0.0431375773802,0.0423306021276,0.0100154366919
43.85,0.0449488681567,0.0446177077372,0.0101101960587
43.9,0.0446432799364,0.0447277610729,0.0100295367694
43.95,0.043455751494,0.0439050334213,0.00987596970867
44.0,0.041676328666,0.0424315124881,0.00967351846954
44.05,0.039349705835,0.0403356754429,0.00942583934662
44.1,0.0364739618375,0.0375964648831,0.00913268893353
44.15,0.0330594590797,0.0342063715036,0.00879488693135
44.2,0.0291467677647,0.0301944097894,0.00841572786753
44.25,0.0248094819695,0.0256355719694,0.00800128324791
44.3,0.0201491752906,0.020654867237,0.00755998161574
44.35,0.0152856660787,0.0154277949769,0.00710178073626
44.4,0.0103452256377,0.0101765597843,0.00663721582263
44.45,0.00545209968984,0.00516030662207,0.00617666494795
44.5,0.000731354673841,0.0006561529417,0.00573058719615
44.55,-0.00369449428755,-0.00309437757015,0.00530926437595
44.6,-0.0077820116448,-0.00599690180978,0.00491636164641
44.65,-0.0116343210607,-0.00811637576278,0.0045432897614
44.7,-0.0154258685016,-0.00953569451994,0.00417543601471
44.75,-0.0192840150145,-0.0102736376465,0.00380211658571
44.8,-0.0231950129803,-0.0103406760528,0.00342447428144
44.85,-0.0269644632315,-0.00986195446668,0.00305883072273
44.9,-0.0303128668848,-0.00909795501451,0.00272867877938
44.95,-0.0330570446774,-0.00830094416121,0.00244946533148
45.0,-0.0351737020818,-0.007605600862,0.0022232180566
45.05,-0.0367345922594,-0.00704758183171,0.00204397700704
45.1,-0.0378370814313,-0.00661768538062,0.00190360892123
45.15,-0.0385715745674,-0.00629446877017,0.00179455891068
45.2,-0.0390137041254,-0.00605648760527,0.00171049206714
45.25,-0.0392244807501,-0.00588566056835,0.0016462967208
45.3,-0.0392527361799,-0.00576751762948,0.00159788001282
45.35,-0.0391374642322,-0.00569109581018,0.00156196861826
45.4,-0.038909748319,-0.00564754468536,0.00153595443142
45.45,-0.0385944428273,-0.00563015137764,0.00151774862384
45.5,-0.0382114290037,-0.00563368610528,0.00150567639278
45.55,-0.037776635566,-0.00565386700742,0.00149839759524
45.6,-0.0373028465439,-0.00568746486212,0.00149483209089
45.65,-0.036800318811,-0.00573168320733,0.0014941179528
45.7,-0.0362772990631,-0.00578434451495,0.00149555424446
45.75,-0.0357404121382,-0.00584367969536,0.00149857815942
45.8,-0.0351949625945,-0.00590831443188,0.00150273915571
45.85,-0.034645396331,-0.00597679629547,0.0015076709174
45.9,-0.0340949264466,-0.00604842230553,0.00151308475468
45.95,-0.0335462779814,-0.00612207210717,0.00151874644485
46.0,-0.0330015875798,-0.00619719001358,0.00152446911146
46.05,-0.0324625609179,-0.00627319194701,0.00153010589562
46.1,-0.0319305018467,-0.00634945379474,0.00153554040572
46.15,-0.031406427008,-0.00642577353747,0.00154068707117
46.2,-0.0308911176558,-0.00650166067015,0.00154547245739
46.25,-0.0303851268083,-0.00657679899421,0.00154984455557
46.3,-0.0298888720153,-0.00665116128097,0.00155376430344
46.35,-0.0294026080965,-0.00672427903478,0.00155720396336
46.4,-0.0289264991126,-0.00679628695358,0.00156014721379
46.45,-0.0284606311407,-0.00686678540533,0.00156258271727
46.5,-0.0280049975599,-0.00693591641531,0.00156450479401
46.55,-0.027559557395,-0.00700332511532,0.00156591455588
46.6,-0.0271242150965,-0.00706928004652,0.00156681428088
46.65,-0.0266988253301,-0.00713345886575,0.00156721725915
46.7,-0.0262832406417,-0.00719590991368,0.00156712908651
46.75,-0.0258772696168,-0.00725674549491,0.00156656132497
46.8,-0.0254807242025,-0.00731578759636,0.00156552679916
46.85,-0.0250935209472,-0.0073730568075,0.00156403765032
46.9,-0.0247153118372,-0.00742862386368,0.00156211064417
46.95,-0.024345865083,-0.00748255087647,0.00155976205331
47.0,-0.0239849632118,-0.00753476351646,0.00155700472669
47.05,-0.0236323791322,-0.00758529393936,0.00155385622517
47.1,-0.0232878861004,-0.00763417517618,0.00155033062848
47.15,-0.0229512588148,-0.00768144071877,0.00154644859898
47.2,-0.0226222747505,-0.00772712399551,0.00154222276946
47.25,-0.0223007145818,-0.0077712582262,0.0015376677049
47.3,-0.0219863629236,-0.00781387613725,0.0015327991618
47.35,-0.0216790088878,-0.0078550097476,0.00152763009879
47.4,-0.0213784463391,-0.00789469028054,0.00152217676623
47.45,-0.0210844743329,-0.00793294798898,0.00151645336565
47.5,-0.0207968972262,-0.00796982834135,0.00151047150575
47.55,-0.0205155297504,-0.0080054616661,0.00150424567633
47.6,-0.0202401805599,-0.00803977450657,0.00149778753656
47.65,-0.0199706702623,-0.00807279233089,0.00149111418816
47.7,-0.019706825176,-0.00810453944314,0.00148423469839
47.75,-0.0194484769514,-0.00813518627831,0.00147715980896
47.8,-0.0191954655355,-0.00816467747146,0.00146990100979
47.85,-0.0189477229844,-0.00819297966395,0.00146246769381
47.9,-0.0187049987811,-0.00822025902395,0.00145487198787
47.95,-0.0184671481628,-0.00824652872791,0.00144712373802
48.0,-0.0182340239159,-0.00827167982008,0.00143923095816
48.05,-0.0180054886003,-0.00829597697468,0.00143120441172
48.1,-0.0177814107923,-0.00831923688917,0.00142305113562
48.15,-0.0175616586681,-0.00834159486341,0.00141478434459
48.2,-0.0173461104578,-0.008363069735,0.00140640920374
48.25,-0.0171346426087,-0.0083836403448,0.00139793306074
48.3,-0.0169271418377,-0.00840342534475,0.00138936375325
48.35,-0.0167234926866,-0.00842234633841,0.00138070710738
48.4,-0.0165235895969,-0.0084405267873,0.00137197142839
48.45,-0.016327325061,-0.00845792299479,0.00136316371871
48.5,-0.0161346005393,-0.00847457516778,0.0013542882701
48.55,-0.0159453162244,-0.00849055955876,0.00134535286649
48.6,-0.0157593797578,-0.00850575158864,0.00133636162143
48.65,-0.0155766988865,-0.00852042640463,0.00132732440298
48.7,-0.0153971868342,-0.00853435196764,0.00131824385312
48.75,-0.0152207595462,-0.00854767611461,0.00130912427997
48.8,-0.0150473333018,-0.00856043679935,0.00129997125304
48.85,-0.0148769049359,-0.00857252925379,0.00129078773596
48.9,-0.0147093220795,-0.00858412174307,0.00128157970396
48.95,-0.0145445092541,-0.00859517394016,0.00127235168321
49.0,-0.0143823969379,-0.00860562832086,0.00126310587383
49.05,-0.0142229169332,-0.00861560352434,0.00125384751263
49.1,-0.014066001503,-0.00862512375869,0.00124457897383
49.15,-0.0139115876864,-0.008634106954,0.0012353075776
49.2,-0.013759614123,-0.00864257370546,0.00122603421288
49.25,-0.0136100214136,-0.00865069882071,0.00121676136892
49.3,-0.0134627501034,-0.00865835402282,0.00120749273687
49.35,-0.0133177457542,-0.00866554274979,0.00119822964722
49.4,-0.0131749546918,-0.0086722891607,0.00118897625812
49.45,-0.0130343250017,-0.00867873584319,0.00117973528363
49.5,-0.0128958048643,-0.00868479174261,0.0011705077537
49.55,-0.0127593464637,-0.00869043960995,0.00116129726702
49.6,-0.0126249028863,-0.00869569366988,0.0011521047247
49.65,-0.0124924286847,-0.00870056749547,0.00114293586208
49.7,-0.0123618799688,-0.00870517080821,0.00113379045008
49.75,-0.0122332129759,-0.00870943279941,0.0011246698889
49.8,-0.012106387103,-0.00871334665288,0.00111557640503
49.85,-0.0119814223454,-0.00871692365207,0.00110651038485
49.9,-0.0118582185176,-0.00872017478046,0.00109747481089
49.95,-0.01173673822,-0.00872311027715,0.0010884713313
50.0,-0.0116169452013,-0.0087257826275,0.00107949994516
50.05,-0.0114988035908,-0.00872819771054,0.00107056331105
50.1,-0.0113822795782,-0.00873032100554,0.00106166148909
50.15,-0.0112673400951,-0.00873216108487,0.00105279904585
50.2,-0.0111539531429,-0.00873372606686,0.00104397508081
50.25,-0.0110420876077,-0.00873502372911,0.00103519012668
50.3,-0.0109317132676,-0.00873606150012,0.00102644565303
50.35,-0.0108228007847,-0.00873684645929,0.00101774141508
50.4,-0.0107153216294,-0.00873738538181,0.00100907955391
50.45,-0.0106092481127,-0.00873768471243,0.00100046103561
50.5,-0.0105045533256,-0.00873779308206,0.000991885333639
50.55,-0.010401210649,-0.0087376744585,0.000983354370159
50.6,-0.0102991948826,-0.0087373305768,0.000974867719926
50.65,-0.0101984812718,-0.00873676686992,0.000966429115509
50.7,-0.0100990458044,-0.00873598847457,0.000958037288513
50.75,-0.0100008650631,-0.00873500032857,0.000949692305794
50.8,-0.00990391623669,-0.00873380715798,0.000941395111641
50.85,-0.00980822613743,-0.00873241347199,0.000933145095034
50.9,-0.0097137228705,-0.00873082641138,0.000924943869559
50.95,-0.00962038538141,-0.00872906757163,0.000916791966047
51.0,-0.00952819307137,-0.00872712689057,0.000908688569858
51.05,-0.00943712589601,-0.00872500211647,0.000900635083701
51.1,-0.00934716435956,-0.00872269684635,0.000892630825525
51.15,-0.0092582894221,-0.00872021453951,0.000884678915351
51.2,-0.0091704825686,-0.00871755845996,0.000876777906451
51.25,-0.00908372569055,-0.00871473176112,0.000868927587
51.3,-0.00899800110019,-0.00871173747098,0.000861128559417
51.35,-0.00891329153456,-0.00870857848438,0.000853380014223
51.4,-0.00882958011158,-0.00870525759289,0.000845683168285
51.45,-0.00874685036099,-0.00870177745597,0.000838038276457
51.5,-0.00866508619076,-0.00869814062278,0.000830444366697
51.55,-0.00858427184989,-0.00869434955807,0.000822902508121
51.6,-0.00850439196011,-0.00869040661233,0.000815411875496
51.65,-0.00842543146562,-0.0086863140587,0.000807975124675
51.7,-0.00834737569357,-0.00868207403816,0.000800590747492
51.75,-0.00827021025858,-0.00867768863479,0.000793258371493
51.8,-0.00819392107739,-0.00867315986027,0.000785978374628
51.85,-0.00811853494756,-0.00866848964493,0.000778749852813
51.9,-0.00804399685355,-0.0086636800016,0.000771573771733
51.95,-0.00797029361968,-0.0086587327171,0.000764450210022
52.0,-0.00789741234631,-0.00865364951285,0.000757378133063
52.05,-0.00782534038131,-0.00864843206693,0.000750358373524
52.1,-0.00775406534863,-0.00864308485319,0.000743390041722
52.15,-0.00768357494938,-0.00863764420813,0.000736475440814
52.2,-0.00761385734184,-0.00863207606644,0.00072961306726
52.25,-0.00754490088472,-0.0086263818564,0.000722802458602
52.3,-0.00747669416211,-0.00862056296728,0.000716043840461
52.35,-0.0074092259901,-0.00861462073997,0.000709336274537
52.4,-0.00734248539033,-0.00860855648897,0.000702680516754
52.45,-0.00727646161482,-0.00860238790942,0.000696076532078
52.5,-0.00721114406953,-0.00859611178896,0.000689523280456
52.55,-0.00714652236667,-0.00858971740779,0.000683021423643
52.6,-0.00708258637371,-0.00858320592359,0.000676570054724
52.65,-0.00701932613932,-0.0085765784768,0.000670171162416
52.7,-0.00695673193756,-0.0085698361424,0.000663823287614
52.75,-0.00689479420501,-0.00856302773167,0.000657525920695
52.8,-0.00683350318991,-0.00855612296366,0.000651279213634
52.85,-0.00677288369526,-0.00854910829977,0.000645082214481
52.9,-0.00671289208718,-0.00854198485158,0.000638935538899
52.95,-0.00665351951904,-0.00853475357795,0.000632839074923
53.0,-0.00659475730973,-0.00852741541686,0.000626791794456
53.05,-0.00653659692599,-0.00851997130215,0.000620794220041
53.1,-0.00647903000352,-0.00851242213776,0.000614845453784
53.15,-0.00642204832148,-0.0085047688232,0.000608947231035
53.2,-0.0063656438396,-0.00849706235126,0.000603098155688
53.25,-0.00630980826454,-0.00848928129791,0.000597297731231
53.3,-0.00625453398337,-0.00848140035072,0.000591545984488
53.35,-0.00619981337413,-0.00847342032582,0.000585841998671
53.4,-0.00614563894337,-0.0084653420393,0.000580186260067
53.45,-0.0060920033441,-0.00845716628359,0.000574578604935
53.5,-0.00603889936326,-0.00844889383921,0.000569018039186
53.55,-0.00598631990731,-0.00844052548976,0.000563504977875
53.6,-0.00593425801996,-0.00843213994311,0.000558038547897
53.65,-0.00588270639993,-0.00842367101854,0.000552620309583
53.7,-0.0058316585822,-0.00841511002659,0.000547248919244
53.75,-0.0057811079839,-0.0084064576906,0.000541923839657
53.8,-0.00573104813597,-0.00839771473141,0.000536645054342
53.85,-0.00568150108158,-0.00838888185851,0.000531411679103
53.9,-0.00563243158785,-0.00837995988534,0.000526224110495
53.95,-0.00558383354103,-0.0083710449968,0.000521082149115
54.0,-0.0055357004374,-0.00836207152128,0.000515984889538
54.05,-0.00548802656081,-0.00835301297539,0.000510932641768
54.1,-0.00544080612345,-0.00834386961097,0.000505924565639
54.15,-0.00539403343326,-0.00833464209772,0.000500961989628
54.2,-0.00534770291846,-0.00832533107214,0.000496043667634
54.25,-0.00530180909258,-0.00831598348328,0.000491169067198
54.3,-0.00525634619542,-0.00830661110451,0.000486338162606
54.35,-0.00521130905364,-0.00829715856124,0.000481550097488
54.4,-0.00516669246243,-0.00828762648863,0.000476805181488
54.45,-0.00512249131463,-0.00827801550738,0.000472103191614
54.5,-0.00507870059227,-0.00826832623303,0.000467443224483
54.55,-0.00503531535682,-0.00825859815383,0.000462825536161
54.6,-0.00499233041879,-0.00824886366967,0.000458249358017
54.65,-0.00494974110814,-0.00823905407555,0.000453715845651
54.7,-0.00490754276053,-0.00822916994674,0.00044922383209
54.75,-0.00486573078103,-0.00821921187046,0.000444772797583
54.8,-0.0048243006504,-0.00820918043441,0.000440362651392
54.85,-0.00478327183287,-0.00819913766998,0.000435992592323
54.9,-0.00474261518606,-0.00818907617293,0.000431662906466
54.95,-0.00470232657321,-0.00817894440848,0.000427373344065
55.0,-0.00466240179156,-0.00816874293541,0.000423123053042
55.05,-0.00462283670251,-0.00815847231924,0.000418912231605
55.1,-0.0045836272417,-0.0081481331134,0.00041474012247
55.15,-0.00454476940727,-0.00813783642894,0.000410607747559
55.2,-0.00450625880271,-0.00812748134771,0.000406514063919
55.25,-0.00446809180431,-0.00811706051315,0.000402458548368
55.3,-0.00443026461419,-0.00810657446036,0.0003984410885
55.35,-0.00439277349822,-0.0080960237179,0.000394460929769
55.4,-0.0043556147782,-0.00808546948133,0.000390518265316
55.45,-0.0043187844794,-0.00807491751195,0.000386612886903
55.5,-0.00428227916943,-0.00806432214568,0.000382743985331
55.55,-0.00424609531617,-0.00805366975455,0.000378911716236
55.6,-0.00421022947623,-0.00804295646207,0.000375115368911
55.65,-0.00417467826521,-0.00803220700331,0.00037135584164
55.7,-0.00413943808189,-0.00802149923008,0.000367632152118
55.75,-0.00410450570522,-0.00801073314483,0.000363943817748
55.8,-0.00406987791639,-0.0079999092352,0.000360290712582
55.85,-0.00403557171561,-0.00798902798276,0.000356672130609
55.9,-0.00400156341549,-0.00797808994704,0.000353088226734
55.95,-0.00396784995172,-0.00796722317683,0.000349538759415
56.0,-0.00393442785138,-0.00795630250012,0.000346023027906
56.05,-0.00390129437836,-0.00794532750762,0.000342541126268
56.1,-0.0038684466114,-0.00793429865821,0.000339092390202
56.15,-0.00383588166927,-0.00792321641455,0.000335677611125
56.2,-0.00380359672251,-0.0079121967865,0.000332295857227
56.25,-0.0037715885595,-0.00790114089736,0.000328946716598
56.3,-0.003739854634,-0.00789003395717,0.000325630037333
56.35,-0.00370839223935,-0.00787887640368,0.000322345162699
56.4,-0.00367719870451,-0.00786766867844,0.000319092211408
56.45,-0.00364627139977,-0.0078565232858,0.000315870947606
56.5,-0.00361560733671,-0.00784535036813,0.000312680719695
56.55,-0.00358520414916,-0.007834129535,0.000309521598152
56.6,-0.00355505932321,-0.00782286120424,0.000306392966434
56.65,-0.00352517037694,-0.00781154579699,0.000303295523744
56.7,-0.00349553487008,-0.00780029947955,0.000300228412697
56.75,-0.00346615000456,-0.00778902678833,0.000297191247085
56.8,-0.0034370135901,-0.00777770916452,0.000294183874746
56.85,-0.00340814031808,-0.0077663470068,0.000291205688068
56.9,-0.00337951051516,-0.00775494078031,0.00028825678279
56.95,-0.00335112190759,-0.00774361629521,0.000285336932162
57.0,-0.00332297186675,-0.0077322774173,0.000282445536994
57.05,-0.00329505834633,-0.00772090497748,0.000279582648222
57.1,-0.00326737915507,-0.00770949094671,0.000276747697377
57.15,-0.00323993213983,-0.00769803838435,0.000273941303572
57.2,-0.00321271500643,-0.00768667993459,0.0002711626969
57.25,-0.00318572562088,-0.00767528193092,0.000268411487345
57.3,-0.00315896194157,-0.00766384467977,0.000265687539404
57.35,-0.0031324219293,-0.00765236854378,0.000262990293194
57.4,-0.0031061035677,-0.0076408736144,0.000260319822155
57.45,-0.0030800046538,-0.00762945964639,0.000257675931414
57.5,-0.00305412325561,-0.00761800869679,0.000255058033628
57.55,-0.00302845743498,-0.0076065211205,0.000252466179001
57.6,-0.00300300527869,-0.00759499726451,0.000249899843649
57.65,-0.00297776489412,-0.00758347718002,0.000247359577398
57.7,-0.00295273418557,-0.00757202159662,0.000244844683119
57.75,-0.00292791136448,-0.00756053154997,0.000242354791198
57.8,-0.00290329461012,-0.00754900737654,0.000239889772859
57.85,-0.0028788965105,-0.00753744940852,0.000237449114352
57.9,-0.0028547006234,-0.00752591971153,0.000235032875692
57.95,-0.00283070494666,-0.0075144358152,0.000232640878417
58.0,-0.00280690782874,-0.00750291992793,0.000230272579507
58.05,-0.00278330755748,-0.00749137237465,0.00022792801685
58.1,-0.00275990244104,-0.00747979347318,0.000225606710261
58.15,-0.00273669080433,-0.00746826831958,0.000223309149091
58.2,-0.0027136707309,-0.00745676879297,0.000221034702634
58.25,-0.00269084069041,-0.00744523959003,0.00021878302533
58.3,-0.00266819906717,-0.0074336810196,0.000216553994488
58.35,-0.00264574426299,-0.00742209338667,0.000214347140085
58.4,-0.00262347469488,-0.00741058519551,0.000212162508674
58.45,-0.00260138851982,-0.00739908187283,0.000209999938701
58.5,-0.00257948431833,-0.00738756004264,0.000207858929119
58.55,-0.00255776055124,-0.00737602649883,0.00020573950957
58.6,-0.0025362156896,-0.00736446613129,0.000203641242858
58.65,-0.00251484823574,-0.00735301043115,0.000201564565401
58.7,-0.00249365642068,-0.00734153902981,0.000199508907903
58.75,-0.00247263892624,-0.00733004234939,0.000197473948466
58.8,-0.00245179430452,-0.00731852067511,0.000195459571508
58.85,-0.00243113327185,-0.0073069867798,0.000193465348093
58.9,-0.00241064187156,-0.00729555715194,0.000191491332047
58.95,-0.00239031871949,-0.00728410407609,0.000189537347205
59.0,-0.00237016243179,-0.00727262782578,0.000187602947742
59.05,-0.00235017163644,-0.00726112867752,0.000185688155311
59.1,-0.00233034497543,-0.00724963961809,0.000183792569787
59.15,-0.00231068093305,-0.00723823655395,0.000181916597535
59.2,-0.00229117821587,-0.00722681202754,0.00018005969213
59.25,-0.00227183550808,-0.00721536630273,0.000178221571841
59.3,-0.00225265150551,-0.00720389964355,0.000176402128767
59.35,-0.00223362491621,-0.00719246301919,0.000174600972317
59.4,-0.00221475428097,-0.00718109611788,0.000172818150199
59.45,-0.0021960383842,-0.00716970967124,0.000171053496633
59.5,-0.0021774759732,-0.00715830393353,0.00016930660614
59.55,-0.00215906580538,-0.00714687916178,0.00016757749522
59.6,-0.00214080665001,-0.00713550152803,0.000165865799823
59.65,-0.00212269710346,-0.00712417991929,0.000164171886818
59.7,-0.00210473602253,-0.00711284060801,0.000162495257316
59.75,-0.0020869222129,-0.00710148383984,0.000160835654369
59.8,-0.00206925449017,-0.00709010986055,0.000159192977981
59.85,-0.00205174193411,-0.00707879675864,0.000157566873123
59.9,-0.00203437274984,-0.00706752909452,0.000155957383594
59.95,-0.0020171458583,-0.00705624554537,0.000154364354986
60.0,-0.00200006012242,-0.00704495061692,0.000152787419012
60.05,-0.00198311441035,-0.00703365645298,0.000151226588602
60.1,-0.0019663075909,-0.00702243592959,0.000149681534275
60.15,-0.00194963837132,-0.0070112538107,0.000148152586795
60.2,-0.0019331057293,-0.00700005754214,0.000146639292095
60.25,-0.00191670857896,-0.00698884735216,0.000145141416198
60.3,-0.00190044584305,-0.00697762346913,0.000143658866821
60.35,-0.00188431645337,-0.00696647607119,0.000142191321599
60.4,-0.00186831917412,-0.00695536403224,0.000140738818382
60.45,-0.00185245302946,-0.006944239491,0.000139301214984
60.5,-0.00183671698082,-0.00693310266772,0.000137878177289
60.55,-0.0018211099973,-0.00692195378483,0.000136469714929
60.6,-0.00180563105687,-0.00691088233937,0.000135075527757
60.65,-0.00179027897876,-0.00689984764766,0.000133695912816
60.7,-0.00177505282918,-0.00688880203697,0.000132330458524
60.75,-0.00175995161391,-0.00687774572015,0.00013097895227
60.8,-0.00174497434632,-0.00686667891013,0.000129641309355
60.85,-0.00173012869414,-0.00685568544956,0.000128317237494
60.9,-0.00171540472365,-0.00684473495887,0.000127006769734
60.95,-0.00170080153753,-0.00683377510847,0.000125709776808
61.0,-0.0016863181857,-0.00682280610312,0.000124425955912
61.05,-0.00167195372491,-0.00681182814953,0.00012315531449
61.1,-0.00165770721967,-0.00680091413228,0.000121897580471
61.15,-0.00164357760249,-0.00679005440102,0.0001206530197
61.2,-0.0016295640062,-0.00677918677337,0.000119421260673
61.25,-0.00161566551998,-0.00676831144706,0.000118202110423
61.3,-0.00160188123976,-0.00675742861982,0.00011699549145
61.35,-0.00158821026854,-0.00674659461938,0.000115801138947
61.4,-0.00157465159464,-0.00673583164868,0.000114619079488
61.45,-0.00156120437449,-0.00672506219115,0.000113449197193
61.5,-0.00154786773445,-0.00671428711536,0.000112291217884
61.55,-0.00153464080658,-0.00670352141191,0.000111145147434
61.6,-0.00152152272087,-0.00669278950161,0.000110010740396
61.65,-0.00150851251854,-0.00668215109627,0.000108888233842
61.7,-0.00149560937703,-0.00667150758134,0.000107777294019
61.75,-0.0014828124584,-0.00666085914025,0.000106677745957
61.8,-0.00147012093078,-0.00665020595636,0.000105589518917
61.85,-0.00145754125273,-0.00663955340938,0.000104512373144
61.9,-0.00144506510518,-0.0066290227919,0.000103446329339
61.95,-0.00143269168261,-0.00661848838878,0.000102391285158
62.0,-0.00142042018241,-0.00660795037591,0.000101346992432
62.05,-0.00140824980753,-0.00659740893062,0.000100313455732
62.1,-0.0013961797671,-0.00658686422695,9.92904520106e-05
62.15,-0.00138420927579,-0.00657641634644,9.82781852399e-05
62.2,-0.00137233742911,-0.00656599594866,9.72763683104e-05
62.25,-0.00136056351228,-0.00655557317223,9.62848371332e-05
62.3,-0.00134888675983,-0.00654514818619,9.53035273197e-05
62.35,-0.00133730641197,-0.00653472115773,9.43322219501e-05
62.4,-0.00132582171418,-0.00652434932696,9.33709317198e-05
62.45,-0.00131443182102,-0.00651404736578,9.24195739869e-05
62.5,-0.00130313602227,-0.00650374420576,9.14779212456e-05
62.55,-0.00129193358219,-0.00649344001033,9.0545977185e-05
62.6,-0.00128082377067,-0.00648313493991,8.96235400629e-05
62.65,-0.00126980586263,-0.00647283667102,8.87107935909e-05
62.7,-0.00125887907218,-0.00646265723978,8.78074735988e-05
62.75,-0.00124804269109,-0.00645247773467,8.6913436283e-05
62.8,-0.00123729601233,-0.00644229831105,8.60286231666e-05
62.85,-0.00122664446429,-0.00643211912254,8.51528380996e-05
62.9,-0.00121608110514,-0.00642194034661,8.42860907027e-05
62.95,-0.0012056052448,-0.00641183806307,8.34282973016e-05
63.0,-0.00119521610371,-0.0064017859661,8.25792646956e-05
63.05,-0.00118491304027,-0.00639174469411,8.17389922194e-05
63.1,-0.00117469537683,-0.00638171618139,8.09072979131e-05
63.15,-0.00116456243977,-0.00637168916049,8.00843478545e-05
63.2,-0.00115451356625,-0.00636167470614,7.926989722e-05
63.25,-0.0011445480377,-0.00635177457749,7.84638225166e-05
63.3,-0.00113466520732,-0.00634187665705,7.76660701727e-05
63.35,-0.00112486442804,-0.00633198108445,7.68764628427e-05
63.4,-0.00111514505721,-0.00632208799997,7.60950086905e-05
63.45,-0.00110550645698,-0.00631219754113,7.53216319492e-05
63.5,-0.00109594799409,-0.00630236996171,7.4556149387e-05
63.55,-0.00108646896269,-0.0062926069286,7.37985714974e-05
63.6,-0.00107706876652,-0.00628284719946,7.30487307508e-05
63.65,-0.00106774678745,-0.0062730909078,7.23067764464e-05
63.7,-0.00105850241223,-0.00626333818184,7.15724874022e-05
63.75,-0.00104933503169,-0.0062535891514,7.08457465004e-05
63.8,-0.00104024404091,-0.00624394241211,7.01265058746e-05
63.85,-0.00103123390577,-0.00623432110343,6.94146143076e-05
63.9,-0.00102229882199,-0.00622470414694,6.8710075157e-05
63.95,-0.00101343820068,-0.0062150916666,6.80128198961e-05
64.0,-0.00100465145716,-0.00620548378523,6.73226829667e-05
64.05,-0.000995938010722,-0.00619588911524,6.66396667121e-05
64.1,-0.000987297236873,-0.00618640858728,6.59636272103e-05
64.15,-0.000978728568107,-0.0061769332592,6.52946988592e-05
64.2,-0.000970231438069,-0.00616746324603,6.4632681856e-05
64.25,-0.000961805284175,-0.00615799866416,6.39774703691e-05
64.3,-0.000953449547779,-0.0061485396296,6.33290211082e-05
64.35,-0.000945163674261,-0.0061391130117,6.26871894556e-05
64.4,-0.000936947061537,-0.00612978121084,6.20519873e-05
64.45,-0.000928799174293,-0.00612045551673,6.14233517114e-05
64.5,-0.000920719471205,-0.00611113603922,6.08011331418e-05
64.55,-0.000912707414655,-0.00610182751104,6.01853336797e-05
64.6,-0.000904762469366,-0.00609253941174,5.9575819066e-05
64.65,-0.000896884100601,-0.00608329324247,5.89727116036e-05
64.7,-0.000889071732055,-0.00607413360755,5.83758361409e-05
64.75,-0.000881324854899,-0.00606498095112,5.77850958519e-05
64.8,-0.000873642952121,-0.00605583537611,5.72004516116e-05
64.85,-0.000866029838437,-0.00604669698403,5.6621772778e-05
64.9,-0.000858480594896,-0.00603756589265,5.60490654891e-05
64.95,-0.000850994716639,-0.0060284719153,5.5482273934e-05
65.0,-0.000843571657059,-0.00601946727685,5.49212678087e-05
65.05,-0.000836210929482,-0.00601047041863,5.4366047984e-05
65.1,-0.000828912041057,-0.00600148143557,5.38164930308e-05
65.15,-0.000821674502339,-0.00599250042278,5.3272712991e-05
65.2,-0.000814497827633,-0.00598352747132,5.27345449896e-05
65.25,-0.000807381534542,-0.00597457697564,5.22019028112e-05
65.3,-0.000800325106582,-0.0059657297422,5.16747551334e-05
65.35,-0.000793328073888,-0.00595689101173,5.11529835167e-05
65.4,-0.000786389965435,-0.0059480608731,5.06365934155e-05
65.45,-0.000779510313648,-0.00593923941313,5.01255344631e-05
65.5,-0.000772688654297,-0.00593042671762,4.96196847849e-05
65.55,-0.000765924526373,-0.00592162287266,4.91190462516e-05
65.6,-0.000759217472251,-0.00591292228488,4.8623509331e-05
65.65,-0.000752566980326,-0.00590424356584,4.81331795368e-05
65.7,-0.000745972628326,-0.00589557409729,4.76479069347e-05
65.75,-0.000739433969502,-0.00588691395904,4.71676136964e-05
65.8,-0.000732950560268,-0.00587826323044,4.66922681027e-05
65.85,-0.000726525591081,-0.00586962198957,4.6221763732e-05
65.9,-0.000720154925541,-0.00586104459587,4.5756105798e-05
65.95,-0.000713838087904,-0.00585252738411,4.52952533906e-05
66.0,-0.000707574664187,-0.00584402003898,4.48390949047e-05
66.05,-0.000701364228434,-0.0058355241076,4.4387632107e-05
66.1,-0.000695206357423,-0.00582705162574,4.39407661364e-05
66.15,-0.000689100627828,-0.00581859357166,4.34985874444e-05
66.2,-0.000683046622021,-0.00581014878945,4.30609633975e-05
66.25,-0.000677043899707,-0.00580181352362,4.26278266038e-05
66.3,-0.000671092052001,-0.00579348869691,4.21991483851e-05
66.35,-0.00066519067219,-0.00578517437521,4.1774832633e-05
66.4,-0.000659339356422,-0.00577687062447,4.13548840399e-05
66.45,-0.000653537703818,-0.00576857750888,4.09392617176e-05
66.5,-0.000647785316391,-0.00576029509172,4.0527866373e-05
66.55,-0.000642081798967,-0.00575206405953,4.01206997784e-05
66.6,-0.000636426725969,-0.00574390321401,3.97176761938e-05
66.65,-0.000630819718704,-0.00573575336135,3.93188761085e-05
66.7,-0.000625260391533,-0.00572761455868,3.89241796375e-05
66.75,-0.000619748361509,-0.00571948686371,3.85335234618e-05
66.8,-0.000614283248433,-0.00571137033369,3.81468819284e-05
66.85,-0.000608867717717,-0.00570326502477,3.77641683533e-05
66.9,-0.000603498294414,-0.00569523352024,3.73853872436e-05
66.95,-0.000598174571887,-0.00568724838516,3.70105055439e-05
67.0,-0.00059289619676,-0.00567927473962,3.66394321062e-05
67.05,-0.000587662803997,-0.00567131263563,3.62721686408e-05
67.1,-0.000582474031261,-0.00566336212369,3.59086345993e-05
67.15,-0.000577329518802,-0.00565542325425,3.55489038771e-05
67.2,-0.000572228909611,-0.00564749607493,3.519286828e-05
67.25,-0.000567171849206,-0.00563964957311,3.48404707494e-05
67.3,-0.000562157951654,-0.00563184095627,3.44916918556e-05
67.35,-0.000557186883083,-0.00562404425251,3.41464517891e-05
67.4,-0.000552258297399,-0.00561625950697,3.38047546736e-05
67.45,-0.000547371851076,-0.00560848676331,3.3466567379e-05
67.5,-0.000542527203105,-0.00560072606437,3.31318090278e-05
67.55,-0.000537724014926,-0.00559297745304,3.28004813568e-05
67.6,-0.000532961950501,-0.00558531119079,3.24725117176e-05
67.65,-0.000528240644636,-0.00557769780082,3.21479704558e-05
67.7,-0.000523559777426,-0.00557009671536,3.18267587495e-05
67.75,-0.000518919020975,-0.00556250797202,3.1508825106e-05
67.8,-0.000514318049778,-0.005554931608,3.1194148828e-05
67.85,-0.000509759088269,-0.00554736765955,3.08826593099e-05
67.9,-0.000505239219965,-0.00553981617196,3.05743605054e-05
67.95,-0.000500758127183,-0.00553231344009,3.0269222623e-05
68.0,-0.000496315471676,-0.00552487684951,2.99671751078e-05
68.05,-0.000491910947779,-0.00551745287853,2.96682189208e-05
68.1,-0.000487544245387,-0.00551004155833,2.93722884592e-05
68.15,-0.000483215056644,-0.00550264292003,2.90794444481e-05
68.2,-0.000478923076053,-0.00549525699241,2.87895986714e-05
68.25,-0.000474668000317,-0.00548788380462,2.85027047328e-05
68.3,-0.000470449528375,-0.00548052338539,2.82187440904e-05
68.35,-0.000466267361406,-0.00547326035611,2.79376530527e-05
68.4,-0.000462121173843,-0.00546601283026,2.7659438403e-05
68.45,-0.000458010686497,-0.00545877819956,2.73840717579e-05
68.5,-0.000453935607699,-0.00545155648848,2.71114872177e-05
68.55,-0.000449895647912,-0.00544434772148,2.68416864788e-05
68.6,-0.000445890519781,-0.00543715192186,2.65746103667e-05
68.65,-0.000441919938062,-0.00542996911281,2.63103140002e-05
68.7,-0.000437983619707,-0.00542282842572,2.60487177436e-05
68.75,-0.000434081265832,-0.00541575624645,2.57897817022e-05
68.8,-0.000430212602767,-0.00540869715598,2.55334887186e-05
68.85,-0.000426379485056,-0.00540165117316,2.52797812835e-05
68.9,-0.000422579467165,-0.00539461832422,2.50286629079e-05
68.95,-0.000418812277477,-0.00538759862667,2.47801094874e-05
69.0,-0.000415077646409,-0.00538059209735,2.4534061558e-05
69.05,-0.000411375306371,-0.00537359875311,2.42905208213e-05
69.1,-0.000407704991802,-0.00536666482971,2.40494338936e-05
69.15,-0.000404066420407,-0.00535979698017,2.38108528243e-05
69.2,-0.000400459335544,-0.00535294294259,2.35747051878e-05
69.25,-0.000396883478051,-0.00534610220003,2.33409532667e-05
69.3,-0.000393338590785,-0.00533927476468,2.31095821417e-05
69.35,-0.000389824418538,-0.005332460648,2.2880539916e-05
69.4,-0.000386340708007,-0.0053256598614,2.26538298872e-05
69.45,-0.000382887207816,-0.00531887241524,2.24294303917e-05
69.5,-0.000379463668489,-0.00531213313631,2.22072877578e-05
69.55,-0.000376069826988,-0.00530545157822,2.19874053338e-05
69.6,-0.000372705442848,-0.00529878340389,2.17697343844e-05
69.65,-0.000369370272588,-0.00529212862075,2.15543203198e-05
69.7,-0.000366064074617,-0.00528548723454,2.13410981615e-05
69.75,-0.000362786609142,-0.00527885925122,2.11300339156e-05
69.8,-0.000359537638181,-0.00527224467643,2.09211142316e-05
69.85,-0.000356318706277,-0.00526564351517,2.07142922817e-05
69.9,-0.000353127764436,-0.0052590658185,2.05095712277e-05
69.95,-0.000349964569704,-0.00525256793945,2.0306932778e-05
70.0,-0.000346828893394,-0.0052460834989,2.0106328312e-05
70.05,-0.000343720507261,-0.00523961249894,1.99077594696e-05
70.1,-0.000340639184806,-0.0052331549408,1.9711182745e-05
70.15,-0.000337584701243,-0.00522671082563,1.95166394016e-05
70.2,-0.000334556833536,-0.00522028015302,1.93240707528e-05
70.25,-0.00033155536033,-0.0052138629228,1.91334461625e-05
70.3,-0.000328580061955,-0.00520745913448,1.89447536851e-05
70.35,-0.000325630720429,-0.00520110989536,1.87579510587e-05
70.4,-0.000322707106211,-0.00519480665117,1.85730426971e-05
70.45,-0.000319809009842,-0.00518851684303,1.83900105564e-05
70.5,-0.000316936218636,-0.00518224046734,1.8208810873e-05
70.55,-0.000314088521523,-0.00517597752049,1.80294452714e-05
70.6,-0.000311265709066,-0.00516973008666,1.78518744889e-05
70.65,-0.000308467573196,-0.00516350796649,1.76761360593e-05
70.7,-0.000305693906417,-0.00515730234939,1.75021771092e-05
70.75,-0.000302944503817,-0.00515111016928,1.73299700561e-05
70.8,-0.000300219162398,-0.00514498115761,1.71595042073e-05
70.85,-0.000297519154848,-0.00513888670562,1.69907427971e-05
70.9,-0.000294842771735,-0.00513280566678,1.68236880485e-05
70.95,-0.000292189815419,-0.00512673803244,1.66583242192e-05
71.0,-0.000289560089782,-0.00512068379353,1.64946117896e-05
71.05,-0.000286953400213,-0.005114642941,1.63325523524e-05
71.1,-0.000284369553615,-0.00510861546509,1.61721104611e-05
71.15,-0.000281808358377,-0.00510260135598,1.60133202152e-05
71.2,-0.000279269624398,-0.00509660060263,1.58561337093e-05
71.25,-0.000276753163039,-0.00509064987744,1.57005260458e-05
71.3,-0.000274258776956,-0.00508474386758,1.55464887724e-05
71.35,-0.000271786284348,-0.00507885116409,1.53939870166e-05
71.4,-0.00026933550118,-0.00507297175431,1.52430234316e-05
71.45,-0.00026690624486,-0.00506710562492,1.50935838763e-05
71.5,-0.000264498334214,-0.00506125276225,1.49456326637e-05
71.55,-0.000262111589477,-0.00505541315264,1.47991713556e-05
71.6,-0.000259745832289,-0.00504958678179,1.46541679515e-05
71.65,-0.000257400885681,-0.00504377363539,1.45106534672e-05
71.7,-0.000255076574087,-0.00503797648458,1.43685846105e-05
71.75,-0.000252772717401,-0.00503225498841,1.42279395834e-05
71.8,-0.00025048914294,-0.00502654665538,1.40887098156e-05
71.85,-0.000248226920124,-0.00502085146266,1.3950864163e-05
71.9,-0.00024598461475,-0.00501516939752,1.38144051537e-05
71.95,-0.000243762058569,-0.00500950044239,1.36793200829e-05
72.0,-0.00024155908465,-0.00500384457942,1.35455767169e-05
72.05,-0.000239375527368,-0.00499820179073,1.34131765792e-05
72.1,-0.000237211222406,-0.00499257205793,1.32820907732e-05
72.15,-0.000235066006735,-0.0049869658874,1.31523475175e-05
72.2,-0.000232939717764,-0.00498139003587,1.30239077745e-05
72.25,-0.000230832188606,-0.00497587828256,1.28967520126e-05
72.3,-0.00022874326125,-0.00497037951091,1.27708724513e-05
72.35,-0.000226672777998,-0.00496489370003,1.26462409735e-05
72.4,-0.00022462058239,-0.00495942082901,1.25228599567e-05
72.45,-0.000222586519206,-0.00495396087646,1.24007179809e-05
72.5,-0.000220570434456,-0.0049485138207,1.22797859211e-05
72.55,-0.000218572175361,-0.00494307964008,1.21600652528e-05
72.6,-0.000216591590358,-0.00493765831249,1.2041529873e-05
72.65,-0.000214628529084,-0.00493224981581,1.19242054577e-05
72.7,-0.00021268284238,-0.00492685412702,1.18080566221e-05
72.75,-0.000210754382268,-0.00492152615537,1.16930651059e-05
72.8,-0.000208842993587,-0.00491621557189,1.15792249911e-05
72.85,-0.000206949569234,-0.00491091769538,1.14665104212e-05
72.9,-0.000205072910796,-0.00490563250513,1.13549236532e-05
72.95,-0.000203212875396,-0.00490035997649,1.12444544249e-05
73.0,-0.000201369321295,-0.00489510008456,1.11350764186e-05
73.05,-0.000199542107879,-0.00488985280452,1.1026791062e-05
73.1,-0.000197731095658,-0.00488461811112,1.09195747743e-05
73.15,-0.000195936146255,-0.00487939597911,1.0813450928e-05
73.2,-0.000194157122409,-0.00487418638249,1.07083875236e-05
73.25,-0.000192393887953,-0.00486900249672,1.06043680882e-05
73.3,-0.000190646303165,-0.00486387462897,1.05013870172e-05
73.35,-0.000188914235097,-0.00485875918369,1.03994212609e-05
73.4,-0.000187197550968,-0.00485365613389,1.02984729432e-05
73.45,-0.000185496119067,-0.0048485654522,1.01985328409e-05
73.5,-0.000183809808738,-0.00484348711105,1.00995771674e-05
73.55,-0.000182138490373,-0.00483842108295,1.00016072997e-05
73.6,-0.000180482035407,-0.00483336734003,9.90460193075e-06
73.65,-0.000178840316309,-0.00482833121455,9.80858234111e-06
73.7,-0.000177213206254,-0.00482331789577,9.71351962299e-06
73.75,-0.000175600579127,-0.00481831680739,9.61939898402e-06
73.8,-0.000174002310495,-0.0048133314019,9.52621494454e-06
73.85,-0.000172419135169,-0.00480840858754,9.43394715906e-06
73.9,-0.000170850052793,-0.00480349788193,9.34259760872e-06
73.95,-0.000169294942288,-0.00479859925515,9.2521579988e-06
74.0,-0.00016775368355,-0.00479371267709,9.16260682134e-06
74.05,-0.000166226157445,-0.00478883811773,9.07394539578e-06
74.1,-0.000164712245803,-0.00478397554675,8.98615446122e-06
74.15,-0.000163211831409,-0.00477912493388,8.89925339423e-06
74.2,-0.000161724798006,-0.00477428624826,8.81321600304e-06
74.25,-0.000160251030275,-0.00476945945919,8.72802886979e-06
74.3,-0.00015879041383,-0.00476464453594,8.64368709318e-06
74.35,-0.000157342835219,-0.00475984144762,8.56017193305e-06
74.4,-0.000155908181907,-0.00475506903582,8.47748528456e-06
74.45,-0.000154486338549,-0.00475034057046,8.39562012303e-06
74.5,-0.000153077195582,-0.00474562380613,8.31455688288e-06
74.55,-0.000151680643304,-0.00474091871098,8.23429682845e-06
74.6,-0.000150296572908,-0.00473622525289,8.15482254766e-06
74.65,-0.000148924876472,-0.00473154339979,8.07615169046e-06
74.7,-0.000147565446963,-0.00472687311913,7.99826055371e-06
74.75,-0.000146218178216,-0.00472221437851,7.92113702485e-06
74.8,-0.000144882964935,-0.00471756714553,7.8447767194e-06
74.85,-0.000143560420132,-0.00471293138762,7.76916269224e-06
74.9,-0.000142249708928,-0.00470830707467,7.69429672947e-06
74.95,-0.000140950728791,-0.0047036941739,7.62017213477e-06
75.0,-0.00013966337803,-0.00469909720062,7.54677132694e-06
75.05,-0.000138387553273,-0.00469455525262,7.47409580884e-06
75.1,-0.000137123154803,-0.00469002457626,7.40212981013e-06
75.15,-0.000135870083497,-0.00468550774083,7.33088941064e-06
75.2,-0.00013462824093,-0.00468101287996,7.26035316737e-06
75.25,-0.000133397529114,-0.00467653130025,7.19051019872e-06
75.3,-0.000132177851277,-0.00467206088698,7.12135658994e-06
75.35,-0.000130969111542,-0.00466760160605,7.05287701206e-06
75.4,-0.000129771214819,-0.00466315342343,6.98507313559e-06
75.45,-0.000128584066803,-0.0046587163049,6.91793893432e-06
75.5,-0.000127407573968,-0.00465429021621,6.8514584993e-06
75.55,-0.000126241643556,-0.00464987512318,6.78563298719e-06
75.6,-0.000125086183578,-0.00464547099148,6.72044816307e-06
75.65,-0.000123941102803,-0.0046410856279,6.6559186851e-06
75.7,-0.00012280630852,-0.0046367487196,6.59202538735e-06
75.75,-0.000121681711416,-0.00463242262604,6.52875835001e-06
75.8,-0.000120567222583,-0.00462810731218,6.46611405988e-06
75.85,-0.000119463350867,-0.00462380274295,6.40407864922e-06
75.9,-0.000118369400251,-0.00461950888527,6.34265368773e-06
75.95,-0.000117285284181,-0.00461522570395,6.28183375312e-06
76.0,-0.000116210916822,-0.00461095316378,6.22160444829e-06
76.05,-0.000115146213051,-0.00460669122967,6.16196687182e-06
76.1,-0.00011409108845,-0.00460243986641,6.10290814494e-06
76.15,-0.000113045459304,-0.00459819903886,6.04444162632e-06
76.2,-0.000112009242595,-0.00459396871159,5.98654972576e-06
76.25,-0.000110982355995,-0.00458974884932,5.92922352358e-06
76.3,-0.000109964717862,-0.00458553941684,5.87245988221e-06
76.35,-0.000108956247231,-0.0045813629386,5.81624625941e-06
76.4,-0.000107956861416,-0.00457721684888,5.76058440594e-06
76.45,-0.000106966481715,-0.00457308103965,5.70546934323e-06
76.5,-0.000105985029236,-0.00456895547507,5.65088803894e-06
76.55,-0.000105012425743,-0.00456484011945,5.59684153397e-06
76.6,-0.000104048593655,-0.004560734937,5.54331817347e-06
76.65,-0.000103093456037,-0.00455664012213,5.49033013355e-06
76.7,-0.000102146936595,-0.00455256592373,5.43786147993e-06
76.75,-0.000101208959314,-0.00454850609329,5.38590419379e-06
76.8,-0.000100279449044,-0.00454445632331,5.33445548135e-06
76.85,-9.93588279622e-05,-0.00454041657786,5.28350398774e-06
76.9,-9.84465161441e-05,-0.00453638682265,5.23305109208e-06
76.95,-9.75424406e-05,-0.00453236702174,5.18309240474e-06
77.0,-9.66465289529e-05,-0.00452835713917,5.13361612957e-06
77.05,-9.57587094321e-05,-0.00452436038777,5.08462325444e-06
77.1,-9.48789094818e-05,-0.00452041006638,5.03610339402e-06
77.15,-9.40070586902e-05,-0.00451646951259,4.98806763363e-06
77.2,-9.3143087133e-05,-0.00451253868992,4.9405015317e-06
77.25,-9.22869254718e-05,-0.00450861756208,4.89339779971e-06
77.3,-9.14385049509e-05,-0.00450470609286,4.84675391987e-06
77.35,-9.05977573938e-05,-0.00450080424606,4.80055961142e-06
77.4,-8.97646151969e-05,-0.00449691198557,4.75481616112e-06
77.45,-8.89390113277e-05,-0.00449302927528,4.70951961588e-06
77.5,-8.81208793187e-05,-0.00448915607907,4.66465929222e-06
77.55,-8.73101532626e-05,-0.00448529236097,4.62023612206e-06
77.6,-8.65067678093e-05,-0.00448143808497,4.57624055628e-06
77.65,-8.57106581604e-05,-0.0044775932152,4.53268271809e-06
77.7,-8.49217600674e-05,-0.00447375771559,4.48954952304e-06
77.75,-8.41400098242e-05,-0.00446993155025,4.44683438566e-06
77.8,-8.33653442636e-05,-0.00446611468338,4.40453505512e-06
77.85,-8.25981135407e-05,-0.00446233385028,4.36264222533e-06
77.9,-8.18378329783e-05,-0.00445857253497,4.32115730972e-06
77.95,-8.10844419216e-05,-0.00445482036995,4.28007665786e-06
78.0,-8.0337879473e-05,-0.00445107731914,4.23939059121e-06
78.05,-7.95980852499e-05,-0.00444734334658,4.19909998702e-06
78.1,-7.88649993829e-05,-0.00444361841628,4.15919619658e-06
78.15,-7.81385625095e-05,-0.00443990249242,4.11968845028e-06
78.2,-7.74187157732e-05,-0.00443620179498,4.0805648856e-06
78.25,-7.67054006542e-05,-0.00443251842678,4.0418195651e-06
78.3,-7.59985590809e-05,-0.00442884398819,4.00345049624e-06
78.35,-7.52981336977e-05,-0.0044251784433,3.96544924712e-06
78.4,-7.46040676364e-05,-0.00442152175637,3.92781693979e-06
78.45,-7.39163045137e-05,-0.00441787389164,3.89055036751e-06
78.5,-7.32347884264e-05,-0.00441423481339,3.85364076254e-06
78.55,-7.25594639475e-05,-0.00441060448607,3.81708895169e-06
78.6,-7.18902761232e-05,-0.00440698287414,3.78088710221e-06
78.65,-7.12271704683e-05,-0.00440338155403,3.74504363368e-06
78.7,-7.05700918701e-05,-0.00439981163603,3.70954792e-06
78.75,-6.9918987087e-05,-0.00439625028636,3.6743945372e-06
78.8,-6.92738030501e-05,-0.00439269746937,3.63958167555e-06
78.85,-6.86348301487e-05,-0.0043891531495,3.60510169469e-06
78.9,-6.80016665344e-05,-0.00438561729236,3.57095564043e-06
78.95,-6.73742605847e-05,-0.00438208986252,3.537140622e-06
79.0,-6.67525611186e-05,-0.0043785708246,3.50364869235e-06
79.05,-6.61365173925e-05,-0.00437506014338,3.47048062705e-06
79.1,-6.55260790976e-05,-0.00437155778366,3.43762932824e-06
79.15,-6.49211963557e-05,-0.00436806371038,3.40510247453e-06
79.2,-6.43218197175e-05,-0.00436457788842,3.37289031059e-06
79.25,-6.37279001568e-05,-0.00436110028281,3.34098796127e-06
79.3,-6.31393890681e-05,-0.00435763085871,3.3093938068e-06
79.35,-6.25562382634e-05,-0.00435416958136,3.27810092537e-06
79.4,-6.19783999682e-05,-0.00435071641611,3.24711029204e-06
79.45,-6.14058268192e-05,-0.00434727132835,3.216419303e-06
79.5,-6.08384718603e-05,-0.00434383428357,3.18602075619e-06
79.55,-6.02762885393e-05,-0.00434043004127,3.15591538087e-06
79.6,-5.97192295721e-05,-0.00433704067315,3.12609688088e-06
79.65,-5.91672497413e-05,-0.00433365920664,3.09657219881e-06
79.7,-5.86203037125e-05,-0.00433028866878,3.06733248384e-06
79.75,-5.80783464812e-05,-0.00432693590848,3.03837332971e-06
79.8,-5.75413332998e-05,-0.00432359225934,3.00969330584e-06
79.85,-5.70095048866e-05,-0.00432025640469,2.98128613873e-06
79.9,-5.64825269963e-05,-0.00431692831108,2.95315273396e-06
79.95,-5.59603563053e-05,-0.00431360794424,2.92529074149e-06
80.0,-5.54429498635e-05,-0.00431029526997,2.89769362893e-06
80.05,-5.49302650915e-05,-0.00430699025424,2.87036207702e-06
80.1,-5.44222597777e-05,-0.00430369286307,2.84329025421e-06
80.15,-5.39188920748e-05,-0.00430040306261,2.81648455003e-06
80.2,-5.34201204982e-05,-0.004297120819,2.78993693396e-06
80.25,-5.29259039216e-05,-0.00429384609854,2.763643411e-06
80.3,-5.24362015745e-05,-0.00429057886768,2.73760267826e-06
80.35,-5.19509730393e-05,-0.00428731909292,2.71180904637e-06
80.4,-5.14701782483e-05,-0.00428406674093,2.68626335786e-06
80.45,-5.09937774814e-05,-0.00428082177843,2.66096349434e-06
80.5,-5.05217313629e-05,-0.00427761010814,2.63590353263e-06
80.55,-5.00539999372e-05,-0.0042744089108,2.61108422117e-06
80.6,-4.95905449748e-05,-0.00427121496782,2.58650021778e-06
80.65,-4.91313281344e-05,-0.00426802824606,2.56215735102e-06
80.7,-4.86763114084e-05,-0.00426484871238,2.53804833156e-06
80.75,-4.82254571186e-05,-0.00426167633384,2.51416954074e-06
80.8,-4.77787279142e-05,-0.00425851107759,2.49051980876e-06
80.85,-4.73363233337e-05,-0.00425535291091,2.46709397496e-06
80.9,-4.68979654875e-05,-0.00425220180191,2.44389282131e-06
80.95,-4.64636180581e-05,-0.00424905771806,2.42091443545e-06
81.0,-4.60332450438e-05,-0.00424592062692,2.39815344321e-06
81.05,-4.56068107559e-05,-0.00424279049621,2.37561043936e-06
81.1,-4.51842798165e-05,-0.00423966729372,2.35328062854e-06
81.15,-4.47656171557e-05,-0.00423655098739,2.33116932983e-06
81.2,-4.43507880099e-05,-0.00423344240026,2.3092699271e-06
81.25,-4.39397579053e-05,-0.00423035040514,2.28757914502e-06
81.3,-4.35324925399e-05,-0.00422726858395,2.26609595174e-06
81.35,-4.31289580085e-05,-0.00422419356224,2.24481567199e-06
81.4,-4.27291207512e-05,-0.00422112530827,2.22373903097e-06
81.45,-4.23329475014e-05,-0.00421806379035,2.20286430258e-06
81.5,-4.19404052828e-05,-0.0042150213798,2.18218661049e-06
81.55,-4.15514608679e-05,-0.00421199980351,2.16170657482e-06
81.6,-4.11660820455e-05,-0.00420898483614,2.14141982232e-06
81.65,-4.07842367105e-05,-0.00420597644623,2.12133120479e-06
81.7,-4.04058930392e-05,-0.00420297460234,2.10143471328e-06
81.75,-4.00310194856e-05,-0.0041999792732,2.08172737718e-06
81.8,-3.96595847799e-05,-0.00419699042769,2.06220825308e-06
81.85,-3.92917542875e-05,-0.00419400803478,2.04287309269e-06
81.9,-3.89272970814e-05,-0.00419103206417,2.02372256788e-06
81.95,-3.8566182762e-05,-0.00418806248505,2.00475511936e-06
82.0,-3.82083811959e-05,-0.00418509926673,1.98596632069e-06
82.05,-3.78538625139e-05,-0.00418214237866,1.96735668791e-06
82.1,-3.75025971083e-05,-0.00417919179039,1.948922273e-06
82.15,-3.71545556314e-05,-0.0041762474716,1.93066750407e-06
82.2,-3.68097089928e-05,-0.004173309392,1.91258692463e-06
82.25,-3.64680283575e-05,-0.00417037752149,1.89467784313e-06
82.3,-3.61294851435e-05,-0.00416745183009,1.87693941282e-06
82.35,-3.57940510201e-05,-0.00416453228792,1.8593677788e-06
82.4,-3.54616979051e-05,-0.00416161886525,1.84196356383e-06
82.45,-3.51323979636e-05,-0.00415871153244,1.82472536011e-06
82.5,-3.48061236053e-05,-0.00415581025996,1.80764914996e-06
82.55,-3.44828474827e-05,-0.00415291501844,1.79073541413e-06
82.6,-3.41625424888e-05,-0.00415003223489,1.77398056995e-06
82.65,-3.38451814122e-05,-0.00414717307924,1.75738870095e-06
82.7,-3.35307377067e-05,-0.00414431983819,1.7409548407e-06
82.75,-3.32191849861e-05,-0.00414147956572,1.72467654846e-06
82.8,-3.29104970188e-05,-0.00413865174917,1.70855307209e-06
82.85,-3.26048107562e-05,-0.00413582979032,1.69258091998e-06
82.9,-3.23019343739e-05,-0.00413301366063,1.67676066748e-06
82.95,-3.20018424553e-05,-0.00413020333113,1.66109104125e-06
83.0,-3.17045098078e-05,-0.004127398773,1.64556839196e-06
83.05,-3.14099114607e-05,-0.00412459995755,1.63019316519e-06
83.1,-3.11180226637e-05,-0.00412180685618,1.61496210736e-06
83.15,-3.08288188849e-05,-0.00411901944046,1.59987890541e-06
83.2,-3.05422758088e-05,-0.00411623768199,1.58493905531e-06
83.25,-3.02583693347e-05,-0.00411346155253,1.57014034374e-06
83.3,-2.99770755747e-05,-0.00411069102399,1.55548208592e-06
83.35,-2.9698370852e-05,-0.00410792606837,1.54096110382e-06
83.4,-2.94222316989e-05,-0.00410516665782,1.52657792994e-06
83.45,-2.91486348555e-05,-0.00410241276461,1.51233141382e-06
83.5,-2.88775572675e-05,-0.00409966436109,1.49821824164e-06
83.55,-2.86089760846e-05,-0.00409692141977,1.48423882759e-06
83.6,-2.83428686588e-05,-0.00409418391326,1.47039021781e-06
83.65,-2.80792125426e-05,-0.00409145181431,1.4566757775e-06
83.7,-2.78179854877e-05,-0.00408872509572,1.44309141405e-06
83.75,-2.75591654428e-05,-0.00408600373045,1.42963512035e-06
83.8,-2.73027305518e-05,-0.00408328795263,1.4163062808e-06
83.85,-2.70487943074e-05,-0.00408059890685,1.40310201237e-06
83.9,-2.67971970707e-05,-0.00407791516611,1.39002285015e-06
83.95,-2.65479177858e-05,-0.00407523664696,1.37706773136e-06
84.0,-2.63009354077e-05,-0.00407256332273,1.36423364518e-06
84.05,-2.60562290783e-05,-0.00406989516691,1.35152097528e-06
84.1,-2.58137781241e-05,-0.00406723215307,1.3389270384e-06
84.15,-2.55735620554e-05,-0.00406457425492,1.32645490523e-06
84.2,-2.53355605644e-05,-0.00406192144625,1.31410085542e-06
84.25,-2.50997535235e-05,-0.00405927718615,1.30186306746e-06
84.3,-2.48661209553e-05,-0.00405664727707,1.2897409905e-06
84.35,-2.46346430133e-05,-0.00405402301095,1.27773201196e-06
84.4,-2.44053001006e-05,-0.00405140376076,1.26583658652e-06
84.45,-2.41780727996e-05,-0.00404878950067,1.2540537726e-06
84.5,-2.39529418653e-05,-0.00404618020495,1.24238083454e-06
84.55,-2.37298882236e-05,-0.00404357584805,1.2308181278e-06
84.6,-2.35088929706e-05,-0.00404097640447,1.21936321473e-06
84.65,-2.32899373703e-05,-0.00403838184888,1.20801889776e-06
84.7,-2.30730028539e-05,-0.004035792156,1.19678179461e-06
84.75,-2.28580710176e-05,-0.00403320730072,1.18565025216e-06
84.8,-2.26451236218e-05,-0.00403062725804,1.17462377115e-06
84.85,-2.24342547053e-05,-0.00402805200306,1.16369996928e-06
84.9,-2.22253320357e-05,-0.00402548151137,1.15287926609e-06
84.95,-2.20183378892e-05,-0.0040229157583,1.14216080992e-06
85.0,-2.18132546999e-05,-0.00402035471932,1.13154211493e-06
85.05,-2.16100650584e-05,-0.00401779836999,1.12102351055e-06
85.1,-2.14087517109e-05,-0.00401524668603,1.11060278218e-06
85.15,-2.12092975572e-05,-0.00401270668952,1.1002824878e-06
85.2,-2.10116854664e-05,-0.0040101837454,1.09005957536e-06
85.25,-2.0815898698e-05,-0.0040076653734,1.07993253758e-06
85.3,-2.06219206109e-05,-0.0040051515495,1.06990092438e-06
85.35,-2.04297347128e-05,-0.00400264224978,1.05996257045e-06
85.4,-2.02393246586e-05,-0.00400013745045,1.05011786235e-06
85.45,-2.00506742493e-05,-0.00399763712784,1.04036602884e-06
85.5,-1.98637674305e-05,-0.00399514125836,1.03070481004e-06
85.55,-1.96785882914e-05,-0.0039926498186,1.02113451039e-06
85.6,-1.94951210636e-05,-0.00399016278521,1.01165311691e-06
85.65,-1.93133501196e-05,-0.00398768013498,1.00226296396e-06
85.7,-1.91332599718e-05,-0.00398520184479,9.929612546e-07
85.75,-1.89548352712e-05,-0.00398272929951,9.83746626282e-07
85.8,-1.87780607976e-05,-0.00398027024099,9.74618674763e-07
85.85,-1.86030143888e-05,-0.00397781805934,9.65575439228e-07
85.9,-1.84295862956e-05,-0.0039753701765,9.56617278088e-07
85.95,-1.82577617414e-05,-0.00397292656967,9.4774349287e-07
86.0,-1.80875260815e-05,-0.00397048721618,9.38952028958e-07
86.05,-1.79188648026e-05,-0.00396805209347,9.30243167643e-07
86.1,-1.77517635215e-05,-0.00396562117911,9.21615079067e-07
86.15,-1.75862079835e-05,-0.00396319445076,9.13069893705e-07
86.2,-1.74221840622e-05,-0.00396077188619,9.04605067403e-07
86.25,-1.72596777575e-05,-0.00395835346327,8.9621936263e-07
86.3,-1.7098675195e-05,-0.00395593916001,8.87912413828e-07
86.35,-1.69391626248e-05,-0.00395352895453,8.79682431843e-07
86.4,-1.67811264201e-05,-0.00395112282507,8.71529745204e-07
86.45,-1.66245530769e-05,-0.00394872074996,8.63453721459e-07
86.5,-1.64694292121e-05,-0.00394632270763,8.55452492549e-07
86.55,-1.63157415628e-05,-0.00394392867667,8.47526318508e-07
86.6,-1.61634769854e-05,-0.00394153863574,8.396735359e-07
86.65,-1.60126224544e-05,-0.00393916851156,8.3189608944e-07
86.7,-1.5863164888e-05,-0.00393680372503,8.24191686909e-07
86.75,-1.5715091583e-05,-0.0039344428483,8.16559193024e-07
86.8,-1.55683898651e-05,-0.00393208586031,8.08998277801e-07
86.85,-1.54231242521e-05,-0.00392973274011,8.01507314138e-07
86.9,-1.52792037037e-05,-0.00392738346708,7.94086604413e-07
86.95,-1.51366159071e-05,-0.00392503802049,7.86735575338e-07
87.0,-1.49953486603e-05,-0.0039226963797,7.79452527754e-07
87.05,-1.48553898708e-05,-0.0039203585242,7.72237701465e-07
87.1,-1.47167275551e-05,-0.00391802443358,7.65089583643e-07
87.15,-1.45793498375e-05,-0.00391569408755,7.58009949077e-07
87.2,-1.4443244949e-05,-0.00391336746588,7.50996691792e-07
87.25,-1.43084012269e-05,-0.00391104454847,7.4404879038e-07
87.3,-1.41748071132e-05,-0.00390873317355,7.37165947234e-07
87.35,-1.4042451118e-05,-0.00390643052306,7.30346687407e-07
87.4,-1.3911321869e-05,-0.00390413154667,7.23591292159e-07
87.45,-1.378140812e-05,-0.00390183622445,7.16899241788e-07
87.5,-1.36526987262e-05,-0.00389954453661,7.10268990612e-07
87.55,-1.35251826432e-05,-0.00389725646344,7.03700759751e-07
87.6,-1.33988489263e-05,-0.00389497198536,6.97193173213e-07
87.65,-1.32736867294e-05,-0.00389269108287,6.90747850827e-07
87.7,-1.31496853042e-05,-0.00389041373658,6.84362876027e-07
87.75,-1.30268339996e-05,-0.0038881399272,6.78037320499e-07
87.8,-1.29051222605e-05,-0.00388586963556,6.71770915473e-07
87.85,-1.27846035183e-05,-0.00388360284258,6.65562315002e-07
87.9,-1.26652022592e-05,-0.00388133952947,6.59411775238e-07
87.95,-1.25469082298e-05,-0.00387907967736,6.53318825144e-07
88.0,-1.24297112694e-05,-0.00387682326748,6.4728205865e-07
88.05,-1.2313601309e-05,-0.00387457028117,6.41301679748e-07
88.1,-1.21985683706e-05,-0.00387232069986,6.35376436911e-07
88.15,-1.20846025663e-05,-0.00387007450508,6.29507808763e-07
88.2,-1.19716940976e-05,-0.00386783167846,6.23694051063e-07
88.25,-1.18598332545e-05,-0.00386559575501,6.1793432014e-07
88.3,-1.17490103421e-05,-0.00386337496719,6.12228382776e-07
88.35,-1.16392158415e-05,-0.0038611574805,6.06575012491e-07
88.4,-1.1530440306e-05,-0.00385894327681,6.00974444659e-07
88.45,-1.14226743743e-05,-0.0038567323381,5.95426251932e-07
88.5,-1.13159087697e-05,-0.00385452464647,5.89929154748e-07
88.55,-1.12101342994e-05,-0.00385232018409,5.84483340903e-07
88.6,-1.11053418539e-05,-0.00385011893326,5.79087671613e-07
88.65,-1.1001522406e-05,-0.00384792087634,5.42217996293e-07
88.7,-1.08986664481e-05,-0.0038457264325,5.33709218315e-07
88.75,-1.07967656359e-05,-0.003843535189,5.28784646365e-07
88.8,-1.06958112487e-05,-0.00384135095945,5.23906043271e-07
88.85,-1.05958475212e-05,-0.00383917865099,5.19072323672e-07
88.9,-1.04968118015e-05,-0.00383700947131,5.14283734669e-07
88.95,-1.03986955585e-05,-0.00383484340322,5.09539915208e-07
89.0,-1.03014903383e-05,-0.0038326804296,5.04839727195e-07
89.05,-1.02051877636e-05,-0.00383052053348,5.00183369702e-07
89.1,-1.01097795329e-05,-0.00382836369795,4.95569832394e-07
89.15,-1.00152574199e-05,-0.00382620990621,4.91000053384e-07
89.2,-9.92161327317e-06,-0.00382405914153,4.86472938262e-07
89.25,-9.82883901481e-06,-0.00382191138728,4.81987814529e-07
89.3,-9.73692664034e-06,-0.00381976662695,4.77544508715e-07
89.35,-9.64586821786e-06,-0.0038176248441,4.7314203146e-07
89.4,-9.55565588739e-06,-0.00381548602239,4.6878060609e-07
89.45,-9.46628186029e-06,-0.00381335014558,4.64459905085e-07
89.5,-9.3777384186e-06,-0.00381121719751,4.60178892601e-07
89.55,-9.29001791439e-06,-0.00380908716212,4.55937751631e-07
89.6,-9.2031127692e-06,-0.00380696002344,4.51735562727e-07
89.65,-9.11701547336e-06,-0.0038048357656,4.47573182514e-07
89.7,-9.03171858544e-06,-0.00380271437278,4.43449614857e-07
89.75,-8.94721473159e-06,-0.00380059582929,4.0804159432e-07
89.8,-8.86349615166e-06,-0.00379848055314,4.00799874153e-07
89.85,-8.78059990583e-06,-0.00379636813628,3.97107630896e-07
89.9,-8.69847412478e-06,-0.00379425851446,3.93449818237e-07
89.95,-8.61711171142e-06,-0.00379215167243,3.89826165747e-07
90.0,-8.53650563313e-06,-0.00379004759503,3.86235757019e-07
90.05,-8.4566489212e-06,-0.00378794626717,3.82678786461e-07
90.1,-8.37753467031e-06,-0.0037858579611,3.79154443231e-07
90.15,-8.29915597358e-06,-0.00378377559817,3.44462615616e-07
90.2,-8.22150566222e-06,-0.0037816963566,3.37822093449e-07
90.25,-8.14457740606e-06,-0.00377961983687,3.34711967899e-07
90.3,-8.06836459622e-06,-0.00377754788391,3.31630856623e-07
90.35,-7.99286063166e-06,-0.00377548726637,3.28577991638e-07
90.4,-7.91805895405e-06,-0.00377343117212,3.25553614021e-07
90.45,-7.84395308304e-06,-0.00377137772171,3.22557504673e-07
90.5,-7.77053660213e-06,-0.00376932690054,3.1958885482e-07
90.55,-7.69780315322e-06,-0.00376727869409,3.16647868115e-07
90.6,-7.62574643611e-06,-0.00376523308793,3.13733831514e-07
90.65,-7.55436020792e-06,-0.00376319006771,2.48480329575e-07
90.7,-7.483637522e-06,-0.0037611504681,2.39259364294e-07
90.75,-7.41357295232e-06,-0.00375911350636,2.37058051144e-07
90.8,-7.3441605111e-06,-0.00375707907263,2.34877355075e-07
90.85,-7.27543053828e-06,-0.00375504715308,2.32716629166e-07
90.9,-7.2073399935e-06,-0.00375301773407,2.30576144323e-07
90.95,-7.13988297733e-06,-0.00375099080192,2.2845575316e-07
91.0,-7.07305364409e-06,-0.00374896634304,2.26354770649e-07
91.05,-7.0068462014e-06,-0.00374694434392,2.24273434323e-07
91.1,-6.94125490965e-06,-0.00374492479114,2.22211145464e-07
91.15,-6.87627408155e-06,-0.00374290767134,2.20167730248e-07
91.2,-6.8118980817e-06,-0.00374089297124,2.18143468752e-07
91.25,-6.74812132604e-06,-0.00373888067764,2.16137728788e-07
91.3,-6.6849382815e-06,-0.00373687077744,2.14150754799e-07
91.35,-6.62234346546e-06,-0.00373486325756,2.12181957542e-07
91.4,-5.61807999529e-06,-0.00373285810506,2.1023158459e-07
91.45,-4.15125725288e-06,-0.0037308527433,2.08299339498e-07
91.5,-4.11238363328e-06,-0.00372884591839,2.06384524549e-07
91.55,-4.07387194998e-06,-0.00372684152894,2.04487606953e-07
91.6,-4.03571886077e-06,-0.00372483956097,2.02608041005e-07
91.65,-3.9979210539e-06,-0.00372284000059,2.00745668402e-07
91.7,-3.96047524784e-06,-0.00372084283398,1.98900744703e-07
91.75,-3.92337819098e-06,-0.00371884804741,1.97072693675e-07
91.8,-3.88662666138e-06,-0.00371685562725,1.9526173839e-07
91.85,-3.85023670821e-06,-0.00371487414334,1.93467341766e-07
91.9,-3.81418553625e-06,-0.00371289869658,1.91689731095e-07
91.95,-3.77847001245e-06,-0.00371092560405,1.89928785096e-07
92.0,-3.743087037e-06,-0.00370895485221,1.88183934897e-07
92.05,-3.70803353834e-06,-0.00370698642761,1.55425514486e-07
92.1,-3.67330628768e-06,-0.003705021071,1.50547269262e-07
92.15,-3.63890243824e-06,-0.00370306962771,1.49164197003e-07
92.2,-3.60481899939e-06,-0.00370112048577,1.47794144511e-07
92.25,-3.57105302281e-06,-0.00369917360454,1.46436611582e-07
92.3,-3.53760157492e-06,-0.00369722897098,1.14158042333e-07
92.35,-3.50446157282e-06,-0.00369528698557,1.0966975418e-07
92.4,-3.47163029921e-06,-0.00369334726109,7.77335721836e-08
92.45,-3.43910474727e-06,-0.00369141015141,7.35807583331e-08
92.5,-3.40688224883e-06,-0.00368947526968,7.29052807891e-08
92.55,-3.37496002125e-06,-0.00368754255672,7.22359704943e-08
92.6,-3.34333528777e-06,-0.00368561200016,7.15727713509e-08
92.65,-3.31200529701e-06,-0.00368368358771,7.09156277684e-08
92.7,-3.28096732276e-06,-0.00368175730715,3.94026196048e-08
92.75,-3.25021850088e-06,-0.00367983355858,3.56091061016e-08
92.8,-3.21975630544e-06,-0.00367791195669,3.52822023392e-08
92.85,-3.18959404288e-06,-0.003675992443,3.49582828261e-08
92.9,-3.15971283058e-06,-0.00367407500574,3.46373204281e-08
92.95,-3.13011006924e-06,-0.00367215963316,3.46297456474e-09
93.0,-3.10078302805e-06,-0.00367024672558,0.0
93.05,-3.07172929871e-06,-0.0036683358984,0.0
93.1,-3.04294637016e-06,-0.00366642709361,0.0
93.15,-3.01443173677e-06,-0.00366452029987,0.0
93.2,-2.98618291586e-06,-0.0036626155059,0.0
93.25,-2.95819744745e-06,-0.00366071270048,0.0
93.3,-2.93047289409e-06,-0.0036588118725,0.0
93.35,-2.90300684067e-06,-0.00365691780209,0.0
93.4,-2.87579688971e-06,-0.00365503297496,0.0
93.45,-2.84884066356e-06,-0.00365315011987,0.0
93.5,-2.82213581325e-06,-0.00365126922572,0.0
93.55,-2.79568001134e-06,-0.00364939028149,0.0
93.6,-2.7694709517e-06,-0.00364751327623,0.0
93.65,-2.74350634935e-06,-0.00364563819904,0.0
93.7,-2.71778394022e-06,-0.00364376503913,0.0
93.75,-2.69230148102e-06,-0.00364189378574,0.0
93.8,-2.66705674901e-06,-0.00364002442819,0.0
93.85,-2.64206074562e-06,-0.00363815695589,0.0
93.9,-2.61729782425e-06,-0.00363629135832,0.0
93.95,-2.59276582661e-06,-0.003634427625,0.0
94.0,-2.56846261418e-06,-0.00363256574555,0.0
94.05,-2.54438606804e-06,-0.0036307057096,0.0
94.1,-2.52053408873e-06,-0.0036288475069,0.0
94.15,-2.49690459599e-06,-0.00362699112723,0.0
94.2,-2.47349552868e-06,-0.00362513656045,0.0
94.25,-2.45030484455e-06,-0.00362328379648,0.0
94.3,-2.42733052007e-06,-0.00362143282531,0.0
94.35,-2.4045705503e-06,-0.003619583637,0.0
94.4,-1.43492486535e-06,-0.00361774150506,0.0
94.45,0.0,-0.00361590379366,0.0
94.5,0.0,-0.00361406415021,0.0
94.55,0.0,-0.00361222635272,0.0
94.6,0.0,-0.00361039039012,0.0
94.65,0.0,-0.00360855625144,0.0
94.7,0.0,-0.00360672392578,0.0
94.75,0.0,-0.0036048934023,0.0
94.8,0.0,-0.00360306467026,0.0
94.85,0.0,-0.00360124008328,0.0
94.9,0.0,-0.00359942554275,0.0
94.95,0.0,-0.00359761403337,0.0
95.0,0.0,-0.00359580429987,0.0
95.05,0.0,-0.00359399633164,0.0
95.1,0.0,-0.00359219011815,0.0
95.15,0.0,-0.00359038564893,0.0
95.2,0.0,-0.00358858291359,0.0
95.25,0.0,-0.00358678190184,0.0
95.3,0.0,-0.00358498260341,0.0
95.35,0.0,-0.00358318500815,0.0
95.4,0.0,-0.00358138910596,0.0
95.45,0.0,-0.00357959488681,0.0
95.5,0.0,-0.00357780234076,0.0
95.55,0.0,-0.00357601145791,0.0
95.6,0.0,-0.00357422222845,0.0
95.65,0.0,-0.00357243464263,0.0
95.7,0.0,-0.00357064869079,0.0
95.75,0.0,-0.00356886436332,0.0
95.8,0.0,-0.00356708165067,0.0
95.85,0.0,-0.00356530054337,0.0
95.9,0.0,-0.00356352103202,0.0
95.95,0.0,-0.00356174310729,0.0
96.0,0.0,-0.00355996675989,0.0
96.05,0.0,-0.00355819198063,0.0
96.1,0.0,-0.00355641876037,0.0
96.15,0.0,-0.00355464709002,0.0
96.2,0.0,-0.00355287696058,0.0
96.25,0.0,-0.0035511083631,0.0
96.3,0.0,-0.0035493412887,0.0
96.35,0.0,-0.00354757626597,0.0
96.4,0.0,-0.00354582093237,0.0
96.45,0.0,-0.00354407009954,0.0
96.5,0.0,-0.00354232078135,0.0
96.55,0.0,-0.003540572969,0.0
96.6,0.0,-0.00353882665375,0.0
96.65,0.0,-0.00353708182691,0.0
96.7,0.0,-0.00353533847987,0.0
96.75,0.0,-0.00353359660408,0.0
96.8,0.0,-0.00353185619102,0.0
96.85,0.0,-0.00353011723228,0.0
96.9,0.0,-0.00352837971946,0.0
96.95,0.0,-0.00352665252435,0.0
97.0,0.0,-0.00352492707571,0.0
97.05,0.0,-0.00352320304798,0.0
97.1,0.0,-0.00352148043292,0.0
97.15,0.0,-0.00351975922234,0.0
97.2,0.0,-0.00351803940811,0.0
97.25,0.0,-0.00351632098218,0.0
97.3,0.0,-0.00351460393652,0.0
97.35,0.0,-0.00351288826319,0.0
97.4,0.0,-0.00351117395429,0.0
97.45,0.0,-0.00350946100198,0.0
97.5,0.0,-0.00350774939847,0.0
97.55,0.0,-0.00350603913605,0.0
97.6,0.0,-0.00350433020704,0.0
97.65,0.0,-0.00350262260381,0.0
97.7,0.0,-0.00350091631882,0.0
97.75,0.0,-0.00349921134455,0.0
97.8,0.0,-0.00349750767355,0.0
97.85,0.0,-0.00349580529842,0.0
97.9,0.0,-0.00349410983827,0.0
97.95,0.0,-0.00349242157713,0.0
98.0,0.0,-0.00349073461578,0.0
98.05,0.0,-0.00348904894681,0.0
98.1,0.0,-0.00348736456284,0.0
98.15,0.0,-0.00348568145658,0.0
98.2,0.0,-0.00348399962076,0.0
98.25,0.0,-0.00348231904817,0.0
98.3,0.0,-0.00348063973166,0.0
98.35,0.0,-0.00347896166413,0.0
98.4,0.0,-0.00347728483852,0.0
98.45,0.0,-0.00347560924783,0.0
98.5,0.0,-0.00347393488511,0.0
98.55,0.0,-0.00347226174347,0.0
98.6,0.0,-0.00347058981604,0.0
98.65,0.0,-0.00346891909603,0.0
98.7,0.0,-0.00346724957669,0.0
98.75,0.0,-0.0034655812513,0.0
98.8,0.0,-0.00346391411322,0.0
98.85,0.0,-0.00346224815584,0.0
98.9,0.0,-0.00346058337259,0.0
98.95,0.0,-0.00345891975697,0.0
99.0,0.0,-0.0034572573025,0.0
99.05,0.0,-0.00345559600278,0.0
99.1,0.0,-0.00345393585142,0.0
99.15,0.0,-0.0034522768421,0.0
99.2,0.0,-0.00345061896853,0.0
99.25,0.0,-0.00344896222449,0.0
99.3,0.0,-0.00344730660378,0.0
99.35,0.0,-0.00344565210026,0.0
99.4,0.0,-0.00344400149076,0.0
99.45,0.0,-0.00344235989247,0.0
99.5,0.0,-0.00344072009893,0.0
99.55,0.0,-0.00343908142374,0.0
99.6,0.0,-0.00343744386074,0.0
99.65,0.0,-0.00343580740383,0.0
99.7,0.0,-0.00343417204694,0.0
99.75,0.0,-0.00343254242034,0.0
99.8,0.0,-0.00343091733412,0.0
99.85,0.0,-0.00342929333213,0.0
99.9,0.0,-0.00342767040835,0.0
99.95,0.0,-0.00342604855684,0.0
100.0,0.0,-0.00342442777169,0.0
