"time","AMPA","NMDA","GABAa"
0.0,0.0,0.0,0.0
0.05,0.0,0.0,0.0
0.1,0.0,0.0,0.0
0.15,0.0,0.0,0.0
0.2,0.0,0.0,0.0
0.25,0.0,0.0,0.0
0.3,0.0,0.0,0.0
0.35,0.0,0.0,0.0
0.4,0.0,0.0,0.0
0.45,0.0,0.0,0.0
0.5,0.0,0.0,0.0
0.55,0.0,0.0,0.0
0.6,0.0,0.0,0.0
0.65,0.0,0.0,0.0
0.7,0.0,0.0,0.0
0.75,0.0,0.0,0.0
0.8,0.0,0.0,0.0
0.85,0.0,0.0,0.0
0.9,0.0,0.0,0.0
0.95,0.0,0.0,0.0
1.0,0.0,0.0,0.0
1.05,0.0,0.0,0.0
1.1,0.0,0.0,0.0
1.15,0.0,0.0,0.0
1.2,0.0,0.0,0.0
1.25,0.0,0.0,0.0
1.3,0.0,0.0,0.0
1.35,0.0,0.0,0.0
1.4,0.0,0.0,0.0
1.45,0.0,0.0,0.0
1.5,0.0,0.0,0.0
1.55,0.0,0.0,0.0
1.6,0.0,0.0,0.0
1.65,0.0,0.0,0.0
1.7,0.0,0.0,0.0
1.75,0.0,0.0,0.0
1.8,0.0,0.0,0.0
1.85,0.0,0.0,0.0
1.9,0.0,0.0,0.0
1.95,0.0,0.0,0.0
2.0,0.0,0.0,0.0
2.05,0.0,0.0,0.0
2.1,0.0,0.0,0.0
2.15,0.0,0.0,0.0
2.2,0.0,0.0,0.0
2.25,0.0,0.0,0.0
2.3,0.0,0.0,0.0
2.35,0.0,0.0,0.0
2.4,0.0,0.0,0.0
2.45,0.0,0.0,0.0
2.5,0.0,0.0,0.0
2.55,0.0,0.0,0.0
2.6,0.0,0.0,0.0
2.65,0.0,0.0,0.0
2.7,0.0,0.0,0.0
2.75,0.0,0.0,0.0
2.8,0.0,0.0,0.0
2.85,0.0,0.0,0.0
2.9,0.0,0.0,0.0
2.95,0.0,0.0,0.0
3.0,0.0,0.0,0.0
3.05,0.0,0.0,0.0
3.1,0.0,0.0,0.0
3.15,0.0,0.0,0.0
3.2,0.0,0.0,0.0
3.25,0.0,0.0,0.0
3.3,0.0,0.0,0.0
3.35,0.0,0.0,0.0
3.4,0.0,0.0,0.0
3.45,0.0,0.0,0.0
3.5,0.0,0.0,0.0
3.55,0.0,0.0,0.0
3.6,0.0,0.0,0.0
3.65,0.0,0.0,0.0
3.7,0.0,0.0,0.0
3.75,0.0,0.0,0.0
3.8,0.0,0.0,0.0
3.85,0.0,0.0,0.0
3.9,0.0,0.0,0.0
3.95,0.0,0.0,0.0
4.0,0.0,0.0,0.0
4.05,0.0,0.0,0.0
4.1,0.0,0.0,0.0
4.15,0.0,0.0,0.0
4.2,0.0,0.0,0.0
4.25,0.0,0.0,0.0
4.3,0.0,0.0,0.0
4.35,0.0,0.0,0.0
4.4,0.0,0.0,0.0
4.45,0.0,0.0,0.0
4.5,0.0,0.0,0.0
4.55,0.0,0.0,0.0
4.6,0.0,0.0,0.0
4.65,0.0,0.0,0.0
4.7,0.0,0.0,0.0
4.75,0.0,0.0,0.0
4.8,0.0,0.0,0.0
4.85,0.0,0.0,0.0
4.9,0.0,0.0,0.0
4.95,0.0,0.0,0.0
5.0,0.0,0.0,0.0
5.05,0.0,0.0,0.0
5.1,0.0,0.0,0.0
5.15,0.0,0.0,0.0
5.2,0.0,0.0,0.0
5.25,0.0,0.0,0.0
5.3,0.0,0.0,0.0
5.35,0.0,0.0,0.0
5.4,0.0,0.0,0.0
5.45,0.0,0.0,0.0
5.5,0.0,0.0,0.0
5.55,0.0,0.0,0.0
5.6,0.0,0.0,0.0
5.65,0.0,0.0,0.0
5.7,0.0,0.0,0.0
5.75,0.0,0.0,0.0
5.8,0.0,0.0,0.0
5.85,0.0,0.0,0.0
5.9,0.0,0.0,0.0
5.95,0.0,0.0,0.0
6.0,0.0,0.0,0.0
6.05,0.0,0.0,0.0
6.1,0.0,0.0,0.0
6.15,0.0,0.0,0.0
6.2,0.0,0.0,0.0
6.25,0.0,0.0,0.0
6.3,0.0,0.0,0.0
6.35,0.0,0.0,0.0
6.4,0.0,0.0,0.0
6.45,0.0,0.0,0.0
6.5,0.0,0.0,0.0
6.55,0.0,0.0,0.0
6.6,0.0,0.0,0.0
6.65,0.0,0.0,0.0
6.7,0.0,0.0,0.0
6.75,0.0,0.0,0.0
6.8,0.0,0.0,0.0
6.85,0.0,0.0,0.0
6.9,0.0,0.0,0.0
6.95,0.0,0.0,0.0
7.0,0.0,0.0,0.0
7.05,0.0,0.0,0.0
7.1,0.0,0.0,0.0
7.15,0.0,0.0,0.0
7.2,0.0,0.0,0.0
7.25,0.0,0.0,0.0
7.3,0.0,0.0,0.0
7.35,0.0,0.0,0.0
7.4,0.0,0.0,0.0
7.45,0.0,0.0,0.0
7.5,0.0,0.0,0.0
7.55,0.0,0.0,0.0
7.6,0.0,0.0,0.0
7.65,0.0,0.0,0.0
7.7,0.0,0.0,0.0
7.75,0.0,0.0,0.0
7.8,0.0,0.0,0.0
7.85,0.0,0.0,0.0
7.9,0.0,0.0,0.0
7.95,0.0,0.0,0.0
8.0,0.0,0.0,0.0
8.05,0.0,0.0,0.0
8.1,0.0,0.0,0.0
8.15,0.0,0.0,0.0
8.2,0.0,0.0,0.0
8.25,0.0,0.0,0.0
8.3,0.0,0.0,0.0
8.35,0.0,0.0,0.0
8.4,0.0,0.0,0.0
8.45,0.0,0.0,0.0
8.5,0.0,0.0,0.0
8.55,0.0,0.0,0.0
8.6,0.0,0.0,0.0
8.65,0.0,0.0,0.0
8.7,0.0,0.0,0.0
8.75,0.0,0.0,0.0
8.8,0.0,0.0,0.0
8.85,0.0,0.0,0.0
8.9,0.0,0.0,0.0
8.95,0.0,0.0,0.0
9.0,0.0,0.0,0.0
9.05,0.0,0.0,0.0
9.1,0.0,0.0,0.0
9.15,0.0,0.0,0.0
9.2,0.0,0.0,0.0
9.25,0.0,0.0,0.0
9.3,0.0,0.0,0.0
9.35,0.0,0.0,0.0
9.4,0.0,0.0,0.0
9.45,0.0,0.0,0.0
9.5,0.0,0.0,0.0
9.55,0.0,0.0,0.0
9.6,0.0,0.0,0.0
9.65,0.0,0.0,0.0
9.7,0.0,0.0,0.0
9.75,0.0,0.0,0.0
9.8,0.0,0.0,0.0
9.85,0.0,0.0,0.0
9.9,0.0,0.0,0.0
9.95,0.0,0.0,0.0
10.0,0.0,0.0,0.0
10.05,0.0,0.0,0.0
10.1,0.0,0.0,0.0
10.15,0.0,0.0,0.0
10.2,0.0,0.0,0.0
10.25,0.0,0.0,0.0
10.3,0.0,0.0,0.0
10.35,0.0,0.0,0.0
10.4,0.0,0.0,0.0
10.45,0.0,0.0,0.0
10.5,0.0,0.0,0.0
10.55,0.0,0.0,0.0
10.6,0.0,0.0,0.0
10.65,0.0,0.0,0.0
10.7,0.0,0.0,0.0
10.75,0.0,0.0,0.0
10.8,0.0,0.0,0.0
10.85,0.0,0.0,0.0
10.9,0.0,0.0,0.0
10.95,0.0,0.0,0.0
11.0,0.0,0.0,0.0
11.05,0.0,0.0,0.0
11.1,0.0,0.0,0.0
11.15,0.0,0.0,0.0
11.2,0.0,0.0,0.0
11.25,0.0,0.0,0.0
11.3,0.0,0.0,0.0
11.35,0.0,0.0,0.0
11.4,0.0,0.0,0.0
11.45,0.0,0.0,0.0
11.5,0.0,0.0,0.0
11.55,0.0,0.0,0.0
11.6,0.0,0.0,0.0
11.65,0.0,0.0,0.0
11.7,0.0,0.0,0.0
11.75,0.0,0.0,0.0
11.8,0.0,0.0,0.0
11.85,0.0,0.0,0.0
11.9,0.0,0.0,0.0
11.95,0.0,0.0,0.0
12.0,0.0,0.0,0.0
12.05,0.0,0.0,0.0
12.1,0.0,0.0,0.0
12.15,0.0,0.0,0.0
12.2,0.0,0.0,0.0
12.25,0.0,0.0,0.0
12.3,0.0,0.0,0.0
12.35,0.0,0.0,0.0
12.4,0.0,0.0,0.0
12.45,0.0,0.0,0.0
12.5,0.0,0.0,0.0
12.55,0.0,0.0,0.0
12.6,0.0,0.0,0.0
12.65,0.0,0.0,0.0
12.7,0.0,0.0,0.0
12.75,0.0,0.0,0.0
12.8,0.0,0.0,0.0
12.85,0.0,0.0,0.0
12.9,0.0,0.0,0.0
12.95,0.0,0.0,0.0
13.0,0.0,0.0,0.0
13.05,0.0,0.0,0.0
13.1,0.0,0.0,0.0
13.15,0.0,0.0,0.0
13.2,0.0,0.0,0.0
13.25,0.0,0.0,0.0
13.3,0.0,0.0,0.0
13.35,0.0,0.0,0.0
13.4,0.0,0.0,0.0
13.45,0.0,0.0,0.0
13.5,0.0,0.0,0.0
13.55,0.0,0.0,0.0
13.6,0.0,0.0,0.0
13.65,0.0,0.0,0.0
13.7,0.0,0.0,0.0
13.75,0.0,0.0,0.0
13.8,0.0,0.0,0.0
13.85,0.0,0.0,0.0
13.9,0.0,0.0,0.0
13.95,0.0,0.0,0.0
14.0,0.0,0.0,0.0
14.05,0.0,0.0,0.0
14.1,0.0,0.0,0.0
14.15,0.0,0.0,0.0
14.2,0.0,0.0,0.0
14.25,0.0,0.0,0.0
14.3,0.0,0.0,0.0
14.35,0.0,0.0,0.0
14.4,0.0,0.0,0.0
14.45,0.0,0.0,0.0
14.5,0.0,0.0,0.0
14.55,0.0,0.0,0.0
14.6,0.0,0.0,0.0
14.65,0.0,0.0,0.0
14.7,0.0,0.0,0.0
14.75,0.0,0.0,0.0
14.8,0.0,0.0,0.0
14.85,0.0,0.0,0.0
14.9,0.0,0.0,0.0
14.95,0.0,0.0,0.0
15.0,0.0,0.0,0.0
15.05,0.0,0.0,0.0
15.1,0.0,0.0,0.0
15.15,0.0,0.0,0.0
15.2,0.0,0.0,0.0
15.25,0.0,0.0,0.0
15.3,0.0,0.0,0.0
15.35,0.0,0.0,0.0
15.4,0.0,0.0,0.0
15.45,0.0,0.0,0.0
15.5,0.0,0.0,0.0
15.55,0.0,0.0,0.0
15.6,0.0,0.0,0.0
15.65,0.0,0.0,0.0
15.7,0.0,0.0,0.0
15.75,0.0,0.0,0.0
15.8,0.0,0.0,0.0
15.85,0.0,0.0,0.0
15.9,0.0,0.0,0.0
15.95,0.0,0.0,0.0
16.0,0.0,0.0,0.0
16.05,0.0,0.0,0.0
16.1,0.0,0.0,0.0
16.15,0.0,0.0,0.0
16.2,0.0,0.0,0.0
16.25,0.0,0.0,0.0
16.3,0.0,0.0,0.0
16.35,0.0,0.0,0.0
16.4,0.0,0.0,0.0
16.45,0.0,0.0,0.0
16.5,0.0,0.0,0.0
16.55,0.0,0.0,0.0
16.6,0.0,0.0,0.0
16.65,0.0,0.0,0.0
16.7,0.0,0.0,0.0
16.75,0.0,0.0,0.0
16.8,0.0,0.0,0.0
16.85,0.0,0.0,0.0
16.9,0.0,0.0,0.0
16.95,0.0,0.0,0.0
17.0,0.0,0.0,0.0
17.05,0.0,0.0,0.0
17.1,0.0,0.0,0.0
17.15,0.0,0.0,0.0
17.2,0.0,0.0,0.0
17.25,0.0,0.0,0.0
17.3,0.0,0.0,0.0
17.35,0.0,0.0,0.0
17.4,0.0,0.0,0.0
17.45,0.0,0.0,0.0
17.5,0.0,0.0,0.0
17.55,0.0,0.0,0.0
17.6,0.0,0.0,0.0
17.65,0.0,0.0,0.0
17.7,0.0,0.0,0.0
17.75,0.0,0.0,0.0
17.8,0.0,0.0,0.0
17.85,0.0,0.0,0.0
17.9,0.0,0.0,0.0
17.95,0.0,0.0,0.0
18.0,0.0,0.0,0.0
18.05,0.0,0.0,0.0
18.1,0.0,0.0,0.0
18.15,0.0,0.0,0.0
18.2,0.0,0.0,0.0
18.25,0.0,0.0,0.0
18.3,0.0,0.0,0.0
18.35,0.0,0.0,0.0
18.4,0.0,0.0,0.0
18.45,0.0,0.0,0.0
18.5,0.0,0.0,0.0
18.55,0.0,0.0,0.0
18.6,0.0,0.0,0.0
18.65,0.0,0.0,0.0
18.7,0.0,0.0,0.0
18.75,0.0,0.0,0.0
18.8,0.0,0.0,0.0
18.85,0.0,0.0,0.0
18.9,0.0,0.0,0.0
18.95,0.0,0.0,0.0
19.0,0.0,0.0,0.0
19.05,0.0,0.0,0.0
19.1,0.0,0.0,0.0
19.15,0.0,0.0,0.0
19.2,0.0,0.0,0.0
19.25,0.0,0.0,0.0
19.3,0.0,0.0,0.0
19.35,0.0,0.0,0.0
19.4,0.0,0.0,0.0
19.45,0.0,0.0,0.0
19.5,0.0,0.0,0.0
19.55,0.0,0.0,0.0
19.6,0.0,0.0,0.0
19.65,0.0,0.0,0.0
19.7,0.0,0.0,0.0
19.75,0.0,0.0,0.0
19.8,0.0,0.0,0.0
19.85,0.0,0.0,0.0
19.9,0.0,0.0,0.0
19.95,0.0,0.0,0.0
20.0,0.0,0.0,0.0
20.05,0.0,0.0,0.0
20.1,0.0,0.0,0.0
20.15,0.0,0.0,0.0
20.2,0.0,0.0,0.0
20.25,0.0,0.0,0.0
20.3,0.0,0.0,0.0
20.35,0.0,0.0,0.0
20.4,0.0,0.0,0.0
20.45,0.0,0.0,0.0
20.5,0.0,0.0,0.0
20.55,0.0,0.0,0.0
20.6,0.0,0.0,0.0
20.65,0.0,0.0,0.0
20.7,0.0,0.0,0.0
20.75,0.0,0.0,0.0
20.8,0.0,0.0,0.0
20.85,0.0,0.0,0.0
20.9,0.0,0.0,0.0
20.95,0.0,0.0,0.0
21.0,0.0,0.0,0.0
21.05,0.0,0.0,0.0
21.1,0.0,0.0,0.0
21.15,0.0,0.0,0.0
21.2,0.0,0.0,0.0
21.25,0.0,0.0,0.0
21.3,0.0,0.0,0.0
21.35,0.0,0.0,0.0
21.4,0.0,0.0,0.0
21.45,0.0,0.0,0.0
21.5,0.0,0.0,0.0
21.55,0.0,0.0,0.0
21.6,0.0,0.0,0.0
21.65,0.0,0.0,0.0
21.7,0.0,0.0,0.0
21.75,0.0,0.0,0.0
21.8,0.0,0.0,0.0
21.85,0.0,0.0,0.0
21.9,0.0,0.0,0.0
21.95,0.0,0.0,0.0
22.0,0.0,0.0,0.0
22.05,0.0,0.0,0.0
22.1,0.0,0.0,0.0
22.15,0.0,0.0,0.0
22.2,0.0,0.0,0.0
22.25,0.0,0.0,0.0
22.3,0.0,0.0,0.0
22.35,0.0,0.0,0.0
22.4,0.0,0.0,0.0
22.45,0.0,0.0,0.0
22.5,0.0,0.0,0.0
22.55,0.0,0.0,0.0
22.6,0.0,0.0,0.0
22.65,0.0,0.0,0.0
22.7,0.0,0.0,0.0
22.75,0.0,0.0,0.0
22.8,0.0,0.0,0.0
22.85,0.0,0.0,0.0
22.9,0.0,0.0,0.0
22.95,0.0,0.0,0.0
23.0,0.0,0.0,0.0
23.05,0.0,0.0,0.0
23.1,0.0,0.0,0.0
23.15,0.0,0.0,0.0
23.2,0.0,0.0,0.0
23.25,0.0,0.0,0.0
23.3,0.0,0.0,0.0
23.35,0.0,0.0,0.0
23.4,0.0,0.0,0.0
23.45,0.0,0.0,0.0
23.5,0.0,0.0,0.0
23.55,0.0,0.0,0.0
23.6,0.0,0.0,0.0
23.65,0.0,0.0,0.0
23.7,0.0,0.0,0.0
23.75,0.0,0.0,0.0
23.8,0.0,0.0,0.0
23.85,0.0,0.0,0.0
23.9,0.0,0.0,0.0
23.95,0.0,0.0,0.0
24.0,0.0,0.0,0.0
24.05,0.0,0.0,0.0
24.1,0.0,0.0,0.0
24.15,0.0,0.0,0.0
24.2,0.0,0.0,0.0
24.25,0.0,0.0,0.0
24.3,0.0,0.0,0.0
24.35,0.0,0.0,0.0
24.4,0.0,0.0,0.0
24.45,0.0,0.0,0.0
24.5,0.0,0.0,0.0
24.55,0.0,0.0,0.0
24.6,0.0,0.0,0.0
24.65,0.0,0.0,0.0
24.7,0.0,0.0,0.0
24.75,0.0,0.0,0.0
24.8,0.0,0.0,0.0
24.85,0.0,0.0,0.0
24.9,0.0,0.0,0.0
24.95,0.0,0.0,0.0
25.0,0.0,0.0,0.0
25.05,0.0,0.0,0.0
25.1,0.0,0.0,0.0
25.15,0.0,0.0,0.0
25.2,0.0,0.0,0.0
25.25,0.0,0.0,0.0
25.3,0.0,0.0,0.0
25.35,0.0,0.0,0.0
25.4,0.0,0.0,0.0
25.45,0.0,0.0,0.0
25.5,0.0,0.0,0.0
25.55,0.0,0.0,0.0
25.6,0.0,0.0,0.0
25.65,0.0,0.0,0.0
25.7,0.0,0.0,0.0
25.75,0.0,0.0,0.0
25.8,0.0,0.0,0.0
25.85,0.0,0.0,0.0
25.9,0.0,0.0,0.0
25.95,0.0,0.0,0.0
26.0,0.0,0.0,0.0
26.05,0.0,0.0,0.0
26.1,0.0,0.0,0.0
26.15,0.0,0.0,0.0
26.2,0.0,0.0,0.0
26.25,0.0,0.0,0.0
26.3,0.0,0.0,0.0
26.35,0.0,0.0,0.0
26.4,0.0,0.0,5.70432590052e-18
26.45,0.0,0.0,7.70856400236e-06
26.5,0.0,0.0,1.36582583061e-05
26.55,0.0,0.0,1.82504010673e-05
26.6,0.0,0.0,2.17947434661e-05
26.65,0.0,0.0,2.45303618898e-05
26.7,0.0,0.0,2.66417833522e-05
26.75,0.0,0.0,3.59799957239e-05
26.8,0.0,0.0,4.3187492502e-05
26.85,0.0,0.0,4.87504370064e-05
26.9,0.0,0.0,6.07526304386e-05
26.95,0.0,0.0,7.00162399465e-05
27.0,0.0,0.0,8.48747144776e-05
27.05,0.0,0.0,9.63429022835e-05
27.1,0.0,0.0,0.000105194362652
27.15,0.0,0.0,0.000119734718462
27.2,0.0,0.0,0.000130957365513
27.25,0.0,0.0,0.000139619285277
27.3,0.0,0.0,0.00016172191249
27.35,0.0,0.0,0.000178781341347
27.4,0.0,0.0,0.000191892043564
27.45,0.0,0.0,0.000201710903505
27.5,0.0,0.0,0.00020922346482
27.55,0.0,0.0,0.000214956565537
27.6,0.0,0.0,0.00021931680565
27.65,0.0,0.0,0.00022261798714
27.7,0.0,0.0,0.000225046138954
27.75,0.0,0.0,0.000226556904475
27.8,0.0,0.0,0.000227594586833
27.85,0.0,0.0,0.000228212103966
27.9,0.0,0.0,0.000228262330105
27.95,0.0,0.0,0.000228054374427
28.0,0.0,0.0,0.000227404474958
28.05,0.0,0.0,0.000226649605906
28.1,0.0,0.0,0.000233468312808
28.15,0.0,0.0,0.000238182064053
28.2,0.0,0.0,0.000241507809597
28.25,0.0,0.0,0.000243652896681
28.3,0.0,0.0,0.000244400976927
28.35,0.0,0.0,0.000244542447636
28.4,0.0,0.0,0.000244219882922
28.45,0.0,0.0,0.000243543025913
28.5,0.0,0.0,0.000250305155854
28.55,0.0,0.0,0.000255103866405
28.6,0.0,0.0,0.000258390852393
28.65,0.0,0.0,0.000260515061703
28.7,0.0,0.0,0.000261745222848
28.75,0.0,0.0,0.000262289233781
28.8,0.0,0.0,0.000262307635231
28.85,0.0,0.0,0.000261923437202
28.9,0.0,0.0,0.000261232306813
28.95,0.0,0.0,0.000260307808602
29.0,0.0,0.0,0.000259206713376
29.05,0.0,0.0,0.000257916342952
29.1,0.0,0.0,0.000256239165982
29.15,0.0,0.0,0.000254501552522
29.2,0.0,0.0,0.000252720999327
29.25,0.0,0.0,0.000250911448606
29.3,0.0,0.0,0.000249083728001
29.35,0.0,0.0,0.000247245366745
29.4,0.0,0.0,0.00024540283307
29.45,0.0,0.0,0.000243504652296
29.5,0.0,0.0,0.000241323190752
29.55,0.0,0.0,0.000239161032643
29.6,0.0,0.0,0.000237018313264
29.65,0.0,0.0,0.000234894809854
29.7,0.0,0.0,0.000232790098678
29.75,0.0,0.0,0.000230704247661
29.8,0.0,0.0,0.000228637365145
29.85,0.0,0.0,0.000226588773219
29.9,0.0,0.0,0.000224558544182
29.95,0.0,0.0,0.000222546495492
30.0,0.0,0.0,0.000220552789757
30.05,0.0,0.0,0.000218576726034
30.1,0.0,0.0,0.000216618427972
30.15,0.0,0.0,0.000214677691984
30.2,0.0,0.0,0.000212754130804
30.25,0.0,0.0,0.000210847806512
30.3,0.0,0.0,0.000208958818125
30.35,0.0,0.0,0.000207086546077
30.4,0.0,0.0,0.000205231056447
30.45,0.0,0.0,0.000203392182403
30.5,0.0,0.0,0.000201570072558
30.55,0.0,0.0,0.000199764086297
30.6,0.0,0.0,0.000197974336628
30.65,0.0,0.0,0.000196200637486
30.7,0.0,0.0,0.000194442634938
30.75,0.0,0.0,0.000192700385717
30.8,0.0,0.0,0.000190973980322
30.85,0.0,0.0,0.00018926285251
30.9,0.0,0.0,0.000187567062673
30.95,0.0,0.0,0.000185886458338
31.0,0.0,0.0,0.000184221175328
31.05,0.0,0.0,0.000182570628164
31.1,0.0,0.0,0.000180934920128
31.15,0.0,0.0,0.000179313881169
31.2,0.0,0.0,0.000177707187816
31.25,0.0,0.0,0.000176114891921
31.3,0.0,0.0,0.000174537076191
31.35,0.0,0.0,0.000172973223122
31.4,0.0,0.0,0.000171423387907
31.45,0.0,0.0,0.000169887431195
31.5,0.0,0.0,0.000168365477119
31.55,0.0,0.0,0.000166856990594
31.6,0.0,0.0,0.00016536206601
31.65,0.0,0.0,0.000163880547952
31.7,0.0,0.0,0.000162412140792
31.75,0.0,0.0,0.000160956891917
31.8,0.0,0.0,0.000159514876917
31.85,0.0,0.0,0.000158085622828
31.9,0.0,0.0,0.000156669180093
31.95,0.0,0.0,0.000155265421355
32.0,0.0,0.0,0.000153874460063
32.05,0.0,0.0,0.000152495807184
32.1,0.0,0.0,0.000151129548987
32.15,0.0,0.0,0.000149775543433
32.2,0.0,0.0,0.000148433520336
32.25,0.0,0.0,0.000147103523007
32.3,0.0,0.0,0.000145785620529
32.35,0.0,0.0,0.000144479380646
32.4,0.0,0.0,0.000143184849458
32.45,0.0,0.0,0.00014190191057
32.5,0.0,0.0,0.000140630667668
32.55,0.0,0.0,0.000139370673809
32.6,0.0,0.0,0.000138122007835
32.65,0.0,0.0,0.000136884539934
32.7,0.0,0.0,0.000135658023175
32.75,0.0,0.0,0.00013444249714
32.8,2.15993889441e-16,4.05872842475e-17,0.000133238024966
32.85,7.98808329398e-05,9.40909968298e-07,0.000132044211601
32.9,0.000154795669012,1.89601051586e-06,0.000130861099178
32.95,0.000225014975925,2.87833578055e-06,0.00012968858132
33.0,0.000290858642113,3.90283787549e-06,0.000128526752787
33.05,0.000352584904326,4.9899247416e-06,0.000127375205106
33.1,0.000410455746042,6.14460879645e-06,0.000126234010333
33.15,0.000464716135727,7.38899684407e-06,0.000125103049827
33.2,0.000515579515886,8.73343860992e-06,0.000123982097912
33.25,0.000563276984045,1.01883981107e-05,0.000122871190762
33.3,0.000607981383207,1.17740641303e-05,0.00012177038608
33.35,0.000649906537145,1.34939180242e-05,0.000120679322817
33.4,0.000689200848768,1.53678686259e-05,0.000119598039477
33.45,0.000726049451571,1.74085942992e-05,0.000118526438842
33.5,0.000760591125661,1.96219641138e-05,0.000117464607514
33.55,0.000792977848746,2.2030296722e-05,0.000116412172177
33.6,0.000823341679847,2.46364032179e-05,0.000115369198685
33.65,0.000851806773347,2.74581162553e-05,0.00011433557861
33.7,0.000878498043473,3.05086819184e-05,0.000113311105697
33.75,0.000903516346367,3.37890821575e-05,0.000112295813008
33.8,0.000903516346367,3.55231621542e-05,0.000111289753281
33.85,0.000894975715403,3.72661501956e-05,0.000110292596539
33.9,0.000886515592469,3.90053681755e-05,0.000109304377976
33.95,0.000878135221,4.07389311686e-05,0.000108325008737
34.0,0.000869833851517,4.24614341534e-05,0.000107354567973
34.05,0.000861610741559,4.41705625489e-05,0.000106392714498
34.1,0.00085346515562,4.5864262206e-05,0.000105439508498
34.15,0.000845396365081,4.75389248539e-05,0.000104494850877
34.2,0.00083740364815,4.91932451217e-05,0.000103558553134
34.25,0.000829486289792,5.08242246995e-05,0.000102630645484
34.3,0.000821643581674,5.24291944503e-05,0.000101711176125
34.35,0.000813874822093,5.40086251537e-05,0.000100799843482
34.4,0.000806179315925,5.55585530928e-05,9.98966797187e-05
34.45,0.000798556374553,5.70795940373e-05,9.90016036291e-05
34.5,0.000791005315814,5.85700578276e-05,9.81146875515e-05
34.55,0.000783525463936,6.00285787288e-05,9.72356196649e-05
34.6,0.000776116149476,6.14545130256e-05,9.6364454976e-05
34.65,0.000768776709266,6.28471982277e-05,9.55011029172e-05
34.7,0.000761506486349,6.42059568297e-05,9.46453912106e-05
34.75,0.000754304829926,6.5530918157e-05,9.37973474722e-05
34.8,0.000747171095295,6.68222157044e-05,9.29570157512e-05
34.85,0.00074010834251,6.80781029206e-05,9.21241204286e-05
34.9,0.000733112166575,6.9300018515e-05,9.12986909e-05
34.95,0.000726181941843,7.04871178385e-05,9.04806529485e-05
35.0,0.000719317048525,7.16402356688e-05,8.96700726865e-05
35.05,0.000712516872636,7.27579611283e-05,8.88666651309e-05
35.1,0.000705780805942,7.3843431639e-05,8.80704805542e-05
35.15,0.000699108245907,7.48946395165e-05,8.72814361838e-05
35.2,0.000692498595635,7.59121549e-05,8.64993745696e-05
35.25,0.000685951263825,7.68966293101e-05,8.57243209506e-05
35.3,0.000679465664711,7.78486850295e-05,8.49563155848e-05
35.35,0.000673041218017,7.87694982757e-05,8.41951065754e-05
35.4,0.0006666773489,7.96588654512e-05,8.34407207879e-05
35.45,0.000660373487905,8.05171754257e-05,8.26930903933e-05
35.5,0.00065412907091,8.13453349405e-05,8.19522758137e-05
35.55,0.000647943539079,8.21440159493e-05,8.12180165942e-05
35.6,0.00064181633881,8.29134970562e-05,8.04903586803e-05
35.65,0.00063574692169,8.36542374731e-05,7.97692264236e-05
35.7,0.000629734744443,8.43666778103e-05,7.90544759256e-05
35.75,0.000623779268885,8.50512419986e-05,7.83461302529e-05
35.8,0.000617879961873,8.57104482021e-05,7.76442261987e-05
35.85,0.000612039353946,8.63431553716e-05,7.69485335465e-05
35.9,0.000606253802355,8.69494456816e-05,7.62590768496e-05
35.95,0.000600522789712,8.7532108245e-05,7.55757941169e-05
36.0,0.000594845803479,8.80900546361e-05,7.48987405701e-05
36.05,0.000589222335915,8.86238463735e-05,7.42276781713e-05
36.1,0.000583651884036,8.91356995078e-05,7.35626489116e-05
36.15,0.000578133949568,8.96236721582e-05,7.29035836535e-05
36.2,0.000572668038903,9.00915067525e-05,7.22503508837e-05
36.25,0.00056725366306,9.05364820539e-05,7.16029716835e-05
36.3,0.000561890337634,9.09622109978e-05,7.09614796792e-05
36.35,0.000556577582759,9.13667978105e-05,7.0325664469e-05
36.4,0.000551314923066,9.17521804479e-05,6.96955484928e-05
36.45,0.000546101887637,9.21187935589e-05,6.90710750951e-05
36.5,0.000540938009967,9.24656653538e-05,6.84522947445e-05
36.55,0.000535822827921,9.27963159634e-05,6.78389898911e-05
36.6,0.000530755883693,9.31086606545e-05,6.72311989115e-05
36.65,0.000525736723768,9.34031214656e-05,6.6628858619e-05
36.7,0.000520764898879,9.36827423053e-05,6.60318488194e-05
36.75,0.000515839963969,9.39457407459e-05,6.54401887796e-05
36.8,0.000510961478151,9.41925130314e-05,6.48539092318e-05
36.85,0.000506131534079,9.44245056381e-05,6.42728178832e-05
36.9,0.000501347119345,9.46428616303e-05,6.36969352422e-05
36.95,0.000496607806094,9.48464821588e-05,6.31262095296e-05
37.0,0.000491913170475,9.503586106e-05,6.25606868704e-05
37.05,0.000487262792608,9.52114717282e-05,6.20001684387e-05
37.1,0.000482656256547,9.53750885119e-05,6.14446893084e-05
37.15,0.000478093150238,9.55260285579e-05,6.08941917309e-05
37.2,0.000473573065489,9.56644213223e-05,6.03485658572e-05
37.25,0.00046909559793,9.5790677357e-05,5.98078292957e-05
37.3,0.000464660346981,9.59051908151e-05,5.92720101337e-05
37.35,0.000460266915811,9.60083399561e-05,5.87409326287e-05
37.4,0.000455914911309,9.61007214263e-05,5.8214615524e-05
37.45,0.000451603944045,9.61831636627e-05,5.76930114971e-05
37.5,0.00044733362824,9.62552167296e-05,5.71761627029e-05
37.55,0.000443103581725,9.63172080505e-05,5.66638874282e-05
37.6,0.000438913425914,9.63694553946e-05,5.61562177282e-05
37.65,0.000434762785769,9.6412263835e-05,5.56531008248e-05
37.7,0.000430651289765,9.64459276445e-05,5.51544363233e-05
37.75,0.000426578569857,9.64707315318e-05,5.46602403167e-05
37.8,0.000422544261451,9.64869491553e-05,5.41705384749e-05
37.85,0.000498430928023,0.000101882103598,5.36851701813e-05
37.9,0.00056938924863,0.000107629940727,5.3204152566e-05
37.95,0.000635689337162,0.000113732924852,5.27274423794e-05
38.0,0.000697650731544,0.00012020386796,5.22550781483e-05
38.05,0.000755531321304,0.000127092103212,5.17868937994e-05
38.1,0.000809592745949,0.000134363737131,5.13229186287e-05
38.15,0.000860079633192,0.000142079673851,5.08631044008e-05
38.2,0.000907205087982,0.000150234940693,5.04073593619e-05
38.25,0.000951199873446,0.000158827755106,4.99556982199e-05
38.3,0.000992236501324,0.000167900952678,4.95081444352e-05
38.35,0.00103052846723,0.00017741455472,4.90645512153e-05
38.4,0.00106622384898,0.000187412205051,4.8624934216e-05
38.45,0.00109950745802,0.000197892684579,4.81892539101e-05
38.5,0.00113051775545,0.000208834512256,4.77575455085e-05
38.55,0.00115940640294,0.000220285553757,4.73296572316e-05
38.6,0.00118630514642,0.00023220155106,4.69056158539e-05
38.65,0.00121133783014,0.000244621949959,4.64853772916e-05
38.7,0.00123462906109,0.000257557932441,4.6068857688e-05
38.75,0.00125627939105,0.000270981944406,4.56560704852e-05
38.8,0.00125294318287,0.000277811052183,4.52470371242e-05
38.85,0.00124109953955,0.000284579583533,4.4841623447e-05
38.9,0.00122936754001,0.000291299560988,4.44398437617e-05
38.95,0.0012177461351,0.000298024726258,4.40416619434e-05
39.0,0.00120623428549,0.000304816416977,4.36471101722e-05
39.05,0.00119483096157,0.000311755042939,4.32560497321e-05
39.1,0.00118353514339,0.000318944904936,4.28685050933e-05
39.15,0.00117234582054,0.000326519472329,4.24844359659e-05
39.2,0.00116126199208,0.000334660605771,4.21037657109e-05
39.25,0.00115028266645,0.000343624052976,4.17265066133e-05
39.3,0.00113940686136,0.000353778677125,4.13526782689e-05
39.35,0.00112863360375,0.0003656855209,4.09821580664e-05
39.4,0.00111796192965,0.000380254565671,4.06149590824e-05
39.45,0.00110739088413,0.000399061158615,4.02510483013e-05
39.5,0.00109691952121,0.000425063347007,3.98904551334e-05
39.55,0.00108654690376,0.000464385521626,3.95330528018e-05
39.6,0.00107627210344,0.000530890336442,3.91788636707e-05
39.65,0.00106609420061,0.000653795560242,3.88278509179e-05
39.7,0.00105601228425,0.000834701902864,3.84799445005e-05
39.75,0.00104602545185,0.00092948847338,3.81351556463e-05
39.8,0.00103613280939,0.000947826937851,3.77935022645e-05
39.85,0.00102633860036,0.000951052203603,3.74548722966e-05
39.9,0.00101663671618,0.000951255280432,3.7119277694e-05
39.95,0.00100702628925,0.000950462936618,3.67866882824e-05
40.0,0.00099750646006,0.000949007923414,3.6457130941e-05
40.05,0.000988076377188,0.000946812600478,3.61304898046e-05
40.1,0.000978735197167,0.000943616489673,3.58067853121e-05
40.15,0.000969482084434,0.000938996568643,3.54859838109e-05
40.2,0.000960316211252,0.000932322341407,3.51680212865e-05
40.25,0.000951236757636,0.000922690378254,3.48529080004e-05
40.3,0.000942242911283,0.000908872902052,3.45406603201e-05
40.35,0.000933333867499,0.000889322706768,3.42311758322e-05
40.4,0.000924508829128,0.000862320980094,3.39244654593e-05
40.45,0.00091576700648,0.000826339752461,3.36205016241e-05
40.5,0.000907107617266,0.000780710043692,3.33193088925e-05
40.55,0.000898529886523,0.000726473575731,3.30207813715e-05
40.6,0.000890033046551,0.000666293158846,3.27249377411e-05
40.65,0.000881616336843,0.000602261510868,3.24317472448e-05
40.7,0.000873279004014,0.000534638411363,3.2141151378e-05
40.75,0.000865020301743,0.000463358552855,3.18531595189e-05
40.8,0.0008568394907,0.000390435433179,3.15677866264e-05
40.85,0.000848740080086,0.000321149521106,3.12849391015e-05
40.9,0.00084071701835,0.000261920262812,3.10046269269e-05
40.95,0.000832769588013,0.000216096405554,3.07268248987e-05
41.0,0.000824897078314,0.000182822354025,3.04515554686e-05
41.05,0.000817098785149,0.000159291188642,3.01787218575e-05
41.1,0.000809374011009,0.000142742951666,2.99083411376e-05
41.15,0.000801722064917,0.000131099535555,2.96403851999e-05
41.2,0.000794142262369,0.00012293747527,2.93748005749e-05
41.25,0.00078663392527,0.000117288843117,2.91115958338e-05
41.3,0.000779196381879,0.000113496761932,2.88507846479e-05
41.35,0.000771828966747,0.000111107953032,2.85922814742e-05
41.4,0.000764531020659,0.000109796842861,2.83360954362e-05
41.45,0.000757301890573,0.000109329442471,2.80822034993e-05
41.5,0.000750140929567,0.000109536832942,2.78306261827e-05
41.55,0.000743047496781,0.00011028540975,2.75812750372e-05
41.6,0.000736020957357,0.000111476439067,2.73341656654e-05
41.65,0.000729060682386,0.000113029932326,2.70892723776e-05
41.7,0.000722166048851,0.000114886026074,2.68465463065e-05
41.75,0.000715336439573,0.000116991177521,2.66059952855e-05
41.8,0.000708571243158,0.000119306171213,2.63676318092e-05
41.85,0.000701873361571,0.000121794056634,2.61313776973e-05
41.9,0.000695238617386,0.000124426496164,2.58972412879e-05
41.95,0.000688666417278,0.000127179405834,2.56652015292e-05
42.0,0.000682156173475,0.000130031694252,2.5435277174e-05
42.05,0.000675707303713,0.000132963964067,2.5207387386e-05
42.1,0.00066931923118,0.000135960225697,2.4981546425e-05
42.15,0.000662991384467,0.000139006431767,2.47577308122e-05
42.2,0.000656723197516,0.000142090184526,2.45358958864e-05
42.25,0.000650514109572,0.000145200491727,2.43160488066e-05
42.3,0.000644363565131,0.000148327561101,2.40982009922e-05
42.35,0.000638271013894,0.000151462629133,2.38822809917e-05
42.4,0.000632235910717,0.000154597819692,2.36682964255e-05
42.45,0.000626257715562,0.000157729264779,2.34562280538e-05
42.5,0.000620335893451,0.00016084792454,2.32460930154e-05
42.55,0.000614469914417,0.000163947950155,2.30378174313e-05
42.6,0.00060865925346,0.000167024768407,2.28314143341e-05
42.65,0.000602903390498,0.000170077733569,2.26268622658e-05
42.7,0.000597201810321,0.000173098093472,2.24241204091e-05
42.75,0.000591554002547,0.000176085553105,2.22231953069e-05
42.8,0.000585959461579,0.000179036406031,2.20240973957e-05
42.85,0.000580420587223,0.00018194744497,2.18267613737e-05
42.9,0.000574933924918,0.000184817549692,2.16311942055e-05
42.95,0.000569498984008,0.000187644795198,2.14373783072e-05
43.0,0.000564115278431,0.000190425055148,2.12453293425e-05
43.05,0.000558782326678,0.00019316227252,2.1054979791e-05
43.1,0.000553499651749,0.000195850054649,2.08663415638e-05
43.15,0.000548266781111,0.000198488026422,2.06793950496e-05
43.2,0.000543083246659,0.000201079229902,2.04941029442e-05
43.25,0.000537948584669,0.00020362057897,2.03104712274e-05
43.3,0.000532862335765,0.000206111205868,2.01285094374e-05
43.35,0.000527824044871,0.000208551242404,1.99481578929e-05
43.4,0.000522833261174,0.000210941174944,1.97694229591e-05
43.45,0.000517889538086,0.000213280973012,1.95922885654e-05
43.5,0.000512992433202,0.000215570998724,1.94167690274e-05
43.55,0.000508141508261,0.000217811688721,1.92428026363e-05
43.6,0.000503336329108,0.000220003552574,1.90704002777e-05
43.65,0.000498576465658,0.000222147166063,1.88995440284e-05
43.7,0.000493861491852,0.000224243168802,1.87301997948e-05
43.75,0.000489190985627,0.000226292261806,1.85623730422e-05
43.8,0.000484564528873,0.00022829520313,1.83960724879e-05
43.85,0.000479984106133,0.000230252805223,1.82312435871e-05
43.9,0.000475446860625,0.000232165953836,1.80678921571e-05
43.95,0.000470952386597,0.000234035565934,1.79060035107e-05
44.0,0.000466500282095,0.000235863904699,1.77455907314e-05
44.05,0.000462090148932,0.000237653001564,1.75865974213e-05
44.1,0.000457721592648,0.000239401921471,1.74290335294e-05
44.15,0.000453394222477,0.000241111750922,1.72728826749e-05
44.2,0.000449107651316,0.000242785293609,1.71181136989e-05
44.25,0.000444861495684,0.000244425134966,1.69647315959e-05
44.3,0.000440655375695,0.000246029661349,1.68127443332e-05
44.35,0.000436488915021,0.000247600996374,1.66621020605e-05
44.4,0.000432361740857,0.000249144108482,1.65128100945e-05
44.45,0.000428273483894,0.00025065631819,1.6364855012e-05
44.5,0.00042422377828,0.000252140890509,1.62182487705e-05
44.55,0.000420212261592,0.000253600763993,1.60729398262e-05
44.6,0.000416238574801,0.000255033736568,1.59289372716e-05
44.65,0.000412302362245,0.000256446537055,1.57862261361e-05
44.7,0.00040840327159,0.000257836642248,1.56447779424e-05
44.75,0.000404540953807,0.000259207423186,1.55045972553e-05
44.8,0.000400715063137,0.000260561434252,1.53656913561e-05
44.85,0.000396927240714,0.000261897698464,1.52280146852e-05
44.9,0.000393175124098,0.000263223072091,1.50915721019e-05
44.95,0.000389458377749,0.000264533384008,1.4956351338e-05
45.0,0.000385776669266,0.000265837153405,1.48223633218e-05
45.05,0.000382129669365,0.000267129928244,1.46895609461e-05
45.1,0.000378517051843,0.000268419285235,1.45579525208e-05
45.15,0.000374938493555,0.000269702947355,1.44275243636e-05
45.2,0.00037139367438,0.000270986900949,1.42982504482e-05
45.25,0.000367882277196,0.000272270700288,1.41701349467e-05
45.3,0.000364403987853,0.000273559094725,1.40431845136e-05
45.35,0.000360958495141,0.0002748533675,1.39173575106e-05
45.4,0.00035754549077,0.000276157175039,1.37926583787e-05
45.45,0.000354164669332,0.000277473694969,1.36690759056e-05
45.5,0.000350815728285,0.000278805418048,1.35466200792e-05
45.55,0.000347498367918,0.00028015786871,1.34252478466e-05
45.6,0.000344212291332,0.000281532079635,1.33049668024e-05
45.65,0.000340957204405,0.000282936711571,1.31857644421e-05
45.7,0.000337732815774,0.000284371537644,1.30676169794e-05
45.75,0.000334538836805,0.000285847431831,1.29505282273e-05
45.8,0.000331374981569,0.000287365973071,1.28345042675e-05
45.85,0.000328242607219,0.000288935841609,1.27195070455e-05
45.9,0.000325139760112,0.000290565814781,1.260554062e-05
45.95,0.00032206616277,0.000292262262677,1.2492594744e-05
46.0,0.000319021540312,0.000294038191251,1.23806785454e-05
46.05,0.000316005620432,0.000295904615399,1.2269752677e-05
46.1,0.000313018133375,0.000297874070552,1.21598240797e-05
46.15,0.000310058811912,0.000299963446841,1.20508813253e-05
46.2,0.000307127391317,0.000302193854889,1.19429026747e-05
46.25,0.000304223609343,0.000304588594372,1.18358916126e-05
46.3,0.0003013472062,0.000307175850746,1.17298536975e-05
46.35,0.000298497924532,0.000309991482084,1.16247541502e-05
46.4,0.000295675509392,0.000313080426924,1.15205966799e-05
46.45,0.000292879708224,0.000316501666452,1.14173719215e-05
46.5,0.000290110270836,0.000320327559964,1.13150882175e-05
46.55,0.000287366949381,0.000324654741063,1.12137096071e-05
46.6,0.000284649498332,0.000329617810245,1.11132424339e-05
46.65,0.000281957674466,0.000335399769747,1.10136762532e-05
46.7,0.000279291236837,0.000342265472644,1.09149911971e-05
46.75,0.000276649946755,0.000350605839207,1.08171904503e-05
46.8,0.000274033567769,0.000361033787252,1.07202790928e-05
46.85,0.000271443222189,0.00037455265998,1.0624225339e-05
46.9,0.000268877294433,0.00039292877956,1.05290325787e-05
46.95,0.000266335555037,0.000419523619889,1.04346922529e-05
47.0,0.000263817776685,0.000461346781202,1.03412119861e-05
47.05,0.000261323734194,0.000533932331797,1.02485589125e-05
47.1,0.000258853204484,0.000664707156415,1.01567388298e-05
47.15,0.00025640596657,0.000824601624191,1.00657421923e-05
47.2,0.000253981801534,0.000890194905395,9.97555084196e-06
47.25,0.000251580492507,0.000902986062358,9.88616768953e-06
47.3,0.000249201824655,0.000905397362543,9.79759737776e-06
47.35,0.000246845585155,0.00090538392258,9.70981085662e-06
47.4,0.000244511563175,0.000904396361033,9.62281122437e-06
47.45,0.000242199549863,0.000902648241826,9.53659065862e-06
47.5,0.000239909338319,0.000899997748938,9.45115612756e-06
47.55,0.000237640723584,0.000896102432659,9.3664775942e-06
47.6,0.000235393502618,0.000890418141039,9.28256035721e-06
47.65,0.000233167474285,0.000882137641547,9.19939569242e-06
47.7,0.000230962439332,0.000870132250595,9.11696700472e-06
47.75,0.000228778200374,0.000852924737472,9.03527695428e-06
47.8,0.000226614561874,0.000828786759182,8.95432978427e-06
47.85,0.000224472451937,0.000796041199081,8.87409894495e-06
47.9,0.000222350534541,0.000753660519085,8.79458726793e-06
47.95,0.000220248619931,0.000702154761056,8.71578760408e-06
48.0,0.000218166520127,0.000643902372904,8.63770632184e-06
48.05,0.000216104048908,0.000581268105579,8.56031596949e-06
48.1,0.000214061021799,0.000514793183578,8.48362138961e-06
48.15,0.000212037256053,0.000444364802795,8.40761460895e-06
48.2,0.000210032570634,0.000371783699845,8.33228046071e-06
48.25,0.000208046786201,0.000302323441285,8.25762137608e-06
48.3,0.000206079725094,0.000242732439461,8.18364123305e-06
48.35,0.000204131211317,0.000196640021717,8.11031576698e-06
48.4,0.000202201070523,0.00016317558902,8.03764756575e-06
48.45,0.000200289129996,0.000139406606946,7.96563009557e-06
48.5,0.000198395218641,0.00012248767394,7.89426917675e-06
48.55,0.000196519166964,0.000110310929422,7.82353972029e-06
48.6,0.000194660807061,0.000101441548154,7.753446152e-06
48.65,0.000192819972599,9.49186372336e-05,7.68398118486e-06
48.7,0.000190996498804,9.00911957778e-05,7.61513095746e-06
48.75,0.000189190222446,8.65150439988e-05,7.54689769176e-06
48.8,0.000187400981826,8.38757202774e-05,7.47928493195e-06
48.85,0.000185629544448,8.19486245952e-05,7.41227050184e-06
48.9,0.000183874805476,8.05699196518e-05,7.34585676656e-06
48.95,0.000182136607991,7.96201456905e-05,7.28003775468e-06
49.0,0.000180414796539,7.90072520103e-05,7.21481878556e-06
49.05,0.000178709217126,7.86607942813e-05,7.15017692958e-06
49.1,0.000177019717198,7.85269712563e-05,7.08611623164e-06
49.15,0.000175346145629,7.85641738609e-05,7.02263003189e-06
49.2,0.000173688352711,7.87385907415e-05,6.95970566195e-06
49.25,0.000172046190136,7.90227101678e-05,6.89734515255e-06
49.3,0.000170419510987,7.9396158261e-05,6.83555174284e-06
49.35,0.000168808169722,7.98419002472e-05,6.77430516529e-06
49.4,0.000167212022162,8.03445213956e-05,6.71360758149e-06
49.45,0.00016563092548,8.08940141402e-05,6.65345353395e-06
49.5,0.000164064738186,8.14804997789e-05,6.5938478842e-06
49.55,0.000162513320116,8.2094474537e-05,6.53476967615e-06
49.6,0.00016097653242,8.27336866651e-05,6.47622260655e-06
49.65,0.000159454237547,8.33890160122e-05,6.41820058876e-06
49.7,0.000157946299237,8.40562128085e-05,6.36069204477e-06
49.75,0.000156452582505,8.47352286783e-05,6.3036988305e-06
49.8,0.000154972953631,8.54194246562e-05,6.24722390632e-06
49.85,0.000153508047311,8.61062472965e-05,6.19124874911e-06
49.9,0.000152056949891,8.6797122881e-05,6.1357753344e-06
49.95,0.000150619531603,8.74869681612e-05,6.08079867443e-06
50.0,0.000149195663897,8.81739929407e-05,6.0263232123e-06
50.05,0.000147785219422,8.8860633648e-05,5.9723297956e-06
50.1,0.000146388072025,8.95424139671e-05,5.91882180288e-06
50.15,0.00014500409673,9.02183544241e-05,5.8657936714e-06
50.2,0.000143633169734,9.0891392986e-05,5.81323481962e-06
50.25,0.000142275168393,9.15568273772e-05,5.76114694375e-06
50.3,0.000140929971213,9.22159389281e-05,5.70953274935e-06
50.35,0.000139597457836,9.28690908959e-05,5.65837530758e-06
50.4,0.000138277509032,9.35130277299e-05,5.60767642393e-06
50.45,0.000136970006689,9.41519868502e-05,5.55743153992e-06
50.5,0.000135674833801,9.47815290595e-05,5.50764471625e-06
50.55,0.000134391874458,9.5403832503e-05,5.45829844892e-06
50.6,0.000133121013835,9.60179974855e-05,5.40939582572e-06
50.65,0.000131862138186,9.66231648623e-05,5.36093176266e-06
50.7,0.000130615134827,9.72212056824e-05,5.31289658895e-06
50.75,0.000129379892131,9.78091132336e-05,5.26529185482e-06
50.8,0.000128156299519,9.83905006926e-05,5.21812003296e-06
50.85,0.000126944881857,9.89611660206e-05,5.17136565157e-06
50.9,0.000125744883592,9.95254901687e-05,5.12503036074e-06
50.95,0.00012455619741,0.000100079130629,5.07910999434e-06
51.0,0.000123378717004,0.000100626231848,5.03360826357e-06
51.05,0.000122212337063,0.000101163004681,4.98850917099e-06
51.1,0.000121056953261,0.00010169244079,4.9438155386e-06
51.15,0.00011991246225,0.000102212495626,4.89952272e-06
51.2,0.000118778761649,0.000102724026694,4.85562187677e-06
51.25,0.000117655750036,0.000103227610353,4.81211442568e-06
51.3,0.000116543326941,0.00010372102223,4.76900262661e-06
51.35,0.000115441392832,0.00010420839735,4.72627233941e-06
51.4,0.000114349849113,0.000104685085863,4.68392507214e-06
51.45,0.000113268598108,0.00010515490925,4.64195701725e-06
51.5,0.000112197543058,0.000105615894798,4.60037156652e-06
51.55,0.00011113658811,0.000106067271684,4.55915409938e-06
51.6,0.000110085638311,0.00010651282715,4.51830719496e-06
51.65,0.000109044599594,0.000106948318673,4.47782660675e-06
51.7,0.000108013378776,0.000107375964797,4.43770425706e-06
51.75,0.000106991883547,0.000107796526573,4.39794144072e-06
51.8,0.00010598002246,0.000108207404118,4.3585402231e-06
51.85,0.000104978229559,0.000108611315132,4.31948768107e-06
51.9,0.000103985880033,0.000109007752083,4.2807851929e-06
51.95,0.000103002885137,0.000109394876416,4.24242927876e-06
52.0,0.000102029156961,0.000109775121654,4.20442303848e-06
52.05,0.000101064608415,0.000110148455881,4.16675310988e-06
52.1,0.000100109153227,0.000110512836111,4.12942185011e-06
52.15,9.91627059313e-05,0.000110869460475,4.09242537815e-06
52.2,9.8225181864e-05,0.00011122032412,4.05575631154e-06
52.25,9.72964971535e-05,0.00011156257743,4.01941583367e-06
52.3,9.6376568714e-05,0.000111896353643,3.98340583215e-06
52.35,9.54653142379e-05,0.000112224599971,3.94771449612e-06
52.4,9.45626521889e-05,0.000112545485342,3.91234308524e-06
52.45,9.36685017941e-05,0.000112858271187,3.87728841916e-06
52.5,9.27827830377e-05,0.00011316317094,3.84255333094e-06
52.55,9.19054166532e-05,0.000113463447955,3.80812560844e-06
52.6,9.10363241171e-05,0.000113756048485,3.77400740595e-06
52.65,9.01754276414e-05,0.000114040935121,3.74019517649e-06
52.7,8.93226501669e-05,0.000114318227529,3.70668217298e-06
52.75,8.84779153567e-05,0.000114590543634,3.67346947696e-06
52.8,8.76411475888e-05,0.000114856086419,3.6405588136e-06
52.85,8.68127057993e-05,0.000115114327209,3.60793938855e-06
52.9,8.59920732942e-05,0.000115365381972,3.57561235308e-06
52.95,8.51791766867e-05,0.000115609910375,3.54357480056e-06
53.0,8.43739432773e-05,0.000115849733891,3.51182932021e-06
53.05,8.35763010472e-05,0.000116082647744,3.48036475099e-06
53.1,8.27861786523e-05,0.000116308759243,3.44918306174e-06
53.15,8.20035054164e-05,0.000116528174046,3.41828101079e-06
53.2,8.12282113257e-05,0.000116741008137,3.38765243177e-06
53.25,8.04602270218e-05,0.000116949826294,3.35729831314e-06
53.3,7.96994837961e-05,0.000117152205432,3.32722023156e-06
53.35,7.89459135838e-05,0.000117348245551,3.29740832177e-06
53.4,7.81994489575e-05,0.000117538045315,3.26786363592e-06
53.45,7.74600231214e-05,0.000117721701878,3.23858351758e-06
53.5,7.67275699057e-05,0.000117899369523,3.20957033309e-06
53.55,7.60020237603e-05,0.000118073346817,3.18081388204e-06
53.6,7.52833197493e-05,0.000118241419107,3.15231596384e-06
53.65,7.45713935453e-05,0.000118403678365,3.12407361578e-06
53.7,7.38661814236e-05,0.00011856021523,3.09608120226e-06
53.75,7.31676202565e-05,0.00011871111907,3.06833962664e-06
53.8,7.24756475078e-05,0.00011885647789,3.04085032989e-06
53.85,7.17905600031e-05,0.000118996378341,3.01360429584e-06
53.9,7.11119304574e-05,0.00011913241352,2.98660248608e-06
53.95,7.04396981829e-05,0.000119263361835,2.95984247282e-06
54.0,6.977380306e-05,0.000119389258341,2.93332641873e-06
54.05,6.91141855322e-05,0.000119509998602,2.90704500134e-06
54.1,6.84607866007e-05,0.000119625657517,2.88099986518e-06
54.15,6.78135478195e-05,0.000119736314762,2.85518830255e-06
54.2,6.71724112896e-05,0.000119842048864,2.82960516287e-06
54.25,6.65373196548e-05,0.000119942937256,2.80425127179e-06
54.3,6.59082160958e-05,0.000120039056193,2.77912794623e-06
54.35,6.52850443257e-05,0.000120131436331,2.75422694603e-06
54.4,6.46677485847e-05,0.000120219512514,2.72954915004e-06
54.45,6.40562736357e-05,0.000120303003335,2.7050923394e-06
54.5,6.34505647588e-05,0.000120381981081,2.68085849066e-06
54.55,6.28505677467e-05,0.000120456516919,2.65683908372e-06
54.6,6.22562289003e-05,0.000120526681098,2.63303562155e-06
54.65,6.16674950232e-05,0.000120592542785,2.60944562952e-06
54.7,6.10843134178e-05,0.000120654170153,2.58606440036e-06
54.75,6.050663188e-05,0.000120711630438,2.56289268862e-06
54.8,5.99343986951e-05,0.000120764989849,2.53993169791e-06
54.85,5.93678593255e-05,0.000120814313582,2.51717389729e-06
54.9,5.88066604241e-05,0.000120859667774,2.49462008995e-06
54.95,5.82507518045e-05,0.000120901115744,2.47226824802e-06
55.0,5.77000837504e-05,0.000120938763812,2.45012017791e-06
55.05,5.71546070109e-05,0.00012097347131,2.42816809286e-06
55.1,5.66142727964e-05,0.000121004473074,2.40641336646e-06
55.15,5.60790327744e-05,0.000121031781849,2.38485373709e-06
55.2,5.5548839065e-05,0.000121055456805,2.3634849026e-06
55.25,5.50236442367e-05,0.000121075556304,2.34230755264e-06
55.3,5.45034013023e-05,0.000121092137823,2.32132278718e-06
55.35,5.3988063715e-05,0.000121105257959,2.30052372349e-06
55.4,5.34775853637e-05,0.000121114972586,2.27991109561e-06
55.45,5.29719205694e-05,0.000121121336728,2.25948305022e-06
55.5,5.24710240811e-05,0.000121124540087,2.23924123826e-06
55.55,5.19748510717e-05,0.000121124569253,2.21917854314e-06
55.6,5.14833571339e-05,0.000121121409628,2.19929622027e-06
55.65,5.09964982768e-05,0.000121115113099,2.17959220264e-06
55.7,5.05142309215e-05,0.000121105730814,2.16006255841e-06
55.75,5.00365118973e-05,0.000121093313227,2.14070791785e-06
55.8,4.95632984383e-05,0.000121077910028,2.12152928629e-06
55.85,4.90947935318e-05,0.000121059570143,2.10252037335e-06
55.9,4.86307049744e-05,0.000121038343357,2.08368184993e-06
55.95,4.81709912638e-05,0.000121014277205,2.06501202219e-06
56.0,4.77156112867e-05,0.000120987418539,2.04651239899e-06
56.05,4.72645243146e-05,0.000120957813483,2.02817647626e-06
56.1,4.68176900006e-05,0.000120925507591,2.01000540135e-06
56.15,4.63750683755e-05,0.000120890545714,1.99199728516e-06
56.2,4.59366198447e-05,0.000120852972067,1.97414853427e-06
56.25,4.55023051844e-05,0.000120812830269,1.95645972468e-06
56.3,4.50720855379e-05,0.000120770163277,1.9389317752e-06
56.35,4.4645922413e-05,0.000120725013388,1.92155893687e-06
56.4,4.42237776777e-05,0.000120677422373,1.90434182283e-06
56.45,4.38056135574e-05,0.000120627431365,1.88727888503e-06
56.5,4.33913926313e-05,0.000120575080911,1.87037150248e-06
56.55,4.29810778291e-05,0.000120520499841,1.85361373089e-06
56.6,4.2574632428e-05,0.000120463745856,1.83700661886e-06
56.65,4.21720200492e-05,0.000120404751689,1.82054843989e-06
56.7,4.17732046546e-05,0.00012034355559,1.80423590982e-06
56.75,4.13781505441e-05,0.000120280195293,1.78806955511e-06
56.8,4.09868223519e-05,0.000120214707963,1.77205021547e-06
56.85,4.05993879402e-05,0.000120147130189,1.75617263675e-06
56.9,4.02156056687e-05,0.000120077499326,1.7404373793e-06
56.95,3.98354412167e-05,0.000120005850927,1.72484302834e-06
57.0,3.94588605852e-05,0.000119932293198,1.70939084416e-06
57.05,3.90858300935e-05,0.000119856915862,1.69407539411e-06
57.1,3.87163163761e-05,0.000119779625696,1.67889763652e-06
57.15,3.83502863804e-05,0.000119700456235,1.66385599351e-06
57.2,3.79877073631e-05,0.000119619440545,1.64894746357e-06
57.25,3.76285468877e-05,0.000119536611247,1.63417252785e-06
57.3,3.72727728215e-05,0.000119452000468,1.61953195379e-06
57.35,3.69203533328e-05,0.000119365639839,1.60502093944e-06
57.4,3.65712568881e-05,0.000119277560606,1.59063999695e-06
57.45,3.62254522493e-05,0.000119187793535,1.5763878333e-06
57.5,3.58829084709e-05,0.000119096368957,1.56226560029e-06
57.55,3.55435948975e-05,0.000119003316726,1.54826833287e-06
57.6,3.52074811606e-05,0.000118908666341,1.5343969069e-06
57.65,3.48745371765e-05,0.000118812699405,1.52064988027e-06
57.7,3.45447331432e-05,0.000118715518627,1.50702450983e-06
57.75,3.42180395382e-05,0.000118616843902,1.49352123532e-06
57.8,3.38944271152e-05,0.000118516702837,1.48014075811e-06
57.85,3.35740346897e-05,0.00011841512261,1.46687868957e-06
57.9,3.32566624348e-05,0.000118312131059,1.45373549776e-06
57.95,3.29422819688e-05,0.000118207754592,1.44071000093e-06
58.0,3.2630865176e-05,0.000118102019241,1.42780325179e-06
58.05,3.23223842035e-05,0.00011799497964,1.41501071258e-06
58.1,3.20168114599e-05,0.000117886794611,1.4023331838e-06
58.15,3.17141196116e-05,0.000117777327453,1.38976934746e-06
58.2,3.14142815815e-05,0.000117666602719,1.37731669651e-06
58.25,3.11172705458e-05,0.000117554644636,1.36497563282e-06
58.3,3.08230599321e-05,0.000117441477058,1.35274679743e-06
58.35,3.0531623417e-05,0.000117327123469,1.34062617941e-06
58.4,3.02429349234e-05,0.000117211607069,1.32861420654e-06
58.45,2.99569686188e-05,0.0001170949507,1.31670979878e-06
58.5,2.96736989125e-05,0.000116977188769,1.30491391824e-06
58.55,2.93931004537e-05,0.000116858515783,1.29322241772e-06
58.6,2.91151481289e-05,0.000116738770283,1.28163602881e-06
58.65,2.88398170601e-05,0.000116618541018,1.27015354697e-06
58.7,2.85670826024e-05,0.000116497545414,1.25877268093e-06
58.75,2.82969203417e-05,0.000116375555768,1.24749379797e-06
58.8,2.80293060927e-05,0.000116252592528,1.23631748394e-06
58.85,2.776435465e-05,0.00011612867582,1.22524007315e-06
58.9,2.75019007649e-05,0.000116003826337,1.21426195655e-06
58.95,2.72419209671e-05,0.000115878063632,1.20338214706e-06
59.0,2.69843920057e-05,0.000115751406976,1.19260152397e-06
59.05,2.67292908479e-05,0.000115623875333,1.18191629705e-06
59.1,2.64765946765e-05,0.000115495487443,1.1713271349e-06
59.15,2.62262808878e-05,0.00011536626175,1.16083293666e-06
59.2,2.59783270901e-05,0.000115236216432,1.15043160827e-06
59.25,2.57327111012e-05,0.00011510536943,1.1401234854e-06
59.3,2.54894109469e-05,0.000114973738403,1.12990910347e-06
59.35,2.52484048588e-05,0.000114841340731,1.1197851123e-06
59.4,2.50096712722e-05,0.000114708500399,1.10975186918e-06
59.45,2.47731888246e-05,0.000114575577878,1.099808472e-06
59.5,2.45389363536e-05,0.000114441952015,1.08995572436e-06
59.55,2.43068928951e-05,0.000114307639041,1.08019016225e-06
59.6,2.40770376813e-05,0.000114172812242,1.07051239674e-06
59.65,2.38493501391e-05,0.000114037358845,1.06092142171e-06
59.7,2.36238098882e-05,0.000113901266449,1.05141532332e-06
59.75,2.3400396739e-05,0.000113764550389,1.04199440837e-06
59.8,2.31790906915e-05,0.000113627225757,1.03265916619e-06
59.85,2.29599866758e-05,0.000113489307403,1.02340653493e-06
59.9,2.27429480384e-05,0.000113350810662,1.01423684115e-06
59.95,2.25279553699e-05,0.000113211749957,1.00514926038e-06
60.0,2.23149894431e-05,0.000113072139499,9.96144527058e-07
60.05,2.21040312105e-05,0.000112932136798,9.87219475305e-07
60.1,2.18950618034e-05,0.000112792433678,9.78374663599e-07
60.15,2.16880625295e-05,0.000112652491047,9.69609172419e-07
60.2,2.14830148717e-05,0.000112512064949,9.60921252654e-07
60.25,2.12799004863e-05,0.000112371168442,9.52311184683e-07
60.3,2.10787012014e-05,0.000112229814377,9.43779415733e-07
60.35,2.08793990155e-05,0.000112088015392,9.35323147483e-07
60.4,2.06819760954e-05,0.000111945783978,9.26942678382e-07
60.45,2.04864147754e-05,0.000111803132419,9.18637254916e-07
60.5,2.02926975548e-05,0.000111660072825,9.10407548316e-07
60.55,2.01008070974e-05,0.000111516617098,9.02250665188e-07
60.6,1.99107262289e-05,0.000111372777004,8.94167115942e-07
60.65,1.97224379362e-05,0.000111228564114,8.86156060199e-07
60.7,1.95359253656e-05,0.00011108416931,8.7821589939e-07
60.75,1.93511718213e-05,0.000110940332985,8.70346889765e-07
60.8,1.91681607638e-05,0.00011079616706,8.62549440056e-07
60.85,1.89869706968e-05,0.000110651682283,8.54820992791e-07
60.9,1.88074886131e-05,0.000110506889813,8.47161820732e-07
60.95,1.86296984622e-05,0.000110361800079,8.3957123522e-07
61.0,1.84535843438e-05,0.000110216423359,8.32049849712e-07
61.05,1.82791305065e-05,0.000110070769751,8.24595019847e-07
61.1,1.81063213466e-05,0.000109924946556,8.17207212103e-07
61.15,1.79351414063e-05,0.000109778947644,8.09885658433e-07
61.2,1.77655753728e-05,0.000109632701954,8.02628897854e-07
61.25,1.75976080765e-05,0.000109486219011,7.9543716456e-07
61.3,1.74312244902e-05,0.000109339701375,7.88310832105e-07
61.35,1.72664097271e-05,0.000109193890937,7.81247563136e-07
61.4,1.71031490401e-05,0.000109047879222,7.74247606938e-07
61.45,1.69414278202e-05,0.000108901675055,7.67310334124e-07
61.5,1.67812315953e-05,0.000108755287128,7.60436305352e-07
61.55,1.66225460288e-05,0.000108608806791,7.53623103858e-07
61.6,1.64653569184e-05,0.000108462259238,7.4687115597e-07
61.65,1.6309650195e-05,0.000108315553835,7.40179759746e-07
61.7,1.61554119211e-05,0.000108168698737,7.33547579949e-07
61.75,1.60026282901e-05,0.000108021701987,7.26974830615e-07
61.8,1.58512856245e-05,0.000107874571491,7.20461853148e-07
61.85,1.57014488436e-05,0.000107727315019,7.14006511367e-07
61.9,1.55530244952e-05,0.000107580561888,7.07609033102e-07
61.95,1.54059993059e-05,0.000107434214998,7.01268843137e-07
62.0,1.52603601271e-05,0.000107287772436,6.94986453874e-07
62.05,1.51160939329e-05,0.000107141241372,6.88759656557e-07
62.1,1.49731878197e-05,0.000106994628892,6.8258884082e-07
62.15,1.48316290045e-05,0.000106847941954,6.76473365138e-07
62.2,1.46914048243e-05,0.00010670118741,6.70412009195e-07
62.25,1.45525027344e-05,0.000106554372013,6.64404968606e-07
62.3,1.4414910308e-05,0.0001064075024,6.5845255539e-07
62.35,1.42786152342e-05,0.000106260585087,6.52552817225e-07
62.4,1.41436053179e-05,0.000106113626513,6.46705962332e-07
62.45,1.4009868478e-05,0.000105966802854,6.40911465002e-07
62.5,1.38773927466e-05,0.000105820920021,6.35169793536e-07
62.55,1.37461662679e-05,0.000105675020992,6.29478929284e-07
62.6,1.36161772973e-05,0.000105529153218,6.23839228344e-07
62.65,1.34874142001e-05,0.000105383410751,6.18250104405e-07
62.7,1.33598654508e-05,0.000105237670149,6.12710442184e-07
62.75,1.32335196316e-05,0.000105091937048,6.07220420458e-07
62.8,1.31083654319e-05,0.000104946216984,6.01780324393e-07
62.85,1.29844565374e-05,0.000104800515388,5.96388369699e-07
62.9,1.28617156667e-05,0.000104654837983,5.91044746676e-07
62.95,1.27401318436e-05,0.000104509190022,5.85748974863e-07
63.0,1.26196941944e-05,0.000104363576678,5.80501482255e-07
63.05,1.25003919474e-05,0.000104219005892,5.75300423944e-07
63.1,1.23822144317e-05,0.000104074790705,5.70146125379e-07
63.15,1.22651510766e-05,0.000103930631268,5.65038050713e-07
63.2,1.21491914099e-05,0.000103786532308,5.59975180653e-07
63.25,1.2034325058e-05,0.000103642498484,5.5495767859e-07
63.3,1.19205417441e-05,0.000103498534366,5.49985805145e-07
63.35,1.1807831288e-05,0.000103354644437,5.45057929601e-07
63.4,1.16961836045e-05,0.000103210833122,5.40174225878e-07
63.45,1.15855887032e-05,0.000103067104758,5.35334254868e-07
63.5,1.14760366871e-05,0.000102923463611,5.30538407729e-07
63.55,1.13675177519e-05,0.000102779913862,5.25784998342e-07
63.6,1.12600221854e-05,0.000102637147426,5.21074324146e-07
63.65,1.11535403661e-05,0.000102494918317,5.16405895412e-07
63.7,1.10480627628e-05,0.000102352797647,5.11778780577e-07
63.75,1.09435799336e-05,0.000102210789241,5.07193128969e-07
63.8,1.0840082525e-05,0.000102068896849,5.02649178779e-07
63.85,1.07376149329e-05,0.000101927124147,4.98145439642e-07
63.9,1.06361132488e-05,0.000101785475048,4.93682070509e-07
63.95,1.05355683957e-05,0.000101643953097,4.89258670068e-07
64.0,1.04359713816e-05,0.000101502561773,4.84875595808e-07
64.05,1.03373132987e-05,0.000101361304485,4.80531306732e-07
64.1,1.02395853228e-05,0.000101220184593,4.76226074681e-07
64.15,1.01427787119e-05,0.000101079727319,4.71959452074e-07
64.2,1.00468848064e-05,0.000100940162963,4.67730587529e-07
64.25,9.95189502755e-06,0.000100800750533,4.6353961752e-07
64.3,9.85780087688e-06,0.000100661493056,4.59386759737e-07
64.35,9.76459393568e-06,0.000100522393492,4.55270652089e-07
64.4,9.67226586406e-06,0.000100383454757,4.51191439848e-07
64.45,9.58080840024e-06,0.000100244679708,4.47148756239e-07
64.5,9.49021335987e-06,0.000100106071144,4.43142927986e-07
64.55,9.40047263524e-06,9.99676318049e-05,4.39172546722e-07
64.6,9.31157819462e-06,9.98295064954e-05,4.3523786089e-07
64.65,9.22352208154e-06,9.96915815566e-05,4.31338461434e-07
64.7,9.13629641406e-06,9.95538343022e-05,4.27473570248e-07
64.75,9.0498933841e-06,9.94173048517e-05,4.23643312061e-07
64.8,8.96430525676e-06,9.92810064853e-05,4.19847885824e-07
64.85,8.87956874551e-06,9.91448969401e-05,4.16086046683e-07
64.9,8.79563100073e-06,9.90089787635e-05,4.12357927404e-07
64.95,8.71248451609e-06,9.88732542079e-05,4.08663192782e-07
65.0,8.63012185558e-06,9.87377254794e-05,4.05002141418e-07
65.05,8.54853565283e-06,9.86023947294e-05,4.01373486164e-07
65.1,8.46771861046e-06,9.84672640779e-05,3.97777454078e-07
65.15,8.38766349941e-06,9.83323355923e-05,3.94213671312e-07
65.2,8.30836315837e-06,9.81976112973e-05,3.90681426729e-07
65.25,8.22981049307e-06,9.80630931795e-05,3.87180834324e-07
65.3,8.15199847573e-06,9.79292569317e-05,3.83712075925e-07
65.35,8.07492014436e-06,9.77962139497e-05,3.8027401382e-07
65.4,7.99856860221e-06,9.76633860781e-05,3.76866769349e-07
65.45,7.92293701714e-06,9.75307750614e-05,3.73490036156e-07
65.5,7.84801862101e-06,9.73983826045e-05,3.70144087144e-07
65.55,7.77380670909e-06,9.72662103654e-05,3.66827745946e-07
65.6,7.70029463947e-06,9.71342599756e-05,3.6354122008e-07
65.65,7.62747583246e-06,9.70026332157e-05,3.60284167872e-07
65.7,7.55534377002e-06,9.68712889562e-05,3.57055939394e-07
65.75,7.4838919952e-06,9.67401716984e-05,3.53856638828e-07
65.8,7.41311411153e-06,9.66092829122e-05,3.50686432353e-07
65.85,7.34304047958e-06,9.64786240258e-05,3.47544280178e-07
65.9,7.27362739485e-06,9.63489586889e-05,3.444302932e-07
65.95,7.20486864992e-06,9.62197915563e-05,3.41344191431e-07
66.0,7.13675809552e-06,9.60908613828e-05,3.38286224285e-07
66.05,7.06928963995e-06,9.59621693895e-05,3.35255316643e-07
66.1,7.00245724858e-06,9.58338044649e-05,3.32251658162e-07
66.15,6.93625494328e-06,9.57057533594e-05,3.29274936578e-07
66.2,6.87067680193e-06,9.55779444299e-05,3.26324557898e-07
66.25,6.80571695787e-06,9.54503787733e-05,3.2340061734e-07
66.3,6.74136959939e-06,9.53230574511e-05,3.20503266779e-07
66.35,6.67762896924e-06,9.51959814893e-05,3.17631555918e-07
66.4,6.61448936407e-06,9.50691518933e-05,3.14785586108e-07
66.45,6.55194513398e-06,9.49425696346e-05,3.1196510146e-07
66.5,6.489990682e-06,9.48170283239e-05,3.09170329921e-07
66.55,6.4286204636e-06,9.46919375119e-05,3.06400288908e-07
66.6,6.36782898616e-06,9.45670991602e-05,3.03655151753e-07
66.65,6.30761080858e-06,9.44425140681e-05,3.00934633067e-07
66.7,6.2479605407e-06,9.43181830091e-05,2.98238189983e-07
66.75,6.18887284287e-06,9.41941067344e-05,2.95565909523e-07
66.8,6.1303424255e-06,9.40702859649e-05,2.9291793049e-07
66.85,6.0723943955e-06,9.39467213917e-05,2.90293384379e-07
66.9,6.01499261107e-06,9.38234138444e-05,2.87692363818e-07
66.95,5.95813193891e-06,9.37003639641e-05,2.85114634941e-07
67.0,5.90180729383e-06,9.35775723676e-05,2.82560406076e-07
67.05,5.84601363825e-06,9.34550396422e-05,2.80028779209e-07
67.1,5.79074598176e-06,9.3333308738e-05,2.77519912755e-07
67.15,5.73599938071e-06,9.32123033506e-05,2.75033545888e-07
67.2,5.68176893773e-06,9.30916614328e-05,2.72569182465e-07
67.25,5.62804980134e-06,9.29712829944e-05,2.70126902016e-07
67.3,5.57483716551e-06,9.28511684551e-05,2.677068314e-07
67.35,5.5221262692e-06,9.27313182088e-05,2.65308176862e-07
67.4,5.46991239599e-06,9.26117326361e-05,2.62931023057e-07
67.45,5.41819087364e-06,9.24924120934e-05,2.6057515625e-07
67.5,5.36695707369e-06,9.23733569166e-05,2.58240766835e-07
67.55,5.31620641103e-06,9.22545674173e-05,2.55927034093e-07
67.6,5.2659343435e-06,9.21360813603e-05,2.53634102801e-07
67.65,5.21613637152e-06,9.2017978643e-05,2.51361734583e-07
67.7,5.16680803765e-06,9.1900142924e-05,2.49109475998e-07
67.75,5.11794492623e-06,9.17834850206e-05,2.46877399733e-07
67.8,5.06954266296e-06,9.1667104205e-05,2.44665621727e-07
67.85,5.02162201027e-06,9.15509927323e-05,2.42473416542e-07
67.9,4.97415308032e-06,9.14351508618e-05,2.40300861547e-07
67.95,4.92713162812e-06,9.13195787032e-05,2.38147761404e-07
68.0,4.88055344841e-06,9.12042763494e-05,2.36014290119e-07
68.05,4.83441437531e-06,9.10892438727e-05,2.33899697611e-07
68.1,4.78871028196e-06,9.09744813361e-05,2.31804116198e-07
68.15,4.74343708017e-06,9.08599887828e-05,2.29727328019e-07
68.2,4.69859072001e-06,9.07457662411e-05,2.27668918661e-07
68.25,4.65416718951e-06,9.06318137265e-05,2.25628954555e-07
68.3,4.61016251426e-06,9.05181312366e-05,2.2360754166e-07
68.35,4.5665727571e-06,9.0404743452e-05,2.21604016977e-07
68.4,4.52339401773e-06,9.02924775443e-05,2.19618451216e-07
68.45,4.48062243241e-06,9.01804853532e-05,2.17650665849e-07
68.5,4.43825417357e-06,9.00687644548e-05,2.1570081991e-07
68.55,4.39628544953e-06,8.99573147269e-05,2.13768227873e-07
68.6,4.3547125041e-06,8.98461360401e-05,2.11853010667e-07
68.65,4.31353161632e-06,8.97352326615e-05,2.09954969185e-07
68.7,4.27273910006e-06,8.96247411163e-05,2.08073724682e-07
68.75,4.23233130376e-06,8.95145206011e-05,2.06209337868e-07
68.8,4.19230461005e-06,8.94045709276e-05,2.04361905585e-07
68.85,4.1526761886e-06,8.92948918921e-05,2.02530821896e-07
68.9,4.11342132341e-06,8.91854833878e-05,2.00716151427e-07
68.95,4.07453650402e-06,8.90763451876e-05,1.98917731015e-07
69.0,4.03601825286e-06,8.89674770529e-05,1.97135706004e-07
69.05,3.99786312493e-06,8.8859384828e-05,1.95369449873e-07
69.1,3.96006770748e-06,8.87518947173e-05,1.93619073143e-07
69.15,3.92262861973e-06,8.86448147935e-05,1.91884393841e-07
69.2,3.88554251257e-06,8.85380144717e-05,1.90165065822e-07
69.25,3.84880606826e-06,8.84314844393e-05,1.88461144572e-07
69.3,3.81241600013e-06,8.83252243485e-05,1.86772718595e-07
69.35,3.7763690523e-06,8.82192338391e-05,1.8509923411e-07
69.4,3.74066199939e-06,8.81135125463e-05,1.83440750177e-07
69.45,3.70529164623e-06,8.80080600937e-05,1.81797117678e-07
69.5,3.6702548276e-06,8.79028760959e-05,1.80168469448e-07
69.55,3.63554840791e-06,8.77979601555e-05,1.78554232888e-07
69.6,3.60116928096e-06,8.76933118715e-05,1.76954509008e-07
69.65,3.56711436967e-06,8.75889308313e-05,1.75369131498e-07
69.7,3.53338062576e-06,8.74848166144e-05,1.73797784004e-07
69.75,3.49996502952e-06,8.73814967347e-05,1.72240517236e-07
69.8,3.46686458956e-06,8.72787113313e-05,1.70697412082e-07
69.85,3.43409350447e-06,8.71761924176e-05,1.69167962423e-07
69.9,3.40163133515e-06,8.70739395903e-05,1.67652222236e-07
69.95,3.36947517858e-06,8.6971952351e-05,1.66150055238e-07
70.0,3.33762215896e-06,8.68702301942e-05,1.64661582831e-07
70.05,3.30606942741e-06,8.67687726051e-05,1.63186281699e-07
70.1,3.27481416173e-06,8.66675790661e-05,1.61724244157e-07
70.15,3.24385356615e-06,8.65666490511e-05,1.6027531821e-07
70.2,3.2131848711e-06,8.64660840995e-05,1.58839214732e-07
70.25,3.18280533293e-06,8.63658201741e-05,1.57415980069e-07
70.3,3.1527122337e-06,8.62658186032e-05,1.56005688147e-07
70.35,3.12290288094e-06,8.61660788285e-05,1.54607876407e-07
70.4,3.09337460739e-06,8.60666002897e-05,1.53222594182e-07
70.45,3.06412477077e-06,8.59674837596e-05,1.51849716917e-07
70.5,3.03515075358e-06,8.58692789166e-05,1.50489355565e-07
70.55,3.00644996281e-06,8.57713343925e-05,1.49141031853e-07
70.6,2.97801982977e-06,8.56736495717e-05,1.47804830149e-07
70.65,2.94985780982e-06,8.55763151882e-05,1.46480611542e-07
70.7,2.92196138217e-06,8.54792917116e-05,1.45168111788e-07
70.75,2.89432804964e-06,8.53825265131e-05,1.43867373245e-07
70.8,2.86695533848e-06,8.52860189513e-05,1.42578463477e-07
70.85,2.83985499034e-06,8.51897683781e-05,1.41300959737e-07
70.9,2.81301010291e-06,8.50937742131e-05,1.40034907111e-07
70.95,2.78641827552e-06,8.49980357997e-05,1.38780191765e-07
71.0,2.76007713001e-06,8.49025524775e-05,1.37536915102e-07
71.05,2.73398431045e-06,8.48073235799e-05,1.36304640014e-07
71.1,2.70813748301e-06,8.471234844e-05,1.35083443607e-07
71.15,2.68253433571e-06,8.46176263852e-05,1.33873198926e-07
71.2,2.6571725782e-06,8.45231567396e-05,1.3267366447e-07
71.25,2.63204994163e-06,8.44295960024e-05,1.31484878952e-07
71.3,2.60716417835e-06,8.43363389905e-05,1.3030690412e-07
71.35,2.58251306181e-06,8.42433329583e-05,1.29139353612e-07
71.4,2.55809438629e-06,8.41505771885e-05,1.27982268635e-07
71.45,2.53390596673e-06,8.40580709592e-05,1.26835545152e-07
71.5,2.50994563857e-06,8.39658135461e-05,1.25699275838e-07
71.55,2.48621125749e-06,8.387380422e-05,1.24573061206e-07
71.6,2.46270069929e-06,8.37820422527e-05,1.23456971727e-07
71.65,2.43941185966e-06,8.36905269115e-05,1.2235089137e-07
71.7,2.41634265401e-06,8.35993150239e-05,1.21254599423e-07
71.75,2.39349101728e-06,8.35084265388e-05,1.20168131266e-07
71.8,2.37085490376e-06,8.34177829065e-05,1.19091543331e-07
71.85,2.34844402334e-06,8.33273833792e-05,1.18024482512e-07
71.9,2.32624439848e-06,8.32372272657e-05,1.16966986467e-07
71.95,2.30425404393e-06,8.31473138142e-05,1.15918960115e-07
72.0,2.28247099305e-06,8.30576422713e-05,1.14880488154e-07
72.05,2.26089329758e-06,8.29688479597e-05,1.13851205481e-07
72.1,2.23951902755e-06,8.28803237854e-05,1.128311765e-07
72.15,2.21834627103e-06,8.27920860227e-05,1.11820295169e-07
72.2,2.19737313401e-06,8.27041802585e-05,1.1081835977e-07
72.25,2.17659774022e-06,8.26165134871e-05,1.09825402639e-07
72.3,2.15601823098e-06,8.25290849147e-05,1.08841475353e-07
72.35,2.13563276499e-06,8.24418937453e-05,1.07866255193e-07
72.4,2.11543951823e-06,8.23549391842e-05,1.0689977658e-07
72.45,2.09543668374e-06,8.22682204349e-05,1.05941952613e-07
72.5,2.07562247152e-06,8.21817367e-05,1.04992860703e-07
72.55,2.05599510829e-06,8.20954871796e-05,1.0405216717e-07
72.6,2.03655283745e-06,8.20094710759e-05,1.03119930874e-07
72.65,2.0172939188e-06,8.1923687589e-05,1.02196054901e-07
72.7,1.99821662847e-06,8.18381359186e-05,1.01280354895e-07
72.75,1.97931925875e-06,8.17528152649e-05,1.00372860407e-07
72.8,1.96060011792e-06,8.16677248266e-05,9.94736185757e-08
72.85,1.94206723565e-06,8.15829356224e-05,9.85823344595e-08
72.9,1.9237090531e-06,8.14989245335e-05,9.76990395147e-08
72.95,1.90552392855e-06,8.14151416891e-05,9.68236543218e-08
73.0,1.88751023566e-06,8.13315862618e-05,9.59562496277e-08
73.05,1.86966636331e-06,8.12482574227e-05,9.50965204713e-08
73.1,1.85199071547e-06,8.11651543453e-05,9.4244520649e-08
73.15,1.83448171108e-06,8.10822762022e-05,9.34001615857e-08
73.2,1.81713778385e-06,8.09996380997e-05,9.25632747936e-08
73.25,1.7999573822e-06,8.0917338768e-05,9.1733887281e-08
73.3,1.78293896906e-06,8.08352623195e-05,9.09120421281e-08
73.35,1.76608102176e-06,8.07534079223e-05,9.00974697794e-08
73.4,1.74938203191e-06,8.06717747475e-05,8.92901989835e-08
73.45,1.73284050522e-06,8.05903619655e-05,8.84901571566e-08
73.5,1.71645496144e-06,8.05091687472e-05,8.76974089564e-08
73.55,1.70022393415e-06,8.04281942629e-05,8.69116756695e-08
73.6,1.68414597069e-06,8.03474376856e-05,8.6133006462e-08
73.65,1.668219632e-06,8.02669022675e-05,8.53613203826e-08
73.7,1.65244349251e-06,8.01867135758e-05,8.45964634447e-08
73.75,1.63681614002e-06,8.01068975983e-05,8.38384603323e-08
73.8,1.62133617552e-06,8.00277171917e-05,8.30873504176e-08
73.85,1.60601023925e-06,7.99487512877e-05,8.23428873454e-08
73.9,1.59082877251e-06,7.98699990753e-05,8.16050973901e-08
73.95,1.57579041767e-06,7.97914597058e-05,8.0873914215e-08
74.0,1.56089382979e-06,7.97131323317e-05,8.01493969128e-08
74.05,1.54613767657e-06,7.96350161058e-05,7.94312907585e-08
74.1,1.53152063814e-06,7.95571101838e-05,7.87196406868e-08
74.15,1.51704140703e-06,7.94794137221e-05,7.80143727136e-08
74.2,1.50269868799e-06,7.94019258782e-05,7.73153461058e-08
74.25,1.48849119792e-06,7.93246458121e-05,7.66225834228e-08
74.3,1.47441766573e-06,7.92475726842e-05,7.59361206482e-08
74.35,1.46047683223e-06,7.91707056554e-05,7.52557326302e-08
74.4,1.44666745004e-06,7.90940438898e-05,7.45814433819e-08
74.45,1.43298828346e-06,7.90175865524e-05,7.3913192276e-08
74.5,1.41943810836e-06,7.89413328093e-05,7.32510333193e-08
74.55,1.40601571209e-06,7.88652818274e-05,7.25947337105e-08
74.6,1.39271989335e-06,7.87894327769e-05,7.1944334517e-08
74.65,1.3795494621e-06,7.87137848285e-05,7.12997681223e-08
74.7,1.36650323946e-06,7.86384879793e-05,7.06609059061e-08
74.75,1.35358005757e-06,7.85638778413e-05,7.00277684861e-08
74.8,1.34077875954e-06,7.84894900681e-05,6.94003887489e-08
74.85,1.32810483656e-06,7.84153007182e-05,6.87785609212e-08
74.9,1.31555038397e-06,7.8341308979e-05,6.81623069493e-08
74.95,1.30311427907e-06,7.82675140085e-05,6.7551571424e-08
75.0,1.29079540966e-06,7.81939149666e-05,6.69464037038e-08
75.05,1.27859267397e-06,7.81205110143e-05,6.63465910245e-08
75.1,1.26650498053e-06,7.80473013163e-05,6.57521709187e-08
75.15,1.25453124811e-06,7.79742850384e-05,6.51630815896e-08
75.2,1.2426704056e-06,7.79015563962e-05,6.45792054871e-08
75.25,1.23092139191e-06,7.78290554488e-05,6.40005614544e-08
75.3,1.21928315592e-06,7.77567458621e-05,6.34271795475e-08
75.35,1.20775465632e-06,7.76846268057e-05,6.2858871704e-08
75.4,1.19633486159e-06,7.76126974526e-05,6.2295657981e-08
75.45,1.18502274984e-06,7.75409569774e-05,6.17374877385e-08
75.5,1.17381730878e-06,7.7469404557e-05,6.11844060867e-08
75.55,1.16271753558e-06,7.73980393696e-05,6.06362185737e-08
75.6,1.15172243683e-06,7.73268605971e-05,6.00929595019e-08
75.65,1.14083102841e-06,7.7255867423e-05,5.95545723931e-08
75.7,1.13004233543e-06,7.71850590331e-05,5.90209498147e-08
75.75,1.11935539213e-06,7.71149120433e-05,5.84921089881e-08
75.8,1.1087692418e-06,7.70449616061e-05,5.79680773823e-08
75.85,1.09828842543e-06,7.69751936804e-05,5.74486831212e-08
75.9,1.08790640619e-06,7.69056074702e-05,5.69339445358e-08
75.95,1.07762225565e-06,7.68362021563e-05,5.64238153445e-08
76.0,1.06743505407e-06,7.67669769222e-05,5.59183367749e-08
76.05,1.05734389033e-06,7.66979309529e-05,5.54173311115e-08
76.1,1.04734786184e-06,7.66290634377e-05,5.4920829704e-08
76.15,1.03744607444e-06,7.65603735674e-05,5.44287809355e-08
76.2,1.02763764239e-06,7.64918605358e-05,5.394108662e-08
76.25,1.01792168821e-06,7.64235874391e-05,5.34577624965e-08
76.3,1.00829734265e-06,7.63555498963e-05,5.29788336699e-08
76.35,9.9876374461e-07,7.62876871995e-05,5.25041430572e-08
76.4,9.89320041046e-07,7.62199985494e-05,5.20337074118e-08
76.45,9.79965386912e-07,7.61524831487e-05,5.15674844353e-08
76.5,9.70698945075e-07,7.60851402028e-05,5.11055118071e-08
76.55,9.61519886246e-07,7.60179689193e-05,5.06476271073e-08
76.6,9.52427388906e-07,7.59509685094e-05,5.01938589875e-08
76.65,9.43420639233e-07,7.58841381865e-05,4.97441602733e-08
76.7,9.34498831029e-07,7.58175311222e-05,4.92984412294e-08
76.75,9.25661165653e-07,7.57511659466e-05,4.88567162403e-08
76.8,9.16906851943e-07,7.56850363547e-05,4.84190082502e-08
76.85,9.0823964511e-07,7.56194552215e-05,4.7985173696e-08
76.9,8.99654139471e-07,7.55540408487e-05,4.75552278889e-08
76.95,8.91149567249e-07,7.54887924469e-05,4.71291321714e-08
77.0,8.82725167856e-07,7.54237092301e-05,4.67069209797e-08
77.05,8.74380187829e-07,7.53587904141e-05,4.62884458733e-08
77.1,8.66113880761e-07,7.52940352192e-05,4.58737330377e-08
77.15,8.57925507234e-07,7.52294428677e-05,4.54627393589e-08
77.2,8.49814334758e-07,7.51650125853e-05,4.50553828248e-08
77.25,8.41779637703e-07,7.51007436008e-05,4.4651676582e-08
77.3,8.33820697236e-07,7.50366351456e-05,4.42516415998e-08
77.35,8.25936801256e-07,7.49726864535e-05,4.38551466714e-08
77.4,8.18127244336e-07,7.49088967623e-05,4.34622057903e-08
77.45,8.10391327655e-07,7.48452653123e-05,4.30727836262e-08
77.5,8.02728358939e-07,7.47817913466e-05,4.26869116514e-08
77.55,7.95137652399e-07,7.47184741108e-05,4.23044542014e-08
77.6,7.87618528674e-07,7.46553128544e-05,4.1925435208e-08
77.65,7.80170314764e-07,7.45923068294e-05,4.15498152679e-08
77.7,7.72792343979e-07,7.45294552906e-05,4.11775194279e-08
77.75,7.65483955873e-07,7.44667831317e-05,4.08085597029e-08
77.8,7.5824449619e-07,7.44043592325e-05,4.04429552575e-08
77.85,7.51077070333e-07,7.43420880077e-05,4.00805861776e-08
77.9,7.43977208026e-07,7.42799687368e-05,3.97214652525e-08
77.95,7.36944274346e-07,7.42180006851e-05,3.93655601924e-08
78.0,7.2997764032e-07,7.41564114874e-05,3.90128997611e-08
78.05,7.23076682864e-07,7.40951511518e-05,3.86633599705e-08
78.1,7.1624078473e-07,7.40340399522e-05,3.83169626927e-08
78.15,7.0946933445e-07,7.39730771534e-05,3.79736719156e-08
78.2,7.02761726284e-07,7.39122770504e-05,3.76334191373e-08
78.25,6.96117360166e-07,7.38517328301e-05,3.72962153385e-08
78.3,6.8953564165e-07,7.37913352384e-05,3.69620780343e-08
78.35,6.83015981859e-07,7.3731083548e-05,3.66308976317e-08
78.4,6.76557797432e-07,7.36709770358e-05,3.63026858189e-08
78.45,6.70160510473e-07,7.36110149811e-05,3.59774130856e-08
78.5,6.638235485e-07,7.35511966667e-05,3.56551057195e-08
78.55,6.57546344394e-07,7.34915213779e-05,3.53356504044e-08
78.6,6.5132833635e-07,7.34319884038e-05,3.50190671297e-08
78.65,6.45168967826e-07,7.33725970362e-05,3.47053229829e-08
78.7,6.39067687495e-07,7.33133465703e-05,3.4394355358e-08
78.75,6.33023949196e-07,7.32542363046e-05,3.40861742905e-08
78.8,6.27037211886e-07,7.31952655402e-05,3.3780795788e-08
78.85,6.21110043608e-07,7.31364335811e-05,3.34781196901e-08
78.9,6.15238747623e-07,7.30777397484e-05,3.3178156679e-08
78.95,6.09422798878e-07,7.30191833522e-05,3.28808797843e-08
79.0,6.03661677237e-07,7.29607637058e-05,3.25863130312e-08
79.05,5.97954867436e-07,7.29024801248e-05,3.22943528564e-08
79.1,5.92301859035e-07,7.2844331929e-05,3.20050175289e-08
79.15,5.86702146376e-07,7.27863184406e-05,3.1718276969e-08
79.2,5.81155228536e-07,7.2728438985e-05,3.1434073959e-08
79.25,5.75660609286e-07,7.26706928908e-05,3.11524176706e-08
79.3,5.70217797042e-07,7.26135264955e-05,3.08733227339e-08
79.35,5.64826304828e-07,7.25565311943e-05,3.0596697609e-08
79.4,5.59485650227e-07,7.24996677422e-05,3.03225520587e-08
79.45,5.54195355344e-07,7.24429354652e-05,3.0050861434e-08
79.5,5.48954946759e-07,7.23863336926e-05,2.97816476923e-08
79.55,5.43763955488e-07,7.23298617563e-05,2.95148161837e-08
79.6,5.38621916941e-07,7.22735189922e-05,2.92503836048e-08
79.65,5.3352837088e-07,7.22173047387e-05,2.89883224651e-08
79.7,5.28482861382e-07,7.21612183377e-05,2.87285804712e-08
79.75,5.23484936793e-07,7.21053581095e-05,2.84711660058e-08
79.8,5.18534149692e-07,7.20496467448e-05,2.82160924395e-08
79.85,5.13632623745e-07,7.19940616807e-05,2.79632761112e-08
79.9,5.08777301902e-07,7.19386022786e-05,2.77127259435e-08
79.95,5.03967749965e-07,7.18832678916e-05,2.74644194088e-08
80.0,4.99203537803e-07,7.18280578761e-05,2.72183765747e-08
80.05,4.94484239312e-07,7.1772971591e-05,2.69745109378e-08
80.1,4.89809432381e-07,7.17180083991e-05,2.67328377576e-08
80.15,4.8517869885e-07,7.16631676657e-05,2.64933319095e-08
80.2,4.80591624477e-07,7.16084487596e-05,2.62559456012e-08
80.25,4.760477989e-07,7.15538510527e-05,2.60206864937e-08
80.3,4.71546815601e-07,7.14993739197e-05,2.57875668069e-08
80.35,4.67088271869e-07,7.1445016738e-05,2.55565100804e-08
80.4,4.62671768765e-07,7.13907788888e-05,2.53275244686e-08
80.45,4.5829691109e-07,7.13366597559e-05,2.51005893831e-08
80.5,4.53963307345e-07,7.12826587262e-05,2.48757231641e-08
80.55,4.496705697e-07,7.12287751892e-05,2.46528467535e-08
80.6,4.45418313956e-07,7.11750085381e-05,2.44319740975e-08
80.65,4.41206159517e-07,7.11213581686e-05,2.42130822338e-08
80.7,4.37033729352e-07,7.10681228287e-05,2.39961274837e-08
80.75,4.32900649963e-07,7.10150331101e-05,2.37811168488e-08
80.8,4.28806551349e-07,7.09621277782e-05,2.35680614971e-08
80.85,4.24753189697e-07,7.09093820152e-05,2.33568915491e-08
80.9,4.20738036951e-07,7.08567500273e-05,2.31476144576e-08
80.95,4.16760734047e-07,7.0804231215e-05,2.29402114059e-08
81.0,4.12820925283e-07,7.0751824982e-05,2.27346991558e-08
81.05,4.0891825829e-07,7.06995307348e-05,2.25310054537e-08
81.1,4.05052383999e-07,7.06473478834e-05,2.23291430454e-08
81.15,4.01222956609e-07,7.05952758404e-05,2.2129090945e-08
81.2,3.97429633558e-07,7.05433140218e-05,2.19308092331e-08
81.25,3.93672075494e-07,7.04915227633e-05,2.17343043087e-08
81.3,3.89949946243e-07,7.0439898086e-05,2.15395863786e-08
81.35,3.8626291278e-07,7.03883822956e-05,2.13465915777e-08
81.4,3.82610645198e-07,7.03369748163e-05,2.11553267174e-08
81.45,3.78992816684e-07,7.0285675075e-05,2.09657746005e-08
81.5,3.75409103484e-07,7.02344825018e-05,2.07779505463e-08
81.55,3.71859184879e-07,7.01833965292e-05,2.05917885197e-08
81.6,3.68342743152e-07,7.01324165934e-05,2.04073001696e-08
81.65,3.64859463565e-07,7.0081542133e-05,2.02244663164e-08
81.7,3.61409034329e-07,7.00307725899e-05,2.00432504764e-08
81.75,3.57991146576e-07,6.99801074088e-05,1.98636584979e-08
81.8,3.54605494333e-07,6.99295460373e-05,1.96856997093e-08
81.85,3.51253529892e-07,6.98790879256e-05,1.95093157422e-08
81.9,3.47933162654e-07,6.98287325347e-05,1.93345128217e-08
81.95,3.44644095689e-07,6.97784793206e-05,1.91612752308e-08
82.0,3.41386034846e-07,6.97283277421e-05,1.89896169703e-08
82.05,3.38158688729e-07,6.96782772607e-05,1.88194776886e-08
82.1,3.34961768673e-07,6.96283273412e-05,1.86508680322e-08
82.15,3.31794988715e-07,6.9578477451e-05,1.8483770472e-08
82.2,3.28658065571e-07,6.95287624961e-05,1.83181516646e-08
82.25,3.25550718608e-07,6.94794047553e-05,1.81540169548e-08
82.3,3.22472669826e-07,6.94301799344e-05,1.79913748682e-08
82.35,3.19423643827e-07,6.93811317633e-05,1.78301720601e-08
82.4,3.16403367791e-07,6.93321814729e-05,1.76704142197e-08
82.45,3.13411571456e-07,6.92833285359e-05,1.7512086983e-08
82.5,3.10447987092e-07,6.92345724277e-05,1.73552031455e-08
82.55,3.07512349476e-07,6.91859126266e-05,1.71997075502e-08
82.6,3.04604395871e-07,6.91373486139e-05,1.7045609927e-08
82.65,3.01723866001e-07,6.90888798737e-05,1.68928942558e-08
82.7,2.98870502028e-07,6.90405058929e-05,1.67415300628e-08
82.75,2.96044048532e-07,6.89922507089e-05,1.65915222329e-08
82.8,2.93244252485e-07,6.89441804922e-05,1.64428785579e-08
82.85,2.90472314874e-07,6.88962039021e-05,1.62955502844e-08
82.9,2.87726506859e-07,6.88483204392e-05,1.6149542612e-08
82.95,2.8500658289e-07,6.88005296004e-05,1.46345048616e-08
83.0,2.82312299716e-07,6.87528422831e-05,1.4350984179e-08
83.05,2.79643416367e-07,6.87052476653e-05,1.42224014696e-08
83.1,2.76999694126e-07,6.86577439662e-05,1.40949767137e-08
83.15,2.74380896515e-07,6.86103306967e-05,1.39686963124e-08
83.2,2.71786789268e-07,6.85630073701e-05,1.38435334485e-08
83.25,2.69217140315e-07,6.85157735027e-05,1.234915606e-08
83.3,2.6667171976e-07,6.84686399695e-05,1.20861077356e-08
83.35,2.6415029986e-07,6.84215960048e-05,1.19778162403e-08
83.4,2.61652655005e-07,6.83746398518e-05,1.05001608618e-08
83.45,2.59178561699e-07,6.83277823752e-05,1.02536531706e-08
83.5,2.5672779854e-07,6.82810128393e-05,8.79145382622e-09
83.55,2.543001462e-07,6.82343408212e-05,8.56026529114e-09
83.6,2.51895387405e-07,6.81877556052e-05,8.48357002692e-09
83.65,2.49513306918e-07,6.81412554564e-05,7.03723118289e-09
83.7,2.47153691518e-07,6.80948512238e-05,6.8217627674e-09
83.75,2.44816329983e-07,6.80485322204e-05,6.76063023636e-09
83.8,2.42501013069e-07,6.80022967237e-05,3.95939421872e-09
83.85,2.40208733943e-07,6.79562771682e-05,3.61908984225e-09
83.9,2.37938062924e-07,6.79103635408e-05,3.5866550695e-09
83.95,2.35688796954e-07,6.78647702099e-05,3.55450744859e-09
84.0,2.33460734875e-07,6.78192592564e-05,3.52266270529e-09
84.05,2.31253677412e-07,6.77738297071e-05,3.49109976609e-09
84.1,2.29067427157e-07,6.77284811267e-05,3.45983283581e-09
84.15,2.26901788552e-07,6.76832130818e-05,3.42884248869e-09
84.2,2.2475656787e-07,6.76380251415e-05,3.39812631623e-09
84.25,2.22631573198e-07,6.75929168776e-05,3.3676819305e-09
84.3,2.2052661442e-07,6.75479908887e-05,3.33750696392e-09
84.35,2.18441503203e-07,6.75031543726e-05,3.30759906913e-09
84.4,2.16376052977e-07,6.74583966402e-05,3.27795591882e-09
84.45,2.14330078919e-07,6.7413717269e-05,3.24857520554e-09
84.5,2.1230339794e-07,6.73691158388e-05,3.21947130156e-09
84.55,2.10295828663e-07,6.73245919317e-05,3.19062494705e-09
84.6,2.08307191413e-07,6.7280145132e-05,1.79171157315e-09
84.65,2.06337308196e-07,6.72357860778e-05,1.62324887748e-09
84.7,2.04386002689e-07,6.71915043471e-05,1.60870597385e-09
84.75,2.02453100218e-07,6.71472982846e-05,1.59429176777e-09
84.8,2.00538427748e-07,6.71031674866e-05,1.58000513795e-09
84.85,1.98642806587e-07,6.70591115516e-05,1.56584497267e-09
84.9,1.96765054448e-07,6.70151300846e-05,1.5518101697e-09
84.95,1.9490500341e-07,6.69712226885e-05,1.53789963615e-09
85.0,1.93062487122e-07,6.69273889684e-05,1.53789963547e-10
85.05,1.91237340794e-07,6.68836395314e-05,0.0
85.1,1.89429401177e-07,6.68399640229e-05,0.0
85.15,1.87638506551e-07,6.67963608135e-05,0.0
85.2,1.85864496714e-07,6.67528295199e-05,0.0
85.25,1.8410721296e-07,6.67093697608e-05,0.0
85.3,1.82366498072e-07,6.6665981157e-05,0.0
85.35,1.80642196306e-07,6.66227387013e-05,0.0
85.4,1.78934153376e-07,6.65795996629e-05,0.0
85.45,1.77242216441e-07,6.65365310187e-05,0.0
85.5,1.75566234093e-07,6.64935323944e-05,0.0
85.55,1.73906056343e-07,6.6450603418e-05,0.0
85.6,1.72261534605e-07,6.64077437196e-05,0.0
85.65,1.70632521686e-07,6.63649529313e-05,0.0
85.7,1.69018871774e-07,6.63222306873e-05,0.0
85.75,1.67420440421e-07,6.6279576624e-05,0.0
85.8,1.65837084533e-07,6.62371095034e-05,0.0
85.85,1.64269483299e-07,6.6194930896e-05,0.0
85.9,1.62716659017e-07,6.61528199149e-05,0.0
85.95,1.61178472821e-07,6.61107761947e-05,0.0
86.0,1.59654787147e-07,6.60687993724e-05,0.0
86.05,1.5814546572e-07,6.60268890868e-05,0.0
86.1,1.5665037354e-07,6.5985044979e-05,0.0
86.15,1.55169376872e-07,6.59432666923e-05,0.0
86.2,1.53702343233e-07,6.59015538717e-05,0.0
86.25,1.52249141382e-07,6.58599061647e-05,0.0
86.3,1.50809641306e-07,6.58183232205e-05,0.0
86.35,1.49383714211e-07,6.57768046905e-05,0.0
86.4,1.3156340104e-07,6.57353502283e-05,0.0
86.45,1.05695344212e-07,6.56938945763e-05,0.0
86.5,1.04695900994e-07,6.5652406028e-05,0.0
86.55,1.03705882575e-07,6.56109833004e-05,0.0
86.6,1.0272520035e-07,6.5569626019e-05,0.0
86.65,1.01753766543e-07,6.55283338117e-05,0.0
86.7,1.007914942e-07,6.54871063088e-05,0.0
86.75,9.98382971824e-08,6.5445943143e-05,0.0
86.8,9.88940901591e-08,6.54048439494e-05,0.0
86.85,9.79592781527e-08,6.53638501562e-05,0.0
86.9,9.70332781267e-08,6.53229840293e-05,0.0
86.95,9.61160072716e-08,6.52821811499e-05,0.0
87.0,9.52073835534e-08,6.52414411591e-05,0.0
87.05,9.43073257063e-08,6.52007636998e-05,0.0
87.1,9.34157532256e-08,6.51601484177e-05,0.0
87.15,9.25325863607e-08,6.51195949605e-05,0.0
87.2,9.1657746108e-08,6.50791029783e-05,0.0
87.25,9.07911542036e-08,6.50386721233e-05,0.0
87.3,8.9932733117e-08,6.49983350889e-05,0.0
87.35,8.90824060438e-08,6.49581345711e-05,0.0
87.4,8.82400968992e-08,6.49179945158e-05,0.0
87.45,8.7405730311e-08,6.48779145809e-05,0.0
87.5,8.65792316133e-08,6.48378944263e-05,0.0
87.55,8.57605268394e-08,6.4797933714e-05,0.0
87.6,8.49495427159e-08,6.47580321085e-05,0.0
87.65,8.41462066558e-08,6.47181892761e-05,0.0
87.7,8.33504467523e-08,6.46784048856e-05,0.0
87.75,8.25621917723e-08,6.46386786077e-05,0.0
87.8,8.17813711501e-08,6.45990101153e-05,0.0
87.85,8.10083198229e-08,6.45593990834e-05,0.0
87.9,8.02425556434e-08,6.45199185681e-05,0.0
87.95,7.94840101314e-08,6.44806240422e-05,0.0
88.0,7.87326154483e-08,6.44413861621e-05,0.0
88.05,7.79883043906e-08,6.4402204606e-05,0.0
88.1,7.72510103841e-08,6.43630790542e-05,0.0
88.15,7.65206674784e-08,6.43240091892e-05,0.0
88.2,7.57972103406e-08,6.42849946952e-05,0.0
88.25,7.50805742499e-08,6.4246035259e-05,0.0
88.3,7.43706950916e-08,6.42071305691e-05,0.0
88.35,7.36675093516e-08,6.41682897828e-05,0.0
88.4,7.29709541109e-08,6.41295977992e-05,0.0
88.45,7.22809670397e-08,6.40909599861e-05,0.0
88.5,7.15974863924e-08,6.40523760368e-05,0.0
88.55,7.09204510016e-08,6.40138456468e-05,0.0
88.6,7.02498002732e-08,6.39753685135e-05,0.0
88.65,6.95854741807e-08,6.39369443364e-05,0.0
88.7,6.89274132601e-08,6.38985728168e-05,0.0
88.75,6.82755586045e-08,6.38602536581e-05,0.0
88.8,6.7629851859e-08,6.38219865658e-05,0.0
88.85,6.69905700029e-08,6.37838782623e-05,0.0
88.9,6.63573143202e-08,6.37458217991e-05,0.0
88.95,6.57300281806e-08,6.3707816884e-05,0.0
89.0,6.51086554842e-08,6.36698632266e-05,0.0
89.05,6.44931406565e-08,6.36319605386e-05,0.0
89.1,6.38834286435e-08,6.35941085333e-05,0.0
89.15,6.32794649067e-08,6.35563069262e-05,0.0
89.2,6.26811954186e-08,6.35185554345e-05,0.0
89.25,6.20885666577e-08,6.34808537773e-05,0.0
89.3,6.15015256037e-08,6.34432016757e-05,0.0
89.35,6.09200197332e-08,6.34055988524e-05,0.0
89.4,6.03439970145e-08,6.33680450321e-05,0.0
89.45,5.97734059037e-08,6.33305399413e-05,0.0
89.5,5.92081953396e-08,6.32930833084e-05,0.0
89.55,5.86483147392e-08,6.32556748633e-05,0.0
89.6,5.80937139936e-08,6.3218314338e-05,0.0
89.65,5.75443434635e-08,6.31810014662e-05,0.0
89.7,5.70001539745e-08,6.31437359833e-05,0.0
89.75,5.64610968131e-08,6.31065176264e-05,0.0
89.8,5.5927123722e-08,6.30693461344e-05,0.0
89.85,5.5398463752e-08,6.30322212481e-05,0.0
89.9,5.48747871811e-08,6.29952232747e-05,0.0
89.95,5.43560471783e-08,6.29582933475e-05,0.0
90.0,5.38421973515e-08,6.29214095973e-05,0.0
90.05,5.33331917426e-08,6.28845717683e-05,0.0
90.1,5.28289848244e-08,6.28477796065e-05,0.0
90.15,5.23295314957e-08,6.28110328594e-05,0.0
90.2,5.18347870779e-08,6.27743312765e-05,0.0
90.25,5.1344707311e-08,6.27378151324e-05,0.0
90.3,5.08592483494e-08,6.27013807041e-05,0.0
90.35,5.03783667584e-08,6.26650641335e-05,0.0
90.4,4.99020195098e-08,6.26288239916e-05,0.0
90.45,4.9430163979e-08,6.25926282851e-05,0.0
90.5,4.89627579403e-08,6.25564767656e-05,0.0
90.55,4.84997595639e-08,6.25203691862e-05,0.0
90.6,4.80411274117e-08,6.24843053017e-05,0.0
90.65,4.75868204339e-08,6.24482848687e-05,0.0
90.7,4.71367979654e-08,6.24123076453e-05,0.0
90.75,4.6691019722e-08,6.23763733912e-05,0.0
90.8,4.62494457971e-08,6.23404818678e-05,0.0
90.85,4.58122656061e-08,6.23046328382e-05,0.0
90.9,4.53792064826e-08,6.22688260678e-05,0.0
90.95,4.49502296992e-08,6.22330613226e-05,0.0
91.0,4.45252968914e-08,6.21973383706e-05,0.0
91.05,4.41043700539e-08,6.2161656981e-05,0.0
91.1,4.36874115375e-08,6.21260169247e-05,0.0
91.15,4.32743840453e-08,6.20904179741e-05,0.0
91.2,4.28652506301e-08,6.20548599032e-05,0.0
91.25,4.24599746905e-08,6.20193424874e-05,0.0
91.3,4.20585199681e-08,6.19838655038e-05,0.0
91.35,4.1660850544e-08,6.19484287309e-05,0.0
91.4,2.48590993665e-08,6.19130806698e-05,0.0
91.45,0.0,6.18777623718e-05,0.0
91.5,0.0,6.18423921247e-05,0.0
91.55,0.0,6.18070642153e-05,0.0
91.6,0.0,6.17717783917e-05,0.0
91.65,0.0,6.17365344039e-05,0.0
91.7,0.0,6.17013320038e-05,0.0
91.75,0.0,6.16661709449e-05,0.0
91.8,0.0,6.16310509828e-05,0.0
91.85,0.0,6.15960125782e-05,0.0
91.9,0.0,6.15610775262e-05,0.0
91.95,0.0,6.15261831867e-05,0.0
92.0,0.0,6.14913293192e-05,0.0
92.05,0.0,6.14565156849e-05,0.0
92.1,0.0,6.1421742047e-05,0.0
92.15,0.0,6.13870081703e-05,0.0
92.2,0.0,6.13523138212e-05,0.0
92.25,0.0,6.13176587683e-05,0.0
92.3,0.0,6.12830427814e-05,0.0
92.35,0.0,6.12484656323e-05,0.0
92.4,0.0,6.12139270944e-05,0.0
92.45,0.0,6.1179426943e-05,0.0
92.5,0.0,6.11449649547e-05,0.0
92.55,0.0,6.1110540908e-05,0.0
92.6,0.0,6.10761545831e-05,0.0
92.65,0.0,6.10418057616e-05,0.0
92.7,0.0,6.10074942269e-05,0.0
92.75,0.0,6.0973219764e-05,0.0
92.8,0.0,6.09390165538e-05,0.0
92.85,0.0,6.09049725004e-05,0.0
92.9,0.0,6.08709830731e-05,0.0
92.95,0.0,6.08371109006e-05,0.0
93.0,0.0,6.08032752271e-05,0.0
93.05,0.0,6.07694758402e-05,0.0
93.1,0.0,6.0735712529e-05,0.0
93.15,0.0,6.07019850842e-05,0.0
93.2,0.0,6.0668293298e-05,0.0
93.25,0.0,6.06346369644e-05,0.0
93.3,0.0,6.06010158787e-05,0.0
93.35,0.0,6.0567439073e-05,0.0
93.4,0.0,6.05339894731e-05,0.0
93.45,0.0,6.05005748457e-05,0.0
93.5,0.0,6.04671949893e-05,0.0
93.55,0.0,6.04338497035e-05,0.0
93.6,0.0,6.04005387897e-05,0.0
93.65,0.0,6.03672620508e-05,0.0
93.7,0.0,6.03340192909e-05,0.0
93.75,0.0,6.03008103158e-05,0.0
93.8,0.0,6.02676349326e-05,0.0
93.85,0.0,6.02344929501e-05,0.0
93.9,0.0,6.02013841782e-05,0.0
93.95,0.0,6.01683084285e-05,0.0
94.0,0.0,6.01352655138e-05,0.0
94.05,0.0,6.01022552483e-05,0.0
94.1,0.0,6.00692774477e-05,0.0
94.15,0.0,6.00363319292e-05,0.0
94.2,0.0,6.0003418511e-05,0.0
94.25,0.0,5.99705370129e-05,0.0
94.3,0.0,5.99376872561e-05,0.0
94.35,0.0,5.9904869063e-05,0.0
94.4,0.0,5.98720822573e-05,0.0
94.45,0.0,5.98394120248e-05,0.0
94.5,0.0,5.98067848791e-05,0.0
94.55,0.0,5.97741889122e-05,0.0
94.6,0.0,5.974162395e-05,0.0
94.65,0.0,5.970908982e-05,0.0
94.7,0.0,5.96765863506e-05,0.0
94.75,0.0,5.96441133717e-05,0.0
94.8,0.0,5.96116707146e-05,0.0
94.85,0.0,5.95792582115e-05,0.0
94.9,0.0,5.9546954405e-05,0.0
94.95,0.0,5.95147018624e-05,0.0
95.0,0.0,5.94824792995e-05,0.0
95.05,0.0,5.94502865508e-05,0.0
95.1,0.0,5.94181234517e-05,0.0
95.15,0.0,5.93859898391e-05,0.0
95.2,0.0,5.93538855508e-05,0.0
95.25,0.0,5.93218104262e-05,0.0
95.3,0.0,5.92897643055e-05,0.0
95.35,0.0,5.92577470305e-05,0.0
95.4,0.0,5.92257584437e-05,0.0
95.45,0.0,5.91937983893e-05,0.0
95.5,0.0,5.91618667123e-05,0.0
95.55,0.0,5.9129963259e-05,0.0
95.6,0.0,5.90980878767e-05,0.0
95.65,0.0,5.90662603355e-05,0.0
95.7,0.0,5.90345782529e-05,0.0
95.75,0.0,5.90029242057e-05,0.0
95.8,0.0,5.89712978083e-05,0.0
95.85,0.0,5.89396989102e-05,0.0
95.9,0.0,5.89081273621e-05,0.0
95.95,0.0,5.88766380364e-05,0.0
96.0,0.0,5.88452164743e-05,0.0
96.05,0.0,5.88138221243e-05,0.0
96.1,0.0,5.87824548387e-05,0.0
96.15,0.0,5.87511144707e-05,0.0
96.2,0.0,5.87198008747e-05,0.0
96.25,0.0,5.86885139063e-05,0.0
96.3,0.0,5.86572534221e-05,0.0
96.35,0.0,5.86260192796e-05,0.0
96.4,0.0,5.85948589947e-05,0.0
96.45,0.0,5.85637755475e-05,0.0
96.5,0.0,5.85327183335e-05,0.0
96.55,0.0,5.85016872117e-05,0.0
96.6,0.0,5.84706820419e-05,0.0
96.65,0.0,5.84397026852e-05,0.0
96.7,0.0,5.84087490038e-05,0.0
96.75,0.0,5.83778208606e-05,0.0
96.8,0.0,5.83469181198e-05,0.0
96.85,0.0,5.83160406465e-05,0.0
96.9,0.0,5.8285188307e-05,0.0
96.95,0.0,5.82543609682e-05,0.0
97.0,0.0,5.82235584985e-05,0.0
97.05,0.0,5.81927807669e-05,0.0
97.1,0.0,5.81620276436e-05,0.0
97.15,0.0,5.81312989997e-05,0.0
97.2,0.0,5.81005947071e-05,0.0
97.25,0.0,5.8069914639e-05,0.0
97.3,0.0,5.80392586692e-05,0.0
97.35,0.0,5.80086266728e-05,0.0
97.4,0.0,5.79780185256e-05,0.0
97.45,0.0,5.79474597528e-05,0.0
97.5,0.0,5.79169930478e-05,0.0
97.55,0.0,5.78865501233e-05,0.0
97.6,0.0,5.78561308561e-05,0.0
97.65,0.0,5.78257351237e-05,0.0
97.7,0.0,5.77953628047e-05,0.0
97.75,0.0,5.77650137785e-05,0.0
97.8,0.0,5.77346879254e-05,0.0
97.85,0.0,5.77043851266e-05,0.0
97.9,0.0,5.76741228532e-05,0.0
97.95,0.0,5.76439625895e-05,0.0
98.0,0.0,5.76138253357e-05,0.0
98.05,0.0,5.75837109739e-05,0.0
98.1,0.0,5.75536193866e-05,0.0
98.15,0.0,5.75235504576e-05,0.0
98.2,0.0,5.74935040712e-05,0.0
98.25,0.0,5.74634801128e-05,0.0
98.3,0.0,5.74334784687e-05,0.0
98.35,0.0,5.74034990258e-05,0.0
98.4,0.0,5.73735416721e-05,0.0
98.45,0.0,5.73436062963e-05,0.0
98.5,0.0,5.73136927879e-05,0.0
98.55,0.0,5.72838010374e-05,0.0
98.6,0.0,5.72539309359e-05,0.0
98.65,0.0,5.72240823756e-05,0.0
98.7,0.0,5.71942552491e-05,0.0
98.75,0.0,5.71644494503e-05,0.0
98.8,0.0,5.71346938838e-05,0.0
98.85,0.0,5.71050524618e-05,0.0
98.9,0.0,5.70754323265e-05,0.0
98.95,0.0,5.70458332842e-05,0.0
99.0,0.0,5.70163449794e-05,0.0
99.05,0.0,5.69868806422e-05,0.0
99.1,0.0,5.69574373704e-05,0.0
99.15,0.0,5.69280150582e-05,0.0
99.2,0.0,5.68986136003e-05,0.0
99.25,0.0,5.68692328923e-05,0.0
99.3,0.0,5.68398728307e-05,0.0
99.35,0.0,5.68105333125e-05,0.0
99.4,0.0,5.67812142358e-05,0.0
99.45,0.0,5.67519991717e-05,0.0
99.5,0.0,5.67228161476e-05,0.0
99.55,0.0,5.66936535582e-05,0.0
99.6,0.0,5.66645113019e-05,0.0
99.65,0.0,5.66353892774e-05,0.0
99.7,0.0,5.66062873845e-05,0.0
99.75,0.0,5.65772055236e-05,0.0
99.8,0.0,5.65481435959e-05,0.0
99.85,0.0,5.65191015034e-05,0.0
99.9,0.0,5.64900791487e-05,0.0
99.95,0.0,5.64610764352e-05,0.0
100.0,0.0,5.64320932672e-05,0.0
