"time","AMPA","NMDA","GABAa"
0.0,0.0,0.0,0.0
0.05,0.0,0.0,0.0
0.1,0.0,0.0,0.0
0.15,0.0,0.0,0.0
0.2,0.0,0.0,0.0
0.25,0.0,0.0,0.0
0.3,0.0,0.0,0.0
0.35,0.0,0.0,0.0
0.4,0.0,0.0,0.0
0.45,0.0,0.0,0.0
0.5,0.0,0.0,0.0
0.55,0.0,0.0,0.0
0.6,0.0,0.0,0.0
0.65,0.0,0.0,0.0
0.7,0.0,0.0,0.0
0.75,0.0,0.0,0.0
0.8,0.0,0.0,0.0
0.85,0.0,0.0,0.0
0.9,0.0,0.0,0.0
0.95,0.0,0.0,0.0
1.0,0.0,0.0,0.0
1.05,0.0,0.0,0.0
1.1,0.0,0.0,0.0
1.15,0.0,0.0,0.0
1.2,0.0,0.0,0.0
1.25,0.0,0.0,0.0
1.3,0.0,0.0,0.0
1.35,0.0,0.0,0.0
1.4,0.0,0.0,0.0
1.45,0.0,0.0,0.0
1.5,0.0,0.0,0.0
1.55,0.0,0.0,0.0
1.6,0.0,0.0,0.0
1.65,0.0,0.0,0.0
1.7,0.0,0.0,0.0
1.75,0.0,0.0,0.0
1.8,0.0,0.0,0.0
1.85,0.0,0.0,0.0
1.9,0.0,0.0,0.0
1.95,0.0,0.0,0.0
2.0,0.0,0.0,0.0
2.05,0.0,0.0,0.0
2.1,0.0,0.0,0.0
2.15,0.0,0.0,0.0
2.2,0.0,0.0,0.0
2.25,0.0,0.0,0.0
2.3,0.0,0.0,0.0
2.35,0.0,0.0,0.0
2.4,0.0,0.0,0.0
2.45,0.0,0.0,0.0
2.5,0.0,0.0,0.0
2.55,0.0,0.0,0.0
2.6,0.0,0.0,0.0
2.65,0.0,0.0,0.0
2.7,0.0,0.0,0.0
2.75,0.0,0.0,0.0
2.8,0.0,0.0,0.0
2.85,0.0,0.0,0.0
2.9,0.0,0.0,0.0
2.95,0.0,0.0,0.0
3.0,0.0,0.0,0.0
3.05,0.0,0.0,0.0
3.1,0.0,0.0,0.0
3.15,0.0,0.0,0.0
3.2,0.0,0.0,0.0
3.25,0.0,0.0,0.0
3.3,0.0,0.0,0.0
3.35,0.0,0.0,0.0
3.4,0.0,0.0,0.0
3.45,0.0,0.0,0.0
3.5,0.0,0.0,0.0
3.55,0.0,0.0,0.0
3.6,0.0,0.0,0.0
3.65,0.0,0.0,0.0
3.7,0.0,0.0,0.0
3.75,0.0,0.0,0.0
3.8,0.0,0.0,0.0
3.85,0.0,0.0,0.0
3.9,0.0,0.0,0.0
3.95,0.0,0.0,0.0
4.0,0.0,0.0,0.0
4.05,0.0,0.0,0.0
4.1,0.0,0.0,0.0
4.15,0.0,0.0,0.0
4.2,0.0,0.0,0.0
4.25,0.0,0.0,0.0
4.3,0.0,0.0,0.0
4.35,0.0,0.0,0.0
4.4,0.0,0.0,0.0
4.45,0.0,0.0,0.0
4.5,0.0,0.0,0.0
4.55,0.0,0.0,0.0
4.6,0.0,0.0,0.0
4.65,0.0,0.0,0.0
4.7,0.0,0.0,0.0
4.75,0.0,0.0,0.0
4.8,0.0,0.0,0.0
4.85,0.0,0.0,0.0
4.9,0.0,0.0,0.0
4.95,0.0,0.0,0.0
5.0,0.0,0.0,0.0
5.05,0.0,0.0,0.0
5.1,0.0,0.0,0.0
5.15,0.0,0.0,0.0
5.2,0.0,0.0,0.0
5.25,0.0,0.0,0.0
5.3,0.0,0.0,0.0
5.35,0.0,0.0,0.0
5.4,0.0,0.0,0.0
5.45,0.0,0.0,0.0
5.5,0.0,0.0,0.0
5.55,0.0,0.0,0.0
5.6,0.0,0.0,0.0
5.65,0.0,0.0,0.0
5.7,0.0,0.0,0.0
5.75,0.0,0.0,0.0
5.8,0.0,0.0,0.0
5.85,0.0,0.0,0.0
5.9,0.0,0.0,0.0
5.95,0.0,0.0,0.0
6.0,0.0,0.0,0.0
6.05,0.0,0.0,0.0
6.1,0.0,0.0,0.0
6.15,0.0,0.0,0.0
6.2,0.0,0.0,0.0
6.25,0.0,0.0,0.0
6.3,0.0,0.0,0.0
6.35,0.0,0.0,0.0
6.4,0.0,0.0,0.0
6.45,0.0,0.0,0.0
6.5,0.0,0.0,0.0
6.55,0.0,0.0,0.0
6.6,0.0,0.0,0.0
6.65,0.0,0.0,0.0
6.7,0.0,0.0,0.0
6.75,0.0,0.0,0.0
6.8,0.0,0.0,0.0
6.85,0.0,0.0,0.0
6.9,0.0,0.0,0.0
6.95,0.0,0.0,0.0
7.0,0.0,0.0,0.0
7.05,0.0,0.0,0.0
7.1,0.0,0.0,0.0
7.15,0.0,0.0,0.0
7.2,0.0,0.0,0.0
7.25,0.0,0.0,0.0
7.3,0.0,0.0,0.0
7.35,0.0,0.0,0.0
7.4,0.0,0.0,0.0
7.45,0.0,0.0,0.0
7.5,0.0,0.0,0.0
7.55,0.0,0.0,0.0
7.6,0.0,0.0,0.0
7.65,0.0,0.0,0.0
7.7,0.0,0.0,0.0
7.75,0.0,0.0,0.0
7.8,0.0,0.0,0.0
7.85,0.0,0.0,0.0
7.9,0.0,0.0,0.0
7.95,0.0,0.0,0.0
8.0,0.0,0.0,0.0
8.05,0.0,0.0,0.0
8.1,0.0,0.0,0.0
8.15,0.0,0.0,0.0
8.2,0.0,0.0,0.0
8.25,0.0,0.0,0.0
8.3,0.0,0.0,0.0
8.35,0.0,0.0,0.0
8.4,0.0,0.0,0.0
8.45,0.0,0.0,0.0
8.5,0.0,0.0,0.0
8.55,0.0,0.0,0.0
8.6,0.0,0.0,0.0
8.65,0.0,0.0,0.0
8.7,0.0,0.0,0.0
8.75,0.0,0.0,0.0
8.8,0.0,0.0,0.0
8.85,0.0,0.0,0.0
8.9,0.0,0.0,0.0
8.95,0.0,0.0,0.0
9.0,0.0,0.0,0.0
9.05,0.0,0.0,0.0
9.1,0.0,0.0,0.0
9.15,0.0,0.0,0.0
9.2,0.0,0.0,0.0
9.25,0.0,0.0,0.0
9.3,0.0,0.0,0.0
9.35,0.0,0.0,0.0
9.4,0.0,0.0,0.0
9.45,0.0,0.0,0.0
9.5,0.0,0.0,0.0
9.55,0.0,0.0,0.0
9.6,0.0,0.0,0.0
9.65,0.0,0.0,0.0
9.7,0.0,0.0,0.0
9.75,0.0,0.0,0.0
9.8,0.0,0.0,0.0
9.85,0.0,0.0,0.0
9.9,0.0,0.0,0.0
9.95,0.0,0.0,0.0
10.0,0.0,0.0,0.0
10.05,0.0,0.0,0.0
10.1,0.0,0.0,0.0
10.15,0.0,0.0,0.0
10.2,0.0,0.0,0.0
10.25,0.0,0.0,0.0
10.3,0.0,0.0,0.0
10.35,0.0,0.0,0.0
10.4,0.0,0.0,0.0
10.45,0.0,0.0,0.0
10.5,0.0,0.0,0.0
10.55,0.0,0.0,0.0
10.6,0.0,0.0,0.0
10.65,0.0,0.0,0.0
10.7,0.0,0.0,0.0
10.75,0.0,0.0,0.0
10.8,0.0,0.0,0.0
10.85,0.0,0.0,0.0
10.9,0.0,0.0,0.0
10.95,0.0,0.0,0.0
11.0,0.0,0.0,0.0
11.05,0.0,0.0,0.0
11.1,0.0,0.0,0.0
11.15,0.0,0.0,0.0
11.2,0.0,0.0,0.0
11.25,0.0,0.0,0.0
11.3,0.0,0.0,0.0
11.35,0.0,0.0,0.0
11.4,0.0,0.0,0.0
11.45,0.0,0.0,0.0
11.5,0.0,0.0,0.0
11.55,0.0,0.0,0.0
11.6,0.0,0.0,0.0
11.65,0.0,0.0,0.0
11.7,0.0,0.0,0.0
11.75,0.0,0.0,0.0
11.8,0.0,0.0,0.0
11.85,0.0,0.0,0.0
11.9,0.0,0.0,0.0
11.95,0.0,0.0,0.0
12.0,0.0,0.0,0.0
12.05,0.0,0.0,0.0
12.1,0.0,0.0,0.0
12.15,0.0,0.0,0.0
12.2,0.0,0.0,0.0
12.25,0.0,0.0,0.0
12.3,0.0,0.0,0.0
12.35,0.0,0.0,0.0
12.4,0.0,0.0,0.0
12.45,0.0,0.0,0.0
12.5,0.0,0.0,0.0
12.55,0.0,0.0,0.0
12.6,0.0,0.0,0.0
12.65,0.0,0.0,0.0
12.7,0.0,0.0,0.0
12.75,0.0,0.0,0.0
12.8,0.0,0.0,0.0
12.85,0.0,0.0,0.0
12.9,0.0,0.0,0.0
12.95,0.0,0.0,0.0
13.0,0.0,0.0,0.0
13.05,0.0,0.0,0.0
13.1,0.0,0.0,0.0
13.15,0.0,0.0,0.0
13.2,0.0,0.0,0.0
13.25,0.0,0.0,0.0
13.3,0.0,0.0,0.0
13.35,0.0,0.0,0.0
13.4,0.0,0.0,0.0
13.45,0.0,0.0,0.0
13.5,0.0,0.0,0.0
13.55,0.0,0.0,0.0
13.6,0.0,0.0,0.0
13.65,0.0,0.0,0.0
13.7,0.0,0.0,0.0
13.75,0.0,0.0,0.0
13.8,0.0,0.0,0.0
13.85,0.0,0.0,0.0
13.9,0.0,0.0,0.0
13.95,0.0,0.0,0.0
14.0,0.0,0.0,0.0
14.05,0.0,0.0,0.0
14.1,0.0,0.0,0.0
14.15,0.0,0.0,0.0
14.2,0.0,0.0,0.0
14.25,0.0,0.0,0.0
14.3,0.0,0.0,0.0
14.35,0.0,0.0,0.0
14.4,0.0,0.0,0.0
14.45,0.0,0.0,0.0
14.5,0.0,0.0,0.0
14.55,0.0,0.0,0.0
14.6,0.0,0.0,0.0
14.65,0.0,0.0,0.0
14.7,0.0,0.0,0.0
14.75,0.0,0.0,0.0
14.8,0.0,0.0,0.0
14.85,0.0,0.0,0.0
14.9,0.0,0.0,0.0
14.95,0.0,0.0,0.0
15.0,0.0,0.0,0.0
15.05,0.0,0.0,0.0
15.1,0.0,0.0,0.0
15.15,0.0,0.0,0.0
15.2,0.0,0.0,0.0
15.25,0.0,0.0,0.0
15.3,0.0,0.0,0.0
15.35,0.0,0.0,0.0
15.4,0.0,0.0,0.0
15.45,0.0,0.0,0.0
15.5,0.0,0.0,0.0
15.55,0.0,0.0,0.0
15.6,0.0,0.0,0.0
15.65,0.0,0.0,0.0
15.7,0.0,0.0,0.0
15.75,0.0,0.0,0.0
15.8,0.0,0.0,0.0
15.85,0.0,0.0,0.0
15.9,0.0,0.0,0.0
15.95,0.0,0.0,0.0
16.0,0.0,0.0,0.0
16.05,0.0,0.0,0.0
16.1,0.0,0.0,0.0
16.15,0.0,0.0,0.0
16.2,0.0,0.0,0.0
16.25,0.0,0.0,0.0
16.3,0.0,0.0,0.0
16.35,0.0,0.0,0.0
16.4,0.0,0.0,0.0
16.45,0.0,0.0,0.0
16.5,0.0,0.0,0.0
16.55,0.0,0.0,0.0
16.6,0.0,0.0,0.0
16.65,0.0,0.0,0.0
16.7,0.0,0.0,0.0
16.75,0.0,0.0,0.0
16.8,0.0,0.0,0.0
16.85,0.0,0.0,0.0
16.9,0.0,0.0,0.0
16.95,0.0,0.0,0.0
17.0,0.0,0.0,0.0
17.05,0.0,0.0,0.0
17.1,0.0,0.0,0.0
17.15,0.0,0.0,0.0
17.2,0.0,0.0,0.0
17.25,0.0,0.0,0.0
17.3,0.0,0.0,0.0
17.35,0.0,0.0,0.0
17.4,0.0,0.0,0.0
17.45,0.0,0.0,0.0
17.5,0.0,0.0,0.0
17.55,0.0,0.0,0.0
17.6,0.0,0.0,0.0
17.65,0.0,0.0,0.0
17.7,0.0,0.0,0.0
17.75,0.0,0.0,0.0
17.8,0.0,0.0,0.0
17.85,0.0,0.0,0.0
17.9,0.0,0.0,0.0
17.95,0.0,0.0,0.0
18.0,0.0,0.0,0.0
18.05,0.0,0.0,0.0
18.1,0.0,0.0,0.0
18.15,0.0,0.0,0.0
18.2,0.0,0.0,0.0
18.25,0.0,0.0,0.0
18.3,0.0,0.0,0.0
18.35,0.0,0.0,0.0
18.4,0.0,0.0,0.0
18.45,0.0,0.0,0.0
18.5,0.0,0.0,0.0
18.55,0.0,0.0,0.0
18.6,0.0,0.0,0.0
18.65,0.0,0.0,0.0
18.7,0.0,0.0,0.0
18.75,0.0,0.0,0.0
18.8,0.0,0.0,0.0
18.85,0.0,0.0,0.0
18.9,0.0,0.0,0.0
18.95,0.0,0.0,0.0
19.0,0.0,0.0,0.0
19.05,0.0,0.0,0.0
19.1,0.0,0.0,0.0
19.15,0.0,0.0,0.0
19.2,0.0,0.0,0.0
19.25,0.0,0.0,0.0
19.3,0.0,0.0,0.0
19.35,0.0,0.0,0.0
19.4,0.0,0.0,0.0
19.45,0.0,0.0,0.0
19.5,0.0,0.0,0.0
19.55,0.0,0.0,0.0
19.6,0.0,0.0,0.0
19.65,0.0,0.0,0.0
19.7,0.0,0.0,0.0
19.75,0.0,0.0,0.0
19.8,0.0,0.0,0.0
19.85,0.0,0.0,0.0
19.9,0.0,0.0,0.0
19.95,0.0,0.0,0.0
20.0,0.0,0.0,0.0
20.05,0.0,0.0,0.0
20.1,0.0,0.0,0.0
20.15,0.0,0.0,0.0
20.2,0.0,0.0,0.0
20.25,0.0,0.0,0.0
20.3,0.0,0.0,0.0
20.35,0.0,0.0,0.0
20.4,0.0,0.0,0.0
20.45,0.0,0.0,0.0
20.5,0.0,0.0,0.0
20.55,0.0,0.0,0.0
20.6,0.0,0.0,0.0
20.65,0.0,0.0,0.0
20.7,0.0,0.0,0.0
20.75,0.0,0.0,0.0
20.8,0.0,0.0,0.0
20.85,0.0,0.0,0.0
20.9,0.0,0.0,0.0
20.95,0.0,0.0,0.0
21.0,0.0,0.0,0.0
21.05,0.0,0.0,0.0
21.1,0.0,0.0,0.0
21.15,0.0,0.0,0.0
21.2,0.0,0.0,0.0
21.25,0.0,0.0,0.0
21.3,0.0,0.0,0.0
21.35,0.0,0.0,0.0
21.4,0.0,0.0,0.0
21.45,0.0,0.0,0.0
21.5,0.0,0.0,0.0
21.55,0.0,0.0,0.0
21.6,0.0,0.0,0.0
21.65,0.0,0.0,0.0
21.7,0.0,0.0,0.0
21.75,0.0,0.0,0.0
21.8,0.0,0.0,0.0
21.85,0.0,0.0,0.0
21.9,0.0,0.0,0.0
21.95,0.0,0.0,0.0
22.0,0.0,0.0,0.0
22.05,0.0,0.0,0.0
22.1,0.0,0.0,0.0
22.15,0.0,0.0,0.0
22.2,0.0,0.0,0.0
22.25,0.0,0.0,0.0
22.3,0.0,0.0,0.0
22.35,0.0,0.0,0.0
22.4,0.0,0.0,0.0
22.45,0.0,0.0,0.0
22.5,0.0,0.0,0.0
22.55,0.0,0.0,0.0
22.6,0.0,0.0,0.0
22.65,0.0,0.0,0.0
22.7,0.0,0.0,0.0
22.75,0.0,0.0,0.0
22.8,0.0,0.0,0.0
22.85,0.0,0.0,0.0
22.9,0.0,0.0,0.0
22.95,0.0,0.0,0.0
23.0,0.0,0.0,0.0
23.05,0.0,0.0,0.0
23.1,0.0,0.0,0.0
23.15,0.0,0.0,0.0
23.2,0.0,0.0,0.0
23.25,0.0,0.0,0.0
23.3,0.0,0.0,0.0
23.35,0.0,0.0,0.0
23.4,0.0,0.0,0.0
23.45,0.0,0.0,0.0
23.5,0.0,0.0,0.0
23.55,0.0,0.0,0.0
23.6,0.0,0.0,0.0
23.65,0.0,0.0,0.0
23.7,0.0,0.0,0.0
23.75,0.0,0.0,0.0
23.8,0.0,0.0,0.0
23.85,0.0,0.0,0.0
23.9,0.0,0.0,0.0
23.95,0.0,0.0,0.0
24.0,0.0,0.0,0.0
24.05,0.0,0.0,0.0
24.1,0.0,0.0,0.0
24.15,0.0,0.0,0.0
24.2,0.0,0.0,0.0
24.25,0.0,0.0,0.0
24.3,0.0,0.0,0.0
24.35,0.0,0.0,0.0
24.4,0.0,0.0,0.0
24.45,0.0,0.0,0.0
24.5,0.0,0.0,0.0
24.55,0.0,0.0,0.0
24.6,0.0,0.0,0.0
24.65,0.0,0.0,0.0
24.7,0.0,0.0,0.0
24.75,0.0,0.0,0.0
24.8,0.0,0.0,0.0
24.85,0.0,0.0,0.0
24.9,0.0,0.0,0.0
24.95,0.0,0.0,0.0
25.0,0.0,0.0,0.0
25.05,0.0,0.0,0.0
25.1,0.0,0.0,0.0
25.15,0.0,0.0,0.0
25.2,0.0,0.0,0.0
25.25,0.0,0.0,0.0
25.3,0.0,0.0,0.0
25.35,0.0,0.0,0.0
25.4,0.0,0.0,0.0
25.45,0.0,0.0,0.0
25.5,0.0,0.0,0.0
25.55,0.0,0.0,0.0
25.6,0.0,0.0,0.0
25.65,0.0,0.0,0.0
25.7,0.0,0.0,0.0
25.75,0.0,0.0,0.0
25.8,0.0,0.0,0.0
25.85,0.0,0.0,0.0
25.9,0.0,0.0,0.0
25.95,0.0,0.0,0.0
26.0,0.0,0.0,0.0
26.05,0.0,0.0,0.0
26.1,0.0,0.0,0.0
26.15,0.0,0.0,0.0
26.2,0.0,0.0,0.0
26.25,0.0,0.0,0.0
26.3,0.0,0.0,0.0
26.35,0.0,0.0,0.0
26.4,0.0,0.0,0.0
26.45,0.0,0.0,0.0
26.5,0.0,0.0,5.70432590052e-18
26.55,0.0,0.0,7.70856400236e-06
26.6,0.0,0.0,1.36582583061e-05
26.65,0.0,0.0,1.82504010673e-05
26.7,0.0,0.0,2.17947434661e-05
26.75,0.0,0.0,2.45303618898e-05
26.8,0.0,0.0,2.66417833522e-05
26.85,0.0,0.0,2.82714317216e-05
26.9,0.0,0.0,3.72377981982e-05
26.95,0.0,0.0,4.41582942452e-05
27.0,0.0,0.0,5.72082880398e-05
27.05,0.0,0.0,7.49891855252e-05
27.1,0.0,0.0,8.8712987319e-05
27.15,0.0,0.0,0.000107013960678
27.2,0.0,0.0,0.000121139160882
27.25,0.0,0.0,0.000132041372207
27.3,0.0,0.0,0.000148164549106
27.35,0.0,0.0,0.000168317419997
27.4,0.0,0.0,0.000183871939914
27.45,0.0,0.0,0.000195877338109
27.5,0.0,0.0,0.000205087187951
27.55,0.0,0.0,0.000211895236609
27.6,0.0,0.0,0.00021708399227
27.65,0.0,0.0,0.00022102349501
27.7,0.0,0.0,0.000223999391744
27.75,0.0,0.0,0.000233940687317
27.8,0.0,0.0,0.000241550066469
27.85,0.0,0.0,0.000247303957373
27.9,0.0,0.0,0.000251382187606
27.95,0.0,0.0,0.000254345896078
28.0,0.0,0.0,0.000256150182743
28.05,0.0,0.0,0.000257051360148
28.1,0.0,0.0,0.000257435196894
28.15,0.0,0.0,0.000257177876618
28.2,0.0,0.0,0.000256662397288
28.25,0.0,0.0,0.000255894238339
28.3,0.0,0.0,0.000254633527201
28.35,0.0,0.0,0.000252985747242
28.4,0.0,0.0,0.000251277296919
28.45,0.0,0.0,0.000249525648613
28.5,0.0,0.0,0.000247744796772
28.55,0.0,0.0,0.000245945546408
28.6,0.0,0.0,0.000244135402342
28.65,0.0,0.0,0.000250029449016
28.7,0.0,0.0,0.000261817061606
28.75,0.0,0.0,0.000270204475888
28.8,0.0,0.0,0.000276205909486
28.85,0.0,0.0,0.000280370017775
28.9,0.0,0.0,0.000283120207351
28.95,0.0,0.0,0.000284782983086
29.0,0.0,0.0,0.000285610811715
29.05,0.0,0.0,0.000285798553257
29.1,0.0,0.0,0.000285495838675
29.15,0.0,0.0,0.000284818798462
29.2,0.0,0.0,0.000283856558007
29.25,0.0,0.0,0.000282678412878
29.3,0.0,0.0,0.000281337522116
29.35,0.0,0.0,0.000279874901415
29.4,0.0,0.0,0.000278322149653
29.45,0.0,0.0,0.000276703387074
29.5,0.0,0.0,0.00027503765078
29.55,0.0,0.0,0.000273339632714
29.6,0.0,0.0,0.000272011397855
29.65,0.0,0.0,0.000274338121102
29.7,0.0,0.0,0.000275463242578
29.75,0.0,0.0,0.000276124179062
29.8,0.0,0.0,0.000278225955571
29.85,0.0,0.0,0.000279471898313
29.9,0.0,0.0,0.000280060845523
29.95,0.0,0.0,0.000280145823058
30.0,0.0,0.0,0.000279845326537
30.05,0.0,0.0,0.000279250602691
30.1,0.0,0.0,0.000278431817635
30.15,0.0,0.0,0.000277647598937
30.2,0.0,0.0,0.00027924588118
30.25,0.0,0.0,0.000280173929618
30.3,0.0,0.0,0.0002807878334
30.35,0.0,0.0,0.000283609863242
30.4,0.0,0.0,0.000285534112551
30.45,0.0,0.0,0.000286767509199
30.5,0.0,0.0,0.000287469914188
30.55,0.0,0.0,0.000287764694062
30.6,0.0,0.0,0.000287717766659
30.65,0.0,0.0,0.000286834901716
30.7,0.0,0.0,0.000285780511381
30.75,0.0,0.0,0.000284582684777
30.8,0.0,0.0,0.000282989851868
30.85,0.0,0.0,0.000281330956659
30.9,0.0,0.0,0.000279625076792
30.95,0.0,0.0,0.000277886548638
31.0,0.0,0.0,0.000276298492947
31.05,0.0,0.0,0.000278024736785
31.1,0.0,0.0,0.000278983706478
31.15,0.0,0.0,0.000279336324288
31.2,0.0,0.0,0.000278940286367
31.25,0.0,0.0,0.000278205294196
31.3,0.0,0.0,0.000277193828533
31.35,0.0,0.0,0.000275689546274
31.4,0.0,0.0,0.000274044230292
31.45,0.0,0.0,0.000272294347959
31.5,0.0,0.0,0.000270468008501
31.55,0.0,0.0,0.000268754274133
31.6,0.0,0.0,0.000270446282466
31.65,0.0,0.0,0.000271326206603
31.7,0.0,0.0,0.000271583031215
31.75,0.0,0.0,0.000271362441805
31.8,0.0,0.0,0.000270777205438
31.85,0.0,0.0,0.000269914284763
31.9,0.0,0.0,0.000268840441513
31.95,0.0,0.0,0.000267607412851
32.0,0.0,0.0,0.000266230826557
32.05,0.0,0.0,0.000264469673502
32.1,0.0,0.0,0.000262650649537
32.15,0.0,0.0,0.000260983263823
32.2,0.0,0.0,0.000262116580164
32.25,0.0,0.0,0.000262585766952
32.3,0.0,0.0,0.00026254606468
32.35,0.0,0.0,0.000262117223294
32.4,0.0,0.0,0.000261391340137
32.45,0.0,0.0,0.000260439687663
32.5,0.0,0.0,0.000259317245755
32.55,0.0,0.0,0.000258041600385
32.6,0.0,0.0,0.000256374443812
32.65,0.0,0.0,0.000254644362573
32.7,0.0,0.0,0.000252869717263
32.75,0.0,0.0,0.000251064386181
32.8,0.0,0.0,0.00024923933413
32.85,0.0,0.0,0.000247402955128
32.9,0.0,0.0,0.000245561421681
32.95,0.0,0.0,0.000243719665471
33.0,0.0,0.0,0.000242021294597
33.05,0.0,0.0,0.000244672152264
33.1,0.0,0.0,0.000249098098057
33.15,0.0,0.0,0.000252160925266
33.2,0.0,0.0,0.000254089965376
33.25,0.0,0.0,0.000257942259913
33.3,0.0,0.0,0.000260568692764
33.35,0.0,0.0,0.000262252272165
33.4,0.0,0.0,0.00026321098937
33.45,0.0,0.0,0.000263613253829
33.5,0.0,0.0,0.000263589022954
33.55,0.0,0.0,0.000263238819802
33.6,0.0,0.0,0.000262640044196
33.65,0.0,0.0,0.000261852307925
33.7,0.0,0.0,0.000260922136796
33.75,0.0,0.0,0.000259884345058
33.8,0.0,0.0,0.000258766328728
33.85,0.0,0.0,0.000257731754536
33.9,0.0,0.0,0.000260736023022
33.95,0.0,0.0,0.000262777119424
34.0,0.0,0.0,0.000264047023408
34.05,0.0,0.0,0.00026464386871
34.1,0.0,0.0,0.000267039405619
34.15,0.0,0.0,0.000271719656613
34.2,0.0,0.0,0.000275000799548
34.25,0.0,0.0,0.000276922631029
34.3,0.0,0.0,0.000278033617795
34.35,0.0,0.0,0.000278522261757
34.4,0.0,0.0,0.000278687561362
34.45,0.0,0.0,0.000282275987055
34.5,0.0,0.0,0.00028471980983
34.55,0.0,0.0,0.000286283383223
34.6,0.0,0.0,0.000287170704934
34.65,0.0,0.0,0.00028770522158
34.7,0.0,0.0,0.000291303325845
34.75,0.0,0.0,0.00029380556893
34.8,0.0,0.0,0.000295464187674
34.85,0.0,0.0,0.000296444312547
34.9,0.0,0.0,0.000296631552024
34.95,0.0,0.0,0.000296444454152
35.0,0.0,0.0,0.00029618975418
35.05,0.0,0.0,0.000297846665738
35.1,0.0,0.0,0.000298525862069
35.15,0.0,0.0,0.000298409437544
35.2,0.0,0.0,0.000297917402973
35.25,0.0,0.0,0.000297139311571
35.3,0.0,0.0,0.000296143741764
35.35,0.0,0.0,0.000294983813277
35.4,0.0,0.0,0.000293673165635
35.45,0.0,0.0,0.000291975564295
35.5,0.0,0.0,0.000290218043993
35.55,0.0,0.0,0.000288418486541
35.6,0.0,0.0,0.00028659096951
35.65,0.0,0.0,0.000284720218849
35.7,0.0,0.0,0.000282543416621
35.75,0.0,0.0,0.000280369878987
35.8,0.0,0.0,0.000278203030471
35.85,0.0,0.0,0.000276045676684
35.9,0.0,0.0,0.000273900223616
35.95,0.0,0.0,0.000271768296793
36.0,0.0,0.0,0.000269635122279
36.05,0.0,0.0,0.000267219138387
36.1,0.0,0.0,0.000264825227013
36.15,0.0,0.0,0.000262452777574
36.2,0.0,0.0,0.000260101626121
36.25,0.0,0.0,0.000257771511774
36.3,0.0,0.0,0.000255462015905
36.35,0.0,0.0,0.000253172958895
36.4,0.0,0.0,0.000250904417006
36.45,0.0,0.0,0.00024865623264
36.5,0.0,0.0,0.000246427946895
36.55,0.0,0.0,0.000244219903873
36.6,0.0,0.0,0.000242032033614
36.65,0.0,0.0,0.000239863778086
36.7,0.0,0.0,0.000237714987452
36.75,0.0,0.0,0.000235585423285
36.8,0.0,0.0,0.000233474702988
36.85,0.0,0.0,0.000231595034506
36.9,0.0,0.0,0.000232034797447
36.95,0.0,0.0,0.000231965875352
37.0,0.0,0.0,0.000231507751605
37.05,0.0,0.0,0.000230753289347
37.1,0.0,0.0,0.000229984465829
37.15,0.0,0.0,0.000231385866296
37.2,0.0,0.0,0.000232123035899
37.25,0.0,0.0,0.000232350576803
37.3,0.0,0.0,0.0002325668484
37.35,0.0,0.0,0.00023823871685
37.4,0.0,0.0,0.000242366268082
37.45,0.0,0.0,0.000245304322391
37.5,0.0,0.0,0.00024732629866
37.55,0.0,0.0,0.000248643826894
37.6,0.0,0.0,0.000249419769772
37.65,0.0,0.0,0.000249779584293
37.7,0.0,0.0,0.000249820575921
37.75,0.0,0.0,0.000249617405132
37.8,2.15993889441e-16,3.70011548e-17,0.00024922786202
37.85,7.98808329398e-05,8.57096077332e-07,0.000248679725778
37.9,0.000154795669012,1.72586051479e-06,0.000247726156441
37.95,0.000225014975925,2.6181624461e-06,0.000246697568796
38.0,0.000290858642113,3.54740011154e-06,0.000245613504644
38.05,0.000352584904326,4.53148947559e-06,0.000244489586782
38.1,0.000410455746042,5.57441359694e-06,0.000243320348262
38.15,0.000464716135727,6.69498307377e-06,0.000241833639498
38.2,0.000515579515886,7.9020493734e-06,0.000240340271494
38.25,0.000563276984045,9.2032167751e-06,0.000238844659738
38.3,0.000607981383207,1.06151874451e-05,0.000237416507244
38.35,0.000649906537145,1.21393610029e-05,0.000240352059665
38.4,0.000689200848768,1.37886980418e-05,0.000242175312764
38.45,0.000726049451571,1.55706580488e-05,0.000243143931624
38.5,0.000760591125661,1.74888280227e-05,0.000243456649058
38.55,0.000792977848746,1.95588641647e-05,0.000243267333863
38.6,0.000823341679847,2.17795090141e-05,0.000242694214957
38.65,0.000851806773347,2.41632631511e-05,0.000241828835346
38.7,0.000878498043473,2.6717999561e-05,0.000240741582452
38.75,0.000903516346367,2.94404894551e-05,0.000239486642843
38.8,0.000903516346367,3.07876427014e-05,0.000238105959921
38.85,0.000894975715403,3.21199191302e-05,0.000236760878952
38.9,0.000886515592469,3.34257970628e-05,0.000239785082958
38.95,0.000878135221,3.46892566925e-05,0.00024174629767
39.0,0.000869833851517,3.59099522295e-05,0.000242890226844
39.05,0.000861610741559,3.70872027183e-05,0.000243406954046
39.1,0.00085346515562,3.82229528389e-05,0.000243616961931
39.15,0.000845396365081,3.9315022639e-05,0.00024672327443
39.2,0.00083740364815,4.0350675975e-05,0.000248802159452
39.25,0.000829486289792,4.13330719167e-05,0.000250090727323
39.3,0.000821643581674,4.22647358054e-05,0.000250735974272
39.35,0.000813874822093,4.31478239592e-05,0.000250623026292
39.4,0.000806179315925,4.39861678291e-05,0.000250310719055
39.45,0.000798556374553,4.47817771414e-05,0.00025366799332
39.5,0.000791005315814,4.55151062325e-05,0.000255924510904
39.55,0.000783525463936,4.6192182816e-05,0.000257334517689
39.6,0.000776116149476,4.68187380041e-05,0.000258094001581
39.65,0.000768776709266,4.73995144207e-05,0.000258464554057
39.7,0.000761506486349,4.79372218614e-05,0.000263358251147
39.75,0.000754304829926,4.84073748159e-05,0.000266839208193
39.8,0.000747171095295,4.88189842915e-05,0.000269232391285
39.85,0.00074010834251,4.91794563914e-05,0.000270757044038
39.9,0.000733112166575,4.94969879484e-05,0.000271572974102
39.95,0.000726181941843,4.97761048961e-05,0.000273791591751
40.0,0.000719317048525,5.00107555561e-05,0.000275205093061
40.05,0.000712516872636,5.02061030078e-05,0.000276222025661
40.1,0.000705780805942,5.03680558155e-05,0.000278787779673
40.15,0.000699108245907,5.0487396908e-05,0.000280224009525
40.2,0.000692498595635,5.05728407588e-05,0.000281025994716
40.25,0.000685951263825,5.06300739715e-05,0.000281341064619
40.3,0.000679465664711,5.06636101331e-05,0.000281414793278
40.35,0.000673041218017,5.06763412374e-05,0.000285748261902
40.4,0.0006666773489,5.06428439496e-05,0.000291599695763
40.45,0.000660373487905,5.05559822248e-05,0.000295592058224
40.5,0.00065412907091,5.04300133529e-05,0.000298386813226
40.55,0.000647943539079,5.02744060566e-05,0.000300259756474
40.6,0.00064181633881,5.00964474934e-05,0.000301423728857
40.65,0.00063574692169,4.990331446e-05,0.000302007737444
40.7,0.000629734744443,4.96984184176e-05,0.000301880818966
40.75,0.000623779268885,4.94864181324e-05,0.000301442723222
40.8,0.000617879961873,4.92709384174e-05,0.000300767464088
40.85,0.000612039353946,4.90533347831e-05,0.00029991238451
40.9,0.000606253802355,4.88340396253e-05,0.000298907772639
40.95,0.000600522789712,4.86154585789e-05,0.000297502560252
41.0,0.000594845803479,4.83995303156e-05,0.000296026578782
41.05,0.000589222335915,4.81857892792e-05,0.000294484495197
41.1,0.000583651884036,4.79759079215e-05,0.000292607820453
41.15,0.000578133949568,4.77711782332e-05,0.000290888416105
41.2,0.000572668038903,4.75697572547e-05,0.000292383323521
41.25,0.00056725366306,4.7354529988e-05,0.000293136107496
41.3,0.000561890337634,4.71304593105e-05,0.00029328791627
41.35,0.000556577582759,4.69004515949e-05,0.000292689940473
41.4,0.000551314923066,4.66708436233e-05,0.000291678632187
41.45,0.000546101887637,4.6442796487e-05,0.000292829359201
41.5,0.000540938009967,4.62042951262e-05,0.000293248911518
41.55,0.000535822827921,4.59618829457e-05,0.00029310826953
41.6,0.000530755883693,4.57167561175e-05,0.000292539670544
41.65,0.000525736723768,4.54729974258e-05,0.000291644851656
41.7,0.000520764898879,4.52317295829e-05,0.000290502355331
41.75,0.000515839963969,4.49936585995e-05,0.000289172488287
41.8,0.000510961478151,4.47613726837e-05,0.000287701970659
41.85,0.000506131534079,4.45334211296e-05,0.000286127132357
41.9,0.000501347119345,4.4311527448e-05,0.000284475971437
41.95,0.000496607806094,4.40954592013e-05,0.000282769867891
42.0,0.000491913170475,4.38843063191e-05,0.000281241121949
42.05,0.000487262792608,4.36787881851e-05,0.000281884461764
42.1,0.000482656256547,4.34666489294e-05,0.000282007592063
42.15,0.000478093150238,4.32506821333e-05,0.000281708769698
42.2,0.000473573065489,4.30350676864e-05,0.000280809716231
42.25,0.00046909559793,4.28207801574e-05,0.000279904043682
42.3,0.000464660346981,4.26087850386e-05,0.000280980802374
42.35,0.000460266915811,4.23900778471e-05,0.000281688914104
42.4,0.000455914911309,4.21655608376e-05,0.000283390521734
42.45,0.000451603944045,4.19331001232e-05,0.000286944987272
42.5,0.00044733362824,4.16830690055e-05,0.000289353385462
42.55,0.000443103581725,4.14230657423e-05,0.000290880174256
42.6,0.000438913425914,4.11572176552e-05,0.000291729712579
42.65,0.000434762785769,4.08895168509e-05,0.000292059241933
42.7,0.000430651289765,4.06221908449e-05,0.000291990838691
42.75,0.000426578569857,4.03574020854e-05,0.000291836305931
42.8,0.000422544261451,4.00952391977e-05,0.000293590741255
42.85,0.000418550095083,3.98278609604e-05,0.000294677721347
42.9,0.000414593579619,3.95583154828e-05,0.000295252156234
42.95,0.000410674361237,3.9289443523e-05,0.000295433438879
43.0,0.000406792089431,3.90224076585e-05,0.000295297321127
43.05,0.000402946416978,3.87592920993e-05,0.000294632662115
43.1,0.000399136999906,3.85011958403e-05,0.000293798266976
43.15,0.000395363497465,3.82496093903e-05,0.00029283552839
43.2,0.000391625572095,3.80037401012e-05,0.000291777043899
43.25,0.000387922889401,3.77646274268e-05,0.000290631361842
43.3,0.000384255118117,3.75315823402e-05,0.000289134929312
43.35,0.000380621930082,3.73060632198e-05,0.00028759678118
43.4,0.000377023000208,3.70879858913e-05,0.000285716742769
43.45,0.000373458006453,3.68775374071e-05,0.000283739540465
43.5,0.000369926629793,3.66759765244e-05,0.000284156176452
43.55,0.00036642855419,3.64724897606e-05,0.000284032177945
43.6,0.00036296346657,3.62709530076e-05,0.000283494820324
43.65,0.000359531056791,3.60715631671e-05,0.00028264216351
43.7,0.000356131017616,3.58757465606e-05,0.000281725961251
43.75,0.000352763044688,3.56841835888e-05,0.000283848836086
43.8,0.000349426836502,3.54848667522e-05,0.000284797575077
43.85,0.000346123824142,3.5284312068e-05,0.000285078981386
43.9,0.00034285194754,3.50832292325e-05,0.000284849617748
43.95,0.000339610914101,3.48844590916e-05,0.000284230302223
44.0,0.000336400433971,3.46890356297e-05,0.000283313483222
44.05,0.00033322022001,3.44972473992e-05,0.000282171214163
44.1,0.000330069987767,3.4311104128e-05,0.000280858761434
44.15,0.000326949455456,3.41292537643e-05,0.000279418618762
44.2,0.00032385834393,3.39531764429e-05,0.000277883936662
44.25,0.000320796376656,3.37824192205e-05,0.000276279843656
44.3,0.000317763279691,3.36163211597e-05,0.000274626487348
44.35,0.00031475878166,3.34564981127e-05,0.000272938329135
44.4,0.000311782613729,3.33013039653e-05,0.000271227237523
44.45,0.000308834509581,3.31505232362e-05,0.000269484905966
44.5,0.000305914205396,3.30056647107e-05,0.000267437234521
44.55,0.000303021439825,3.28658671309e-05,0.00026539334803
44.6,0.000300155953968,3.273091958e-05,0.000263356464701
44.65,0.000297317491349,3.26016495765e-05,0.000261328914737
44.7,0.000294505797898,3.24771433554e-05,0.000259289207423
44.75,0.000291720621922,3.23569083578e-05,0.000256965940047
44.8,0.00028896171409,3.22416490003e-05,0.000254663768954
44.85,0.00028623025785,3.21322402922e-05,0.000252578110418
44.9,0.000283524549608,3.20267809108e-05,0.000253226596292
44.95,0.000280844347403,3.19172408882e-05,0.000253274047388
45.0,0.000278189411535,3.18055246858e-05,0.000252861718546
45.05,0.000275559504552,3.16941365579e-05,0.000252098487048
45.1,0.000272954391225,3.15831985496e-05,0.000251068338782
45.15,0.000270373838527,3.14733433517e-05,0.000249835954685
45.2,0.000267817615617,3.13651197971e-05,0.000248451545792
45.25,0.000265285493811,3.12598743348e-05,0.000246953789368
45.3,0.000262777246572,3.11570481566e-05,0.000245372598916
45.35,0.000260292649483,3.10566369499e-05,0.000243939176593
45.4,0.000257831480228,3.09581694357e-05,0.000244850280298
45.45,0.000255393518575,3.08558127258e-05,0.000245184808214
45.5,0.000252978546355,3.07513396819e-05,0.000245077678225
45.55,0.000250586347444,3.06455349058e-05,0.000244632892781
45.6,0.000248216707741,3.05393783881e-05,0.000244065008831
45.65,0.000245869415152,3.04336882249e-05,0.00024758630649
45.7,0.000243544259571,3.0318119873e-05,0.000249980826089
45.75,0.000241241032858,3.0195386356e-05,0.000251508666188
45.8,0.000238959528827,3.00680635143e-05,0.000252370428384
45.85,0.00023670072614,2.99393574922e-05,0.000252700919765
45.9,0.000234463215996,2.9809685558e-05,0.000252342395423
45.95,0.000232246798301,2.96806997606e-05,0.00025169046162
46.0,0.000230051274835,2.9554094961e-05,0.000250815476753
46.05,0.000227876449234,2.94298522867e-05,0.00024977162219
46.1,0.000225722126973,2.9307893744e-05,0.00024860054013
46.15,0.00022358811535,2.91889362882e-05,0.000247334485095
46.2,0.000221474223465,2.9073453702e-05,0.000245998510381
46.25,0.00021938026221,2.89606998049e-05,0.000244611874652
46.3,0.000217306044246,2.88507069636e-05,0.000243189299242
46.35,0.000215251383988,2.87443652618e-05,0.000241724513715
46.4,0.000213216097592,2.86410764336e-05,0.000239946312435
46.45,0.000211200002935,2.85412126595e-05,0.000238164723963
46.5,0.0002092029196,2.84446194585e-05,0.000236384224227
46.55,0.00020722466886,2.83519395733e-05,0.000234608149978
46.6,0.000205265073664,2.82625218435e-05,0.000232807656271
46.65,0.000203323958618,2.81760748194e-05,0.000230721784395
46.7,0.000201401149972,2.80931477629e-05,0.000228654521095
46.75,0.000199496475604,2.80136081078e-05,0.000226605786869
46.8,0.000197609765006,2.79380622083e-05,0.000224575379531
46.85,0.000195741827492,2.7865554475e-05,0.000222562942685
46.9,0.000193891498041,2.7795954497e-05,0.00022056908132
46.95,0.000192058611184,2.77291347672e-05,0.000218593041101
47.0,0.000190243003,2.7664975362e-05,0.00021663469991
47.05,0.000188444511105,2.76033674984e-05,0.000214693850849
47.1,0.000186662974634,2.75447912068e-05,0.000212770177236
47.15,0.00018489823423,2.7488523862e-05,0.00021086383388
47.2,0.000183150132028,2.74344671977e-05,0.000208974497482
47.25,0.000181418511642,2.73825288504e-05,0.000207102095382
47.3,0.00017970321815,2.73326207098e-05,0.000205246442797
47.35,0.000178004098083,2.72846589349e-05,0.000203407214006
47.4,0.000176320999408,2.7238564034e-05,0.000201584961925
47.45,0.000174653771516,2.71942587763e-05,0.000199778997146
47.5,0.000173002265211,2.71518990035e-05,0.00019798920806
47.55,0.000171366332693,2.71113428529e-05,0.000196215405577
47.6,0.000169745827546,2.70723505666e-05,0.000194457300271
47.65,0.000168140604728,2.70348603411e-05,0.000192715033629
47.7,0.000166550520556,2.69988126278e-05,0.000190988310175
47.75,0.00016497543269,2.69641509221e-05,0.000189277063505
47.8,0.000163415200128,2.69308211404e-05,0.000187581124739
47.85,0.000161870492139,2.68987717111e-05,0.000185900196189
47.9,0.000160340345299,2.68679713688e-05,0.000184234783185
47.95,0.000158824622771,2.68384283681e-05,0.000182584255653
48.0,0.000157323189,2.68100252873e-05,0.000180948511593
48.05,0.0001558359097,2.67827191007e-05,0.000179327378187
48.1,0.000154362651842,2.67564687652e-05,0.000177720590922
48.15,0.000152903283646,2.67312353165e-05,0.000176128279104
48.2,0.000151457674563,2.67069809611e-05,0.000174550172691
48.25,0.000150025695268,2.66837617561e-05,0.000172986210994
48.3,0.000148607217648,2.66615232904e-05,0.000171436239667
48.35,0.000147202114789,2.66401504594e-05,0.000169899986645
48.4,0.000145810260966,2.66196124114e-05,0.000168377913764
48.45,0.000144431531633,2.65998784204e-05,0.000166869445181
48.5,0.000143065803409,2.65809199694e-05,0.000165374487673
48.55,0.00014171295407,2.65627096844e-05,0.000163892883298
48.6,0.000140372862538,2.65452214133e-05,0.000162424390308
48.65,0.000139045408867,2.65284303419e-05,0.000160969126881
48.7,0.000137730474237,2.65123122082e-05,0.000159526846217
48.75,0.00013642794094,2.64968440096e-05,0.000158097492849
48.8,0.000135137692371,2.64820035643e-05,0.000156680925717
48.85,0.000133860281991,2.64677696457e-05,0.000155276896172
48.9,0.000132594913085,2.64541234064e-05,0.0001538858263
48.95,0.000131341472496,2.64410444266e-05,0.00015250718982
49.0,0.000130099848124,2.64285139315e-05,0.000151140901533
49.05,0.000128869928922,2.64165138428e-05,0.00014978681709
49.1,0.000127651604881,2.64050268673e-05,0.000148444715551
49.15,0.000126444767021,2.63940366199e-05,0.000147114704923
49.2,0.000125249307386,2.63835269247e-05,0.000145796559646
49.25,0.000124065119028,2.63734824726e-05,0.000144490229028
49.3,0.000122892096004,2.63638884365e-05,0.00014319558415
49.35,0.000121730133361,2.63547306075e-05,0.000141912397764
49.4,0.000120579127129,2.63459955687e-05,0.000140641055627
49.45,0.000119438974313,2.63377458324e-05,0.000139381076755
49.5,0.000118309572884,2.63299030711e-05,0.000138132383281
49.55,0.000117190821767,2.6322444583e-05,0.000136894843281
49.6,0.000116082620834,2.63153587022e-05,0.000135668254831
49.65,0.000114984870895,2.6308634403e-05,0.000134452716641
49.7,0.000113897473692,2.63022606715e-05,0.000133248022566
49.75,0.000112820331885,2.62962271142e-05,0.000132054126276
49.8,0.000111753349047,2.62905236149e-05,0.000130870909948
49.85,0.000190577815804,2.78220165254e-05,0.000129698165893
49.9,0.000264446243502,2.95231657118e-05,0.000128536246667
49.95,0.000333629006271,3.14010366546e-05,0.000127384712683
50.0,0.000398445899844,3.34675519031e-05,0.000126243492776
50.05,0.000459155069139,3.57442286728e-05,0.000125112466378
50.1,0.000516018406661,3.82302884825e-05,0.000123991448941
50.15,0.000569280790754,4.09520373014e-05,0.000122880530683
50.2,0.000619155574649,4.39190376481e-05,0.000121779523198
50.25,0.000665873767429,4.71406601799e-05,0.000120688384147
50.3,0.000709608124487,5.06410359293e-05,0.000119607005846
50.35,0.000750572382804,5.44186418902e-05,0.000118535198482
50.4,0.00078891485931,5.84985174105e-05,0.000117473284267
50.45,0.000824820602328,6.28916566915e-05,0.000116420861448
50.5,0.000858428307591,6.76007492849e-05,0.000115377864986
50.55,0.00088988986922,7.26541008409e-05,0.000114344184689
50.6,0.000919337263437,7.80460908388e-05,0.000113319651895
50.65,0.0009468945626,8.37959688102e-05,0.000112304349054
50.7,0.000972686599676,8.99185153524e-05,0.000111298103979
50.75,0.000996814150314,9.64032130456e-05,0.000110300877972
50.8,0.00099593179911,0.000100630947962,0.00010931257262
50.85,0.000986517596483,0.000104856101735,0.000108333014445
50.9,0.000977192136586,0.000109045200393,0.000107362497927
50.95,0.000967954585469,0.00011318778379,0.000106400655893
51.0,0.000958804116993,0.000117278489392,0.0001054474289
51.05,0.000949739912757,0.000121311767741,0.000104502716241
51.1,0.000940761162022,0.000125282033896,0.00010356636377
51.15,0.000931867061644,0.000129189247547,0.000102638446842
51.2,0.000923056816002,0.000133023725367,0.000101718808088
51.25,0.000914329636925,0.000136786816053,0.000100807412141
51.3,0.000905684743628,0.000140471785934,9.99041690594e-05
51.35,0.000897121362637,0.000144079046105,9.90089202958e-05
51.4,0.000888638727725,0.000147607202508,9.81219349845e-05
51.45,0.000880236079842,0.000151053007112,9.7242877554e-05
51.5,0.00087191266705,0.00015441548743,9.63716936788e-05
51.55,0.000863667744456,0.000157693665551,9.55082913186e-05
51.6,0.000855500574144,0.000160888688305,9.4652529595e-05
51.65,0.000847410425114,0.000163999728678,9.38044773763e-05
51.7,0.000839396573214,0.000167024830031,9.29639908398e-05
51.75,0.000831458301077,0.000169965774077,9.21310376625e-05
51.8,0.000823594898058,0.000172823988204,9.1305535642e-05
51.85,0.000815809737207,0.000175597682177,9.04873398784e-05
51.9,0.000808097962967,0.000178289873372,8.96766963415e-05
51.95,0.000800458885696,0.000180901203791,8.88732983421e-05
52.0,0.00079289182221,0.000183430553595,8.80770962305e-05
52.05,0.000785396095725,0.000185881595328,8.7288005888e-05
52.1,0.000777971035793,0.000188256223644,8.65058985617e-05
52.15,0.000770615978248,0.000190553834812,8.57308371923e-05
52.2,0.000763330265141,0.000192776246936,8.49626903358e-05
52.25,0.00075611324469,0.000194925224904,8.42014284511e-05
52.3,0.000748964271216,0.000197002479531,8.34469764111e-05
52.35,0.000741882705088,0.000199009909324,8.26992017871e-05
52.4,0.000734867912668,0.00020094900171,8.19583293786e-05
52.45,0.000727919266252,0.000202821299973,8.12240788928e-05
52.5,0.000721036144018,0.000204628474425,8.04964049532e-05
52.55,0.00071421792997,0.000206371770681,7.97752306812e-05
52.6,0.000707464013882,0.000208054579642,7.90604384054e-05
52.65,0.000700773791247,0.000209678264305,7.83520856495e-05
52.7,0.00069414666322,0.000211242775044,7.76500522824e-05
52.75,0.000687582036568,0.000212749404491,7.69543113059e-05
52.8,0.000681079323619,0.000214203378737,7.62647940587e-05
52.85,0.000674641313744,0.000215603735786,7.55813795102e-05
52.9,0.000668263991597,0.000216950339903,7.49042731118e-05
52.95,0.000661946786872,0.000218250305719,7.4233218695e-05
53.0,0.000655689134606,0.000219499701192,7.35681747889e-05
53.05,0.000649490475123,0.000220702778729,7.29090711318e-05
53.1,0.000643350253993,0.000221860670546,7.22558001799e-05
53.15,0.000637267921975,0.000222973805647,7.16084145061e-05
53.2,0.000631242934974,0.000224045456234,7.09668043188e-05
53.25,0.000625274753992,0.000225075033432,7.03309449435e-05
53.3,0.00061936284508,0.000226065279328,6.97007736286e-05
53.35,0.000613506679287,0.000227017159156,6.90761797602e-05
53.4,0.000607705732622,0.000227930443129,6.84573511069e-05
53.45,0.000601959486,0.000228809993344,6.78440535485e-05
53.5,0.000596267425199,0.000229652043339,6.72362491831e-05
53.55,0.000590629040815,0.000230462463637,6.66338737965e-05
53.6,0.000585043828216,0.000231239653231,6.60368291012e-05
53.65,0.0005795112875,0.000231983201585,6.54451631449e-05
53.7,0.000574030923446,0.000232699412023,6.4858775586e-05
53.75,0.000568602245476,0.000233384606064,6.42776438735e-05
53.8,0.000563224767606,0.000234039521622,6.37017106567e-05
53.85,0.000557900796536,0.00023466917651,6.31308748423e-05
53.9,0.000552627011736,0.000235271805046,6.25653080377e-05
53.95,0.000547402941589,0.000235847104598,6.20047962731e-05
54.0,0.00054222811889,0.000236397190561,6.14493049091e-05
54.05,0.000537102080812,0.00023692506709,6.0898775258e-05
54.1,0.000532024368864,0.000237428161735,6.0353117492e-05
54.15,0.000526994528846,0.000237907290861,5.98123755233e-05
54.2,0.000522012110814,0.000238363228703,5.92764576466e-05
54.25,0.000517076669038,0.00023880005273,5.87453432517e-05
54.3,0.000512187761964,0.000239215110069,5.82189799243e-05
54.35,0.000507344952172,0.000239608972838,5.76972752718e-05
54.4,0.000502547806342,0.000239982285174,5.71803861318e-05
54.45,0.000497795895212,0.000240335652189,5.66681169504e-05
54.5,0.000493088793541,0.000240671930051,5.61604360696e-05
54.55,0.000488426080074,0.000240989765953,5.56572898531e-05
54.6,0.000483807337501,0.000241289220962,5.51585962043e-05
54.65,0.000479232152421,0.000241570803077,5.46643952559e-05
54.7,0.00047470011531,0.000241834992837,5.41746031956e-05
54.75,0.000470210820477,0.000242082249947,5.36892011872e-05
54.8,0.000465763866035,0.000242313214992,5.32081413275e-05
54.85,0.00046136115953,0.000242529836967,5.27313391761e-05
54.9,0.000456999955019,0.000242730708563,5.22589380717e-05
54.95,0.000452679862494,0.000242916203329,5.17907592916e-05
55.0,0.000448400495597,0.000243086683421,5.13267739025e-05
55.05,0.000444161471588,0.000243242493778,5.08669328845e-05
55.1,0.000439962411312,0.000243383963867,5.04111612069e-05
55.15,0.000435802939167,0.000243511409638,4.99594955484e-05
55.2,0.000431682683067,0.000243625129375,4.95118593102e-05
55.25,0.00042760127441,0.000243725409495,4.90682352773e-05
55.3,0.00042355834805,0.000243812522624,4.86285796695e-05
55.35,0.000419553542259,0.000243887065004,4.81928153141e-05
55.4,0.000415586498698,0.000243949963364,4.77610732129e-05
55.45,0.000411656862385,0.000244000368742,4.73331900255e-05
55.5,0.000407764281664,0.000244038767672,4.69091393088e-05
55.55,0.000403908408173,0.000244065251907,4.64888762622e-05
55.6,0.000400088896815,0.000244079903084,4.60723323127e-05
55.65,0.000396305405724,0.000244082923477,4.56595409821e-05
55.7,0.000392557596239,0.000244074504102,4.52504322643e-05
55.75,0.000388845132872,0.000244054829836,4.48449904262e-05
55.8,0.000385167683279,0.000244024077466,4.44431754554e-05
55.85,0.00038152682492,0.000243982417228,4.40449168216e-05
55.9,0.000377920287015,0.00024393002908,4.36503342512e-05
55.95,0.000374347747042,0.000243867065228,4.32592784626e-05
56.0,0.000370808885498,0.000243793677557,4.28717252886e-05
56.05,0.000367303385875,0.000243710012375,4.24876337842e-05
56.1,0.000363830934627,0.000243616211519,4.21069412787e-05
56.15,0.000360391221144,0.000243512413661,4.17296784087e-05
56.2,0.000356983937727,0.000243398750504,4.13557811934e-05
56.25,0.000353608779559,0.000243275351331,4.09852352537e-05
56.3,0.000350265444678,0.000243142341099,4.06180040212e-05
56.35,0.000346953633949,0.000242999841723,4.02540230359e-05
56.4,0.000343673051042,0.000242847973591,3.98934017197e-05
56.45,0.0003404234024,0.000242686848145,3.95360036393e-05
56.5,0.000337204397218,0.000242516579067,3.91818067076e-05
56.55,0.000334015747416,0.000242337277406,3.88307735038e-05
56.6,0.00033085716761,0.000242149052499,3.8482846751e-05
56.65,0.000327728375095,0.000241952013067,3.8138054449e-05
56.7,0.000324629089809,0.000241746263663,3.77963381239e-05
56.75,0.000321559034318,0.0002415323368,3.7457684634e-05
56.8,0.000318517933787,0.000241310404402,3.71220605584e-05
56.85,0.000315507092712,0.000241080131594,3.67894069852e-05
56.9,0.000312524633249,0.000240841957565,3.64598239182e-05
56.95,0.000309570288687,0.000240595741327,3.6133186667e-05
57.0,0.00030664379481,0.000240341632949,3.58094750454e-05
57.05,0.000303744889878,0.000240079834756,3.54886548533e-05
57.1,0.000300873314601,0.000239810203662,3.51706737438e-05
57.15,0.000298028812118,0.000239532838135,3.48555573066e-05
57.2,0.000295211127975,0.000239247834175,3.45432521005e-05
57.25,0.000292420010099,0.000238955288873,3.42337461151e-05
57.3,0.000289655208781,0.000238655298685,3.39270088059e-05
57.35,0.000286916476649,0.000238347960319,3.36229863314e-05
57.4,0.000284203568649,0.000238034189087,3.33217700884e-05
57.45,0.000281516242022,0.000237714038556,3.30232461182e-05
57.5,0.000278854256285,0.000237386886032,3.27273959721e-05
57.55,0.000276217373206,0.000237052828357,3.24341883938e-05
57.6,0.000273605356786,0.000236711962942,3.21435755414e-05
57.65,0.000271017973237,0.000236364388501,3.18555808025e-05
57.7,0.000268454990961,0.000236010202013,3.15701553353e-05
57.75,0.000265916180531,0.000235649501868,3.12872881632e-05
57.8,0.00026340131467,0.000235282386238,3.10069513706e-05
57.85,0.000260911472142,0.000234910007193,3.07290957502e-05
57.9,0.000258445100048,0.00023453236952,3.04538048322e-05
57.95,0.000256001977827,0.000234148675583,3.01809744663e-05
58.0,0.000253581886985,0.000233759024385,2.99105877917e-05
58.05,0.000251184611073,0.000233363514976,2.9642616242e-05
58.1,0.000248809935669,0.000232962246924,2.93770160934e-05
58.15,0.000246457648359,0.000232555320927,2.91138087203e-05
58.2,0.00024412753872,0.000232142972564,2.88529494848e-05
58.25,0.000241819398299,0.000231727305892,2.85944283549e-05
58.3,0.000239533020596,0.000231306332718,2.83382198178e-05
58.35,0.000237268201044,0.000230880152536,2.80842789013e-05
58.4,0.000235024736994,0.000230449057548,2.78326819463e-05
58.45,0.000232802427694,0.000230013156668,2.75833337666e-05
58.5,0.000230601074274,0.000229572368916,2.73362189526e-05
58.55,0.000228420479727,0.000229128172992,2.70913113966e-05
58.6,0.00022626044889,0.000228680741727,2.6848571138e-05
58.65,0.000224120788431,0.000228228750414,2.66080177115e-05
58.7,0.000222001306828,0.000227772296201,2.63696103212e-05
58.75,0.000219901814354,0.000227311476774,2.61333397986e-05
58.8,0.000217822123059,0.000226846388987,2.58991828266e-05
58.85,0.000215763125038,0.000226378042736,2.56670983038e-05
58.9,0.000213723536108,0.000225907440174,2.54371560005e-05
58.95,0.000211703173872,0.000225432910216,2.52092689231e-05
59.0,0.000209701857645,0.000224954547007,2.49834229882e-05
59.05,0.000207719408433,0.000224472443852,2.47595943353e-05
59.1,0.000205755648917,0.000223986693567,2.4537746443e-05
59.15,0.000203810403441,0.000223499208275,2.43178971648e-05
59.2,0.000201883497992,0.000223009337169,2.4100009216e-05
59.25,0.000199974760188,0.000222516136811,2.38840742172e-05
59.3,0.000198084019263,0.000222019695779,2.36700708583e-05
59.35,0.000196211106047,0.000221520101866,2.34579615752e-05
59.4,0.000194355852959,0.000221018102206,2.32478101334e-05
59.45,0.000192518093986,0.000220515473576,2.30395370267e-05
59.5,0.000190697664668,0.000220009989844,2.28331293837e-05
59.55,0.00018889440209,0.000219501733989,2.26285653977e-05
59.6,0.00018710814486,0.000218990788077,2.24258116905e-05
59.65,0.0001853387331,0.000218477292098,2.22248845791e-05
59.7,0.000183586008429,0.000217964320443,2.20257499878e-05
59.75,0.000181849813951,0.00021744894215,2.18284002584e-05
59.8,0.000180129994239,0.000216931229441,2.16328159149e-05
59.85,0.000178427287019,0.000216411257726,2.14389626265e-05
59.9,0.000176740630323,0.000215889175822,2.12468986702e-05
59.95,0.000175069873318,0.00021536842158,2.10565513829e-05
60.0,0.000173414866585,0.000214845747862,2.08679090011e-05
60.05,0.000171775462101,0.000214321404359,2.06809515949e-05
60.1,0.000170151513233,0.000213795285096,2.0495648659e-05
60.15,0.000168542874718,0.000213267631182,2.03120151059e-05
60.2,0.000166949402657,0.000212741287781,2.01300197929e-05
60.25,0.000165370954496,0.000212213319721,1.99496557208e-05
60.3,0.000163807389018,0.000211683789388,1.97709050899e-05
60.35,0.000162258566327,0.000211152758005,1.95937365242e-05
60.4,0.00016072434784,0.000210621208996,1.9418203285e-05
60.45,0.000159204596271,0.000210090715557,1.92442389631e-05
60.5,0.000157699175619,0.000209558929455,1.90718328075e-05
60.55,0.000156207951159,0.000209025906186,1.89009666036e-05
60.6,0.000154730789427,0.000208491700144,1.87316124718e-05
60.65,0.00015326755821,0.000207958256225,1.8563784041e-05
60.7,0.000151818126534,0.000207425267485,1.83974528488e-05
60.75,0.000150382364652,0.000206891283586,1.82326124986e-05
60.8,0.000148960144033,0.000206356353266,1.80692467227e-05
60.85,0.000147552074745,0.000205820524171,1.79073268455e-05
60.9,0.000146157278584,0.000205286956469,1.77469015441e-05
60.95,0.000144775630819,0.00020475295514,1.75879101252e-05
61.0,0.000143407007884,0.000204218225058,1.74303427631e-05
61.05,0.000142051287372,0.000203682808568,1.72741828108e-05
61.1,0.000140708348022,0.000203147811481,1.71194047884e-05
61.15,0.000139378069709,0.000202614637892,1.69660211517e-05
61.2,0.000138060333433,0.000202080927757,1.68140058881e-05
61.25,0.000136755021309,0.000201546718818,1.66633531515e-05
61.3,0.000135462016555,0.000201012047555,1.65140480742e-05
61.35,0.000134181203485,0.000200479559298,1.63660644489e-05
61.4,0.000132912467494,0.000199947600045,1.62194467631e-05
61.45,0.000131655695052,0.00019941560937,1.60741395471e-05
61.5,0.000130410773693,0.000198883361006,1.59301338211e-05
61.55,0.000129177592005,0.000198351764647,1.57874143709e-05
61.6,0.000127956039619,0.000197822860307,1.56459579094e-05
61.65,0.000126746007199,0.000197293775924,1.55057758205e-05
61.7,0.000125547386436,0.000196764539353,1.53668443305e-05
61.75,0.000124360070033,0.000196235178045,1.52291580963e-05
61.8,0.000123183951701,0.000195708243015,1.50927035301e-05
61.85,0.000122019535942,0.000195182271171,1.495745668e-05
61.9,0.000120866096518,0.000194656281711,1.48234582046e-05
61.95,0.000119723530278,0.000194130296975,1.46906574085e-05
62.0,0.000118591735041,0.00019360515292,1.45590460847e-05
62.05,0.00011747060958,0.00019308280089,1.44286103284e-05
62.1,0.000116360053619,0.000192560544746,1.42993288569e-05
62.15,0.000115259967817,0.000192038405412,1.41712120742e-05
62.2,0.000114170253768,0.000191516402448,1.40442382528e-05
62.25,0.000113090813984,0.000190997214823,1.39184025096e-05
62.3,0.000112021551893,0.000190479111648,1.37936924262e-05
62.35,0.000110962371825,0.000189961223912,1.36700861122e-05
62.4,0.000109913179009,0.000189443569074,1.35476207268e-05
62.45,0.000108873879559,0.000188927160631,1.34262499378e-05
62.5,0.00010784438047,0.000188413574917,1.33059662446e-05
62.55,0.00010682458961,0.000187900291388,1.31867569392e-05
62.6,0.000105814415706,0.000187387324704,1.30686025707e-05
62.65,0.000104813768344,0.000186874689347,1.29515126477e-05
62.7,0.000103822557956,0.000186365261169,1.28354673126e-05
62.75,0.000102840695812,0.000185856890881,1.27204621027e-05
62.8,0.000101868094015,0.00018534891279,1.26064856684e-05
62.85,0.000100905169767,0.000184841338878,1.24935180033e-05
62.9,9.99513224993e-05,0.000184335380587,1.23815930684e-05
62.95,9.90064669114e-05,0.000183832379902,1.22706685194e-05
63.0,9.80705185023e-05,0.000183329974449,1.21607375011e-05
63.05,9.71433935624e-05,0.000182828084911,1.20517883994e-05
63.1,9.62250091662e-05,0.000182326922418,1.19438034373e-05
63.15,9.53152831646e-05,0.000181829265088,1.18367913052e-05
63.2,9.44141341781e-05,0.000181332635195,1.17307338545e-05
63.25,9.35214815894e-05,0.000180836534735,1.16256270067e-05
63.3,9.26372455364e-05,0.00018034097167,1.1521460389e-05
63.35,9.17613469049e-05,0.000179847250812,1.1418215717e-05
63.4,9.0893707322e-05,0.00017935629961,1.13159240286e-05
63.45,9.0034249149e-05,0.000178865927054,1.1214546624e-05
63.5,8.91828954745e-05,0.000178376139811,1.11140772382e-05
63.55,8.83395701075e-05,0.00017788694423,1.10145052565e-05
63.6,8.7504197571e-05,0.000177401361742,1.09158144321e-05
63.65,8.66767030953e-05,0.000176916872758,1.08180127073e-05
63.7,8.58570126109e-05,0.000176433012066,1.07210834958e-05
63.75,8.50450527427e-05,0.000175949784944,1.06250230698e-05
63.8,8.42407508029e-05,0.000175468412001,1.05298219494e-05
63.85,8.34444518011e-05,0.000174989940242,1.04354634239e-05
63.9,8.26556590905e-05,0.000174512137843,1.03419758599e-05
63.95,8.18743021318e-05,0.000174035008093,1.02493238884e-05
64.0,8.1100311046e-05,0.000173558554945,1.01575017835e-05
64.05,8.03336166087e-05,0.000173085577341,1.00664998442e-05
64.1,7.95741502438e-05,0.000172613946772,9.97630322213e-06
64.15,7.88218440174e-05,0.000172143021463,9.8869191759e-06
64.2,7.80766306319e-05,0.000171672804314,9.79833254669e-06
64.25,7.73384434203e-05,0.000171204184373,9.71053992771e-06
64.3,7.66072163396e-05,0.000170738814841,9.62353265488e-06
64.35,7.58828839659e-05,0.000170274179009,9.53729545585e-06
64.4,7.51653814879e-05,0.000169810279438,9.45185425566e-06
64.45,7.44546447015e-05,0.000169347196846,9.36717672952e-06
64.5,7.37506100041e-05,0.000168887360698,9.28325764435e-06
64.55,7.3053214389e-05,0.000168429373302,9.20008813415e-06
64.6,7.23623954398e-05,0.000167972372644,9.11765462843e-06
64.65,7.16780913248e-05,0.000167516175305,9.03596376111e-06
64.7,7.10002407917e-05,0.000167060999576,8.95500167808e-06
64.75,7.03287831623e-05,0.000166609694852,8.87476526575e-06
64.8,6.96636583267e-05,0.000166159173313,8.79524660577e-06
64.85,6.90051515938e-05,0.000165709435957,8.71643174024e-06
64.9,6.8352852257e-05,0.000165260486266,8.63834436289e-06
64.95,6.77067019831e-05,0.000164813796569,8.56095493105e-06
65.0,6.70666429852e-05,0.000164369760011,8.48425866208e-06
65.05,6.64326180173e-05,0.000163926528116,8.40824745304e-06
65.1,6.58045703699e-05,0.000163484101322,8.33290890145e-06
65.15,6.51824438644e-05,0.000163042480188,8.25824907026e-06
65.2,6.45661828486e-05,0.000162604229792,8.18425529775e-06
65.25,6.39557321914e-05,0.000162167529331,8.11092473833e-06
65.3,6.3351037278e-05,0.000161731650038,8.03825015516e-06
65.35,6.27520440056e-05,0.000161296591882,7.9662187917e-06
65.4,6.21586987778e-05,0.000160862644987,7.89485230235e-06
65.45,6.15709485004e-05,0.000160432492308,7.82412368719e-06
65.5,6.09887405768e-05,0.000160003174592,7.75402857518e-06
65.55,6.04120229029e-05,0.000159574691458,7.68455956081e-06
65.6,5.98407438629e-05,0.000159147042542,7.61570530906e-06
65.65,5.92748523246e-05,0.000158721387923,7.54747136105e-06
65.7,5.87142976349e-05,0.000158298637921,7.47984614484e-06
65.75,5.81590296152e-05,0.000157876734853,7.41282705975e-06
65.8,5.76089985572e-05,0.000157455678009,7.34640749181e-06
65.85,5.70644403996e-05,0.000157035466693,7.28057578242e-06
65.9,5.6525015505e-05,0.000156617997925,7.21535172223e-06
65.95,5.59906756341e-05,0.000156202676317,7.15071063514e-06
66.0,5.54613729995e-05,0.000155788472142,7.08664852634e-06
66.05,5.49370602612e-05,0.00015537513378,7.0231586277e-06
66.1,5.44176905226e-05,0.000154962786147,6.96023057979e-06
66.15,5.39032173264e-05,0.000154553898306,6.8978694468e-06
66.2,5.33935946505e-05,0.000154146534252,6.8360646528e-06
66.25,5.28887769037e-05,0.00015374003729,6.77481382093e-06
66.3,5.23887189219e-05,0.000153334406158,6.71411090648e-06
66.35,5.1893375964e-05,0.000152929639618,6.65394525429e-06
66.4,5.14027037083e-05,0.000152528683174,6.59433495165e-06
66.45,5.0916658248e-05,0.000152128764319,6.53525744631e-06
66.5,5.04351960877e-05,0.000151729718427,6.47670908728e-06
66.55,4.99582741396e-05,0.00015133154407,6.41868368896e-06
66.6,4.94858497194e-05,0.000150934447437,6.36117178355e-06
66.65,4.9017880543e-05,0.00015054108197,6.30417799936e-06
66.7,4.85543247222e-05,0.000150148595939,6.24769267072e-06
66.75,4.80951407615e-05,0.000149756987807,6.19171362535e-06
66.8,4.76402875542e-05,0.000149366255984,6.1362353388e-06
66.85,4.71899602118e-05,0.000148976811847,6.08124807298e-06
66.9,4.67438778682e-05,0.000148590857903,6.02676835844e-06
66.95,4.63020006313e-05,0.000148205788414,5.97277558395e-06
67.0,4.5864288983e-05,0.00014782160165,5.9192664128e-06
67.05,4.5430703775e-05,0.000147438295864,5.86623519174e-06
67.1,4.50012062258e-05,0.000147056340079,5.81367326785e-06
67.15,4.4575757917e-05,0.000146677776183,5.76158487112e-06
67.2,4.41543207903e-05,0.000146300099286,5.70996116776e-06
67.25,4.37368571436e-05,0.000145923307563,5.65880017248e-06
67.3,4.3323329628e-05,0.00014554739915,5.60809683629e-06
67.35,4.29137012446e-05,0.000145172751932,5.55784225927e-06
67.4,4.2507935341e-05,0.000144801544769,5.50805154918e-06
67.45,4.2105995608e-05,0.000144431225882,5.4587058688e-06
67.5,4.17078460769e-05,0.000144061958111,5.40980216858e-06
67.55,4.13134511158e-05,0.000143693657254,5.36133528186e-06
67.6,4.09227754264e-05,0.000143326433567,5.31329730047e-06
67.65,4.05357840416e-05,0.000142963017225,5.2656920903e-06
67.7,4.01524423215e-05,0.000142600490695,5.21851157791e-06
67.75,3.9772715951e-05,0.00014223885194,5.17175394885e-06
67.8,3.93965709366e-05,0.000141878098895,5.12541458871e-06
67.85,3.90241686276e-05,0.000141518229527,5.07948536356e-06
67.9,3.8655276759e-05,0.000141161820696,5.03398008088e-06
67.95,3.82898623419e-05,0.000140806570493,4.98888152472e-06
68.0,3.79278926963e-05,0.000140452208583,4.94418690802e-06
68.05,3.75693354482e-05,0.000140098732807,4.89989150879e-06
68.1,3.72141585269e-05,0.000139746141046,4.85598809951e-06
68.15,3.68623301619e-05,0.000139396421785,4.81248021336e-06
68.2,3.65138188806e-05,0.000139048397557,4.76936047175e-06
68.25,3.61685935049e-05,0.000138701260327,4.7266272164e-06
68.3,3.58266231487e-05,0.000138355007867,4.68427623006e-06
68.35,3.54878772156e-05,0.000138009637979,4.64230007889e-06
68.4,3.51523253953e-05,0.000137666401201,4.60071138195e-06
68.45,3.48199376618e-05,0.000137325544527,4.55949440507e-06
68.5,3.44906842704e-05,0.000136985572611,4.51864660105e-06
68.55,3.41645357549e-05,0.000136646483176,4.47816365433e-06
68.6,3.38414629252e-05,0.000136308273981,4.43803895945e-06
68.65,3.35214368647e-05,0.000135971307524,4.39827574549e-06
68.7,3.32044289279e-05,0.000135637554737,4.35886726893e-06
68.75,3.28904107374e-05,0.000135304684052,4.31981201422e-06
68.8,3.25793541821e-05,0.000134972693132,4.28110612708e-06
68.85,3.22713926911e-05,0.000134641579671,4.24274281348e-06
68.9,3.1966334191e-05,0.000134311342466,4.20473360639e-06
68.95,3.16641514011e-05,0.000133983943671,4.16706412586e-06
69.0,3.13648172964e-05,0.000133658192423,4.12973204392e-06
69.05,3.1068305105e-05,0.000133333464084,4.09273341644e-06
69.1,3.07745883058e-05,0.000133009610966,4.05606220649e-06
69.15,3.04836406258e-05,0.000132686828359,4.01972136523e-06
69.2,3.01954360385e-05,0.000132365662471,3.98370472953e-06
69.25,2.99099487607e-05,0.000132047234776,3.9480109143e-06
69.3,2.96271532512e-05,0.00013172968095,3.91263639699e-06
69.35,2.93470242077e-05,0.00013141299855,3.87757496833e-06
69.4,2.9069536565e-05,0.000131097185221,3.84283716864e-06
69.45,2.87946654928e-05,0.000130782238349,3.80840985565e-06
69.5,2.85223863934e-05,0.000130470045464,3.77429090175e-06
69.55,2.82526748994e-05,0.000130159378724,3.74047670228e-06
69.6,2.7985506872e-05,0.000129849578479,3.70696173991e-06
69.65,2.77208583982e-05,0.000129540642333,3.67374871178e-06
69.7,2.74587057893e-05,0.000129232567795,3.64083198523e-06
69.75,2.71990255785e-05,0.000128925671738,3.60821029437e-06
69.8,2.69417945188e-05,0.000128621810676,3.57588041984e-06
69.85,2.6687122951e-05,0.000128318810817,3.54383668678e-06
69.9,2.64348520379e-05,0.000128016670529,3.51208872834e-06
69.95,2.61849592197e-05,0.00012771538712,3.48062453337e-06
70.0,2.59374221477e-05,0.000127414958108,3.44944215739e-06
70.05,2.56922186828e-05,0.000127116420272,3.418538306e-06
70.1,2.54493268928e-05,0.000126820139146,3.38790793671e-06
70.15,2.52087250514e-05,0.000126524711516,3.35755351455e-06
70.2,2.49703916354e-05,0.000126230134801,3.32746989164e-06
70.25,2.47343053235e-05,0.000125936406494,3.29765591105e-06
70.3,2.45004449938e-05,0.000125643524075,3.26810863049e-06
70.35,2.42687897226e-05,0.000125353002009,3.23882286356e-06
70.4,2.40393187819e-05,0.000125064198062,3.20980741427e-06
70.45,2.38120116381e-05,0.000124776238471,3.18105130527e-06
70.5,2.35868479499e-05,0.000124489133626,3.15255275943e-06
70.55,2.33638075664e-05,0.000124203068271,3.1243087659e-06
70.6,2.31428705258e-05,0.000123917840091,3.09631471619e-06
70.65,2.29240170531e-05,0.000123635326816,3.06857286316e-06
70.7,2.27072275587e-05,0.000123354302029,3.04107850202e-06
70.75,2.24924826365e-05,0.000123074112948,3.0138305754e-06
70.8,2.22797630622e-05,0.000122794756973,2.98682639426e-06
70.85,2.2069160083e-05,0.000122516231528,2.96006121858e-06
70.9,2.18605423472e-05,0.000122238534756,2.93354309462e-06
70.95,2.16538911987e-05,0.000121963421856,2.90726198983e-06
71.0,2.1449188156e-05,0.000121689660013,2.88121628006e-06
71.05,2.1246414911e-05,0.000121416724311,2.85540321357e-06
71.1,2.10455533267e-05,0.000121144612136,2.82981857854e-06
71.15,2.08465854363e-05,0.00012087332093,2.80446443392e-06
71.2,2.0649493441e-05,0.000120602848071,2.77933647985e-06
71.25,2.0454259709e-05,0.00012033471875,2.75443374998e-06
71.3,2.02608667733e-05,0.000120068104492,2.72975378671e-06
71.35,2.00692973308e-05,0.000119802305815,2.70529225797e-06
71.4,1.98795342405e-05,0.00011953732013,2.68105651751e-06
71.45,1.96915605217e-05,0.00011927314469,2.65703739626e-06
71.5,1.95053593531e-05,0.000119009776896,2.63323340985e-06
71.55,1.93209140707e-05,0.000118748283568,2.6096420434e-06
71.6,1.9138208167e-05,0.000118488696083,2.58625944759e-06
71.65,1.89572252888e-05,0.000118229913162,2.56308750414e-06
71.7,1.87779492362e-05,0.000117971932133,2.5401222833e-06
71.75,1.86003639613e-05,0.000117714750377,2.51736290187e-06
71.8,1.84244535664e-05,0.000117458365271,2.49480711378e-06
71.85,1.82502935091e-05,0.000117203161862,2.47245095983e-06
71.9,1.8077775167e-05,0.000116950477978,2.45030116082e-06
71.95,1.79068831121e-05,0.000116698587715,2.42834933688e-06
72.0,1.77376020613e-05,0.000116447488409,2.40659413136e-06
72.05,1.75699168742e-05,0.000116197328436,2.38503324586e-06
72.1,1.74038125524e-05,0.000115948002694,2.36366316235e-06
72.15,1.72392742381e-05,0.000115699521571,2.34248560062e-06
72.2,1.70762872124e-05,0.000115453478908,2.32149696911e-06
72.25,1.69148368944e-05,0.000115208740306,2.30069646066e-06
72.3,1.67549088398e-05,0.000114964781655,2.28008202252e-06
72.35,1.65964887396e-05,0.000114721600278,2.25965003624e-06
72.4,1.64395624187e-05,0.000114479193544,2.23940664418e-06
72.45,1.6284115835e-05,0.000114237558705,2.2193441877e-06
72.5,1.61301350779e-05,0.000113997062569,2.19946142694e-06
72.55,1.59776063669e-05,0.000113758965224,2.1797562613e-06
72.6,1.5826516051e-05,0.000113521635569,2.16022547555e-06
72.65,1.56768506068e-05,0.000113285070955,2.14087064145e-06
72.7,1.55285966376e-05,0.000113049268689,2.12168847658e-06
72.75,1.53817408725e-05,0.000112814226125,2.10267824324e-06
72.8,1.52362701646e-05,0.000112579940614,2.08383806536e-06
72.85,1.50922469145e-05,0.000112347342072,2.06516463592e-06
72.9,1.49495812957e-05,0.000112116508598,2.04666356862e-06
72.95,1.480826055e-05,0.000111886428016,2.02832786399e-06
73.0,1.46682720388e-05,0.000111657097644,2.01015638889e-06
73.05,1.45296032417e-05,0.000111428514807,1.99214722349e-06
73.1,1.43922417557e-05,0.000111200676851,1.97429742932e-06
73.15,1.42561752937e-05,0.000110973581159,1.95660844285e-06
73.2,1.41213916841e-05,0.000110748410095,1.93907726418e-06
73.25,1.3987878869e-05,0.000110524679196,1.92170321909e-06
73.3,1.38556249035e-05,0.000110301685717,1.90448459299e-06
73.35,1.37246179546e-05,0.000110079426984,1.88741836349e-06
73.4,1.35948463002e-05,0.00010985790036,1.87050966112e-06
73.45,1.3466298328e-05,0.000109637103118,1.85375208886e-06
73.5,1.33389625344e-05,0.000109417032624,1.83714461107e-06
73.55,1.32128275237e-05,0.000109198906928,1.8206854732e-06
73.6,1.30878820069e-05,0.000108982299696,1.80437198966e-06
73.65,1.29641148007e-05,0.000108766419803,1.78820547329e-06
73.7,1.28415148268e-05,0.000108551426215,1.77218318238e-06
73.75,1.27200711104e-05,0.000108337149789,1.75630450076e-06
73.8,1.25997727799e-05,0.000108123587869,1.7405678614e-06
73.85,1.24806714377e-05,0.000107910737816,1.72497050204e-06
73.9,1.23626928011e-05,0.000107699390244,1.70951711165e-06
73.95,1.22458263197e-05,0.00010748972838,1.69420184377e-06
74.0,1.21300615417e-05,0.000107280773324,1.67902375191e-06
74.05,1.20153881133e-05,0.000107072522398,1.66398123253e-06
74.1,1.19017957778e-05,0.000106864972947,1.64907183118e-06
74.15,1.17892743743e-05,0.000106658122347,1.63429674771e-06
74.2,1.16778138372e-05,0.000106451967946,1.61965347639e-06
74.25,1.15674041952e-05,0.000106246672975,1.60514145408e-06
74.3,1.14580355704e-05,0.000106043615697,1.59075924861e-06
74.35,1.13496981774e-05,0.000105841249067,1.57650433549e-06
74.4,1.12423823225e-05,0.000105639570448,1.56238100009e-06
74.45,1.11360784027e-05,0.00010543857713,1.54838389916e-06
74.5,1.10307769051e-05,0.000105238266485,1.53451216769e-06
74.55,1.09264684059e-05,0.00010503863589,1.52076434012e-06
74.6,1.08231435696e-05,0.000104839682741,1.50713817327e-06
74.65,1.0720793148e-05,0.000104642316912,1.49363476372e-06
74.7,1.06194079797e-05,0.000104446366172,1.48025182141e-06
74.75,1.05189789892e-05,0.000104251087144,1.46698883166e-06
74.8,1.04194971859e-05,0.000104056477196,1.45384448557e-06
74.85,1.03210052431e-05,0.000103862533711,1.44081647592e-06
74.9,1.0223441732e-05,0.000103669254383,1.42790871926e-06
74.95,1.01267979277e-05,0.000103476636558,1.41511633222e-06
75.0,1.00310651872e-05,0.000103284677649,1.40243852423e-06
75.05,9.93623494819e-06,0.000103094683807,1.38987395588e-06
75.1,9.84229872876e-06,0.000102905809005,1.37742057706e-06
75.15,9.74924812636e-06,0.000102717587624,1.36507938997e-06
75.2,9.65707481714e-06,0.000102530135235,1.35284830164e-06
75.25,9.56577055523e-06,0.000102343375587,1.3407268417e-06
75.3,9.475327172e-06,0.000102157261931,1.32871381389e-06
75.35,9.38573657531e-06,0.000101971791688,1.3168071096e-06
75.4,9.29699074886e-06,0.000101786962305,1.30501030825e-06
75.45,9.20908175143e-06,0.00010160405926,1.2933189468e-06
75.5,9.1220017162e-06,0.000101422042611,1.28173230272e-06
75.55,9.03574285003e-06,0.000101240660675,1.27024915187e-06
75.6,8.95029743283e-06,0.000101059910869,1.25886762061e-06
75.65,8.86565781682e-06,0.000100879790637,1.24758862486e-06
75.7,8.78181642587e-06,0.000100700297408,1.23641025181e-06
75.75,8.69876575486e-06,0.000100521428638,1.22533207156e-06
75.8,8.61649836899e-06,0.000100343181787,1.21435299082e-06
75.85,8.53504955728e-06,0.0001001664991,1.20347108245e-06
75.9,8.45436852062e-06,9.99909686777e-05,1.19268961781e-06
75.95,8.37444804394e-06,9.98160541729e-05,1.18200451798e-06
76.0,8.29528097972e-06,9.96417530315e-05,1.17141512262e-06
76.05,8.21686024741e-06,9.94680627079e-05,1.16092031296e-06
76.1,8.13917883274e-06,9.92949806721e-05,1.1505183766e-06
76.15,8.06222978717e-06,9.91225044177e-05,1.14021015065e-06
76.2,7.98600622721e-06,9.89506314262e-05,1.12999388692e-06
76.25,7.91050133385e-06,9.87796259873e-05,1.11986919251e-06
76.3,7.83570835198e-06,9.86103729364e-05,1.10983506824e-06
76.35,7.76162058974e-06,9.84417168791e-05,1.09988975282e-06
76.4,7.68823141796e-06,9.82736553084e-05,1.09003623607e-06
76.45,7.61553426958e-06,9.81061856766e-05,1.08027079012e-06
76.5,7.54352263906e-06,9.79393054885e-05,1.07059281146e-06
76.55,7.4721900818e-06,9.77730122575e-05,1.06100127763e-06
76.6,7.40153021359e-06,9.76074456115e-05,1.05149462361e-06
76.65,7.33153671003e-06,9.74424866969e-05,1.04207361445e-06
76.7,7.26220330599e-06,9.7278800957e-05,1.03273665242e-06
76.75,7.19352379502e-06,9.71165167372e-05,1.02348337846e-06
76.8,7.12549202884e-06,9.69548090035e-05,1.01431287937e-06
76.85,7.05813719005e-06,9.67936752739e-05,1.00522354546e-06
76.9,6.99141726985e-06,9.66331132723e-05,9.96218109218e-07
76.95,6.92532630167e-06,9.64731204996e-05,9.87293163624e-07
77.0,6.85985837481e-06,9.63136945045e-05,9.78448157122e-07
77.05,6.79500763393e-06,9.61548328447e-05,9.6968215524e-07
77.1,6.73076827854e-06,9.59965330921e-05,9.60993727659e-07
77.15,6.66713456245e-06,9.58393668556e-05,9.5238357359e-07
77.2,6.60410079332e-06,9.56834883767e-05,9.43850232819e-07
77.25,6.5416613321e-06,9.55281654172e-05,9.35393377179e-07
77.3,6.47981059259e-06,9.53733955396e-05,9.27012172078e-07
77.35,6.41854304089e-06,9.52191763195e-05,9.18705146368e-07
77.4,6.35785319495e-06,9.50655053546e-05,9.10474797346e-07
77.45,6.29773562409e-06,9.49123802115e-05,9.02318011241e-07
77.5,6.23818494848e-06,9.47597985005e-05,8.94234283965e-07
77.55,6.1791958387e-06,9.46077578409e-05,8.86222761475e-07
77.6,6.12076301528e-06,9.4456381453e-05,8.78282136557e-07
77.65,6.0628812482e-06,9.43066622573e-05,8.70413048244e-07
77.7,6.00554535644e-06,9.41574777406e-05,8.62614161999e-07
77.75,5.94875020753e-06,9.40088255219e-05,8.548851779e-07
77.8,5.89249071709e-06,9.3860703227e-05,8.47225333188e-07
77.85,5.83679101794e-06,9.37131084946e-05,8.39633283335e-07
77.9,5.78161637051e-06,9.3566039132e-05,8.32111310698e-07
77.95,5.7269618407e-06,9.34194927674e-05,8.24656569505e-07
78.0,5.6728225406e-06,9.32734670691e-05,8.17268599055e-07
78.05,5.61919362809e-06,9.31279597144e-05,8.09946618809e-07
78.1,5.56607030639e-06,9.29835445536e-05,8.02689434066e-07
78.15,5.51344782365e-06,9.2840415607e-05,7.95497628857e-07
78.2,5.46132147252e-06,9.26978168712e-05,7.88369983508e-07
78.25,5.40968658975e-06,9.25558572026e-05,7.81306223909e-07
78.3,5.35853855576e-06,9.24144056777e-05,7.74305652952e-07
78.35,5.30787279427e-06,9.22734599849e-05,7.67367041831e-07
78.4,5.25768477184e-06,9.21330178319e-05,7.60492476464e-07
78.45,5.2079699975e-06,9.19930769035e-05,7.5367935601e-07
78.5,5.15872402237e-06,9.18536349213e-05,7.46927259419e-07
78.55,5.10994243924e-06,9.17146896159e-05,7.40235473334e-07
78.6,5.06162088219e-06,9.15766291899e-05,7.33602905881e-07
78.65,5.01375502621e-06,9.14398019429e-05,7.27030090822e-07
78.7,4.96634058682e-06,9.13034650504e-05,7.20515913459e-07
78.75,4.91937331966e-06,9.11676162468e-05,7.14060123277e-07
78.8,4.87284902018e-06,9.10322532734e-05,7.07662083165e-07
78.85,4.8267876452e-06,9.08973738841e-05,7.01320670079e-07
78.9,4.78116046655e-06,9.07629759706e-05,6.95037790405e-07
78.95,4.73596340391e-06,9.06290572821e-05,6.88811067152e-07
79.0,4.69119241519e-06,9.04956156012e-05,6.82640115512e-07
79.05,4.64684349615e-06,9.03626487196e-05,6.76524283524e-07
79.1,4.60291268004e-06,9.02301544412e-05,6.7046257329e-07
79.15,4.55939603728e-06,9.00990559689e-05,6.64455472632e-07
79.2,4.5162896751e-06,8.9968574911e-05,6.58501962795e-07
79.25,4.47358973716e-06,8.98385602161e-05,6.52601814821e-07
79.3,4.43129240328e-06,8.97090096886e-05,6.46754446438e-07
79.35,4.38939388903e-06,8.95799211447e-05,6.4095883126e-07
79.4,4.34789044546e-06,8.94512924177e-05,6.35216711593e-07
79.45,4.30677835873e-06,8.93231213242e-05,6.29525915031e-07
79.5,4.26605394979e-06,8.91954057122e-05,6.23886089884e-07
79.55,4.22571357405e-06,8.90681434384e-05,6.18296640306e-07
79.6,4.18575362109e-06,8.8941369359e-05,6.12756654287e-07
79.65,4.14617051428e-06,8.88151599333e-05,6.07266577663e-07
79.7,4.10696071054e-06,8.86903405559e-05,6.0182547936e-07
79.75,4.06812069997e-06,8.85661565559e-05,5.9643315013e-07
79.8,4.02964700556e-06,8.84424417411e-05,5.91089057813e-07
79.85,3.99155613081e-06,8.83191685571e-05,5.85792264364e-07
79.9,3.95382431866e-06,8.81963349905e-05,5.8054436213e-07
79.95,3.91644819489e-06,8.80739389137e-05,5.75343365683e-07
80.0,3.87942441683e-06,8.79519782283e-05,5.70188953602e-07
80.05,3.84274967314e-06,8.78304508445e-05,5.65080581324e-07
80.1,3.8064206835e-06,8.77093546843e-05,5.60017415335e-07
80.15,3.7704341983e-06,8.75886876844e-05,5.54999863099e-07
80.2,3.73478699836e-06,8.74684477819e-05,5.50027073678e-07
80.25,3.69947589466e-06,8.73491084167e-05,5.45098855833e-07
80.3,3.66449772806e-06,8.72306781016e-05,5.40214723208e-07
80.35,3.62984936901e-06,8.7112668876e-05,5.35373818493e-07
80.4,3.59552771726e-06,8.69950786928e-05,5.30577596984e-07
80.45,3.56152970162e-06,8.68779054933e-05,5.25824244136e-07
80.5,3.52785227967e-06,8.67611472456e-05,5.21113466194e-07
80.55,3.49449243749e-06,8.66448019265e-05,5.16444765463e-07
80.6,3.46144718939e-06,8.65288675239e-05,5.1181738017e-07
80.65,3.42871357767e-06,8.641334204e-05,5.07231682707e-07
80.7,3.39628867233e-06,8.62982234783e-05,5.02686895378e-07
80.75,3.36416957083e-06,8.61835098561e-05,4.98182843401e-07
80.8,3.33235339782e-06,8.60691991986e-05,4.93719082282e-07
80.85,3.30085380102e-06,8.59557497429e-05,4.89294828498e-07
80.9,3.26965113433e-06,8.58431451008e-05,4.8491141209e-07
80.95,3.23874260738e-06,8.57309376638e-05,4.80567174688e-07
81.0,3.20812545594e-06,8.56191254642e-05,4.76261847819e-07
81.05,3.17779694166e-06,8.55077065429e-05,4.71994976627e-07
81.1,3.14775435185e-06,8.53966789518e-05,4.67765864901e-07
81.15,3.11799499921e-06,8.52861782254e-05,4.63574852984e-07
81.2,3.08851622162e-06,8.51760742151e-05,4.59421230113e-07
81.25,3.05931538189e-06,8.5066425619e-05,4.55304836552e-07
81.3,3.03038986754e-06,8.49572265721e-05,4.51225266061e-07
81.35,3.00173709054e-06,8.48484100453e-05,4.47181802556e-07
81.4,2.97335448714e-06,8.4739974142e-05,4.43175661603e-07
81.45,2.94523951757e-06,8.46319169576e-05,4.39205327565e-07
81.5,2.91738966588e-06,8.45250089704e-05,4.35270555077e-07
81.55,2.88980243968e-06,8.44185544427e-05,4.31370928431e-07
81.6,2.86247536993e-06,8.43124729753e-05,4.27505811339e-07
81.65,2.83540601073e-06,8.42067626905e-05,4.2367551485e-07
81.7,2.80859193909e-06,8.41014217131e-05,4.19879389376e-07
81.75,2.78203075473e-06,8.3996448181e-05,4.16117288929e-07
81.8,2.75572007985e-06,8.38918402397e-05,4.12388842236e-07
81.85,2.72967120056e-06,8.37875960447e-05,4.08693394842e-07
81.9,2.70386787034e-06,8.36837138292e-05,4.05032057692e-07
81.95,2.67830778166e-06,8.35801917537e-05,4.01403445599e-07
82.0,2.65298864863e-06,8.34770279998e-05,3.97807334315e-07
82.05,2.62790820673e-06,8.33742207575e-05,3.94243343912e-07
82.1,2.60306421268e-06,8.3271768227e-05,3.90710892867e-07
82.15,2.57845444419e-06,8.31701701096e-05,3.87210265457e-07
82.2,2.5540766998e-06,8.30692181444e-05,3.83740868003e-07
82.25,2.52992879867e-06,8.29686154657e-05,3.80302567083e-07
82.3,2.50600858037e-06,8.28683602829e-05,3.76895023377e-07
82.35,2.48231390472e-06,8.27684508151e-05,3.73517638761e-07
82.4,2.45884265159e-06,8.26688852939e-05,3.70171428559e-07
82.45,2.4355927207e-06,8.25696619461e-05,3.66855126808e-07
82.5,2.41256203147e-06,8.24707790182e-05,3.6356852856e-07
82.55,2.38974852279e-06,8.23722347648e-05,3.60311286587e-07
82.6,2.36715015285e-06,8.22740274505e-05,3.57082869416e-07
82.65,2.34476489901e-06,8.21762450708e-05,3.53883536858e-07
82.7,2.32259075755e-06,8.20788476759e-05,3.50712746331e-07
82.75,2.30062574353e-06,8.19818100414e-05,3.47570375896e-07
82.8,2.27886789062e-06,8.18852052621e-05,3.44456115438e-07
82.85,2.25732653197e-06,8.17893665857e-05,3.41369418312e-07
82.9,2.23598823235e-06,8.16941615238e-05,3.38311212457e-07
82.95,2.21485108356e-06,8.15992821917e-05,3.35280340867e-07
83.0,2.19391319523e-06,8.15047268901e-05,3.32276616234e-07
83.05,2.17317269472e-06,8.14104939281e-05,3.29299721217e-07
83.1,2.15262772691e-06,8.13165816241e-05,3.26349170086e-07
83.15,2.13227645408e-06,8.1222988308e-05,3.23425200289e-07
83.2,2.11211705569e-06,8.11297123132e-05,3.20527315944e-07
83.25,2.09214772829e-06,8.10367519845e-05,3.17655405608e-07
83.3,2.07236668528e-06,8.0944105674e-05,3.14809185856e-07
83.35,2.05277215682e-06,8.08517717428e-05,3.11988157093e-07
83.4,2.03336238966e-06,8.07597485632e-05,3.09193167391e-07
83.45,2.01413564695e-06,8.06680345048e-05,3.06423159326e-07
83.5,1.99509020813e-06,8.05766279541e-05,3.03677961713e-07
83.55,1.97622436874e-06,8.04855273058e-05,3.00957284521e-07
83.6,1.95753644032e-06,8.03952063885e-05,2.98260683829e-07
83.65,1.93902475019e-06,8.0305403071e-05,2.95588376646e-07
83.7,1.92068764137e-06,8.0215900744e-05,2.92939909773e-07
83.75,1.9025234724e-06,8.01266978152e-05,2.90315181355e-07
83.8,1.8845306172e-06,8.00377926995e-05,2.87713932364e-07
83.85,1.8667167939e-06,7.99491838204e-05,2.85135706203e-07
83.9,1.84907089213e-06,7.98608696552e-05,2.82581277952e-07
83.95,1.83159133387e-06,7.97728486351e-05,2.80049681198e-07
84.0,1.81427655587e-06,7.96851192077e-05,2.77540759489e-07
84.05,1.79712500953e-06,7.9597679828e-05,2.75054247759e-07
84.1,1.78013516075e-06,7.95105289599e-05,2.72589740291e-07
84.15,1.76330548979e-06,7.94237104948e-05,2.70147435421e-07
84.2,1.74663449116e-06,7.93372683973e-05,2.67726918952e-07
84.25,1.73012067346e-06,7.92511106659e-05,2.65328097798e-07
84.3,1.71376255927e-06,7.91653498742e-05,2.62950735224e-07
84.35,1.69755868499e-06,7.90798821875e-05,2.60594413933e-07
84.4,1.68150760075e-06,7.89952195135e-05,2.58259842294e-07
84.45,1.66560787025e-06,7.89109494886e-05,2.55946137072e-07
84.5,1.64985807065e-06,7.88269565632e-05,2.53653155281e-07
84.55,1.63425679245e-06,7.87432392452e-05,2.51380654668e-07
84.6,1.61880263935e-06,7.86597960511e-05,2.49128264437e-07
84.65,1.60349422811e-06,7.85766255071e-05,2.46896165852e-07
84.7,1.58833018848e-06,7.8493726144e-05,2.44683980367e-07
84.75,1.57330916304e-06,7.84110965019e-05,2.42491622906e-07
84.8,1.55842980709e-06,7.83287351282e-05,2.40318877111e-07
84.85,1.5436985032e-06,7.82466405784e-05,2.38165361601e-07
84.9,1.52910606356e-06,7.81648114524e-05,2.36031723775e-07
84.95,1.5146511832e-06,7.8083246314e-05,2.3391715642e-07
85.0,1.50033256938e-06,7.80019437409e-05,2.31821528854e-07
85.05,1.48614894147e-06,7.79209023183e-05,2.29744619675e-07
85.1,1.47209903084e-06,7.78401206392e-05,2.27686090002e-07
85.15,1.45818158072e-06,7.77595973058e-05,2.25646105496e-07
85.2,1.44439534613e-06,7.76793309248e-05,2.23624320193e-07
85.25,1.43073909375e-06,7.75998233712e-05,2.21620656341e-07
85.3,1.4172116018e-06,7.75206548785e-05,2.19634916201e-07
85.35,1.40381165996e-06,7.74417390353e-05,2.17666751219e-07
85.4,1.39053806923e-06,7.73630744642e-05,2.15716753072e-07
85.45,1.37738964187e-06,7.72846597879e-05,2.13784184022e-07
85.5,1.36436520124e-06,7.72064936425e-05,2.11868924637e-07
85.55,1.35146358173e-06,7.7128574671e-05,2.09970772569e-07
85.6,1.33868362866e-06,7.70509015243e-05,2.08089418105e-07
85.65,1.32602419816e-06,7.69734768634e-05,2.06225012648e-07
85.7,1.31348415708e-06,7.6896423312e-05,2.0437724001e-07
85.75,1.3010623829e-06,7.68196119935e-05,2.0254602913e-07
85.8,1.28875776358e-06,7.67431153041e-05,2.00731199291e-07
85.85,1.27657557728e-06,7.66669063229e-05,1.98932431935e-07
85.9,1.26450822603e-06,7.6590936031e-05,1.97150267818e-07
85.95,1.25255463068e-06,7.6515203116e-05,1.95384032695e-07
86.0,1.2407137222e-06,7.64397062779e-05,1.93633617415e-07
86.05,1.22898444155e-06,7.63644442235e-05,1.91898837047e-07
86.1,1.21736573962e-06,7.6289415667e-05,1.90179408531e-07
86.15,1.20585657712e-06,7.62149623941e-05,1.88475470242e-07
86.2,1.19445592451e-06,7.61409359261e-05,1.86786733205e-07
86.25,1.18316276186e-06,7.60671389741e-05,1.85113132475e-07
86.3,1.17197607884e-06,7.59935702649e-05,1.83454502889e-07
86.35,1.16089487454e-06,7.59202285328e-05,1.81810553308e-07
86.4,1.14991815745e-06,7.58471125204e-05,1.80181777943e-07
86.45,1.13904494534e-06,7.57742209716e-05,1.78567560584e-07
86.5,1.1282742652e-06,7.57015526416e-05,1.76967801473e-07
86.55,1.1176051531e-06,7.56291062926e-05,1.75382331594e-07
86.6,1.10703665418e-06,7.55568806938e-05,1.73810892253e-07
86.65,1.0965678225e-06,7.54848746226e-05,1.72253609913e-07
86.7,1.08619772099e-06,7.54130868606e-05,1.70710220471e-07
86.75,1.07592542137e-06,7.53415161978e-05,1.69180664572e-07
86.8,1.06575000404e-06,7.527016143e-05,1.67664791268e-07
86.85,1.0556758338e-06,7.51990213602e-05,1.66162334479e-07
86.9,1.04569662746e-06,7.51280948225e-05,1.6467374588e-07
86.95,1.03581149261e-06,7.50573806284e-05,1.63198462296e-07
87.0,1.02601954518e-06,7.49868776001e-05,1.61736392555e-07
87.05,1.01631990941e-06,7.49165845663e-05,1.60287382189e-07
87.1,1.00671171773e-06,7.48465003624e-05,1.5885119477e-07
87.15,9.97194110677e-07,7.47771016248e-05,1.57427945875e-07
87.2,9.87766236863e-07,7.4708015925e-05,1.56017394133e-07
87.25,9.78427252864e-07,7.46391706787e-05,1.54619485297e-07
87.3,9.69176323157e-07,7.45705657174e-05,1.53234081412e-07
87.35,9.60012620046e-07,7.45022465138e-05,1.51860939298e-07
87.4,9.50935323589e-07,7.44341298635e-05,1.50500471755e-07
87.45,9.41943621523e-07,7.43662146228e-05,1.4915216408e-07
87.5,9.33036709198e-07,7.42984996581e-05,1.47815932949e-07
87.55,9.24213789501e-07,7.42309838418e-05,1.46491637188e-07
87.6,9.15474072785e-07,7.41636660534e-05,1.45179060718e-07
87.65,9.06816776804e-07,7.40965451794e-05,1.43878309168e-07
87.7,8.98241126641e-07,7.4029620111e-05,1.42589161943e-07
87.75,8.8974635464e-07,7.39628897467e-05,1.41311569464e-07
87.8,8.81331700337e-07,7.38963529904e-05,1.40045405649e-07
87.85,8.73000773244e-07,7.3830008753e-05,1.38790448249e-07
87.9,8.64748377412e-07,7.37638559711e-05,1.37547074535e-07
87.95,8.56573774854e-07,7.3697893564e-05,1.36314814104e-07
88.0,8.48476234493e-07,7.36321204604e-05,1.35093590802e-07
88.05,8.40455032098e-07,7.35665355948e-05,1.33883275608e-07
88.1,8.32509450223e-07,7.35011379082e-05,1.32683671038e-07
88.15,8.24638778139e-07,7.34359263484e-05,1.31494873633e-07
88.2,8.16842311775e-07,7.3371188804e-05,1.30316681781e-07
88.25,8.09119353655e-07,7.33067912702e-05,1.29149050173e-07
88.3,8.01469212837e-07,7.32425766082e-05,1.27991863577e-07
88.35,7.93891204848e-07,7.31785437771e-05,1.26844918873e-07
88.4,7.86384651631e-07,7.31146917429e-05,1.2570856086e-07
88.45,7.78948881478e-07,7.30510194737e-05,1.24582359624e-07
88.5,7.71583228976e-07,7.29875259464e-05,1.23466245564e-07
88.55,7.64287034944e-07,7.2924210144e-05,1.22360100764e-07
88.6,7.57059646378e-07,7.28610710554e-05,1.21263744738e-07
88.65,7.49900416391e-07,7.27981076761e-05,1.20177265716e-07
88.7,7.4280870416e-07,7.27353719438e-05,1.19100479441e-07
88.75,7.35783874862e-07,7.26728819034e-05,1.18033344501e-07
88.8,7.28825299628e-07,7.26105649905e-05,1.16975755584e-07
88.85,7.21935963374e-07,7.25485352246e-05,1.15927527051e-07
88.9,7.15111569264e-07,7.24866770068e-05,1.14888974026e-07
88.95,7.08351507012e-07,7.24249893556e-05,1.13859703595e-07
89.0,7.01655172048e-07,7.23634712981e-05,1.1283965215e-07
89.05,6.95021965462e-07,7.23021218667e-05,1.11828711921e-07
89.1,6.88451293956e-07,7.22409400999e-05,1.10826717959e-07
89.15,6.81942569786e-07,7.21799250423e-05,1.09833750899e-07
89.2,6.75495210714e-07,7.21190757427e-05,1.08849642342e-07
89.25,6.69108639955e-07,7.20583912562e-05,1.07874354441e-07
89.3,6.6278228613e-07,7.19978706432e-05,1.06907790949e-07
89.35,6.56515583206e-07,7.19376710512e-05,1.05949782203e-07
89.4,6.50307970459e-07,7.18778759472e-05,1.05000616206e-07
89.45,6.44158892414e-07,7.18182418268e-05,1.04059933861e-07
89.5,6.38067798799e-07,7.17587677621e-05,1.03127677035e-07
89.55,6.32034144501e-07,7.16994528303e-05,1.02203747234e-07
89.6,6.26057389512e-07,7.16402961146e-05,1.01287993704e-07
89.65,6.20136998883e-07,7.15812967039e-05,1.00380490142e-07
89.7,6.14272442677e-07,7.15224536915e-05,9.94810826417e-08
89.75,6.08463195926e-07,7.14637661766e-05,9.85897366149e-08
89.8,6.02708738576e-07,7.14052332635e-05,9.77063640964e-08
89.85,5.97011539034e-07,7.1346854062e-05,9.68308100281e-08
89.9,5.91368043991e-07,7.12886277001e-05,9.59633376234e-08
89.95,5.85777748766e-07,7.12305532957e-05,9.5103618693e-08
90.0,5.80240153403e-07,7.11726299738e-05,9.42516001065e-08
90.05,5.7475476263e-07,7.11148568647e-05,9.34071918485e-08
90.1,5.69321085812e-07,7.10572331038e-05,9.25702561396e-08
90.15,5.63938636909e-07,7.09997578324e-05,9.17408603334e-08
90.2,5.58606934435e-07,7.09424449464e-05,9.09188637708e-08
90.25,5.53325501412e-07,7.08853857862e-05,9.010423484e-08
90.3,5.48093865331e-07,7.08284729634e-05,8.92968931471e-08
90.35,5.42911558109e-07,7.07717838195e-05,8.84966969798e-08
90.4,5.37778116047e-07,7.07152735652e-05,8.77038868967e-08
90.45,5.32693079792e-07,7.06589074966e-05,8.69181629557e-08
90.5,5.27655994292e-07,7.06026847821e-05,8.61394765991e-08
90.55,5.22666408759e-07,7.05466045951e-05,8.53677455589e-08
90.6,5.1772387663e-07,7.04906661138e-05,8.46028439146e-08
90.65,5.12827955522e-07,7.04351858472e-05,8.38448332223e-08
90.7,5.07978207202e-07,7.03798865554e-05,8.30935849295e-08
90.75,5.03174197539e-07,7.03247264589e-05,8.23490701453e-08
90.8,4.98415496473e-07,7.02697047464e-05,8.1611215395e-08
90.85,4.93704145274e-07,7.02148206116e-05,8.08798911633e-08
90.9,4.89037205501e-07,7.01600732641e-05,8.01553173044e-08
90.95,4.84414259803e-07,7.01054619051e-05,7.94372196917e-08
91.0,4.79834894738e-07,7.00509857427e-05,7.87255539468e-08
91.05,4.75298700735e-07,6.99966439898e-05,7.80202448826e-08
91.1,4.70805272059e-07,6.99424358638e-05,7.73211774162e-08
91.15,4.66354206775e-07,6.98883605878e-05,7.66284078057e-08
91.2,4.61945106715e-07,6.98344173883e-05,7.59418185631e-08
91.25,4.57577577436e-07,6.97806054971e-05,7.52613832839e-08
91.3,4.53251228193e-07,6.97269241506e-05,7.45870348174e-08
91.35,4.48965671901e-07,6.96733725897e-05,7.39186547955e-08
91.4,4.28312693631e-07,6.96199500604e-05,7.32564441498e-08
91.45,3.99638682328e-07,6.95665878015e-05,7.26001523475e-08
91.5,3.95859744158e-07,6.9513252193e-05,7.19497388298e-08
91.55,3.92116441564e-07,6.94600462675e-05,7.13051348807e-08
91.6,3.88408439521e-07,6.94069692515e-05,7.06662353225e-08
91.65,3.84735406147e-07,6.93540203771e-05,7.00330915713e-08
91.7,3.81097012667e-07,6.93011988803e-05,6.9405596251e-08
91.75,3.77492933387e-07,6.92486012147e-05,6.87837252298e-08
91.8,3.73922845666e-07,6.91961513265e-05,6.81674171365e-08
91.85,3.7038828091e-07,6.91438701111e-05,6.75565637909e-08
91.9,3.66887034635e-07,6.90917801877e-05,6.69513488306e-08
91.95,3.63418793734e-07,6.90398146402e-05,6.63515432858e-08
92.0,3.59983248032e-07,6.89879727261e-05,6.57571100886e-08
92.05,3.56580090261e-07,6.89365128927e-05,6.51679864374e-08
92.1,3.53209016028e-07,6.88852358897e-05,6.4584076207e-08
92.15,3.49869723794e-07,6.88340802628e-05,6.4005426388e-08
92.2,3.46561914841e-07,6.87830452806e-05,6.34319388461e-08
92.25,3.43285293251e-07,6.87321302167e-05,6.28635915266e-08
92.3,3.40039565878e-07,6.86813343489e-05,6.23003283404e-08
92.35,3.36824442321e-07,6.86306569602e-05,6.17420504183e-08
92.4,3.33639634899e-07,6.85800973383e-05,6.11889255922e-08
92.45,3.30484858628e-07,6.85296547738e-05,6.06407445998e-08
92.5,3.27359831192e-07,6.84793285632e-05,6.00974735633e-08
92.55,3.2426427292e-07,6.84291180075e-05,5.95590550865e-08
92.6,3.21197906763e-07,6.83790224123e-05,5.90254013175e-08
92.65,3.18160458265e-07,6.8329041088e-05,5.84965552025e-08
92.7,3.15151655544e-07,6.82791733486e-05,5.79724270537e-08
92.75,3.12171229264e-07,6.8229418513e-05,5.74529967143e-08
92.8,3.09218912613e-07,6.81797759044e-05,5.6938212923e-08
92.85,3.06295972004e-07,6.81302448502e-05,5.64279853198e-08
92.9,3.03400584417e-07,6.80808246889e-05,5.5922467292e-08
92.95,3.00532490925e-07,6.80315147552e-05,5.54214675878e-08
93.0,2.97691435027e-07,6.79823143894e-05,5.49249552455e-08
93.05,2.94877162624e-07,6.79332229359e-05,5.44328778088e-08
93.1,2.92089421996e-07,6.78842397435e-05,5.39451549872e-08
93.15,2.89327963782e-07,6.78353641654e-05,5.34618260305e-08
93.2,2.86592540955e-07,6.77865955583e-05,5.29828089702e-08
93.25,2.83882908802e-07,6.77379931503e-05,5.25080853845e-08
93.3,2.81198824905e-07,6.76895529605e-05,5.20376084239e-08
93.35,2.78540049112e-07,6.76412279638e-05,5.15712955058e-08
93.4,2.75906343525e-07,6.75931052297e-05,5.11092868155e-08
93.45,2.73297472472e-07,6.75450870399e-05,5.0651407562e-08
93.5,2.7071320249e-07,6.74971727691e-05,5.01976294485e-08
93.55,2.68153302303e-07,6.74493617956e-05,4.97479045336e-08
93.6,2.65617542801e-07,6.74018587589e-05,4.93021594371e-08
93.65,2.63105697022e-07,6.73545344604e-05,4.88604300309e-08
93.7,2.60617540129e-07,6.73073116073e-05,4.84226414012e-08
93.75,2.58152849394e-07,6.72601895874e-05,4.79887767118e-08
93.8,2.55711404174e-07,6.72131677926e-05,4.75587931455e-08
93.85,2.53294251739e-07,6.71662456187e-05,4.71326152276e-08
93.9,2.50899884527e-07,6.71194224707e-05,4.67103710776e-08
93.95,2.48528088417e-07,6.70726977514e-05,4.62919009488e-08
94.0,2.46178651292e-07,6.70260708681e-05,4.58771789797e-08
94.05,2.43851363023e-07,6.69795412321e-05,4.54661613551e-08
94.1,2.41546015448e-07,6.69331082585e-05,4.50587810108e-08
94.15,2.39262402354e-07,6.68867713667e-05,4.4655070731e-08
94.2,2.37000319462e-07,6.68405299791e-05,4.42549620497e-08
94.25,2.34759564405e-07,6.67943835223e-05,4.38584395799e-08
94.3,2.32539936709e-07,6.67483314266e-05,4.34654641896e-08
94.35,2.30341237783e-07,6.67023731258e-05,4.30759668999e-08
94.4,2.28163270891e-07,6.6656508058e-05,4.26900648034e-08
94.45,2.26005841145e-07,6.66107356636e-05,4.23076119026e-08
94.5,2.23868755478e-07,6.65650553875e-05,4.19285845618e-08
94.55,2.21751822636e-07,6.65194666785e-05,4.1552942737e-08
94.6,2.19654853155e-07,6.64739689886e-05,4.1180625136e-08
94.65,2.17577659345e-07,6.6428561774e-05,4.08116617215e-08
94.7,2.15520055276e-07,6.63832444939e-05,4.04459899202e-08
94.75,2.1348185676e-07,6.63380407503e-05,4.00835956694e-08
94.8,2.11462881335e-07,6.62930155783e-05,3.97244432051e-08
94.85,2.09463995051e-07,6.62480791145e-05,3.93684694855e-08
94.9,2.07483951215e-07,6.62033135129e-05,3.90157815251e-08
94.95,2.05522572758e-07,6.61586580913e-05,3.86662458921e-08
95.0,2.03579684268e-07,6.61140901449e-05,3.83198409853e-08
95.05,2.01655111976e-07,6.60696091505e-05,3.79765302071e-08
95.1,1.99748683742e-07,6.60252145881e-05,3.76362575408e-08
95.15,1.97860229036e-07,6.59809059418e-05,3.729905037e-08
95.2,1.95989578927e-07,6.59366826984e-05,3.69648515073e-08
95.25,1.94136566065e-07,6.58925443481e-05,3.66336481001e-08
95.3,1.92301024668e-07,6.5848495674e-05,3.63054074627e-08
95.35,1.90482790508e-07,6.58047717708e-05,3.59800719792e-08
95.4,1.88681700894e-07,6.57611321422e-05,3.56577394535e-08
95.45,1.86897594659e-07,6.57175754331e-05,3.53382879382e-08
95.5,1.85130312147e-07,6.56741011447e-05,3.50216976911e-08
95.55,1.83379695198e-07,6.56307087813e-05,3.47079352647e-08
95.6,1.81645587131e-07,6.55873978507e-05,3.43969494634e-08
95.65,1.79927832737e-07,6.55441678641e-05,3.40887653142e-08
95.7,1.78226278258e-07,6.55010183355e-05,3.37833305514e-08
95.75,1.76540771379e-07,6.54579487824e-05,3.34806334289e-08
95.8,1.7487116121e-07,6.54149587255e-05,3.31806440742e-08
95.85,1.7321816394e-07,6.53720476884e-05,3.28833098301e-08
95.9,1.71580748604e-07,6.53292152019e-05,3.25887200828e-08
95.95,1.69958768774e-07,6.52864607952e-05,3.22967633808e-08
96.0,1.68352079391e-07,6.52437840014e-05,3.2007421681e-08
96.05,1.66760536755e-07,6.52011843569e-05,3.17206644148e-08
96.1,1.65183998514e-07,6.51586614008e-05,3.14364447928e-08
96.15,1.63622323646e-07,6.51162146759e-05,3.1154785688e-08
96.2,1.62075372451e-07,6.50738437273e-05,3.08756393333e-08
96.25,1.6054300654e-07,6.50315481036e-05,3.05989949933e-08
96.3,1.59025088816e-07,6.49894287297e-05,3.03248253668e-08
96.35,1.5752148347e-07,6.4947394254e-05,3.00530823287e-08
96.4,1.56032055962e-07,6.49054840078e-05,2.97838475718e-08
96.45,1.54556673015e-07,6.48637008122e-05,2.9517019237e-08
96.5,1.530952026e-07,6.48219914216e-05,2.92525808344e-08
96.55,1.51647513924e-07,6.47803553956e-05,2.89905044262e-08
96.6,1.50213477419e-07,6.47387922968e-05,2.87307472502e-08
96.65,1.48792964733e-07,6.46973016906e-05,2.84733302107e-08
96.7,1.47385848714e-07,6.46558831452e-05,2.82182096519e-08
96.75,1.45992003405e-07,6.46145362319e-05,2.79653757624e-08
96.8,1.44611304026e-07,6.45732605246e-05,2.77148035906e-08
96.85,1.43244342835e-07,6.45320556002e-05,2.74664491537e-08
96.9,1.41890267267e-07,6.44909210414e-05,2.72203871132e-08
96.95,1.40548956231e-07,6.44498564299e-05,2.6976524377e-08
97.0,1.3922028977e-07,6.4408861351e-05,2.67348458743e-08
97.05,1.37904149051e-07,6.43679353926e-05,2.64953260718e-08
97.1,1.36600416352e-07,6.43270781455e-05,2.62579258881e-08
97.15,1.35308975056e-07,6.42862892032e-05,2.60226644281e-08
97.2,1.34029709636e-07,6.42455681618e-05,2.57895017934e-08
97.25,1.32762505649e-07,6.42049388143e-05,2.5558429017e-08
97.3,1.31507249723e-07,6.41645675264e-05,2.53294232951e-08
97.35,1.30263829548e-07,6.4124263358e-05,2.51024444302e-08
97.4,1.29032133866e-07,6.40840255774e-05,2.48775606579e-08
97.45,1.27812052462e-07,6.40438537884e-05,2.46546868983e-08
97.5,1.26603476153e-07,6.40037475981e-05,2.44338093779e-08
97.55,1.25406296779e-07,6.39637066162e-05,2.4214904761e-08
97.6,1.24220407193e-07,6.39237304552e-05,2.39979373297e-08
97.65,1.23045701252e-07,6.38838187301e-05,2.37829245445e-08
97.7,1.21882073808e-07,6.38439710583e-05,2.21936396076e-08
97.75,1.20729420698e-07,6.38041974097e-05,2.18417167967e-08
97.8,1.19587638736e-07,6.37645543327e-05,2.16460086756e-08
97.85,1.18457217693e-07,6.37250172835e-05,2.14520327543e-08
97.9,1.17337452534e-07,6.36855613007e-05,2.12598524423e-08
97.95,1.16228243122e-07,6.36462502768e-05,2.10693910206e-08
98.0,1.15129490256e-07,6.36070015591e-05,2.08806369302e-08
98.05,1.14041095666e-07,6.35678147788e-05,2.06935698643e-08
98.1,1.12962962003e-07,6.35286895696e-05,2.05081581908e-08
98.15,1.11894992827e-07,6.34896255677e-05,2.03244188708e-08
98.2,1.10837092603e-07,6.34506224116e-05,2.01423055975e-08
98.25,1.09789166691e-07,6.34116797425e-05,1.99618261204e-08
98.3,1.08751121338e-07,6.33727972038e-05,1.97829623652e-08
98.35,1.07722863667e-07,6.33339744414e-05,1.96056817216e-08
98.4,1.06704301673e-07,6.32952111035e-05,1.94300421413e-08
98.45,1.05695344212e-07,6.32565068403e-05,1.92559735084e-08
98.5,1.04695900994e-07,6.3217861305e-05,1.90834652586e-08
98.55,1.03705882575e-07,6.31792741526e-05,1.75349686873e-08
98.6,1.0272520035e-07,6.31407553032e-05,1.72246399643e-08
98.65,1.01753766543e-07,6.31022951197e-05,1.70703154477e-08
98.7,1.007914942e-07,6.30638921064e-05,1.69173567008e-08
98.75,9.98382971823e-08,6.30255459303e-05,1.67657718542e-08
98.8,9.8894090159e-08,6.29872562606e-05,1.66155454281e-08
98.85,9.79592781526e-08,6.29490227688e-05,1.64666486489e-08
98.9,9.70332781267e-08,6.29108451306e-05,1.49404249642e-08
98.95,9.61160072716e-08,6.28727332527e-05,1.32765076657e-08
99.0,9.52073835533e-08,6.28346877553e-05,1.30044459677e-08
99.05,9.43073257062e-08,6.27966979133e-05,1.28879317263e-08
99.1,9.34157532256e-08,6.27587622592e-05,1.27724486414e-08
99.15,9.25325863607e-08,6.27208804825e-05,1.26580139414e-08
99.2,9.16577461079e-08,6.26830522744e-05,1.25445919835e-08
99.25,9.07911542035e-08,6.26452773285e-05,1.24321922497e-08
99.3,8.99327331169e-08,6.26075878865e-05,1.09431979742e-08
99.35,8.90824060438e-08,6.25700362214e-05,1.06919113513e-08
99.4,8.82400968992e-08,6.25325382202e-05,1.05961320432e-08
99.45,8.7405730311e-08,6.24952486134e-05,1.05012002139e-08
99.5,8.65792316132e-08,6.24581411571e-05,1.04071252254e-08
99.55,8.57605268393e-08,6.24210857613e-05,1.03138826806e-08
99.6,8.49495427158e-08,6.23840821252e-05,1.02214653276e-08
99.65,8.41462066558e-08,6.23471299499e-05,1.01298899335e-08
99.7,8.33504467523e-08,6.23102289383e-05,1.00391249358e-08
99.75,8.25621917722e-08,6.22733787954e-05,9.94918000475e-09
99.8,8.178137115e-08,6.22365792284e-05,9.86003107606e-09
99.85,8.10083198228e-08,6.21998299461e-05,9.77167121408e-09
99.9,8.02425556433e-08,6.21631306613e-05,9.68413551756e-09
99.95,7.94840101314e-08,6.21264810864e-05,9.59737435811e-09
100.0,7.87326154483e-08,6.20898809363e-05,8.13411718468e-09
