"time","AMPA","NMDA","GABAa"
0.0,0.0,0.0,0.0
0.05,0.0,0.0,0.0
0.1,0.0,0.0,0.0
0.15,0.0,0.0,0.0
0.2,0.0,0.0,0.0
0.25,0.0,0.0,0.0
0.3,0.0,0.0,0.0
0.35,0.0,0.0,0.0
0.4,0.0,0.0,0.0
0.45,0.0,0.0,0.0
0.5,0.0,0.0,0.0
0.55,0.0,0.0,0.0
0.6,0.0,0.0,0.0
0.65,0.0,0.0,0.0
0.7,0.0,0.0,0.0
0.75,0.0,0.0,0.0
0.8,0.0,0.0,0.0
0.85,0.0,0.0,0.0
0.9,0.0,0.0,0.0
0.95,0.0,0.0,0.0
1.0,0.0,0.0,0.0
1.05,0.0,0.0,0.0
1.1,0.0,0.0,0.0
1.15,0.0,0.0,0.0
1.2,0.0,0.0,0.0
1.25,0.0,0.0,0.0
1.3,0.0,0.0,0.0
1.35,0.0,0.0,0.0
1.4,0.0,0.0,0.0
1.45,0.0,0.0,0.0
1.5,0.0,0.0,0.0
1.55,0.0,0.0,0.0
1.6,0.0,0.0,0.0
1.65,0.0,0.0,0.0
1.7,0.0,0.0,0.0
1.75,0.0,0.0,0.0
1.8,0.0,0.0,0.0
1.85,0.0,0.0,0.0
1.9,0.0,0.0,0.0
1.95,0.0,0.0,0.0
2.0,0.0,0.0,0.0
2.05,0.0,0.0,0.0
2.1,0.0,0.0,0.0
2.15,0.0,0.0,0.0
2.2,0.0,0.0,0.0
2.25,0.0,0.0,0.0
2.3,0.0,0.0,0.0
2.35,0.0,0.0,0.0
2.4,0.0,0.0,0.0
2.45,0.0,0.0,0.0
2.5,0.0,0.0,0.0
2.55,0.0,0.0,0.0
2.6,0.0,0.0,0.0
2.65,0.0,0.0,0.0
2.7,0.0,0.0,0.0
2.75,0.0,0.0,0.0
2.8,0.0,0.0,0.0
2.85,0.0,0.0,0.0
2.9,0.0,0.0,0.0
2.95,0.0,0.0,0.0
3.0,0.0,0.0,0.0
3.05,0.0,0.0,0.0
3.1,0.0,0.0,0.0
3.15,0.0,0.0,0.0
3.2,0.0,0.0,0.0
3.25,0.0,0.0,0.0
3.3,0.0,0.0,0.0
3.35,0.0,0.0,0.0
3.4,0.0,0.0,0.0
3.45,0.0,0.0,0.0
3.5,0.0,0.0,0.0
3.55,0.0,0.0,0.0
3.6,0.0,0.0,0.0
3.65,0.0,0.0,0.0
3.7,0.0,0.0,0.0
3.75,0.0,0.0,0.0
3.8,0.0,0.0,0.0
3.85,0.0,0.0,0.0
3.9,0.0,0.0,0.0
3.95,0.0,0.0,0.0
4.0,0.0,0.0,0.0
4.05,0.0,0.0,0.0
4.1,0.0,0.0,0.0
4.15,0.0,0.0,0.0
4.2,0.0,0.0,0.0
4.25,0.0,0.0,0.0
4.3,0.0,0.0,0.0
4.35,0.0,0.0,0.0
4.4,0.0,0.0,0.0
4.45,0.0,0.0,0.0
4.5,0.0,0.0,0.0
4.55,0.0,0.0,0.0
4.6,0.0,0.0,0.0
4.65,0.0,0.0,0.0
4.7,0.0,0.0,0.0
4.75,0.0,0.0,0.0
4.8,0.0,0.0,0.0
4.85,0.0,0.0,0.0
4.9,0.0,0.0,0.0
4.95,0.0,0.0,0.0
5.0,0.0,0.0,0.0
5.05,0.0,0.0,0.0
5.1,0.0,0.0,0.0
5.15,0.0,0.0,0.0
5.2,0.0,0.0,0.0
5.25,0.0,0.0,0.0
5.3,0.0,0.0,0.0
5.35,0.0,0.0,0.0
5.4,0.0,0.0,0.0
5.45,0.0,0.0,0.0
5.5,0.0,0.0,0.0
5.55,0.0,0.0,0.0
5.6,0.0,0.0,0.0
5.65,0.0,0.0,0.0
5.7,0.0,0.0,0.0
5.75,0.0,0.0,0.0
5.8,0.0,0.0,0.0
5.85,0.0,0.0,0.0
5.9,0.0,0.0,0.0
5.95,0.0,0.0,0.0
6.0,0.0,0.0,0.0
6.05,0.0,0.0,0.0
6.1,0.0,0.0,0.0
6.15,0.0,0.0,0.0
6.2,0.0,0.0,0.0
6.25,0.0,0.0,0.0
6.3,0.0,0.0,0.0
6.35,0.0,0.0,0.0
6.4,0.0,0.0,0.0
6.45,0.0,0.0,0.0
6.5,0.0,0.0,0.0
6.55,0.0,0.0,0.0
6.6,0.0,0.0,0.0
6.65,0.0,0.0,0.0
6.7,0.0,0.0,0.0
6.75,0.0,0.0,0.0
6.8,0.0,0.0,0.0
6.85,0.0,0.0,0.0
6.9,0.0,0.0,0.0
6.95,0.0,0.0,0.0
7.0,0.0,0.0,0.0
7.05,0.0,0.0,0.0
7.1,0.0,0.0,0.0
7.15,0.0,0.0,0.0
7.2,0.0,0.0,0.0
7.25,0.0,0.0,0.0
7.3,0.0,0.0,0.0
7.35,0.0,0.0,0.0
7.4,0.0,0.0,0.0
7.45,0.0,0.0,0.0
7.5,0.0,0.0,0.0
7.55,0.0,0.0,0.0
7.6,0.0,0.0,0.0
7.65,0.0,0.0,0.0
7.7,0.0,0.0,0.0
7.75,0.0,0.0,0.0
7.8,0.0,0.0,0.0
7.85,0.0,0.0,0.0
7.9,0.0,0.0,0.0
7.95,0.0,0.0,0.0
8.0,0.0,0.0,0.0
8.05,0.0,0.0,0.0
8.1,0.0,0.0,0.0
8.15,0.0,0.0,0.0
8.2,0.0,0.0,0.0
8.25,0.0,0.0,0.0
8.3,0.0,0.0,0.0
8.35,0.0,0.0,0.0
8.4,0.0,0.0,0.0
8.45,0.0,0.0,0.0
8.5,0.0,0.0,0.0
8.55,0.0,0.0,0.0
8.6,0.0,0.0,0.0
8.65,0.0,0.0,0.0
8.7,0.0,0.0,0.0
8.75,0.0,0.0,0.0
8.8,0.0,0.0,0.0
8.85,0.0,0.0,0.0
8.9,0.0,0.0,0.0
8.95,0.0,0.0,0.0
9.0,0.0,0.0,0.0
9.05,0.0,0.0,0.0
9.1,0.0,0.0,0.0
9.15,0.0,0.0,0.0
9.2,0.0,0.0,0.0
9.25,0.0,0.0,0.0
9.3,0.0,0.0,0.0
9.35,0.0,0.0,0.0
9.4,0.0,0.0,0.0
9.45,0.0,0.0,0.0
9.5,0.0,0.0,0.0
9.55,0.0,0.0,0.0
9.6,0.0,0.0,0.0
9.65,0.0,0.0,0.0
9.7,0.0,0.0,0.0
9.75,0.0,0.0,0.0
9.8,0.0,0.0,0.0
9.85,0.0,0.0,0.0
9.9,0.0,0.0,0.0
9.95,0.0,0.0,0.0
10.0,0.0,0.0,0.0
10.05,0.0,0.0,0.0
10.1,0.0,0.0,0.0
10.15,0.0,0.0,0.0
10.2,0.0,0.0,0.0
10.25,0.0,0.0,0.0
10.3,0.0,0.0,0.0
10.35,0.0,0.0,0.0
10.4,0.0,0.0,0.0
10.45,0.0,0.0,0.0
10.5,0.0,0.0,0.0
10.55,0.0,0.0,0.0
10.6,0.0,0.0,0.0
10.65,0.0,0.0,0.0
10.7,0.0,0.0,0.0
10.75,0.0,0.0,0.0
10.8,0.0,0.0,0.0
10.85,0.0,0.0,0.0
10.9,0.0,0.0,0.0
10.95,0.0,0.0,0.0
11.0,0.0,0.0,0.0
11.05,0.0,0.0,0.0
11.1,0.0,0.0,0.0
11.15,0.0,0.0,0.0
11.2,0.0,0.0,0.0
11.25,0.0,0.0,0.0
11.3,0.0,0.0,0.0
11.35,0.0,0.0,0.0
11.4,0.0,0.0,0.0
11.45,0.0,0.0,0.0
11.5,0.0,0.0,0.0
11.55,0.0,0.0,0.0
11.6,0.0,0.0,0.0
11.65,0.0,0.0,0.0
11.7,0.0,0.0,0.0
11.75,0.0,0.0,0.0
11.8,0.0,0.0,0.0
11.85,0.0,0.0,0.0
11.9,0.0,0.0,0.0
11.95,0.0,0.0,0.0
12.0,0.0,0.0,0.0
12.05,0.0,0.0,0.0
12.1,0.0,0.0,0.0
12.15,0.0,0.0,0.0
12.2,0.0,0.0,0.0
12.25,0.0,0.0,0.0
12.3,0.0,0.0,0.0
12.35,0.0,0.0,0.0
12.4,0.0,0.0,0.0
12.45,0.0,0.0,0.0
12.5,0.0,0.0,0.0
12.55,0.0,0.0,0.0
12.6,0.0,0.0,0.0
12.65,0.0,0.0,0.0
12.7,0.0,0.0,0.0
12.75,0.0,0.0,0.0
12.8,0.0,0.0,0.0
12.85,0.0,0.0,0.0
12.9,0.0,0.0,0.0
12.95,0.0,0.0,0.0
13.0,0.0,0.0,0.0
13.05,0.0,0.0,0.0
13.1,0.0,0.0,0.0
13.15,0.0,0.0,0.0
13.2,0.0,0.0,0.0
13.25,0.0,0.0,0.0
13.3,0.0,0.0,0.0
13.35,0.0,0.0,0.0
13.4,0.0,0.0,0.0
13.45,0.0,0.0,0.0
13.5,0.0,0.0,0.0
13.55,0.0,0.0,0.0
13.6,0.0,0.0,0.0
13.65,0.0,0.0,0.0
13.7,0.0,0.0,0.0
13.75,0.0,0.0,0.0
13.8,0.0,0.0,0.0
13.85,0.0,0.0,0.0
13.9,0.0,0.0,0.0
13.95,0.0,0.0,0.0
14.0,0.0,0.0,0.0
14.05,0.0,0.0,0.0
14.1,0.0,0.0,0.0
14.15,0.0,0.0,0.0
14.2,0.0,0.0,0.0
14.25,0.0,0.0,0.0
14.3,0.0,0.0,0.0
14.35,0.0,0.0,0.0
14.4,0.0,0.0,0.0
14.45,0.0,0.0,0.0
14.5,0.0,0.0,0.0
14.55,0.0,0.0,0.0
14.6,0.0,0.0,0.0
14.65,0.0,0.0,0.0
14.7,0.0,0.0,0.0
14.75,0.0,0.0,0.0
14.8,0.0,0.0,0.0
14.85,0.0,0.0,0.0
14.9,0.0,0.0,0.0
14.95,0.0,0.0,0.0
15.0,0.0,0.0,0.0
15.05,0.0,0.0,0.0
15.1,0.0,0.0,0.0
15.15,0.0,0.0,0.0
15.2,0.0,0.0,0.0
15.25,0.0,0.0,0.0
15.3,0.0,0.0,0.0
15.35,0.0,0.0,0.0
15.4,0.0,0.0,0.0
15.45,0.0,0.0,0.0
15.5,0.0,0.0,0.0
15.55,0.0,0.0,0.0
15.6,0.0,0.0,0.0
15.65,0.0,0.0,0.0
15.7,0.0,0.0,0.0
15.75,0.0,0.0,0.0
15.8,0.0,0.0,0.0
15.85,0.0,0.0,0.0
15.9,0.0,0.0,0.0
15.95,0.0,0.0,0.0
16.0,0.0,0.0,0.0
16.05,0.0,0.0,0.0
16.1,0.0,0.0,0.0
16.15,0.0,0.0,0.0
16.2,0.0,0.0,0.0
16.25,0.0,0.0,0.0
16.3,0.0,0.0,0.0
16.35,0.0,0.0,0.0
16.4,0.0,0.0,0.0
16.45,0.0,0.0,0.0
16.5,0.0,0.0,0.0
16.55,0.0,0.0,0.0
16.6,0.0,0.0,0.0
16.65,0.0,0.0,0.0
16.7,0.0,0.0,0.0
16.75,0.0,0.0,0.0
16.8,0.0,0.0,0.0
16.85,0.0,0.0,0.0
16.9,0.0,0.0,0.0
16.95,0.0,0.0,0.0
17.0,0.0,0.0,0.0
17.05,0.0,0.0,0.0
17.1,0.0,0.0,0.0
17.15,0.0,0.0,0.0
17.2,0.0,0.0,0.0
17.25,0.0,0.0,0.0
17.3,0.0,0.0,0.0
17.35,0.0,0.0,0.0
17.4,0.0,0.0,0.0
17.45,0.0,0.0,0.0
17.5,0.0,0.0,0.0
17.55,0.0,0.0,0.0
17.6,0.0,0.0,0.0
17.65,0.0,0.0,0.0
17.7,0.0,0.0,0.0
17.75,0.0,0.0,0.0
17.8,0.0,0.0,0.0
17.85,0.0,0.0,0.0
17.9,0.0,0.0,0.0
17.95,0.0,0.0,0.0
18.0,0.0,0.0,0.0
18.05,0.0,0.0,0.0
18.1,0.0,0.0,0.0
18.15,0.0,0.0,0.0
18.2,0.0,0.0,0.0
18.25,0.0,0.0,0.0
18.3,0.0,0.0,0.0
18.35,0.0,0.0,0.0
18.4,0.0,0.0,0.0
18.45,0.0,0.0,0.0
18.5,0.0,0.0,0.0
18.55,0.0,0.0,0.0
18.6,0.0,0.0,0.0
18.65,0.0,0.0,0.0
18.7,0.0,0.0,0.0
18.75,0.0,0.0,0.0
18.8,0.0,0.0,0.0
18.85,0.0,0.0,0.0
18.9,0.0,0.0,0.0
18.95,0.0,0.0,0.0
19.0,0.0,0.0,0.0
19.05,0.0,0.0,0.0
19.1,0.0,0.0,0.0
19.15,0.0,0.0,0.0
19.2,0.0,0.0,0.0
19.25,0.0,0.0,0.0
19.3,0.0,0.0,0.0
19.35,0.0,0.0,0.0
19.4,0.0,0.0,0.0
19.45,0.0,0.0,0.0
19.5,0.0,0.0,0.0
19.55,0.0,0.0,0.0
19.6,0.0,0.0,0.0
19.65,0.0,0.0,0.0
19.7,0.0,0.0,0.0
19.75,0.0,0.0,0.0
19.8,0.0,0.0,0.0
19.85,0.0,0.0,0.0
19.9,0.0,0.0,0.0
19.95,0.0,0.0,0.0
20.0,0.0,0.0,0.0
20.05,0.0,0.0,0.0
20.1,0.0,0.0,0.0
20.15,0.0,0.0,0.0
20.2,0.0,0.0,0.0
20.25,0.0,0.0,0.0
20.3,0.0,0.0,0.0
20.35,0.0,0.0,0.0
20.4,0.0,0.0,0.0
20.45,0.0,0.0,0.0
20.5,0.0,0.0,0.0
20.55,0.0,0.0,0.0
20.6,0.0,0.0,0.0
20.65,0.0,0.0,0.0
20.7,0.0,0.0,0.0
20.75,0.0,0.0,0.0
20.8,0.0,0.0,0.0
20.85,0.0,0.0,0.0
20.9,0.0,0.0,0.0
20.95,0.0,0.0,0.0
21.0,0.0,0.0,0.0
21.05,0.0,0.0,0.0
21.1,0.0,0.0,0.0
21.15,0.0,0.0,0.0
21.2,0.0,0.0,0.0
21.25,0.0,0.0,0.0
21.3,0.0,0.0,0.0
21.35,0.0,0.0,0.0
21.4,0.0,0.0,0.0
21.45,0.0,0.0,0.0
21.5,0.0,0.0,0.0
21.55,0.0,0.0,0.0
21.6,0.0,0.0,0.0
21.65,0.0,0.0,0.0
21.7,0.0,0.0,0.0
21.75,0.0,0.0,0.0
21.8,0.0,0.0,0.0
21.85,0.0,0.0,0.0
21.9,0.0,0.0,0.0
21.95,0.0,0.0,0.0
22.0,0.0,0.0,0.0
22.05,0.0,0.0,0.0
22.1,0.0,0.0,0.0
22.15,0.0,0.0,0.0
22.2,0.0,0.0,0.0
22.25,0.0,0.0,0.0
22.3,0.0,0.0,0.0
22.35,0.0,0.0,0.0
22.4,0.0,0.0,0.0
22.45,0.0,0.0,0.0
22.5,0.0,0.0,0.0
22.55,0.0,0.0,0.0
22.6,0.0,0.0,0.0
22.65,0.0,0.0,0.0
22.7,0.0,0.0,0.0
22.75,0.0,0.0,0.0
22.8,0.0,0.0,0.0
22.85,0.0,0.0,0.0
22.9,0.0,0.0,0.0
22.95,0.0,0.0,0.0
23.0,0.0,0.0,0.0
23.05,0.0,0.0,0.0
23.1,0.0,0.0,0.0
23.15,0.0,0.0,0.0
23.2,0.0,0.0,0.0
23.25,0.0,0.0,0.0
23.3,0.0,0.0,0.0
23.35,0.0,0.0,0.0
23.4,0.0,0.0,0.0
23.45,0.0,0.0,0.0
23.5,0.0,0.0,0.0
23.55,0.0,0.0,0.0
23.6,0.0,0.0,0.0
23.65,0.0,0.0,0.0
23.7,0.0,0.0,0.0
23.75,0.0,0.0,0.0
23.8,0.0,0.0,0.0
23.85,0.0,0.0,0.0
23.9,0.0,0.0,0.0
23.95,0.0,0.0,0.0
24.0,0.0,0.0,0.0
24.05,0.0,0.0,0.0
24.1,0.0,0.0,0.0
24.15,0.0,0.0,0.0
24.2,0.0,0.0,0.0
24.25,0.0,0.0,0.0
24.3,0.0,0.0,0.0
24.35,0.0,0.0,0.0
24.4,0.0,0.0,0.0
24.45,0.0,0.0,0.0
24.5,0.0,0.0,0.0
24.55,0.0,0.0,0.0
24.6,0.0,0.0,0.0
24.65,0.0,0.0,0.0
24.7,0.0,0.0,0.0
24.75,0.0,0.0,0.0
24.8,0.0,0.0,0.0
24.85,0.0,0.0,0.0
24.9,0.0,0.0,0.0
24.95,0.0,0.0,0.0
25.0,0.0,0.0,0.0
25.05,0.0,0.0,0.0
25.1,0.0,0.0,0.0
25.15,0.0,0.0,0.0
25.2,0.0,0.0,0.0
25.25,0.0,0.0,0.0
25.3,0.0,0.0,0.0
25.35,0.0,0.0,0.0
25.4,0.0,0.0,0.0
25.45,0.0,0.0,0.0
25.5,0.0,0.0,0.0
25.55,0.0,0.0,0.0
25.6,0.0,0.0,0.0
25.65,0.0,0.0,0.0
25.7,0.0,0.0,0.0
25.75,0.0,0.0,0.0
25.8,0.0,0.0,0.0
25.85,0.0,0.0,0.0
25.9,0.0,0.0,0.0
25.95,0.0,0.0,0.0
26.0,0.0,0.0,0.0
26.05,0.0,0.0,0.0
26.1,0.0,0.0,0.0
26.15,0.0,0.0,0.0
26.2,0.0,0.0,0.0
26.25,0.0,0.0,0.0
26.3,0.0,0.0,0.0
26.35,0.0,0.0,0.0
26.4,0.0,0.0,0.0
26.45,0.0,0.0,0.0
26.5,0.0,0.0,0.0
26.55,0.0,0.0,0.0
26.6,0.0,0.0,0.0
26.65,0.0,0.0,0.0
26.7,0.0,0.0,0.0
26.75,0.0,0.0,0.0
26.8,0.0,0.0,8.57039605928e-17
26.85,0.0,0.0,0.000115814534917
26.9,0.0,0.0,0.000436511939889
26.95,0.0,0.0,0.000797661192047
27.0,0.0,0.0,0.00107201470177
27.05,0.0,0.0,0.00127831064021
27.1,0.0,0.0,0.00143165732659
27.15,0.0,0.0,0.00165625811824
27.2,0.0,0.0,0.00182057261047
27.25,0.0,0.0,0.00193839242597
27.3,0.0,0.0,0.00202056300506
27.35,0.0,0.0,0.00218266056861
27.4,0.0,0.0,0.00240123969732
27.45,0.0,0.0,0.00255366388911
27.5,0.0,0.0,0.0026555240103
27.55,0.0,0.0,0.00271902398107
27.6,0.0,0.0,0.0027536271256
27.65,0.0,0.0,0.00276661910383
27.7,0.0,0.0,0.00276357879422
27.75,0.0,0.0,0.00274875856062
27.8,0.0,0.0,0.00272471841192
27.85,0.0,0.0,0.00278008258738
27.9,0.0,0.0,0.00279893415704
27.95,0.0,0.0,0.00279355873724
28.0,0.0,0.0,0.00277321836034
28.05,0.0,0.0,0.00274218560445
28.1,0.0,0.0,0.00270308508417
28.15,0.0,0.0,0.00265597515076
28.2,0.0,0.0,0.00260596155148
28.25,0.0,0.0,0.00255434077387
28.3,0.0,0.0,0.00250151370242
28.35,0.0,0.0,0.00244544498658
28.4,0.0,0.0,0.00238754038452
28.45,0.0,0.0,0.00240295247617
28.5,0.0,0.0,0.00239977317923
28.55,0.0,0.0,0.0023831101063
28.6,0.0,0.0,0.00235683444047
28.65,0.0,0.0,0.00232386711235
28.7,0.0,0.0,0.0022863940044
28.75,0.0,0.0,0.00224604805778
28.8,0.0,0.0,0.00220357704662
28.85,0.0,0.0,0.00215803614258
28.9,0.0,0.0,0.00211263869789
28.95,0.0,0.0,0.00206781440952
29.0,0.0,0.0,0.00202386691112
29.05,0.0,0.0,0.00198100541133
29.1,0.0,0.0,0.00193936735897
29.15,0.0,0.0,0.001899039133
29.2,0.0,0.0,0.00186006375232
29.25,0.0,0.0,0.00182245786411
29.3,0.0,0.0,0.00178621743211
29.35,0.0,0.0,0.00175132952048
29.4,0.0,0.0,0.0017173732562
29.45,0.0,0.0,0.00168273997645
29.5,0.0,0.0,0.00164953428048
29.55,0.0,0.0,0.00161768500165
29.6,0.0,0.0,0.00158712481995
29.65,0.0,0.0,0.00155779171133
29.7,0.0,0.0,0.00152962362169
29.75,0.0,0.0,0.00150256349328
29.8,0.0,0.0,0.00147655730114
29.85,0.0,0.0,0.00145155873987
29.9,0.0,0.0,0.00142751874513
29.95,0.0,0.0,0.0014043899903
30.0,0.0,0.0,0.00138212544642
30.05,0.0,0.0,0.00136068390115
30.1,0.0,0.0,0.00134002627859
30.15,0.0,0.0,0.00132011693766
30.2,0.0,0.0,0.00130091923668
30.25,0.0,0.0,0.00128239982795
30.3,0.0,0.0,0.00126452706484
30.35,0.0,0.0,0.00124727508456
30.4,0.0,0.0,0.00123061490264
30.45,0.0,0.0,0.00121451826508
30.5,0.0,0.0,0.00119895643414
30.55,0.0,0.0,0.00118390500478
30.6,0.0,0.0,0.00116934078733
30.65,0.0,0.0,0.00115524298287
30.7,0.0,0.0,0.00114158934709
30.75,0.0,0.0,0.00112835996447
30.8,0.0,0.0,0.00111553589618
30.85,0.0,0.0,0.00110310282192
30.9,0.0,0.0,0.00109104322496
30.95,0.0,0.0,0.0010793397849
31.0,0.0,0.0,0.00106797431431
31.05,0.0,0.0,0.00105693206294
31.1,0.0,0.0,0.00104619898764
31.15,0.0,0.0,0.001035762828
31.2,0.0,0.0,0.00102560969374
31.25,0.0,0.0,0.00101572745501
31.3,0.0,0.0,0.00100610455508
31.35,0.0,0.0,0.000996733318415
31.4,0.0,0.0,0.000987602927906
31.45,0.0,0.0,0.00097870247752
31.5,0.0,0.0,0.000970020015725
31.55,0.0,0.0,0.000961546461427
31.6,0.0,0.0,0.000953273153534
31.65,0.0,0.0,0.000945192844986
31.7,0.0,0.0,0.000937296604465
31.75,0.0,0.0,0.000929576912236
31.8,0.0,0.0,0.000922026591713
31.85,0.0,0.0,0.000914641855017
31.9,0.0,0.0,0.000907415883321
31.95,0.0,0.0,0.000900341617334
32.0,0.0,0.0,0.000893410880956
32.05,0.0,0.0,0.000886617990636
32.1,0.0,0.0,0.000879957517158
32.15,0.0,0.0,0.000873425211268
32.2,0.0,0.0,0.000867015150396
32.25,0.0,0.0,0.000860722599294
32.3,0.0,0.0,0.000854543032055
32.35,0.0,0.0,0.000848474963026
32.4,0.0,0.0,0.000842514007708
32.45,0.0,0.0,0.000836655462893
32.5,0.0,0.0,0.000830893493951
32.55,0.0,0.0,0.000825224492451
32.6,0.0,0.0,0.000819645006729
32.65,0.0,0.0,0.000814152608794
32.7,0.0,0.0,0.000808743240767
32.75,0.0,0.0,0.000803413880404
32.8,0.0,0.0,0.000798161635381
32.85,0.0,0.0,0.00079298639236
32.9,0.0,0.0,0.000787885277037
32.95,0.0,0.0,0.000782855059026
33.0,0.0,0.0,0.000777891392084
33.05,0.0,0.0,0.00077299195753
33.1,0.0,0.0,0.00076815453488
33.15,0.0,0.0,0.000763377817084
33.2,0.0,0.0,0.000758658926354
33.25,0.0,0.0,0.000753995912204
33.3,0.0,0.0,0.000749386906033
33.35,0.0,0.0,0.000744832611273
33.4,0.0,0.0,0.000740331107113
33.45,0.0,0.0,0.000735880102417
33.5,0.0,0.0,0.000731476221774
33.55,0.0,0.0,0.000727117960969
33.6,0.0,0.0,0.000722803878192
33.65,0.0,0.0,0.000718533362795
33.7,0.0,0.0,0.000714304299622
33.75,0.0,0.0,0.000710115419054
33.8,-1.59162537393e-14,-3.05179278961e-15,0.000705965503794
33.85,-0.00588469750767,-7.07502494719e-05,0.000701855736495
33.9,-0.0113834474112,-0.000142350223884,0.000709840561706
33.95,-0.0164954527443,-0.000215480507897,0.000728555786222
34.0,-0.0212288518023,-0.000290977282277,0.000756709017696
34.05,-0.0255917245324,-0.000370056911501,0.000793096138699
34.1,-0.0295961689684,-0.000452815238309,0.00083659549278
34.15,-0.0332561246643,-0.000540552798464,0.000886169306345
34.2,-0.0365857620075,-0.000633742851299,0.000940862593047
34.25,-0.0396025194005,-0.000732770349387,0.000999798536768
34.3,-0.0423212583267,-0.000838704410239,0.00106218096944
34.35,-0.0447609226126,-0.000951435247396,0.00112728864211
34.4,-0.0469367507475,-0.0010719417746,0.00119447067784
34.45,-0.0488671460436,-0.00120062651583,0.00126313754511
34.5,-0.0505676885781,-0.00133745483633,0.00133276442258
34.55,-0.0520550737921,-0.00148346382017,0.00140288364011
34.6,-0.0533447003368,-0.00163829942593,0.001473082156
34.65,-0.0544513631351,-0.00180263524965,0.00154299987333
34.7,-0.0553897297419,-0.00197678232763,0.00161231838948
34.75,-0.0561726771712,-0.00216023775237,0.00168076367295
34.8,-0.0553758226074,-0.00224042974878,0.00174809766504
34.85,-0.0540877616458,-0.00231928526216,0.00181153755517
34.9,-0.0528508624612,-0.00239649405757,0.00187041567424
34.95,-0.051662528456,-0.00247193588575,0.001924986679
35.0,-0.0505203324631,-0.00254562875774,0.0019754848517
35.05,-0.0494219468283,-0.00261741761963,0.00202213906318
35.1,-0.0483652151336,-0.00268727171012,0.00206516096403
35.15,-0.0473480844249,-0.00275517411331,0.00210475423105
35.2,-0.0463686174124,-0.0028211008846,0.00214110656653
35.25,-0.0454249851802,-0.00288502164146,0.0021743970466
35.3,-0.0445154608764,-0.00294690010595,0.00220479457216
35.35,-0.0436384136315,-0.00300683090488,0.00223246594803
35.4,-0.0427923152434,-0.00306471043673,0.00225756006089
35.45,-0.0419756946158,-0.00312067253125,0.0022802187614
35.5,-0.0411871854935,-0.00317464047234,0.00230056953203
35.55,-0.0404254827195,-0.00322666878641,0.00231873917662
35.6,-0.0396893507077,-0.00327680580928,0.00233484756859
35.65,-0.0389776194447,-0.00332509417102,0.00234901057069
35.7,-0.038289180913,-0.00337157122881,0.0023613328455
35.75,-0.0376229851978,-0.00341626955574,0.00237191576234
35.8,-0.0369780373584,-0.00345921732909,0.00238085521346
35.85,-0.0363535759898,-0.00350043872588,0.00238824992052
35.9,-0.0357485171545,-0.00354006732749,0.00239418556219
35.95,-0.0351620205498,-0.00357807003484,0.00239874075128
36.0,-0.0345932729487,-0.00361451752589,0.00240198758827
36.05,-0.0340415174854,-0.00364945770636,0.00240399820999
36.1,-0.0335060203202,-0.00368296087565,0.00240484254114
36.15,-0.0329860983776,-0.0037150056032,0.00240458796207
36.2,-0.0324810963102,-0.003745723082,0.00240329395742
36.25,-0.0319903839617,-0.00377513369021,0.00240102013222
36.3,-0.0315133747621,-0.00380325363519,0.00239782168758
36.35,-0.0310495049294,-0.00383014594191,0.00239375960738
36.4,-0.0305982383664,-0.00385585590152,0.00238888363202
36.45,-0.0301590648479,-0.00388042608553,0.00238323946439
36.5,-0.0297314985669,-0.0039038994252,0.00237686656954
36.55,-0.0293150765914,-0.00392631570939,0.00236980788357
36.6,-0.0289093580266,-0.00394771175811,0.00236210415702
36.65,-0.0285139228771,-0.00396812164103,0.00235379659539
36.7,-0.0281283711206,-0.00398757685382,0.00234491934535
36.75,-0.02775232139,-0.00400610655996,0.00233550725583
36.8,-0.0273854101716,-0.00402377524524,0.00232559340784
36.85,-0.0270274287137,-0.0040406330001,0.00231521666673
36.9,-0.0266779026575,-0.00405665211515,0.00230440687043
36.95,-0.0263365173797,-0.00407185336908,0.0022931903509
37.0,-0.0260029726357,-0.00408638304045,0.00228158838161
37.05,-0.0256769828093,-0.0041001485626,0.00226962633561
37.1,-0.0253582713489,-0.00411320681318,0.00225732871981
37.15,-0.025046578772,-0.0041256409289,0.00224472073495
37.2,-0.0247416521387,-0.0041373651312,0.00223182212294
37.25,-0.0244432552327,-0.00414855783861,0.0022186533802
37.3,-0.0241511566063,-0.00415906870512,0.00220523457881
37.35,-0.0238651407565,-0.0041690976977,0.00219159151681
37.4,-0.0235849965481,-0.00417850135763,0.00217774173861
37.45,-0.0233105272173,-0.00418743341295,0.00216370002157
37.5,-0.0230415398701,-0.00419582312367,0.00214947739024
37.55,-0.0227778537111,-0.00420371580555,0.00213508890778
37.6,-0.022519292578,-0.00421117395121,0.00212054921258
37.65,-0.0222656901828,-0.0042181294316,0.00210587422011
37.7,-0.0220168868753,-0.0042246760913,0.00209107464522
37.75,-0.0217727278362,-0.00423081237732,0.0020761630477
37.8,-0.0215330672256,-0.00423650700935,0.00206115109181
37.85,-0.0246592337734,-0.00447708251599,0.00204605677572
37.9,-0.0275281420779,-0.00472590392815,0.00203442363656
37.95,-0.0301437904121,-0.00498216857848,0.00202586119618
38.0,-0.0325150226785,-0.00524586288106,0.00201999894179
38.05,-0.0346503513296,-0.00551831406757,0.00201649773289
38.1,-0.0365602622075,-0.00579736160787,0.0020150447413
38.15,-0.0382559928343,-0.00608467840623,0.00201535373266
38.2,-0.0397485945976,-0.00637944580694,0.00201715988066
38.25,-0.0410506336385,-0.00668054888074,0.00202022576642
38.3,-0.0421729150526,-0.00698908249032,0.00202433744499
38.35,-0.0431281980352,-0.00730253724178,0.0020293120323
38.4,-0.0439268273726,-0.00762187942451,0.00203498214719
38.45,-0.0445805053422,-0.00794640462011,0.00204120405688
38.5,-0.0450989625669,-0.00827421773141,0.00204785351771
38.55,-0.0454920895024,-0.00860646757871,0.00205483472054
38.6,-0.0457684000165,-0.00894083373556,0.00206208120216
38.65,-0.0459354931275,-0.0092776539311,0.00206955325661
38.7,-0.0459999575701,-0.00961673938118,0.00207724194968
38.75,-0.0459663606573,-0.0099557944112,0.00208517590846
38.8,-0.0450413244726,-0.0100386348341,0.00209342914828
38.85,-0.0438398957119,-0.0101143670354,0.00210128539631
38.9,-0.042657783524,-0.0101844441054,0.00210881545461
38.95,-0.0414838744023,-0.0102495369384,0.00211639585563
39.0,-0.0403047591985,-0.0103102436362,0.00212447936333
39.05,-0.0391035741413,-0.0103667547401,0.00213364349106
39.1,-0.0378579570772,-0.0104188585537,0.00214465605719
39.15,-0.0365367368986,-0.010465607993,0.00215859190085
39.2,-0.0350936854259,-0.0105040621783,0.00217704184417
39.25,-0.033455585903,-0.0105273966672,0.00220253189924
39.3,-0.0314970689127,-0.0105186513323,0.00223939056777
39.35,-0.02898298115,-0.0104323360544,0.00229574824957
39.4,-0.025420539378,-0.0101284169123,0.00238863237604
39.45,-0.0196371703516,-0.00908498630963,0.00255856799954
39.5,-0.00858443825969,-0.00497616158833,0.0029109398389
39.55,0.0132149890239,0.00980857728332,0.00363527284438
39.6,0.0378374764295,0.0311247637814,0.00445820712918
39.65,0.049413703571,0.0417137197076,0.00483102304905
39.7,0.0523983352097,0.0447829128876,0.00490718479038
39.75,0.0523787168194,0.0451965695125,0.00487968524034
39.8,0.0512024864495,0.0445630556776,0.00481236603054
39.85,0.0493176771203,0.0432630238874,0.00472069937104
39.9,0.0467982663401,0.0413453184248,0.00460721900868
39.95,0.0436396301391,0.0387867201174,0.00447172500048
40.0,0.0398442824556,0.0355704155041,0.00431425805246
40.05,0.0354486213123,0.0317135098203,0.00413604708079
40.1,0.030528778508,0.027278421343,0.00393970406309
40.15,0.025196387148,0.0223773808432,0.00372908435331
40.2,0.0195881702034,0.0171734919084,0.00350891516458
40.25,0.0138521238151,0.0118779965903,0.00328432993047
40.3,0.00813531914306,0.00674167780723,0.00306044016531
40.35,0.00258240602491,0.00203888892959,0.00284229275844
40.4,-0.00265904739018,-0.00197025376028,0.00263503422146
40.45,-0.00749442442578,-0.00513773574246,0.00244197408983
40.5,-0.0119859821836,-0.0074928571624,0.00226095364229
40.55,-0.0163171854764,-0.00913422969753,0.00208558651031
40.6,-0.0206615587099,-0.010111673613,0.00190982055224
40.65,-0.0250708112066,-0.0104337662456,0.00173184888164
40.7,-0.0294050591794,-0.0101709397819,0.00155655344324
40.75,-0.033374362427,-0.00952836979922,0.0013940756066
40.8,-0.0367196492162,-0.00876397480246,0.00125349701399
40.85,-0.0393486576076,-0.0080541722766,0.0011380890034
40.9,-0.041308473555,-0.00746745887277,0.0010462310931
40.95,-0.0427020812166,-0.00700980411211,0.000974346596301
41.0,-0.0436360914871,-0.00666483272272,0.000918723498066
41.05,-0.0442028422258,-0.00641186670373,0.000876145614184
41.1,-0.0444780016076,-0.006232522826,0.000843975233099
41.15,-0.0445224461409,-0.00611137084358,0.000820089533638
41.2,-0.0443849628321,-0.00603657654465,0.000802784291125
41.25,-0.0441046193229,-0.0059986104046,0.000790694382063
41.3,-0.0437126963842,-0.00599010184491,0.00078272574887
41.35,-0.0432343045553,-0.0060052020934,0.000778001818675
41.4,-0.0426896275862,-0.00603935758443,0.00077581491109
41.45,-0.0420949021705,-0.00608874576824,0.000775594502385
41.5,-0.0414632192109,-0.00615030509076,0.000776878546385
41.55,-0.0408051360609,-0.0062217911981,0.000779295251761
41.6,-0.0401291454326,-0.00630088532365,0.000782544905756
41.65,-0.0394421089818,-0.00638598305642,0.000786385603264
41.7,-0.0387495492589,-0.00647576724001,0.000790620559783
41.75,-0.0380559213046,-0.00656894429026,0.000795091156395
41.8,-0.037364754471,-0.00666451445137,0.000799671184676
41.85,-0.0366790608324,-0.00676163653647,0.000804261662807
41.9,-0.0360008870481,-0.00685959730057,0.000808781566642
41.95,-0.0353319907599,-0.00695779808253,0.000813166192904
42.0,-0.0346737140971,-0.00705573879317,0.0008173641107
42.05,-0.0340271187097,-0.00715295307308,0.000821335672065
42.1,-0.0333929802087,-0.00724907511014,0.000825051305944
42.15,-0.0327718576598,-0.00734379854169,0.000828489968642
42.2,-0.0321641330546,-0.00743686743132,0.000831635098974
42.25,-0.0315700436312,-0.00752812040616,0.000834476144147
42.3,-0.030989725975,-0.00761736332864,0.000837006122666
42.35,-0.0304231839038,-0.0077044441395,0.00083922558405
42.4,-0.0298703630185,-0.00778924970108,0.000841134219285
42.45,-0.0293311461852,-0.00787168323864,0.00084273344534
42.5,-0.0288053660065,-0.00795170931009,0.000844025122547
42.55,-0.0282928294408,-0.00802939791257,0.000845014060848
42.6,-0.0277932794803,-0.00810454654657,0.000845707375303
42.65,-0.0273064526418,-0.0081772307702,0.00084611335109
42.7,-0.026832078676,-0.00824751352753,0.000846238727489
42.75,-0.0263698449909,-0.00831526143,0.000846092695059
42.8,-0.0259194566852,-0.00838070709706,0.000845683847412
42.85,-0.0254807115343,-0.0084436896542,0.000845024878328
42.9,-0.0250531687698,-0.00850437345851,0.000844124794011
42.95,-0.0246364942558,-0.00856279199735,0.000842993019105
43.0,-0.0242303753188,-0.00861889773944,0.000841636893229
43.05,-0.0238344896621,-0.0086728902561,0.000840066159935
43.1,-0.0234485061749,-0.0087247882239,0.000838290912758
43.15,-0.0230721162228,-0.00877459432711,0.000836321373001
43.2,-0.0227050055662,-0.00882238953121,0.000834166193749
43.25,-0.0223468639739,-0.00886825323928,0.000831834821588
43.3,-0.021997385799,-0.00891230653094,0.000829336571692
43.35,-0.0216562626701,-0.00895459579262,0.000826683657385
43.4,-0.0213232071276,-0.00899517494798,0.000823884630464
43.45,-0.0209979296132,-0.00903410376433,0.000820947646854
43.5,-0.0206801464212,-0.00907145363825,0.000817879375867
43.55,-0.0203695796223,-0.00910729415256,0.000814688291612
43.6,-0.0200659572479,-0.00914169308703,0.00081138268398
43.65,-0.019769013322,-0.00917471648051,0.000807971524301
43.7,-0.0194784878914,-0.00920644638823,0.00080446185191
43.75,-0.0191941317909,-0.00923698048766,0.000800861222437
43.8,-0.0189156908564,-0.00926633832421,0.000797177399447
43.85,-0.01864301566,-0.00929457875354,0.00079342041364
43.9,-0.0183757724404,-0.0093217623928,0.000789597314589
43.95,-0.0181137296084,-0.00934795540374,0.000785714477556
44.0,-0.0178566604345,-0.00937321984159,0.000781776882998
44.05,-0.0176043466928,-0.00939769700247,0.000777791131597
44.1,-0.0173565654253,-0.00942133994437,0.000773764020024
44.15,-0.0171131027016,-0.0094442010497,0.000769702869823
44.2,-0.0168737479254,-0.00946633247772,0.000765613242968
44.25,-0.0166382933854,-0.00948793009092,0.000761501457719
44.3,-0.0164065349039,-0.00950890132398,0.000757373727994
44.35,-0.0161782645729,-0.00952929824736,0.000753238948152
44.4,-0.0159532783299,-0.00954922823346,0.000749103199162
44.45,-0.0157313741261,-0.00956877860331,0.000744972059891
44.5,-0.015512341396,-0.00958790783321,0.000740850263774
44.55,-0.0152959704364,-0.0096066687918,0.000736744342194
44.6,-0.0150820467762,-0.00962524402495,0.000732661023232
44.65,-0.0148703511998,-0.00964356914472,0.000728608013428
44.7,-0.0146606507721,-0.00966168662004,0.000724591967614
44.75,-0.0144527041986,-0.00967969108178,0.000720620662297
44.8,-0.0142462580785,-0.00969769114832,0.000716702340176
44.85,-0.0140411045484,-0.00971565677726,0.00071284855419
44.9,-0.0138368732356,-0.00973366644981,0.000709069064708
44.95,-0.0136332373061,-0.00975177954703,0.000705374283272
45.0,-0.0134298333413,-0.00977013244231,0.000701774872489
45.05,-0.0132262542614,-0.00978872471704,0.000698284831497
45.1,-0.0130220296463,-0.00980762409452,0.00069492050972
45.15,-0.0128166182346,-0.00982690899304,0.000691701629236
45.2,-0.0126093841374,-0.00984665836081,0.000688649924734
45.25,-0.0123995689225,-0.00986694889774,0.000685792417723
45.3,-0.0121862536498,-0.00988785013587,0.000683162065652
45.35,-0.0119683061066,-0.00990941593213,0.000680801987623
45.4,-0.0117443061028,-0.00993178167042,0.00067876351958
45.45,-0.0115124322866,-0.00995487729333,0.000677112404958
45.5,-0.0112703130781,-0.0099786862059,0.000675933629031
45.55,-0.0110147627295,-0.0100029870146,0.000675343860258
45.6,-0.0107414014614,-0.0100273756179,0.000675503836355
45.65,-0.0104440048067,-0.0100508689595,0.000676643095483
45.7,-0.010113389972,-0.0100715283703,0.000679098888436
45.75,-0.00973538147517,-0.0100851704403,0.00068339341399
45.8,-0.00928688125648,-0.0100825435692,0.000690378092817
45.85,-0.00872766802463,-0.0100418027059,0.000701540112716
45.9,-0.00798133420588,-0.00990498895765,0.000719696109733
45.95,-0.00688729868097,-0.00949518782391,0.0007507703592
46.0,-0.00506745867002,-0.00816387164493,0.000808714326989
46.05,-0.00159496183454,-0.00322214651338,0.000927742796546
46.1,0.00474308813968,0.0119348581842,0.00115269111791
46.15,0.011141160991,0.0305129446483,0.00138016752212
46.2,0.014134667127,0.03965205926,0.00148223361129
46.25,0.0149587638176,0.0424831362459,0.00150433498641
46.3,0.0149328499028,0.0428149007306,0.0014951222931
46.35,0.0145297050784,0.0420092071546,0.00147203773463
46.4,0.0138803621926,0.0404327835294,0.00143990771102
46.45,0.013016564864,0.0381599861829,0.00139989163972
46.5,0.0119484493696,0.0352010632736,0.00135234884256
46.55,0.0106888892272,0.0315769395171,0.00129774438865
46.6,0.00926065948236,0.0273458913017,0.00123691144093
46.65,0.00769708022585,0.0226136729471,0.00117107730092
46.7,0.00603958309903,0.0175371041671,0.0011017701444
46.75,0.0043336951905,0.0123230477807,0.00103067471098
46.8,0.00262499757228,0.00722177689974,0.000959481138482
46.85,0.00095762283354,0.0025115887256,0.000889831915931
46.9,-0.000623771454148,-0.00153471097806,0.000823389476993
46.95,-0.00208691916786,-0.00474244804117,0.000761357361116
47.0,-0.00344553354971,-0.0071190515104,0.000703229069093
47.05,-0.00475448223569,-0.00875921951378,0.000646966486144
47.1,-0.00606934316969,-0.00971459325344,0.000590500945713
47.15,-0.00740948587993,-0.00999434107747,0.000533110087627
47.2,-0.00873432043088,-0.00967400619719,0.00047630527201
47.25,-0.00995570384196,-0.00897209560327,0.000423376137082
47.3,-0.0109956027062,-0.00815670070486,0.000377241410968
47.35,-0.0118273777035,-0.00740404948843,0.000338906928383
47.4,-0.0124657390509,-0.00677773090769,0.000307833619408
47.45,-0.0129408187997,-0.00628015322511,0.000282904629597
47.5,-0.0132832591857,-0.00589312011235,0.000262981495566
47.55,-0.0135194889827,-0.00559494443701,0.000247081959371
47.6,-0.0136710965175,-0.00536697705111,0.000234403036887
47.65,-0.0137554216377,-0.00519387992209,0.000224299537807
47.7,-0.0137863707054,-0.0050637929114,0.000216253176403
47.75,-0.0137750448462,-0.00496755133486,0.000209850096832
47.8,-0.0137302954931,-0.00489791813294,0.000204760026617
47.85,-0.0136592840198,-0.00484943901412,0.000200718713975
47.9,-0.0135676083456,-0.00481793359636,0.000197514197786
47.95,-0.0134598101015,-0.00479983135384,0.000194976279338
48.0,-0.013339533953,-0.00479262689218,0.000192967854564
48.05,-0.013209706023,-0.00479407944896,0.000191379058858
48.1,-0.0130726776476,-0.00480252363761,0.000190121443543
48.15,-0.012930338406,-0.00481667378956,0.000189123977189
48.2,-0.0127842092647,-0.00483521403057,0.000188328968896
48.25,-0.0126355133864,-0.00485749746058,0.000187690048047
48.3,-0.0124852309022,-0.00488255102075,0.00018716992101
48.35,-0.01233415046,-0.0049099065795,0.000186739074394
48.4,-0.0121829054048,-0.00493908062729,0.000186373139884
48.45,-0.0120319982582,-0.00496957919356,0.000186052534025
48.5,-0.0118818310095,-0.00500108138028,0.000185761141149
48.55,-0.0117327222125,-0.00503334337268,0.000185486420995
48.6,-0.0115849247662,-0.00506619814922,0.000185218296452
48.65,-0.0114386321289,-0.00509936143441,0.000184949123194
48.7,-0.0112939957017,-0.00513267740297,0.000184672440449
48.75,-0.0111511306637,-0.0051660156694,0.000184383351567
48.8,-0.0110101227955,-0.00519926701096,0.000184078069292
48.85,-0.0108710883568,-0.00523244760579,0.000183754323338
48.9,-0.0107340156336,-0.00526540195724,0.000183409869913
48.95,-0.010598929454,-0.00529804378998,0.000183043084079
49.0,-0.0104658441758,-0.00533031914309,0.000182652447651
49.05,-0.0103347639589,-0.00536218666805,0.000182237273061
49.1,-0.0102056866206,-0.0053937643086,0.000181797117275
49.15,-0.0100785990954,-0.00542486782701,0.0001813321497
49.2,-0.00995348559892,-0.00545546909418,0.000180842257053
49.25,-0.00983032623012,-0.00548556689534,0.000180327683644
49.3,-0.00970909948136,-0.00551529534421,0.000179788740093
49.35,-0.00958977739231,-0.00554446883324,0.000179226588181
49.4,-0.00947233247338,-0.00557307115827,0.000178641739504
49.45,-0.00935673583429,-0.00560127885637,0.00017803465588
49.5,-0.00924295848687,-0.0056289467348,0.000177405524945
49.55,-0.00913096809398,-0.00565601593711,0.000176755097519
49.6,-0.00902073366075,-0.00568269528163,0.000176084079013
49.65,-0.008912224707,-0.0057088039165,0.00017539334922
49.7,-0.0088054084209,-0.00573434537978,0.000174683504251
49.75,-0.00870025486466,-0.00575949554713,0.000173955226218
49.8,-0.00859673105587,-0.00578402275311,0.000173209319356
49.85,-0.00849484888018,-0.00580813672714,0.000172447078539
49.9,-0.0083945351017,-0.0058317066443,0.000171669156516
49.95,-0.00829575848357,-0.00585477401609,0.000170876165762
50.0,-0.00819849055984,-0.00587740410087,0.00017006834691
50.05,-0.00810270082551,-0.00589947531854,0.000169246437537
50.1,-0.00800836195487,-0.00592116527339,0.000168411058575
50.15,-0.00791544444,-0.00594227088794,0.000167563099841
50.2,-0.00782392208206,-0.00596302873188,0.000166702967248
50.25,-0.00773376648349,-0.00598320748905,0.000165831338343
50.3,-0.00764495250848,-0.00600304098876,0.000164948770332
50.35,-0.00755745296931,-0.00602233009757,0.000164056453548
50.4,-0.0074712437248,-0.00604124623212,0.000163154878487
50.45,-0.00738629887306,-0.0060596811595,0.000162244509565
50.5,-0.00730259516676,-0.00607768595722,0.00016132545716
50.55,-0.00722010802344,-0.00609530038506,0.000160398281052
50.6,-0.0071388149915,-0.00611239890605,0.000159463463507
50.65,-0.00705869284776,-0.00612922472491,0.000158521691293
50.7,-0.00697971984715,-0.00614552226873,0.000157573255865
50.75,-0.00690187461362,-0.00616148758131,0.00015661861139
50.8,-0.00682513506527,-0.0061770472868,0.00015565824368
50.85,-0.00674951498188,-0.00619212167873,0.000154693078429
50.9,-0.0066749591057,-0.00620697096277,0.000153723521223
50.95,-0.00660144797108,-0.00622135085665,0.000152749840147
51.0,-0.00652896248991,-0.00623533685377,0.000151772051828
51.05,-0.00645748322973,-0.00624905469027,0.000150790561126
51.1,-0.00638699212507,-0.00626232683079,0.000149805723944
51.15,-0.00631747133978,-0.00627523308395,0.000148818050994
51.2,-0.00624890272032,-0.0062878785049,0.000147827747193
51.25,-0.00618126938923,-0.00630010551093,0.000146835134005
51.3,-0.00611455466768,-0.00631194734762,0.000145840528943
51.35,-0.00604874169161,-0.00632358369243,0.000144844745398
51.4,-0.00598381457944,-0.00633482677006,0.000143848041576
51.45,-0.00591975773443,-0.00634568615779,0.000142850581634
51.5,-0.00585655589048,-0.00635630772996,0.000141852295574
51.55,-0.00579419337533,-0.0063666331363,0.000140853479983
51.6,-0.00573265587464,-0.00637659742486,0.00013985438207
51.65,-0.00567192909735,-0.00638620922479,0.00013885540064
51.7,-0.00561199905589,-0.00639563508896,0.000137856625452
51.75,-0.00555285135048,-0.0064047432948,0.00013685831724
51.8,-0.00549447294326,-0.0064135191433,0.000135860686916
51.85,-0.00543687790353,-0.00642197041316,0.000134864402659
51.9,-0.00538002558639,-0.00643021842619,0.000133869641682
51.95,-0.00532390289843,-0.00643820190798,0.000132876512803
52.0,-0.00526849781825,-0.00644587892982,0.000131884877245
52.05,-0.00521379833712,-0.00645325651023,0.000130894922109
52.1,-0.00515979269488,-0.00646034239003,0.000129906827816
52.15,-0.00510646909492,-0.00646728332357,0.000128920917647
52.2,-0.00505381627908,-0.00647394099725,0.000127937217553
52.25,-0.00500182321665,-0.00648032175655,0.00012695588832
52.3,-0.00495047910268,-0.00648643177576,0.000125977084776
52.35,-0.00489977335278,-0.00649227706306,0.000125001374468
52.4,-0.00484969560199,-0.00649793621529,0.000124028868688
52.45,-0.0048002353412,-0.00650339150875,0.000123059612763
52.5,-0.00475138276838,-0.00650860368825,0.000122093433869
52.55,-0.00470312813161,-0.00651357033047,0.000121130459586
52.6,-0.00465546188975,-0.00651829673553,0.000120170811897
52.65,-0.00460837469307,-0.00652278806394,0.000119214735904
52.7,-0.00456185738003,-0.00652706353319,0.00011826221364
52.75,-0.00451590077459,-0.00653119789678,0.000117313360619
52.8,-0.00447049611325,-0.00653510882084,0.000116368278672
52.85,-0.00442565689828,-0.00653880099456,0.000115427452763
52.9,-0.00438135206829,-0.00654227906418,0.000114490948658
52.95,-0.00433757335826,-0.00654554747031,0.000113558757851
53.0,-0.00429431266448,-0.00654861441925,0.000112630689878
53.05,-0.0042515620331,-0.00655148706865,0.000111706827466
53.1,-0.00420931366087,-0.00655416277844,0.000110787249774
53.15,-0.00416755990762,-0.00655671218523,0.000109872149827
53.2,-0.00412629306223,-0.00655907679477,0.000108961487674
53.25,-0.00408550589621,-0.00656125356078,0.000108055326736
53.3,-0.00404519121226,-0.00656324623741,0.000107153731465
53.35,-0.00400534195116,-0.00656505848532,0.000106257118843
53.4,-0.00396595119146,-0.00656669386751,0.000105365519051
53.45,-0.00392701214335,-0.00656815585943,0.000104478896142
53.5,-0.00388851814534,-0.00656944785271,0.000103597047608
53.55,-0.00385046266013,-0.00657057316077,0.000102720022875
53.6,-0.00381283927388,-0.00657153501618,0.000101847868589
53.65,-0.00377564169346,-0.006572336573,0.000100980737111
53.7,-0.00373886374455,-0.00657298090696,0.000100118559249
53.75,-0.0037024993675,-0.00657349434366,9.92613738069e-05
53.8,-0.00366654252525,-0.00657387304327,9.84092207188e-05
53.85,-0.00363100556723,-0.00657410113056,9.75624589967e-05
53.9,-0.00359586423165,-0.0065741814949,9.67210952391e-05
53.95,-0.00356111291051,-0.00657411688715,9.58850748596e-05
54.0,-0.00352674609807,-0.00657392065576,9.50541910681e-05
54.05,-0.00349275837305,-0.00657358515028,9.42284694946e-05
54.1,-0.00345914442732,-0.0065731126065,9.34079331435e-05
54.15,-0.0034258990496,-0.00657250553263,9.25927024338e-05
54.2,-0.00339301712355,-0.00657176637732,9.178269508e-05
54.25,-0.00336049362438,-0.00657089753519,9.09779283369e-05
54.3,-0.00332832361756,-0.00656990134633,9.01784176587e-05
54.35,-0.00329650225691,-0.0065687800979,8.93844760204e-05
54.4,-0.00326502478457,-0.00656753601982,8.85960916001e-05
54.45,-0.00323388652703,-0.00656617129245,8.78131979657e-05
54.5,-0.003203082893,-0.00656468869682,8.7035589787e-05
54.55,-0.00317260937,-0.00656309971979,8.62632745606e-05
54.6,-0.00314246151331,-0.00656139640316,8.54962587615e-05
54.65,-0.00311263496864,-0.00655958074522,8.47346378892e-05
54.7,-0.00308312545819,-0.00655765469901,8.3978322276e-05
54.75,-0.00305392877793,-0.00655562017702,8.32273137348e-05
54.8,-0.00302504079663,-0.00655347905053,8.24816127782e-05
54.85,-0.00299647242925,-0.00655123315081,8.17414923373e-05
54.9,-0.00296820439732,-0.00654888432223,8.10069292218e-05
54.95,-0.00294023278614,-0.00654643431277,8.0277849917e-05
55.0,-0.00291255374728,-0.00654388483494,7.95540543119e-05
55.05,-0.00288516349652,-0.00654123756917,7.88355371971e-05
55.1,-0.00285805831362,-0.00653849416099,7.81222923047e-05
55.15,-0.00283123454102,-0.00653565622196,7.74143954604e-05
55.2,-0.002804688583,-0.00653272532899,7.671175358e-05
55.25,-0.00277841690344,-0.00652970302846,7.60143574575e-05
55.3,-0.0027524160251,-0.00652659083541,7.53221969687e-05
55.35,-0.0027266825284,-0.00652339023438,7.46355109883e-05
55.4,-0.00270121305156,-0.00652010267548,7.39542675287e-05
55.45,-0.00267600428796,-0.00651672958027,7.32783896041e-05
55.5,-0.00265105298476,-0.00651327960427,7.26076849655e-05
55.55,-0.00262635593382,-0.00650975051172,7.19421398575e-05
55.6,-0.00260190998306,-0.00650614002883,7.12817396254e-05
55.65,-0.00257771203515,-0.0065024494729,7.06265445792e-05
55.7,-0.00255375904313,-0.00649868013445,6.99764611302e-05
55.75,-0.0025300480085,-0.00649483328087,6.93314724462e-05
55.8,-0.00250657598076,-0.00649091015546,6.86915610655e-05
55.85,-0.00248335246698,-0.00648691197814,6.80569367808e-05
55.9,-0.00246036194605,-0.00648283998923,6.74275630047e-05
55.95,-0.00243760161103,-0.00647869535837,6.68033618201e-05
56.0,-0.00241506869878,-0.00647448885931,6.61841504613e-05
56.05,-0.00239276044851,-0.00647024383309,6.55699104659e-05
56.1,-0.00237067418395,-0.00646593332826,6.49606211662e-05
56.15,-0.00234880726653,-0.00646155587444,6.43563306787e-05
56.2,-0.00232715710123,-0.00645711252632,6.37569469412e-05
56.25,-0.00230572113269,-0.00645260432111,6.31624480139e-05
56.3,-0.00228449684475,-0.00644803227763,6.25728115453e-05
56.35,-0.00226348175972,-0.00644339739682,6.1988222331e-05
56.4,-0.00224267343849,-0.00643870065823,6.1408640409e-05
56.45,-0.00222206947884,-0.00643394302466,6.08339888051e-05
56.5,-0.00220166751451,-0.00642912544337,6.02640952429e-05
56.55,-0.00218146521418,-0.00642424884819,5.96989357468e-05
56.6,-0.00216146028137,-0.00641931415714,5.91384860322e-05
56.65,-0.00214165045384,-0.00641432227277,5.85827844192e-05
56.7,-0.00212203350317,-0.00640927408136,5.80317418366e-05
56.75,-0.00210260723359,-0.0064041704557,5.74853331858e-05
56.8,-0.00208336948163,-0.00639901225419,5.69435331194e-05
56.85,-0.00206432843203,-0.00639380884631,5.64065049081e-05
56.9,-0.00204547141564,-0.00638859318928,5.58742095946e-05
56.95,-0.0020267963741,-0.00638332645368,5.53465721228e-05
57.0,-0.00200830127178,-0.00637801330685,5.4823431156e-05
57.05,-0.00198998409882,-0.00637265744385,5.43047605376e-05
57.1,-0.00197184287204,-0.00636725286758,5.37905340256e-05
57.15,-0.0019538756419,-0.00636180033279,5.32807822014e-05
57.2,-0.00193608048678,-0.00635630058142,5.27754198813e-05
57.25,-0.00191845551206,-0.00635075434503,5.22744201743e-05
57.3,-0.00190099884981,-0.00634516234402,5.17777560627e-05
57.35,-0.00188370865831,-0.00633952528779,5.12855721199e-05
57.4,-0.00186658312222,-0.0063338438718,5.07978270948e-05
57.45,-0.00184962045137,-0.00632811878131,5.03144493342e-05
57.5,-0.00183281888026,-0.00632235511171,4.98352885979e-05
57.55,-0.00181617662347,-0.00631660743667,4.93603193386e-05
57.6,-0.00179969196425,-0.00631082454587,4.8889514091e-05
57.65,-0.00178336320568,-0.00630500148522,4.84228974691e-05
57.7,-0.00176718867809,-0.00629913888333,4.79603887861e-05
57.75,-0.00175116673428,-0.00629323736075,4.75019604192e-05
57.8,-0.0017352957493,-0.00628729752918,4.70475847083e-05
57.85,-0.00171958271375,-0.00628131999166,4.65973899742e-05
57.9,-0.00170401728306,-0.00627530537219,4.61513359829e-05
57.95,-0.00168859789994,-0.00626925425359,4.57093547095e-05
58.0,-0.00167332302758,-0.00626316721131,4.52713068204e-05
58.05,-0.00165819114916,-0.00625704481497,4.48371646981e-05
58.1,-0.00164320076781,-0.00625092904151,4.4406900728e-05
58.15,-0.00162835034003,-0.00624480217918,4.3980537284e-05
58.2,-0.00161363843578,-0.00623864235325,4.35579973977e-05
58.25,-0.00159906361717,-0.00623245009491,4.31392534742e-05
58.3,-0.00158462446491,-0.00622622592828,4.27242779457e-05
58.35,-0.00157031957802,-0.00621997037054,4.23131849446e-05
58.4,-0.00155614757392,-0.00621368392941,4.19059353704e-05
58.45,-0.00154210708769,-0.00620736710616,4.15024651744e-05
58.5,-0.00152819677166,-0.0062010210245,4.11026456284e-05
58.55,-0.00151441529459,-0.00619465528042,4.07064495169e-05
58.6,-0.00150076133681,-0.00618827177986,4.03138498988e-05
58.65,-0.00148723355573,-0.00618191726101,3.99248644109e-05
58.7,-0.00147383067806,-0.00617553545441,3.9539421894e-05
58.75,-0.00146055143983,-0.00616912681886,3.91574953278e-05
58.8,-0.00144739459282,-0.00616269180744,3.87790577649e-05
58.85,-0.00143436607251,-0.00615623086758,3.84042109148e-05
58.9,-0.00142145735328,-0.00614974446555,3.80329176048e-05
58.95,-0.001408667235,-0.00614323303501,3.76651178957e-05
59.0,-0.00139599453206,-0.00613669700489,3.73006932015e-05
59.05,-0.00138343807305,-0.00613013831302,3.69396170996e-05
59.1,-0.00137099669999,-0.00612358397778,3.6581863293e-05
59.15,-0.00135866921802,-0.00611705838491,3.62274466126e-05
59.2,-0.00134645450956,-0.00611051046385,3.58763007e-05
59.25,-0.00133435145996,-0.00610394061319,3.5528399482e-05
59.3,-0.00132235896786,-0.00609734922682,3.51837169902e-05
59.35,-0.00131047594502,-0.00609073669394,3.48423440181e-05
59.4,-0.00129870131635,-0.00608410339704,3.45042452348e-05
59.45,-0.0012870340194,-0.00607744971431,3.41693648496e-05
59.5,-0.00127547300414,-0.00607077602003,3.38375939093e-05
59.55,-0.0012640172326,-0.00606408268575,3.35089071086e-05
59.6,-0.00125266567895,-0.00605742818819,3.31832792594e-05
59.65,-0.001241417267,-0.00605077086892,3.28607232033e-05
59.7,-0.00123027102388,-0.00604409551389,3.25411767198e-05
59.75,-0.00121922596003,-0.00603740247209,3.22246149525e-05
59.8,-0.00120828109723,-0.00603069208855,3.19110131699e-05
59.85,-0.00119744145273,-0.00602396470439,3.16004525674e-05
59.9,-0.00118669997049,-0.00601722067714,3.12929000863e-05
59.95,-0.00117605570738,-0.00601046033804,3.09883040215e-05
60.0,-0.00116550773083,-0.00600368401509,3.06865644865e-05
60.05,-0.00115505511863,-0.00599694337089,3.03876574862e-05
60.1,-0.00114469690409,-0.00599022171323,3.00915614847e-05
60.15,-0.00113443220513,-0.00598348552282,2.97982839181e-05
60.2,-0.00112426013141,-0.00597673510861,2.95077684604e-05
60.25,-0.00111417980241,-0.00596997077675,2.92199916161e-05
60.3,-0.00110419034734,-0.00596319283005,2.89349300273e-05
60.35,-0.00109429090501,-0.005956401568,2.86526564051e-05
60.4,-0.00108448062392,-0.00594959728505,2.83731397778e-05
60.45,-0.00107475866184,-0.0059427802726,2.80963324002e-05
60.5,-0.00106512418569,-0.00593599384333,2.78221428668e-05
60.55,-0.00105557632388,-0.00592922882306,2.7550550626e-05
60.6,-0.00104611427977,-0.0059224605334,2.72815324568e-05
60.65,-0.00103673724472,-0.00591568254274,2.70150951689e-05
60.7,-0.0010274444216,-0.00590889366588,2.67511869613e-05
60.75,-0.00101823502232,-0.00590209417255,2.64897857926e-05
60.8,-0.00100910826723,-0.00589528432961,2.62308697645e-05
60.85,-0.00100006838287,-0.00588846440103,2.59745040866e-05
60.9,-0.000991109512004,-0.00588163466482,2.57206600707e-05
60.95,-0.000982230901159,-0.00587484707959,2.54692937577e-05
61.0,-0.000973431757861,-0.00586807564673,2.52203236382e-05
61.05,-0.000964711364583,-0.00586129554257,2.49737277423e-05
61.1,-0.000956068992145,-0.00585450701264,2.47294850732e-05
61.15,-0.000947503918985,-0.00584771029987,2.44876010701e-05
61.2,-0.0009390154311,-0.00584090564415,2.42480281662e-05
61.25,-0.000930602821856,-0.00583409328329,2.4010745808e-05
61.3,-0.000922265391934,-0.00582727345261,2.37757335868e-05
61.35,-0.000914002449238,-0.00582044638496,2.35430500623e-05
61.4,-0.00090581330893,-0.0058136783575,2.33126686251e-05
61.45,-0.00089769724526,-0.00580691485108,2.30845509768e-05
61.5,-0.000889653610909,-0.00580014512134,2.28586199049e-05
61.55,-0.000881681742567,-0.00579337379047,2.26348557592e-05
61.6,-0.000873780982234,-0.00578660196011,2.24132390949e-05
61.65,-0.000865950678355,-0.00577982457579,2.21937744485e-05
61.7,-0.000858190187749,-0.00577304184916,2.19764182516e-05
61.75,-0.000850498873683,-0.0057662539901,2.17611514312e-05
61.8,-0.000842876105831,-0.00575946743393,2.15479550569e-05
61.85,-0.000835325409002,-0.00575274684834,2.13368828901e-05
61.9,-0.000827841913546,-0.00574602206128,2.11279103385e-05
61.95,-0.000820425009963,-0.00573929326858,2.0921000386e-05
62.0,-0.000813074094774,-0.00573256066429,2.07160835481e-05
62.05,-0.000805788570404,-0.00572582444134,2.05131416333e-05
62.1,-0.000798567845185,-0.00571908987077,2.03121565906e-05
62.15,-0.000791411331794,-0.00571235630092,2.01131321681e-05
62.2,-0.00078431844902,-0.00570561969643,1.99160285832e-05
62.25,-0.000777288622586,-0.00569890335431,1.97208282071e-05
62.3,-0.000770321255508,-0.00569223775247,1.95275147783e-05
62.35,-0.000763415792205,-0.00568556993101,1.93361353585e-05
62.4,-0.000756571675902,-0.00567890006408,1.91466673702e-05
62.45,-0.000749788355218,-0.00567222832403,1.89590769621e-05
62.5,-0.000743065284087,-0.00566555488167,1.87733008676e-05
62.55,-0.000736401921659,-0.0056588799068,1.85893223115e-05
62.6,-0.000729797732301,-0.00565220356736,1.84071246535e-05
62.65,-0.000723252185535,-0.00564552602951,1.8226710957e-05
62.7,-0.000716764756006,-0.00563888492309,1.80480448577e-05
62.75,-0.000710334893784,-0.00563228133013,1.78711114133e-05
62.8,-0.000703962094264,-0.00562567726238,1.76958940575e-05
62.85,-0.000697649334203,-0.0056190728756,1.75224354611e-05
62.9,-0.000691392555342,-0.00561246833533,1.73507149682e-05
62.95,-0.000685191258601,-0.00560586379272,1.71807016718e-05
63.0,-0.000679044949604,-0.00559925939752,1.70123380157e-05
63.05,-0.000672953138594,-0.00559265671527,1.68456085803e-05
63.1,-0.000666915340087,-0.00558606240591,1.66804980895e-05
63.15,-0.000660931071604,-0.00557951590693,1.65170091973e-05
63.2,-0.000654999827918,-0.00557299789338,1.63551100284e-05
63.25,-0.000649121149802,-0.00556648097989,1.61947851404e-05
63.3,-0.000643294570787,-0.00555996530404,1.60360197262e-05
63.35,-0.000637519628753,-0.00555345100183,1.58788522681e-05
63.4,-0.000631795865947,-0.00554693820681,1.57232638319e-05
63.45,-0.000626122828864,-0.00554042705105,1.55692262365e-05
63.5,-0.000620500068194,-0.0055339176654,1.54166871558e-05
63.55,-0.000614927138743,-0.00552741017985,1.52656324528e-05
63.6,-0.000609403599443,-0.00552095743585,1.51160481115e-05
63.65,-0.00060392898545,-0.00551453693033,1.49679375312e-05
63.7,-0.000598502874373,-0.00550811890447,1.48212700562e-05
63.75,-0.000593124837872,-0.00550170347941,1.46760320088e-05
63.8,-0.000587794451536,-0.00549529077488,1.45322098303e-05
63.85,-0.000582514205979,-0.00548888090923,1.43898382582e-05
63.9,-0.000577280717627,-0.00548247400887,1.42489000295e-05
63.95,-0.00057209357447,-0.00547607018836,1.41093694773e-05
64.0,-0.00056695236824,-0.0054696695611,1.3971199057e-05
64.05,-0.000561856694351,-0.00546331819301,1.38343758355e-05
64.1,-0.000556806127967,-0.00545699676795,1.36988880502e-05
64.15,-0.0005518002819,-0.00545067902828,1.35647371145e-05
64.2,-0.000546838763016,-0.00544436507975,1.34318955339e-05
64.25,-0.000541921181718,-0.00543805502711,1.33003508093e-05
64.3,-0.000537047151924,-0.00543174897381,1.31700905525e-05
64.35,-0.000532216291038,-0.00542544702203,1.30411461483e-05
64.4,-0.00052742821995,-0.00541914927192,1.29135018346e-05
64.45,-0.000522682562956,-0.00541285582244,1.27871342615e-05
64.5,-0.000517978947717,-0.00540659899487,1.2662000254e-05
64.55,-0.000513316986065,-0.00540038541946,1.25380888569e-05
64.6,-0.000508696318908,-0.00539418422643,1.24153880785e-05
64.65,-0.000504116582877,-0.00538798923423,1.22938995666e-05
64.7,-0.000499577419043,-0.0053817991706,1.21735983369e-05
64.75,-0.000495078471923,-0.00537561412538,1.20544729866e-05
64.8,-0.0004906193892,-0.00536943418726,1.1936512216e-05
64.85,-0.000486202251503,-0.00536325944375,1.18197444013e-05
64.9,-0.00048182423638,-0.00535708998908,1.17041552097e-05
64.95,-0.000477485001535,-0.00535093426229,1.15897234136e-05
65.0,-0.000473184194466,-0.00534484496482,1.14764104081e-05
65.05,-0.000468921480775,-0.00533876132404,1.13642053499e-05
65.1,-0.00046469652757,-0.00533268341942,1.1253097559e-05
65.15,-0.000460509004897,-0.00532661947912,1.11430884172e-05
65.2,-0.000456358584382,-0.00532056197097,1.10341552772e-05
65.25,-0.000452244941824,-0.00531451044668,1.09262877561e-05
65.3,-0.000448167755966,-0.00530846498127,1.08194755625e-05
65.35,-0.000444126708375,-0.00530242564874,1.07137443698e-05
65.4,-0.000440121483446,-0.00529639252141,1.06090811254e-05
65.45,-0.000436151768342,-0.00529040661289,1.05054665459e-05
65.5,-0.000432217236148,-0.00528445375011,1.04028658168e-05
65.55,-0.000428317586371,-0.00527850740157,1.03012688374e-05
65.6,-0.00042445251468,-0.00527256763406,1.02006658895e-05
65.65,-0.000420621719403,-0.00526663451338,1.01010581904e-05
65.7,-0.00041682490151,-0.00526070810418,1.0002425123e-05
65.75,-0.000413061764574,-0.00525478847032,9.90475724166e-06
65.8,-0.000409332014754,-0.0052488756747,9.80804518838e-06
65.85,-0.000405637387955,-0.00524296977929,9.71231220998e-06
65.9,-0.000401975529367,-0.00523707085158,9.6175464623e-06
65.95,-0.000398346153342,-0.00523123732624,9.52373044047e-06
66.0,-0.000394748959225,-0.00522541831829,9.4308326648e-06
66.05,-0.000391183675092,-0.00521960653387,9.33884384029e-06
66.1,-0.00038765002299,-0.00521380678345,9.24775513604e-06
66.15,-0.00038414772672,-0.00520801833463,9.15756766555e-06
66.2,-0.000380676512617,-0.0052022372885,9.06826274276e-06
66.25,-0.000377236109928,-0.00519646369748,8.97983178501e-06
66.3,-0.000373826250244,-0.00519069761318,8.89226629049e-06
66.35,-0.000370446667477,-0.00518493908632,8.80558731917e-06
66.4,-0.000367097097856,-0.00517918816626,8.71978410644e-06
66.45,-0.000363777279891,-0.00517350493983,8.63484076873e-06
66.5,-0.000360486938475,-0.0051678332233,8.55072875631e-06
66.55,-0.000357225824809,-0.00516216932131,8.46743961738e-06
66.6,-0.000353993684389,-0.00515651327862,8.3849653345e-06
66.65,-0.000350790264905,-0.00515087047731,8.30330688111e-06
66.7,-0.000347615315561,-0.00514523868035,8.22244731473e-06
66.75,-0.000344468588021,-0.00513961488776,8.142378863e-06
66.8,-0.000341349836466,-0.00513399914098,8.06309381009e-06
66.85,-0.000338260507661,-0.00512839148068,7.98461124657e-06
66.9,-0.000335198637058,-0.00512279195213,7.90692141659e-06
66.95,-0.000332163985605,-0.00511724611143,7.8300099134e-06
67.0,-0.000329156303802,-0.00511172473653,7.75385076204e-06
67.05,-0.000326175362389,-0.00510621165737,7.67843637173e-06
67.1,-0.00032322092866,-0.00510070690907,7.60375946967e-06
67.15,-0.000320292771902,-0.005095210526,7.529820937e-06
67.2,-0.000317390663379,-0.00508972254171,7.4566053816e-06
67.25,-0.000314514376309,-0.00508424298916,7.38410574028e-06
67.3,-0.00031166368585,-0.00507877190062,7.31231501753e-06
67.35,-0.000308838369082,-0.00507330930766,7.24125052906e-06
67.4,-0.000306038205009,-0.00506785524076,7.17090342308e-06
67.45,-0.000303262974519,-0.00506242433194,7.1012606388e-06
67.5,-0.000300512452512,-0.00505704702365,7.03229846767e-06
67.55,-0.000297786425422,-0.00505167836737,6.96401018255e-06
67.6,-0.000295084679931,-0.00504632043506,6.89638919287e-06
67.65,-0.000292407004328,-0.00504097759832,6.82943631364e-06
67.7,-0.000289753188277,-0.00503564350754,6.76313762072e-06
67.75,-0.000287123023902,-0.00503031818733,6.69748671336e-06
67.8,-0.000284516305102,-0.00502500166165,6.63247725254e-06
67.85,-0.000281934236505,-0.00501969395385,6.56812495093e-06
67.9,-0.000279375179428,-0.00501439509106,6.50442179389e-06
67.95,-0.000276838933395,-0.00500910509495,6.44135594246e-06
68.0,-0.000274325299636,-0.00500384857735,6.3789055733e-06
68.05,-0.00027183407324,-0.00499863379507,6.31706502681e-06
68.1,-0.000269365061423,-0.00499342796763,6.25582822209e-06
68.15,-0.000266918070643,-0.00498823382087,6.19519589838e-06
68.2,-0.000264492908756,-0.00498305408132,6.13515541858e-06
68.25,-0.00026208938501,-0.00497788336506,6.07570100934e-06
68.3,-0.000259707310785,-0.0049727216885,6.01682692975e-06
68.35,-0.000257346499068,-0.00496756906749,5.95854744425e-06
68.4,-0.00025500676444,-0.004962425517,5.90085528748e-06
68.45,-0.000252687923062,-0.00495729105148,5.84373973074e-06
68.5,-0.000250389792653,-0.00495216568494,5.78718098698e-06
68.55,-0.000248112192477,-0.00494706342697,5.73117360674e-06
68.6,-0.000245854937394,-0.00494201143973,5.67571246792e-06
68.65,-0.000243617851144,-0.00493696860681,5.62079819607e-06
68.7,-0.000241400757741,-0.00493193493894,5.56641932756e-06
68.75,-0.000239203482692,-0.00492691044645,5.51257061607e-06
68.8,-0.000237025852983,-0.00492189513919,5.45924686638e-06
68.85,-0.000234868870836,-0.00491688902651,5.40646103508e-06
68.9,-0.000232731169778,-0.0049118921209,5.35420654928e-06
68.95,-0.0002306125815,-0.00490690443038,5.30247368881e-06
69.0,-0.00022851293912,-0.00490192596257,5.25124451377e-06
69.05,-0.000226432077167,-0.00489695672487,5.20051409343e-06
69.1,-0.000224369831575,-0.0048919967242,5.15027754508e-06
69.15,-0.000222326039673,-0.00488708944195,5.10053550984e-06
69.2,-0.000220300532787,-0.00488220893907,5.05127795013e-06
69.25,-0.000218293153958,-0.00487733771319,5.0024999894e-06
69.3,-0.000216303744798,-0.0048724757681,4.95419692686e-06
69.35,-0.000214332148259,-0.00486762310716,4.9063805346e-06
69.4,-0.000212378208635,-0.00486277973303,4.85904485853e-06
69.45,-0.000210441771537,-0.004857945648,4.81218109245e-06
69.5,-0.000208522683887,-0.004853120854,4.76577297004e-06
69.55,-0.000206620793901,-0.00484830535274,4.71981603083e-06
69.6,-0.000204735951084,-0.00484349914554,4.67430585798e-06
69.65,-0.00020286800622,-0.00483870247207,4.629243048e-06
69.7,-0.000201016811344,-0.00483392272929,4.58461819489e-06
69.75,-0.000199182219236,-0.00482918550595,4.54042703654e-06
69.8,-0.000197364078747,-0.00482447482304,4.49666559483e-06
69.85,-0.00019556322549,-0.00481977344827,4.45334446058e-06
69.9,-0.000193778520423,-0.00481508138236,4.41045824826e-06
69.95,-0.000192009822199,-0.00481039862242,4.36799898015e-06
70.0,-0.000190256990667,-0.00480572516526,4.32595190658e-06
70.05,-0.000188519886862,-0.00480106100751,4.28431299356e-06
70.1,-0.000186798372998,-0.00479640614547,4.24307824666e-06
70.15,-0.000185092312459,-0.00479176057506,4.20224822237e-06
70.2,-0.000183401569791,-0.00478712429182,4.16181439666e-06
70.25,-0.000181726010688,-0.00478249729102,4.12177289301e-06
70.3,-0.000180065501985,-0.0047778795676,4.08211987297e-06
70.35,-0.000178419911652,-0.0047732780293,4.04286507147e-06
70.4,-0.000176789105427,-0.00476872686536,4.00400377605e-06
70.45,-0.000175172954065,-0.0047641849531,3.96552874031e-06
70.5,-0.000173571328983,-0.00475965228502,3.92742658981e-06
70.55,-0.000171984102692,-0.00475512885347,3.88969367798e-06
70.6,-0.000170411148782,-0.0047506146505,3.85232639407e-06
70.65,-0.000168852341921,-0.00474611471816,3.81532525913e-06
70.7,-0.00016730755755,-0.00474162689184,3.77868256361e-06
70.75,-0.000165776672303,-0.0047371482844,3.74239481085e-06
70.8,-0.000164259564035,-0.00473267888663,3.70645853055e-06
70.85,-0.00016275692502,-0.00472821868901,3.6708825769e-06
70.9,-0.000161267806066,-0.00472376768423,3.63566254541e-06
70.95,-0.000159792088348,-0.00471932586198,3.60079189468e-06
71.0,-0.000158329654053,-0.00471489658045,3.56625849985e-06
71.05,-0.000156880383727,-0.00471051866649,3.53205919372e-06
71.1,-0.000155444161832,-0.00470614988916,3.49819070324e-06
71.15,-0.000154020873629,-0.0047017902364,3.46465351613e-06
71.2,-0.000152610405354,-0.00469744525972,3.43144063352e-06
71.25,-0.000151212643924,-0.00469311147923,3.39854890159e-06
71.3,-0.000149827477405,-0.00468878680109,3.36597518857e-06
71.35,-0.000148454794928,-0.00468447121219,3.33372754982e-06
71.4,-0.000147094486573,-0.00468016469897,3.30180199832e-06
71.45,-0.000145746443353,-0.00467586724769,3.27019260825e-06
71.5,-0.000144410557213,-0.00467157884442,3.23888838253e-06
71.55,-0.000143086721013,-0.00466729947515,3.20788634533e-06
71.6,-0.00014177482853,-0.00466302912564,3.17718355009e-06
71.65,-0.000140474774447,-0.00465876778144,3.14678045774e-06
71.7,-0.000139186454346,-0.00465453190473,3.11667072941e-06
71.75,-0.000137909761885,-0.00465033162353,3.08685163988e-06
71.8,-0.000136644595301,-0.00464614028416,3.05732031612e-06
71.85,-0.000135391529529,-0.00464195787055,3.02808408937e-06
71.9,-0.000134149774011,-0.00463778436842,2.9991393545e-06
71.95,-0.000132919228977,-0.00463361976111,2.97048074346e-06
72.0,-0.000131699795509,-0.00462946403182,2.94209828134e-06
72.05,-0.000130491375533,-0.00462531716367,2.91398927897e-06
72.1,-0.00012929387181,-0.00462117913965,2.8861510736e-06
72.15,-0.000128107187933,-0.0046170525157,2.85858409778e-06
72.2,-0.000126931228209,-0.00461293985005,2.83128261236e-06
72.25,-0.000125765897654,-0.00460883599233,2.80424404383e-06
72.3,-0.000124611102325,-0.0046047409247,2.77746583308e-06
72.35,-0.000123466749084,-0.00460065462915,2.75095465655e-06
72.4,-0.000122332745589,-0.00459657708738,2.72470725411e-06
72.45,-0.000121209000291,-0.00459254857226,2.69871876521e-06
72.5,-0.000120095419109,-0.00458852907751,2.67298030264e-06
72.55,-0.000118991913817,-0.00458451825795,2.64748935426e-06
72.6,-0.000117898395258,-0.00458051609412,2.62224351338e-06
72.65,-0.000116814775038,-0.00457652256638,2.59724318548e-06
72.7,-0.000115740965521,-0.00457254081393,2.57248316373e-06
72.75,-0.0001146768797,-0.00456857194935,2.54796111861e-06
72.8,-0.000113622431272,-0.00456461167669,2.52367474542e-06
72.85,-0.000112578097457,-0.00456065997567,2.49963012282e-06
72.9,-0.000111543220064,-0.00455671682756,2.47582430207e-06
72.95,-0.000110517715317,-0.00455278221169,2.4522528789e-06
73.0,-0.000109501500164,-0.00454885610731,2.42890764511e-06
73.05,-0.00010849449226,-0.00454493849362,2.40578640647e-06
73.1,-0.00010749660997,-0.00454102934974,2.38288699026e-06
73.15,-0.000106507772358,-0.00453712865467,2.36020977912e-06
73.2,-0.000105527899185,-0.00453326763374,2.33775005548e-06
73.25,-0.000104556908436,-0.00452942187312,2.31550583005e-06
73.3,-0.000103594722441,-0.00452558447218,2.29347495732e-06
73.35,-0.00010264126306,-0.00452175540885,2.27166297324e-06
73.4,-0.000101696452831,-0.00451793466085,2.25006720899e-06
73.45,-0.000100760214953,-0.00451412220581,2.22868367372e-06
73.5,-9.98324732877e-05,-0.00451031802133,2.20750491916e-06
73.55,-9.89131523507e-05,-0.00450652208499,2.18652896236e-06
73.6,-9.80021773068e-05,-0.00450273437427,2.16575383982e-06
73.65,-9.70994739654e-05,-0.00449895509453,2.14517991049e-06
73.7,-9.62049687678e-05,-0.00449519128536,2.12480289802e-06
73.75,-9.53185885606e-05,-0.00449143564983,2.10462090836e-06
73.8,-9.44402610634e-05,-0.00448768816499,2.08463205424e-06
73.85,-9.35703822399e-05,-0.00448394880783,2.0648413801e-06
73.9,-9.27084043361e-05,-0.00448021755664,2.04524647354e-06
73.95,-9.18542570588e-05,-0.00447649438814,2.02584371944e-06
74.0,-9.10078707208e-05,-0.00447280631272,2.00662635964e-06
74.05,-9.01691743236e-05,-0.00446913484697,1.98759269679e-06
74.1,-8.93381002678e-05,-0.00446547136684,1.96874091446e-06
74.15,-8.85145806953e-05,-0.00446181584832,1.9500713487e-06
74.2,-8.76985483337e-05,-0.00445816914723,1.93158012151e-06
74.25,-8.68899364651e-05,-0.00445453673764,1.91326551147e-06
74.3,-8.60886787883e-05,-0.00445091223282,1.89512582183e-06
74.35,-8.52947097662e-05,-0.00444729560844,1.87716564799e-06
74.4,-8.45079644285e-05,-0.00444368684006,1.8593828058e-06
74.45,-8.37283783667e-05,-0.00444008590318,1.84177401825e-06
74.5,-8.2955887729e-05,-0.00443649277329,1.82433315058e-06
74.55,-8.21904292152e-05,-0.00443290742591,1.80705858397e-06
74.6,-8.1431940073e-05,-0.00442932983654,1.78994871544e-06
74.65,-8.06803580935e-05,-0.00442575998062,1.77300386124e-06
74.7,-7.99356216068e-05,-0.00442219783354,1.75622050618e-06
74.75,-7.91976694771e-05,-0.00441864337069,1.73959709441e-06
74.8,-7.84664410987e-05,-0.00441509656743,1.72313208532e-06
74.85,-7.77422649105e-05,-0.00441158025442,1.70682966789e-06
74.9,-7.70246838124e-05,-0.0044080818227,1.69068793891e-06
74.95,-7.63136395167e-05,-0.00440459094971,1.67470389759e-06
75.0,-7.56090736352e-05,-0.00440110761011,1.6588719744e-06
75.05,-7.4910928285e-05,-0.0043976317786,1.64319070588e-06
75.1,-7.42191460854e-05,-0.0043941634299,1.62765864286e-06
75.15,-7.35336701532e-05,-0.00439070253867,1.61227608134e-06
75.2,-7.28544440992e-05,-0.00438725441504,1.5970398331e-06
75.25,-7.21814118937e-05,-0.00438381570966,1.58194849796e-06
75.3,-7.15145180787e-05,-0.00438038440152,1.56700068523e-06
75.35,-7.08537077278e-05,-0.00437696046516,1.55220021216e-06
75.4,-7.01989263923e-05,-0.004373543875,1.53754529039e-06
75.45,-6.95501200969e-05,-0.00437013460548,1.52303322753e-06
75.5,-6.89072353357e-05,-0.00436673263105,1.50865896752e-06
75.55,-6.82702190676e-05,-0.00436333792623,1.49442118828e-06
75.6,-6.76390187135e-05,-0.00435995046552,1.48031858058e-06
75.65,-6.70135821519e-05,-0.00435657022344,1.46635142226e-06
75.7,-6.63938577156e-05,-0.00435319717447,1.45251682228e-06
75.75,-6.57797941874e-05,-0.00434985154289,1.43881350975e-06
75.8,-6.51713396819e-05,-0.00434653057098,1.42524028152e-06
75.85,-6.45687668836e-05,-0.00434321670347,1.41180060189e-06
75.9,-6.39716969551e-05,-0.00433990991525,1.39849285172e-06
75.95,-6.33800805649e-05,-0.0043366101802,1.38531458916e-06
76.0,-6.27938688112e-05,-0.00433331747228,1.37226122222e-06
76.05,-6.22130132181e-05,-0.00433003176548,1.35933155503e-06
76.1,-6.16374657323e-05,-0.00432675303382,1.34652440335e-06
76.15,-6.10671787197e-05,-0.00432348125135,1.33384002653e-06
76.2,-6.05021049621e-05,-0.0043202163921,1.32127580131e-06
76.25,-5.99421976531e-05,-0.00431695843017,1.30883057811e-06
76.3,-5.93874103954e-05,-0.00431370733965,1.29650321849e-06
76.35,-5.88376971966e-05,-0.00431046309467,1.28429689497e-06
76.4,-5.8293012467e-05,-0.00430722566933,1.27221014214e-06
76.45,-5.77533110154e-05,-0.00430399503775,1.26024074633e-06
76.5,-5.72185480455e-05,-0.00430077117408,1.24838453764e-06
76.55,-5.6688679153e-05,-0.00429755405257,1.23664043548e-06
76.6,-5.61636603218e-05,-0.00429434364748,1.22500736975e-06
76.65,-5.56434479216e-05,-0.0042911399331,1.21348558353e-06
76.7,-5.51279987043e-05,-0.00428794592537,1.20207269738e-06
76.75,-5.46172697446e-05,-0.00428478903401,1.19076767516e-06
76.8,-5.41112174884e-05,-0.00428164065883,1.17956954121e-06
76.85,-5.36100682478e-05,-0.00427849886054,1.168481163e-06
76.9,-5.31135071431e-05,-0.00427536361385,1.15750121322e-06
76.95,-5.26214928886e-05,-0.00427223489269,1.14662768344e-06
77.0,-5.21339845607e-05,-0.00426911267101,1.13585678518e-06
77.05,-5.16509415937e-05,-0.00426599692289,1.12518754064e-06
77.1,-5.11723237778e-05,-0.00426288762243,1.11461898146e-06
77.15,-5.0698091256e-05,-0.00425978474377,1.1041513341e-06
77.2,-5.02282045208e-05,-0.0042566882611,1.09378243875e-06
77.25,-4.97626244115e-05,-0.00425360171709,1.08351135524e-06
77.3,-4.93013120525e-05,-0.00425052488275,1.07333715544e-06
77.35,-4.88442289151e-05,-0.00424745438258,1.06326247979e-06
77.4,-4.83913368657e-05,-0.0042443901908,1.05328612627e-06
77.45,-4.7942598106e-05,-0.00424133228166,1.04340627319e-06
77.5,-4.74979751698e-05,-0.00423828062948,1.0336194789e-06
77.55,-4.70574309201e-05,-0.00423523520867,1.02392485924e-06
77.6,-4.66209285467e-05,-0.00423219599368,1.01432153855e-06
77.65,-4.61884315634e-05,-0.00422916295904,1.00480972842e-06
77.7,-4.57599038053e-05,-0.00422613607928,9.9538746882e-07
77.75,-4.53353094258e-05,-0.00422311532902,9.86053909496e-07
77.8,-4.49146128942e-05,-0.00422012343771,9.76808208392e-07
77.85,-4.44980006524e-05,-0.00421714071957,9.67652807839e-07
77.9,-4.40852114251e-05,-0.00421416403028,9.58586601239e-07
77.95,-4.36762106911e-05,-0.00421119334428,9.49607935334e-07
78.0,-4.32709642331e-05,-0.0042082286361,9.40713682428e-07
78.05,-4.28694381353e-05,-0.00420526988034,9.31903042267e-07
78.1,-4.24715987806e-05,-0.00420231705168,9.23175222288e-07
78.15,-4.20774128484e-05,-0.00419937012485,9.14530419433e-07
78.2,-4.1686847312e-05,-0.00419642992503,9.05966854082e-07
78.25,-4.12998694243e-05,-0.00419350174173,8.97483757216e-07
78.3,-4.09164466551e-05,-0.00419057940054,8.89080370877e-07
78.35,-4.05365468478e-05,-0.00418766287631,8.80758888832e-07
78.4,-4.016013813e-05,-0.00418475214394,8.7251832442e-07
78.45,-3.97871889107e-05,-0.00418184717837,8.64357177473e-07
78.5,-3.94176678782e-05,-0.00417894795464,8.56272605623e-07
78.55,-3.90515439971e-05,-0.00417605444788,8.48263884876e-07
78.6,-3.86887865066e-05,-0.00417316663327,8.40330298173e-07
78.65,-3.83293649179e-05,-0.00417028448609,8.3247202911e-07
78.7,-3.79732490122e-05,-0.00416740798164,8.24687462027e-07
78.75,-3.76204088378e-05,-0.00416453853379,8.16975900562e-07
78.8,-3.72708146906e-05,-0.00416168002371,8.0933665593e-07
78.85,-3.6924621614e-05,-0.00415882709812,8.01771732749e-07
78.9,-3.65816123022e-05,-0.0041559815189,7.94280237101e-07
78.95,-3.62417576864e-05,-0.00415316321428,7.8686081871e-07
79.0,-3.59050290368e-05,-0.00415035041868,7.79510901049e-07
79.05,-3.557139811e-05,-0.00414754308686,7.72229823988e-07
79.1,-3.52408368279e-05,-0.00414474119428,7.65016938054e-07
79.15,-3.49133173609e-05,-0.0041419447165,7.57872413672e-07
79.2,-3.45888121261e-05,-0.00413915362913,7.50794783226e-07
79.25,-3.42672937853e-05,-0.00413636790786,7.43783415949e-07
79.3,-3.39487352424e-05,-0.00413358752846,7.36837687103e-07
79.35,-3.36331096418e-05,-0.00413081246679,7.29959421867e-07
79.4,-3.33203903662e-05,-0.00412804269874,7.23147809606e-07
79.45,-3.30105510346e-05,-0.00412527820027,7.16401613956e-07
79.5,-3.27035655001e-05,-0.00412251894745,7.09718485914e-07
79.55,-3.23994078479e-05,-0.00411976491645,7.03097832052e-07
79.6,-3.20980523936e-05,-0.00411701608348,6.96539064596e-07
79.65,-3.17994736808e-05,-0.00411427242489,6.90042342236e-07
79.7,-3.15036464796e-05,-0.00411153391703,6.83606332186e-07
79.75,-3.12105457844e-05,-0.00410880615804,6.77230463544e-07
79.8,-3.09201467541e-05,-0.00410608476445,6.70914173821e-07
79.85,-3.06325779027e-05,-0.0041033684668,6.64659128804e-07
79.9,-3.03476587997e-05,-0.00410065724209,6.58464593687e-07
79.95,-3.00653653644e-05,-0.00409795106694,6.52329445871e-07
80.0,-2.97856737298e-05,-0.00409524991807,6.46251549539e-07
80.05,-2.95085602416e-05,-0.00409255377229,6.40230367355e-07
80.1,-2.92340014559e-05,-0.00408986260648,6.34265367085e-07
80.15,-2.89619741376e-05,-0.00408718139764,6.28356696184e-07
80.2,-2.86924550092e-05,-0.00408452141468,6.22503156872e-07
80.25,-2.84254213044e-05,-0.00408186632243,6.16704229221e-07
80.3,-2.81608504114e-05,-0.00407922213776,6.10959400746e-07
80.35,-2.78987198638e-05,-0.00407658341529,6.05270193213e-07
80.4,-2.76390074475e-05,-0.0040739495296,5.9963594016e-07
80.45,-2.73816911521e-05,-0.00407132045775,5.94055621712e-07
80.5,-2.71267491633e-05,-0.00406869617692,5.8852729522e-07
80.55,-2.68741598613e-05,-0.00406607666438,5.83050473659e-07
80.6,-2.66239018193e-05,-0.00406346189748,5.77624674616e-07
80.65,-2.63759538015e-05,-0.00406085185368,5.72250034645e-07
80.7,-2.61302947617e-05,-0.00405824651048,5.66925453384e-07
80.75,-2.58869038418e-05,-0.00405564584552,5.61650462194e-07
80.8,-2.56457603699e-05,-0.00405304983648,5.56424596874e-07
80.85,-2.54069708306e-05,-0.00405045846116,5.51249243234e-07
80.9,-2.5170385456e-05,-0.00404787169776,5.46123796705e-07
80.95,-2.49359841597e-05,-0.00404528952422,5.41047331004e-07
81.0,-2.47037470352e-05,-0.00404271191855,5.36018079347e-07
81.05,-2.44736543537e-05,-0.00404013885886,5.31035600617e-07
81.1,-2.42456865627e-05,-0.00403757032338,5.26099457859e-07
81.15,-2.40198242846e-05,-0.00403500629038,5.21209777843e-07
81.2,-2.37960483152e-05,-0.00403244673824,5.16365560714e-07
81.25,-2.3574339622e-05,-0.00402989511664,5.11566381953e-07
81.3,-2.33546793159e-05,-0.00402735120695,5.06811822448e-07
81.35,-2.31370486799e-05,-0.0040248117292,5.02103147984e-07
81.4,-2.29214291898e-05,-0.00402227666196,4.97439810029e-07
81.45,-2.27078024875e-05,-0.0040197459839,4.92820967024e-07
81.5,-2.24961503793e-05,-0.00401722017291,4.88245011774e-07
81.55,-2.22864548025e-05,-0.00401471730248,4.83711546204e-07
81.6,-2.2078697671e-05,-0.00401221878427,4.79220185742e-07
81.65,-2.18728613952e-05,-0.00400972455323,4.74771041595e-07
81.7,-2.16689284303e-05,-0.00400723458825,4.70363204711e-07
81.75,-2.14668813885e-05,-0.00400474886831,4.65996290074e-07
81.8,-2.1266703038e-05,-0.00400227132275,4.61669916292e-07
81.85,-2.10684815647e-05,-0.00399980055642,4.57385238368e-07
81.9,-2.08720926691e-05,-0.00399733398773,4.53141759298e-07
81.95,-2.06775196111e-05,-0.00399487159588,4.48938714115e-07
82.0,-2.04847458006e-05,-0.00399241336015,4.44774640337e-07
82.05,-2.02937547964e-05,-0.00398995925994,4.40649175372e-07
82.1,-2.01045303048e-05,-0.00398750927474,4.36561960032e-07
82.15,-1.99170561782e-05,-0.00398506338413,4.32513102867e-07
82.2,-1.97313164141e-05,-0.00398262156774,4.28501777502e-07
82.25,-1.95472951537e-05,-0.00398018380535,4.24527634915e-07
82.3,-1.93649766804e-05,-0.00397775007678,4.20590329362e-07
82.35,-1.91843454192e-05,-0.00397532036197,4.16690913449e-07
82.4,-1.90053859347e-05,-0.00397289464091,4.12828935253e-07
82.45,-1.88280829306e-05,-0.00397047289368,4.09003699606e-07
82.5,-1.86524212477e-05,-0.00396805510048,4.05213875828e-07
82.55,-1.84783858636e-05,-0.00396564124157,4.01459135239e-07
82.6,-1.83059618905e-05,-0.00396323129733,3.97739152236e-07
82.65,-1.81351345749e-05,-0.00396082524822,3.94054027338e-07
82.7,-1.79658892961e-05,-0.00395842307477,3.9040300925e-07
82.75,-1.77982115649e-05,-0.00395602616061,3.86785781556e-07
82.8,-1.76320870143e-05,-0.00395363829636,3.83202031231e-07
82.85,-1.74675886801e-05,-0.00395125426522,3.7965272043e-07
82.9,-1.73046134515e-05,-0.00394887404817,3.76137438895e-07
82.95,-1.71431473808e-05,-0.00394649762605,3.72655554688e-07
83.0,-1.69831766461e-05,-0.00394412595866,3.69205856797e-07
83.05,-1.68246875067e-05,-0.00394177412618,3.65788049431e-07
83.1,-1.66676662835e-05,-0.00393942604659,3.6240184287e-07
83.15,-1.65120995859e-05,-0.00393708167193,3.59047326794e-07
83.2,-1.63579740867e-05,-0.00393474098329,3.55723817799e-07
83.25,-1.62052765789e-05,-0.00393240396186,3.52431028701e-07
83.3,-1.60539939746e-05,-0.0039300725282,3.49168674996e-07
83.35,-1.59041132936e-05,-0.00392774918804,3.14267413586e-07
83.4,-1.57556208403e-05,-0.00392542991988,2.44517084832e-07
83.45,-1.56085030135e-05,-0.00392311519324,2.03563462647e-07
83.5,-1.54627479828e-05,-0.00392080457784,1.98161504386e-07
83.55,-1.53183441672e-05,-0.00391849755123,1.96328811678e-07
83.6,-1.51752792611e-05,-0.00391619404508,1.94513036607e-07
83.65,-1.50335409786e-05,-0.00391389404156,1.61099679645e-07
83.7,-1.48931163721e-05,-0.00391159796822,1.56094596405e-07
83.75,-1.4753994092e-05,-0.0039093054043,1.54651010335e-07
83.8,-1.46161622698e-05,-0.00390701628196,1.53220747432e-07
83.85,-1.44796814199e-05,-0.00390473058379,1.20226133468e-07
83.9,-1.43444652712e-05,-0.00390244873748,8.4034529342e-08
83.95,-1.4210502161e-05,-0.00390017076784,7.97479616519e-08
84.0,-1.40777813451e-05,-0.00389789620497,7.90111965134e-08
84.05,-1.39462915007e-05,-0.0038956249817,7.82812212684e-08
84.1,-1.38160213243e-05,-0.00389335708122,7.75579733242e-08
84.15,-1.36869596148e-05,-0.00389109248678,7.68413906678e-08
84.2,-1.35590952721e-05,-0.00388883118172,7.61314118606e-08
84.25,-1.34324172969e-05,-0.00388657314945,7.54279760333e-08
84.3,-1.33069147891e-05,-0.00388432427865,7.47310228783e-08
84.35,-1.31825769221e-05,-0.00388207925177,4.25515561547e-08
84.4,-1.30593923168e-05,-0.00387983790693,3.86570849017e-08
84.45,-1.29373509911e-05,-0.00387759982623,3.83002919879e-08
84.5,-1.28164425119e-05,-0.00387536494328,3.79467825364e-08
84.55,-1.26966564642e-05,-0.00387313324194,3.75965263416e-08
84.6,-1.25779825275e-05,-0.00387090470615,3.72494934771e-08
84.65,-1.2460410475e-05,-0.0038686793199,3.69056542926e-08
84.7,-1.23439301722e-05,-0.00386646925036,3.65649794118e-08
84.75,-1.22285314678e-05,-0.00386426522354,3.62274405338e-08
84.8,-1.21142044629e-05,-0.00386206428876,3.58930084366e-08
84.85,-1.20009992741e-05,-0.00385987271697,3.5561654534e-08
84.9,-1.18888449513e-05,-0.00385768422019,3.52333506846e-08
84.95,-1.17777318321e-05,-0.00385549878258,3.52238524151e-09
85.0,-1.16676497422e-05,-0.00385331682339,0.0
85.05,-1.15585897479e-05,-0.00385113793316,0.0
85.1,-1.1450542515e-05,-0.00384896204724,0.0
85.15,-1.13434987262e-05,-0.00384678915019,0.0
85.2,-1.12374491485e-05,-0.00384461922668,0.0
85.25,-1.11323846329e-05,-0.00384245226142,0.0
85.3,-1.10282961135e-05,-0.00384028823923,0.0
85.35,-1.09251746065e-05,-0.00383812714499,0.0
85.4,-1.08230112097e-05,-0.00383596896365,0.0
85.45,-1.07217971019e-05,-0.00383381368024,0.0
85.5,-1.06215235418e-05,-0.00383166127988,0.0
85.55,-1.05221818677e-05,-0.00382951174774,0.0
85.6,-1.04237634965e-05,-0.00382736506907,0.0
85.65,-1.03262599231e-05,-0.00382522122922,0.0
85.7,-1.02296627199e-05,-0.00382308021357,0.0
85.75,-1.01339635357e-05,-0.00382094200762,0.0
85.8,-1.00391540953e-05,-0.0038188104669,0.0
85.85,-9.94527588809e-06,-0.00381668423094,0.0
85.9,-9.85227009998e-06,-0.0038145607764,0.0
85.95,-9.76012869478e-06,-0.00381244008891,0.0
86.0,-9.66884370932e-06,-0.00381032215419,0.0
86.05,-9.57840725283e-06,-0.00380820695803,0.0
86.1,-9.48881150632e-06,-0.00380609448629,0.0
86.15,-9.40004872192e-06,-0.0038039847249,0.0
86.2,-9.31211122225e-06,-0.00380187765987,0.0
86.25,-9.2249913998e-06,-0.00379977327728,0.0
86.3,-9.1386817163e-06,-0.00379767156328,0.0
86.35,-9.05317470209e-06,-0.00379557681238,0.0
86.4,-8.96846294293e-06,-0.00379348658537,0.0
86.45,-8.8845390996e-06,-0.00379139900012,0.0
86.5,-8.80139590529e-06,-0.00378931404294,0.0
86.55,-8.7190261594e-06,-0.00378724237959,0.0
86.6,-8.63742265934e-06,-0.00378517599013,0.0
86.65,-8.55657836744e-06,-0.00378311218124,0.0
86.7,-8.47648627953e-06,-0.00378105093939,0.0
86.75,-8.39713945524e-06,-0.00377899225108,0.0
86.8,-8.31853101747e-06,-0.00377693610291,0.0
86.85,-8.2406953349e-06,-0.00377488248154,0.0
86.9,-8.1635836603e-06,-0.00377283137381,0.0
86.95,-8.08718931488e-06,-0.00377078276653,0.0
87.0,-8.01150568073e-06,-0.00376873664656,0.0
87.05,-7.93652620025e-06,-0.00376669300085,0.0
87.1,-7.8622443756e-06,-0.00376465181641,0.0
87.15,-7.7886537682e-06,-0.00376261308033,0.0
87.2,-7.71574799817e-06,-0.00376057677975,0.0
87.25,-7.64352074382e-06,-0.00375854290191,0.0
87.3,-7.5719657411e-06,-0.00375651333733,0.0
87.35,-7.5010767785e-06,-0.00375449055107,0.0
87.4,-6.48939997017e-06,-0.00375247016406,0.0
87.45,-5.01563197267e-06,-0.00375044959989,0.0
87.5,-4.96867170182e-06,-0.00374842760482,0.0
87.55,-4.92214856623e-06,-0.0037464080778,0.0
87.6,-4.87605853022e-06,-0.00374439100507,0.0
87.65,-4.83039759492e-06,-0.003742376373,0.0
87.7,-4.78516179791e-06,-0.00374036416799,0.0
87.75,-4.74034721292e-06,-0.00373835437657,0.0
87.8,-4.69594994951e-06,-0.00373634698531,0.0
87.85,-4.65198940117e-06,-0.0037343443765,0.0
87.9,-4.60843803764e-06,-0.00373234783165,0.0
87.95,-4.56529207542e-06,-0.00373035366129,0.0
88.0,-4.52254777117e-06,-0.00372836185218,0.0
88.05,-4.48020141568e-06,-0.00372637239121,0.0
88.1,-4.43824933359e-06,-0.00372438526533,0.0
88.15,-4.39668788309e-06,-0.00372240046154,0.0
88.2,-4.3555134556e-06,-0.00372041796697,0.0
88.25,-4.31472247549e-06,-0.00371843776879,0.0
88.3,-4.27431139977e-06,-0.00371645985426,0.0
88.35,-4.2342767178e-06,-0.00371448421073,0.0
88.4,-4.19461495102e-06,-0.0037125108256,0.0
88.45,-4.15532265265e-06,-0.00371053968636,0.0
88.5,-4.11639640738e-06,-0.0037085707806,0.0
88.55,-4.07783283113e-06,-0.00370660409593,0.0
88.6,-4.03962857074e-06,-0.00370464838799,0.0
88.65,-4.00178027696e-06,-0.00370269794698,0.0
88.7,-3.96428466996e-06,-0.00370074968565,0.0
88.75,-3.92713848829e-06,-0.00369880359182,0.0
88.8,-3.8903385003e-06,-0.00369685965338,0.0
88.85,-3.85390076391e-06,-0.00369492403743,0.0
88.9,-3.81780245868e-06,-0.00369299056704,0.0
88.95,-3.78204044671e-06,-0.00369105923021,0.0
89.0,-3.7466116188e-06,-0.003689130015,0.0
89.05,-3.71151289416e-06,-0.00368720290955,0.0
89.1,-3.67674122017e-06,-0.00368527790207,0.0
89.15,-3.64229357213e-06,-0.00368335498084,0.0
89.2,-3.608166953e-06,-0.00368143413422,0.0
89.25,-3.57435839316e-06,-0.00367951535065,0.0
89.3,-3.54086495017e-06,-0.00367759861863,0.0
89.35,-3.50768370849e-06,-0.00367568447081,0.0
89.4,-3.47481177867e-06,-0.00367377779291,0.0
89.45,-3.44224629224e-06,-0.00367187314619,0.0
89.5,-3.40998441326e-06,-0.00366997051933,0.0
89.55,-3.37802333174e-06,-0.00366806990106,0.0
89.6,-3.3463602634e-06,-0.0036661712802,0.0
89.65,-3.31499244949e-06,-0.00366427464562,0.0
89.7,-3.28391715651e-06,-0.00366237998627,0.0
89.75,-3.253131676e-06,-0.00366048729117,0.0
89.8,-3.22263332433e-06,-0.00365859654941,0.0
89.85,-3.19243539673e-06,-0.00365670775014,0.0
89.9,-3.16251898934e-06,-0.00365482088264,0.0
89.95,-3.13288149627e-06,-0.00365293593618,0.0
90.0,-3.10352033552e-06,-0.00365105290013,0.0
90.05,-3.07443294875e-06,-0.00364917176391,0.0
90.1,-3.04561680103e-06,-0.00364729251701,0.0
90.15,-3.01706938071e-06,-0.003645415149,0.0
90.2,-2.98878819912e-06,-0.00364353964949,0.0
90.25,-2.96077079042e-06,-0.00364166600817,0.0
90.3,-2.93301471139e-06,-0.0036397942148,0.0
90.35,-2.90551754119e-06,-0.00363792849901,0.0
90.4,-2.87827687724e-06,-0.0036360664637,0.0
90.45,-2.85129034137e-06,-0.0036342062599,0.0
90.5,-2.82455557894e-06,-0.00363234787749,0.0
90.55,-2.79807025694e-06,-0.00363049130644,0.0
90.6,-2.77183206375e-06,-0.00362863653676,0.0
90.65,-2.74583870897e-06,-0.00362678355854,0.0
90.7,-2.72008792322e-06,-0.0036249323619,0.0
90.75,-2.69457745794e-06,-0.00362308293707,0.0
90.8,-2.66930508524e-06,-0.00362123527431,0.0
90.85,-2.64428181252e-06,-0.00361938936395,0.0
90.9,-2.6194919768e-06,-0.00361756008981,0.0
90.95,-2.59493339364e-06,-0.00361573394193,0.0
91.0,-2.57060392793e-06,-0.00361390952944,0.0
91.05,-2.54650145645e-06,-0.00361208684269,0.0
91.1,-2.52262387548e-06,-0.00361026587207,0.0
91.15,-2.49896910058e-06,-0.00360844660805,0.0
91.2,-2.47553506648e-06,-0.00360662904114,0.0
91.25,-2.45231972683e-06,-0.00360481316193,0.0
91.3,-2.42932105412e-06,-0.00360299896107,0.0
91.35,-2.4065370394e-06,-0.00360118642925,0.0
91.4,-1.4360951694e-06,-0.00359937555726,0.0
91.45,0.0,-0.0035975638537,0.0
91.5,0.0,-0.00359575010859,0.0
91.55,0.0,-0.00359393810034,0.0
91.6,0.0,-0.00359212781865,0.0
91.65,0.0,-0.00359031925326,0.0
91.7,0.0,-0.00358851239402,0.0
91.75,0.0,-0.00358670723083,0.0
91.8,0.0,-0.00358490375367,0.0
91.85,0.0,-0.00358310431266,0.0
91.9,0.0,-0.00358131017346,0.0
91.95,0.0,-0.00357951770422,0.0
92.0,0.0,-0.00357772689507,0.0
92.05,0.0,-0.00357593773622,0.0
92.1,0.0,-0.00357415021795,0.0
92.15,0.0,-0.00357236433061,0.0
92.2,0.0,-0.0035705800646,0.0
92.25,0.0,-0.00356879741042,0.0
92.3,0.0,-0.00356701635862,0.0
92.35,0.0,-0.00356523689981,0.0
92.4,0.0,-0.00356346183827,0.0
92.45,0.0,-0.00356169134651,0.0
92.5,0.0,-0.00355992243314,0.0
92.55,0.0,-0.00355815508894,0.0
92.6,0.0,-0.00355638930473,0.0
92.65,0.0,-0.0035546250714,0.0
92.7,0.0,-0.00355286237993,0.0
92.75,0.0,-0.00355110122133,0.0
92.8,0.0,-0.00354934158669,0.0
92.85,0.0,-0.00354758346716,0.0
92.9,0.0,-0.00354582685397,0.0
92.95,0.0,-0.00354407173838,0.0
93.0,0.0,-0.00354231811173,0.0
93.05,0.0,-0.00354056596543,0.0
93.1,0.0,-0.00353881529093,0.0
93.15,0.0,-0.00353706607977,0.0
93.2,0.0,-0.00353531832351,0.0
93.25,0.0,-0.00353357201381,0.0
93.3,0.0,-0.00353182714237,0.0
93.35,0.0,-0.00353008423746,0.0
93.4,0.0,-0.0035283501915,0.0
93.45,0.0,-0.00352662468035,0.0
93.5,0.0,-0.0035249005898,0.0
93.55,0.0,-0.00352317790993,0.0
93.6,0.0,-0.00352145663257,0.0
93.65,0.0,-0.00351973674961,0.0
93.7,0.0,-0.003518018253,0.0
93.75,0.0,-0.00351630113474,0.0
93.8,0.0,-0.0035145853869,0.0
93.85,0.0,-0.00351287100158,0.0
93.9,0.0,-0.00351115901049,0.0
93.95,0.0,-0.00350945304572,0.0
94.0,0.0,-0.003507748433,0.0
94.05,0.0,-0.00350604516456,0.0
94.1,0.0,-0.00350434323268,0.0
94.15,0.0,-0.00350264262971,0.0
94.2,0.0,-0.00350094334804,0.0
94.25,0.0,-0.00349924538011,0.0
94.3,0.0,-0.00349754871844,0.0
94.35,0.0,-0.00349585335557,0.0
94.4,0.0,-0.00349415928413,0.0
94.45,0.0,-0.00349246649678,0.0
94.5,0.0,-0.00349077498622,0.0
94.55,0.0,-0.00348908474525,0.0
94.6,0.0,-0.00348739576666,0.0
94.65,0.0,-0.00348570804335,0.0
94.7,0.0,-0.00348402156823,0.0
94.75,0.0,-0.00348233633427,0.0
94.8,0.0,-0.00348065233452,0.0
94.85,0.0,-0.00347896956203,0.0
94.9,0.0,-0.00347729259129,0.0
94.95,0.0,-0.00347561807768,0.0
95.0,0.0,-0.00347394478385,0.0
95.05,0.0,-0.00347227270297,0.0
95.1,0.0,-0.00347060182825,0.0
95.15,0.0,-0.00346893215293,0.0
95.2,0.0,-0.00346726367034,0.0
95.25,0.0,-0.00346559637381,0.0
95.3,0.0,-0.00346393025675,0.0
95.35,0.0,-0.00346226531261,0.0
95.4,0.0,-0.00346060153489,0.0
95.45,0.0,-0.00345894386783,0.0
95.5,0.0,-0.00345728804823,0.0
95.55,0.0,-0.00345563338839,0.0
95.6,0.0,-0.00345397988188,0.0
95.65,0.0,-0.00345232752233,0.0
95.7,0.0,-0.00345067630339,0.0
95.75,0.0,-0.00344902621878,0.0
95.8,0.0,-0.00344737726225,0.0
95.85,0.0,-0.00344572942759,0.0
95.9,0.0,-0.00344408270865,0.0
95.95,0.0,-0.00344243709933,0.0
96.0,0.0,-0.00344079259355,0.0
96.05,0.0,-0.00343914918528,0.0
96.1,0.0,-0.00343750686856,0.0
96.15,0.0,-0.00343586563744,0.0
96.2,0.0,-0.00343422548603,0.0
96.25,0.0,-0.00343259230585,0.0
96.3,0.0,-0.00343096237364,0.0
96.35,0.0,-0.0034293335061,0.0
96.4,0.0,-0.0034277084762,0.0
96.45,0.0,-0.00342608745757,0.0
96.5,0.0,-0.00342446749887,0.0
96.55,0.0,-0.0034228485943,0.0
96.6,0.0,-0.00342123073807,0.0
96.65,0.0,-0.00341961392446,0.0
96.7,0.0,-0.00341799814777,0.0
96.75,0.0,-0.00341638340236,0.0
96.8,0.0,-0.00341476968262,0.0
96.85,0.0,-0.00341315698297,0.0
96.9,0.0,-0.0034115452979,0.0
96.95,0.0,-0.00340993781922,0.0
97.0,0.0,-0.00340833370683,0.0
97.05,0.0,-0.00340673060491,0.0
97.1,0.0,-0.00340512850799,0.0
97.15,0.0,-0.00340352741063,0.0
97.2,0.0,-0.00340192730743,0.0
97.25,0.0,-0.00340032819304,0.0
97.3,0.0,-0.00339873006214,0.0
97.35,0.0,-0.00339713290944,0.0
97.4,0.0,-0.00339553672972,0.0
97.45,0.0,-0.00339394151776,0.0
97.5,0.0,-0.0033923472684,0.0
97.55,0.0,-0.00339075397651,0.0
97.6,0.0,-0.00338916163701,0.0
97.65,0.0,-0.00338757024484,0.0
97.7,0.0,-0.00338597979499,0.0
97.75,0.0,-0.00338439028247,0.0
97.8,0.0,-0.00338280170236,0.0
97.85,0.0,-0.00338121404973,0.0
97.9,0.0,-0.00337962834706,0.0
97.95,0.0,-0.00337804818682,0.0
98.0,0.0,-0.00337646895206,0.0
98.05,0.0,-0.0033748906379,0.0
98.1,0.0,-0.0033733132395,0.0
98.15,0.0,-0.00337173675205,0.0
98.2,0.0,-0.00337016117079,0.0
98.25,0.0,-0.00336858649098,0.0
98.3,0.0,-0.00336701270791,0.0
98.35,0.0,-0.00336543981694,0.0
98.4,0.0,-0.00336386781342,0.0
98.45,0.0,-0.00336229818595,0.0
98.5,0.0,-0.00336073342141,0.0
98.55,0.0,-0.00335916954271,0.0
98.6,0.0,-0.00335760654526,0.0
98.65,0.0,-0.00335604442448,0.0
98.7,0.0,-0.00335448317583,0.0
98.75,0.0,-0.00335292279481,0.0
98.8,0.0,-0.00335136327694,0.0
98.85,0.0,-0.00334980461779,0.0
98.9,0.0,-0.00334824681294,0.0
98.95,0.0,-0.00334668985804,0.0
99.0,0.0,-0.00334513374872,0.0
99.05,0.0,-0.00334357848068,0.0
99.1,0.0,-0.00334202404965,0.0
99.15,0.0,-0.00334047045137,0.0
99.2,0.0,-0.00333891768162,0.0
99.25,0.0,-0.00333736573624,0.0
99.3,0.0,-0.00333581461104,0.0
99.35,0.0,-0.00333426653947,0.0
99.4,0.0,-0.00333272420809,0.0
99.45,0.0,-0.00333118758395,0.0
99.5,0.0,-0.00332965245331,0.0
99.55,0.0,-0.00332811813829,0.0
99.6,0.0,-0.00332658463471,0.0
99.65,0.0,-0.0033250519384,0.0
99.7,0.0,-0.00332352004524,0.0
99.75,0.0,-0.00332198895115,0.0
99.8,0.0,-0.00332045865206,0.0
99.85,0.0,-0.00331892914394,0.0
99.9,0.0,-0.00331740042278,0.0
99.95,0.0,-0.00331587248461,0.0
100.0,0.0,-0.00331435056013,0.0
