"time","AMPA","NMDA","GABAa"
0.0,0.0,0.0,0.0
0.05,0.0,0.0,0.0
0.1,0.0,0.0,0.0
0.15,0.0,0.0,0.0
0.2,0.0,0.0,0.0
0.25,0.0,0.0,0.0
0.3,0.0,0.0,0.0
0.35,0.0,0.0,0.0
0.4,0.0,0.0,0.0
0.45,0.0,0.0,0.0
0.5,0.0,0.0,0.0
0.55,0.0,0.0,0.0
0.6,0.0,0.0,0.0
0.65,0.0,0.0,0.0
0.7,0.0,0.0,0.0
0.75,0.0,0.0,0.0
0.8,0.0,0.0,0.0
0.85,0.0,0.0,0.0
0.9,0.0,0.0,0.0
0.95,0.0,0.0,0.0
1.0,0.0,0.0,0.0
1.05,0.0,0.0,0.0
1.1,0.0,0.0,0.0
1.15,0.0,0.0,0.0
1.2,0.0,0.0,0.0
1.25,0.0,0.0,0.0
1.3,0.0,0.0,0.0
1.35,0.0,0.0,0.0
1.4,0.0,0.0,0.0
1.45,0.0,0.0,0.0
1.5,0.0,0.0,0.0
1.55,0.0,0.0,0.0
1.6,0.0,0.0,0.0
1.65,0.0,0.0,0.0
1.7,0.0,0.0,0.0
1.75,0.0,0.0,0.0
1.8,0.0,0.0,0.0
1.85,0.0,0.0,0.0
1.9,0.0,0.0,0.0
1.95,0.0,0.0,0.0
2.0,0.0,0.0,0.0
2.05,0.0,0.0,0.0
2.1,0.0,0.0,0.0
2.15,0.0,0.0,0.0
2.2,0.0,0.0,0.0
2.25,0.0,0.0,0.0
2.3,0.0,0.0,0.0
2.35,0.0,0.0,0.0
2.4,0.0,0.0,0.0
2.45,0.0,0.0,0.0
2.5,0.0,0.0,0.0
2.55,0.0,0.0,0.0
2.6,0.0,0.0,0.0
2.65,0.0,0.0,0.0
2.7,0.0,0.0,0.0
2.75,0.0,0.0,0.0
2.8,0.0,0.0,0.0
2.85,0.0,0.0,0.0
2.9,0.0,0.0,0.0
2.95,0.0,0.0,0.0
3.0,0.0,0.0,0.0
3.05,0.0,0.0,0.0
3.1,0.0,0.0,0.0
3.15,0.0,0.0,0.0
3.2,0.0,0.0,0.0
3.25,0.0,0.0,0.0
3.3,0.0,0.0,0.0
3.35,0.0,0.0,0.0
3.4,0.0,0.0,0.0
3.45,0.0,0.0,0.0
3.5,0.0,0.0,0.0
3.55,0.0,0.0,0.0
3.6,0.0,0.0,0.0
3.65,0.0,0.0,0.0
3.7,0.0,0.0,0.0
3.75,0.0,0.0,0.0
3.8,0.0,0.0,0.0
3.85,0.0,0.0,0.0
3.9,0.0,0.0,0.0
3.95,0.0,0.0,0.0
4.0,0.0,0.0,0.0
4.05,0.0,0.0,0.0
4.1,0.0,0.0,0.0
4.15,0.0,0.0,0.0
4.2,0.0,0.0,0.0
4.25,0.0,0.0,0.0
4.3,0.0,0.0,0.0
4.35,0.0,0.0,0.0
4.4,0.0,0.0,0.0
4.45,0.0,0.0,0.0
4.5,0.0,0.0,0.0
4.55,0.0,0.0,0.0
4.6,0.0,0.0,0.0
4.65,0.0,0.0,0.0
4.7,0.0,0.0,0.0
4.75,0.0,0.0,0.0
4.8,0.0,0.0,0.0
4.85,0.0,0.0,0.0
4.9,0.0,0.0,0.0
4.95,0.0,0.0,0.0
5.0,0.0,0.0,0.0
5.05,0.0,0.0,0.0
5.1,0.0,0.0,0.0
5.15,0.0,0.0,0.0
5.2,0.0,0.0,0.0
5.25,0.0,0.0,0.0
5.3,0.0,0.0,0.0
5.35,0.0,0.0,0.0
5.4,0.0,0.0,0.0
5.45,0.0,0.0,0.0
5.5,0.0,0.0,0.0
5.55,0.0,0.0,0.0
5.6,0.0,0.0,0.0
5.65,0.0,0.0,0.0
5.7,0.0,0.0,0.0
5.75,0.0,0.0,0.0
5.8,0.0,0.0,0.0
5.85,0.0,0.0,0.0
5.9,0.0,0.0,0.0
5.95,0.0,0.0,0.0
6.0,0.0,0.0,0.0
6.05,0.0,0.0,0.0
6.1,0.0,0.0,0.0
6.15,0.0,0.0,0.0
6.2,0.0,0.0,0.0
6.25,0.0,0.0,0.0
6.3,0.0,0.0,0.0
6.35,0.0,0.0,0.0
6.4,0.0,0.0,0.0
6.45,0.0,0.0,0.0
6.5,0.0,0.0,0.0
6.55,0.0,0.0,0.0
6.6,0.0,0.0,0.0
6.65,0.0,0.0,0.0
6.7,0.0,0.0,0.0
6.75,0.0,0.0,0.0
6.8,0.0,0.0,0.0
6.85,0.0,0.0,0.0
6.9,0.0,0.0,0.0
6.95,0.0,0.0,0.0
7.0,0.0,0.0,0.0
7.05,0.0,0.0,0.0
7.1,0.0,0.0,0.0
7.15,0.0,0.0,0.0
7.2,0.0,0.0,0.0
7.25,0.0,0.0,0.0
7.3,0.0,0.0,0.0
7.35,0.0,0.0,0.0
7.4,0.0,0.0,0.0
7.45,0.0,0.0,0.0
7.5,0.0,0.0,0.0
7.55,0.0,0.0,0.0
7.6,0.0,0.0,0.0
7.65,0.0,0.0,0.0
7.7,0.0,0.0,0.0
7.75,0.0,0.0,0.0
7.8,0.0,0.0,0.0
7.85,0.0,0.0,0.0
7.9,0.0,0.0,0.0
7.95,0.0,0.0,0.0
8.0,0.0,0.0,0.0
8.05,0.0,0.0,0.0
8.1,0.0,0.0,0.0
8.15,0.0,0.0,0.0
8.2,0.0,0.0,0.0
8.25,0.0,0.0,0.0
8.3,0.0,0.0,0.0
8.35,0.0,0.0,0.0
8.4,0.0,0.0,0.0
8.45,0.0,0.0,0.0
8.5,0.0,0.0,0.0
8.55,0.0,0.0,0.0
8.6,0.0,0.0,0.0
8.65,0.0,0.0,0.0
8.7,0.0,0.0,0.0
8.75,0.0,0.0,0.0
8.8,0.0,0.0,0.0
8.85,0.0,0.0,0.0
8.9,0.0,0.0,0.0
8.95,0.0,0.0,0.0
9.0,0.0,0.0,0.0
9.05,0.0,0.0,0.0
9.1,0.0,0.0,0.0
9.15,0.0,0.0,0.0
9.2,0.0,0.0,0.0
9.25,0.0,0.0,0.0
9.3,0.0,0.0,0.0
9.35,0.0,0.0,0.0
9.4,0.0,0.0,0.0
9.45,0.0,0.0,0.0
9.5,0.0,0.0,0.0
9.55,0.0,0.0,0.0
9.6,0.0,0.0,0.0
9.65,0.0,0.0,0.0
9.7,0.0,0.0,0.0
9.75,0.0,0.0,0.0
9.8,0.0,0.0,0.0
9.85,0.0,0.0,0.0
9.9,0.0,0.0,0.0
9.95,0.0,0.0,0.0
10.0,0.0,0.0,0.0
10.05,0.0,0.0,0.0
10.1,0.0,0.0,0.0
10.15,0.0,0.0,0.0
10.2,0.0,0.0,0.0
10.25,0.0,0.0,0.0
10.3,0.0,0.0,0.0
10.35,0.0,0.0,0.0
10.4,0.0,0.0,0.0
10.45,0.0,0.0,0.0
10.5,0.0,0.0,0.0
10.55,0.0,0.0,0.0
10.6,0.0,0.0,0.0
10.65,0.0,0.0,0.0
10.7,0.0,0.0,0.0
10.75,0.0,0.0,0.0
10.8,0.0,0.0,0.0
10.85,0.0,0.0,0.0
10.9,0.0,0.0,0.0
10.95,0.0,0.0,0.0
11.0,0.0,0.0,0.0
11.05,0.0,0.0,0.0
11.1,0.0,0.0,0.0
11.15,0.0,0.0,0.0
11.2,0.0,0.0,0.0
11.25,0.0,0.0,0.0
11.3,0.0,0.0,0.0
11.35,0.0,0.0,0.0
11.4,0.0,0.0,0.0
11.45,0.0,0.0,0.0
11.5,0.0,0.0,0.0
11.55,0.0,0.0,0.0
11.6,0.0,0.0,0.0
11.65,0.0,0.0,0.0
11.7,0.0,0.0,0.0
11.75,0.0,0.0,0.0
11.8,0.0,0.0,0.0
11.85,0.0,0.0,0.0
11.9,0.0,0.0,0.0
11.95,0.0,0.0,0.0
12.0,0.0,0.0,0.0
12.05,0.0,0.0,0.0
12.1,0.0,0.0,0.0
12.15,0.0,0.0,0.0
12.2,0.0,0.0,0.0
12.25,0.0,0.0,0.0
12.3,0.0,0.0,0.0
12.35,0.0,0.0,0.0
12.4,0.0,0.0,0.0
12.45,0.0,0.0,0.0
12.5,0.0,0.0,0.0
12.55,0.0,0.0,0.0
12.6,0.0,0.0,0.0
12.65,0.0,0.0,0.0
12.7,0.0,0.0,0.0
12.75,0.0,0.0,0.0
12.8,0.0,0.0,0.0
12.85,0.0,0.0,0.0
12.9,0.0,0.0,0.0
12.95,0.0,0.0,0.0
13.0,0.0,0.0,0.0
13.05,0.0,0.0,0.0
13.1,0.0,0.0,0.0
13.15,0.0,0.0,0.0
13.2,0.0,0.0,0.0
13.25,0.0,0.0,0.0
13.3,0.0,0.0,0.0
13.35,0.0,0.0,0.0
13.4,0.0,0.0,0.0
13.45,0.0,0.0,0.0
13.5,0.0,0.0,0.0
13.55,0.0,0.0,0.0
13.6,0.0,0.0,0.0
13.65,0.0,0.0,0.0
13.7,0.0,0.0,0.0
13.75,0.0,0.0,0.0
13.8,0.0,0.0,0.0
13.85,0.0,0.0,0.0
13.9,0.0,0.0,0.0
13.95,0.0,0.0,0.0
14.0,0.0,0.0,0.0
14.05,0.0,0.0,0.0
14.1,0.0,0.0,0.0
14.15,0.0,0.0,0.0
14.2,0.0,0.0,0.0
14.25,0.0,0.0,0.0
14.3,0.0,0.0,0.0
14.35,0.0,0.0,0.0
14.4,0.0,0.0,0.0
14.45,0.0,0.0,0.0
14.5,0.0,0.0,0.0
14.55,0.0,0.0,0.0
14.6,0.0,0.0,0.0
14.65,0.0,0.0,0.0
14.7,0.0,0.0,0.0
14.75,0.0,0.0,0.0
14.8,0.0,0.0,0.0
14.85,0.0,0.0,0.0
14.9,0.0,0.0,0.0
14.95,0.0,0.0,0.0
15.0,0.0,0.0,0.0
15.05,0.0,0.0,0.0
15.1,0.0,0.0,0.0
15.15,0.0,0.0,0.0
15.2,0.0,0.0,0.0
15.25,0.0,0.0,0.0
15.3,0.0,0.0,0.0
15.35,0.0,0.0,0.0
15.4,0.0,0.0,0.0
15.45,0.0,0.0,0.0
15.5,0.0,0.0,0.0
15.55,0.0,0.0,0.0
15.6,0.0,0.0,0.0
15.65,0.0,0.0,0.0
15.7,0.0,0.0,0.0
15.75,0.0,0.0,0.0
15.8,0.0,0.0,0.0
15.85,0.0,0.0,0.0
15.9,0.0,0.0,0.0
15.95,0.0,0.0,0.0
16.0,0.0,0.0,0.0
16.05,0.0,0.0,0.0
16.1,0.0,0.0,0.0
16.15,0.0,0.0,0.0
16.2,0.0,0.0,0.0
16.25,0.0,0.0,0.0
16.3,0.0,0.0,0.0
16.35,0.0,0.0,0.0
16.4,0.0,0.0,0.0
16.45,0.0,0.0,0.0
16.5,0.0,0.0,0.0
16.55,0.0,0.0,0.0
16.6,0.0,0.0,0.0
16.65,0.0,0.0,0.0
16.7,0.0,0.0,0.0
16.75,0.0,0.0,0.0
16.8,0.0,0.0,0.0
16.85,0.0,0.0,0.0
16.9,0.0,0.0,0.0
16.95,0.0,0.0,0.0
17.0,0.0,0.0,0.0
17.05,0.0,0.0,0.0
17.1,0.0,0.0,0.0
17.15,0.0,0.0,0.0
17.2,0.0,0.0,0.0
17.25,0.0,0.0,0.0
17.3,0.0,0.0,0.0
17.35,0.0,0.0,0.0
17.4,0.0,0.0,0.0
17.45,0.0,0.0,0.0
17.5,0.0,0.0,0.0
17.55,0.0,0.0,0.0
17.6,0.0,0.0,0.0
17.65,0.0,0.0,0.0
17.7,0.0,0.0,0.0
17.75,0.0,0.0,0.0
17.8,0.0,0.0,0.0
17.85,0.0,0.0,0.0
17.9,0.0,0.0,0.0
17.95,0.0,0.0,0.0
18.0,0.0,0.0,0.0
18.05,0.0,0.0,0.0
18.1,0.0,0.0,0.0
18.15,0.0,0.0,0.0
18.2,0.0,0.0,0.0
18.25,0.0,0.0,0.0
18.3,0.0,0.0,0.0
18.35,0.0,0.0,0.0
18.4,0.0,0.0,0.0
18.45,0.0,0.0,0.0
18.5,0.0,0.0,0.0
18.55,0.0,0.0,0.0
18.6,0.0,0.0,0.0
18.65,0.0,0.0,0.0
18.7,0.0,0.0,0.0
18.75,0.0,0.0,0.0
18.8,0.0,0.0,0.0
18.85,0.0,0.0,0.0
18.9,0.0,0.0,0.0
18.95,0.0,0.0,0.0
19.0,0.0,0.0,0.0
19.05,0.0,0.0,0.0
19.1,0.0,0.0,0.0
19.15,0.0,0.0,0.0
19.2,0.0,0.0,0.0
19.25,0.0,0.0,0.0
19.3,0.0,0.0,0.0
19.35,0.0,0.0,0.0
19.4,0.0,0.0,0.0
19.45,0.0,0.0,0.0
19.5,0.0,0.0,0.0
19.55,0.0,0.0,0.0
19.6,0.0,0.0,0.0
19.65,0.0,0.0,0.0
19.7,0.0,0.0,0.0
19.75,0.0,0.0,0.0
19.8,0.0,0.0,0.0
19.85,0.0,0.0,0.0
19.9,0.0,0.0,0.0
19.95,0.0,0.0,0.0
20.0,0.0,0.0,0.0
20.05,0.0,0.0,0.0
20.1,0.0,0.0,0.0
20.15,0.0,0.0,0.0
20.2,0.0,0.0,0.0
20.25,0.0,0.0,0.0
20.3,0.0,0.0,0.0
20.35,0.0,0.0,0.0
20.4,0.0,0.0,0.0
20.45,0.0,0.0,0.0
20.5,0.0,0.0,0.0
20.55,0.0,0.0,0.0
20.6,0.0,0.0,0.0
20.65,0.0,0.0,0.0
20.7,0.0,0.0,0.0
20.75,0.0,0.0,0.0
20.8,0.0,0.0,0.0
20.85,0.0,0.0,0.0
20.9,0.0,0.0,0.0
20.95,0.0,0.0,0.0
21.0,0.0,0.0,0.0
21.05,0.0,0.0,0.0
21.1,0.0,0.0,0.0
21.15,0.0,0.0,0.0
21.2,0.0,0.0,0.0
21.25,0.0,0.0,0.0
21.3,0.0,0.0,0.0
21.35,0.0,0.0,0.0
21.4,0.0,0.0,0.0
21.45,0.0,0.0,0.0
21.5,0.0,0.0,0.0
21.55,0.0,0.0,0.0
21.6,0.0,0.0,0.0
21.65,0.0,0.0,0.0
21.7,0.0,0.0,0.0
21.75,0.0,0.0,0.0
21.8,0.0,0.0,0.0
21.85,0.0,0.0,0.0
21.9,0.0,0.0,0.0
21.95,0.0,0.0,0.0
22.0,0.0,0.0,0.0
22.05,0.0,0.0,0.0
22.1,0.0,0.0,0.0
22.15,0.0,0.0,0.0
22.2,0.0,0.0,0.0
22.25,0.0,0.0,0.0
22.3,0.0,0.0,0.0
22.35,0.0,0.0,0.0
22.4,0.0,0.0,0.0
22.45,0.0,0.0,0.0
22.5,0.0,0.0,0.0
22.55,0.0,0.0,0.0
22.6,0.0,0.0,0.0
22.65,0.0,0.0,0.0
22.7,0.0,0.0,0.0
22.75,0.0,0.0,0.0
22.8,0.0,0.0,0.0
22.85,0.0,0.0,0.0
22.9,0.0,0.0,0.0
22.95,0.0,0.0,0.0
23.0,0.0,0.0,0.0
23.05,0.0,0.0,0.0
23.1,0.0,0.0,0.0
23.15,0.0,0.0,0.0
23.2,0.0,0.0,0.0
23.25,0.0,0.0,0.0
23.3,0.0,0.0,0.0
23.35,0.0,0.0,0.0
23.4,0.0,0.0,0.0
23.45,0.0,0.0,0.0
23.5,0.0,0.0,0.0
23.55,0.0,0.0,0.0
23.6,0.0,0.0,0.0
23.65,0.0,0.0,0.0
23.7,0.0,0.0,0.0
23.75,0.0,0.0,0.0
23.8,0.0,0.0,0.0
23.85,0.0,0.0,0.0
23.9,0.0,0.0,0.0
23.95,0.0,0.0,0.0
24.0,0.0,0.0,0.0
24.05,0.0,0.0,0.0
24.1,0.0,0.0,0.0
24.15,0.0,0.0,0.0
24.2,0.0,0.0,0.0
24.25,0.0,0.0,0.0
24.3,0.0,0.0,0.0
24.35,0.0,0.0,0.0
24.4,0.0,0.0,0.0
24.45,0.0,0.0,0.0
24.5,0.0,0.0,0.0
24.55,0.0,0.0,0.0
24.6,0.0,0.0,0.0
24.65,0.0,0.0,0.0
24.7,0.0,0.0,0.0
24.75,0.0,0.0,0.0
24.8,0.0,0.0,0.0
24.85,0.0,0.0,0.0
24.9,0.0,0.0,0.0
24.95,0.0,0.0,0.0
25.0,0.0,0.0,0.0
25.05,0.0,0.0,0.0
25.1,0.0,0.0,0.0
25.15,0.0,0.0,0.0
25.2,0.0,0.0,0.0
25.25,0.0,0.0,0.0
25.3,0.0,0.0,0.0
25.35,0.0,0.0,0.0
25.4,0.0,0.0,0.0
25.45,0.0,0.0,0.0
25.5,0.0,0.0,0.0
25.55,0.0,0.0,0.0
25.6,0.0,0.0,0.0
25.65,0.0,0.0,0.0
25.7,0.0,0.0,0.0
25.75,0.0,0.0,0.0
25.8,0.0,0.0,0.0
25.85,0.0,0.0,0.0
25.9,0.0,0.0,0.0
25.95,0.0,0.0,0.0
26.0,0.0,0.0,0.0
26.05,0.0,0.0,0.0
26.1,0.0,0.0,0.0
26.15,0.0,0.0,0.0
26.2,0.0,0.0,0.0
26.25,0.0,0.0,0.0
26.3,0.0,0.0,0.0
26.35,0.0,0.0,0.0
26.4,0.0,0.0,8.57154836332e-17
26.45,0.0,0.0,0.000115829952449
26.5,0.0,0.0,0.000205079946154
26.55,0.0,0.0,0.000273680107722
26.6,0.0,0.0,0.000326276173331
26.65,0.0,0.0,0.000366491900827
26.7,0.0,0.0,0.000397144615025
26.75,0.0,0.0,0.000535051835433
26.8,0.0,0.0,0.000640140844586
26.85,0.0,0.0,0.000833598493988
26.9,0.0,0.0,0.000979835000733
26.95,0.0,0.0,0.00108942596167
27.0,0.0,0.0,0.00117070246218
27.05,0.0,0.0,0.00145220778866
27.1,0.0,0.0,0.00166100013883
27.15,0.0,0.0,0.00181338244881
27.2,0.0,0.0,0.00192229905644
27.25,0.0,0.0,0.00199791270909
27.3,0.0,0.0,0.00215320159986
27.35,0.0,0.0,0.00226125908469
27.4,0.0,0.0,0.00233253074035
27.45,0.0,0.0,0.00237274427059
27.5,0.0,0.0,0.00239271378282
27.55,0.0,0.0,0.00249514295482
27.6,0.0,0.0,0.00255960719671
27.65,0.0,0.0,0.00268983985635
27.7,0.0,0.0,0.00277162975615
27.75,0.0,0.0,0.00281407321279
27.8,0.0,0.0,0.00282936341332
27.85,0.0,0.0,0.00290936291071
27.9,0.0,0.0,0.00295040950671
27.95,0.0,0.0,0.00296257302892
28.0,0.0,0.0,0.00295236138448
28.05,0.0,0.0,0.00292091933395
28.1,0.0,0.0,0.00287934142512
28.15,0.0,0.0,0.00283087433088
28.2,0.0,0.0,0.00277794056182
28.25,0.0,0.0,0.0027218009276
28.3,0.0,0.0,0.00266165090359
28.35,0.0,0.0,0.00260145018964
28.4,0.0,0.0,0.00254185221655
28.45,0.0,0.0,0.00248332308621
28.5,0.0,0.0,0.00242569220997
28.55,0.0,0.0,0.00236724590833
28.6,0.0,0.0,0.00231034440859
28.65,0.0,0.0,0.00225315845067
28.7,0.0,0.0,0.00219829164924
28.75,0.0,0.0,0.00214568499009
28.8,0.0,0.0,0.0020948270017
28.85,0.0,0.0,0.0020438883127
28.9,0.0,0.0,0.00199521200102
28.95,0.0,0.0,0.00194868250923
29.0,0.0,0.0,0.00190418695434
29.05,0.0,0.0,0.00186162693756
29.1,0.0,0.0,0.00182089697727
29.15,0.0,0.0,0.00178190592632
29.2,0.0,0.0,0.00174456334449
29.25,0.0,0.0,0.00170878769726
29.3,0.0,0.0,0.00167450028678
29.35,0.0,0.0,0.00164162843707
29.4,0.0,0.0,0.00161009776406
29.45,0.0,0.0,0.00157984324625
29.5,0.0,0.0,0.00160145033016
29.55,0.0,0.0,0.00161070772973
29.6,0.0,0.0,0.00161079705532
29.65,0.0,0.0,0.00160416089047
29.7,0.0,0.0,0.00159265769658
29.75,0.0,0.0,0.00157894309994
29.8,0.0,0.0,0.00157919663436
29.85,0.0,0.0,0.00157341429784
29.9,0.0,0.0,0.00156325643214
29.95,0.0,0.0,0.00154998652435
30.0,0.0,0.0,0.00153456025321
30.05,0.0,0.0,0.00151770211217
30.1,0.0,0.0,0.0014999476101
30.15,0.0,0.0,0.00148289841973
30.2,0.0,0.0,0.0014798212109
30.25,0.0,0.0,0.00147294650387
30.3,0.0,0.0,0.00146334212505
30.35,0.0,0.0,0.00145181980521
30.4,0.0,0.0,0.00143898964745
30.45,0.0,0.0,0.00142500099836
30.5,0.0,0.0,0.00140893754539
30.55,0.0,0.0,0.00139277175348
30.6,0.0,0.0,0.00137667235531
30.65,0.0,0.0,0.00136174745416
30.7,0.0,0.0,0.00136366492234
30.75,0.0,0.0,0.00136144659239
30.8,0.0,0.0,0.00135469195178
30.85,0.0,0.0,0.00134588918404
30.9,0.0,0.0,0.00133565248177
30.95,0.0,0.0,0.00132444745884
31.0,0.0,0.0,0.00131262649161
31.05,0.0,0.0,0.0013004530232
31.1,0.0,0.0,0.00128812084643
31.15,0.0,0.0,0.00127568365588
31.2,0.0,0.0,0.00126181821299
31.25,0.0,0.0,0.0012482004147
31.3,0.0,0.0,0.00123657212328
31.35,0.0,0.0,0.00126022971299
31.4,0.0,0.0,0.00127518366353
31.45,0.0,0.0,0.00128354360273
31.5,0.0,0.0,0.00128694305636
31.55,0.0,0.0,0.00128663983262
31.6,0.0,0.0,0.00128359731429
31.65,0.0,0.0,0.00127844400492
31.7,0.0,0.0,0.00127039882781
31.75,0.0,0.0,0.00126142629694
31.8,0.0,0.0,0.00125184455588
31.85,0.0,0.0,0.00124189144981
31.9,0.0,0.0,0.00123174459392
31.95,0.0,0.0,0.00122153667039
32.0,0.0,0.0,0.0012113666781
32.05,0.0,0.0,0.00120130616619
32.1,0.0,0.0,0.00119140444146
32.15,0.0,0.0,0.00118169806584
32.2,0.0,0.0,0.00117300050275
32.25,0.0,0.0,0.00118134115131
32.3,0.0,0.0,0.00118539352489
32.35,0.0,0.0,0.0011835868456
32.4,0.0,0.0,0.00117965044287
32.45,0.0,0.0,0.00117416097139
32.5,0.0,0.0,0.0011682591798
32.55,0.0,0.0,0.00118023962257
32.6,0.0,0.0,0.00118693792299
32.65,0.0,0.0,0.00118965004287
32.7,0.0,0.0,0.00118937689191
32.75,0.0,0.0,0.00118688419422
32.8,0.0,0.0,0.00118276232289
32.85,0.0,0.0,0.00117746357425
32.9,0.0,0.0,0.00117132858387
32.95,0.0,0.0,0.00116461860055
33.0,0.0,0.0,0.00115753253256
33.05,0.0,0.0,0.00115021924121
33.1,0.0,0.0,0.00114279018653
33.15,0.0,0.0,0.00113595009912
33.2,0.0,0.0,0.00114897981715
33.25,0.0,0.0,0.00115566421669
33.3,0.0,0.0,0.00115864223804
33.35,0.0,0.0,0.00115883622212
33.4,0.0,0.0,0.00115695236983
33.45,0.0,0.0,0.00115353497425
33.5,0.0,0.0,0.001149789628
33.55,0.0,0.0,0.00115595503685
33.6,0.0,0.0,0.00115855315812
33.65,0.0,0.0,0.00115847221445
33.7,0.0,0.0,0.00115689588913
33.75,0.0,0.0,0.00117650183685
33.8,0.0,0.0,0.00118927744755
33.85,0.0,0.0,0.00119685867753
33.9,0.0,0.0,0.00120050988382
33.95,0.0,0.0,0.00120120915637
34.0,0.0,0.0,0.00119971009733
34.05,0.0,0.0,0.00119731089211
34.1,0.0,0.0,0.00121033981441
34.15,0.0,0.0,0.00121810963193
34.2,0.0,0.0,0.00122068581267
34.25,0.0,0.0,0.00122043388199
34.3,0.0,0.0,0.00121808566233
34.35,0.0,0.0,0.00121420357081
34.4,0.0,0.0,0.00120921428676
34.45,0.0,0.0,0.00120344462848
34.5,0.0,0.0,0.00119705747239
34.55,0.0,0.0,0.00118900512
34.6,0.0,0.0,0.00118081483897
34.65,0.0,0.0,0.00117258604223
34.7,0.0,0.0,0.00116423426902
34.75,0.0,0.0,0.00115467703134
34.8,0.0,0.0,0.00114532242518
34.85,0.0,0.0,0.00113618800179
34.9,0.0,0.0,0.00112728137076
34.95,0.0,0.0,0.0011186070133
35.0,0.0,0.0,0.00111099459509
35.05,0.0,0.0,0.00111648477751
35.1,0.0,0.0,0.0011176123118
35.15,0.0,0.0,0.00111650065696
35.2,0.0,0.0,0.00111372518106
35.25,0.0,0.0,0.00110972623827
35.3,0.0,0.0,0.00110483894052
35.35,0.0,0.0,0.00109932073659
35.4,0.0,0.0,0.00109413889977
35.45,0.0,0.0,0.00110316665831
35.5,0.0,0.0,0.00110837112464
35.55,0.0,0.0,0.00111067829715
35.6,0.0,0.0,0.0011108010022
35.65,0.0,0.0,0.00110928793849
35.7,0.0,0.0,0.00110656392839
35.75,0.0,0.0,0.0011029537031
35.8,0.0,0.0,0.00109870393942
35.85,0.0,0.0,0.00109400360158
35.9,0.0,0.0,0.00108899700214
35.95,0.0,0.0,0.00108477342836
36.0,0.0,0.0,0.00108969637517
36.05,0.0,0.0,0.00109088252676
36.1,0.0,0.0,0.00109029932835
36.15,0.0,0.0,0.00108839345704
36.2,0.0,0.0,0.00108550989414
36.25,0.0,0.0,0.00108191404005
36.3,0.0,0.0,0.00107780645598
36.35,0.0,0.0,0.00107334082785
36.4,0.0,0.0,0.00106852762847
36.45,0.0,0.0,0.00106223639204
36.5,0.0,0.0,0.00105640520053
36.55,0.0,0.0,0.00107379541168
36.6,0.0,0.0,0.00109622450109
36.65,0.0,0.0,0.00111180079968
36.7,0.0,0.0,0.00112212435841
36.75,0.0,0.0,0.00112844108912
36.8,0.0,0.0,0.00113171407042
36.85,0.0,0.0,0.00113268917799
36.9,0.0,0.0,0.00113194143174
36.95,0.0,0.0,0.0011303728349
37.0,0.0,0.0,0.00114772354577
37.05,0.0,0.0,0.00115977135584
37.1,0.0,0.0,0.00118442942459
37.15,0.0,0.0,0.00120123611434
37.2,0.0,0.0,0.00121204806462
37.25,0.0,0.0,0.00121830909619
37.3,0.0,0.0,0.00122113479195
37.35,0.0,0.0,0.00122138623987
37.4,0.0,0.0,0.00121972553858
37.45,0.0,0.0,0.00121666165619
37.5,0.0,0.0,0.00121242333499
37.55,0.0,0.0,0.00120610398253
37.6,0.0,0.0,0.00119806105158
37.65,0.0,0.0,0.00118982787998
37.7,0.0,0.0,0.00118151883271
37.75,0.0,0.0,0.00117384043338
37.8,-1.63329056159e-14,-2.78989541846e-15,0.00118419047949
37.85,-0.00604079676397,-6.4603299783e-05,0.00119006277643
37.9,-0.0116897600279,-0.00012984289288,0.00122280494819
37.95,-0.0169464633149,-0.000196339350159,0.00128015813925
38.0,-0.0218198774057,-0.000264843220343,0.00135835415049
38.05,-0.0263190078839,-0.000336421404815,0.00145599668064
38.1,-0.0304570711603,-0.000411126029785,0.00156888057727
38.15,-0.0342491045679,-0.000490090797326,0.00169598764666
38.2,-0.0377103803258,-0.000573640994193,0.00183491826542
38.25,-0.0408594486004,-0.000662082870631,0.00198345954877
38.3,-0.0437120957112,-0.000756281567975,0.00213960270625
38.35,-0.0462881991675,-0.000856018262656,0.00230291343528
38.4,-0.0486037819741,-0.000962095892653,0.00250558480922
38.45,-0.0506803959994,-0.00107458071513,0.00270699587132
38.5,-0.0525340727518,-0.0011933578105,0.00290643654607
38.55,-0.0541818393291,-0.0013191571958,0.00310326874733
38.6,-0.0556392234836,-0.00145153605698,0.0032969524589
38.65,-0.0569210289303,-0.00159099656799,0.00348701460242
38.7,-0.0580418570858,-0.00173764226408,0.00367305752176
38.75,-0.0590143533663,-0.00189100759293,0.00385431971089
38.8,-0.0583369926143,-0.00195277666199,0.00402638232546
38.85,-0.0571445649461,-0.00201254536478,0.00418594091781
38.9,-0.0560059850123,-0.00207005347736,0.0043313937112
38.95,-0.0549177625799,-0.00212527927089,0.00446380629471
39.0,-0.0538766572256,-0.00217827979925,0.00458416832936
39.05,-0.0528796846507,-0.00222906565221,0.00469771634471
39.1,-0.0519243986592,-0.00227760093868,0.00483524055463
39.15,-0.0510108962662,-0.00232366413158,0.00495628562778
39.2,-0.050136085886,-0.00236738463286,0.00506286250664
39.25,-0.0492972142674,-0.00240882321932,0.00515669433545
39.3,-0.0484917908544,-0.00244807916212,0.00523926793463
39.35,-0.0477175640646,-0.00248528037097,0.00531126935138
39.4,-0.0469724553657,-0.00252052077692,0.00536793381326
39.45,-0.0462541264226,-0.00255387451638,0.00541672833171
39.5,-0.0455609103602,-0.00258553937631,0.00545845725956
39.55,-0.0448912854571,-0.00261546694718,0.00549380981121
39.6,-0.0442438473053,-0.00264385302713,0.00552338903724
39.65,-0.0436172942346,-0.00267070423109,0.00554771648071
39.7,-0.0430104371059,-0.00269608443872,0.00556725544973
39.75,-0.0424221692587,-0.00272007195736,0.00558241801522
39.8,-0.0418514646464,-0.0027427369146,0.00559357771629
39.85,-0.0412975772857,-0.00276414213525,0.00560105604589
39.9,-0.0407594063784,-0.00278434446863,0.00560515658442
39.95,-0.0402361278173,-0.00280339455663,0.00560614283249
40.0,-0.0397269731537,-0.00282133795686,0.00560426296329
40.05,-0.0392312256882,-0.00283821558432,0.00559941158519
40.1,-0.0387481950787,-0.00285413750319,0.0055846108193
40.15,-0.0382767819246,-0.00286918952136,0.00556772774065
40.2,-0.0378164318449,-0.00288336615221,0.00554891916736
40.25,-0.0373666292373,-0.00289678521829,0.00552833014054
40.3,-0.0369268923298,-0.00290944362244,0.00550610197968
40.35,-0.0364967645529,-0.00292136091854,0.00548235533786
40.4,-0.0360758222958,-0.00293264305357,0.00545721464268
40.45,-0.0356636624711,-0.00294322232621,0.00543078792786
40.5,-0.0352599118711,-0.0029532303446,0.00540318311113
40.55,-0.0348642145386,-0.00296261284543,0.00537449573826
40.6,-0.0344762405397,-0.00297144117611,0.0053448225541
40.65,-0.0340956755631,-0.0029797514393,0.00531423079728
40.7,-0.0337222260543,-0.00298749718361,0.00528279850843
40.75,-0.0333556144689,-0.00299482628541,0.00525059893886
40.8,-0.0329955764023,-0.00300166451939,0.00521770763067
40.85,-0.0326420299231,-0.00300802366642,0.00518418179405
40.9,-0.0322945734955,-0.00301401921426,0.00515008869988
40.95,-0.0319529855932,-0.00301960501193,0.00511548195269
41.0,-0.0316170598411,-0.00302478199857,0.0050804190418
41.05,-0.0312866004352,-0.00302957579469,0.00504494747624
41.1,-0.0309614210966,-0.00303408812756,0.00500912050543
41.15,-0.0306413469331,-0.0030382491633,0.00497296465311
41.2,-0.0303262114132,-0.00304207761064,0.00493652004358
41.25,-0.0300158567244,-0.0030455910062,0.00489982422004
41.3,-0.0297101332331,-0.00304881390409,0.00486291807172
41.35,-0.029408898549,-0.00305180882099,0.00482582873802
41.4,-0.0291120180614,-0.00305453085778,0.00478859324051
41.45,-0.028819364145,-0.00305699377529,0.0047512374761
41.5,-0.0285308153643,-0.00305921053864,0.00471379340175
41.55,-0.0282462564872,-0.00306119329434,0.00467628479331
41.6,-0.0279655778004,-0.00306295348718,0.00463874174917
41.65,-0.0276886751616,-0.00306450182924,0.00460117115046
41.7,-0.027415448637,-0.00306587527724,0.004563593583
41.75,-0.0271458023903,-0.00306706497307,0.00452602846833
41.8,-0.0268796458764,-0.00306806895884,0.0044884989955
41.85,-0.0266170256916,-0.00306889989519,0.0044510164353
41.9,-0.0263577220539,-0.00306956845242,0.00441360267846
41.95,-0.0261016562148,-0.00307007622034,0.00437626970114
42.0,-0.0258487528128,-0.00307043051356,0.00433903577289
42.05,-0.0255989399501,-0.00307063820265,0.00430191231396
42.1,-0.0253521487346,-0.00307070579852,0.00426491719607
42.15,-0.0251083134308,-0.00307063940247,0.00422804754593
42.2,-0.0248673704195,-0.00307044492624,0.00419131364466
42.25,-0.024629258682,-0.00307012797119,0.00415472505369
42.3,-0.0243939196563,-0.00306969384695,0.00411829553814
42.35,-0.024161297309,-0.00306914754042,0.00408202830513
42.4,-0.0239313375829,-0.00306849383104,0.00404593635499
42.45,-0.023703988721,-0.0030677372022,0.00401002437778
42.5,-0.0234792008255,-0.00306688193288,0.00397430321565
42.55,-0.0232569260299,-0.00306593204435,0.00393877778408
42.6,-0.0230371181731,-0.00306489136691,0.00390345922761
42.65,-0.0228197329767,-0.00306376348494,0.00386834001291
42.7,-0.0226047272264,-0.00306255192889,0.00383342492476
42.75,-0.0223920592196,-0.00306126005744,0.00379871835664
42.8,-0.0221816886881,-0.00305989106706,0.00376422879448
42.85,-0.0219736867107,-0.00305844795687,0.00372995531123
42.9,-0.0217679028479,-0.00305693384455,0.00369590641626
42.95,-0.021564300986,-0.00305535143502,0.00366208294629
43.0,-0.0213628460848,-0.00305370332647,0.00362849154976
43.05,-0.021163504351,-0.00305199195659,0.00359513364901
43.1,-0.0209662429953,-0.00305021965866,0.00356201652244
43.15,-0.020771030405,-0.003048388607,0.00352913057073
43.2,-0.0205778354894,-0.00304650098808,0.00349647757981
43.25,-0.0203866280729,-0.00304455888938,0.00346405912178
43.3,-0.0201973788529,-0.00304256430449,0.00343188063427
43.35,-0.020010059501,-0.00304052000987,0.00339993910213
43.4,-0.0198246423241,-0.0030384360351,0.00336823998355
43.45,-0.0196411004847,-0.00303630497034,0.00333678214132
43.5,-0.0194594078602,-0.00303412845646,0.00330556981495
43.55,-0.0192795391358,-0.00303190802701,0.00327460258304
43.6,-0.0191014696168,-0.00302964515706,0.00324388544932
43.65,-0.0189251753858,-0.00302734121119,0.0032134081383
43.7,-0.0187506327712,-0.00302499759783,0.00318317081767
43.75,-0.0185778186852,-0.00302262204826,0.003153173538
43.8,-0.0184067104144,-0.00302022560025,0.00312342000159
43.85,-0.0224463244338,-0.0031873915438,0.00309390621335
43.9,-0.026188083283,-0.00336395529871,0.00307365783989
43.95,-0.029633951073,-0.00354972620078,0.00306164015329
44.0,-0.032792231805,-0.00374500197457,0.00305688138062
44.05,-0.0356710615548,-0.00395101986615,0.00305847600048
44.1,-0.0382813145764,-0.00416659170907,0.00306558968399
44.15,-0.0406350322314,-0.00439310889809,0.00307743872422
44.2,-0.0427442490282,-0.00463032304326,0.0030933149032
44.25,-0.0446231978164,-0.00487766503352,0.00311256767533
44.3,-0.0462840678164,-0.00513619913993,0.00313461430734
44.35,-0.0477417985768,-0.0054043062812,0.00315892114697
44.4,-0.0490085751251,-0.00568278248713,0.00318501013105
44.45,-0.0500986756324,-0.00597127041577,0.00321244899735
44.5,-0.0510241860956,-0.00626844532833,0.0032408620429
44.55,-0.0517979489187,-0.00657538896414,0.00326990286588
44.6,-0.0524316576498,-0.00689005096557,0.0032992803641
44.65,-0.0529365480291,-0.00721282862102,0.00332871801849
44.7,-0.05332369381,-0.00754345848722,0.00335798100411
44.75,-0.0536027051771,-0.00787992567055,0.00338687328633
44.8,-0.0527459216476,-0.00801607381911,0.00341522366943
44.85,-0.05154653284,-0.00814503082622,0.00344076178643
44.9,-0.0503969385987,-0.00826701088912,0.00346301666183
44.95,-0.0492944605819,-0.00838194661606,0.00348218989307
45.0,-0.0482364991328,-0.00849045428825,0.00349848296803
45.05,-0.0472206651534,-0.00859259890723,0.00351207633598
45.1,-0.0462446632736,-0.00868873701218,0.00352314931216
45.15,-0.0453063161238,-0.00877919910688,0.00353185577695
45.2,-0.0444035536145,-0.00886429292179,0.00353835244843
45.25,-0.0435344059349,-0.00894430589936,0.00354278836374
45.3,-0.0426969961287,-0.00901950768339,0.00354530965644
45.35,-0.0418895338397,-0.00909015232394,0.00354604743012
45.4,-0.0411103084902,-0.00915665026594,0.00354513558223
45.45,-0.0403577013016,-0.00921916257916,0.00354269430782
45.5,-0.0396301233844,-0.00927795579847,0.00353884754314
45.55,-0.0389260905389,-0.0093333427909,0.00353370637017
45.6,-0.0382441419605,-0.00938553425991,0.00352738626353
45.65,-0.0375829099689,-0.00943468912225,0.00351997905777
45.7,-0.0369410546497,-0.0094812441445,0.00351158579781
45.75,-0.0363172947822,-0.0095252347255,0.00350230304574
45.8,-0.0357104013988,-0.00956688614725,0.00349222752731
45.85,-0.0351193571508,-0.00960641082249,0.0034814449782
45.9,-0.0345428217096,-0.00964405869504,0.00347004737161
45.95,-0.0339796605283,-0.0096799850888,0.00345811843652
46.0,-0.033428789005,-0.00971433271229,0.00344574379382
46.05,-0.0328891310437,-0.00974727102654,0.0034330039826
46.1,-0.0323596222902,-0.00977896135411,0.00341998463158
46.15,-0.0318392013763,-0.00980955802965,0.00340675543699
46.2,-0.03132679755,-0.00983920978689,0.0033933979603
46.25,-0.0308213183969,-0.00986806070877,0.00337999573475
46.3,-0.0303216336936,-0.00989625124809,0.0033666395708
46.35,-0.0298265557945,-0.00992393071446,0.00335341715038
46.4,-0.0293348137907,-0.00995123612773,0.00334043159961
46.45,-0.0288450225563,-0.00997829700237,0.00332778930379
46.5,-0.0283556410915,-0.0100052700837,0.00331561511048
46.55,-0.0278649095994,-0.0100323029164,0.00330404755355
46.6,-0.0273708017227,-0.010059489645,0.00329325284077
46.65,-0.0268708996905,-0.0100869489652,0.00328341417178
46.7,-0.0263622609768,-0.0101148607297,0.00327476847942
46.75,-0.0258412070014,-0.0101433357237,0.0032676133072
46.8,-0.025303054635,-0.0101724227424,0.00326233275713
46.85,-0.0247417520269,-0.0102021150727,0.00325942595043
46.9,-0.0241488219742,-0.0102323036866,0.00325957884677
46.95,-0.0235125895142,-0.0102625103654,0.00326374489716
47.0,-0.0228160979505,-0.0102915794318,0.00327331720811
47.05,-0.0220335968536,-0.0103170324045,0.00329040753687
47.1,-0.0211238990412,-0.0103330883594,0.00331840234545
47.15,-0.0200166645123,-0.01032596879,0.00336306936829
47.2,-0.0185816362196,-0.0102595785317,0.00343511233019
47.25,-0.0165517853526,-0.0100258742169,0.00355647924311
47.3,-0.0133081270459,-0.00923754934872,0.00377806081092
47.35,-0.00725428091322,-0.00620582037941,0.00423112219349
47.4,0.00502262277629,0.00556141081619,0.00519647795121
47.45,0.0213110188027,0.0269553723434,0.0064930539071
47.5,0.0303221998641,0.0396424438547,0.0071927257543
47.55,0.0329167430186,0.0436230495531,0.0073654205432
47.6,0.0331292867811,0.0443401064669,0.00734258056113
47.65,0.0324690854637,0.043836561107,0.00724822420067
47.7,0.0313227768576,0.0426276899442,0.00711410922537
47.75,0.0297654569801,0.0408004154847,0.0069463652669
47.8,0.0278010740845,0.0383415478431,0.00674527212974
47.85,0.0254316034318,0.0352347824956,0.00651092047697
47.9,0.0226778279556,0.031493493276,0.0062449947473
47.95,0.019585148213,0.0271738162723,0.00595119217614
48.0,0.016221546344,0.0223802777609,0.005635094254
48.05,0.0126715672406,0.0172677935528,0.00530365511896
48.1,0.00902783962535,0.0120400500581,0.00496452048475
48.15,0.00538315472305,0.00694249873563,0.00462534130523
48.2,0.0018289011466,0.00224806368777,0.00429368556845
48.25,-0.00154071158216,-0.00177701611876,0.00397737020417
48.3,-0.00466186400941,-0.00496974584551,0.00368171206409
48.35,-0.00757270300116,-0.00734620473504,0.00340356964106
48.4,-0.0103956470937,-0.00899705244609,0.00313280934878
48.45,-0.013248927012,-0.0099617827133,0.00285961835414
48.5,-0.0161669526282,-0.0102384440371,0.00258113361796
48.55,-0.0190487910611,-0.00990215468124,0.00230573311869
48.6,-0.0216904031243,-0.00918257045839,0.00205039092937
48.65,-0.0239174684098,-0.00835823833365,0.00182963253216
48.7,-0.0256750887641,-0.00760723795051,0.00164807813932
48.75,-0.0270004822503,-0.0069908568817,0.00150268403501
48.8,-0.0279633180402,-0.00650863070287,0.00138769740105
48.85,-0.028633437172,-0.00614034650432,0.0012973478113
48.9,-0.0290701415654,-0.00586349318028,0.00122671238689
48.95,-0.0293217715922,-0.00565864057242,0.00117178206086
49.0,-0.0294270496496,-0.00551001287074,0.00112934495381
49.05,-0.0294168439751,-0.00540553285287,0.00109683739455
49.1,-0.0293157567289,-0.00533595097882,0.0010722162938
49.15,-0.0291434376204,-0.00529384350248,0.0010538437053
49.2,-0.0289155664597,-0.00527357104689,0.00104041413426
49.25,-0.0286446920155,-0.00527083647643,0.00103088158059
49.3,-0.0283408647056,-0.00528215987551,0.00102440842122
49.35,-0.0280121477936,-0.00530457725872,0.0010203194452
49.4,-0.0276650171088,-0.0053360655073,0.00101807377647
49.45,-0.0273046669041,-0.00537467606587,0.00101723506892
49.5,-0.0269352736734,-0.00541895990393,0.00101745322822
49.55,-0.0265601899537,-0.00546770285392,0.0010184453213
49.6,-0.0261821034371,-0.00551989036778,0.00101998546501
49.65,-0.0258031643941,-0.00557481587861,0.00102188778338
49.7,-0.0254250783501,-0.00563172119635,0.00102400667162
49.75,-0.0250492146937,-0.0056899670291,0.00102622453678
49.8,-0.0246766483979,-0.00574917646705,0.00102844957588
49.85,-0.0243083337694,-0.00580899238663,0.00103060778295
49.9,-0.0239448043796,-0.00586894315197,0.00103264227376
49.95,-0.0235865587455,-0.0059288859983,0.00103450767106
50.0,-0.0232339608752,-0.00598859412421,0.00103617158582
50.05,-0.0228872893955,-0.00604776279136,0.00103760742319
50.1,-0.0225467327188,-0.00610632766815,0.00103879794219
50.15,-0.0222124039214,-0.00616422285827,0.0010397274279
50.2,-0.0218843767457,-0.00622121303158,0.00104038676522
50.25,-0.021562674226,-0.00627722570523,0.0010407711334
50.3,-0.0212472841084,-0.00633226483512,0.00104087994552
50.35,-0.0209381586993,-0.0063863094115,0.00104071316549
50.4,-0.0206352417157,-0.00643922821735,0.00104027412053
50.45,-0.0203384528167,-0.00649099838927,0.00103956625947
50.5,-0.0200476978779,-0.00654160447766,0.00103859594742
50.55,-0.0197628722659,-0.00659103698194,0.00103736909364
50.6,-0.0194838634171,-0.00663929119538,0.00103589407768
50.65,-0.0192105530602,-0.006686366191,0.0010341749854
50.7,-0.0189428188019,-0.00673226411102,0.00103221957364
50.75,-0.0186805356945,-0.00677698943324,0.00103003585473
50.8,-0.0184235774079,-0.00682054842248,0.00102763321486
50.85,-0.0181719080398,-0.00686294865535,0.00102501866772
50.9,-0.0179253071698,-0.00690420822063,0.00102220186957
50.95,-0.0176836494371,-0.0069443362538,0.00101919045907
51.0,-0.0174468109064,-0.00698333836681,0.00101599367525
51.05,-0.0172146695423,-0.0070212196603,0.00101261927512
51.1,-0.016987105468,-0.0070579900219,0.00100907658722
51.15,-0.0167640012226,-0.0070937897343,0.00100537007809
51.2,-0.0165452447195,-0.00712853363467,0.00100150700307
51.25,-0.0163307193723,-0.00716221165812,0.000997495036729
51.3,-0.0161203155415,-0.00719483264003,0.000993342472676
51.35,-0.0159139264442,-0.0072265518604,0.000989055027736
51.4,-0.0157114504401,-0.00725730904041,0.000984640501918
51.45,-0.0155127825328,-0.00728704829037,0.000980105161079
51.5,-0.0153178244488,-0.00731590242267,0.000975456349178
51.55,-0.0151264829009,-0.00734389175175,0.000970699706972
51.6,-0.0149386613448,-0.00737089669939,0.000965842832037
51.65,-0.0147542699184,-0.00739714787292,0.000960888287534
51.7,-0.0145732225953,-0.00742250285635,0.000955841420914
51.75,-0.0143954315976,-0.00744701018339,0.000950707759066
51.8,-0.0142208166282,-0.00747078209549,0.000945493336096
51.85,-0.0140493646325,-0.0074936578104,0.000940202213491
51.9,-0.0138809281431,-0.00751590746496,0.000934840183016
51.95,-0.0137154285016,-0.00753725547852,0.000929411574665
52.0,-0.0135527953806,-0.00755803772265,0.000923921566487
52.05,-0.0133929546736,-0.00757795305096,0.000918374445699
52.1,-0.0132358402563,-0.0075973168922,0.000912775395859
52.15,-0.0130813825715,-0.00761588680715,0.00090712567434
52.2,-0.0129295191646,-0.00763387613808,0.000901428871711
52.25,-0.0127801848793,-0.00765118088636,0.000895688835315
52.3,-0.0126333205437,-0.0076678350623,0.000889909974526
52.35,-0.0124888654568,-0.00768394833065,0.000884094728683
52.4,-0.0123467633211,-0.0076993581597,0.000878247409879
52.45,-0.0122069589047,-0.00771431357352,0.000872370600414
52.5,-0.0120693960631,-0.007728659523,0.000866468427566
52.55,-0.0119340239601,-0.00774237738649,0.000860543414623
52.6,-0.0118007908014,-0.00775569933774,0.000854599648266
52.65,-0.0116696477735,-0.00776841158209,0.000848637001457
52.7,-0.0115405472955,-0.0077805477467,0.000842657999631
52.75,-0.0114134419998,-0.00779232318443,0.000836665169756
52.8,-0.0112882871261,-0.00780354155635,0.000830661816801
52.85,-0.0111650949395,-0.00781422138372,0.000824649173636
52.9,-0.0110437657834,-0.00782452120352,0.000818630491979
52.95,-0.0109242570338,-0.00783436933179,0.000812607498648
53.0,-0.0108065295306,-0.00784372387493,0.000806582983688
53.05,-0.0106905445652,-0.00785260070005,0.000800558628303
53.1,-0.0105762645054,-0.00786117525343,0.000794537395361
53.15,-0.0104636513172,-0.00786930784421,0.000788518602685
53.2,-0.010352670211,-0.00787700080556,0.000782503852592
53.25,-0.0102432866284,-0.00788426780616,0.000776494743926
53.3,-0.0101354669645,-0.00789120468891,0.000770493722047
53.35,-0.0100291775777,-0.00789780076084,0.000764501409708
53.4,-0.0099243871039,-0.00790400343709,0.00075852017803
53.45,-0.00982106469112,-0.00790982447556,0.000752550932532
53.5,-0.00971918031514,-0.00791527518786,0.00074659576857
53.55,-0.00961870478037,-0.00792040384387,0.000740655716806
53.6,-0.00951960903813,-0.00792526134064,0.000734733066088
53.65,-0.00942186565928,-0.00792977513908,0.000728826559134
53.7,-0.00932544773974,-0.00793395502823,0.000722937267345
53.75,-0.00923032908995,-0.00793781042582,0.000717066213975
53.8,-0.00913648421288,-0.00794135039358,0.00071121521859
53.85,-0.00904393349678,-0.007944583636,0.000705384353395
53.9,-0.00895260643242,-0.00794756807275,0.000699575446772
53.95,-0.0088624790086,-0.00795030915613,0.000693788986422
54.0,-0.00877352850575,-0.00795277641811,0.000688026509584
54.05,-0.00868573261511,-0.00795496537464,0.000682288601242
54.1,-0.00859906964337,-0.00795688290086,0.000676576962163
54.15,-0.00851351847049,-0.00795853597489,0.00067089010653
54.2,-0.00842905847169,-0.00795993136017,0.000665228692476
54.25,-0.00834566954365,-0.00796107557413,0.000659593344692
54.3,-0.00826333208869,-0.00796197489823,0.000653985430593
54.35,-0.00818202701353,-0.00796263537303,0.000648404720578
54.4,-0.00810173568561,-0.00796306479912,0.000642852595236
54.45,-0.00802243978577,-0.0079633089601,0.000637329200196
54.5,-0.0079441216234,-0.00796332786743,0.000631835693403
54.55,-0.00786676394523,-0.00796312679846,0.000626372351693
54.6,-0.00779034991427,-0.00796271084832,0.000620940488468
54.65,-0.00771486311565,-0.00796208491728,0.000615538500808
54.7,-0.00764028749483,-0.00796125377251,0.000610166762248
54.75,-0.00756660738139,-0.00796022201681,0.000604825623236
54.8,-0.00749380747775,-0.00795899409515,0.000599516122403
54.85,-0.00742190995119,-0.00795757428775,0.00059423784116
54.9,-0.00735086225758,-0.00795596688201,0.000588991854422
54.95,-0.00728065018641,-0.00795417586771,0.000583778087288
55.0,-0.00721125985178,-0.00795220510733,0.000578597413767
55.05,-0.00714267769853,-0.00795005832312,0.000573449906146
55.1,-0.00707489048025,-0.00794773911698,0.000568336591471
55.15,-0.00700788526554,-0.00794525095717,0.000563255833164
55.2,-0.00694164938805,-0.00794259723246,0.000558207809776
55.25,-0.00687617046758,-0.00793978122215,0.000553192684005
55.3,-0.0068114364021,-0.00793680610032,0.000548211252905
55.35,-0.00674743536958,-0.00793367492788,0.000543262985704
55.4,-0.00668415580044,-0.00793039068112,0.000538348712164
55.45,-0.00662158639098,-0.00792696795492,0.000533468225698
55.5,-0.00655971604672,-0.00792340801326,0.000528622194312
55.55,-0.00649853392883,-0.00791970768914,0.000523810556966
55.6,-0.00643802944882,-0.00791586533242,0.000519034127125
55.65,-0.00637819226931,-0.00791188345656,0.000514291288489
55.7,-0.00631901225063,-0.00790776453,0.000509582086712
55.75,-0.00626047946938,-0.00790351094761,0.000504906556635
55.8,-0.00620258421265,-0.00789912503347,0.000500265315513
55.85,-0.00614534769196,-0.00789460903255,0.000495657772164
55.9,-0.00608872920715,-0.0078899652509,0.000491084587582
55.95,-0.00603271966647,-0.00788519580121,0.000486545472526
56.0,-0.00597731016251,-0.00788030274121,0.00048204093577
56.05,-0.00592249197811,-0.00787530968878,0.000477570824571
56.1,-0.00586825641552,-0.00787021438591,0.000473135801881
56.15,-0.00581459517359,-0.00786500319753,0.00046873430037
56.2,-0.00576150004288,-0.00785967794467,0.000464366275888
56.25,-0.00570896297947,-0.00785424039904,0.000460031677001
56.3,-0.00565697610078,-0.00784869228488,0.000455730985319
56.35,-0.00560553168804,-0.00784303527066,0.000451463583884
56.4,-0.00555462216859,-0.00783727099115,0.000447229991939
56.45,-0.00550424012624,-0.00783140102771,0.000443029872553
56.5,-0.00545437828691,-0.00782542692577,0.000438863617612
56.55,-0.00540502952387,-0.0078193501825,0.000434731018679
56.6,-0.00535618684693,-0.00781317225947,0.00043063259899
56.65,-0.00530784340764,-0.00780689457015,0.000426566871255
56.7,-0.00525999247241,-0.0078005185189,0.000422533731965
56.75,-0.00521262743607,-0.00779408311265,0.000418533072821
56.8,-0.00516574159427,-0.00778757578241,0.000414565292452
56.85,-0.00511935426908,-0.00778097571444,0.000410629763422
56.9,-0.00507343309805,-0.00777428426084,0.000406726906579
56.95,-0.00502797197765,-0.00776751016409,0.000402856360168
57.0,-0.00498296489835,-0.00776065721724,0.000399018428235
57.05,-0.00493840596102,-0.00775372447971,0.000395212870862
57.1,-0.00489428937856,-0.0077467051208,0.000391440114221
57.15,-0.00485060949279,-0.00773960023705,0.000387698756761
57.2,-0.00480736073454,-0.00773241092453,0.000383988656345
57.25,-0.00476453763517,-0.00772516581272,0.000380309667816
57.3,-0.00472213461474,-0.0077178848817,0.000376662108494
57.35,-0.00468014646506,-0.00771052410933,0.000373045365831
57.4,-0.00463856800813,-0.00770308448776,0.000369459774299
57.45,-0.00459739416234,-0.00769556698005,0.00036590496352
57.5,-0.00455661993306,-0.0076879725339,0.000362381167647
57.55,-0.00451624041672,-0.00768030207091,0.000358888127448
57.6,-0.00447625079381,-0.00767255649647,0.000355426190069
57.65,-0.00443664633286,-0.00766473668883,0.000351994045597
57.7,-0.00439742237242,-0.00765689345547,0.000348591528809
57.75,-0.00435857407766,-0.00764901153868,0.000345218495781
57.8,-0.0043200970461,-0.00764105930262,0.000341875173781
57.85,-0.00428200825704,-0.00763303756207,0.000338560978169
57.9,-0.00424428152332,-0.00762494720513,0.000335276183515
57.95,-0.00420691258007,-0.00761678901554,0.000332020421759
58.0,-0.00416989723145,-0.00760856376703,0.000328793874251
58.05,-0.00413323135402,-0.00760027221332,0.000325596275465
58.1,-0.00409691089117,-0.00759197560241,0.000322427910788
58.15,-0.00406093159055,-0.00758364465652,0.000319287587529
58.2,-0.00402528963497,-0.00757525081022,0.000316175117553
58.25,-0.00398998116118,-0.00756679476967,0.000313090321892
58.3,-0.00395500236801,-0.00755827722983,0.000310033388189
58.35,-0.00392034951814,-0.0075496988679,0.000307003760425
58.4,-0.00388601893039,-0.00754106035764,0.000304001659145
58.45,-0.00385200698507,-0.00753239381482,0.000301026726274
58.5,-0.0038183099079,-0.00752374671475,0.000298079121784
58.55,-0.00378492422859,-0.00751505398718,0.000295158578559
58.6,-0.00375184648144,-0.00750630484969,0.000292265333995
58.65,-0.00371907327636,-0.00749749990077,0.000289398262471
58.7,-0.0036866012676,-0.00748863974797,0.000286557181068
58.75,-0.00365442716047,-0.00747972499039,0.000283741906668
58.8,-0.00362254771029,-0.00747078642618,0.000280952588927
58.85,-0.00359097746817,-0.00746186527896,0.000278188722695
58.9,-0.00355969503455,-0.00745289239684,0.000275450486183
58.95,-0.00352869732197,-0.00744386833087,0.00027273753554
59.0,-0.00349798128737,-0.00743479362796,0.000270049979323
59.05,-0.00346754393464,-0.00742566882253,0.000267387560045
59.1,-0.0034373823109,-0.00741649444353,0.000264750473649
59.15,-0.00340749350888,-0.00740733321216,0.000262137683443
59.2,-0.00337787441624,-0.00739816649032,0.000259549029456
59.25,-0.0033485222996,-0.00738895274704,0.000256984320775
59.3,-0.00331943437377,-0.00737969248709,0.000254443676816
59.35,-0.00329060789527,-0.0073703862037,0.000251926607541
59.4,-0.00326204015721,-0.00736103439019,0.000249433261078
59.45,-0.00323372849301,-0.00735164957537,0.000246963311597
59.5,-0.00320567010921,-0.00734231614973,0.000244516858428
59.55,-0.00317786243507,-0.00733293956338,0.000242093652729
59.6,-0.00315030291827,-0.00732352027397,0.000239693858104
59.65,-0.00312298904368,-0.00731405872773,0.000237316522546
59.7,-0.00309591832527,-0.00730455538057,0.000234961468013
59.75,-0.00306908831073,-0.00729501068365,0.00023262851703
59.8,-0.00304249658087,-0.00728551296851,0.000230317765636
59.85,-0.00301615557069,-0.00727599821543,0.000228028782087
59.9,-0.00299004767642,-0.00726644437544,0.000225761679677
59.95,-0.00296417058537,-0.00725685186901,0.000223516151857
60.0,-0.00293852201441,-0.00724723294395,0.000221292263483
60.05,-0.00291309969718,-0.00723758544198,0.000219089781407
60.1,-0.00288790140002,-0.00722797277325,0.000216908844244
60.15,-0.00286292470854,-0.0072183670751,0.000214748601057
60.2,-0.0028381675455,-0.00720872563083,0.00021260887237
60.25,-0.00281362777543,-0.00719904883753,0.000210489487498
60.3,-0.00278930328995,-0.00718933708877,0.000208390523495
60.35,-0.00276519200874,-0.0071795907699,0.000206311558798
60.4,-0.0027412918761,-0.00716987225101,0.000204252695001
60.45,-0.00271760066262,-0.0071601730313,0.000202213664889
60.5,-0.00269411644096,-0.00715044117867,0.000200194511519
60.55,-0.00267083723716,-0.00714067705782,0.00019819501412
60.6,-0.00264776110109,-0.00713088103136,0.000196215288774
60.65,-0.0026248861079,-0.00712105345348,0.000194254538795
60.7,-0.00260221035251,-0.00711125842475,0.000192312601553
60.75,-0.00257973175961,-0.00710148537398,0.000190389333474
60.8,-0.00255744854419,-0.0070916826071,0.00018848479013
60.85,-0.00253537154473,-0.00708185046959,0.0001865985829
60.9,-0.00251348603438,-0.00707198935653,0.000184730797775
60.95,-0.00249179022805,-0.00706209960674,0.000182881169035
61.0,-0.00247028236093,-0.00705225444668,0.000181049735238
61.05,-0.00244896049674,-0.00704242616278,0.000179236308565
61.1,-0.00242782299209,-0.00703257095801,0.000177440980296
61.15,-0.00240686814857,-0.00702268915097,0.000175663023611
61.2,-0.0023860942843,-0.00701278106861,0.00017390228525
61.25,-0.00236549973656,-0.00700284703547,0.000172158612936
61.3,-0.00234508286146,-0.00699297516729,0.000170432057335
61.35,-0.00232484183713,-0.00698310886074,0.000168722280301
61.4,-0.00230477514673,-0.0069732182381,0.000167029344677
61.45,-0.00228488120578,-0.00696330360646,0.000165353004797
61.5,-0.00226515844689,-0.00695337307447,0.000163693290246
61.55,-0.00224560531353,-0.00694342815574,0.000162050010311
61.6,-0.00222622026519,-0.00693357323828,0.000160423250051
61.65,-0.00220700157755,-0.00692370795924,0.000158812367644
61.7,-0.00218794785386,-0.00691382085278,0.000157217210265
61.75,-0.00216905761389,-0.00690391221372,0.00015563763553
61.8,-0.00215032939335,-0.00689398233492,0.000154073684642
61.85,-0.00213177239795,-0.00688404173644,0.000152525030562
61.9,-0.00211337422556,-0.00687418950237,0.000150991744894
61.95,-0.0020951334746,-0.00686431754141,0.000149473600388
62.0,-0.00207704874888,-0.00685442613226,0.000147970619577
62.05,-0.00205911866748,-0.0068445155488,0.000146482625349
62.1,-0.00204134186364,-0.00683458606382,0.00014500968991
62.15,-0.00202371698559,-0.00682467153879,0.00014355121127
62.2,-0.00200624256891,-0.00681482456417,0.000142107068258
62.25,-0.00198891731904,-0.00680496008278,0.000140677125852
62.3,-0.0019717399268,-0.00679507836179,0.000139261417743
62.35,-0.00195470909696,-0.00678517966351,0.000137859644875
62.4,-0.00193782354673,-0.00677526425179,0.000136471858228
62.45,-0.00192108200694,-0.00676538993124,0.000135097850225
62.5,-0.00190448308461,-0.00675556145572,0.000133737651374
62.55,-0.00188802558481,-0.00674571758861,0.000132391094163
62.6,-0.00187170827921,-0.00673585857993,0.000131058240839
62.65,-0.00185552995229,-0.00672598467453,0.000129738544403
62.7,-0.00183948939887,-0.00671609612367,0.000128431881756
62.75,-0.00182358542565,-0.00670627418065,0.000127138130784
62.8,-0.0018078167053,-0.00669647656204,0.000125857333456
62.85,-0.00179219108837,-0.00668666556017,0.00012458921105
62.9,-0.00177669829226,-0.00667684145075,0.00012333380767
62.95,-0.00176133717537,-0.00666700447055,0.00012209093318
63.0,-0.0017461066068,-0.00665715893009,0.000120860600906
63.05,-0.00173100546406,-0.00664741271378,0.000119642661515
63.1,-0.00171603247966,-0.00663767966694,0.000118437184395
63.15,-0.00170118662528,-0.00662793520117,0.000117243666506
63.2,-0.00168646681528,-0.00661817954609,0.000116061994316
63.25,-0.00167187197421,-0.00660841292987,0.000114892055242
63.3,-0.0016574010367,-0.00659864030527,0.000113733872423
63.35,-0.00164305286731,-0.00658897067358,0.000112587205123
63.4,-0.00162882642628,-0.00657929122078,0.000111452090272
63.45,-0.00161472068081,-0.00656960216383,0.000110328354073
63.5,-0.00160073460742,-0.00655990371954,0.000109216006639
63.55,-0.0015868671924,-0.00655019610114,0.000108114910902
63.6,-0.00157311743121,-0.00654050116259,0.000107025113979
63.65,-0.00155948424286,-0.0065308934412,0.00010594617389
63.7,-0.00154596665672,-0.00652127761944,0.000104877985022
63.75,-0.00153256369734,-0.00651165390652,0.000103820443992
63.8,-0.00151927439807,-0.00650202251033,0.000102773570107
63.85,-0.00150610532816,-0.00649238363514,0.000101737137261
63.9,-0.00149304786899,-0.00648277217681,0.00010071117824
63.95,-0.00148010099374,-0.00647323584648,9.96955432987e-05
64.0,-0.00146726379548,-0.00646369308615,9.86902380946e-05
64.05,-0.001454535355,-0.00645414409063,9.76951373493e-05
64.1,-0.00144191476111,-0.00644458905397,9.67102822529e-05
64.15,-0.00142940111105,-0.00643502816636,9.57352645617e-05
64.2,-0.00141699350912,-0.00642550470718,9.47699889418e-05
64.25,-0.00140469097976,-0.00641604860534,9.381436944e-05
64.3,-0.00139249266965,-0.0064065876217,9.28684198781e-05
64.35,-0.00138039770894,-0.00639712194259,9.19319347341e-05
64.4,-0.00136840523505,-0.0063876517552,9.10049420659e-05
64.45,-0.00135651439321,-0.00637817724324,9.00872976849e-05
64.5,-0.00134472433588,-0.00636874552255,8.9179007637e-05
64.55,-0.00133303413882,-0.00635938844711,8.82799660811e-05
64.6,-0.001321442991,-0.00635003668702,8.73902072922e-05
64.65,-0.00130995006491,-0.0063406832664,8.6509361785e-05
64.7,-0.00129855454323,-0.0063313268101,8.56373424745e-05
64.75,-0.00128725561641,-0.00632196749427,8.47740629922e-05
64.8,-0.00127605248181,-0.00631264917825,8.39195372045e-05
64.85,-0.00126495058803,-0.00630339828609,8.30735862266e-05
64.9,-0.00125394272911,-0.00629414541818,8.22362326418e-05
64.95,-0.00124302812659,-0.00628489074099,8.14073452569e-05
65.0,-0.0012322060085,-0.00627563442074,8.05869286626e-05
65.05,-0.00122147560952,-0.00626637662083,7.97748789392e-05
65.1,-0.00121083617071,-0.00625715226329,7.89712281472e-05
65.15,-0.00120028687137,-0.00624800426806,7.81756481133e-05
65.2,-0.00118982698334,-0.00623885559633,7.7388057692e-05
65.25,-0.00117945576806,-0.00622970640749,7.66083781097e-05
65.3,-0.00116917249309,-0.0062205568598,7.58366211942e-05
65.35,-0.00115897643229,-0.00621140710869,7.50726177643e-05
65.4,-0.00114886686532,-0.00620227637495,7.43163894172e-05
65.45,-0.00113884302099,-0.00619323750028,7.35678227526e-05
65.5,-0.0011289042013,-0.00618419918044,7.28269204654e-05
65.55,-0.00111904970563,-0.0061751615632,7.20935880558e-05
65.6,-0.00110927883908,-0.00616612479557,7.13678539289e-05
65.65,-0.00109959091265,-0.00615708902152,7.06494148955e-05
65.7,-0.00108998524252,-0.0061480543882,6.99381987153e-05
65.75,-0.00108046115043,-0.00613912612262,6.92341338318e-05
65.8,-0.00107101787548,-0.00613020373036,6.85372392973e-05
65.85,-0.00106166010243,-0.00612128318545,6.78473573359e-05
65.9,-0.00105238176527,-0.00611236464791,6.71645072032e-05
65.95,-0.00104318221081,-0.00610344825502,6.64885808691e-05
66.0,-0.0010340607911,-0.00609453414371,6.58195812297e-05
66.05,-0.00102501686355,-0.00608570341286,6.51574225891e-05
66.1,-0.00101604971744,-0.00607691770293,6.45021376068e-05
66.15,-0.00100715874855,-0.00606813941256,6.38534492463e-05
66.2,-0.000998343329475,-0.00605936421618,6.32112919633e-05
66.25,-0.000989602839632,-0.00605059224395,6.257560067e-05
66.3,-0.000980936663419,-0.00604182362501,6.19463843106e-05
66.35,-0.000972344190312,-0.00603309196459,6.13235040037e-05
66.4,-0.000963824763384,-0.00602443645303,6.07069818091e-05
66.45,-0.000955377795917,-0.00601578490656,6.00967184808e-05
66.5,-0.000947002693285,-0.00600713744706,5.94927162999e-05
66.55,-0.000938698865717,-0.00599849419418,5.88948974858e-05
66.6,-0.000930465728112,-0.00598985526683,5.83032846836e-05
66.65,-0.000922302700175,-0.00598122078133,5.771762967e-05
66.7,-0.0009142092059,-0.00597268032076,5.71378728988e-05
66.75,-0.000906184607348,-0.00596415941947,5.6563962036e-05
66.8,-0.000898228370565,-0.00595564352632,5.59959017676e-05
66.85,-0.000890344384103,-0.0059471327536,5.54335663151e-05
66.9,-0.000882527557749,-0.00593862723009,5.48769709426e-05
66.95,-0.000874777340596,-0.00593012706561,5.43260269648e-05
67.0,-0.00086709318604,-0.00592166399312,5.37807363466e-05
67.05,-0.00085947450846,-0.00591327722376,5.32410330314e-05
67.1,-0.000851920781684,-0.00590489633221,5.2706936239e-05
67.15,-0.00084443147334,-0.00589652142062,5.21782213843e-05
67.2,-0.000837006054969,-0.00588815259321,5.16548344495e-05
67.25,-0.000829644002275,-0.00587978995321,5.11367219471e-05
67.3,-0.00082234479509,-0.00587143360286,5.06238909038e-05
67.35,-0.000815107917435,-0.00586314902367,5.01162275579e-05
67.4,-0.000807932806984,-0.00585490601457,4.96137505788e-05
67.45,-0.00080081897738,-0.00584666977049,4.91163776013e-05
67.5,-0.000793765925779,-0.00583844038707,4.86241102701e-05
67.55,-0.000786773153356,-0.00583022241796,4.81368848119e-05
67.6,-0.000779840163865,-0.00582201913185,4.76547196778e-05
67.65,-0.000772966464177,-0.0058138301281,4.71774120235e-05
67.7,-0.000766151565036,-0.00580573508588,4.67049131945e-05
67.75,-0.000759394930559,-0.00579765915924,4.62371801009e-05
67.8,-0.000752696107577,-0.00578959083221,4.577421643e-05
67.85,-0.000746058349844,-0.0057815301914,4.53159192106e-05
67.9,-0.00073947738732,-0.00577347733694,4.48623007583e-05
67.95,-0.0007329527537,-0.0057654323532,4.44132884438e-05
68.0,-0.000726483986276,-0.00575739532409,4.39688837549e-05
68.05,-0.000720070626014,-0.00574946171589,4.35290290303e-05
68.1,-0.000713712166506,-0.00574153721699,4.30937459955e-05
68.15,-0.000707408182931,-0.0057336210573,4.26628483135e-05
68.2,-0.000701158227705,-0.00572571331589,4.2236291734e-05
68.25,-0.000694961856724,-0.00571781407095,4.18140324483e-05
68.3,-0.00068881862934,-0.00570992339974,4.13960761385e-05
68.35,-0.0006827281084,-0.00570204137774,4.0982329728e-05
68.4,-0.000676689860088,-0.00569425939007,4.05728043075e-05
68.45,-0.000670703407927,-0.00568648908913,4.01674389259e-05
68.5,-0.000664768349093,-0.00567872778546,3.97662325363e-05
68.55,-0.000658884260757,-0.00567097554873,3.93691329701e-05
68.6,-0.000653050723359,-0.00566323244793,3.89761552058e-05
68.65,-0.000647267320663,-0.00565549855019,3.85871331653e-05
68.7,-0.000641533639516,-0.00564777392402,3.82020268938e-05
68.75,-0.000635849269979,-0.00564013308071,3.7820796837e-05
68.8,-0.000630213766607,-0.00563251914449,3.7443452146e-05
68.85,-0.000624629866084,-0.00562491479024,3.70699068179e-05
68.9,-0.000619093987981,-0.00561732009239,3.67001709584e-05
68.95,-0.000613605736622,-0.0056097351123,3.63341852062e-05
69.0,-0.000608164719375,-0.00560215991087,3.59719508369e-05
69.05,-0.000602770546698,-0.00559459597392,3.56134207441e-05
69.1,-0.000597422831745,-0.00558709472226,3.52586085958e-05
69.15,-0.000592121160062,-0.00557965673514,3.49073674072e-05
69.2,-0.000586865160025,-0.00557222943047,3.45596602027e-05
69.25,-0.000581654454706,-0.00556481231802,3.42154512134e-05
69.3,-0.000576488670214,-0.00555740545245,3.38747451602e-05
69.35,-0.0005713674356,-0.00555000888689,3.35374659561e-05
69.4,-0.000566290382747,-0.00554262267444,3.3203622758e-05
69.45,-0.000561257146438,-0.00553524931117,3.28731619464e-05
69.5,-0.000556267349259,-0.00552797114021,3.2546086302e-05
69.55,-0.000551320626295,-0.00552070361387,3.22223538475e-05
69.6,-0.000546416624724,-0.00551344672346,3.19019766106e-05
69.65,-0.000541554991234,-0.00550620051477,3.15848187666e-05
69.7,-0.00053673537515,-0.00549896503464,3.12708477151e-05
69.75,-0.000531957428515,-0.00549174032918,3.09600311857e-05
69.8,-0.000527220806078,-0.00548452644371,3.06523735574e-05
69.85,-0.000522527776653,-0.00547735557231,3.034780609e-05
69.9,-0.000517875317308,-0.00547024833998,3.0046339501e-05
69.95,-0.000513263098364,-0.00546315213633,2.97479246766e-05
70.0,-0.000508690786484,-0.0054560670015,2.94525627904e-05
70.05,-0.000504158050946,-0.00544899297439,2.91602154082e-05
70.1,-0.000499664563584,-0.00544193009332,2.88708938341e-05
70.15,-0.000495209998817,-0.00543487839514,2.85844752623e-05
70.2,-0.000490794033509,-0.00542783791767,2.83009302991e-05
70.25,-0.000486416347038,-0.00542085340639,2.80202298486e-05
70.3,-0.000482076599037,-0.00541391791996,2.7742380283e-05
70.35,-0.000477774482472,-0.00540699381957,2.74673186157e-05
70.4,-0.00047350968468,-0.00540008113866,2.71950525031e-05
70.45,-0.000469281895459,-0.00539317990938,2.69255381907e-05
70.5,-0.000465090807005,-0.00538629016347,2.66587768586e-05
70.55,-0.000460936113934,-0.00537941193149,2.63947338377e-05
70.6,-0.000456817513236,-0.00537255291617,2.61334194792e-05
70.65,-0.000452734703032,-0.00536575272185,2.5874722872e-05
70.7,-0.000448687364405,-0.00535900691177,2.56186196581e-05
70.75,-0.000444675208136,-0.00535227280605,2.53650829129e-05
70.8,-0.000440697941103,-0.00534555043121,2.51141163823e-05
70.85,-0.0004367574552,-0.0053388398126,2.48656639076e-05
70.9,-0.000432851237591,-0.00533214098307,2.46197325634e-05
70.95,-0.000428979002567,-0.00532545396652,2.43762828458e-05
71.0,-0.000425140466641,-0.00531877878647,2.41353159305e-05
71.05,-0.000421335348553,-0.00531213477626,2.38968005385e-05
71.1,-0.000417563354709,-0.00530556074088,2.3660747664e-05
71.15,-0.000413824211669,-0.00529899864122,2.34270565263e-05
71.2,-0.00041011764511,-0.00529244849734,2.31957032011e-05
71.25,-0.00040644338285,-0.00528591032866,2.29666640086e-05
71.3,-0.000402801154835,-0.00527938415403,2.27399424574e-05
71.35,-0.000399190693138,-0.00527286999127,2.2515487815e-05
71.4,-0.000395611731913,-0.00526636785807,2.22933065712e-05
71.45,-0.000392064007413,-0.00525987777105,2.20733630738e-05
71.5,-0.000388547257951,-0.00525345630964,2.18556585056e-05
71.55,-0.000385061205781,-0.00524706521201,2.16401665573e-05
71.6,-0.000381605601738,-0.00524068623019,2.14268950547e-05
71.65,-0.000378180190659,-0.00523431937656,2.12157531329e-05
71.7,-0.000374784719336,-0.00522796466413,2.10067192419e-05
71.75,-0.000371418936545,-0.0052216221054,2.07997720518e-05
71.8,-0.000368082593039,-0.00521529171229,2.05949148558e-05
71.85,-0.000364777264529,-0.0052089734958,2.03921018224e-05
71.9,-0.000361500847886,-0.00520266830706,2.01913389685e-05
71.95,-0.000358253097458,-0.00519644654326,1.99925944064e-05
72.0,-0.000355033759423,-0.00519023718312,1.97958706682e-05
72.05,-0.000351842601735,-0.00518404005805,1.96011415824e-05
72.1,-0.000348679387525,-0.00517785992811,1.94084151124e-05
72.15,-0.000345543881217,-0.00517169880007,1.92176091291e-05
72.2,-0.000342435848829,-0.00516555551787,1.90287043073e-05
72.25,-0.000339355058398,-0.00515942452475,1.88416815015e-05
72.3,-0.000336301280483,-0.00515330582598,1.86565437968e-05
72.35,-0.000333274287467,-0.005147199426,1.84732497781e-05
72.4,-0.000330273853517,-0.00514117393153,1.82918049751e-05
72.45,-0.000327299738529,-0.00513516174463,1.81121820378e-05
72.5,-0.000324351728751,-0.00512916187191,1.79343812448e-05
72.55,-0.000321429603981,-0.0051231743145,1.77583796268e-05
72.6,-0.000318533145757,-0.00511719907317,1.75841845027e-05
72.65,-0.000315662137355,-0.00511123614778,1.74117215108e-05
72.7,-0.000312816363737,-0.00510528553876,1.72409731655e-05
72.75,-0.000309995611565,-0.00509934724608,1.70719221598e-05
72.8,-0.000307199669197,-0.00509342126926,1.69045713959e-05
72.85,-0.000304429848075,-0.00508755209483,1.67388834539e-05
72.9,-0.000301684377495,-0.0050817176842,1.65748647284e-05
72.95,-0.000298963056401,-0.00507589558687,1.64124884581e-05
73.0,-0.000296265680474,-0.0050700857992,1.62517557851e-05
73.05,-0.000293592047029,-0.00506428831683,1.6092646e-05
73.1,-0.000290941954983,-0.00505850313508,1.59351658398e-05
73.15,-0.000288315204866,-0.00505273024847,1.57792480202e-05
73.2,-0.000285711598766,-0.00504696965203,1.56248767952e-05
73.25,-0.000283130940346,-0.00504122134037,1.54720365802e-05
73.3,-0.000280573034836,-0.00503548645013,1.53207301047e-05
73.35,-0.0002780376864,-0.00502982680893,1.51709238339e-05
73.4,-0.000275524696092,-0.00502417955392,1.5022623278e-05
73.45,-0.000273033877856,-0.00501854454738,1.48758043421e-05
73.5,-0.000270565043302,-0.00501292178076,1.47304681603e-05
73.55,-0.000268118005553,-0.00500731124488,1.4586596061e-05
73.6,-0.00026569257922,-0.00500171497076,1.44441942495e-05
73.65,-0.000263288580216,-0.00499613752775,1.4303201855e-05
73.7,-0.000260905825493,-0.0049905801312,1.41636047639e-05
73.75,-0.000258544133381,-0.00498503495547,1.40253890161e-05
73.8,-0.000256203324401,-0.00497950283829,1.38885571743e-05
73.85,-0.000253884487602,-0.0049740434694,1.37530788562e-05
73.9,-0.000251586145757,-0.00496859642028,1.3618959254e-05
73.95,-0.000249308128144,-0.00496316153408,1.34861765635e-05
74.0,-0.000247050261525,-0.00495773879757,1.33547318999e-05
74.05,-0.000244812374056,-0.00495232819698,1.32246084219e-05
74.1,-0.000242594295269,-0.00494692971829,1.30958118417e-05
74.15,-0.000240395856075,-0.00494154334687,1.29682870383e-05
74.2,-0.000238216888724,-0.0049361690685,1.284202124e-05
74.25,-0.000236057226815,-0.00493080686865,1.27170018052e-05
74.3,-0.000233916705288,-0.00492545673251,1.25932311449e-05
74.35,-0.000231795160419,-0.00492015506243,1.24706816312e-05
74.4,-0.000229692422153,-0.00491488780918,1.23493581437e-05
74.45,-0.000227608332587,-0.00490963255087,1.22292410543e-05
74.5,-0.000225542732103,-0.00490438927043,1.21103314599e-05
74.55,-0.000223495462375,-0.0048991579503,1.19926141747e-05
74.6,-0.000221466366353,-0.00489393857273,1.18760944642e-05
74.65,-0.000219455288263,-0.00488873111942,1.1760722426e-05
74.7,-0.000217462073575,-0.00488353557245,1.16464865597e-05
74.75,-0.00021548656901,-0.00487835191364,1.1533375482e-05
74.8,-0.000213528622531,-0.00487318012458,1.14213914605e-05
74.85,-0.000211589140762,-0.00486802018635,1.13105095187e-05
74.9,-0.000209666896355,-0.00486291690103,1.1200733424e-05
74.95,-0.000207761733944,-0.00485783667135,1.10920465529e-05
75.0,-0.000205873510149,-0.00485276821106,1.09844496185e-05
75.05,-0.000204002079447,-0.00484771149924,1.08779289251e-05
75.1,-0.000202147297494,-0.00484266651479,1.07724893272e-05
75.15,-0.000200309021124,-0.00483764088533,1.06680856369e-05
75.2,-0.000198487107793,-0.00483263313367,1.05647075545e-05
75.25,-0.000196681416235,-0.00482763920163,1.04623448724e-05
75.3,-0.000194891806628,-0.00482265694077,1.03609997336e-05
75.35,-0.000193118140439,-0.0048176863288,1.02606495503e-05
75.4,-0.000191360280257,-0.00481272734346,1.01612978011e-05
75.45,-0.000189618089802,-0.00480780730847,1.00629287579e-05
75.5,-0.000187891428644,-0.00480292482337,9.96554404996e-06
75.55,-0.000186180164685,-0.00479805386527,9.86913112137e-06
75.6,-0.000184484165085,-0.00479319441002,9.7736944445e-06
75.65,-0.000182803298091,-0.00478834643311,9.67919308897e-06
75.7,-0.000181137433017,-0.00478350991032,9.58561772329e-06
75.75,-0.000179486440248,-0.00477868481729,9.49295911101e-06
75.8,-0.000177850191225,-0.00477387112947,9.40121925013e-06
75.85,-0.000176229439162,-0.00476906882197,9.31037771332e-06
75.9,-0.000174623159902,-0.00476427787279,9.22043773014e-06
75.95,-0.000173031228272,-0.00475949825664,9.13138509541e-06
76.0,-0.000171453520122,-0.00475472994813,9.0432208346e-06
76.05,-0.000169889912323,-0.00475000868577,8.95593381333e-06
76.1,-0.000168340277742,-0.00474531347044,8.86952871725e-06
76.15,-0.00016680449752,-0.00474062945082,8.78396823336e-06
76.2,-0.000165282451644,-0.0047359566003,8.69924395613e-06
76.25,-0.000163774021089,-0.00473129489214,8.61534756551e-06
76.3,-0.000162279087807,-0.00472664429945,8.53228093674e-06
76.35,-0.000160797534724,-0.00472200479506,8.45002559216e-06
76.4,-0.000159329245729,-0.00471737635183,8.36858451834e-06
76.45,-0.000157874105668,-0.00471275894231,8.28794488339e-06
76.5,-0.000156432000337,-0.00470815253901,8.2081076783e-06
76.55,-0.000155002816477,-0.00470355711417,8.12906285696e-06
76.6,-0.000153586441765,-0.00469897263995,8.05081423337e-06
76.65,-0.000152182764806,-0.00469441995442,7.97332822096e-06
76.7,-0.00015079167156,-0.0046899162428,7.89659765012e-06
76.75,-0.0001494130531,-0.00468542774818,7.82061496573e-06
76.8,-0.000148046800662,-0.00468095008504,7.74538194877e-06
76.85,-0.000146693539716,-0.00467648322415,7.67088187869e-06
76.9,-0.000145352416243,-0.00467202713867,7.59711752308e-06
76.95,-0.000144023324587,-0.00466758179912,7.52407728492e-06
77.0,-0.000142706159967,-0.00466314717599,7.45176211538e-06
77.05,-0.000141400818471,-0.00465872323953,7.38016294539e-06
77.1,-0.00014010719705,-0.00465430995997,7.3092832886e-06
77.15,-0.000138825193511,-0.00464990730726,7.23909270251e-06
77.2,-0.000137554706504,-0.00464551525167,7.16958437038e-06
77.25,-0.000136295635524,-0.00464113376336,7.1007515444e-06
77.3,-0.000135047880899,-0.00463677714258,7.03259587857e-06
77.35,-0.000133811341065,-0.00463246176993,6.96510255247e-06
77.4,-0.000132585918762,-0.00462815683615,6.89827405053e-06
77.45,-0.000131371516867,-0.00462386231034,6.83209989253e-06
77.5,-0.000130168039068,-0.00461957816159,6.76658099163e-06
77.55,-0.000128975389855,-0.00461530435882,6.70170916193e-06
77.6,-0.000127793474514,-0.00461104087092,6.63748764293e-06
77.65,-0.000126622199123,-0.00460678766657,6.57388883844e-06
77.7,-0.000125461470542,-0.00460254471474,6.510906605e-06
77.75,-0.000124311196406,-0.00459831198436,6.44853486113e-06
77.8,-0.000123171285124,-0.00459408944427,6.38677515497e-06
77.85,-0.000122042255782,-0.00458987706319,6.32561379872e-06
77.9,-0.000120923396591,-0.00458567481183,6.26505317238e-06
77.95,-0.000119814618413,-0.00458148265875,6.20508381014e-06
78.0,-0.000118715832855,-0.00457732571042,6.14570659306e-06
78.05,-0.00011762694956,-0.00457319598736,6.08691443994e-06
78.1,-0.000116547882716,-0.00456907622861,6.02871022098e-06
78.15,-0.000115478546203,-0.00456496896256,5.97106891429e-06
78.2,-0.000114418854518,-0.00456087761432,5.91398499285e-06
78.25,-0.000113368722747,-0.00455680263017,5.85745299988e-06
78.3,-0.000112328066679,-0.00455273751203,5.80147440933e-06
78.35,-0.000111296803067,-0.00454868222741,5.74603682645e-06
78.4,-0.000110274849362,-0.00454463674394,5.69114244876e-06
78.45,-0.00010926212371,-0.00454060102909,5.63678271575e-06
78.5,-0.000108258544948,-0.00453657505038,5.58295846553e-06
78.55,-0.000107264032593,-0.00453255877522,5.52966302832e-06
78.6,-0.000106278506843,-0.00452855217101,5.47689916056e-06
78.65,-0.000105301888569,-0.00452455520504,5.4246441738e-06
78.7,-0.000104334099308,-0.00452057086211,5.37289307861e-06
78.75,-0.000103375059757,-0.00451663270602,5.32164110402e-06
78.8,-0.000102424692937,-0.00451270405118,5.27088958794e-06
78.85,-0.000101483429574,-0.0045087848645,5.22062730616e-06
78.9,-0.000100550676863,-0.00450487511457,5.17085629362e-06
78.95,-9.96263597935e-05,-0.00450097476825,5.12156880853e-06
79.0,-9.87104039884e-05,-0.00449708379246,5.07276564812e-06
79.05,-9.78027356996e-05,-0.00449320215404,5.02444078765e-06
79.1,-9.69032818028e-05,-0.00448932981985,4.97659676696e-06
79.15,-9.60119697939e-05,-0.00448546675666,4.92921300497e-06
79.2,-9.512872778e-05,-0.0044816129315,4.88228500173e-06
79.25,-9.42534844773e-05,-0.00447776831141,4.83580830226e-06
79.3,-9.33861692068e-05,-0.00447393286344,4.78978417197e-06
79.35,-9.25267118898e-05,-0.00447010655458,4.7442024493e-06
79.4,-9.16750430417e-05,-0.00446628935192,4.69906501924e-06
79.45,-9.08310937692e-05,-0.00446248122245,4.65436488373e-06
79.5,-8.99947957641e-05,-0.00445870649921,4.61010280411e-06
79.55,-8.91660794503e-05,-0.00445495333512,4.56627355133e-06
79.6,-8.83448784777e-05,-0.0044512091061,4.52287937934e-06
79.65,-8.75311263105e-05,-0.00444747400544,4.47990161451e-06
79.7,-8.67247569706e-05,-0.0044437550269,4.43733619796e-06
79.75,-8.5925704837e-05,-0.00444005077613,4.39517913449e-06
79.8,-8.51339048952e-05,-0.00443635666046,4.35343162217e-06
79.85,-8.43497143628e-05,-0.00443267134385,4.31208445723e-06
79.9,-8.35726397646e-05,-0.00442899479427,4.27113938165e-06
79.95,-8.28026180267e-05,-0.00442532697831,4.23059006173e-06
80.0,-8.2039586613e-05,-0.00442166786265,4.19043721635e-06
80.05,-8.12834835213e-05,-0.0044180174139,4.15067592858e-06
80.1,-8.05342472785e-05,-0.00441437559878,4.11130835592e-06
80.15,-7.97918169375e-05,-0.00441074238391,4.07231755438e-06
80.2,-7.90561320702e-05,-0.00440711773619,4.03369986313e-06
80.25,-7.83271327652e-05,-0.00440350162256,3.99545165772e-06
80.3,-7.76047596237e-05,-0.00439990198025,3.95757403936e-06
80.35,-7.68889526609e-05,-0.00439633710933,3.92005879238e-06
80.4,-7.61796537384e-05,-0.00439278063526,3.88290750061e-06
80.45,-7.54768050052e-05,-0.00438923252466,3.84611443178e-06
80.5,-7.47803491056e-05,-0.00438569274425,3.80968026479e-06
80.55,-7.40902291757e-05,-0.00438216126075,3.77360055472e-06
80.6,-7.34063888391e-05,-0.00437863804092,3.73787728806e-06
80.65,-7.27287722039e-05,-0.00437512305153,3.70249508453e-06
80.7,-7.2057323856e-05,-0.00437161625957,3.66745063974e-06
80.75,-7.13919888574e-05,-0.00436811763209,3.63274068201e-06
80.8,-7.07327127424e-05,-0.00436462713622,3.59836623607e-06
80.85,-7.00797917396e-05,-0.00436114473906,3.56431974149e-06
80.9,-6.94328152668e-05,-0.00435767040892,3.53060268781e-06
80.95,-6.87917303511e-05,-0.00435420411301,3.49720988903e-06
81.0,-6.81564844749e-05,-0.00435074581861,3.46414198829e-06
81.05,-6.75270255733e-05,-0.00434729549303,3.4313949694e-06
81.1,-6.69033020296e-05,-0.00434385310364,3.39897066401e-06
81.15,-6.62852626722e-05,-0.00434041861782,3.36685511131e-06
81.2,-6.56728567698e-05,-0.0043370178885,3.33504533067e-06
81.25,-6.50660327712e-05,-0.00433364167579,3.30353851581e-06
81.3,-6.44647411887e-05,-0.00433027665374,3.27233557951e-06
81.35,-6.3868932555e-05,-0.00432691939946,3.24142967434e-06
81.4,-6.32785579043e-05,-0.00432356988024,3.21082217303e-06
81.45,-6.26935686935e-05,-0.00432022806336,3.18050837824e-06
81.5,-6.21139167987e-05,-0.00431689391622,3.15048889359e-06
81.55,-6.15395545119e-05,-0.00431356740624,3.12076008517e-06
81.6,-6.09704345373e-05,-0.00431024850093,3.09132363729e-06
81.65,-6.04065099888e-05,-0.0043069371678,3.06216687101e-06
81.7,-5.98477343846e-05,-0.00430363337463,3.03328709316e-06
81.75,-5.92940616455e-05,-0.00430033708922,3.00468163705e-06
81.8,-5.87454460913e-05,-0.0042970482795,2.97635138916e-06
81.85,-5.82021333048e-05,-0.00429376691339,2.94829013448e-06
81.9,-5.76637818515e-05,-0.00429049295986,2.92049914297e-06
81.95,-5.71303473116e-05,-0.00428722638698,2.89297416247e-06
82.0,-5.66017856505e-05,-0.00428396716292,2.86571576224e-06
82.05,-5.60780532157e-05,-0.0042807152559,2.83872065685e-06
82.1,-5.55591067335e-05,-0.00427747063424,2.81199039816e-06
82.15,-5.50449033061e-05,-0.00427425508974,2.78551347243e-06
82.2,-5.45353994794e-05,-0.00427105401228,2.75928755678e-06
82.25,-5.40305535273e-05,-0.00426786009131,2.73331019415e-06
82.3,-5.35303236801e-05,-0.00426467329523,2.70758220717e-06
82.35,-5.30346685314e-05,-0.00426149359249,2.68209795816e-06
82.4,-5.25435470342e-05,-0.00425832095167,2.65685861767e-06
82.45,-5.20569184992e-05,-0.0042551553414,2.63186033317e-06
82.5,-5.15747425908e-05,-0.0042519967304,2.60710363815e-06
82.55,-5.10969793249e-05,-0.00424884508747,2.58258555913e-06
82.6,-5.06235890655e-05,-0.00424570038148,2.55830752332e-06
82.65,-5.01545325223e-05,-0.00424256258137,2.5342590708e-06
82.7,-4.96897707469e-05,-0.00423943468308,2.51043800464e-06
82.75,-4.92292650807e-05,-0.00423631919529,2.48684215516e-06
82.8,-4.87729771629e-05,-0.00423321593632,2.46347229768e-06
82.85,-4.83211104601e-05,-0.00423011949084,2.44032332873e-06
82.9,-4.78733811685e-05,-0.00422702982886,2.41739632887e-06
82.95,-4.74297520871e-05,-0.00422394691969,2.39468780777e-06
83.0,-4.69901863395e-05,-0.00422087073275,2.37219826557e-06
83.05,-4.65546473716e-05,-0.00421780123751,2.34992501136e-06
83.1,-4.61230989488e-05,-0.00421473840356,2.32786935823e-06
83.15,-4.56955051532e-05,-0.00421169118195,2.30602180271e-06
83.2,-4.52718298444e-05,-0.00420866815411,2.28438042263e-06
83.25,-4.48520378847e-05,-0.00420565166534,2.2629432339e-06
83.3,-4.44360943056e-05,-0.00420264168539,2.24171094435e-06
83.35,-4.40239644449e-05,-0.00419963818408,2.22067891286e-06
83.4,-4.36156139433e-05,-0.00419664113137,2.19984813468e-06
83.45,-4.32110087428e-05,-0.00419365049726,2.17921544589e-06
83.5,-4.28101150834e-05,-0.0041906662519,2.15878131377e-06
83.55,-4.24128995015e-05,-0.0041876883655,2.13854330158e-06
83.6,-4.20193288266e-05,-0.00418471680837,2.11850261622e-06
83.65,-4.16293701793e-05,-0.00418175155087,2.09865062077e-06
83.7,-4.12429909684e-05,-0.0041787925636,2.07898551996e-06
83.75,-4.08601588886e-05,-0.00417583981724,2.05950553593e-06
83.8,-4.04808419187e-05,-0.00417289328256,2.04021132567e-06
83.85,-4.01052087455e-05,-0.00416995293042,2.02109867784e-06
83.9,-3.97330235589e-05,-0.0041670187324,2.00216851101e-06
83.95,-3.93642552318e-05,-0.00416409065955,1.98341795786e-06
84.0,-3.89988729105e-05,-0.00416116868302,1.96484745581e-06
84.05,-3.86368460128e-05,-0.00415825277405,1.94645479905e-06
84.1,-3.82781442254e-05,-0.00415534290399,1.92824109794e-06
84.15,-3.7922737502e-05,-0.00415243904423,1.91019850294e-06
84.2,-3.75705960603e-05,-0.00414954201277,1.89232539133e-06
84.25,-3.72216903698e-05,-0.00414666129386,1.87462015734e-06
84.3,-3.68759907485e-05,-0.00414381253306,1.85708346022e-06
84.35,-3.65334681882e-05,-0.00414097027961,1.83971147843e-06
84.4,-3.61940939522e-05,-0.00413813389717,1.8225050575e-06
84.45,-3.58578395645e-05,-0.00413530335735,1.80546159618e-06
84.5,-3.55246768002e-05,-0.00413247863187,1.78858150133e-06
84.55,-3.51945776832e-05,-0.00412965969255,1.77186277362e-06
84.6,-3.48675144842e-05,-0.00412684651132,1.75530643236e-06
84.65,-3.45434597185e-05,-0.00412403906018,1.73890534042e-06
84.7,-3.42223861439e-05,-0.00412123731131,1.7226580288e-06
84.75,-3.39042667587e-05,-0.00411844123702,1.70656304264e-06
84.8,-3.35890747997e-05,-0.00411565080972,1.69062094445e-06
84.85,-3.32769500427e-05,-0.00411286600189,1.67482826244e-06
84.9,-3.29676966348e-05,-0.00411008678666,1.65918577539e-06
84.95,-3.26612885639e-05,-0.00410731313672,1.64369112471e-06
85.0,-3.23577000479e-05,-0.00410454502487,1.62834469018e-06
85.05,-3.20569055328e-05,-0.00410178242403,1.61314466089e-06
85.1,-3.17588796904e-05,-0.00409902530721,1.59809197405e-06
85.15,-3.1463597417e-05,-0.00409627364748,1.58318014083e-06
85.2,-3.11710338307e-05,-0.00409352741814,1.56840783257e-06
85.25,-3.08811642699e-05,-0.00409078659257,1.55377373336e-06
85.3,-3.05939642916e-05,-0.00408805114424,1.53927836393e-06
85.35,-3.03094096693e-05,-0.00408532104675,1.52491857176e-06
85.4,-3.00274763913e-05,-0.00408259627379,1.51069507406e-06
85.45,-2.97481406589e-05,-0.00407987679916,1.49660573158e-06
85.5,-2.94713788844e-05,-0.00407718395124,1.48265089829e-06
85.55,-2.91971672732e-05,-0.0040744967711,1.46882898349e-06
85.6,-2.89254828748e-05,-0.00407181478663,1.45514082205e-06
85.65,-2.86563027322e-05,-0.00406913797182,1.44158051252e-06
85.7,-2.8389604092e-05,-0.0040664663008,1.42814685183e-06
85.75,-2.81253644028e-05,-0.00406380534415,1.41483864839e-06
85.8,-2.78635612618e-05,-0.0040611547173,1.40165638918e-06
85.85,-2.7604310424e-05,-0.00405851176876,1.38859721562e-06
85.9,-2.73474492549e-05,-0.00405587389196,1.37566178981e-06
85.95,-2.70929560379e-05,-0.00405324106132,1.36284816959e-06
86.0,-2.68408092497e-05,-0.00405061325139,1.3501566831e-06
86.05,-2.65909875581e-05,-0.00404799043681,1.33758584192e-06
86.1,-2.63434698205e-05,-0.00404537259233,1.32513643614e-06
86.15,-2.60982350825e-05,-0.00404275969279,1.31280309803e-06
86.2,-2.5855262576e-05,-0.00404015171319,1.30058473828e-06
86.25,-2.56145317176e-05,-0.00403754862866,1.28848027796e-06
86.3,-2.53760221071e-05,-0.00403495041443,1.27649016101e-06
86.35,-2.51397135261e-05,-0.00403235704581,1.26461178515e-06
86.4,-2.49055859362e-05,-0.00402976849825,1.252845757e-06
86.45,-2.46736194778e-05,-0.0040271847473,1.24119031417e-06
86.5,-2.44437944679e-05,-0.00402460576861,1.2296457618e-06
86.55,-2.42160913995e-05,-0.00402203153792,1.21821075056e-06
86.6,-2.39904909392e-05,-0.0040194620311,1.20688600619e-06
86.65,-2.37669739264e-05,-0.0040168972241,1.19566664602e-06
86.7,-2.35455213712e-05,-0.00401433709301,1.18455168383e-06
86.75,-2.33261144533e-05,-0.00401178161407,1.17354014273e-06
86.8,-2.31087345205e-05,-0.00400923910501,1.16263243281e-06
86.85,-2.28934772877e-05,-0.0040067124024,1.15182621522e-06
86.9,-2.2680207848e-05,-0.00400419026083,1.14112203958e-06
86.95,-2.24689080831e-05,-0.00400167265673,1.13051830555e-06
87.0,-2.22595600367e-05,-0.00399915956665,1.12001529584e-06
87.05,-2.20521459129e-05,-0.00399665096722,1.10961178619e-06
87.1,-2.18466480746e-05,-0.0039941468352,1.09930844235e-06
87.15,-2.16430490425e-05,-0.00399164714744,1.08910082153e-06
87.2,-2.14413314934e-05,-0.00398915188094,1.0789880299e-06
87.25,-2.1241478259e-05,-0.00398666446918,1.06896918211e-06
87.3,-2.10434723006e-05,-0.00398418664581,1.05904465905e-06
87.35,-2.08472967208e-05,-0.00398171768523,1.04921231553e-06
87.4,-2.06529347796e-05,-0.00397925308465,1.03947266774e-06
87.45,-2.04603699183e-05,-0.00397679282135,1.02982426237e-06
87.5,-2.02695857262e-05,-0.00397433687272,1.0202673614e-06
87.55,-2.00805659398e-05,-0.00397188521626,1.01080085399e-06
87.6,-1.98932944413e-05,-0.00396943782957,1.00142535095e-06
87.65,-1.97077552572e-05,-0.00396699469034,9.92136809357e-07
87.7,-1.95239325571e-05,-0.0039645557764,9.82934419136e-07
87.75,-1.93418106526e-05,-0.00396212106571,9.73817377838e-07
87.8,-1.91613739959e-05,-0.00395969053633,9.64786033836e-07
87.85,-1.89827020453e-05,-0.00395726416641,9.55838432992e-07
87.9,-1.88056828e-05,-0.00395484193448,9.46975046373e-07
87.95,-1.86303011543e-05,-0.0039524238189,9.38194554253e-07
88.0,-1.84565421381e-05,-0.00395000979814,9.29497199489e-07
88.05,-1.82843909156e-05,-0.00394759985074,9.20881974218e-07
88.1,-1.81138327843e-05,-0.00394519395539,9.12349439007e-07
88.15,-1.79448531735e-05,-0.00394279209081,9.0389591458e-07
88.2,-1.77774376435e-05,-0.00394039423593,8.95520666825e-07
88.25,-1.7611571884e-05,-0.00393800240422,8.87222968516e-07
88.3,-1.74472416189e-05,-0.00393562991925,8.79003152596e-07
88.35,-1.72844327764e-05,-0.00393326137279,8.70859444627e-07
88.4,-1.71231314495e-05,-0.00393089673583,8.62792274905e-07
88.45,-1.69633238395e-05,-0.00392853598759,8.54800444257e-07
88.5,-1.68049962715e-05,-0.00392617910741,8.4688417714e-07
88.55,-1.66481351939e-05,-0.00392382607475,8.39042558439e-07
88.6,-1.64927271767e-05,-0.00392147686913,8.31276102029e-07
88.65,-1.6338758911e-05,-0.0039191314702,8.23581458674e-07
88.7,-1.61862172075e-05,-0.00391678985773,8.15957962487e-07
88.75,-1.60350889956e-05,-0.00391445340887,8.08404953814e-07
88.8,-1.58853613151e-05,-0.00391212589809,8.00922729167e-07
88.85,-1.57370999499e-05,-0.00390980845429,7.93509675944e-07
88.9,-1.55902119547e-05,-0.00390749474664,7.8616619532e-07
88.95,-1.54446847489e-05,-0.00390518475516,7.78891197573e-07
89.0,-1.53005058647e-05,-0.00390287845997,7.71684890137e-07
89.05,-1.51576629468e-05,-0.0039005758413,7.64546442038e-07
89.1,-1.50161437513e-05,-0.00389827687947,7.57476324376e-07
89.15,-1.48759361444e-05,-0.0038959815549,7.50471488065e-07
89.2,-1.47370281018e-05,-0.00389368984814,7.43531329056e-07
89.25,-1.45994077074e-05,-0.00389140173983,7.36655248939e-07
89.3,-1.44630631528e-05,-0.00388911721073,7.2984351974e-07
89.35,-1.43279827359e-05,-0.00388683624168,7.23094671595e-07
89.4,-1.41941548603e-05,-0.00388455881364,7.16409069079e-07
89.45,-1.40615680341e-05,-0.00388228490763,7.09785721987e-07
89.5,-1.39302108692e-05,-0.0038800145048,7.03224822132e-07
89.55,-1.38000720803e-05,-0.00387774758638,6.96725615012e-07
89.6,-1.36711404842e-05,-0.00387548413372,6.90288532659e-07
89.65,-1.35434049983e-05,-0.00387322412821,6.83910799114e-07
89.7,-1.34168546405e-05,-0.00387096755143,6.77591866504e-07
89.75,-1.32914785277e-05,-0.00386871438499,6.7133119205e-07
89.8,-1.31672658753e-05,-0.00386646461066,6.6512902619e-07
89.85,-1.30442711852e-05,-0.00386421821025,6.5898403189e-07
89.9,-1.29224173947e-05,-0.00386198433883,6.52896543896e-07
89.95,-1.28016939251e-05,-0.00385976005864,6.46865675163e-07
90.0,-1.26820904372e-05,-0.00385753908598,6.40891597634e-07
90.05,-1.25635966461e-05,-0.00385532140289,6.34973625762e-07
90.1,-1.24462023599e-05,-0.00385310699153,6.2911215534e-07
90.15,-1.2329897479e-05,-0.00385089583413,6.23304658456e-07
90.2,-1.2214671995e-05,-0.00384868791304,6.17550637753e-07
90.25,-1.21005159898e-05,-0.00384648321071,6.11849600491e-07
90.3,-1.19874196356e-05,-0.0038442875921,6.0620177684e-07
90.35,-1.187537317e-05,-0.00384210009096,6.00605953009e-07
90.4,-1.17643669241e-05,-0.00383991766413,5.95062438226e-07
90.45,-1.16543913285e-05,-0.00383773841551,5.8957041481e-07
90.5,-1.15454369078e-05,-0.00383556232779,5.84130045901e-07
90.55,-1.14374942725e-05,-0.00383338938372,5.78740708552e-07
90.6,-1.13305541182e-05,-0.00383121956618,5.41972143073e-07
90.65,-1.12246066477e-05,-0.00382905329311,5.33478340411e-07
90.7,-1.1119643258e-05,-0.0038268901538,5.28557608881e-07
90.75,-1.10156549606e-05,-0.00382473008232,5.2368213114e-07
90.8,-1.0912632783e-05,-0.003822573062,5.18852145786e-07
90.85,-1.08106218608e-05,-0.00382041907629,5.14066572382e-07
90.9,-1.0709558293e-05,-0.00381826810885,5.09325718973e-07
90.95,-1.0609433365e-05,-0.0038161201433,5.04628867583e-07
91.0,-1.0510238441e-05,-0.00381397516332,4.9997619483e-07
91.05,-1.04119649636e-05,-0.0038118331527,4.95367160552e-07
91.1,-1.0314604453e-05,-0.00380969409532,4.90801804332e-07
91.15,-1.02181485064e-05,-0.00380755797513,4.8627837961e-07
91.2,-1.01225887972e-05,-0.00380542477619,4.81796501544e-07
91.25,-1.00279170742e-05,-0.00380329448265,4.77355788841e-07
91.3,-9.93412516144e-06,-0.00380116707876,4.72956460554e-07
91.35,-9.84120495695e-06,-0.00379904254884,4.68597533363e-07
91.4,-8.80984565509e-06,-0.0037969208773,4.64279289566e-07
91.45,-7.3176325209e-06,-0.00379479944873,4.60000720949e-07
91.5,-7.24917942797e-06,-0.00379267698867,4.55761829005e-07
91.55,-7.18136261381e-06,-0.00379055744808,4.20266131443e-07
91.6,-7.11417585537e-06,-0.00378844124333,4.12915040402e-07
91.65,-7.04761368238e-06,-0.00378632796602,4.09111530004e-07
91.7,-6.98167038219e-06,-0.00378422269442,4.05342929606e-07
91.75,-6.91634021058e-06,-0.00378212880689,4.01608925259e-07
91.8,-6.85161753062e-06,-0.00378004159524,3.97909741915e-07
91.85,-6.78753065714e-06,-0.00377796210951,3.94244511201e-07
91.9,-6.72403944368e-06,-0.00377588913475,3.90613518523e-07
91.95,-6.66113839646e-06,-0.00377381896048,3.55792949895e-07
92.0,-6.59882174382e-06,-0.00377175199551,3.49045042186e-07
92.05,-6.53708441031e-06,-0.00376968783923,3.45831428228e-07
92.1,-6.47592109657e-06,-0.00376762642786,3.42648396828e-07
92.15,-6.4153265134e-06,-0.00376556774572,3.39494549624e-07
92.2,-6.35529541965e-06,-0.00376351177724,3.36369619346e-07
92.25,-6.29582262181e-06,-0.00376145850695,3.3327334118e-07
92.3,-6.2369029736e-06,-0.00375940791946,3.30205948755e-07
92.35,-6.17853137551e-06,-0.0037573599995,3.27166675986e-07
92.4,-6.12070277445e-06,-0.00375531473186,3.24155808113e-07
92.45,-6.06341216325e-06,-0.00375327210143,3.21172536355e-07
92.5,-6.00665458034e-06,-0.00375123209322,2.87044367029e-07
92.55,-5.9504248071e-06,-0.00374919511627,2.8093708662e-07
92.6,-5.89471825137e-06,-0.00374716077191,2.78353196656e-07
92.65,-5.83953011999e-06,-0.00374512899757,2.75792968604e-07
92.7,-5.78485562929e-06,-0.0037430997787,2.73256186215e-07
92.75,-5.73069003914e-06,-0.00374107310085,2.70742635221e-07
92.8,-5.67702865262e-06,-0.00373904894963,2.68252555537e-07
92.85,-5.62389492119e-06,-0.00373702731077,2.65785275371e-07
92.9,-5.57125557341e-06,-0.00373500817013,2.63341081199e-07
92.95,-5.51910604777e-06,-0.00373299151361,2.609192618e-07
93.0,-5.46744182433e-06,-0.00373097732718,2.58519989975e-07
93.05,-5.41625842432e-06,-0.00372896559689,2.2513602577e-07
93.1,-5.36555113905e-06,-0.00372695673033,2.19618851079e-07
93.15,-5.31531582147e-06,-0.00372495033218,2.17600162302e-07
93.2,-5.2655481448e-06,-0.00372294634119,2.15599939272e-07
93.25,-5.21624379109e-06,-0.00372094474386,2.13618013554e-07
93.3,-5.16739848177e-06,-0.00371894742326,2.11654630572e-07
93.35,-5.11900797415e-06,-0.00371695738149,2.09709204569e-07
93.4,-5.07106805942e-06,-0.00371497517316,2.07782023762e-07
93.45,-5.02357456652e-06,-0.00371299533342,2.05872466503e-07
93.5,-4.97652337165e-06,-0.00371101784893,1.73032057223e-07
93.55,-4.92991014054e-06,-0.00370904312684,1.68000485444e-07
93.6,-4.8837310538e-06,-0.00370707077336,1.35496759582e-07
93.65,-4.83798188408e-06,-0.00370510114846,1.30809301008e-07
93.7,-4.7926588811e-06,-0.00370313408681,1.29607561954e-07
93.75,-4.74775813102e-06,-0.00370118099886,1.28416806136e-07
93.8,-4.70327569795e-06,-0.00369923019633,1.27237311731e-07
93.85,-4.65923101632e-06,-0.00369728163754,1.26068594791e-07
93.9,-4.61559651037e-06,-0.00369533530991,1.24910968517e-07
93.95,-4.5723683901e-06,-0.00369339120088,1.23763915946e-07
94.0,-4.52954290015e-06,-0.00369144929797,1.22627340842e-07
94.05,-4.48711631942e-06,-0.00368950958877,1.21501147847e-07
94.1,-4.44508496084e-06,-0.00368757206095,1.2038569296e-07
94.15,-4.403445171e-06,-0.00368563670227,1.19280422895e-07
94.2,-4.36219332989e-06,-0.00368370350053,1.18185245013e-07
94.25,-4.32132585059e-06,-0.00368177244365,1.17100067514e-07
94.3,-4.28083917895e-06,-0.00367984351961,8.51702510011e-08
94.35,-4.24072958088e-06,-0.00367791712836,8.09572681765e-08
94.4,-4.20099376348e-06,-0.00367599288507,8.02142877859e-08
94.45,-4.16162829324e-06,-0.00367407073147,7.94780871771e-08
94.5,-4.12262974406e-06,-0.00367215065591,7.87486047484e-08
94.55,-4.08399472116e-06,-0.00367023264684,7.80257794572e-08
94.6,-4.04571986086e-06,-0.00366831669276,7.73099616232e-08
94.65,-4.00780183024e-06,-0.00366640278225,7.66006721454e-08
94.7,-3.97023732689e-06,-0.00366449090395,7.58978517566e-08
94.75,-3.93302307865e-06,-0.0036625810466,7.52014417265e-08
94.8,-3.89615584332e-06,-0.00366067319897,7.45113838574e-08
94.85,-3.8596516971e-06,-0.0036587735085,7.38276204757e-08
94.9,-3.82348777988e-06,-0.00365688048078,4.23645666808e-08
94.95,-3.78766074875e-06,-0.00365499111954,3.85525155908e-08
95.0,-3.75216765815e-06,-0.00365310379008,3.81987519214e-08
95.05,-3.71700543907e-06,-0.00365121843498,3.78482151742e-08
95.1,-3.68217102921e-06,-0.00364933504331,3.75012506921e-08
95.15,-3.64766139433e-06,-0.00364745360417,3.71574471912e-08
95.2,-3.61347352798e-06,-0.00364557410677,3.68167760203e-08
95.25,-3.57960445122e-06,-0.00364369654037,3.64792087875e-08
95.3,-3.54605121244e-06,-0.0036418208943,3.61447173574e-08
95.35,-3.51281088706e-06,-0.00363994715795,3.58132738492e-08
95.4,-3.47988057731e-06,-0.00363807532079,3.54848506342e-08
95.45,-3.44725741196e-06,-0.00363620537235,3.51594203335e-08
95.5,-3.41493854614e-06,-0.00363433730221,3.48369558158e-08
95.55,-3.38292116104e-06,-0.00363247110004,3.45174301916e-08
95.6,-3.35120246369e-06,-0.00363060675556,3.45102024913e-09
95.65,-3.31977952135e-06,-0.00362874466813,0.0
95.7,-3.28864974508e-06,-0.00362688445675,0.0
95.75,-3.25781043676e-06,-0.00362502606514,0.0
95.8,-3.22725890435e-06,-0.00362316948335,0.0
95.85,-3.19700845767e-06,-0.00362131470153,0.0
95.9,-3.16704016127e-06,-0.0036194617099,0.0
95.95,-3.13735140122e-06,-0.00361761049872,0.0
96.0,-3.10793958757e-06,-0.00361576816156,0.0
96.05,-3.07880213667e-06,-0.00361393093977,0.0
96.1,-3.04993651354e-06,-0.00361209546769,0.0
96.15,-3.02134019927e-06,-0.00361026173569,0.0
96.2,-2.99301069806e-06,-0.0036084297342,0.0
96.25,-2.96494553702e-06,-0.00360659945373,0.0
96.3,-2.93714226596e-06,-0.00360477088481,0.0
96.35,-2.90959845716e-06,-0.0036029482445,0.0
96.4,-2.88231170129e-06,-0.00360113196822,0.0
96.45,-2.85527961084e-06,-0.00359932039594,0.0
96.5,-2.82849982195e-06,-0.00359751052474,0.0
96.55,-2.80196999524e-06,-0.00359570234523,0.0
96.6,-2.77568781285e-06,-0.0035938958481,0.0
96.65,-2.7496509782e-06,-0.00359209102408,0.0
96.7,-2.7238572158e-06,-0.00359028786397,0.0
96.75,-2.69830427108e-06,-0.00358848635862,0.0
96.8,-2.67298991016e-06,-0.00358668649894,0.0
96.85,-2.64792515282e-06,-0.00358488827591,0.0
96.9,-2.62309431162e-06,-0.00358309168059,0.0
96.95,-2.5984952176e-06,-0.00358129670405,0.0
97.0,-2.57412572171e-06,-0.00357950333746,0.0
97.05,-2.54998369467e-06,-0.00357771157199,0.0
97.1,-2.52606702676e-06,-0.00357592139892,0.0
97.15,-2.50237362764e-06,-0.00357413280954,0.0
97.2,-2.47890142619e-06,-0.00357234579523,0.0
97.25,-2.45564837032e-06,-0.00357056034741,0.0
97.3,-2.43261242681e-06,-0.00356877645756,0.0
97.35,-2.40979158116e-06,-0.00356699411721,0.0
97.4,-1.43803377217e-06,-0.00356521331794,0.0
97.45,0.0,-0.00356343157234,0.0
97.5,0.0,-0.00356164767285,0.0
97.55,0.0,-0.00355986539395,0.0
97.6,0.0,-0.00355808472611,0.0
97.65,0.0,-0.0035563056599,0.0
97.7,0.0,-0.00355452818594,0.0
97.75,0.0,-0.0035527522949,0.0
97.8,0.0,-0.00355097797754,0.0
97.85,0.0,-0.00354920757767,0.0
97.9,0.0,-0.00354744340113,0.0
97.95,0.0,-0.00354568548059,0.0
98.0,0.0,-0.00354392912383,0.0
98.05,0.0,-0.00354217432171,0.0
98.1,0.0,-0.00354042106512,0.0
98.15,0.0,-0.00353866934504,0.0
98.2,0.0,-0.00353691915251,0.0
98.25,0.0,-0.00353517047862,0.0
98.3,0.0,-0.00353342331455,0.0
98.35,0.0,-0.00353167765153,0.0
98.4,0.0,-0.00352993348083,0.0
98.45,0.0,-0.00352819079382,0.0
98.5,0.0,-0.00352645125751,0.0
98.55,0.0,-0.00352472076444,0.0
98.6,0.0,-0.00352299173489,0.0
98.65,0.0,-0.00352126415442,0.0
98.7,0.0,-0.00351953801458,0.0
98.75,0.0,-0.00351781330699,0.0
98.8,0.0,-0.00351609002331,0.0
98.85,0.0,-0.00351436815529,0.0
98.9,0.0,-0.00351264769471,0.0
98.95,0.0,-0.00351092863343,0.0
99.0,0.0,-0.00350921096335,0.0
99.05,0.0,-0.00350749467644,0.0
99.1,0.0,-0.00350577976473,0.0
99.15,0.0,-0.0035040662203,0.0
99.2,0.0,-0.00350235403529,0.0
99.25,0.0,-0.00350064320189,0.0
99.3,0.0,-0.00349893371235,0.0
99.35,0.0,-0.00349722609397,0.0
99.4,0.0,-0.00349552515438,0.0
99.45,0.0,-0.00349383051617,0.0
99.5,0.0,-0.00349213790063,0.0
99.55,0.0,-0.00349044661659,0.0
99.6,0.0,-0.0034887566564,0.0
99.65,0.0,-0.00348706801247,0.0
99.7,0.0,-0.00348538067725,0.0
99.75,0.0,-0.00348369464328,0.0
99.8,0.0,-0.00348200990311,0.0
99.85,0.0,-0.00348032644937,0.0
99.9,0.0,-0.00347864427475,0.0
99.95,0.0,-0.00347696337196,0.0
100.0,0.0,-0.00347528373379,0.0
