"time","AMPA","NMDA","GABAa"
0.0,0.0,0.0,0.0
0.05,0.0,0.0,0.0
0.1,0.0,0.0,0.0
0.15,0.0,0.0,0.0
0.2,0.0,0.0,0.0
0.25,0.0,0.0,0.0
0.3,0.0,0.0,0.0
0.35,0.0,0.0,0.0
0.4,0.0,0.0,0.0
0.45,0.0,0.0,0.0
0.5,0.0,0.0,0.0
0.55,0.0,0.0,0.0
0.6,0.0,0.0,0.0
0.65,0.0,0.0,0.0
0.7,0.0,0.0,0.0
0.75,0.0,0.0,0.0
0.8,0.0,0.0,0.0
0.85,0.0,0.0,0.0
0.9,0.0,0.0,0.0
0.95,0.0,0.0,0.0
1.0,0.0,0.0,0.0
1.05,0.0,0.0,0.0
1.1,0.0,0.0,0.0
1.15,0.0,0.0,0.0
1.2,0.0,0.0,0.0
1.25,0.0,0.0,0.0
1.3,0.0,0.0,0.0
1.35,0.0,0.0,0.0
1.4,0.0,0.0,0.0
1.45,0.0,0.0,0.0
1.5,0.0,0.0,0.0
1.55,0.0,0.0,0.0
1.6,0.0,0.0,0.0
1.65,0.0,0.0,0.0
1.7,0.0,0.0,0.0
1.75,0.0,0.0,0.0
1.8,0.0,0.0,0.0
1.85,0.0,0.0,0.0
1.9,0.0,0.0,0.0
1.95,0.0,0.0,0.0
2.0,0.0,0.0,0.0
2.05,0.0,0.0,0.0
2.1,0.0,0.0,0.0
2.15,0.0,0.0,0.0
2.2,0.0,0.0,0.0
2.25,0.0,0.0,0.0
2.3,0.0,0.0,0.0
2.35,0.0,0.0,0.0
2.4,0.0,0.0,0.0
2.45,0.0,0.0,0.0
2.5,0.0,0.0,0.0
2.55,0.0,0.0,0.0
2.6,0.0,0.0,0.0
2.65,0.0,0.0,0.0
2.7,0.0,0.0,0.0
2.75,0.0,0.0,0.0
2.8,0.0,0.0,0.0
2.85,0.0,0.0,0.0
2.9,0.0,0.0,0.0
2.95,0.0,0.0,0.0
3.0,0.0,0.0,0.0
3.05,0.0,0.0,0.0
3.1,0.0,0.0,0.0
3.15,0.0,0.0,0.0
3.2,0.0,0.0,0.0
3.25,0.0,0.0,0.0
3.3,0.0,0.0,0.0
3.35,0.0,0.0,0.0
3.4,0.0,0.0,0.0
3.45,0.0,0.0,0.0
3.5,0.0,0.0,0.0
3.55,0.0,0.0,0.0
3.6,0.0,0.0,0.0
3.65,0.0,0.0,0.0
3.7,0.0,0.0,0.0
3.75,0.0,0.0,0.0
3.8,0.0,0.0,0.0
3.85,0.0,0.0,0.0
3.9,0.0,0.0,0.0
3.95,0.0,0.0,0.0
4.0,0.0,0.0,0.0
4.05,0.0,0.0,0.0
4.1,0.0,0.0,0.0
4.15,0.0,0.0,0.0
4.2,0.0,0.0,0.0
4.25,0.0,0.0,0.0
4.3,0.0,0.0,0.0
4.35,0.0,0.0,0.0
4.4,0.0,0.0,0.0
4.45,0.0,0.0,0.0
4.5,0.0,0.0,0.0
4.55,0.0,0.0,0.0
4.6,0.0,0.0,0.0
4.65,0.0,0.0,0.0
4.7,0.0,0.0,0.0
4.75,0.0,0.0,0.0
4.8,0.0,0.0,0.0
4.85,0.0,0.0,0.0
4.9,0.0,0.0,0.0
4.95,0.0,0.0,0.0
5.0,0.0,0.0,0.0
5.05,0.0,0.0,0.0
5.1,0.0,0.0,0.0
5.15,0.0,0.0,0.0
5.2,0.0,0.0,0.0
5.25,0.0,0.0,0.0
5.3,0.0,0.0,0.0
5.35,0.0,0.0,0.0
5.4,0.0,0.0,0.0
5.45,0.0,0.0,0.0
5.5,0.0,0.0,0.0
5.55,0.0,0.0,0.0
5.6,0.0,0.0,0.0
5.65,0.0,0.0,0.0
5.7,0.0,0.0,0.0
5.75,0.0,0.0,0.0
5.8,0.0,0.0,0.0
5.85,0.0,0.0,0.0
5.9,0.0,0.0,0.0
5.95,0.0,0.0,0.0
6.0,0.0,0.0,0.0
6.05,0.0,0.0,0.0
6.1,0.0,0.0,0.0
6.15,0.0,0.0,0.0
6.2,0.0,0.0,0.0
6.25,0.0,0.0,0.0
6.3,0.0,0.0,0.0
6.35,0.0,0.0,0.0
6.4,0.0,0.0,0.0
6.45,0.0,0.0,0.0
6.5,0.0,0.0,0.0
6.55,0.0,0.0,0.0
6.6,0.0,0.0,0.0
6.65,0.0,0.0,0.0
6.7,0.0,0.0,0.0
6.75,0.0,0.0,0.0
6.8,0.0,0.0,0.0
6.85,0.0,0.0,0.0
6.9,0.0,0.0,0.0
6.95,0.0,0.0,0.0
7.0,0.0,0.0,0.0
7.05,0.0,0.0,0.0
7.1,0.0,0.0,0.0
7.15,0.0,0.0,0.0
7.2,0.0,0.0,0.0
7.25,0.0,0.0,0.0
7.3,0.0,0.0,0.0
7.35,0.0,0.0,0.0
7.4,0.0,0.0,0.0
7.45,0.0,0.0,0.0
7.5,0.0,0.0,0.0
7.55,0.0,0.0,0.0
7.6,0.0,0.0,0.0
7.65,0.0,0.0,0.0
7.7,0.0,0.0,0.0
7.75,0.0,0.0,0.0
7.8,0.0,0.0,0.0
7.85,0.0,0.0,0.0
7.9,0.0,0.0,0.0
7.95,0.0,0.0,0.0
8.0,0.0,0.0,0.0
8.05,0.0,0.0,0.0
8.1,0.0,0.0,0.0
8.15,0.0,0.0,0.0
8.2,0.0,0.0,0.0
8.25,0.0,0.0,0.0
8.3,0.0,0.0,0.0
8.35,0.0,0.0,0.0
8.4,0.0,0.0,0.0
8.45,0.0,0.0,0.0
8.5,0.0,0.0,0.0
8.55,0.0,0.0,0.0
8.6,0.0,0.0,0.0
8.65,0.0,0.0,0.0
8.7,0.0,0.0,0.0
8.75,0.0,0.0,0.0
8.8,0.0,0.0,0.0
8.85,0.0,0.0,0.0
8.9,0.0,0.0,0.0
8.95,0.0,0.0,0.0
9.0,0.0,0.0,0.0
9.05,0.0,0.0,0.0
9.1,0.0,0.0,0.0
9.15,0.0,0.0,0.0
9.2,0.0,0.0,0.0
9.25,0.0,0.0,0.0
9.3,0.0,0.0,0.0
9.35,0.0,0.0,0.0
9.4,0.0,0.0,0.0
9.45,0.0,0.0,0.0
9.5,0.0,0.0,0.0
9.55,0.0,0.0,0.0
9.6,0.0,0.0,0.0
9.65,0.0,0.0,0.0
9.7,0.0,0.0,0.0
9.75,0.0,0.0,0.0
9.8,0.0,0.0,0.0
9.85,0.0,0.0,0.0
9.9,0.0,0.0,0.0
9.95,0.0,0.0,0.0
10.0,0.0,0.0,0.0
10.05,0.0,0.0,0.0
10.1,0.0,0.0,0.0
10.15,0.0,0.0,0.0
10.2,0.0,0.0,0.0
10.25,0.0,0.0,0.0
10.3,0.0,0.0,0.0
10.35,0.0,0.0,0.0
10.4,0.0,0.0,0.0
10.45,0.0,0.0,0.0
10.5,0.0,0.0,0.0
10.55,0.0,0.0,0.0
10.6,0.0,0.0,0.0
10.65,0.0,0.0,0.0
10.7,0.0,0.0,0.0
10.75,0.0,0.0,0.0
10.8,0.0,0.0,0.0
10.85,0.0,0.0,0.0
10.9,0.0,0.0,0.0
10.95,0.0,0.0,0.0
11.0,0.0,0.0,0.0
11.05,0.0,0.0,0.0
11.1,0.0,0.0,0.0
11.15,0.0,0.0,0.0
11.2,0.0,0.0,0.0
11.25,0.0,0.0,0.0
11.3,0.0,0.0,0.0
11.35,0.0,0.0,0.0
11.4,0.0,0.0,0.0
11.45,0.0,0.0,0.0
11.5,0.0,0.0,0.0
11.55,0.0,0.0,0.0
11.6,0.0,0.0,0.0
11.65,0.0,0.0,0.0
11.7,0.0,0.0,0.0
11.75,0.0,0.0,0.0
11.8,0.0,0.0,0.0
11.85,0.0,0.0,0.0
11.9,0.0,0.0,0.0
11.95,0.0,0.0,0.0
12.0,0.0,0.0,0.0
12.05,0.0,0.0,0.0
12.1,0.0,0.0,0.0
12.15,0.0,0.0,0.0
12.2,0.0,0.0,0.0
12.25,0.0,0.0,0.0
12.3,0.0,0.0,0.0
12.35,0.0,0.0,0.0
12.4,0.0,0.0,0.0
12.45,0.0,0.0,0.0
12.5,0.0,0.0,0.0
12.55,0.0,0.0,0.0
12.6,0.0,0.0,0.0
12.65,0.0,0.0,0.0
12.7,0.0,0.0,0.0
12.75,0.0,0.0,0.0
12.8,0.0,0.0,0.0
12.85,0.0,0.0,0.0
12.9,0.0,0.0,0.0
12.95,0.0,0.0,0.0
13.0,0.0,0.0,0.0
13.05,0.0,0.0,0.0
13.1,0.0,0.0,0.0
13.15,0.0,0.0,0.0
13.2,0.0,0.0,0.0
13.25,0.0,0.0,0.0
13.3,0.0,0.0,0.0
13.35,0.0,0.0,0.0
13.4,0.0,0.0,0.0
13.45,0.0,0.0,0.0
13.5,0.0,0.0,0.0
13.55,0.0,0.0,0.0
13.6,0.0,0.0,0.0
13.65,0.0,0.0,0.0
13.7,0.0,0.0,0.0
13.75,0.0,0.0,0.0
13.8,0.0,0.0,0.0
13.85,0.0,0.0,0.0
13.9,0.0,0.0,0.0
13.95,0.0,0.0,0.0
14.0,0.0,0.0,0.0
14.05,0.0,0.0,0.0
14.1,0.0,0.0,0.0
14.15,0.0,0.0,0.0
14.2,0.0,0.0,0.0
14.25,0.0,0.0,0.0
14.3,0.0,0.0,0.0
14.35,0.0,0.0,0.0
14.4,0.0,0.0,0.0
14.45,0.0,0.0,0.0
14.5,0.0,0.0,0.0
14.55,0.0,0.0,0.0
14.6,0.0,0.0,0.0
14.65,0.0,0.0,0.0
14.7,0.0,0.0,0.0
14.75,0.0,0.0,0.0
14.8,0.0,0.0,0.0
14.85,0.0,0.0,0.0
14.9,0.0,0.0,0.0
14.95,0.0,0.0,0.0
15.0,0.0,0.0,0.0
15.05,0.0,0.0,0.0
15.1,0.0,0.0,0.0
15.15,0.0,0.0,0.0
15.2,0.0,0.0,0.0
15.25,0.0,0.0,0.0
15.3,0.0,0.0,0.0
15.35,0.0,0.0,0.0
15.4,0.0,0.0,0.0
15.45,0.0,0.0,0.0
15.5,0.0,0.0,0.0
15.55,0.0,0.0,0.0
15.6,0.0,0.0,0.0
15.65,0.0,0.0,0.0
15.7,0.0,0.0,0.0
15.75,0.0,0.0,0.0
15.8,0.0,0.0,0.0
15.85,0.0,0.0,0.0
15.9,0.0,0.0,0.0
15.95,0.0,0.0,0.0
16.0,0.0,0.0,0.0
16.05,0.0,0.0,0.0
16.1,0.0,0.0,0.0
16.15,0.0,0.0,0.0
16.2,0.0,0.0,0.0
16.25,0.0,0.0,0.0
16.3,0.0,0.0,0.0
16.35,0.0,0.0,0.0
16.4,0.0,0.0,0.0
16.45,0.0,0.0,0.0
16.5,0.0,0.0,0.0
16.55,0.0,0.0,0.0
16.6,0.0,0.0,0.0
16.65,0.0,0.0,0.0
16.7,0.0,0.0,0.0
16.75,0.0,0.0,0.0
16.8,0.0,0.0,0.0
16.85,0.0,0.0,0.0
16.9,0.0,0.0,0.0
16.95,0.0,0.0,0.0
17.0,0.0,0.0,0.0
17.05,0.0,0.0,0.0
17.1,0.0,0.0,0.0
17.15,0.0,0.0,0.0
17.2,0.0,0.0,0.0
17.25,0.0,0.0,0.0
17.3,0.0,0.0,0.0
17.35,0.0,0.0,0.0
17.4,0.0,0.0,0.0
17.45,0.0,0.0,0.0
17.5,0.0,0.0,0.0
17.55,0.0,0.0,0.0
17.6,0.0,0.0,0.0
17.65,0.0,0.0,0.0
17.7,0.0,0.0,0.0
17.75,0.0,0.0,0.0
17.8,0.0,0.0,0.0
17.85,0.0,0.0,0.0
17.9,0.0,0.0,0.0
17.95,0.0,0.0,0.0
18.0,0.0,0.0,0.0
18.05,0.0,0.0,0.0
18.1,0.0,0.0,0.0
18.15,0.0,0.0,0.0
18.2,0.0,0.0,0.0
18.25,0.0,0.0,0.0
18.3,0.0,0.0,0.0
18.35,0.0,0.0,0.0
18.4,0.0,0.0,0.0
18.45,0.0,0.0,0.0
18.5,0.0,0.0,0.0
18.55,0.0,0.0,0.0
18.6,0.0,0.0,0.0
18.65,0.0,0.0,0.0
18.7,0.0,0.0,0.0
18.75,0.0,0.0,0.0
18.8,0.0,0.0,0.0
18.85,0.0,0.0,0.0
18.9,0.0,0.0,0.0
18.95,0.0,0.0,0.0
19.0,0.0,0.0,0.0
19.05,0.0,0.0,0.0
19.1,0.0,0.0,0.0
19.15,0.0,0.0,0.0
19.2,0.0,0.0,0.0
19.25,0.0,0.0,0.0
19.3,0.0,0.0,0.0
19.35,0.0,0.0,0.0
19.4,0.0,0.0,0.0
19.45,0.0,0.0,0.0
19.5,0.0,0.0,0.0
19.55,0.0,0.0,0.0
19.6,0.0,0.0,0.0
19.65,0.0,0.0,0.0
19.7,0.0,0.0,0.0
19.75,0.0,0.0,0.0
19.8,0.0,0.0,0.0
19.85,0.0,0.0,0.0
19.9,0.0,0.0,0.0
19.95,0.0,0.0,0.0
20.0,0.0,0.0,0.0
20.05,0.0,0.0,0.0
20.1,0.0,0.0,0.0
20.15,0.0,0.0,0.0
20.2,0.0,0.0,0.0
20.25,0.0,0.0,0.0
20.3,0.0,0.0,0.0
20.35,0.0,0.0,0.0
20.4,0.0,0.0,0.0
20.45,0.0,0.0,0.0
20.5,0.0,0.0,0.0
20.55,0.0,0.0,0.0
20.6,0.0,0.0,0.0
20.65,0.0,0.0,0.0
20.7,0.0,0.0,0.0
20.75,0.0,0.0,0.0
20.8,0.0,0.0,0.0
20.85,0.0,0.0,0.0
20.9,0.0,0.0,0.0
20.95,0.0,0.0,0.0
21.0,0.0,0.0,0.0
21.05,0.0,0.0,0.0
21.1,0.0,0.0,0.0
21.15,0.0,0.0,0.0
21.2,0.0,0.0,0.0
21.25,0.0,0.0,0.0
21.3,0.0,0.0,0.0
21.35,0.0,0.0,0.0
21.4,0.0,0.0,0.0
21.45,0.0,0.0,0.0
21.5,0.0,0.0,0.0
21.55,0.0,0.0,0.0
21.6,0.0,0.0,0.0
21.65,0.0,0.0,0.0
21.7,0.0,0.0,0.0
21.75,0.0,0.0,0.0
21.8,0.0,0.0,0.0
21.85,0.0,0.0,0.0
21.9,0.0,0.0,0.0
21.95,0.0,0.0,0.0
22.0,0.0,0.0,0.0
22.05,0.0,0.0,0.0
22.1,0.0,0.0,0.0
22.15,0.0,0.0,0.0
22.2,0.0,0.0,0.0
22.25,0.0,0.0,0.0
22.3,0.0,0.0,0.0
22.35,0.0,0.0,0.0
22.4,0.0,0.0,0.0
22.45,0.0,0.0,0.0
22.5,0.0,0.0,0.0
22.55,0.0,0.0,0.0
22.6,0.0,0.0,0.0
22.65,0.0,0.0,0.0
22.7,0.0,0.0,0.0
22.75,0.0,0.0,0.0
22.8,0.0,0.0,0.0
22.85,0.0,0.0,0.0
22.9,0.0,0.0,0.0
22.95,0.0,0.0,0.0
23.0,0.0,0.0,0.0
23.05,0.0,0.0,0.0
23.1,0.0,0.0,0.0
23.15,0.0,0.0,0.0
23.2,0.0,0.0,0.0
23.25,0.0,0.0,0.0
23.3,0.0,0.0,0.0
23.35,0.0,0.0,0.0
23.4,0.0,0.0,0.0
23.45,0.0,0.0,0.0
23.5,0.0,0.0,0.0
23.55,0.0,0.0,0.0
23.6,0.0,0.0,0.0
23.65,0.0,0.0,0.0
23.7,0.0,0.0,0.0
23.75,0.0,0.0,0.0
23.8,0.0,0.0,0.0
23.85,0.0,0.0,0.0
23.9,0.0,0.0,0.0
23.95,0.0,0.0,0.0
24.0,0.0,0.0,0.0
24.05,0.0,0.0,0.0
24.1,0.0,0.0,0.0
24.15,0.0,0.0,0.0
24.2,0.0,0.0,0.0
24.25,0.0,0.0,0.0
24.3,0.0,0.0,0.0
24.35,0.0,0.0,0.0
24.4,0.0,0.0,0.0
24.45,0.0,0.0,0.0
24.5,0.0,0.0,0.0
24.55,0.0,0.0,0.0
24.6,0.0,0.0,0.0
24.65,0.0,0.0,0.0
24.7,0.0,0.0,0.0
24.75,0.0,0.0,0.0
24.8,0.0,0.0,0.0
24.85,0.0,0.0,0.0
24.9,0.0,0.0,0.0
24.95,0.0,0.0,0.0
25.0,0.0,0.0,0.0
25.05,0.0,0.0,0.0
25.1,0.0,0.0,0.0
25.15,0.0,0.0,0.0
25.2,0.0,0.0,0.0
25.25,0.0,0.0,0.0
25.3,0.0,0.0,0.0
25.35,0.0,0.0,0.0
25.4,0.0,0.0,0.0
25.45,0.0,0.0,0.0
25.5,0.0,0.0,0.0
25.55,0.0,0.0,0.0
25.6,0.0,0.0,0.0
25.65,0.0,0.0,0.0
25.7,0.0,0.0,0.0
25.75,0.0,0.0,0.0
25.8,0.0,0.0,0.0
25.85,0.0,0.0,0.0
25.9,0.0,0.0,0.0
25.95,0.0,0.0,0.0
26.0,0.0,0.0,0.0
26.05,0.0,0.0,0.0
26.1,0.0,0.0,0.0
26.15,0.0,0.0,0.0
26.2,0.0,0.0,0.0
26.25,0.0,0.0,0.0
26.3,0.0,0.0,0.0
26.35,0.0,0.0,0.0
26.4,0.0,0.0,0.0
26.45,0.0,0.0,0.0
26.5,0.0,0.0,0.0
26.55,0.0,0.0,0.0
26.6,0.0,0.0,0.0
26.65,0.0,0.0,0.0
26.7,0.0,0.0,0.0
26.75,0.0,0.0,0.0
26.8,0.0,0.0,1.1408651801e-17
26.85,0.0,0.0,1.54171280047e-05
26.9,0.0,0.0,2.73165166123e-05
26.95,0.0,0.0,3.65008021347e-05
27.0,0.0,0.0,4.35894869322e-05
27.05,0.0,0.0,6.44778517843e-05
27.1,0.0,0.0,8.06000833166e-05
27.15,0.0,0.0,9.30436655778e-05
27.2,0.0,0.0,0.000102647955324
27.25,0.0,0.0,0.000110060795658
27.3,0.0,0.0,0.000115782212644
27.35,0.0,0.0,0.000127906666947
27.4,0.0,0.0,0.000144973222812
27.45,0.0,0.0,0.000158145668831
27.5,0.0,0.0,0.000168312521471
27.55,0.0,0.0,0.000176159528262
27.6,0.0,0.0,0.000182216058604
27.65,0.0,0.0,0.000186890646475
27.7,0.0,0.0,0.000190498611521
27.75,0.0,0.0,0.00020099189132
27.8,0.0,0.0,0.000208978472243
27.85,0.0,0.0,0.000214542045857
27.9,0.0,0.0,0.000218704399236
27.95,0.0,0.0,0.000221786439369
28.0,0.0,0.0,0.000223923394301
28.05,0.0,0.0,0.000224843809139
28.1,0.0,0.0,0.000225295322918
28.15,0.0,0.0,0.000225387217719
28.2,0.0,0.0,0.000225203820776
28.25,0.0,0.0,0.000224810178976
28.3,0.0,0.0,0.000224200309764
28.35,0.0,0.0,0.000223126037122
28.4,0.0,0.0,0.000221685378371
28.45,0.0,0.0,0.000220199148779
28.5,0.0,0.0,0.000218681060042
28.55,0.0,0.0,0.000217142273321
28.6,0.0,0.0,0.000223298851066
28.65,0.0,0.0,0.000227689596653
28.7,0.0,0.0,0.000238372966545
28.75,0.0,0.0,0.000245963649208
28.8,0.0,0.0,0.000251404903511
28.85,0.0,0.0,0.000255191718976
28.9,0.0,0.0,0.000257704878527
28.95,0.0,0.0,0.000259238382808
29.0,0.0,0.0,0.0002600193581
29.05,0.0,0.0,0.000260223630776
29.1,0.0,0.0,0.000267694428418
29.15,0.0,0.0,0.000273068704158
29.2,0.0,0.0,0.000276828269744
29.25,0.0,0.0,0.000279345320543
29.3,0.0,0.0,0.000280906530434
29.35,0.0,0.0,0.000281734157305
29.4,0.0,0.0,0.000281998589598
29.45,0.0,0.0,0.000281831429946
29.5,0.0,0.0,0.000281334442781
29.55,0.0,0.0,0.000280530439683
29.6,0.0,0.0,0.000279248161742
29.65,0.0,0.0,0.00027777821204
29.7,0.0,0.0,0.00027592304526
29.75,0.0,0.0,0.000274009017607
29.8,0.0,0.0,0.000272053612101
29.85,0.0,0.0,0.000270071220649
29.9,0.0,0.0,0.000268071883646
29.95,0.0,0.0,0.000266269268978
30.0,0.0,0.0,0.00026692680786
30.05,0.0,0.0,0.000266966205714
30.1,0.0,0.0,0.000266287971003
30.15,0.0,0.0,0.000265293685886
30.2,0.0,0.0,0.00026405993557
30.25,0.0,0.0,0.000262645504442
30.3,0.0,0.0,0.000261095512959
30.35,0.0,0.0,0.000259445393778
30.4,0.0,0.0,0.00025772189677
30.45,0.0,0.0,0.000255945567278
30.5,0.0,0.0,0.000254132404218
30.55,0.0,0.0,0.000252295158929
30.6,0.0,0.0,0.000250443453203
30.65,0.0,0.0,0.000248583972418
30.7,0.0,0.0,0.000246722577757
30.75,0.0,0.0,0.000244863494587
30.8,0.0,0.0,0.000243009754589
30.85,0.0,0.0,0.000241164252717
30.9,0.0,0.0,0.000239328676729
30.95,0.0,0.0,0.000237486262742
31.0,0.0,0.0,0.000235358322045
31.05,0.0,0.0,0.000233249602547
31.1,0.0,0.0,0.000231160076244
31.15,0.0,0.0,0.000229089039143
31.2,0.0,0.0,0.000227036583652
31.25,0.0,0.0,0.00022500250328
31.3,0.0,0.0,0.000222986423843
31.35,0.0,0.0,0.00022098855884
31.4,0.0,0.0,0.00021900856856
31.45,0.0,0.0,0.000217046101593
31.5,0.0,0.0,0.00021510131023
31.55,0.0,0.0,0.000213328455034
31.6,0.0,0.0,0.000215348822059
31.65,0.0,0.0,0.000216522920667
31.7,0.0,0.0,0.000217047485236
31.75,0.0,0.0,0.000217074110828
31.8,0.0,0.0,0.000216719609862
31.85,0.0,0.0,0.000216226091034
31.9,0.0,0.0,0.000219357394949
31.95,0.0,0.0,0.000221442089597
32.0,0.0,0.0,0.000222877946226
32.05,0.0,0.0,0.000227435787654
32.1,0.0,0.0,0.00023066465058
32.15,0.0,0.0,0.00023286999128
32.2,0.0,0.0,0.000234439746347
32.25,0.0,0.0,0.000239250255578
32.3,0.0,0.0,0.000242856786171
32.35,0.0,0.0,0.000249757860469
32.4,0.0,0.0,0.000257956868623
32.45,0.0,0.0,0.000264115333176
32.5,0.0,0.0,0.000268700601923
32.55,0.0,0.0,0.000272045367863
32.6,0.0,0.0,0.000274160462251
32.65,0.0,0.0,0.000275563096688
32.7,0.0,0.0,0.000276418063
32.75,0.0,0.0,0.000276852340012
32.8,0.0,0.0,0.000276963800733
32.85,0.0,0.0,0.000276800019234
32.9,0.0,0.0,0.000276152383437
32.95,0.0,0.0,0.000275368575278
33.0,0.0,0.0,0.000274455128933
33.05,0.0,0.0,0.00027316974771
33.1,0.0,0.0,0.00027183561238
33.15,0.0,0.0,0.000270466486312
33.2,0.0,0.0,0.000269045481141
33.25,0.0,0.0,0.000267314036962
33.3,0.0,0.0,0.000265550901742
33.35,0.0,0.0,0.000263473514318
33.4,0.0,0.0,0.000261113148517
33.45,0.0,0.0,0.000258773669371
33.5,0.0,0.0,0.000256455107697
33.55,0.0,0.0,0.000254318933023
33.6,0.0,0.0,0.000255798059856
33.65,0.0,0.0,0.000256623048255
33.7,0.0,0.0,0.000260967798333
33.75,0.0,0.0,0.000266916522089
33.8,0.0,0.0,0.000271128118331
33.85,0.0,0.0,0.000274002613573
33.9,0.0,0.0,0.000275848770007
33.95,0.0,0.0,0.000276904066245
34.0,0.0,0.0,0.00027735222632
34.05,0.0,0.0,0.00027733530405
34.1,0.0,0.0,0.000276962659118
34.15,0.0,0.0,0.000276318454232
34.2,0.0,0.0,0.000275467799466
34.25,0.0,0.0,0.000274461337706
34.3,0.0,0.0,0.000273337413484
34.35,0.0,0.0,0.000272126180218
34.4,0.0,0.0,0.000270850918896
34.45,0.0,0.0,0.00026974508219
34.5,0.0,0.0,0.000270807162074
34.55,0.0,0.0,0.000271316100476
34.6,0.0,0.0,0.000271125141504
34.65,0.0,0.0,0.000270603056328
34.7,0.0,0.0,0.000269534139784
34.75,0.0,0.0,0.000268001898254
34.8,0.0,0.0,0.000266350871727
34.85,0.0,0.0,0.000264612565257
34.9,0.0,0.0,0.000262811290663
34.95,0.0,0.0,0.000261063534415
35.0,0.0,0.0,0.000264912705204
35.05,0.0,0.0,0.000272099897648
35.1,0.0,0.0,0.000277317594045
35.15,0.0,0.0,0.000281017851938
35.2,0.0,0.0,0.000283550103724
35.25,0.0,0.0,0.000285183786872
35.3,0.0,0.0,0.000286126530605
35.35,0.0,0.0,0.000286539037437
35.4,0.0,0.0,0.000286753520697
35.45,0.0,0.0,0.00028903855567
35.5,0.0,0.0,0.000290238629921
35.55,0.0,0.0,0.000290839525814
35.6,0.0,0.0,0.000290980965251
35.65,0.0,0.0,0.000290770418723
35.7,0.0,0.0,0.000290291308211
35.75,0.0,0.0,0.000289607776711
35.8,0.0,0.0,0.00028895289793
35.85,0.0,0.0,0.000291205565368
35.9,0.0,0.0,0.000292678728893
35.95,0.0,0.0,0.00029351449455
36.0,0.0,0.0,0.000293564651868
36.05,0.0,0.0,0.000292674940975
36.1,0.0,0.0,0.000291534293122
36.15,0.0,0.0,0.000290438478761
36.2,0.0,0.0,0.000290932240788
36.25,0.0,0.0,0.000290922223108
36.3,0.0,0.0,0.00029075287238
36.35,0.0,0.0,0.000292238035481
36.4,0.0,0.0,0.000293035342249
36.45,0.0,0.0,0.000293020170061
36.5,0.0,0.0,0.000292617044913
36.55,0.0,0.0,0.000291918106815
36.6,0.0,0.0,0.000290994040693
36.65,0.0,0.0,0.000289899437131
36.7,0.0,0.0,0.000288883231207
36.75,0.0,0.0,0.000290213906589
36.8,0.0,0.0,0.000290892475263
36.85,0.0,0.0,0.000290791008422
36.9,0.0,0.0,0.000290326044167
36.95,0.0,0.0,0.000289584112133
37.0,0.0,0.0,0.000288789931168
37.05,0.0,0.0,0.000291523566726
37.1,0.0,0.0,0.00029329479704
37.15,0.0,0.0,0.000294313566664
37.2,0.0,0.0,0.000294465137622
37.25,0.0,0.0,0.00029418611545
37.3,0.0,0.0,0.000293564039696
37.35,0.0,0.0,0.000292393208797
37.4,0.0,0.0,0.000291037785459
37.45,0.0,0.0,0.000289544167728
37.5,0.0,0.0,0.000287948119644
37.55,0.0,0.0,0.000286277057601
37.6,0.0,0.0,0.000284551599383
37.65,0.0,0.0,0.00028278801371
37.7,0.0,0.0,0.000280981304494
37.75,0.0,0.0,0.000278860845125
37.8,2.15993889441e-16,3.62173655871e-17,0.000276737618186
37.85,7.98808329398e-05,8.39008388429e-07,0.000274617147949
37.9,0.000154795669012,1.68963647175e-06,0.000272502614799
37.95,0.000225014975925,2.56360512938e-06,0.000270397150613
38.0,0.000290858642113,3.47403438473e-06,0.000268276232132
38.05,0.000352584904326,4.43844620089e-06,0.000265873065152
38.1,0.000410455746042,5.46080164447e-06,0.000263699952161
38.15,0.000464716135727,6.55969696077e-06,0.000263935317514
38.2,0.000515579515886,7.74247812466e-06,0.000263644868338
38.25,0.000563276984045,9.01691771596e-06,0.000262952846452
38.3,0.000607981383207,1.03986532638e-05,0.000261954782686
38.35,0.000649906537145,1.1888723148e-05,0.000260725148438
38.4,0.000689200848768,1.35025563127e-05,0.00025932043152
38.45,0.000726049451571,1.52483825663e-05,0.000257784848447
38.5,0.000760591125661,1.7128547627e-05,0.000256152481294
38.55,0.000792977848746,1.91595563536e-05,0.00025444957276
38.6,0.000823341679847,2.13400238629e-05,0.000252695736421
38.65,0.000851806773347,2.36821408073e-05,0.000250906477743
38.7,0.000878498043473,2.61939138788e-05,0.000249093998783
38.75,0.000903516346367,2.88721010116e-05,0.000247267498017
38.8,0.000903516346367,3.02028219076e-05,0.000245433743126
38.85,0.000894975715403,3.15193363249e-05,0.000243598631647
38.9,0.000886515592469,3.28112896241e-05,0.000241765809184
38.95,0.000878135221,3.40757368104e-05,0.0002399386538
39.0,0.000869833851517,3.5310715738e-05,0.000238119731104
39.05,0.000861610741559,3.65151230675e-05,0.000236310963833
39.1,0.00085346515562,3.76874384469e-05,0.000234495827286
39.15,0.000845396365081,3.88262181347e-05,0.00023239489856
39.2,0.00083740364815,3.99317544349e-05,0.00023031279554
39.25,0.000829486289792,4.10048515361e-05,0.000228249373363
39.3,0.000821643581674,4.20440061296e-05,0.000226204211668
39.35,0.000813874822093,4.30491369129e-05,0.000224177596947
39.4,0.000806179315925,4.40205718374e-05,0.000222168917003
39.45,0.000798556374553,4.49589037374e-05,0.000220178210048
39.5,0.000791005315814,4.58633158696e-05,0.000218205462543
39.55,0.000783525463936,4.6734589273e-05,0.00021625060662
39.6,0.000776116149476,4.75737609139e-05,0.000214313049372
39.65,0.000768776709266,4.83806941155e-05,0.000212392945092
39.7,0.000761506486349,4.91555941107e-05,0.000210490046211
39.75,0.000754304829926,4.99009759846e-05,0.000208604220335
39.8,0.000747171095295,5.06158805711e-05,0.000206735083283
39.85,0.00074010834251,5.13012771165e-05,0.000204882896889
39.9,0.000733112166575,5.19580865365e-05,0.000203047101647
39.95,0.000726181941843,5.25871683953e-05,0.00020122773248
40.0,0.000719317048525,5.31893309706e-05,0.000199424777015
40.05,0.000712516872636,5.37653343359e-05,0.000197638173224
40.1,0.000705780805942,5.43158933201e-05,0.000195867379232
40.15,0.000699108245907,5.48416834152e-05,0.000194112536051
40.2,0.000692498595635,5.53433382848e-05,0.000192373417422
40.25,0.000685951263825,5.58231641556e-05,0.000190649902343
40.3,0.000679465664711,5.62804344647e-05,0.000188941639702
40.35,0.000673041218017,5.67156815431e-05,0.000187248868796
40.4,0.0006666773489,5.71310427912e-05,0.000185571078274
40.45,0.000660373487905,5.75263853285e-05,0.000183908300055
40.5,0.00065412907091,5.79017373343e-05,0.000182260522829
40.55,0.000647943539079,5.82598298544e-05,0.00018062768991
40.6,0.00064181633881,5.85985915848e-05,0.000179009306057
40.65,0.00063574692169,5.89218549734e-05,0.000177405500149
40.7,0.000629734744443,5.92271110389e-05,0.000175816065399
40.75,0.000623779268885,5.95177133765e-05,0.00017424089122
40.8,0.000617879961873,5.97922446122e-05,0.00017267965672
40.85,0.000612039353946,6.0052127402e-05,0.000171132580599
40.9,0.000606253802355,6.02984560768e-05,0.000169599195519
40.95,0.000600522789712,6.05302578976e-05,0.00016807953065
41.0,0.000594845803479,6.07497760708e-05,0.000166573575658
41.05,0.000589222335915,6.09568403247e-05,0.000165081278732
41.1,0.000583651884036,6.11511745916e-05,0.00016360218726
41.15,0.000578133949568,6.13340867216e-05,0.000162136419025
41.2,0.000572668038903,6.15066441706e-05,0.00016068378504
41.25,0.00056725366306,6.1668021914e-05,0.000159244184236
41.3,0.000561890337634,6.18187220013e-05,0.000157817323338
41.35,0.000556577582759,6.19596748164e-05,0.000156403402226
41.4,0.000551314923066,6.20919795138e-05,0.000155001993782
41.45,0.000546101887637,6.22148781082e-05,0.000153613124667
41.5,0.000540938009967,6.23287839129e-05,0.000152236785436
41.55,0.000535822827921,6.24340890281e-05,0.000150872928738
41.6,0.000530755883693,6.25311657979e-05,0.000149521140915
41.65,0.000525736723768,6.26212765075e-05,0.000148181529615
41.7,0.000520764898879,6.2703995895e-05,0.000146853922115
41.75,0.000515839963969,6.27794329655e-05,0.000145538226046
41.8,0.000510961478151,6.28478969169e-05,0.000144234173375
41.85,0.000506131534079,6.29097654262e-05,0.000142941946777
41.9,0.000501347119345,6.29653704501e-05,0.000141661155896
41.95,0.000496607806094,6.30148548586e-05,0.0001403918251
42.0,0.000491913170475,6.30584730577e-05,0.000139133945755
42.05,0.000487262792608,6.30964667143e-05,0.000137887474586
42.1,0.000482656256547,6.31294555853e-05,0.00013665203354
42.15,0.000478093150238,6.31573725605e-05,0.000135427720996
42.2,0.000473573065489,6.31802773157e-05,0.000134214379101
42.25,0.00046909559793,6.31983723118e-05,0.000133011923433
42.3,0.000464660346981,6.32118506511e-05,0.000131820109029
42.35,0.000460266915811,6.3220898005e-05,0.000130639102843
42.4,0.000455914911309,6.32256892999e-05,0.000129468548115
42.45,0.000451603944045,6.32263939448e-05,0.000128308467116
42.5,0.00044733362824,6.32231727378e-05,0.000127158851955
42.55,0.000443103581725,6.32161785497e-05,0.000126019663083
42.6,0.000438913425914,6.32055569925e-05,0.000124890554983
42.65,0.000434762785769,6.31914495398e-05,0.000123771617569
42.7,0.000430651289765,6.31739898481e-05,0.000122662706572
42.75,0.000426578569857,6.31533062276e-05,0.000121563744838
42.8,0.000422544261451,6.31295213125e-05,0.000120474508488
42.85,0.000498430928023,6.66257497215e-05,0.000119395150104
42.9,0.00056938924863,7.04127796228e-05,0.000118325343634
42.95,0.000635689337162,7.44941572839e-05,0.000117265109432
43.0,0.000697650731544,7.88826286823e-05,0.000116214440285
43.05,0.000755531321304,8.36138248588e-05,0.000115173300049
43.1,0.000809592745949,8.86682921147e-05,0.000114141372945
43.15,0.000860079633192,9.40919571341e-05,0.000113118741148
43.2,0.000907205087982,9.98841555451e-05,0.000112105272806
43.25,0.000951199873446,0.000106046006048,0.000111100897406
43.3,0.000992236501324,0.000112611486139,0.000110105410337
43.35,0.00103052846723,0.00011955627087,0.00010911895105
43.4,0.00106622384898,0.000126914273935,0.000108141221555
43.45,0.00109950745802,0.000134686729476,0.000107172240454
43.5,0.00113051775545,0.00014285720789,0.000106212001156
43.55,0.00115940640294,0.000151462267446,0.000105260470625
43.6,0.00118630514642,0.000160469082085,0.000104317360264
43.65,0.00121133783014,0.000169897608338,0.000103382745173
43.7,0.00123462906109,0.000179754574298,0.00010245650485
43.75,0.00125627939105,0.000190003421692,0.000101538574851
43.8,0.00125294318287,0.000195640359272,0.000100628768174
43.85,0.00124109953955,0.000201157389277,9.97272122686e-05
43.9,0.00122936754001,0.000206511265376,9.88336347928e-05
43.95,0.0012177461351,0.000211708511388,9.79480527463e-05
44.0,0.00120623428549,0.00021674365183,9.70704601062e-05
44.05,0.00119483096157,0.00022161932294,9.62008266807e-05
44.1,0.00118353514339,0.000226338487041,9.53388887101e-05
44.15,0.00117234582054,0.00023090448922,9.44847148329e-05
44.2,0.00116126199208,0.000235321088749,9.36381949167e-05
44.25,0.00115028266645,0.000239592507174,9.27992700641e-05
44.3,0.00113940686136,0.00024372346338,9.19677693697e-05
44.35,0.00112863360375,0.00024772383394,9.11438093124e-05
44.4,0.00111796192965,0.000251597189861,9.03271409909e-05
44.45,0.00110739088413,0.000255351897451,8.95177799414e-05
44.5,0.00109691952121,0.000258996830013,8.87157206597e-05
44.55,0.00108654690376,0.000262540703055,8.79209355524e-05
44.6,0.00107627210344,0.00026599023489,8.71331835613e-05
44.65,0.00106609420061,0.000269360829619,8.63525274172e-05
44.7,0.00105601228425,0.000272658445501,8.55788664669e-05
44.75,0.00104602545185,0.000275894238294,8.4812146882e-05
44.8,0.00103613280939,0.000279080694648,8.40522124668e-05
44.85,0.00102633860036,0.000282232801268,8.3299169675e-05
44.9,0.00101663671618,0.000285361482929,8.25527910279e-05
44.95,0.00100702628925,0.000288481102481,8.18130907247e-05
45.0,0.00099750646006,0.00029160745099,8.10800637347e-05
45.05,0.000988076377188,0.000294758022016,8.03536848395e-05
45.1,0.000978735197167,0.000297953488492,7.96337337286e-05
45.15,0.000969482084434,0.000301216665116,7.89202677336e-05
45.2,0.000960316211252,0.000304571597992,7.82131948643e-05
45.25,0.000951236757636,0.000308048299349,7.75124659252e-05
45.3,0.000942242911283,0.000311683224325,7.68179381645e-05
45.35,0.000933333867499,0.000315523891978,7.61297088732e-05
45.4,0.000924508829128,0.000319620321052,7.54475701516e-05
45.45,0.00091576700648,0.000324045858767,7.47715349767e-05
45.5,0.000907107617266,0.00032888764888,7.41015987509e-05
45.55,0.000898529886523,0.000334268723906,7.34377384263e-05
45.6,0.000890033046551,0.00034035334102,7.27797526542e-05
45.65,0.000881616336843,0.000347376363058,7.21276938317e-05
45.7,0.000873279004014,0.000355676676656,7.14814778862e-05
45.75,0.000865020301743,0.000365781914517,7.08410598563e-05
45.8,0.0008568394907,0.000378537214075,7.02063092767e-05
45.85,0.000848740080086,0.000395401274855,6.95773150648e-05
45.9,0.00084071701835,0.000419093504692,6.89538872145e-05
45.95,0.000832769588013,0.00045516739429,6.83360375858e-05
46.0,0.000824897078314,0.000516079907862,6.77237619769e-05
46.05,0.000817098785149,0.000628905854042,6.71170393236e-05
46.1,0.000809374011009,0.000806494279768,6.6515685607e-05
46.15,0.000801722064917,0.000915381769357,6.59197487145e-05
46.2,0.000794142262369,0.000938042098557,6.53291518094e-05
46.25,0.00078663392527,0.000942027387239,6.47438538004e-05
46.3,0.000779196381879,0.000942407783186,6.41637354508e-05
46.35,0.000771828966747,0.000941671941764,6.35888780252e-05
46.4,0.000764531020659,0.000940247606825,6.3019107871e-05
46.45,0.000757301890573,0.000938082603512,6.24544358276e-05
46.5,0.000750140929567,0.000934925983789,6.18948580546e-05
46.55,0.000743047496781,0.000930362909993,6.13403553009e-05
46.6,0.000736020957357,0.000923770532173,6.07907593859e-05
46.65,0.000729060682386,0.000914254051012,6.02461140754e-05
46.7,0.000722166048851,0.000900592394126,5.9706349146e-05
46.75,0.000715336439573,0.000881238374191,5.91714270428e-05
46.8,0.000708571243158,0.000854460026832,5.8641238792e-05
46.85,0.000701873361571,0.000818694692801,5.81158586636e-05
46.9,0.000695238617386,0.000773214725671,5.75951279513e-05
46.95,0.000688666417278,0.000718992581926,5.70790565613e-05
47.0,0.000682156173475,0.000658634623655,5.6567640984e-05
47.05,0.000675707303713,0.00059412922026,5.60608636251e-05
47.1,0.00066931923118,0.00052561529435,5.55585707791e-05
47.15,0.000662991384467,0.000453037281422,5.50608024449e-05
47.2,0.000656723197516,0.000378728187028,5.45674944432e-05
47.25,0.000650514109572,0.000308569580707,5.40786124514e-05
47.3,0.000644363565131,0.000249331993561,5.35940568749e-05
47.35,0.000638271013894,0.000204101423826,5.31138955915e-05
47.4,0.000632235910717,0.000171556453528,5.26379835544e-05
47.45,0.000626257715562,0.000148619410302,5.21663298173e-05
47.5,0.000620335893451,0.000132456643427,5.16989311725e-05
47.55,0.000614469914417,0.000121002569753,5.12357715402e-05
47.6,0.00060865925346,0.000112858748495,5.07767104441e-05
47.65,0.000602903390498,0.000107083670896,5.03217844405e-05
47.7,0.000597201810321,0.000103045794732,4.98709348737e-05
47.75,0.000591554002547,0.000100303505443,4.94241303755e-05
47.8,0.000585959461579,9.85462095272e-05,4.89812799232e-05
47.85,0.000580420587223,9.75523557951e-05,4.85424455523e-05
47.9,0.000574933924918,9.71554572303e-05,4.81074947001e-05
47.95,0.000569498984008,9.72349790388e-05,4.76764356411e-05
48.0,0.000564115278431,9.76952931506e-05,4.72492654438e-05
48.05,0.000558782326678,9.84624599114e-05,4.6825969412e-05
48.1,0.000553499651749,9.94791403375e-05,4.64064191604e-05
48.15,0.000548266781111,0.000100700015288,4.59906480986e-05
48.2,0.000543083246659,0.000102087452687,4.55786026197e-05
48.25,0.000537948584669,0.000103610128946,4.51702540551e-05
48.3,0.000532862335765,0.000105241912606,4.47655192163e-05
48.35,0.000527824044871,0.000106964541777,4.43644547996e-05
48.4,0.000522833261174,0.000108758427869,4.39669396517e-05
48.45,0.000517889538086,0.0001106076408,4.3572981335e-05
48.5,0.000512992433202,0.000112502844953,4.31825771702e-05
48.55,0.000508141508261,0.000114428234325,4.27957137262e-05
48.6,0.000503336329108,0.000116380356031,4.24122736674e-05
48.65,0.000498576465658,0.000118345880483,4.20322875282e-05
48.7,0.000493861491852,0.000120321383604,4.16557063153e-05
48.75,0.000489190985627,0.000122299561916,4.12825038276e-05
48.8,0.000484564528873,0.000124273801526,4.09126040366e-05
48.85,0.000479984106133,0.000126244166403,4.05460587589e-05
48.9,0.000475446860625,0.000128202067667,4.01827572686e-05
48.95,0.000470952386597,0.000130145093243,3.98227064773e-05
49.0,0.000466500282095,0.000132073879666,3.94659039362e-05
49.05,0.000462090148932,0.000133982113279,3.91123373703e-05
49.1,0.000457721592648,0.000135867928519,3.87618995429e-05
49.15,0.000453394222477,0.000137729740042,3.84146183603e-05
49.2,0.000449107651316,0.000139568764672,3.8070449046e-05
49.25,0.000444861495684,0.000141381056015,3.77293676541e-05
49.3,0.000440655375695,0.000143165455564,3.73913046997e-05
49.35,0.000436488915021,0.000144921125981,3.70563075396e-05
49.4,0.000432361740857,0.000146647353339,3.6724274978e-05
49.45,0.000428273483894,0.000148343743556,3.63952133315e-05
49.5,0.00042422377828,0.000150009605261,3.60691203622e-05
49.55,0.000420212261592,0.000151644470913,3.57459848516e-05
49.6,0.000416238574801,0.000153247967289,3.54257087926e-05
49.65,0.000412302362245,0.000154819779318,3.51083176898e-05
49.7,0.00040840327159,0.000156359638854,3.47937706204e-05
49.75,0.000404540953807,0.000157867319329,3.44820456997e-05
49.8,0.000400715063137,0.000159342629345,3.41730794231e-05
49.85,0.000396927240714,0.000160787125597,3.38669150714e-05
49.9,0.000393175124098,0.000162200576088,3.35634601589e-05
49.95,0.000389458377749,0.000163581732481,3.32627204583e-05
50.0,0.000385776669266,0.000164930439628,3.29646939244e-05
50.05,0.000382129669365,0.000166246949731,3.26693703041e-05
50.1,0.000378517051843,0.00016753507188,3.23766600259e-05
50.15,0.000374938493555,0.000168790927833,3.20865863991e-05
50.2,0.00037139367438,0.00017001446647,3.17991120232e-05
50.25,0.000367882277196,0.000171210092736,3.15142168969e-05
50.3,0.000364403987853,0.000172374796069,3.12318429815e-05
50.35,0.000360958495141,0.000173507630501,3.09520298327e-05
50.4,0.00035754549077,0.000174614702924,3.06746929248e-05
50.45,0.000354164669332,0.000175690039218,3.03998375338e-05
50.5,0.000350815728285,0.000176737856178,3.01274617904e-05
50.55,0.000347498367918,0.000177757061479,2.98575563241e-05
50.6,0.000344212291332,0.000178747657398,2.95900392726e-05
50.65,0.000340957204405,0.000179711888592,2.9324931939e-05
50.7,0.000337732815774,0.000180647469231,2.90622001419e-05
50.75,0.000334538836805,0.000181557849611,2.88018256015e-05
50.8,0.000331374981569,0.000182440533529,2.85437552743e-05
50.85,0.000328242607219,0.000183298147749,2.82880253116e-05
50.9,0.000325139760112,0.000184129978775,2.80345584626e-05
50.95,0.00032206616277,0.000184936065653,2.77833595493e-05
51.0,0.000319021540312,0.000185719301798,2.75344268633e-05
51.05,0.000316005620432,0.000186475436145,2.72877518406e-05
51.1,0.000313018133375,0.000187210978235,2.70432596646e-05
51.15,0.000310058811912,0.000187921191967,2.6800969805e-05
51.2,0.000307127391317,0.000188607676669,2.65608510223e-05
51.25,0.000304223609343,0.000189273686458,2.63228866099e-05
51.3,0.0003013472062,0.000189915369779,2.60870280899e-05
51.35,0.000298497924532,0.000190535417791,2.5853308502e-05
51.4,0.000295675509392,0.000191135678947,2.56216572443e-05
51.45,0.000292879708224,0.000191713325882,2.53920787237e-05
51.5,0.000290110270836,0.000192269672641,2.51645713789e-05
51.55,0.000287366949381,0.000192808178765,2.49391273831e-05
51.6,0.000284649498332,0.000193325339302,2.47156783589e-05
51.65,0.000281957674466,0.000193821653747,2.44942421003e-05
51.7,0.000279291236837,0.000194300130306,2.42747900566e-05
51.75,0.000276649946755,0.000194760373538,2.40573069592e-05
51.8,0.000274033567769,0.000195201064305,2.38417485024e-05
51.85,0.000271443222189,0.000195622654191,2.36281448824e-05
51.9,0.000268877294433,0.00019602721498,2.34164315739e-05
51.95,0.000266335555037,0.00019641550455,2.32066126045e-05
52.0,0.000263817776685,0.000196785869781,2.29986865472e-05
52.05,0.000261323734194,0.000197138717077,2.27926462488e-05
52.1,0.000258853204484,0.000197474441862,2.25884292173e-05
52.15,0.00025640596657,0.000197794905156,2.23860517151e-05
52.2,0.000253981801534,0.000198100440525,2.21854876487e-05
52.25,0.000251580492507,0.000198389876266,2.19867230636e-05
52.3,0.000249201824655,0.000198663570198,2.17897174678e-05
52.35,0.000246845585155,0.000198921871649,2.15944984581e-05
52.4,0.000244511563175,0.00019916511934,2.14010070631e-05
52.45,0.000242199549863,0.000199394199374,2.12092469637e-05
52.5,0.000239909338319,0.000199610839819,2.10192168558e-05
52.55,0.000237640723584,0.000199813302478,2.08309102017e-05
52.6,0.000235393502618,0.000200001893498,2.0644269888e-05
52.65,0.000233167474285,0.000200176912609,2.04593107775e-05
52.7,0.000230962439332,0.000200338650814,2.02760090226e-05
52.75,0.000228778200374,0.000200487391987,2.00943518698e-05
52.8,0.000226614561874,0.000200623412701,1.9914302312e-05
52.85,0.000224472451937,0.000200746983299,1.97358855712e-05
52.9,0.000222350534541,0.000200858435458,1.95590477512e-05
52.95,0.000220248619931,0.000200959403127,1.93837922163e-05
53.0,0.000218166520127,0.000201048740737,1.92101177745e-05
53.05,0.000216104048908,0.00020112657092,1.90380184509e-05
53.1,0.000214061021799,0.00020119313135,1.88674420478e-05
53.15,0.000212037256053,0.000201248655216,1.86984021487e-05
53.2,0.000210032570634,0.000201293369054,1.85308769586e-05
53.25,0.000208046786201,0.000201327494194,1.83648548216e-05
53.3,0.000206079725094,0.000201351246564,1.82003019159e-05
53.35,0.000204131211317,0.000201364837646,1.80372412925e-05
53.4,0.000202201070523,0.000201368472619,1.7875623694e-05
53.45,0.000200289129996,0.000201362353086,1.77154521953e-05
53.5,0.000198395218641,0.000201346675366,1.75567257068e-05
53.55,0.000196519166964,0.000201321630795,1.7399438768e-05
53.6,0.000194660807061,0.000201287406028,1.72435436738e-05
53.65,0.000192819972599,0.00020124418468,1.70890528385e-05
53.7,0.000190996498804,0.000201192145316,1.69359463429e-05
53.75,0.000189190222446,0.000201131462737,1.67842135344e-05
53.8,0.000187400981826,0.000201062307781,1.66338235023e-05
53.85,0.000185629544448,0.000200984848154,1.64847973134e-05
53.9,0.000183874805476,0.000200899253556,1.63370899502e-05
53.95,0.000182136607991,0.000200805684239,1.61907042224e-05
54.0,0.000180414796539,0.000200704612412,1.60456391347e-05
54.05,0.000178709217126,0.000200595886759,1.59018896963e-05
54.1,0.000177019717198,0.000200479646489,1.57594123081e-05
54.15,0.000175346145629,0.000200356038595,1.56182183158e-05
54.2,0.000173688352711,0.000200225206204,1.54782895148e-05
54.25,0.000172046190136,0.000200087289718,1.53396161694e-05
54.3,0.000170419510987,0.000199942426603,1.5202170029e-05
54.35,0.000168808169722,0.000199790752127,1.50659703476e-05
54.4,0.000167212022162,0.000199632397763,1.4930975982e-05
54.45,0.00016563092548,0.000199467787499,1.47971895004e-05
54.5,0.000164064738186,0.000199296796495,1.46646099928e-05
54.55,0.000162513320116,0.000199119508416,1.45332328982e-05
54.6,0.00016097653242,0.000198936044571,1.44030183699e-05
54.65,0.000159454237547,0.000198746524938,1.42739767772e-05
54.7,0.000157946299237,0.00019855106646,1.41460914822e-05
54.75,0.000156452582505,0.000198350444455,1.40193535873e-05
54.8,0.000154972953631,0.00019814454345,1.38937372733e-05
54.85,0.000153508047311,0.000197933093144,1.37692601371e-05
54.9,0.000152056949891,0.000197716206636,1.36458845765e-05
54.95,0.000150619531603,0.000197493990205,1.35236129388e-05
55.0,0.000149195663897,0.000197266547744,1.34024443923e-05
55.05,0.000147785219422,0.000197033980933,1.32823747685e-05
55.1,0.000146388072025,0.000196796389403,1.31633676503e-05
55.15,0.00014500409673,0.000196553871902,1.30454325145e-05
55.2,0.000143633169734,0.000196306524742,1.29285541553e-05
55.25,0.000142275168393,0.000196054442703,1.28127244408e-05
55.3,0.000140929971213,0.000195797718832,1.26979197741e-05
55.35,0.000139597457836,0.000195536587831,1.25841562374e-05
55.4,0.000138277509032,0.000195272411572,1.24713994651e-05
55.45,0.000136970006689,0.000195003908438,1.23596516023e-05
55.5,0.000135674833801,0.000194731375371,1.2248911889e-05
55.55,0.000134391874458,0.000194454792405,1.21391765154e-05
55.6,0.000133121013835,0.000194174137591,1.20304121988e-05
55.65,0.000131862138186,0.000193889493074,1.19226276004e-05
55.7,0.000130615134827,0.000193600938986,1.1815808823e-05
55.75,0.000129379892131,0.000193308554259,1.17099484347e-05
55.8,0.000128156299519,0.000193012416427,1.16050248696e-05
55.85,0.000126944881857,0.000192713565036,1.15010528257e-05
55.9,0.000125744883592,0.000192412032114,1.13980008951e-05
55.95,0.00012455619741,0.00019210720216,1.12958710384e-05
56.0,0.000123378717004,0.000191799098886,1.1194662561e-05
56.05,0.000122212337063,0.000191487656729,1.10943719809e-05
56.1,0.000121056953261,0.000191172944667,1.09949688801e-05
56.15,0.00011991246225,0.000190855031255,1.08964611743e-05
56.2,0.000118778761649,0.000190533983354,1.07988361626e-05
56.25,0.000117655750036,0.000190210393197,1.07020870524e-05
56.3,0.000116543326941,0.000189885357673,1.06061941342e-05
56.35,0.000115441392832,0.000189557420177,1.05111708408e-05
56.4,0.000114349849113,0.00018922664252,1.04169884678e-05
56.45,0.000113268598108,0.000188893086159,1.03236488068e-05
56.5,0.000112197543058,0.000188556811206,1.02311512231e-05
56.55,0.00011113658811,0.000188217876527,1.01394925344e-05
56.6,0.000110085638311,0.000187876339856,1.00486449406e-05
56.65,0.000109044599594,0.000187533933396,9.95861567633e-06
56.7,0.000108013378776,0.000187189632521,9.8693931336e-06
56.75,0.000106991883547,0.000186842933342,9.78097110466e-06
56.8,0.00010598002246,0.000186493889644,9.69333157625e-06
56.85,0.000104978229559,0.000186142554653,9.60648682514e-06
56.9,0.000103985880033,0.000185788983832,9.52041061733e-06
56.95,0.000103002885137,0.000185433228513,9.43510459033e-06
57.0,0.000102029156961,0.00018507723636,9.35056816398e-06
57.05,0.000101064608415,0.000184719961643,9.26679842997e-06
57.1,0.000100109153227,0.000184360684005,9.18376998097e-06
57.15,9.91627059313e-05,0.000183999450959,9.10148942873e-06
57.2,9.8225181864e-05,0.000183636308785,9.0199461645e-06
57.25,9.72964971535e-05,0.000183271303097,8.93913451479e-06
57.3,9.6376568714e-05,0.000182904796605,8.85903801671e-06
57.35,9.54653142379e-05,0.000182538682239,8.7796678904e-06
57.4,9.45626521889e-05,0.000182170867816,8.70100015976e-06
57.45,9.36685017941e-05,0.000181801478969,8.62303632139e-06
57.5,9.27827830377e-05,0.000181430695728,8.54577584506e-06
57.55,9.19054166532e-05,0.000181058338082,8.46921607277e-06
57.6,9.10363241171e-05,0.000180684445778,8.39333378396e-06
57.65,9.01754276414e-05,0.000180311023988,8.31813502134e-06
57.7,8.93226501669e-05,0.000179936769315,8.2436100892e-06
57.75,8.84779153567e-05,0.000179561125393,8.1697538024e-06
57.8,8.76411475888e-05,0.000179184129154,8.09655111498e-06
57.85,8.68127057993e-05,0.00017880581717,8.02401228136e-06
57.9,8.59920732942e-05,0.000178426227945,7.95211538906e-06
57.95,8.51791766867e-05,0.0001780470278,7.88086180585e-06
58.0,8.43739432773e-05,0.000177667642429,7.81025104714e-06
58.05,8.35763010472e-05,0.000177287110867,7.74028068371e-06
58.1,8.27861786523e-05,0.000176905465717,7.67092949356e-06
58.15,8.20035054164e-05,0.000176522739484,7.6022029993e-06
58.2,8.12282113257e-05,0.000176138963762,7.53409233974e-06
58.25,8.04602270218e-05,0.000175755878747,7.466592776e-06
58.3,7.96994837961e-05,0.000175372806087,7.39969055712e-06
58.35,7.89459135838e-05,0.000174988802308,7.33339505493e-06
58.4,7.81994489575e-05,0.00017460389639,7.26768624293e-06
58.45,7.74600231214e-05,0.000174218117239,7.20256537118e-06
58.5,7.67275699057e-05,0.000173831510148,7.13803199678e-06
58.55,7.60020237603e-05,0.000173446486319,7.07408389959e-06
58.6,7.52833197493e-05,0.000173061293597,7.01070168418e-06
58.65,7.45713935453e-05,0.000172675363178,6.94789039782e-06
58.7,7.38661814236e-05,0.000172288720872,6.885641942e-06
58.75,7.31676202565e-05,0.000171901392114,6.82395198571e-06
58.8,7.24756475078e-05,0.000171513503306,6.76280796151e-06
58.85,7.17905600031e-05,0.000171127649165,6.70221843462e-06
58.9,7.11119304574e-05,0.000170741208689,6.64216510218e-06
58.95,7.04396981829e-05,0.000170354205378,6.58264910667e-06
59.0,6.977380306e-05,0.000169966938661,6.52367004332e-06
59.05,6.91141855322e-05,0.00016957916384,6.46522588306e-06
59.1,6.84607866007e-05,0.000169191924158,6.4072988998e-06
59.15,6.78135478195e-05,0.000168805988495,6.34989370641e-06
59.2,6.71724112896e-05,0.000168419623781,6.29300290141e-06
59.25,6.65373196548e-05,0.000168032850617,6.23662252653e-06
59.3,6.59082160958e-05,0.000167645689212,6.18074109602e-06
59.35,6.52850443257e-05,0.000167258159607,6.1253664379e-06
59.4,6.46677485847e-05,0.000166872437115,6.07048182461e-06
59.45,6.40562736357e-05,0.000166487063492,6.01608830029e-06
59.5,6.34505647588e-05,0.000166101400732,5.96218549501e-06
59.55,6.28505677467e-05,0.000165715466937,5.90877155436e-06
59.6,6.22562289003e-05,0.000165329279809,5.85583027788e-06
59.65,6.16674950232e-05,0.000164943481163,5.80336588145e-06
59.7,6.10843134178e-05,0.000164559674526,5.7513716006e-06
59.75,6.050663188e-05,0.000164175687054,5.69984381776e-06
59.8,5.99343986951e-05,0.000163791535079,5.64877203574e-06
59.85,5.93678593255e-05,0.000163407234806,5.59816340881e-06
59.9,5.88066604241e-05,0.000163022803863,5.54800264913e-06
59.95,5.82507518045e-05,0.000162640267405,5.49829071098e-06
60.0,5.77000837504e-05,0.000162258472088,5.44902725626e-06
60.05,5.71546070109e-05,0.000161876810261,5.40021059017e-06
60.1,5.66142727964e-05,0.000161495161171,5.35182590661e-06
60.15,5.60790327744e-05,0.000161113475628,5.30387705859e-06
60.2,5.5548839065e-05,0.000160732426177,5.25635786387e-06
60.25,5.50236442367e-05,0.00016035355079,5.20926501623e-06
60.3,5.45034013023e-05,0.000159974698329,5.16258892195e-06
60.35,5.3988063715e-05,0.000159595881747,5.11633611955e-06
60.4,5.34775853637e-05,0.000159217113486,5.07049263701e-06
60.45,5.29719205694e-05,0.000158838406027,5.02505934645e-06
60.5,5.24710240811e-05,0.000158462127771,4.98003593889e-06
60.55,5.19748510717e-05,0.000158086692089,4.93542086539e-06
60.6,5.14833571339e-05,0.000157711371198,4.8912005942e-06
60.65,5.09964982768e-05,0.000157336176442,4.84737864669e-06
60.7,5.05142309215e-05,0.000156961118769,4.80394937274e-06
60.75,5.00365118973e-05,0.000156587124614,4.76090975067e-06
60.8,4.95632984383e-05,0.000156215204789,4.71825101251e-06
60.85,4.90947935318e-05,0.000155843471034,4.67597913399e-06
60.9,4.86307049744e-05,0.000155471934852,4.63408134565e-06
60.95,4.81709912638e-05,0.000155100606119,4.59255844456e-06
61.0,4.77156112867e-05,0.000154729494421,4.55141014832e-06
61.05,4.72645243146e-05,0.000154361075927,4.51063504132e-06
61.1,4.68176900006e-05,0.000153993254333,4.47022075645e-06
61.15,4.63750683755e-05,0.000153625693508,4.43017051203e-06
61.2,4.59366198447e-05,0.000153258402063,4.39047914421e-06
61.25,4.55023051844e-05,0.0001528913885,4.3511438914e-06
61.3,4.50720855379e-05,0.000152525874497,4.31215674027e-06
61.35,4.4645922413e-05,0.000152162246458,4.27352315223e-06
61.4,4.42237776777e-05,0.000151798936306,4.23523145687e-06
61.45,4.38056135574e-05,0.000151435951815,4.19728238266e-06
61.5,4.33913926313e-05,0.000151073300515,4.15967567151e-06
61.55,4.29810778291e-05,0.000150711100906,4.12241002964e-06
61.6,4.2574632428e-05,0.000150352092344,4.08547415437e-06
61.65,4.21720200492e-05,0.000149993522726,4.04887098702e-06
61.7,4.17732046546e-05,0.000149635330054,4.01259580817e-06
61.75,4.13781505441e-05,0.000149277520938,3.97664609396e-06
61.8,4.09868223519e-05,0.000148920101849,3.94101452071e-06
61.85,4.05993879402e-05,0.000148564482723,3.9057060798e-06
61.9,4.02156056687e-05,0.000148210627893,3.87071010528e-06
61.95,3.98354412167e-05,0.000147857197171,3.83602726291e-06
62.0,3.94588605852e-05,0.000147504286303,3.80165731681e-06
62.05,3.90858300935e-05,0.000147151968255,3.76759908456e-06
62.1,3.87163163761e-05,0.000146800153485,3.7338422363e-06
62.15,3.83502863804e-05,0.00014645145397,3.70038946017e-06
62.2,3.79877073631e-05,0.000146103221713,3.66723644298e-06
62.25,3.76285468877e-05,0.000145755460122,3.63438087805e-06
62.3,3.72727728215e-05,0.000145408174093,3.60181607208e-06
62.35,3.69203533328e-05,0.000145061368519,3.56954658683e-06
62.4,3.65712568881e-05,0.00014471641181,3.53756267436e-06
62.45,3.62254522493e-05,0.000144373290994,3.50586494312e-06
62.5,3.58829084709e-05,0.000144030677104,3.47445317755e-06
62.55,3.55435948975e-05,0.000143688574336,3.44332629698e-06
62.6,3.52074811606e-05,0.00014334698676,3.41247486064e-06
62.65,3.48745371765e-05,0.000143005918522,3.3819013253e-06
62.7,3.45447331432e-05,0.000142667927412,3.351601749e-06
62.75,3.42180395382e-05,0.000142330594365,3.32157402361e-06
62.8,3.38944271152e-05,0.000141993804205,3.29181203189e-06
62.85,3.35740346897e-05,0.000141657560561,3.26231994299e-06
62.9,3.32566624348e-05,0.000141321867909,3.23308884795e-06
62.95,3.29422819688e-05,0.000140987726508,3.20411930287e-06
63.0,3.2630865176e-05,0.000140655790725,3.17541111073e-06
63.05,3.23223842035e-05,0.000140324461749,3.14696328387e-06
63.1,3.20168114599e-05,0.000139993900893,3.11876719409e-06
63.15,3.17141196116e-05,0.000139663918749,3.0908250867e-06
63.2,3.14142815815e-05,0.000139334518115,3.06313335902e-06
63.25,3.11172705458e-05,0.000139007662228,3.03569008436e-06
63.3,3.08230599321e-05,0.000138682046535,3.00848967199e-06
63.35,3.0531623417e-05,0.000138357031219,2.98153593223e-06
63.4,3.02429349234e-05,0.000138032618619,2.95482072289e-06
63.45,2.99569686188e-05,0.000137708811144,2.92834455222e-06
63.5,2.96736989125e-05,0.000137385851065,2.90210724015e-06
63.55,2.93931004537e-05,0.000137066060072,2.87610788403e-06
63.6,2.91151481289e-05,0.000136746891559,2.85033859828e-06
63.65,2.88398170601e-05,0.000136428347532,2.82480143496e-06
63.7,2.85670826024e-05,0.000136110429853,2.79949310145e-06
63.75,2.82969203417e-05,0.000135793140357,2.77441183692e-06
63.8,2.80293060927e-05,0.000135477408983,2.7495525318e-06
63.85,2.776435465e-05,0.000135163914529,2.72491866847e-06
63.9,2.75019007649e-05,0.000134851063951,2.70050280554e-06
63.95,2.72419209671e-05,0.000134538858768,2.67630540749e-06
64.0,2.69843920057e-05,0.000134227300396,2.65232630977e-06
64.05,2.67292908479e-05,0.000133916390169,2.62856468742e-06
64.1,2.64765946765e-05,0.00013360759789,2.60501333355e-06
64.15,2.62262808878e-05,0.000133300482449,2.58167412361e-06
64.2,2.59783270901e-05,0.000132994028013,2.55854404837e-06
64.25,2.57327111012e-05,0.000132688235628,2.53562149854e-06
64.3,2.54894109469e-05,0.000132383106295,2.51290180436e-06
64.35,2.52484048588e-05,0.00013207864103,2.49038814844e-06
64.4,2.50096712722e-05,0.000131776681218,2.46807372989e-06
64.45,2.47731888246e-05,0.000131476000335,2.44595897322e-06
64.5,2.45389363536e-05,0.000131175994693,2.42404372802e-06
64.55,2.43068928951e-05,0.000130876664936,2.40232724034e-06
64.6,2.40770376813e-05,0.000130578191495,2.38080292358e-06
64.65,2.38493501391e-05,0.000130280427637,2.35947249177e-06
64.7,2.36238098882e-05,0.000129985380701,2.3383331947e-06
64.75,2.3400396739e-05,0.000129691383914,2.31738356156e-06
64.8,2.31790906915e-05,0.000129398074259,2.29661932452e-06
64.85,2.29599866758e-05,0.000129105452109,2.27604339229e-06
64.9,2.27429480384e-05,0.000128813518414,2.2556495493e-06
64.95,2.25279553699e-05,0.000128522273468,2.23543818352e-06
65.0,2.23149894431e-05,0.000128233776318,2.2154091575e-06
65.05,2.21040312105e-05,0.000127946436967,2.19556178217e-06
65.1,2.18950618034e-05,0.000127659846648,2.17589003784e-06
65.15,2.16880625295e-05,0.000127373953582,2.15639549102e-06
65.2,2.14830148717e-05,0.00012708875772,2.13707562819e-06
65.25,2.12799004863e-05,0.000126804259003,2.11792910515e-06
65.3,2.10787012014e-05,0.000126522354462,2.09895202138e-06
65.35,2.08793990155e-05,0.000126241567372,2.08014703524e-06
65.4,2.06819760954e-05,0.000125961484115,2.06150846615e-06
65.45,2.04864147754e-05,0.000125682104453,2.04303666866e-06
65.5,2.02926975548e-05,0.000125403428091,2.02473151717e-06
65.55,2.01008070974e-05,0.000125125454684,2.00659238192e-06
65.6,1.99107262289e-05,0.000124849735074,1.98861376131e-06
65.65,1.97224379362e-05,0.000124575435044,1.97079708702e-06
65.7,1.95359253656e-05,0.00012430184343,1.95314006188e-06
65.75,1.93511718213e-05,0.000124028959707,1.93564145739e-06
65.8,1.91681607638e-05,0.00012375678333,1.91829770873e-06
65.85,1.89869706968e-05,0.000123485313774,1.90111124546e-06
65.9,1.88074886131e-05,0.000123215570908,1.88407687591e-06
65.95,1.86296984622e-05,0.000122947732305,1.86719492414e-06
66.0,1.84535843438e-05,0.000122680605423,1.85046527534e-06
66.05,1.82791305065e-05,0.000122414189479,1.83388735396e-06
66.1,1.81063213466e-05,0.000122148591804,1.81745613192e-06
66.15,1.79351414063e-05,0.000121883793695,1.80117291767e-06
66.2,1.77655753728e-05,0.000121620007224,1.78503561176e-06
66.25,1.75976080765e-05,0.00012135879225,1.76904309141e-06
66.3,1.74312244902e-05,0.000121098290344,1.75319209864e-06
66.35,1.72664097271e-05,0.000120838500569,1.7374848539e-06
66.4,1.71031490401e-05,0.000120579421911,1.72191661234e-06
66.45,1.69414278202e-05,0.000120321053406,1.70648767015e-06
66.5,1.67812315953e-05,0.000120063394051,1.6911979224e-06
66.55,1.66225460288e-05,0.000119808037521,1.67604684306e-06
66.6,1.64653569184e-05,0.00011955411247,1.66102983682e-06
66.65,1.6309650195e-05,0.00011930089919,1.64614809952e-06
66.7,1.61554119211e-05,0.000119048396497,1.63139971241e-06
66.75,1.60026282901e-05,0.000118796603214,1.61678364933e-06
66.8,1.58512856245e-05,0.000118545518148,1.60229693272e-06
66.85,1.57014488436e-05,0.000118295507621,1.58794159191e-06
66.9,1.55530244951e-05,0.000118047899227,1.57371329046e-06
66.95,1.54059993059e-05,0.000117801000839,1.55961229904e-06
67.0,1.52603601271e-05,0.000117554811118,1.54563852175e-06
67.05,1.51160939329e-05,0.000117309328701,1.53179147785e-06
67.1,1.49731878197e-05,0.000117064552205,1.51806696754e-06
67.15,1.48316290045e-05,0.000116820480295,1.50446608373e-06
67.2,1.46914048243e-05,0.000116578161106,1.49098707281e-06
67.25,1.45525027344e-05,0.00011633750648,1.47762899696e-06
67.3,1.4414910308e-05,0.000116097556814,1.46438913488e-06
67.35,1.42786152342e-05,0.000115858310644,1.45126934124e-06
67.4,1.41436053179e-05,0.000115619766451,1.43826565282e-06
67.45,1.4009868478e-05,0.00011538192276,1.42537831702e-06
67.5,1.38773927466e-05,0.00011514477807,1.41260724618e-06
67.55,1.37461662679e-05,0.000114909779173,1.39995200094e-06
67.6,1.36161772973e-05,0.000114676032649,1.38740874296e-06
67.65,1.34874142001e-05,0.000114443125555,1.3749784711e-06
67.7,1.33598654508e-05,0.000114210915836,1.36265958268e-06
67.75,1.32335196316e-05,0.000113979401859,1.35045122058e-06
67.8,1.31083654319e-05,0.00011374858199,1.33835089773e-06
67.85,1.29844565374e-05,0.000113518454613,1.32636030918e-06
67.9,1.28617156667e-05,0.00011329058594,1.31447583282e-06
67.95,1.27401318436e-05,0.000113063744978,1.30269769473e-06
68.0,1.26196941944e-05,0.000112837595702,1.29102581482e-06
68.05,1.25003919474e-05,0.000112612164969,1.27945979154e-06
68.1,1.23822144317e-05,0.000112387582453,1.26799611691e-06
68.15,1.22651510765e-05,0.000112163686799,1.25663570382e-06
68.2,1.21491914099e-05,0.000111940476233,1.24537708752e-06
68.25,1.2034325058e-05,0.000111719360204,1.23421948468e-06
68.3,1.19205417441e-05,0.000111499364969,1.22316062228e-06
68.35,1.1807831288e-05,0.000111280052986,1.21220204947e-06
68.4,1.16961836045e-05,0.000111061422379,1.2013404559e-06
68.45,1.15855887032e-05,0.000110843471313,1.1905760482e-06
68.5,1.14760366871e-05,0.000110626197934,1.17990875316e-06
68.55,1.13675177519e-05,0.000110409600376,1.16933820379e-06
68.6,1.12600221854e-05,0.000110194661267,1.15886119405e-06
68.65,1.11535403661e-05,0.000109981204022,1.14847855824e-06
68.7,1.10480627628e-05,0.000109768420166,1.1381889577e-06
68.75,1.09435799336e-05,0.00010955630776,1.12799167651e-06
68.8,1.0840082525e-05,0.000109344864862,1.11788463729e-06
68.85,1.07376149329e-05,0.000109134089555,1.10786925586e-06
68.9,1.06361132488e-05,0.000108923980184,1.09794250678e-06
68.95,1.05355683957e-05,0.000108714828384,1.08810457889e-06
69.0,1.04359713816e-05,0.000108507782359,1.07835540529e-06
69.05,1.03373132987e-05,0.000108301399326,1.06869465057e-06
69.1,1.02395853228e-05,0.000108095677249,1.05911938464e-06
69.15,1.01427787119e-05,0.000107890778652,1.04963037e-06
69.2,1.00468848064e-05,0.000107686547985,1.04022638318e-06
69.25,9.95189502754e-06,0.000107482972657,1.03090676989e-06
69.3,9.85780087687e-06,0.000107280050649,1.02166963156e-06
69.35,9.76459393568e-06,0.000107078799083,1.01251626213e-06
69.4,9.67226586405e-06,0.000106878859956,1.00344389658e-06
69.45,9.58080840024e-06,0.000106679570678,9.9445270748e-07
69.5,9.49021335986e-06,0.000106480929168,9.85542633696e-07
69.55,9.40047263524e-06,0.000106282933339,9.7671336869e-07
69.6,9.31157819462e-06,0.000106085732111,9.67962234548e-07
69.65,9.22352208154e-06,0.00010588919971,9.59289928146e-07
69.7,9.13629641405e-06,0.000105693307195,9.50695331328e-07
69.75,9.0498933841e-06,0.000105499437788,9.42177846113e-07
69.8,8.96430525676e-06,0.000105306445029,9.33735737325e-07
69.85,8.87956874551e-06,0.000105114088219,9.25370187558e-07
69.9,8.79563100072e-06,0.000104922365451,9.17078669752e-07
69.95,8.71248451609e-06,0.000104731274603,9.08861341644e-07
70.0,8.63012185558e-06,0.000104540813545,9.00718147349e-07
70.05,8.54853565283e-06,0.000104350980141,8.92648806717e-07
70.1,8.46771861046e-06,0.000104161772254,8.84650872319e-07
70.15,8.38766349941e-06,0.000103974590234,8.7672498105e-07
70.2,8.30836315837e-06,0.000103788196328,8.68870110992e-07
70.25,8.22981049307e-06,0.000103602423603,8.61085715634e-07
70.3,8.15199847572e-06,0.000103417269886,8.53370209144e-07
70.35,8.07492014435e-06,0.000103232733019,8.4572467233e-07
70.4,7.99856860221e-06,0.000103048810828,8.38146795633e-07
70.45,7.92293701714e-06,0.000102865501166,8.30636723216e-07
70.5,7.84801862101e-06,0.000102682801881,8.23194404002e-07
70.55,7.77380670909e-06,0.000102501792885,8.15819581954e-07
70.6,7.70029463947e-06,0.000102321819622,8.08510020289e-07
70.65,7.62747583245e-06,0.000102142557577,8.01266301088e-07
70.7,7.55534377002e-06,0.000101963959512,7.94087490386e-07
70.75,7.48389199519e-06,0.000101785963181,7.86973088709e-07
70.8,7.41311411153e-06,0.000101608566393,7.79921646718e-07
70.85,7.34304047958e-06,0.000101431766971,7.72934152195e-07
70.9,7.27362739484e-06,0.00010125556292,7.66008494364e-07
70.95,7.20486864992e-06,0.000101080388339,7.59144804978e-07
71.0,7.13675809552e-06,0.000100906822238,7.52343037358e-07
71.05,7.06928963995e-06,0.000100733846566,7.45602957503e-07
71.1,7.00245724858e-06,0.000100561551104,7.38922521147e-07
71.15,6.93625494328e-06,0.000100389918439,7.32302260271e-07
71.2,6.87067680193e-06,0.000100218869975,7.25741321297e-07
71.25,6.80571695787e-06,0.000100048403501,7.19239247741e-07
71.3,6.74136959939e-06,9.98785168141e-05,7.12794715004e-07
71.35,6.67762896924e-06,9.97092077257e-05,7.06408625853e-07
71.4,6.61448936407e-06,9.95413421203e-05,7.00079051182e-07
71.45,6.55194513398e-06,9.93745784775e-05,6.93806111406e-07
71.5,6.489990682e-06,9.92083872238e-05,6.87589763863e-07
71.55,6.42862046359e-06,9.90427661249e-05,6.81429794692e-07
71.6,6.36782898616e-06,9.88777129499e-05,6.75324335575e-07
71.65,6.30761080858e-06,9.87132254935e-05,6.69273872706e-07
71.7,6.2479605407e-06,9.8549301544e-05,6.63277625974e-07
71.75,6.18887284287e-06,9.83859389004e-05,6.57335178181e-07
71.8,6.13034242549e-06,9.82231353677e-05,6.51445318738e-07
71.85,6.0723943955e-06,9.80617795301e-05,6.45608872711e-07
71.9,6.01499261107e-06,9.79014272741e-05,6.3982407703e-07
71.95,5.95813193891e-06,9.77416288993e-05,6.34091041746e-07
72.0,5.90180729383e-06,9.75823821822e-05,6.28409727868e-07
72.05,5.84601363825e-06,9.74236849009e-05,6.22779939942e-07
72.1,5.79074598176e-06,9.72655348374e-05,6.17199970455e-07
72.15,5.73599938071e-06,9.71079823324e-05,6.11670263753e-07
72.2,5.68176893773e-06,9.69510777252e-05,6.0619010687e-07
72.25,5.62804980134e-06,9.67947141717e-05,6.00759118516e-07
72.3,5.57483716551e-06,9.66394119917e-05,5.95376192294e-07
72.35,5.52212626919e-06,9.64854057666e-05,5.90042082259e-07
72.4,5.46991239599e-06,9.63319350384e-05,5.84755177085e-07
72.45,5.41819087364e-06,9.61789976013e-05,5.79515577353e-07
72.5,5.36695707369e-06,9.60265912498e-05,5.74323247426e-07
72.55,5.31620641102e-06,9.58747137815e-05,5.69178008674e-07
72.6,5.2659343435e-06,9.57234019225e-05,5.64078300547e-07
72.65,5.21613637151e-06,9.55727361646e-05,5.59024529147e-07
72.7,5.16680803765e-06,9.54225931676e-05,5.54016042871e-07
72.75,5.11794492623e-06,9.52729707585e-05,5.49052493248e-07
72.8,5.06954266296e-06,9.5124867096e-05,5.44132869105e-07
72.85,5.02162201027e-06,9.4977504221e-05,5.39257859599e-07
72.9,4.97415308032e-06,9.48306563817e-05,5.34425992087e-07
72.95,4.92713162812e-06,9.46843213931e-05,5.29637358493e-07
73.0,4.88055344841e-06,9.45384970715e-05,5.24891926249e-07
73.05,4.83441437531e-06,9.4393181237e-05,5.20189532098e-07
73.1,4.78871028196e-06,9.42483717152e-05,5.15528749805e-07
73.15,4.74343708017e-06,9.4104066353e-05,5.10909950519e-07
73.2,4.69859072001e-06,9.3960262996e-05,5.06332538721e-07
73.25,4.65416718951e-06,9.38169595006e-05,5.0179619593e-07
73.3,4.61016251426e-06,9.36751686109e-05,4.97299998007e-07
73.35,4.5665727571e-06,9.35340261257e-05,4.9284457479e-07
73.4,4.52339401773e-06,9.33933777602e-05,4.88428580388e-07
73.45,4.48062243241e-06,9.32532213654e-05,4.84052098812e-07
73.5,4.43825417357e-06,9.31135547947e-05,4.79715100296e-07
73.55,4.39628544952e-06,9.29743759058e-05,4.75417435636e-07
73.6,4.3547125041e-06,9.28356825622e-05,4.7115780135e-07
73.65,4.31353161632e-06,9.26974772064e-05,4.66936536645e-07
73.7,4.27273910006e-06,9.25598988783e-05,4.62753097254e-07
73.75,4.23233130376e-06,9.24228001729e-05,4.58607192111e-07
73.8,4.19230461005e-06,9.22867702101e-05,4.54497976614e-07
73.85,4.1526761886e-06,9.21517349977e-05,4.50426026392e-07
73.9,4.11342132341e-06,9.20171737483e-05,4.46390111394e-07
73.95,4.07453650402e-06,9.18830843458e-05,4.423903084e-07
74.0,4.03601825286e-06,9.17494646776e-05,4.38426590206e-07
74.05,3.99786312493e-06,9.16163126361e-05,4.3449882045e-07
74.1,3.96006770748e-06,9.14836261199e-05,4.30605807838e-07
74.15,3.92262861973e-06,9.13515470231e-05,4.26747862382e-07
74.2,3.88554251257e-06,9.12199389695e-05,4.22924486662e-07
74.25,3.84880606826e-06,9.10887906315e-05,4.1913541466e-07
74.3,3.81241600013e-06,9.09580999414e-05,4.1537987447e-07
74.35,3.7763690523e-06,9.08286684956e-05,4.11658392177e-07
74.4,3.74066199939e-06,9.06999409535e-05,4.079698436e-07
74.45,3.70529164623e-06,9.05716653003e-05,4.04314298908e-07
74.5,3.67025482759e-06,9.0443839465e-05,4.00691733242e-07
74.55,3.63554840791e-06,9.0316461382e-05,3.97102021972e-07
74.6,3.60116928096e-06,9.01895289923e-05,3.93544076342e-07
74.65,3.56711436967e-06,9.00630402557e-05,3.90018179679e-07
74.7,3.53338062575e-06,8.99369931332e-05,3.86523877375e-07
74.75,3.49996502952e-06,8.98113855966e-05,3.83060926309e-07
74.8,3.46686458956e-06,8.96862156259e-05,3.79628621012e-07
74.85,3.43409350447e-06,8.95614812145e-05,3.7622744229e-07
74.9,3.40163133515e-06,8.94377024685e-05,3.72856362716e-07
74.95,3.36947517858e-06,8.93148309952e-05,3.69515446423e-07
75.0,3.33762215896e-06,8.91923894704e-05,3.6620467069e-07
75.05,3.30606942741e-06,8.90703758767e-05,3.62923921615e-07
75.1,3.27481416173e-06,8.89487882037e-05,3.59672204148e-07
75.15,3.24385356615e-06,8.88276244586e-05,3.56449777231e-07
75.2,3.2131848711e-06,8.87069873683e-05,3.53256225385e-07
75.25,3.18280533293e-06,8.85868097645e-05,3.50091326413e-07
75.3,3.1527122337e-06,8.84670505561e-05,3.46954435564e-07
75.35,3.12290288094e-06,8.83477077797e-05,3.43845992263e-07
75.4,3.09337460739e-06,8.82287794726e-05,3.40765057513e-07
75.45,3.06412477077e-06,8.81102636884e-05,3.37711689926e-07
75.5,3.03515075358e-06,8.79928751187e-05,3.34685868735e-07
75.55,3.00644996281e-06,8.78761204854e-05,3.31687489845e-07
75.6,2.97801982977e-06,8.77597727575e-05,3.28715643846e-07
75.65,2.94985780982e-06,8.76439235546e-05,3.25770567395e-07
75.7,2.92196138217e-06,8.75285310538e-05,3.2285188077e-07
75.75,2.89432804964e-06,8.7413540063e-05,3.19959380902e-07
75.8,2.86695533848e-06,8.72989486545e-05,3.1709247853e-07
75.85,2.83985499034e-06,8.71847549134e-05,3.1425157526e-07
75.9,2.81301010291e-06,8.70709569953e-05,3.11435812912e-07
75.95,2.78641827552e-06,8.69575530003e-05,3.08645245054e-07
76.0,2.76007713001e-06,8.68445410344e-05,3.05879852707e-07
76.05,2.73398431045e-06,8.67319192092e-05,3.03139540733e-07
76.1,2.70813748301e-06,8.66200629155e-05,3.00423477997e-07
76.15,2.6825343357e-06,8.65091022974e-05,2.97731880786e-07
76.2,2.6571725782e-06,8.63985263284e-05,2.9506440206e-07
76.25,2.63204994163e-06,8.62883331264e-05,2.92420856226e-07
76.3,2.60716417835e-06,8.61785208176e-05,2.89800704744e-07
76.35,2.58251306181e-06,8.60690875408e-05,2.87204314651e-07
76.4,2.55809438629e-06,8.59600314366e-05,2.84630901631e-07
76.45,2.53390596673e-06,8.58513506608e-05,2.8208051464e-07
76.5,2.50994563857e-06,8.57430433749e-05,2.79553136335e-07
76.55,2.48621125749e-06,8.56351077466e-05,2.77048679765e-07
76.6,2.46270069929e-06,8.55275419511e-05,2.74566385329e-07
76.65,2.43941185966e-06,8.5420344178e-05,2.72106450699e-07
76.7,2.41634265401e-06,8.53135713636e-05,2.69668558706e-07
76.75,2.39349101728e-06,8.52076155831e-05,2.67252539729e-07
76.8,2.37085490376e-06,8.51024819733e-05,2.64857901579e-07
76.85,2.34844402334e-06,8.49977096729e-05,2.62484979704e-07
76.9,2.32624439847e-06,8.48932969311e-05,2.60133057292e-07
76.95,2.30425404393e-06,8.47892419548e-05,2.57802179087e-07
77.0,2.28247099305e-06,8.46855429562e-05,2.55492329237e-07
77.05,2.26089329758e-06,8.45821981544e-05,2.53203428275e-07
77.1,2.23951902755e-06,8.44792057759e-05,2.5093478198e-07
77.15,2.21834627103e-06,8.43766112393e-05,2.48686571008e-07
77.2,2.19737313401e-06,8.42744600259e-05,2.46458505488e-07
77.25,2.17659774022e-06,8.41726563989e-05,2.44250430401e-07
77.3,2.15601823098e-06,8.40711986162e-05,2.42061895919e-07
77.35,2.13563276499e-06,8.39700849473e-05,2.39893208616e-07
77.4,2.11543951823e-06,8.38693136643e-05,2.37743713379e-07
77.45,2.09543668374e-06,8.37694706319e-05,2.35613451099e-07
77.5,2.07562247151e-06,8.36701569434e-05,2.33502407287e-07
77.55,2.05599510829e-06,8.3571180502e-05,2.31410509319e-07
77.6,2.03655283745e-06,8.34725395882e-05,2.2933712272e-07
77.65,2.0172939188e-06,8.33742324958e-05,2.27282412602e-07
77.7,1.99821662847e-06,8.32762575235e-05,2.25246114041e-07
77.75,1.97931925875e-06,8.31786129793e-05,2.23228085359e-07
77.8,1.96060011792e-06,8.30812971794e-05,2.21227915446e-07
77.85,1.94206723565e-06,8.29843084507e-05,2.19245884489e-07
77.9,1.9237090531e-06,8.28876451696e-05,2.17281393759e-07
77.95,1.90552392855e-06,8.2791305678e-05,2.15334480628e-07
78.0,1.88751023566e-06,8.26952883242e-05,2.13405131856e-07
78.05,1.86966636331e-06,8.25995914628e-05,2.11493281066e-07
78.1,1.85199071547e-06,8.25042134556e-05,2.09598348395e-07
78.15,1.83448171108e-06,8.24093454367e-05,2.07720484741e-07
78.2,1.81713778385e-06,8.23153412767e-05,2.05859447983e-07
78.25,1.7999573822e-06,8.22217684195e-05,2.04015108638e-07
78.3,1.78293896906e-06,8.21285082968e-05,2.02187090979e-07
78.35,1.76608102176e-06,8.20355592882e-05,2.00375651077e-07
78.4,1.7493820319e-06,8.19429197769e-05,1.98580241736e-07
78.45,1.73284050522e-06,8.18505881587e-05,1.9680089711e-07
78.5,1.71645496144e-06,8.17585628355e-05,1.950376051e-07
78.55,1.70022393415e-06,8.16668422156e-05,1.93290305041e-07
78.6,1.68414597069e-06,8.15754247149e-05,1.91558466979e-07
78.65,1.668219632e-06,8.14843129026e-05,1.89842228824e-07
78.7,1.65244349251e-06,8.13936335063e-05,1.88141369295e-07
78.75,1.63681614001e-06,8.13032529531e-05,1.86455770051e-07
78.8,1.62133617552e-06,8.12131696877e-05,1.84785087705e-07
78.85,1.60601023925e-06,8.1123382165e-05,1.83129556288e-07
78.9,1.59082877251e-06,8.10338888811e-05,1.81488675701e-07
78.95,1.57579041767e-06,8.09452739025e-05,1.79862477159e-07
79.0,1.56089382979e-06,8.08570370685e-05,1.78250949601e-07
79.05,1.54613767656e-06,8.07690898114e-05,1.76654037588e-07
79.1,1.53152063814e-06,8.06814305995e-05,1.75071256775e-07
79.15,1.51704140703e-06,8.0594057913e-05,1.73502733204e-07
79.2,1.50269868799e-06,8.05069702372e-05,1.71948264638e-07
79.25,1.48849119792e-06,8.04201660657e-05,1.70407742923e-07
79.3,1.47441766573e-06,8.03336439002e-05,1.68880854226e-07
79.35,1.46047683223e-06,8.02474022517e-05,1.67367812437e-07
79.4,1.44666745004e-06,8.01614396355e-05,1.65868160497e-07
79.45,1.43298828346e-06,8.00757545782e-05,1.64381926935e-07
79.5,1.41943810836e-06,7.99903456122e-05,1.62909101645e-07
79.55,1.40601571209e-06,7.99052112766e-05,1.61449633956e-07
79.6,1.39271989335e-06,7.98203501171e-05,1.60003081211e-07
79.65,1.3795494621e-06,7.97357606904e-05,1.58569558605e-07
79.7,1.36650323946e-06,7.96514415583e-05,1.57148881306e-07
79.75,1.35358005757e-06,7.95677834332e-05,1.55740950469e-07
79.8,1.34077875954e-06,7.94847514875e-05,1.54345479273e-07
79.85,1.32810483656e-06,7.94019858753e-05,1.52962663197e-07
79.9,1.31555038397e-06,7.93194851949e-05,1.51592084522e-07
79.95,1.30311427907e-06,7.92372480241e-05,1.50233769321e-07
80.0,1.29079540966e-06,7.91552729469e-05,1.48887708358e-07
80.05,1.27859267397e-06,7.90735585538e-05,1.47553855323e-07
80.1,1.26650498053e-06,7.8992103442e-05,1.46231805658e-07
80.15,1.25453124811e-06,7.89109062192e-05,1.44921664644e-07
80.2,1.2426704056e-06,7.88300616785e-05,1.43623263356e-07
80.25,1.23092139191e-06,7.87495086067e-05,1.42336511458e-07
80.3,1.21928315592e-06,7.86692097004e-05,1.41061146813e-07
80.35,1.20775465632e-06,7.85891635923e-05,1.39797348078e-07
80.4,1.19633486159e-06,7.85093689195e-05,1.38544733485e-07
80.45,1.18502274984e-06,7.84298243293e-05,1.37303326864e-07
80.5,1.17381730878e-06,7.83505284748e-05,1.36073119772e-07
80.55,1.16271753558e-06,7.82714800154e-05,1.34854069886e-07
80.6,1.15172243683e-06,7.81926776169e-05,1.3364580747e-07
80.65,1.14083102841e-06,7.81146273433e-05,1.32448428739e-07
80.7,1.13004233543e-06,7.80368844517e-05,1.31261779311e-07
80.75,1.11935539213e-06,7.79593835534e-05,1.30085776624e-07
80.8,1.1087692418e-06,7.78821233272e-05,1.28920181102e-07
80.85,1.09828842543e-06,7.78051024606e-05,1.27765156026e-07
80.9,1.08790640619e-06,7.77283196704e-05,1.26620352487e-07
80.95,1.07762225565e-06,7.76517736575e-05,1.25485792262e-07
81.0,1.06743505407e-06,7.75754631289e-05,1.24361467637e-07
81.05,1.05734389033e-06,7.74993867977e-05,1.2324733993e-07
81.1,1.04734786183e-06,7.74235433833e-05,1.22143071227e-07
81.15,1.03744607444e-06,7.73479316149e-05,1.21048749465e-07
81.2,1.02763764239e-06,7.72725502264e-05,1.19964233547e-07
81.25,1.01792168821e-06,7.71974625057e-05,1.18889448017e-07
81.3,1.00829734265e-06,7.71226635722e-05,1.1782417392e-07
81.35,9.98763744609e-07,7.70480916642e-05,1.16768560484e-07
81.4,9.89320041046e-07,7.69737455383e-05,1.15722288828e-07
81.45,9.79965386912e-07,7.68996239603e-05,1.14685378857e-07
81.5,9.70698945075e-07,7.68257257019e-05,1.13657823519e-07
81.55,9.61519886246e-07,7.67520495405e-05,1.12639587464e-07
81.6,9.52427388906e-07,7.66791124943e-05,1.1163036186e-07
81.65,9.43420639233e-07,7.66063995812e-05,1.10630227074e-07
81.7,9.34498831029e-07,7.65339594932e-05,1.09639054156e-07
81.75,9.25661165652e-07,7.64618106014e-05,1.08656774142e-07
81.8,9.16906851943e-07,7.63898780653e-05,1.07683186925e-07
81.85,9.0823964511e-07,7.63181606853e-05,1.06718428885e-07
81.9,8.99654139471e-07,7.62466572865e-05,1.0576220859e-07
81.95,8.91149567249e-07,7.6175366682e-05,1.04814544232e-07
82.0,8.82725167856e-07,7.61042876904e-05,1.03875429364e-07
82.05,8.74380187829e-07,7.60334191366e-05,1.02944831679e-07
82.1,8.6611388076e-07,7.59627598512e-05,1.02022468927e-07
82.15,8.57925507234e-07,7.58923086736e-05,1.01108414557e-07
82.2,8.49814334758e-07,7.58220644481e-05,1.00202550716e-07
82.25,8.41779637703e-07,7.57520260257e-05,9.93048143796e-08
82.3,8.33820697235e-07,7.56821922641e-05,9.84150226598e-08
82.35,8.25936801256e-07,7.5612562028e-05,9.75333002013e-08
82.4,8.18127244336e-07,7.55431341868e-05,9.6659380654e-08
82.45,8.10391327655e-07,7.5473907618e-05,9.57932806435e-08
82.5,8.02728358939e-07,7.54048812044e-05,9.49349942794e-08
82.55,7.95137652399e-07,7.53360538346e-05,9.4084492034e-08
82.6,7.87618528673e-07,7.52676978264e-05,9.32415159503e-08
82.65,7.80170314764e-07,7.51997408017e-05,9.24061331566e-08
82.7,7.72792343979e-07,7.51319794324e-05,9.15782359435e-08
82.75,7.65483955873e-07,7.50644384602e-05,9.07577667091e-08
82.8,7.58244496189e-07,7.49971869609e-05,8.99445583079e-08
82.85,7.51077070333e-07,7.4930128232e-05,8.91387246564e-08
82.9,7.43977208026e-07,7.48632612045e-05,8.83400223287e-08
82.95,7.36944274346e-07,7.47965848004e-05,8.75484665195e-08
83.0,7.2997764032e-07,7.47300979471e-05,8.67640518454e-08
83.05,7.23076682864e-07,7.46637995774e-05,8.59867513203e-08
83.1,7.1624078473e-07,7.459768863e-05,8.5216329189e-08
83.15,7.0946933445e-07,7.45317640513e-05,8.44528468021e-08
83.2,7.02761726284e-07,7.4466039932e-05,8.36962057209e-08
83.25,6.96117360166e-07,7.44006098409e-05,8.2946353301e-08
83.3,6.8953564165e-07,7.43353633975e-05,8.22031367831e-08
83.35,6.83015981859e-07,7.4270299568e-05,8.14666602787e-08
83.4,6.76557797432e-07,7.4205417323e-05,8.07367013137e-08
83.45,6.70160510473e-07,7.41407156402e-05,8.00132737748e-08
83.5,6.638235485e-07,7.40761935028e-05,7.9296372742e-08
83.55,6.57546344394e-07,7.4011849899e-05,7.85859735518e-08
83.6,6.5132833635e-07,7.39476838228e-05,7.78818607401e-08
83.65,6.45168967826e-07,7.38836942752e-05,7.71840903774e-08
83.7,6.39067687495e-07,7.38200516502e-05,7.64925724972e-08
83.75,6.33023949196e-07,7.37568423069e-05,7.58072589863e-08
83.8,6.27037211886e-07,7.36938064533e-05,7.51280102332e-08
83.85,6.21110043607e-07,7.36309431019e-05,7.44549213886e-08
83.9,6.15238747622e-07,7.35682512826e-05,7.37877891266e-08
83.95,6.09422798878e-07,7.35057300188e-05,7.31266261385e-08
84.0,6.03661677237e-07,7.34433783388e-05,7.24714279278e-08
84.05,5.97954867436e-07,7.33811952763e-05,7.18221719539e-08
84.1,5.92301859035e-07,7.33191798703e-05,7.11786612974e-08
84.15,5.86702146376e-07,7.32573311665e-05,7.05409472027e-08
84.2,5.81155228536e-07,7.31956482156e-05,6.99089474468e-08
84.25,5.75660609286e-07,7.31341300737e-05,6.92826180575e-08
84.3,5.70217797042e-07,7.30728836361e-05,6.86618314395e-08
84.35,5.64826304827e-07,7.30118112695e-05,6.8046674554e-08
84.4,5.59485650227e-07,7.29509013001e-05,6.7436961575e-08
84.45,5.54195355344e-07,7.28901528028e-05,6.68327041016e-08
84.5,5.48954946758e-07,7.28295648575e-05,6.62338980244e-08
84.55,5.43763955487e-07,7.27691365488e-05,6.56405227426e-08
84.6,5.3862191694e-07,7.27088669668e-05,6.50523982855e-08
84.65,5.3352837088e-07,7.26487552077e-05,6.44695714871e-08
84.7,5.28482861382e-07,7.25888003724e-05,6.38919672011e-08
84.75,5.23484936793e-07,7.25291011238e-05,6.331954524e-08
84.8,5.18534149692e-07,7.24695794592e-05,6.27521889904e-08
84.85,5.13632623745e-07,7.24102124529e-05,6.21899779289e-08
84.9,5.08777301902e-07,7.23510694978e-05,6.16327422233e-08
84.95,5.03967749965e-07,7.22923958152e-05,6.10804924745e-08
85.0,4.99203537803e-07,7.22338741232e-05,6.05332249266e-08
85.05,4.94484239312e-07,7.21755035446e-05,5.99909207519e-08
85.1,4.89809432381e-07,7.21172832074e-05,5.94534154698e-08
85.15,4.8517869885e-07,7.20592122456e-05,5.89207518832e-08
85.2,4.80591624477e-07,7.20012897977e-05,5.83928613134e-08
85.25,4.760477989e-07,7.19435150076e-05,5.7869707032e-08
85.3,4.71546815601e-07,7.18858870241e-05,5.73511824623e-08
85.35,4.67088271868e-07,7.18284050017e-05,5.68373602405e-08
85.4,4.62671768765e-07,7.1771068099e-05,5.63280851517e-08
85.45,4.5829691109e-07,7.17138754805e-05,5.58233668841e-08
85.5,4.53963307345e-07,7.16568263154e-05,5.53232020054e-08
85.55,4.49670569699e-07,7.15999197774e-05,5.48275733083e-08
85.6,4.45418313956e-07,7.15431550448e-05,5.43363304687e-08
85.65,4.41206159517e-07,7.1486531302e-05,5.38495126056e-08
85.7,4.37033729352e-07,7.14300477375e-05,5.33670569516e-08
85.75,4.32900649962e-07,7.13737035448e-05,5.28889299391e-08
85.8,4.28806551349e-07,7.13175680773e-05,5.24150341645e-08
85.85,4.24753189697e-07,7.12616161965e-05,5.19454360123e-08
85.9,4.20738036951e-07,7.12058016878e-05,5.14799936267e-08
85.95,4.16760734047e-07,7.11501237606e-05,5.10187158623e-08
86.0,4.12820925283e-07,7.10945816282e-05,5.05615995818e-08
86.05,4.0891825829e-07,7.10391745086e-05,5.01086290592e-08
86.1,4.05052383999e-07,7.09839016242e-05,4.96596669086e-08
86.15,4.01222956609e-07,7.09287622028e-05,4.92147488819e-08
86.2,3.97429633558e-07,7.08737554765e-05,4.87738176142e-08
86.25,3.93672075494e-07,7.08191448315e-05,4.83368424269e-08
86.3,3.89949946243e-07,7.07648654884e-05,4.79037343e-08
86.35,3.86262912779e-07,7.07107169372e-05,4.74745539042e-08
86.4,3.82610645198e-07,7.06566984152e-05,4.7049171593e-08
86.45,3.78992816684e-07,7.06028091656e-05,4.6627595459e-08
86.5,3.75409103484e-07,7.05490484354e-05,4.6209822635e-08
86.55,3.71859184878e-07,7.04954154763e-05,4.57958387484e-08
86.6,3.68342743151e-07,7.04419095442e-05,4.53855182379e-08
86.65,3.64859463565e-07,7.03885299004e-05,4.49788937785e-08
86.7,3.61409034329e-07,7.03352758099e-05,4.45759129423e-08
86.75,3.57991146576e-07,7.02821465427e-05,4.41765476915e-08
86.8,3.54605494333e-07,7.0229141373e-05,4.37807166677e-08
86.85,3.51253529892e-07,7.01762595799e-05,4.33884753199e-08
86.9,3.47933162654e-07,7.01235004535e-05,4.299970516e-08
86.95,3.44644095689e-07,7.00708632814e-05,4.26144135842e-08
87.0,3.41386034846e-07,7.00183473553e-05,4.2232597972e-08
87.05,3.38158688729e-07,6.9965951971e-05,4.18542451878e-08
87.1,3.34961768673e-07,6.99136764284e-05,4.14792404773e-08
87.15,3.31794988715e-07,6.98615200323e-05,4.11076137032e-08
87.2,3.2865806557e-07,6.98094820915e-05,4.07393169499e-08
87.25,3.25550718608e-07,6.9757561919e-05,4.03743245929e-08
87.3,3.22472669826e-07,6.97057931133e-05,4.00125622761e-08
87.35,3.19423643827e-07,6.96542196441e-05,3.96540806762e-08
87.4,3.16403367791e-07,6.96027622841e-05,3.92987715032e-08
87.45,3.13411571456e-07,6.95514203595e-05,3.89466415166e-08
87.5,3.10447987092e-07,6.95001932008e-05,3.85976883216e-08
87.55,3.07512349476e-07,6.9449080142e-05,3.82518999131e-08
87.6,3.04604395871e-07,6.93980805213e-05,3.79091714136e-08
87.65,3.01723866001e-07,6.93471936815e-05,3.75695301154e-08
87.7,2.98870502028e-07,6.92964886622e-05,3.72329322272e-08
87.75,2.96044048532e-07,6.92461564932e-05,3.68993543297e-08
87.8,2.93244252485e-07,6.91960267329e-05,3.65687284668e-08
87.85,2.90472314874e-07,6.91460075595e-05,3.62411009532e-08
87.9,2.87726506859e-07,6.90960983297e-05,3.59163728196e-08
87.95,2.85006582889e-07,6.90462983991e-05,3.55945502436e-08
88.0,2.82312299716e-07,6.89966071268e-05,3.52756310365e-08
88.05,2.79643416367e-07,6.89470238756e-05,3.49596042265e-08
88.1,2.76999694126e-07,6.88975480124e-05,3.46463739627e-08
88.15,2.74380896515e-07,6.88481789086e-05,3.43359651885e-08
88.2,2.71786789268e-07,6.8798915939e-05,3.40283378815e-08
88.25,2.69217140315e-07,6.87497584823e-05,3.37234706383e-08
88.3,2.6667171976e-07,6.87007059214e-05,3.34213013515e-08
88.35,2.6415029986e-07,6.86517576431e-05,3.31218723497e-08
88.4,2.61652655005e-07,6.86029130376e-05,3.28250931817e-08
88.45,2.59178561699e-07,6.85541714993e-05,3.25309694934e-08
88.5,2.5672779854e-07,6.85055324264e-05,3.22394992844e-08
88.55,2.543001462e-07,6.84569952203e-05,3.19506725273e-08
88.6,2.51895387405e-07,6.84085592865e-05,3.16644016211e-08
88.65,2.49513306918e-07,6.83602240343e-05,3.13807093621e-08
88.7,2.47153691518e-07,6.83119888766e-05,3.10995591729e-08
88.75,2.44816329983e-07,6.82638532301e-05,3.08209314919e-08
88.8,2.42501013069e-07,6.82158165148e-05,3.05447695575e-08
88.85,2.40208733943e-07,6.81679888133e-05,3.0271112055e-08
88.9,2.37938062924e-07,6.81202592697e-05,2.99998763182e-08
88.95,2.35688796954e-07,6.80726273117e-05,2.97310675071e-08
89.0,2.33460734875e-07,6.80250923704e-05,2.94646837935e-08
89.05,2.31253677412e-07,6.79776538801e-05,2.92007160131e-08
89.1,2.29067427157e-07,6.79303112788e-05,2.89390841045e-08
89.15,2.26901788552e-07,6.78830640084e-05,2.8679808902e-08
89.2,2.2475656787e-07,6.78359115141e-05,2.84228569763e-08
89.25,2.22631573198e-07,6.77888532443e-05,2.81682104496e-08
89.3,2.2052661442e-07,6.7741991972e-05,2.79158174455e-08
89.35,2.18441503203e-07,6.76954070977e-05,2.76657133199e-08
89.4,2.16376052977e-07,6.76490129338e-05,2.74178225215e-08
89.45,2.14330078919e-07,6.76027112465e-05,2.71721497661e-08
89.5,2.1230339794e-07,6.75565014915e-05,2.69286933831e-08
89.55,2.10295828663e-07,6.75103831276e-05,2.66874449966e-08
89.6,2.08307191413e-07,6.74643556173e-05,2.64483314362e-08
89.65,2.06337308196e-07,6.74184184266e-05,2.62113717431e-08
89.7,2.04386002689e-07,6.73725710249e-05,2.59765353651e-08
89.75,2.02453100218e-07,6.73268128849e-05,2.57438059631e-08
89.8,2.00538427748e-07,6.72811434826e-05,2.55131361258e-08
89.85,1.98642806587e-07,6.72355622978e-05,2.52845581658e-08
89.9,1.96765054448e-07,6.7190068817e-05,2.50580030346e-08
89.95,1.9490500341e-07,6.71446625264e-05,2.48334750421e-08
90.0,1.93062487122e-07,6.70993429153e-05,2.46109726614e-08
90.05,1.91237340794e-07,6.7054109476e-05,2.43904882376e-08
90.1,1.89429401177e-07,6.70089617041e-05,2.4171954898e-08
90.15,1.87638506551e-07,6.69638990988e-05,2.39553900448e-08
90.2,1.85864496714e-07,6.69189211622e-05,2.37407657555e-08
90.25,1.8410721296e-07,6.68740273996e-05,2.35280670973e-08
90.3,1.82366498072e-07,6.68292173196e-05,2.33172507394e-08
90.35,1.80642196306e-07,6.67845659867e-05,2.31083462135e-08
90.4,1.78934153376e-07,6.67400304531e-05,2.29012904139e-08
90.45,1.77242216441e-07,6.66955775065e-05,2.26960872797e-08
90.5,1.75566234093e-07,6.66512066645e-05,2.24927354151e-08
90.55,1.73906056343e-07,6.66069174475e-05,2.22912278244e-08
90.6,1.72261534605e-07,6.65627093792e-05,2.20915033902e-08
90.65,1.70632521686e-07,6.65185819865e-05,2.18935780173e-08
90.7,1.69018871774e-07,6.64745347993e-05,2.16974261862e-08
90.75,1.67420440421e-07,6.64305673504e-05,2.15030342494e-08
90.8,1.65837084533e-07,6.63867466712e-05,2.13103626055e-08
90.85,1.64269483299e-07,6.6343048889e-05,2.11194382446e-08
90.9,1.62716659017e-07,6.62994298357e-05,2.09302034923e-08
90.95,1.61178472821e-07,6.62558890526e-05,2.07426619484e-08
91.0,1.59654787147e-07,6.62124260838e-05,1.91792856817e-08
91.05,1.5814546572e-07,6.61690514254e-05,1.88542467548e-08
91.1,1.5665037354e-07,6.61257547088e-05,1.86853129094e-08
91.15,1.55169376872e-07,6.60826082641e-05,1.85179029574e-08
91.2,1.53702343233e-07,6.60397007301e-05,1.83519946238e-08
91.25,1.52249141382e-07,6.59968686633e-05,1.81875764748e-08
91.3,1.50809641306e-07,6.59541116219e-05,1.80246133475e-08
91.35,1.49383714211e-07,6.59114291671e-05,1.78631309303e-08
91.4,1.31563401039e-07,6.58688208626e-05,1.77030775255e-08
91.45,1.05695344212e-07,6.58262214035e-05,1.7544457427e-08
91.5,1.04695900994e-07,6.57835990146e-05,1.60136455261e-08
91.55,1.03705882575e-07,6.57410629985e-05,1.43401888807e-08
91.6,1.0272520035e-07,6.5698613926e-05,1.4058514398e-08
91.65,1.01753766543e-07,6.5656240384e-05,1.3932552538e-08
91.7,1.007914942e-07,6.56139407069e-05,1.3807723819e-08
91.75,9.98382971823e-08,6.55717144485e-05,1.36840198752e-08
91.8,9.88940901591e-08,6.55295611654e-05,1.3561410636e-08
91.85,9.79592781527e-08,6.54875222879e-05,1.34399216274e-08
91.9,9.70332781267e-08,6.54456200452e-05,1.33195076319e-08
91.95,9.61160072716e-08,6.54037898204e-05,1.18229046175e-08
92.0,9.52073835534e-08,6.53620418863e-05,1.15637790268e-08
92.05,9.43073257063e-08,6.53203661116e-05,1.146016693e-08
92.1,9.34157532256e-08,6.52787608595e-05,1.13574718671e-08
92.15,9.25325863607e-08,6.52372257068e-05,1.12557098474e-08
92.2,9.16577461079e-08,6.51957602334e-05,1.11548652248e-08
92.25,9.07911542036e-08,6.51543640217e-05,1.10549313835e-08
92.3,8.9932733117e-08,6.51130697543e-05,1.09558818623e-08
92.35,8.90824060438e-08,6.5071920133e-05,9.48128932181e-09
92.4,8.82400968992e-08,6.50308495533e-05,9.24325188027e-09
92.45,8.7405730311e-08,6.49898479557e-05,9.16043006654e-09
92.5,8.65792316132e-08,6.49489137318e-05,9.07834129882e-09
92.55,8.57605268394e-08,6.49080464802e-05,8.99699748788e-09
92.6,8.49495427159e-08,6.48672458021e-05,8.9163736373e-09
92.65,8.41462066558e-08,6.48265113018e-05,8.83648540765e-09
92.7,8.33504467523e-08,6.47858425857e-05,7.3791804204e-09
92.75,8.25621917723e-08,6.47452498869e-05,7.15979435273e-09
92.8,8.17813711501e-08,6.47047231935e-05,7.09564649062e-09
92.85,8.10083198229e-08,6.46642609217e-05,5.65422533946e-09
92.9,8.02425556433e-08,6.46238732963e-05,5.45031437379e-09
92.95,7.94840101314e-08,6.45835503342e-05,5.4014733253e-09
93.0,7.87326154483e-08,6.4543290464e-05,5.35306461715e-09
93.05,7.79883043906e-08,6.45030933159e-05,5.30510120498e-09
93.1,7.72510103841e-08,6.44629585222e-05,5.25756229617e-09
93.15,7.65206674784e-08,6.44228857181e-05,5.21046423837e-09
93.2,7.57972103406e-08,6.43830491518e-05,5.16378291823e-09
93.25,7.50805742499e-08,6.4343307215e-05,3.74031852741e-09
93.3,7.43706950916e-08,6.43036367329e-05,3.55363219746e-09
93.35,7.36675093516e-08,6.4264037374e-05,3.52179156279e-09
93.4,7.29709541108e-08,6.42245929354e-05,3.4902327371e-09
93.45,7.22809670397e-08,6.41852085955e-05,3.45895326471e-09
93.5,7.15974863924e-08,6.41458840005e-05,3.42795071077e-09
93.55,7.09204510016e-08,6.41066187992e-05,2.02165022724e-09
93.6,7.02498002732e-08,6.40674230293e-05,1.85053270246e-09
93.65,6.95854741807e-08,6.40282869347e-05,1.83396090522e-09
93.7,6.89274132601e-08,6.3989208999e-05,1.81753567877e-09
93.75,6.82755586045e-08,6.39501888828e-05,1.80125574701e-09
93.8,6.7629851859e-08,6.39112262491e-05,1.78511984471e-09
93.85,6.69905700029e-08,6.38724279269e-05,1.76912671745e-09
93.9,6.63573143202e-08,6.38336867758e-05,1.75327512151e-09
93.95,6.57300281806e-08,6.37950024621e-05,1.73756382378e-09
94.0,6.51086554842e-08,6.37563746542e-05,1.72199160168e-09
94.05,6.44931406565e-08,6.37178030232e-05,1.70655724306e-09
94.1,6.38834286435e-08,6.36792872421e-05,1.69125954614e-09
94.15,6.32794649067e-08,6.36408269862e-05,1.67611406385e-09
94.2,6.26811954186e-08,6.36024219327e-05,1.66110253717e-09
94.25,6.20885666577e-08,6.35640717615e-05,1.64622379984e-09
94.3,6.15015256037e-08,6.35257761543e-05,1.63147669553e-09
94.35,6.09200197332e-08,6.34875347952e-05,1.61686007778e-09
94.4,6.03439970145e-08,6.34493473702e-05,1.60237280991e-09
94.45,5.97734059037e-08,6.34112135676e-05,1.58801376495e-09
94.5,5.92081953395e-08,6.33731330779e-05,1.57378182555e-09
94.55,5.86483147391e-08,6.33351055933e-05,1.55967588388e-09
94.6,5.80937139936e-08,6.32971308086e-05,1.54569484145e-09
94.65,5.75443434635e-08,6.32592084203e-05,1.54569484008e-10
94.7,5.70001539745e-08,6.32213484021e-05,0.0
94.75,5.6461096813e-08,6.31835411462e-05,0.0
94.8,5.5927123722e-08,6.31457851959e-05,0.0
94.85,5.5398463752e-08,6.31080802585e-05,0.0
94.9,5.48747871811e-08,6.30705067043e-05,0.0
94.95,5.43560471783e-08,6.30330055621e-05,0.0
95.0,5.38421973515e-08,6.29955549039e-05,0.0
95.05,5.33331917426e-08,6.29581544415e-05,0.0
95.1,5.28289848243e-08,6.29208038887e-05,0.0
95.15,5.23295314956e-08,6.28835029613e-05,0.0
95.2,5.18347870779e-08,6.28462513768e-05,0.0
95.25,5.1344707311e-08,6.28090488549e-05,0.0
95.3,5.08592483494e-08,6.27718951169e-05,0.0
95.35,5.03783667583e-08,6.27348632386e-05,0.0
95.4,4.99020195098e-08,6.26979117199e-05,0.0
95.45,4.9430163979e-08,6.26610826807e-05,0.0
95.5,4.89627579403e-08,6.26244087019e-05,0.0
95.55,4.84997595639e-08,6.25877826256e-05,0.0
95.6,4.80411274117e-08,6.25512041765e-05,0.0
95.65,4.75868204339e-08,6.25146730816e-05,0.0
95.7,4.71367979654e-08,6.24781890693e-05,0.0
95.75,4.6691019722e-08,6.24417518702e-05,0.0
95.8,4.62494457971e-08,6.24053612165e-05,0.0
95.85,4.58122656061e-08,6.23690168423e-05,0.0
95.9,4.53792064826e-08,6.23327184846e-05,0.0
95.95,4.49502296992e-08,6.2296465881e-05,0.0
96.0,4.45252968914e-08,6.22602587711e-05,0.0
96.05,4.41043700539e-08,6.22240968962e-05,0.0
96.1,4.36874115374e-08,6.21879799993e-05,0.0
96.15,4.32743840453e-08,6.21519078255e-05,0.0
96.2,4.28652506301e-08,6.21158801211e-05,0.0
96.25,4.24599746905e-08,6.20798966347e-05,0.0
96.3,4.2058519968e-08,6.20439571162e-05,0.0
96.35,4.1660850544e-08,6.20080613174e-05,0.0
96.4,2.48590993653e-08,6.19722577597e-05,0.0
96.45,0.0,6.19364874878e-05,0.0
96.5,0.0,6.19006687223e-05,0.0
96.55,0.0,6.18648956968e-05,0.0
96.6,0.0,6.18291681336e-05,0.0
96.65,0.0,6.17934857572e-05,0.0
96.7,0.0,6.17578482939e-05,0.0
96.75,0.0,6.17222554724e-05,0.0
96.8,0.0,6.16867070231e-05,0.0
96.85,0.0,6.16512434184e-05,0.0
96.9,0.0,6.16158864479e-05,0.0
96.95,0.0,6.15805733906e-05,0.0
97.0,0.0,6.15453039817e-05,0.0
97.05,0.0,6.15100779585e-05,0.0
97.1,0.0,6.14748950602e-05,0.0
97.15,0.0,6.14397550281e-05,0.0
97.2,0.0,6.14046576052e-05,0.0
97.25,0.0,6.13696025366e-05,0.0
97.3,0.0,6.13345895691e-05,0.0
97.35,0.0,6.12996184515e-05,0.0
97.4,0.0,6.12646889346e-05,0.0
97.45,0.0,6.12298007709e-05,0.0
97.5,0.0,6.11949537147e-05,0.0
97.55,0.0,6.11601475222e-05,0.0
97.6,0.0,6.11253819515e-05,0.0
97.65,0.0,6.10906567623e-05,0.0
97.7,0.0,6.10559717163e-05,0.0
97.75,0.0,6.10213265769e-05,0.0
97.8,0.0,6.09867211091e-05,0.0
97.85,0.0,6.095215508e-05,0.0
97.9,0.0,6.09176462329e-05,0.0
97.95,0.0,6.08832572903e-05,0.0
98.0,0.0,6.08490488897e-05,0.0
98.05,0.0,6.081489756e-05,0.0
98.1,0.0,6.07807849924e-05,0.0
98.15,0.0,6.07467109571e-05,0.0
98.2,0.0,6.07126752262e-05,0.0
98.25,0.0,6.06786775735e-05,0.0
98.3,0.0,6.06447177742e-05,0.0
98.35,0.0,6.06108048475e-05,0.0
98.4,0.0,6.05770217583e-05,0.0
98.45,0.0,6.05432761874e-05,0.0
98.5,0.0,6.05095679138e-05,0.0
98.55,0.0,6.04758967182e-05,0.0
98.6,0.0,6.04422623827e-05,0.0
98.65,0.0,6.04086646914e-05,0.0
98.7,0.0,6.03751034296e-05,0.0
98.75,0.0,6.03415783845e-05,0.0
98.8,0.0,6.03080893448e-05,0.0
98.85,0.0,6.02746361007e-05,0.0
98.9,0.0,6.02412184442e-05,0.0
98.95,0.0,6.02078361685e-05,0.0
99.0,0.0,6.01744890688e-05,0.0
99.05,0.0,6.01411769414e-05,0.0
99.1,0.0,6.01078995843e-05,0.0
99.15,0.0,6.00746567972e-05,0.0
99.2,0.0,6.00414483809e-05,0.0
99.25,0.0,6.0008274138e-05,0.0
99.3,0.0,5.99751338725e-05,0.0
99.35,0.0,5.99420273898e-05,0.0
99.4,0.0,5.99089544969e-05,0.0
99.45,0.0,5.98760004148e-05,0.0
99.5,0.0,5.9843091595e-05,0.0
99.55,0.0,5.98102161057e-05,0.0
99.6,0.0,5.97773737566e-05,0.0
99.65,0.0,5.97445643587e-05,0.0
99.7,0.0,5.97117877245e-05,0.0
99.75,0.0,5.96790436678e-05,0.0
99.8,0.0,5.96463320041e-05,0.0
99.85,0.0,5.96136525499e-05,0.0
99.9,0.0,5.95810838773e-05,0.0
99.95,0.0,5.95485685043e-05,0.0
100.0,0.0,5.95160851194e-05,0.0
