"time","AMPA","NMDA","GABAa"
0.0,0.0,0.0,0.0
0.05,0.0,0.0,0.0
0.1,0.0,0.0,0.0
0.15,0.0,0.0,0.0
0.2,0.0,0.0,0.0
0.25,0.0,0.0,0.0
0.3,0.0,0.0,0.0
0.35,0.0,0.0,0.0
0.4,0.0,0.0,0.0
0.45,0.0,0.0,0.0
0.5,0.0,0.0,0.0
0.55,0.0,0.0,0.0
0.6,0.0,0.0,0.0
0.65,0.0,0.0,0.0
0.7,0.0,0.0,0.0
0.75,0.0,0.0,0.0
0.8,0.0,0.0,0.0
0.85,0.0,0.0,0.0
0.9,0.0,0.0,0.0
0.95,0.0,0.0,0.0
1.0,0.0,0.0,0.0
1.05,0.0,0.0,0.0
1.1,0.0,0.0,0.0
1.15,0.0,0.0,0.0
1.2,0.0,0.0,0.0
1.25,0.0,0.0,0.0
1.3,0.0,0.0,0.0
1.35,0.0,0.0,0.0
1.4,0.0,0.0,0.0
1.45,0.0,0.0,0.0
1.5,0.0,0.0,0.0
1.55,0.0,0.0,0.0
1.6,0.0,0.0,0.0
1.65,0.0,0.0,0.0
1.7,0.0,0.0,0.0
1.75,0.0,0.0,0.0
1.8,0.0,0.0,0.0
1.85,0.0,0.0,0.0
1.9,0.0,0.0,0.0
1.95,0.0,0.0,0.0
2.0,0.0,0.0,0.0
2.05,0.0,0.0,0.0
2.1,0.0,0.0,0.0
2.15,0.0,0.0,0.0
2.2,0.0,0.0,0.0
2.25,0.0,0.0,0.0
2.3,0.0,0.0,0.0
2.35,0.0,0.0,0.0
2.4,0.0,0.0,0.0
2.45,0.0,0.0,0.0
2.5,0.0,0.0,0.0
2.55,0.0,0.0,0.0
2.6,0.0,0.0,0.0
2.65,0.0,0.0,0.0
2.7,0.0,0.0,0.0
2.75,0.0,0.0,0.0
2.8,0.0,0.0,0.0
2.85,0.0,0.0,0.0
2.9,0.0,0.0,0.0
2.95,0.0,0.0,0.0
3.0,0.0,0.0,0.0
3.05,0.0,0.0,0.0
3.1,0.0,0.0,0.0
3.15,0.0,0.0,0.0
3.2,0.0,0.0,0.0
3.25,0.0,0.0,0.0
3.3,0.0,0.0,0.0
3.35,0.0,0.0,0.0
3.4,0.0,0.0,0.0
3.45,0.0,0.0,0.0
3.5,0.0,0.0,0.0
3.55,0.0,0.0,0.0
3.6,0.0,0.0,0.0
3.65,0.0,0.0,0.0
3.7,0.0,0.0,0.0
3.75,0.0,0.0,0.0
3.8,0.0,0.0,0.0
3.85,0.0,0.0,0.0
3.9,0.0,0.0,0.0
3.95,0.0,0.0,0.0
4.0,0.0,0.0,0.0
4.05,0.0,0.0,0.0
4.1,0.0,0.0,0.0
4.15,0.0,0.0,0.0
4.2,0.0,0.0,0.0
4.25,0.0,0.0,0.0
4.3,0.0,0.0,0.0
4.35,0.0,0.0,0.0
4.4,0.0,0.0,0.0
4.45,0.0,0.0,0.0
4.5,0.0,0.0,0.0
4.55,0.0,0.0,0.0
4.6,0.0,0.0,0.0
4.65,0.0,0.0,0.0
4.7,0.0,0.0,0.0
4.75,0.0,0.0,0.0
4.8,0.0,0.0,0.0
4.85,0.0,0.0,0.0
4.9,0.0,0.0,0.0
4.95,0.0,0.0,0.0
5.0,0.0,0.0,0.0
5.05,0.0,0.0,0.0
5.1,0.0,0.0,0.0
5.15,0.0,0.0,0.0
5.2,0.0,0.0,0.0
5.25,0.0,0.0,0.0
5.3,0.0,0.0,0.0
5.35,0.0,0.0,0.0
5.4,0.0,0.0,0.0
5.45,0.0,0.0,0.0
5.5,0.0,0.0,0.0
5.55,0.0,0.0,0.0
5.6,0.0,0.0,0.0
5.65,0.0,0.0,0.0
5.7,0.0,0.0,0.0
5.75,0.0,0.0,0.0
5.8,0.0,0.0,0.0
5.85,0.0,0.0,0.0
5.9,0.0,0.0,0.0
5.95,0.0,0.0,0.0
6.0,0.0,0.0,0.0
6.05,0.0,0.0,0.0
6.1,0.0,0.0,0.0
6.15,0.0,0.0,0.0
6.2,0.0,0.0,0.0
6.25,0.0,0.0,0.0
6.3,0.0,0.0,0.0
6.35,0.0,0.0,0.0
6.4,0.0,0.0,0.0
6.45,0.0,0.0,0.0
6.5,0.0,0.0,0.0
6.55,0.0,0.0,0.0
6.6,0.0,0.0,0.0
6.65,0.0,0.0,0.0
6.7,0.0,0.0,0.0
6.75,0.0,0.0,0.0
6.8,0.0,0.0,0.0
6.85,0.0,0.0,0.0
6.9,0.0,0.0,0.0
6.95,0.0,0.0,0.0
7.0,0.0,0.0,0.0
7.05,0.0,0.0,0.0
7.1,0.0,0.0,0.0
7.15,0.0,0.0,0.0
7.2,0.0,0.0,0.0
7.25,0.0,0.0,0.0
7.3,0.0,0.0,0.0
7.35,0.0,0.0,0.0
7.4,0.0,0.0,0.0
7.45,0.0,0.0,0.0
7.5,0.0,0.0,0.0
7.55,0.0,0.0,0.0
7.6,0.0,0.0,0.0
7.65,0.0,0.0,0.0
7.7,0.0,0.0,0.0
7.75,0.0,0.0,0.0
7.8,0.0,0.0,0.0
7.85,0.0,0.0,0.0
7.9,0.0,0.0,0.0
7.95,0.0,0.0,0.0
8.0,0.0,0.0,0.0
8.05,0.0,0.0,0.0
8.1,0.0,0.0,0.0
8.15,0.0,0.0,0.0
8.2,0.0,0.0,0.0
8.25,0.0,0.0,0.0
8.3,0.0,0.0,0.0
8.35,0.0,0.0,0.0
8.4,0.0,0.0,0.0
8.45,0.0,0.0,0.0
8.5,0.0,0.0,0.0
8.55,0.0,0.0,0.0
8.6,0.0,0.0,0.0
8.65,0.0,0.0,0.0
8.7,0.0,0.0,0.0
8.75,0.0,0.0,0.0
8.8,0.0,0.0,0.0
8.85,0.0,0.0,0.0
8.9,0.0,0.0,0.0
8.95,0.0,0.0,0.0
9.0,0.0,0.0,0.0
9.05,0.0,0.0,0.0
9.1,0.0,0.0,0.0
9.15,0.0,0.0,0.0
9.2,0.0,0.0,0.0
9.25,0.0,0.0,0.0
9.3,0.0,0.0,0.0
9.35,0.0,0.0,0.0
9.4,0.0,0.0,0.0
9.45,0.0,0.0,0.0
9.5,0.0,0.0,0.0
9.55,0.0,0.0,0.0
9.6,0.0,0.0,0.0
9.65,0.0,0.0,0.0
9.7,0.0,0.0,0.0
9.75,0.0,0.0,0.0
9.8,0.0,0.0,0.0
9.85,0.0,0.0,0.0
9.9,0.0,0.0,0.0
9.95,0.0,0.0,0.0
10.0,0.0,0.0,0.0
10.05,0.0,0.0,0.0
10.1,0.0,0.0,0.0
10.15,0.0,0.0,0.0
10.2,0.0,0.0,0.0
10.25,0.0,0.0,0.0
10.3,0.0,0.0,0.0
10.35,0.0,0.0,0.0
10.4,0.0,0.0,0.0
10.45,0.0,0.0,0.0
10.5,0.0,0.0,0.0
10.55,0.0,0.0,0.0
10.6,0.0,0.0,0.0
10.65,0.0,0.0,0.0
10.7,0.0,0.0,0.0
10.75,0.0,0.0,0.0
10.8,0.0,0.0,0.0
10.85,0.0,0.0,0.0
10.9,0.0,0.0,0.0
10.95,0.0,0.0,0.0
11.0,0.0,0.0,0.0
11.05,0.0,0.0,0.0
11.1,0.0,0.0,0.0
11.15,0.0,0.0,0.0
11.2,0.0,0.0,0.0
11.25,0.0,0.0,0.0
11.3,0.0,0.0,0.0
11.35,0.0,0.0,0.0
11.4,0.0,0.0,0.0
11.45,0.0,0.0,0.0
11.5,0.0,0.0,0.0
11.55,0.0,0.0,0.0
11.6,0.0,0.0,0.0
11.65,0.0,0.0,0.0
11.7,0.0,0.0,0.0
11.75,0.0,0.0,0.0
11.8,0.0,0.0,0.0
11.85,0.0,0.0,0.0
11.9,0.0,0.0,0.0
11.95,0.0,0.0,0.0
12.0,0.0,0.0,0.0
12.05,0.0,0.0,0.0
12.1,0.0,0.0,0.0
12.15,0.0,0.0,0.0
12.2,0.0,0.0,0.0
12.25,0.0,0.0,0.0
12.3,0.0,0.0,0.0
12.35,0.0,0.0,0.0
12.4,0.0,0.0,0.0
12.45,0.0,0.0,0.0
12.5,0.0,0.0,0.0
12.55,0.0,0.0,0.0
12.6,0.0,0.0,0.0
12.65,0.0,0.0,0.0
12.7,0.0,0.0,0.0
12.75,0.0,0.0,0.0
12.8,0.0,0.0,0.0
12.85,0.0,0.0,0.0
12.9,0.0,0.0,0.0
12.95,0.0,0.0,0.0
13.0,0.0,0.0,0.0
13.05,0.0,0.0,0.0
13.1,0.0,0.0,0.0
13.15,0.0,0.0,0.0
13.2,0.0,0.0,0.0
13.25,0.0,0.0,0.0
13.3,0.0,0.0,0.0
13.35,0.0,0.0,0.0
13.4,0.0,0.0,0.0
13.45,0.0,0.0,0.0
13.5,0.0,0.0,0.0
13.55,0.0,0.0,0.0
13.6,0.0,0.0,0.0
13.65,0.0,0.0,0.0
13.7,0.0,0.0,0.0
13.75,0.0,0.0,0.0
13.8,0.0,0.0,0.0
13.85,0.0,0.0,0.0
13.9,0.0,0.0,0.0
13.95,0.0,0.0,0.0
14.0,0.0,0.0,0.0
14.05,0.0,0.0,0.0
14.1,0.0,0.0,0.0
14.15,0.0,0.0,0.0
14.2,0.0,0.0,0.0
14.25,0.0,0.0,0.0
14.3,0.0,0.0,0.0
14.35,0.0,0.0,0.0
14.4,0.0,0.0,0.0
14.45,0.0,0.0,0.0
14.5,0.0,0.0,0.0
14.55,0.0,0.0,0.0
14.6,0.0,0.0,0.0
14.65,0.0,0.0,0.0
14.7,0.0,0.0,0.0
14.75,0.0,0.0,0.0
14.8,0.0,0.0,0.0
14.85,0.0,0.0,0.0
14.9,0.0,0.0,0.0
14.95,0.0,0.0,0.0
15.0,0.0,0.0,0.0
15.05,0.0,0.0,0.0
15.1,0.0,0.0,0.0
15.15,0.0,0.0,0.0
15.2,0.0,0.0,0.0
15.25,0.0,0.0,0.0
15.3,0.0,0.0,0.0
15.35,0.0,0.0,0.0
15.4,0.0,0.0,0.0
15.45,0.0,0.0,0.0
15.5,0.0,0.0,0.0
15.55,0.0,0.0,0.0
15.6,0.0,0.0,0.0
15.65,0.0,0.0,0.0
15.7,0.0,0.0,0.0
15.75,0.0,0.0,0.0
15.8,0.0,0.0,0.0
15.85,0.0,0.0,0.0
15.9,0.0,0.0,0.0
15.95,0.0,0.0,0.0
16.0,0.0,0.0,0.0
16.05,0.0,0.0,0.0
16.1,0.0,0.0,0.0
16.15,0.0,0.0,0.0
16.2,0.0,0.0,0.0
16.25,0.0,0.0,0.0
16.3,0.0,0.0,0.0
16.35,0.0,0.0,0.0
16.4,0.0,0.0,0.0
16.45,0.0,0.0,0.0
16.5,0.0,0.0,0.0
16.55,0.0,0.0,0.0
16.6,0.0,0.0,0.0
16.65,0.0,0.0,0.0
16.7,0.0,0.0,0.0
16.75,0.0,0.0,0.0
16.8,0.0,0.0,0.0
16.85,0.0,0.0,0.0
16.9,0.0,0.0,0.0
16.95,0.0,0.0,0.0
17.0,0.0,0.0,0.0
17.05,0.0,0.0,0.0
17.1,0.0,0.0,0.0
17.15,0.0,0.0,0.0
17.2,0.0,0.0,0.0
17.25,0.0,0.0,0.0
17.3,0.0,0.0,0.0
17.35,0.0,0.0,0.0
17.4,0.0,0.0,0.0
17.45,0.0,0.0,0.0
17.5,0.0,0.0,0.0
17.55,0.0,0.0,0.0
17.6,0.0,0.0,0.0
17.65,0.0,0.0,0.0
17.7,0.0,0.0,0.0
17.75,0.0,0.0,0.0
17.8,0.0,0.0,0.0
17.85,0.0,0.0,0.0
17.9,0.0,0.0,0.0
17.95,0.0,0.0,0.0
18.0,0.0,0.0,0.0
18.05,0.0,0.0,0.0
18.1,0.0,0.0,0.0
18.15,0.0,0.0,0.0
18.2,0.0,0.0,0.0
18.25,0.0,0.0,0.0
18.3,0.0,0.0,0.0
18.35,0.0,0.0,0.0
18.4,0.0,0.0,0.0
18.45,0.0,0.0,0.0
18.5,0.0,0.0,0.0
18.55,0.0,0.0,0.0
18.6,0.0,0.0,0.0
18.65,0.0,0.0,0.0
18.7,0.0,0.0,0.0
18.75,0.0,0.0,0.0
18.8,0.0,0.0,0.0
18.85,0.0,0.0,0.0
18.9,0.0,0.0,0.0
18.95,0.0,0.0,0.0
19.0,0.0,0.0,0.0
19.05,0.0,0.0,0.0
19.1,0.0,0.0,0.0
19.15,0.0,0.0,0.0
19.2,0.0,0.0,0.0
19.25,0.0,0.0,0.0
19.3,0.0,0.0,0.0
19.35,0.0,0.0,0.0
19.4,0.0,0.0,0.0
19.45,0.0,0.0,0.0
19.5,0.0,0.0,0.0
19.55,0.0,0.0,0.0
19.6,0.0,0.0,0.0
19.65,0.0,0.0,0.0
19.7,0.0,0.0,0.0
19.75,0.0,0.0,0.0
19.8,0.0,0.0,0.0
19.85,0.0,0.0,0.0
19.9,0.0,0.0,0.0
19.95,0.0,0.0,0.0
20.0,0.0,0.0,0.0
20.05,0.0,0.0,0.0
20.1,0.0,0.0,0.0
20.15,0.0,0.0,0.0
20.2,0.0,0.0,0.0
20.25,0.0,0.0,0.0
20.3,0.0,0.0,0.0
20.35,0.0,0.0,0.0
20.4,0.0,0.0,0.0
20.45,0.0,0.0,0.0
20.5,0.0,0.0,0.0
20.55,0.0,0.0,0.0
20.6,0.0,0.0,0.0
20.65,0.0,0.0,0.0
20.7,0.0,0.0,0.0
20.75,0.0,0.0,0.0
20.8,0.0,0.0,0.0
20.85,0.0,0.0,0.0
20.9,0.0,0.0,0.0
20.95,0.0,0.0,0.0
21.0,0.0,0.0,0.0
21.05,0.0,0.0,0.0
21.1,0.0,0.0,0.0
21.15,0.0,0.0,0.0
21.2,0.0,0.0,0.0
21.25,0.0,0.0,0.0
21.3,0.0,0.0,0.0
21.35,0.0,0.0,0.0
21.4,0.0,0.0,0.0
21.45,0.0,0.0,0.0
21.5,0.0,0.0,0.0
21.55,0.0,0.0,0.0
21.6,0.0,0.0,0.0
21.65,0.0,0.0,0.0
21.7,0.0,0.0,0.0
21.75,0.0,0.0,0.0
21.8,0.0,0.0,0.0
21.85,0.0,0.0,0.0
21.9,0.0,0.0,0.0
21.95,0.0,0.0,0.0
22.0,0.0,0.0,0.0
22.05,0.0,0.0,0.0
22.1,0.0,0.0,0.0
22.15,0.0,0.0,0.0
22.2,0.0,0.0,0.0
22.25,0.0,0.0,0.0
22.3,0.0,0.0,0.0
22.35,0.0,0.0,0.0
22.4,0.0,0.0,0.0
22.45,0.0,0.0,0.0
22.5,0.0,0.0,0.0
22.55,0.0,0.0,0.0
22.6,0.0,0.0,0.0
22.65,0.0,0.0,0.0
22.7,0.0,0.0,0.0
22.75,0.0,0.0,0.0
22.8,0.0,0.0,0.0
22.85,0.0,0.0,0.0
22.9,0.0,0.0,0.0
22.95,0.0,0.0,0.0
23.0,0.0,0.0,0.0
23.05,0.0,0.0,0.0
23.1,0.0,0.0,0.0
23.15,0.0,0.0,0.0
23.2,0.0,0.0,0.0
23.25,0.0,0.0,0.0
23.3,0.0,0.0,0.0
23.35,0.0,0.0,0.0
23.4,0.0,0.0,0.0
23.45,0.0,0.0,0.0
23.5,0.0,0.0,0.0
23.55,0.0,0.0,0.0
23.6,0.0,0.0,0.0
23.65,0.0,0.0,0.0
23.7,0.0,0.0,0.0
23.75,0.0,0.0,0.0
23.8,0.0,0.0,0.0
23.85,0.0,0.0,0.0
23.9,0.0,0.0,0.0
23.95,0.0,0.0,0.0
24.0,0.0,0.0,0.0
24.05,0.0,0.0,0.0
24.1,0.0,0.0,0.0
24.15,0.0,0.0,0.0
24.2,0.0,0.0,0.0
24.25,0.0,0.0,0.0
24.3,0.0,0.0,0.0
24.35,0.0,0.0,0.0
24.4,0.0,0.0,0.0
24.45,0.0,0.0,0.0
24.5,0.0,0.0,0.0
24.55,0.0,0.0,0.0
24.6,0.0,0.0,0.0
24.65,0.0,0.0,0.0
24.7,0.0,0.0,0.0
24.75,0.0,0.0,0.0
24.8,0.0,0.0,0.0
24.85,0.0,0.0,0.0
24.9,0.0,0.0,0.0
24.95,0.0,0.0,0.0
25.0,0.0,0.0,0.0
25.05,0.0,0.0,0.0
25.1,0.0,0.0,0.0
25.15,0.0,0.0,0.0
25.2,0.0,0.0,0.0
25.25,0.0,0.0,0.0
25.3,0.0,0.0,0.0
25.35,0.0,0.0,0.0
25.4,0.0,0.0,0.0
25.45,0.0,0.0,0.0
25.5,0.0,0.0,0.0
25.55,0.0,0.0,0.0
25.6,0.0,0.0,0.0
25.65,0.0,0.0,0.0
25.7,0.0,0.0,0.0
25.75,0.0,0.0,0.0
25.8,0.0,0.0,0.0
25.85,0.0,0.0,0.0
25.9,0.0,0.0,0.0
25.95,0.0,0.0,0.0
26.0,0.0,0.0,0.0
26.05,0.0,0.0,0.0
26.1,0.0,0.0,0.0
26.15,0.0,0.0,0.0
26.2,0.0,0.0,0.0
26.25,0.0,0.0,0.0
26.3,0.0,0.0,0.0
26.35,0.0,0.0,0.0
26.4,0.0,0.0,0.0
26.45,0.0,0.0,0.0
26.5,0.0,0.0,8.57125163177e-17
26.55,0.0,0.0,0.000115825982257
26.6,0.0,0.0,0.000205072986303
26.65,0.0,0.0,0.000273670911638
26.7,0.0,0.0,0.000326265318514
26.75,0.0,0.0,0.000366479829038
26.8,0.0,0.0,0.000397131663605
26.85,0.0,0.0,0.000420405637677
26.9,0.0,0.0,0.000552330319111
26.95,0.0,0.0,0.000652785371446
27.0,0.0,0.0,0.000842356123301
27.05,0.0,0.0,0.00109851360539
27.1,0.0,0.0,0.0012908356526
27.15,0.0,0.0,0.00154482513684
27.2,0.0,0.0,0.0017321260455
27.25,0.0,0.0,0.00186783215123
27.3,0.0,0.0,0.0020716547923
27.35,0.0,0.0,0.002323037822
27.4,0.0,0.0,0.00250064994359
27.45,0.0,0.0,0.002621690183
27.5,0.0,0.0,0.00269894512335
27.55,0.0,0.0,0.00274000284336
27.6,0.0,0.0,0.00275707241733
27.65,0.0,0.0,0.00275634595145
27.7,0.0,0.0,0.00274254677473
27.75,0.0,0.0,0.00281191789628
27.8,0.0,0.0,0.00284837647819
27.85,0.0,0.0,0.00285967416881
27.9,0.0,0.0,0.00284967478738
27.95,0.0,0.0,0.00282625268484
28.0,0.0,0.0,0.00278999571487
28.05,0.0,0.0,0.00274471176247
28.1,0.0,0.0,0.00269522800564
28.15,0.0,0.0,0.0026406835267
28.2,0.0,0.0,0.00258541800289
28.25,0.0,0.0,0.00252962435844
28.3,0.0,0.0,0.00247109552805
28.35,0.0,0.0,0.00241112255819
28.4,0.0,0.0,0.00235294360889
28.45,0.0,0.0,0.00229665570719
28.5,0.0,0.0,0.0022423112207
28.55,0.0,0.0,0.00218992529039
28.6,0.0,0.0,0.00213947890459
28.65,0.0,0.0,0.00215745832871
28.7,0.0,0.0,0.00222384213184
28.75,0.0,0.0,0.00225738153931
28.8,0.0,0.0,0.00226853898605
28.85,0.0,0.0,0.00226329058839
28.9,0.0,0.0,0.00224618990858
28.95,0.0,0.0,0.00222068305509
29.0,0.0,0.0,0.00218936889239
29.05,0.0,0.0,0.00215419396216
29.1,0.0,0.0,0.00211660238526
29.15,0.0,0.0,0.00207766801537
29.2,0.0,0.0,0.00203817614601
29.25,0.0,0.0,0.00199870203405
29.3,0.0,0.0,0.00195965697587
29.35,0.0,0.0,0.00192133165804
29.4,0.0,0.0,0.00188392632273
29.45,0.0,0.0,0.00184757245864
29.5,0.0,0.0,0.00181235519534
29.55,0.0,0.0,0.00177832256583
29.6,0.0,0.0,0.00174800630776
29.65,0.0,0.0,0.00174206281577
29.7,0.0,0.0,0.00172858200826
29.75,0.0,0.0,0.00171259470493
29.8,0.0,0.0,0.00170594380192
29.85,0.0,0.0,0.00169417201992
29.9,0.0,0.0,0.00167877955564
29.95,0.0,0.0,0.00166089637781
30.0,0.0,0.0,0.00164137416912
30.05,0.0,0.0,0.00162084871101
30.1,0.0,0.0,0.00159979133265
30.15,0.0,0.0,0.00157971347944
30.2,0.0,0.0,0.0015738051499
30.25,0.0,0.0,0.00156428158403
30.3,0.0,0.0,0.00155330977988
30.35,0.0,0.0,0.00155480093875
30.4,0.0,0.0,0.00155123608917
30.45,0.0,0.0,0.00154399395709
30.5,0.0,0.0,0.00153412418878
30.55,0.0,0.0,0.00152242226883
30.6,0.0,0.0,0.00150933517398
30.65,0.0,0.0,0.00149236856692
30.7,0.0,0.0,0.00147515069944
30.75,0.0,0.0,0.00145784146704
30.8,0.0,0.0,0.00143916826205
30.85,0.0,0.0,0.00142085645112
30.9,0.0,0.0,0.00140298391254
30.95,0.0,0.0,0.00138560025936
31.0,0.0,0.0,0.00136958885631
31.05,0.0,0.0,0.00137048419274
31.1,0.0,0.0,0.00136757606101
31.15,0.0,0.0,0.00136180796495
31.2,0.0,0.0,0.00135260991239
31.25,0.0,0.0,0.00134209994011
31.3,0.0,0.0,0.00133063092639
31.35,0.0,0.0,0.00131720606442
31.4,0.0,0.0,0.00130357136204
31.45,0.0,0.0,0.00128990286631
31.5,0.0,0.0,0.00127632896284
31.55,0.0,0.0,0.00126372907109
31.6,0.0,0.0,0.00126749705482
31.65,0.0,0.0,0.00126736746852
31.7,0.0,0.0,0.00126435421243
31.75,0.0,0.0,0.00125923290077
31.8,0.0,0.0,0.00125259711795
31.85,0.0,0.0,0.00124489817169
31.9,0.0,0.0,0.0012364766337
31.95,0.0,0.0,0.00122759073095
32.0,0.0,0.0,0.00121832338842
32.05,0.0,0.0,0.0012075819561
32.1,0.0,0.0,0.00119689462853
32.15,0.0,0.0,0.00118720626034
32.2,0.0,0.0,0.00119051362522
32.25,0.0,0.0,0.00119073230382
32.3,0.0,0.0,0.00118865356013
32.35,0.0,0.0,0.00118488431706
32.4,0.0,0.0,0.00117988758632
32.45,0.0,0.0,0.00117401763069
32.5,0.0,0.0,0.00116754390579
32.55,0.0,0.0,0.0011605590177
32.6,0.0,0.0,0.00115200227225
32.65,0.0,0.0,0.00114338523858
32.7,0.0,0.0,0.00113478613494
32.75,0.0,0.0,0.00112626087642
32.8,0.0,0.0,0.00111785086673
32.85,0.0,0.0,0.00110958503341
32.9,0.0,0.0,0.00110148179429
32.95,0.0,0.0,0.0010935537692
33.0,0.0,0.0,0.00108643604775
33.05,0.0,0.0,0.0010989979918
33.1,0.0,0.0,0.00111926033206
33.15,0.0,0.0,0.00113293983516
33.2,0.0,0.0,0.0011412078647
33.25,0.0,0.0,0.00115791456726
33.3,0.0,0.0,0.00116871302123
33.35,0.0,0.0,0.00117501824358
33.4,0.0,0.0,0.00117792440189
33.45,0.0,0.0,0.00117827698012
33.5,0.0,0.0,0.00117672675166
33.55,0.0,0.0,0.00117377440024
33.6,0.0,0.0,0.00116980259481
33.65,0.0,0.0,0.00116510315815
33.7,0.0,0.0,0.00115990076587
33.75,0.0,0.0,0.00115436120148
33.8,0.0,0.0,0.00114861229962
33.85,0.0,0.0,0.00114338265176
33.9,0.0,0.0,0.00115619609544
33.95,0.0,0.0,0.00116442718837
34.0,0.0,0.0,0.00116904092542
34.05,0.0,0.0,0.00117056641983
34.1,0.0,0.0,0.00118000909668
34.15,0.0,0.0,0.00119929520962
34.2,0.0,0.0,0.00121189709527
34.25,0.0,0.0,0.00121817466351
34.3,0.0,0.0,0.00122072432301
34.35,0.0,0.0,0.00122048639179
34.4,0.0,0.0,0.0012188551136
34.45,0.0,0.0,0.00123222824248
34.5,0.0,0.0,0.00124023262439
34.55,0.0,0.0,0.00124418345615
34.6,0.0,0.0,0.00124509585813
34.65,0.0,0.0,0.0012444688551
34.7,0.0,0.0,0.00125709658146
34.75,0.0,0.0,0.00126462644361
34.8,0.0,0.0,0.00126830931692
34.85,0.0,0.0,0.00126898368676
34.9,0.0,0.0,0.00126626627849
34.95,0.0,0.0,0.00126205792236
35.0,0.0,0.0,0.00125771270671
35.05,0.0,0.0,0.00126161829319
35.1,0.0,0.0,0.00126128284416
35.15,0.0,0.0,0.00125762002273
35.2,0.0,0.0,0.00125251014636
35.25,0.0,0.0,0.00124637735385
35.3,0.0,0.0,0.00123954146382
35.35,0.0,0.0,0.00123224524931
35.4,0.0,0.0,0.00122455748175
35.45,0.0,0.0,0.00121550351854
35.5,0.0,0.0,0.00120648061965
35.55,0.0,0.0,0.00119755621268
35.6,0.0,0.0,0.00118877969452
35.65,0.0,0.0,0.00118007730202
35.7,0.0,0.0,0.00117035201613
35.75,0.0,0.0,0.00116090538647
35.8,0.0,0.0,0.00115173628128
35.85,0.0,0.0,0.00114284143068
35.9,0.0,0.0,0.00113421640609
35.95,0.0,0.0,0.00112585407913
36.0,0.0,0.0,0.00111767994074
36.05,0.0,0.0,0.00110851478229
36.1,0.0,0.0,0.00109963876228
36.15,0.0,0.0,0.00109103498022
36.2,0.0,0.0,0.00108268928293
36.25,0.0,0.0,0.00107458791059
36.3,0.0,0.0,0.00106671720084
36.35,0.0,0.0,0.00105906521142
36.4,0.0,0.0,0.00105162173238
36.45,0.0,0.0,0.00104437617654
36.5,0.0,0.0,0.00103731727287
36.55,0.0,0.0,0.0010304377048
36.6,0.0,0.0,0.00102372889336
36.65,0.0,0.0,0.00101718067453
36.7,0.0,0.0,0.00101078509965
36.75,0.0,0.0,0.00100453427286
36.8,0.0,0.0,0.000998420091052
36.85,0.0,0.0,0.000993346675201
36.9,0.0,0.0,0.000998282391551
36.95,0.0,0.0,0.00100090030697
37.0,0.0,0.0,0.00100174876438
37.05,0.0,0.0,0.00100125510464
37.1,0.0,0.0,0.00100066462393
37.15,0.0,0.0,0.00100951025155
37.2,0.0,0.0,0.00101526883447
37.25,0.0,0.0,0.00101866199952
37.3,0.0,0.0,0.0010219150079
37.35,0.0,0.0,0.00104910498936
37.4,0.0,0.0,0.00106896305744
37.45,0.0,0.0,0.00108316255881
37.5,0.0,0.0,0.0010930095502
37.55,0.0,0.0,0.00109952352222
37.6,0.0,0.0,0.00110349352669
37.65,0.0,0.0,0.00110552931339
37.7,0.0,0.0,0.00110610404403
37.75,0.0,0.0,0.00110558059127
37.8,-1.63225198934e-14,-2.79615357113e-15,0.00110423904479
37.85,-0.00603641180051,-6.47687897706e-05,0.00110222009408
37.9,-0.0116800849192,-0.00013022455667,0.00112595104637
37.95,-0.0169304873111,-0.000196994737305,0.00117388516483
38.0,-0.0217964953833,-0.000265836660696,0.00124318539395
38.05,-0.0262870741272,-0.000337846567705,0.00133117189173
38.1,-0.0304153864519,-0.000413072408971,0.0014352250822
38.15,-0.0341964954735,-0.000492655496069,0.00155117617194
38.2,-0.0376455771846,-0.00057697639343,0.00167852561679
38.25,-0.0407811558326,-0.000666311296392,0.00181526088906
38.3,-0.0436190219916,-0.000761576106444,0.0019601084834
38.35,-0.0461791029467,-0.000862562183054,0.00214995141119
38.4,-0.0484800012177,-0.000969929301525,0.00233884655509
38.45,-0.0505408047796,-0.00108388428231,0.00252609718407
38.5,-0.0523775150681,-0.00120435451109,0.00271107953603
38.55,-0.0540071133179,-0.0013320899127,0.00289324866174
38.6,-0.0554451205758,-0.0014666663099,0.00307212796476
38.65,-0.0567063364629,-0.00160859266815,0.00324731849765
38.7,-0.0578053683349,-0.00175805036479,0.00341847646503
38.75,-0.0587548794102,-0.00191448933344,0.00358532406862
38.8,-0.0580605825914,-0.00197843512079,0.00374762384609
38.85,-0.0568536611468,-0.00204042966403,0.00390054849168
38.9,-0.0557008197538,-0.00210018223384,0.00411682720102
38.95,-0.0546048840457,-0.00215707421139,0.0043072484046
39.0,-0.0535611963552,-0.00221120389729,0.00447492378157
39.05,-0.0525656122153,-0.00226263603993,0.00462265376357
39.1,-0.051614438579,-0.00231158382814,0.00475629768945
39.15,-0.0507046498885,-0.00235801162698,0.00494004903959
39.2,-0.0498383141185,-0.00240148185237,0.00509664211843
39.25,-0.0490114375889,-0.00244222635086,0.00523027365386
39.3,-0.0482205655575,-0.00248043009053,0.00534370124633
39.35,-0.0474626378348,-0.00251624633954,0.00543428992377
39.4,-0.0467345654653,-0.00254989727393,0.00551423630741
39.45,-0.0460343237165,-0.0025815319885,0.00567025831881
39.5,-0.0453662278141,-0.00261041062183,0.00579601948208
39.55,-0.0447267282283,-0.00263683224372,0.00589709073282
39.6,-0.0441128586547,-0.00266108155765,0.0059779835899
39.65,-0.0435221241828,-0.0026833897645,0.00604492289094
39.7,-0.0429526043938,-0.00270388836242,0.0062139963717
39.75,-0.0424104163421,-0.00272168072975,0.00634423402657
39.8,-0.0418917358326,-0.00273714013622,0.0064435049373
39.85,-0.0413936922894,-0.00275056929897,0.00651732959044
39.9,-0.0409135297835,-0.00276232830793,0.00656989117008
39.95,-0.0404491214552,-0.00277258300778,0.00665283884674
40.0,-0.0400018041222,-0.00278113865348,0.00671202914793
40.05,-0.0395693472019,-0.00278817638974,0.00675787936665
40.1,-0.0391503025653,-0.00279396181959,0.00683841093385
40.15,-0.0387463197464,-0.00279813724873,0.00688720840486
40.2,-0.0383548029562,-0.0028010328894,0.0069171430982
40.25,-0.0379740926737,-0.00280286839964,0.00693231326674
40.3,-0.0376028686717,-0.00280381655353,0.00693917573307
40.35,-0.037240271414,-0.0028039897876,0.00704902716598
40.4,-0.0368921561877,-0.00280244065868,0.00719162193892
40.45,-0.0365598572495,-0.0027989002089,0.0072826806561
40.5,-0.0362396726996,-0.00279389383444,0.00733989494874
40.55,-0.0359291360834,-0.00278776755655,0.00737106800431
40.6,-0.0356263655996,-0.00278078672312,0.00738227071465
40.65,-0.0353299278162,-0.00277324268118,0.00737735005656
40.7,-0.0350386814823,-0.00276523896525,0.00735370155481
40.75,-0.0347514043625,-0.00275694081666,0.00732172417577
40.8,-0.0344675151501,-0.00274850605482,0.00728353125535
40.85,-0.0341867479239,-0.0027399773891,0.00724075248988
40.9,-0.0339086046831,-0.00273135465428,0.00719430110159
40.95,-0.0336328284547,-0.00272275325207,0.00713830164977
41.0,-0.0333588602233,-0.00271423813908,0.0070810017654
41.05,-0.0330866098337,-0.00270577728004,0.00702256775614
41.1,-0.0328159996593,-0.00269745960061,0.00695666446052
41.15,-0.0325466254778,-0.00268932597324,0.00689522069944
41.2,-0.03227872082,-0.00268129319184,0.00691033341817
41.25,-0.0320161757427,-0.00267272131154,0.00690609083938
41.3,-0.0317578260587,-0.00266379545723,0.0068865129271
41.35,-0.0315027728723,-0.0026546061501,0.00684869129958
41.4,-0.0312500204914,-0.00264542960576,0.00680115705834
41.45,-0.0309990422036,-0.00263628865043,0.00680412151103
41.5,-0.0307522650775,-0.00262670898561,0.00678874525615
41.55,-0.0305086699965,-0.00261697681797,0.00675966848042
41.6,-0.0302675145,-0.00260709795443,0.00672045943898
41.65,-0.0300282635554,-0.00259726035794,0.00667384277406
41.7,-0.0297905354996,-0.00258749667795,0.00662190108065
41.75,-0.0295540683146,-0.0025778259787,0.0065662120777
41.8,-0.0293186839272,-0.00256838253759,0.0065079794364
41.85,-0.0290844154924,-0.0025590749365,0.0064481197761
41.9,-0.0288510487813,-0.00254999777728,0.00638732417444
41.95,-0.0286185513707,-0.00254113638344,0.00632610657534
42.0,-0.0283869179939,-0.00253243921788,0.00626965992599
42.05,-0.0281563706489,-0.0025239689307,0.0062621268508
42.1,-0.0279290331712,-0.00251520924742,0.00624216274441
42.15,-0.0277042806888,-0.00250626690051,0.00621239568624
42.2,-0.0274816303945,-0.00249734182611,0.00616927952836
42.25,-0.0272604761404,-0.00248843702849,0.00612630535657
42.3,-0.0270408071059,-0.00247960891161,0.00612684794631
42.35,-0.0268244063968,-0.00247049839192,0.00611825228117
42.4,-0.0266108040943,-0.00246111599148,0.00613032704396
42.45,-0.0264007635347,-0.00245140875147,0.00618079695373
42.5,-0.0261957149023,-0.002440947255,0.00620382867326
42.55,-0.0259943918059,-0.00243005799348,0.006206112206
42.6,-0.0257958544356,-0.00241889523747,0.00619281536271
42.65,-0.0255994162746,-0.00240762962561,0.00616789924828
42.7,-0.0254045765666,-0.00239634614396,0.00613441767637
42.75,-0.0252109801106,-0.00238514011998,0.00609925111285
42.8,-0.0250185483222,-0.00237401089276,0.00610395814794
42.85,-0.0248288944652,-0.00236263655934,0.00609358126662
42.9,-0.0246412535397,-0.00235113742551,0.00607194310598
42.95,-0.024455163962,-0.00233963907666,0.00604196938144
43.0,-0.0242702918944,-0.00232818004308,0.00600556654185
43.05,-0.0240863923697,-0.00231686268481,0.00595874795291
43.1,-0.0239030874554,-0.00230571821586,0.00590918666888
43.15,-0.023720294085,-0.00229482992029,0.00585783325422
43.2,-0.0235379643632,-0.00228414777764,0.00580541884906
43.25,-0.0233560813488,-0.00227373463744,0.00575216091179
43.3,-0.0231746341846,-0.00226355004812,0.00569291023908
43.35,-0.0229934392201,-0.00225366598556,0.00563396924244
43.4,-0.0228125339696,-0.00224408308656,0.00556947396895
43.45,-0.0226317594695,-0.00223479893857,0.00550439188188
43.5,-0.0224511290503,-0.00222589296276,0.00548683923712
43.55,-0.022272243445,-0.00221686918693,0.00545854352327
43.6,-0.0220947175782,-0.00220792596723,0.00542237225089
43.65,-0.0219182769819,-0.00219904928304,0.00538051329952
43.7,-0.0217427334038,-0.00219030849475,0.00533796748693
43.75,-0.0215680651017,-0.00218174439282,0.00535328239339
43.8,-0.0213960938893,-0.00217280832887,0.00534508917259
43.85,-0.0212261180328,-0.00216381803397,0.00532378860245
43.9,-0.0210575812864,-0.0021547725094,0.00529282604043
43.95,-0.0208901660815,-0.00214581485409,0.00525483347945
44.0,-0.0207236484391,-0.00213698707399,0.00521180443028
44.05,-0.0205578771473,-0.00212829273666,0.00516526629084
44.1,-0.0203927527108,-0.00211984696472,0.00511637116395
44.15,-0.0202282156625,-0.00211156157022,0.00506598531303
44.2,-0.0200642348027,-0.00210352617808,0.00501476648643
44.25,-0.0199007985402,-0.0020957129445,0.00496319918047
44.3,-0.0197379114655,-0.00208808258616,0.00491165553475
44.35,-0.0195755882233,-0.0020807382307,0.00486039031595
44.4,-0.0194138488654,-0.00207358093022,0.00480960226413
44.45,-0.019252719865,-0.00206660110009,0.0047591239122
44.5,-0.0190922213052,-0.0020598960227,0.00470411976699
44.55,-0.0189322390512,-0.00205340075444,0.00465016484811
44.6,-0.0187728175063,-0.00204710775171,0.00459727019399
44.65,-0.0186139987871,-0.00204107421639,0.00454543215619
44.7,-0.0184558221508,-0.00203524815475,0.00449423578448
44.75,-0.018298315207,-0.00202960251611,0.00443896400087
44.8,-0.0181413806786,-0.00202417136839,0.00438498906968
44.85,-0.0179851548045,-0.00201901546053,0.00433561219911
44.9,-0.017829674886,-0.00201403050308,0.0043337645729
44.95,-0.017676155005,-0.00200884975072,0.0043210249915
45.0,-0.017524276922,-0.00200355872342,0.00430015444936
45.05,-0.017373806568,-0.00199828998384,0.00427327080225
45.1,-0.0172245726805,-0.00199303296224,0.00424199658828
45.15,-0.0170764528879,-0.00198781460476,0.00420756897906
45.2,-0.0169293602725,-0.00198266051997,0.0041709366864
45.25,-0.0167832347824,-0.00197764982431,0.00413282005652
45.3,-0.0166380356689,-0.00197274339893,0.00409376700345
45.35,-0.0164937378717,-0.00196793889511,0.00405765254523
45.4,-0.0163504076704,-0.00196321523872,0.00406081877299
45.45,-0.0162089488803,-0.00195831238758,0.00405374753783
45.5,-0.0160690840062,-0.00195331132925,0.00403898985818
45.55,-0.0159306072931,-0.00194823854871,0.00401850503725
45.6,-0.0157933665868,-0.00194313913275,0.00399599563984
45.65,-0.0156572993278,-0.00193805872882,0.00404027121191
45.7,-0.0155238629539,-0.00193252076135,0.00406432708446
45.75,-0.0153925403567,-0.00192663618442,0.00407301994324
45.8,-0.0152629443988,-0.00192052262512,0.00407010208361
45.85,-0.0151348625463,-0.00191435010681,0.00405814391052
45.9,-0.0150079968667,-0.00190811878765,0.00403494800312
45.95,-0.0148820921689,-0.00190190311645,0.00400721847997
46.0,-0.0147570447553,-0.00189579954449,0.00397623703207
46.05,-0.0146327816377,-0.00188979863249,0.00394297886839
46.1,-0.0145092540606,-0.00188389008208,0.00390818140108
46.15,-0.0143864302246,-0.00187811679787,0.00387240528126
46.2,-0.0142642905928,-0.00187250771513,0.00383607660549
46.25,-0.0141428255589,-0.00186701447651,0.00379951366099
46.3,-0.0140220320707,-0.00186163960469,0.00376295201226
46.35,-0.0139019117612,-0.00185644162699,0.00372629441275
46.4,-0.0137824637388,-0.0018513827138,0.00368537820549
46.45,-0.0136636081151,-0.00184647698622,0.00364508412041
46.5,-0.013545361223,-0.00184171734387,0.0036054558193
46.55,-0.0134277394224,-0.00183714834148,0.00356651838353
46.6,-0.0133107583046,-0.0018327306766,0.00352780918891
46.65,-0.0131944247301,-0.00182844707984,0.00348537432787
46.7,-0.0130786726947,-0.00182432466054,0.0034438981014
46.75,-0.012963524235,-0.00182035841243,0.00340334261357
46.8,-0.0128489994354,-0.00181659112609,0.00336367037942
46.85,-0.0127351805628,-0.00181296390387,0.00332484332717
46.9,-0.0126220195544,-0.00180947119775,0.00328683989147
46.95,-0.0125095321791,-0.001806107529,0.00324961940235
47.0,-0.0123977326682,-0.00180286771867,0.00321315245978
47.05,-0.0122866339775,-0.00179974715639,0.00317740991622
47.1,-0.0121762478077,-0.00179677948561,0.00314236249975
47.15,-0.0120665845488,-0.00179391976718,0.00310798946452
47.2,-0.0119576539084,-0.00179116367692,0.00307426383777
47.25,-0.0118494644593,-0.0017885071346,0.00304116370757
47.3,-0.0117420238662,-0.00178594622848,0.00300866661455
47.35,-0.0116353389155,-0.00178347721946,0.0029767491125
47.4,-0.0115294155376,-0.00178109654806,0.00294540165806
47.45,-0.011424259066,-0.00177880073629,0.00291459727398
47.5,-0.0113198739859,-0.00177660144983,0.00288431849212
47.55,-0.0112162639959,-0.00177449078791,0.00285454768751
47.6,-0.0111134323402,-0.00177245438467,0.00282526637535
47.65,-0.0110113815943,-0.00177048943083,0.00279646317485
47.7,-0.0109101138487,-0.00176859320863,0.00276812098255
47.75,-0.0108096306431,-0.00176676313146,0.00274022672909
47.8,-0.010709933052,-0.00176499671526,0.0027127664687
47.85,-0.0106110747205,-0.00176329158418,0.00268572499909
47.9,-0.0105130015908,-0.00176164661,0.00265909949647
47.95,-0.0104157135868,-0.00176006325798,0.00263287091517
48.0,-0.0103192101421,-0.00175853468656,0.00260702848485
48.05,-0.0102234903663,-0.00175705889122,0.00258156086476
48.1,-0.010128553037,-0.00175563395509,0.00255645585578
48.15,-0.0100343966041,-0.00175425805441,0.00253170738054
48.2,-0.00994101928918,-0.00175292941514,0.00250730395456
48.25,-0.00984841902193,-0.00175165238452,0.00248323751838
48.3,-0.00975659345461,-0.00175042402207,0.00245949906367
48.35,-0.00966554007144,-0.00174923738116,0.00243607816641
48.4,-0.00957525609818,-0.00174809100803,0.0024129752999
48.45,-0.00948573867509,-0.00174698345044,0.00239017623279
48.5,-0.00939698466739,-0.00174591335906,0.00236767405119
48.55,-0.00930899077441,-0.00174487943616,0.00234546118265
48.6,-0.00922175352939,-0.00174388043979,0.00232352912524
48.65,-0.00913526929601,-0.00174291518971,0.00230187479887
48.7,-0.00904953434575,-0.00174198252959,0.00228049008374
48.75,-0.00896454479936,-0.00174108136156,0.00225936984706
48.8,-0.00888029667201,-0.00174021062513,0.00223850792979
48.85,-0.00879682982869,-0.00173936930399,0.00221789684207
48.9,-0.0087140951093,-0.00173855649537,0.00219753901511
48.95,-0.00863208831629,-0.00173777121825,0.00217742327189
49.0,-0.00855080509297,-0.00173701256983,0.00215754499524
49.05,-0.00847024101032,-0.00173627967961,0.00213789888095
49.1,-0.00839039156329,-0.00173557171383,0.0021184786934
49.15,-0.0083112521647,-0.00173488788157,0.00209928305972
49.2,-0.00823281820639,-0.00173422740092,0.00208030594298
49.25,-0.00815508500775,-0.00173358953104,0.00206154395783
49.3,-0.00807804785053,-0.00173297355356,0.00204299271794
49.35,-0.00800170197046,-0.00173237877928,0.00202464655876
49.4,-0.00792604254652,-0.00173180455673,0.00200650869807
49.45,-0.00785106480267,-0.00173125523285,0.00198857000573
49.5,-0.00777676386089,-0.00173072587173,0.00197082729143
49.55,-0.0077031348322,-0.00173021518818,0.00195327667561
49.6,-0.00763017280322,-0.00172972261338,0.00193591337695
49.65,-0.00755787282772,-0.00172924760919,0.0019187370106
49.7,-0.00748622997572,-0.0017287896376,0.00190174289051
49.75,-0.0074152392892,-0.00172834819041,0.00188492871137
49.8,-0.00734489580944,-0.00172792277255,0.00186829121528
49.85,-0.0125251617852,-0.00182851952993,0.00185182593808
49.9,-0.0173533084484,-0.00193734875636,0.00184818307532
49.95,-0.0218295694945,-0.00205459087479,0.00185590988444
50.0,-0.0259621501447,-0.00218069657091,0.00187363868556
50.05,-0.0297591601815,-0.00231668623115,0.00190009864419
50.1,-0.0332322563839,-0.00246208029032,0.00193410537352
50.15,-0.0363946730519,-0.00261810346072,0.00197457095627
50.2,-0.0392597847223,-0.00278484444601,0.00202049345944
50.25,-0.0418438005203,-0.00296233982692,0.00207095957079
50.3,-0.0441605815066,-0.00315151069663,0.00212513536
50.35,-0.046227534979,-0.00335162834275,0.00218226744431
50.4,-0.0480587081961,-0.00356358248923,0.00224168584495
50.45,-0.0496709019893,-0.00378735122117,0.00230277565956
50.5,-0.0510783442639,-0.00402239105344,0.00236499624222
50.55,-0.0522962067643,-0.00426966752996,0.00242786380051
50.6,-0.053338398392,-0.00452810263617,0.00249095695996
50.65,-0.0542183412013,-0.0047980827092,0.00255390069618
50.7,-0.0549492220403,-0.00507969624263,0.00261637172488
50.75,-0.0555426675123,-0.00537160473457,0.0026780850613
50.8,-0.0547217142718,-0.00552919184447,0.00273879999252
50.85,-0.053464597442,-0.00568270580126,0.0027955030962
50.9,-0.052257843802,-0.00583147043057,0.00284751621308
50.95,-0.0510988587979,-0.00597524581046,0.00289510290263
51.0,-0.0499851645749,-0.00611405863767,0.00293852224763
51.05,-0.0489144320059,-0.00624791707178,0.00297801640477
51.1,-0.0478844711694,-0.00637681930581,0.00301381112714
51.15,-0.0468932222926,-0.00650103469946,0.00304612497096
51.2,-0.0459387756159,-0.0066203368691,0.0030751537498
51.25,-0.0450192716985,-0.0067350357989,0.0031010917425
51.3,-0.0441330173708,-0.00684503499958,0.00312411369491
51.35,-0.0432783877436,-0.00695057445151,0.0031443850007
51.4,-0.0424538215632,-0.00705178565957,0.00316207803057
51.45,-0.0416578997,-0.00714870835648,0.00317733068528
51.5,-0.040889255482,-0.00724147561393,0.0031902842316
51.55,-0.0401465977819,-0.0073302079466,0.00320107067161
51.6,-0.039428706367,-0.00741511232217,0.00320981278063
51.65,-0.038734446177,-0.00749629515435,0.00321663128421
51.7,-0.0380627029549,-0.00757379371614,0.00322163771561
51.75,-0.0374124443082,-0.00764780993671,0.00322493859888
51.8,-0.0367827087507,-0.00771852088719,0.00322663113499
51.85,-0.0361727304158,-0.00778594239481,0.00322680885728
51.9,-0.0355814572577,-0.0078503025618,0.00322557045395
51.95,-0.0350080398927,-0.00791170748694,0.00322299343672
52.0,-0.0344517020231,-0.00797018533594,0.00321915651054
52.05,-0.0339116932275,-0.00802596253241,0.00321413444486
52.1,-0.0333872873012,-0.00807917561949,0.00320799782658
52.15,-0.0328778194132,-0.00812985293103,0.00320081768843
52.2,-0.0323826467078,-0.00817811815316,0.00319265560674
52.25,-0.0319011580196,-0.00822408606824,0.00318357357751
52.3,-0.0314327724818,-0.0082678631751,0.00317362867277
52.35,-0.0309769378373,-0.0083095583006,0.00316287272016
52.4,-0.0305331286844,-0.00834925790396,0.00315136837151
52.45,-0.0301008462364,-0.00838704654076,0.0031391561527
52.5,-0.029679615609,-0.00842300973948,0.00312628299783
52.55,-0.0292689851276,-0.00845721177438,0.00311279215482
52.6,-0.028868525292,-0.00848980128551,0.00309872290147
52.65,-0.0284778331395,-0.00852084181579,0.00308411851978
52.7,-0.0280965119681,-0.00855033305162,0.00306901475561
52.75,-0.027724192074,-0.00857832962474,0.00305344809493
52.8,-0.0273605218712,-0.00860504206422,0.0030374514549
52.85,-0.027005305292,-0.00863043010913,0.00302105344544
52.9,-0.0266580771362,-0.00865448231328,0.00300429533505
52.95,-0.026318535482,-0.00867747759934,0.00298719728926
53.0,-0.0259863943593,-0.00869925319162,0.00296978632681
53.05,-0.0256613747871,-0.00871996886548,0.00295208760369
53.1,-0.0253432187818,-0.00873966160395,0.00293412247516
53.15,-0.0250316722994,-0.00875833702252,0.00291591842423
53.2,-0.0247265022098,-0.00877611480736,0.00289749407457
53.25,-0.0244274779207,-0.00879295921444,0.00287887129228
53.3,-0.0241343880038,-0.00880896748785,0.00286006830384
53.35,-0.0238470235765,-0.00882416398947,0.00284110113962
53.4,-0.0235651921684,-0.00883852892119,0.00282199632222
53.45,-0.0232887054246,-0.00885223782852,0.0028027626269
53.5,-0.0230173877235,-0.00886513315944,0.0027834155075
53.55,-0.0227510708256,-0.00887742977491,0.00276396855278
53.6,-0.0224895898968,-0.00888905192775,0.00274443359975
53.65,-0.0222327937753,-0.0088999727726,0.0027248270718
53.7,-0.0219805365462,-0.00891042228098,0.00270515868906
53.75,-0.0217326746769,-0.00892024567005,0.00268544118508
53.8,-0.0214890773947,-0.00892946063951,0.00266568444844
53.85,-0.0212497239301,-0.00893824716996,0.00264589614523
53.9,-0.0210143798169,-0.00894652444859,0.00262609528715
53.95,-0.0207829311968,-0.00895427074905,0.00260628342779
54.0,-0.0205552674799,-0.00896155568881,0.00258646929755
54.05,-0.0203312809562,-0.00896848155436,0.00256666032844
54.1,-0.0201108708803,-0.00897494059189,0.00254686188379
54.15,-0.0198939404256,-0.00898095371421,0.00252708456041
54.2,-0.0196803970587,-0.00898654051869,0.00250733278477
54.25,-0.0194701520441,-0.0089918451425,0.00248761358776
54.3,-0.0192631180461,-0.00899675713842,0.00246793253093
54.35,-0.0190592149027,-0.0090012897268,0.00244829269521
54.4,-0.0188583644402,-0.00900545845769,0.00242870754463
54.45,-0.0186604920327,-0.00900927783049,0.00240917522073
54.5,-0.0184655257353,-0.00901284672523,0.00238970053912
54.55,-0.0182733948211,-0.00901610565193,0.00237028727153
54.6,-0.018084033756,-0.00901904968905,0.00235093741193
54.65,-0.0178973786841,-0.00902169046848,0.00233165799888
54.7,-0.0177133683301,-0.00902403889334,0.00231245052353
54.75,-0.017531943638,-0.00902610526385,0.00229331902019
54.8,-0.0173530477789,-0.00902790685116,0.00227426605476
54.85,-0.017176711152,-0.00902950946193,0.00225529249631
54.9,-0.0170027926208,-0.0090308540626,0.00223640875674
54.95,-0.0168312416536,-0.00903194875352,0.00221761116781
55.0,-0.0166620092301,-0.00903280126281,0.0021989023152
55.05,-0.0164950480338,-0.00903341886992,0.00218028375241
55.1,-0.0163303123329,-0.00903380844492,0.00216175575755
55.15,-0.0161677578577,-0.00903397648978,0.00214332325296
55.2,-0.0160073419214,-0.00903392908619,0.00212498614489
55.25,-0.0158490231487,-0.0090336719935,0.00210674675719
55.3,-0.0156927615132,-0.00903321062868,0.00208860613991
55.35,-0.0155385182275,-0.00903256252972,0.00207056378608
55.4,-0.0153862552721,-0.00903175733981,0.00205262806514
55.45,-0.0152359364105,-0.00903075945523,0.00203479451603
55.5,-0.0150875262917,-0.00902958274914,0.00201706447534
55.55,-0.0149409905372,-0.0090282265618,0.00199943839753
55.6,-0.0147962957735,-0.00902668998601,0.00198191561709
55.65,-0.0146534095468,-0.00902497667061,0.00196449977253
55.7,-0.014512300406,-0.00902309000997,0.00194718995195
55.75,-0.0143729376945,-0.00902103322566,0.00192998750434
55.8,-0.0142352915988,-0.00901880934111,0.00191289265434
55.85,-0.0140994035347,-0.00901642120866,0.00189590424143
55.9,-0.0139651727772,-0.00901387175736,0.00187902928919
55.95,-0.0138325719646,-0.00901116343353,0.00186226308967
56.0,-0.0137015742309,-0.00900829861607,0.00184560627916
56.05,-0.0135721533704,-0.00900527954019,0.00182905871144
56.1,-0.0134442837859,-0.00900210831679,0.0018126192506
56.15,-0.0133179404311,-0.00899878695456,0.00179629072945
56.2,-0.0131930989213,-0.00899531730519,0.00178007184651
56.25,-0.0130697353707,-0.00899170113388,0.00176396339295
56.3,-0.0129478264424,-0.00898794009279,0.00174796515624
56.35,-0.0128273492947,-0.00898403574234,0.00173207568121
56.4,-0.0127082815238,-0.0089799895759,0.00171630095829
56.45,-0.0125906013827,-0.00897580290976,0.00170063633677
56.5,-0.0124742874221,-0.00897147705329,0.0016850820663
56.55,-0.0123593186347,-0.00896701323721,0.00166963769978
56.6,-0.0122456744176,-0.00896241262912,0.00165430190371
56.65,-0.0121333345324,-0.00895767635164,0.00163907698229
56.7,-0.0120222792029,-0.00895280543011,0.0016239614817
56.75,-0.011912488986,-0.00894781671424,0.00160895587136
56.8,-0.0118039445253,-0.00894271350151,0.00159405975238
56.85,-0.0116966856471,-0.00893748058334,0.00157927156029
56.9,-0.0115906340139,-0.00893213106533,0.00156459658088
56.95,-0.0114857716559,-0.00892665687648,0.00155003037596
57.0,-0.0113820808478,-0.00892106066917,0.00153557297858
57.05,-0.0112795441703,-0.00891534702563,0.00152122379755
57.1,-0.0111781444733,-0.0089095076653,0.0015069814455
57.15,-0.0110778649198,-0.00890354327106,0.00149284785077
57.2,-0.0109786890179,-0.00889745446807,0.00147882152626
57.25,-0.0108806005191,-0.00889124187939,0.00146490274342
57.3,-0.0107835834604,-0.00888490610085,0.00145109095834
57.35,-0.010687622136,-0.00887844771598,0.00143738461322
57.4,-0.0105927010655,-0.00887189777507,0.00142378834379
57.45,-0.0104988046855,-0.00886525496314,0.00141029802685
57.5,-0.0104059182082,-0.00885849315211,0.00139691354421
57.55,-0.01031402693,-0.00885161286972,0.0013836342321
57.6,-0.0102231163771,-0.00884461464289,0.00137045870454
57.65,-0.0101331722834,-0.0088374990106,0.00135738859965
57.7,-0.0100441806637,-0.00883026647783,0.00134442245292
57.75,-0.00995612773042,-0.00882291756569,0.00133156040149
57.8,-0.00986899993119,-0.00881545278734,0.00131880184382
57.85,-0.00978283281669,-0.00880791215683,0.00130614525936
57.9,-0.00969756266482,-0.00880029201531,0.00129359484908
57.95,-0.00961317687379,-0.00879255954288,0.00128114669076
58.0,-0.0095296627679,-0.00878471525637,0.00126880059308
58.05,-0.00944700788235,-0.00877675967492,0.00125655585314
58.1,-0.00936519994897,-0.00876869332868,0.00124441111363
58.15,-0.00928422687932,-0.00876051676974,0.0012323677642
58.2,-0.00920407682581,-0.00875223567668,0.0012204243784
58.25,-0.00912473770832,-0.00874392584296,0.00120858103261
58.3,-0.00904619808854,-0.00873550919911,0.00119683708175
58.35,-0.00896844669095,-0.00872698630035,0.0011851910504
58.4,-0.00889147240684,-0.0087183649797,0.00117364657157
58.45,-0.00881526437278,-0.00870964622375,0.00116220001838
58.5,-0.00873981183934,-0.00870082376744,0.00115085112832
58.55,-0.00866510427549,-0.00869195053704,0.00113959917146
58.6,-0.00859113070584,-0.00868302945444,0.00112844289826
58.65,-0.00851788112574,-0.00867400734716,0.00111738345444
58.7,-0.00844534556744,-0.00866488481348,0.00110641945319
58.75,-0.00837351421882,-0.00865566247583,0.00109555082693
58.8,-0.00830237744941,-0.00864634095912,0.00108477690111
58.85,-0.00823196693535,-0.00863695574656,0.00107409624629
58.9,-0.00816223077517,-0.00862754142157,0.00106351214712
58.95,-0.00809316006933,-0.00861803152927,0.00105302120255
59.0,-0.00802474588043,-0.008608426719,0.00104262307749
59.05,-0.00795697943631,-0.00859872764525,0.00103231701703
59.1,-0.00788985211993,-0.00858893497396,0.00102210172942
59.15,-0.00782335545753,-0.00857911922694,0.00101197817961
59.2,-0.00775748048456,-0.00856925205959,0.00100194510108
59.25,-0.0076922193301,-0.00855929481913,0.000992002308443
59.3,-0.0076275640109,-0.00854924818033,0.000982149099444
59.35,-0.00756350668923,-0.00853911282606,0.00097238408904
59.4,-0.00750003965864,-0.00852891490832,0.000962710083629
59.45,-0.00743715491364,-0.00851872000124,0.000953123992504
59.5,-0.0073748451518,-0.00850843983735,0.000943625412616
59.55,-0.00731310311898,-0.00849807510278,0.000934213572956
59.6,-0.00725192169418,-0.0084876264904,0.000924887217565
59.65,-0.00719129387916,-0.00847709697333,0.000915647133319
59.7,-0.00713121248983,-0.00846660318824,0.000906492057028
59.75,-0.00707167066775,-0.00845602903038,0.000897421782789
59.8,-0.00701266191053,-0.00844537510999,0.000888435582213
59.85,-0.00695421451441,-0.00843464211503,0.000879532119701
59.9,-0.00689628664981,-0.00842383349173,0.000870713865509
59.95,-0.00683887214568,-0.00841308142562,0.000861977889473
60.0,-0.00678196408043,-0.00840225623979,0.000853323858914
60.05,-0.00672555690719,-0.00839136616962,0.000844750948306
60.1,-0.00666964474964,-0.00838040504985,0.000836257947689
60.15,-0.00661422185487,-0.00836938036959,0.000827845492637
60.2,-0.00655928217831,-0.00835840149965,0.000819512380023
60.25,-0.00650482024411,-0.00834735157934,0.000811258329409
60.3,-0.00645083065227,-0.00833623126139,0.000803082617427
60.35,-0.00639730810124,-0.0083250411979,0.00079498396487
60.4,-0.00634424737754,-0.00831381847732,0.000786964521363
60.45,-0.00629164290687,-0.00830262311074,0.000779021629447
60.5,-0.00623948979782,-0.0082913610502,0.000771154815473
60.55,-0.0061877831414,-0.00828003292288,0.000763363311889
60.6,-0.00613651811535,-0.00826863935467,0.00075564595754
60.65,-0.00608568997664,-0.00825725607068,0.000748003262794
60.7,-0.00603529349054,-0.00824586889065,0.00074043410432
60.75,-0.00598532432025,-0.00823441920306,0.000732938145718
60.8,-0.00593577799524,-0.00822290760288,0.000725514674846
60.85,-0.00588667954089,-0.00821133468185,0.000718162478871
60.9,-0.00583799461714,-0.00819982527344,0.000710883453497
60.95,-0.00578971831401,-0.0081882698595,0.00070367517461
61.0,-0.00574184682885,-0.00817665597551,0.000696537131046
61.05,-0.00569437608666,-0.00816498418166,0.000689468577325
61.1,-0.0056473020792,-0.00815329775589,0.000682468413888
61.15,-0.005600620387,-0.00814165150981,0.0006755371096
61.2,-0.00555432726697,-0.00812994999549,0.000668673521741
61.25,-0.00550841891827,-0.00811819374693,0.000661877323531
61.3,-0.0054628916051,-0.0081063832876,0.000655147826351
61.35,-0.00541774165042,-0.00809462450967,0.000648483890791
61.4,-0.00537296481865,-0.00808284911773,0.000641887251255
61.45,-0.00532855784936,-0.00807103414837,0.000635355566401
61.5,-0.00528451721737,-0.0080591696201,0.00062888837599
61.55,-0.00524083947941,-0.00804729166132,0.000622484968429
61.6,-0.00519752081888,-0.00803548185736,0.000616144365517
61.65,-0.00515455796596,-0.00802362320359,0.000609866893136
61.7,-0.00511194765099,-0.00801171615993,0.000603651496457
61.75,-0.00506968664649,-0.00799976118894,0.000597497845847
61.8,-0.00502777177459,-0.00798786178471,0.000591405286147
61.85,-0.00498622425928,-0.00797595702998,0.00058537282519
61.9,-0.00494501584639,-0.00796400666023,0.000579401905947
61.95,-0.004904143527,-0.00795201107996,0.000573490413852
62.0,-0.00486360431586,-0.0079400040567,0.000567637900419
62.05,-0.00482339487971,-0.0079280647006,0.00056184374211
62.1,-0.00478351239925,-0.00791608223572,0.000556106970558
62.15,-0.00474395401422,-0.00790405707628,0.000550427859769
62.2,-0.00470471691059,-0.00789198961651,0.000544805431949
62.25,-0.00466579830599,-0.00787998998306,0.000539239364667
62.3,-0.00462719492223,-0.0078679857877,0.000533729108281
62.35,-0.00458890429458,-0.00785594126979,0.00052827365181
62.4,-0.00455092375154,-0.00784385681361,0.000522874295355
62.45,-0.004513250673,-0.00783177414381,0.000517529109398
62.5,-0.00447588207863,-0.0078197578739,0.000512237715148
62.55,-0.00443881549323,-0.00780770352262,0.000506999475081
62.6,-0.00440204838527,-0.00779561144508,0.000501813504434
62.65,-0.00436557824899,-0.00778348199848,0.000496680031881
62.7,-0.00432940261468,-0.00777143488735,0.000491598157254
62.75,-0.00429351852595,-0.00775937966845,0.000486567635542
62.8,-0.0042579238117,-0.00774728885306,0.000481587864642
62.85,-0.00422263719402,-0.00773516277054,0.000476657942453
62.9,-0.0041876348014,-0.00772305193742,0.000471779031411
62.95,-0.00415291395862,-0.00771101202132,0.00046694942064
63.0,-0.00411847245807,-0.00769894420912,0.000462168700567
63.05,-0.00408430802619,-0.0076868450569,0.000457436292575
63.1,-0.0040504184191,-0.00767472335164,0.00045275138511
63.15,-0.00401680139797,-0.00766269607504,0.000448114173518
63.2,-0.00398345428785,-0.00765065812957,0.000443523892943
63.25,-0.0039503751551,-0.00763858892964,0.000438980223351
63.3,-0.00391756185899,-0.00762648876416,0.000434482635862
63.35,-0.00388501227899,-0.00761441283629,0.000430030305151
63.4,-0.00385272396858,-0.00760239993263,0.000425624307192
63.45,-0.00382069496168,-0.00759035758915,0.000421263034476
63.5,-0.00378892320614,-0.00757828608226,0.000416946116514
63.55,-0.00375740666953,-0.00756618568391,0.000412673020569
63.6,-0.00372614333739,-0.00755418506139,0.000408443004918
63.65,-0.00369513076478,-0.00754217634024,0.000404256290574
63.7,-0.00366436719805,-0.00753014019945,0.000400112097286
63.75,-0.00363385068504,-0.00751807690077,0.000396010153939
63.8,-0.00360357929208,-0.00750603870307,0.000391949975589
63.85,-0.0035735686505,-0.00749407002028,0.000387930848989
63.9,-0.00354379874656,-0.0074820756637,0.000383953691008
63.95,-0.00351426771748,-0.00747005586278,0.00038001705514
64.0,-0.00348497370816,-0.00745801086345,0.000376120600251
64.05,-0.00345591487965,-0.00744606115643,0.000372263839112
64.1,-0.00342708901046,-0.0074341146996,0.000368446146024
64.15,-0.00339849448076,-0.00742214440221,0.000364667639978
64.2,-0.00337012950602,-0.00741015049596,0.00036092763521
64.25,-0.00334199231404,-0.0073981715044,0.000357225881424
64.3,-0.00331408088334,-0.00738627859548,0.000353561968911
64.35,-0.00328639353441,-0.00737436338378,0.000349935205995
64.4,-0.00325892854332,-0.00736242610169,0.000346346420854
64.45,-0.00323168420817,-0.00735047039628,0.000342794303977
64.5,-0.00320465882901,-0.00733860196602,0.000339278543653
64.55,-0.0031778503763,-0.00732675970257,0.000335798739796
64.6,-0.00315125732852,-0.00731490668691,0.000332354260297
64.65,-0.00312487802239,-0.00730303506876,0.000328945230685
64.7,-0.00309871082183,-0.00729115453019,0.000325571028599
64.75,-0.00307275389765,-0.00727938926599,0.000322231450329
64.8,-0.00304700566179,-0.00726760486034,0.000318926089794
64.85,-0.00302147962278,-0.00725580152326,0.000315654325768
64.9,-0.00299615881198,-0.00724397952459,0.000312416904191
64.95,-0.00297104167123,-0.00723220365573,0.000309212640369
65.0,-0.00294612638568,-0.007220490924,0.000306041282429
65.05,-0.00292141150445,-0.00720876068737,0.000302902415386
65.1,-0.00289689550439,-0.00719701314812,0.000299795481823
65.15,-0.002872576872,-0.00718524851136,0.000296720590486
65.2,-0.00284845410743,-0.0071735801282,0.000293677176922
65.25,-0.00282452541242,-0.00716192735146,0.000290665070238
65.3,-0.00280078945279,-0.00715025860777,0.000287683885662
65.35,-0.00277724476582,-0.00713857409187,0.000284733060325
65.4,-0.0027538898977,-0.00712688685023,0.000281813262467
65.45,-0.00273072323069,-0.00711531565409,0.000278923444161
65.5,-0.0027077433537,-0.00710372977822,0.000276063343458
65.55,-0.00268494885088,-0.00709212941185,0.000273232593438
65.6,-0.00266233831594,-0.00708051474426,0.000270430689308
65.65,-0.00263991035131,-0.0070689376442,0.000267657727241
65.7,-0.00261766335811,-0.0070574384914,0.000264913223419
65.75,-0.00259559602297,-0.00704592610664,0.000262196978624
65.8,-0.00257370698443,-0.00703440067315,0.000259508659931
65.85,-0.00255200764396,-0.00702286237395,0.000256847757957
65.9,-0.0025304836624,-0.00701139630739,0.000254214875625
65.95,-0.00250913347612,-0.00699997561677,0.000251609075722
66.0,-0.00248795586051,-0.0069885547599,0.000249030110496
66.05,-0.00246694949713,-0.00697712266223,0.000246477648987
66.1,-0.00244611308814,-0.006965685161,0.000243951234375
66.15,-0.00242544533797,-0.00695435357489,0.000241450952731
66.2,-0.00240494471062,-0.00694304053952,0.000238976374628
66.25,-0.00238461005517,-0.00693171709136,0.000236527310938
66.3,-0.00236444011489,-0.00692038340266,0.00023410345999
66.35,-0.00234443364132,-0.00690903964553,0.00023170436097
66.4,-0.00232458939348,-0.00689781924934,0.000229330554966
66.45,-0.00230490588293,-0.00688659656601,0.000226981201432
66.5,-0.00228538202113,-0.00687536477426,0.000224656069577
66.55,-0.00226601659772,-0.00686412404204,0.00022235485842
66.6,-0.00224680841023,-0.00685288396211,0.000220077154847
66.65,-0.00222775612804,-0.00684176496749,0.000217823052301
66.7,-0.00220885857893,-0.00683063797408,0.000215592131114
66.75,-0.00219011458898,-0.00681950314742,0.000213384233108
66.8,-0.0021715229925,-0.00680836065074,0.000211199085358
66.85,-0.00215309339157,-0.00679722948791,0.00020903627139
66.9,-0.00213481353579,-0.00678621007097,0.000206896297426
66.95,-0.0021166823091,-0.00677518392652,0.000204778371661
67.0,-0.00209869858372,-0.00676415121451,0.000202682300213
67.05,-0.00208086123948,-0.00675311209347,0.000200607810846
67.1,-0.00206316916346,-0.00674208830361,0.000198554530182
67.15,-0.00204562111837,-0.00673117341298,0.000196522543113
67.2,-0.00202821602919,-0.00672025299294,0.000194511469046
67.25,-0.00201095280913,-0.00670932719967,0.000192521164679
67.3,-0.00199383037892,-0.00669839618721,0.000190551383209
67.35,-0.00197684766634,-0.00668747760156,0.000188601748333
67.4,-0.00196000348488,-0.00667667178105,0.000186672714957
67.45,-0.00194329679656,-0.00666586158401,0.000184763568381
67.5,-0.00192672655419,-0.00665505477385,0.000182874133253
67.55,-0.00191029171178,-0.00664424769838,0.0001810041643
67.6,-0.00189399123328,-0.00663344569973,0.000179153324592
67.65,-0.00187782398438,-0.00662277513491,0.000177321688986
67.7,-0.00186178894899,-0.00661210134044,0.000175508915959
67.75,-0.00184588511849,-0.0066014244637,0.000173714875794
67.8,-0.00183011149117,-0.00659074465011,0.000171939345406
67.85,-0.00181447613979,-0.00658006204494,0.000170181984869
67.9,-0.00179896883682,-0.00656949678474,0.000168443191028
67.95,-0.00178358842445,-0.00655894155415,0.000166722344162
68.0,-0.00176833402121,-0.0065483843455,0.000165019274202
68.05,-0.00175320466404,-0.00653782529961,0.000163333758784
68.1,-0.00173819939617,-0.00652726455731,0.000161665493214
68.15,-0.00172331726676,-0.00651679531736,0.000160014532134
68.2,-0.00170855717992,-0.00650636239333,0.000158380587268
68.25,-0.00169391826623,-0.00649592852942,0.000156763532838
68.3,-0.00167939959751,-0.00648549386195,0.000155163167319
68.35,-0.00166500025168,-0.00647505852702,0.000153579183758
68.4,-0.00165071931236,-0.00646468148466,0.000152011939323
68.45,-0.00163655574923,-0.00645437426095,0.00015046086943
68.5,-0.0016225087008,-0.00644406709081,0.000148925825692
68.55,-0.00160857727242,-0.00643376010636,0.000147406607318
68.6,-0.00159476057528,-0.00642345343967,0.000145902939225
68.65,-0.0015810577262,-0.00641316442281,0.000144414870623
68.7,-0.00156746775929,-0.00640298601315,0.000142942135045
68.75,-0.00155398981728,-0.00639280861905,0.000141484625139
68.8,-0.00154062303794,-0.00638263236801,0.00014004215896
68.85,-0.00152737419787,-0.00637245738722,0.000138614459407
68.9,-0.00151423466936,-0.00636228383386,0.000137201849397
68.95,-0.00150120361052,-0.00635220497284,0.000135803804904
69.0,-0.00148828005618,-0.00634216422329,0.000134420213741
69.05,-0.00147546323111,-0.00633213247608,0.000133050887552
69.1,-0.00146275230791,-0.0063221029468,0.000131695578506
69.15,-0.00145014646857,-0.00631208515845,0.000130354330949
69.2,-0.00143764489582,-0.006302105351,0.000129026894418
69.25,-0.00142524669442,-0.00629221689337,0.000127713185258
69.3,-0.00141295108589,-0.00628233141956,0.000126413036528
69.35,-0.00140075727707,-0.00627244904691,0.000125126198034
69.4,-0.00138866447986,-0.00626256989407,0.000123852960674
69.45,-0.00137667191262,-0.00625269407105,0.000122592851412
69.5,-0.0013647787981,-0.00624291212457,0.000121345753772
69.55,-0.00135298425263,-0.00623316519134,0.000120111519198
69.6,-0.00134128756077,-0.00622342218715,0.000118889917018
69.65,-0.00132968796305,-0.0062136832259,0.000117680987298
69.7,-0.00131818470558,-0.00620394841758,0.000116484503344
69.75,-0.00130677703934,-0.00619423321334,0.000115300379136
69.8,-0.00129546415273,-0.00618462682112,0.000114128475708
69.85,-0.00128425173516,-0.00617502515159,0.000112968566214
69.9,-0.00127313251604,-0.00616542833725,0.000111820913796
69.95,-0.00126210577123,-0.00615583647876,0.000110685091462
70.0,-0.00125117078077,-0.00614624968164,0.000109560994125
70.05,-0.00124032682963,-0.00613671822187,0.00010844847438
70.1,-0.00122957312799,-0.00612725970469,0.000107347340759
70.15,-0.00121890899683,-0.00611780678611,0.00010625762627
70.2,-0.00120833373788,-0.0061083595662,0.00010517912632
70.25,-0.0011978466574,-0.00609891814591,0.000104111763337
70.3,-0.0011874470665,-0.00608948262474,0.000103055403816
70.35,-0.00117713428098,-0.00608012668022,0.000102009844229
70.4,-0.00116690753631,-0.00607081908456,0.000100975333495
70.45,-0.00115676619409,-0.00606151788777,9.99514816632e-05
70.5,-0.00114670958598,-0.00605222381481,9.89381939745e-05
70.55,-0.00113673704801,-0.0060429460728,9.79353374937e-05
70.6,-0.00112684791679,-0.00603367502763,9.69427304429e-05
70.65,-0.00111704153771,-0.00602450239247,9.59604059266e-05
70.7,-0.00110731717408,-0.00601536831303,9.49881911806e-05
70.75,-0.00109767421813,-0.00600624141344,9.40260114755e-05
70.8,-0.00108811203083,-0.00599712178322,9.30737463577e-05
70.85,-0.00107863536806,-0.00598800951145,9.21312121276e-05
70.9,-0.00106923810739,-0.0059789047077,9.1198623789e-05
70.95,-0.00105991962488,-0.0059698935012,9.02756335796e-05
71.0,-0.00105067922142,-0.00596091545783,8.93621668533e-05
71.05,-0.00104151631827,-0.00595194531456,8.84580988747e-05
71.1,-0.00103243030549,-0.00594298315538,8.75632650679e-05
71.15,-0.00102342057725,-0.00593402906477,8.66776954748e-05
71.2,-0.00101448653218,-0.00592508312419,8.58012236831e-05
71.25,-0.00100562757296,-0.00591622052723,8.49337868836e-05
71.3,-0.000996843036865,-0.00590740047063,8.40752860249e-05
71.35,-0.000988132365638,-0.00589858896914,8.3225551409e-05
71.4,-0.000979494975795,-0.00588978610218,8.23847771634e-05
71.45,-0.000970930288454,-0.00588099194326,8.15526493392e-05
71.5,-0.000962437728361,-0.00587220656925,8.07290911104e-05
71.55,-0.000954016724319,-0.00586348286077,7.99139944691e-05
71.6,-0.000945666652106,-0.00585482233027,7.91072188188e-05
71.65,-0.000937386969182,-0.00584617096001,7.8308788876e-05
71.7,-0.000929177117777,-0.00583752882165,7.75185544948e-05
71.75,-0.000921036543923,-0.00582889598727,7.67364591267e-05
71.8,-0.000912964697604,-0.00582027252773,7.59624050037e-05
71.85,-0.00090496555525,-0.00581167773543,7.51962427303e-05
71.9,-0.000897033924808,-0.00580317795191,7.44381539462e-05
71.95,-0.000889169277319,-0.00579468790033,7.36878542881e-05
72.0,-0.0008813710806,-0.00578620764731,7.29452745312e-05
72.05,-0.000873638806243,-0.00577774476854,7.22103172757e-05
72.1,-0.000865971927101,-0.00576929422987,7.14828490427e-05
72.15,-0.000858369921418,-0.005760856743,7.07628949834e-05
72.2,-0.000850832271134,-0.00575251191595,7.00503198991e-05
72.25,-0.000843358404448,-0.00574420315193,6.93450809599e-05
72.3,-0.00083594783768,-0.00573590471623,6.86470866125e-05
72.35,-0.000828600065905,-0.00572761666897,6.79562020192e-05
72.4,-0.000821314587692,-0.00571933907062,6.72725862053e-05
72.45,-0.00081409090554,-0.00571107197681,6.65959833461e-05
72.5,-0.000806928525207,-0.00570283392746,6.59263312172e-05
72.55,-0.000799826920736,-0.00569468797587,6.52635469379e-05
72.6,-0.000792785611688,-0.00568655280825,6.46075089864e-05
72.65,-0.000785804115369,-0.00567842848025,6.39582401964e-05
72.7,-0.00077888195267,-0.00567031504516,6.33156184572e-05
72.75,-0.000772018647835,-0.00566221255654,6.26795980944e-05
72.8,-0.000765213728555,-0.00565412106685,6.20500997645e-05
72.85,-0.000758470516375,-0.00564608749364,6.14270019433e-05
72.9,-0.00075178464329,-0.00563811572751,6.08104543848e-05
72.95,-0.000745155662784,-0.00563015521931,6.0200224221e-05
73.0,-0.000738583117977,-0.00562220601743,5.95962554133e-05
73.05,-0.000732066555279,-0.00561426816943,5.89984689014e-05
73.1,-0.000725605524352,-0.00560634172246,5.8406755867e-05
73.15,-0.000719199578044,-0.0055984267238,5.7821137291e-05
73.2,-0.000712848272551,-0.00559058303815,5.72415031201e-05
73.25,-0.000706551126827,-0.00558278616504,5.66678179452e-05
73.3,-0.000700307720419,-0.00557500095601,5.61000080413e-05
73.35,-0.000694117619961,-0.00556722745345,5.55379637475e-05
73.4,-0.000687980395166,-0.00555946569997,5.49818155609e-05
73.45,-0.000681895619108,-0.00555171573415,5.44313549436e-05
73.5,-0.000675862867772,-0.00554397759659,5.38865315638e-05
73.55,-0.000669881720239,-0.00553631321454,5.33472742695e-05
73.6,-0.000663951720961,-0.00552870093108,5.28134901906e-05
73.65,-0.000658072469163,-0.00552110094225,5.22851966896e-05
73.7,-0.000652243553959,-0.00551352149468,5.17622944653e-05
73.75,-0.000646464565457,-0.00550595416122,5.12447469631e-05
73.8,-0.000640735098857,-0.00549839897692,5.07324898117e-05
73.85,-0.000635057926027,-0.00549085597644,5.02254241449e-05
73.9,-0.000629429414137,-0.00548336557373,4.97236683797e-05
73.95,-0.000623849138443,-0.00547593708184,4.9227038341e-05
74.0,-0.000618316716958,-0.00546852094083,4.87354873875e-05
74.05,-0.000612831761084,-0.00546111718125,4.82489513581e-05
74.1,-0.000607393885058,-0.00545372583324,4.77673417475e-05
74.15,-0.000602002705909,-0.005446346927,4.72906761976e-05
74.2,-0.000596657843557,-0.00543898049094,4.68188651859e-05
74.25,-0.00059135892068,-0.00543163503202,4.63518756942e-05
74.3,-0.000586105542279,-0.00542438103823,4.58896526452e-05
74.35,-0.000580897339152,-0.00541713964501,4.5432106559e-05
74.4,-0.000575733942937,-0.00540991087825,4.4979344667e-05
74.45,-0.000570614988152,-0.00540269476059,4.4531196861e-05
74.5,-0.000565540111886,-0.00539549131619,4.40876224382e-05
74.55,-0.000560508953922,-0.00538830056855,4.36485636578e-05
74.6,-0.000555521156703,-0.0053811225408,4.32139407506e-05
74.65,-0.000550576365294,-0.00537400411578,4.2783769971e-05
74.7,-0.000545674201397,-0.00536693642047,4.23579742565e-05
74.75,-0.000540814325548,-0.0053598815474,4.19365226111e-05
74.8,-0.000535996391347,-0.00535283951597,4.15193628375e-05
74.85,-0.000531222709763,-0.00534581034513,4.11064144998e-05
74.9,-0.000526490234242,-0.00533879406317,4.06977749788e-05
74.95,-0.000521798626877,-0.00533179068596,4.0293290647e-05
75.0,-0.000517147552177,-0.00532480023075,3.98929249539e-05
75.05,-0.000512536677164,-0.00531789022175,3.94966259294e-05
75.1,-0.000507965643878,-0.00531101696572,3.91043255092e-05
75.15,-0.000503434135934,-0.00530415672063,3.87160370459e-05
75.2,-0.000498941828419,-0.00529731560654,3.83316877035e-05
75.25,-0.000494488397735,-0.00529048982728,3.79512510514e-05
75.3,-0.000490073523437,-0.00528367711115,3.75746801657e-05
75.35,-0.000485696887902,-0.00527687747033,3.72019025032e-05
75.4,-0.000481358175861,-0.00527009091707,3.68330063812e-05
75.45,-0.000477057074534,-0.00526338418742,3.64678530179e-05
75.5,-0.000472793248537,-0.00525670335212,3.61064130766e-05
75.55,-0.0004685664019,-0.0052500356513,3.57486380584e-05
75.6,-0.000464376229279,-0.00524338109353,3.53944630554e-05
75.65,-0.000460222427614,-0.0052367396874,3.50439018015e-05
75.7,-0.000456104696173,-0.00523011144012,3.46968886223e-05
75.75,-0.000452022736479,-0.00522349635894,3.43533997042e-05
75.8,-0.000447976252325,-0.00521689445041,3.40133927733e-05
75.85,-0.000443967168486,-0.00521035486487,3.36768024132e-05
75.9,-0.000439992912333,-0.00520385613759,3.33437116727e-05
75.95,-0.000436053203453,-0.00519737061473,3.30139939815e-05
76.0,-0.000432147755575,-0.00519089829982,3.26876197995e-05
76.05,-0.000428276284604,-0.00518443919582,3.2364546948e-05
76.1,-0.000424438508597,-0.00517799330543,3.20447169037e-05
76.15,-0.000420634147741,-0.00517156063129,3.17281423384e-05
76.2,-0.000416862924391,-0.00516514117483,3.14147640296e-05
76.25,-0.000413124562999,-0.00515874887026,3.11045606506e-05
76.3,-0.000409418777277,-0.00515242994007,3.07974959792e-05
76.35,-0.000405745298387,-0.00514612423102,3.04935106615e-05
76.4,-0.000402103857451,-0.00513983174245,3.0192677489e-05
76.45,-0.000398494187721,-0.00513355247153,2.98948831059e-05
76.5,-0.000394916024431,-0.0051272864164,2.96001009919e-05
76.55,-0.00039136910485,-0.00512103357474,2.93082931792e-05
76.6,-0.000387853168259,-0.0051148013902,2.90194068947e-05
76.65,-0.000384367954906,-0.00510858375453,2.87334539804e-05
76.7,-0.00038091320794,-0.00510241569614,2.84503810453e-05
76.75,-0.00037748865821,-0.00509630393084,2.81701710426e-05
76.8,-0.000374094057292,-0.00509020538193,2.78927891189e-05
76.85,-0.000370731007538,-0.00508412004348,2.76181819912e-05
76.9,-0.000367397372329,-0.00507804791588,2.73464158258e-05
76.95,-0.000364092905673,-0.00507198899113,2.70773881572e-05
77.0,-0.000360817363427,-0.00506594326214,2.68110751628e-05
77.05,-0.000357570503338,-0.00505991072136,2.65474426489e-05
77.1,-0.000354352085021,-0.00505389136102,2.62864430078e-05
77.15,-0.000351161869941,-0.0050479154071,2.6028087027e-05
77.2,-0.000347999609271,-0.00504199097059,2.57723282551e-05
77.25,-0.000344865072327,-0.00503607967509,2.55191489919e-05
77.3,-0.00034175802642,-0.00503018151023,2.52685183665e-05
77.35,-0.000338678240663,-0.00502429646539,2.50203883069e-05
77.4,-0.000335625485949,-0.00501842453,2.47748189215e-05
77.45,-0.000332599535006,-0.00501256569169,2.45317175803e-05
77.5,-0.000329600162289,-0.00500671993892,2.42910628947e-05
77.55,-0.000326627144016,-0.00500088725976,2.40528240773e-05
77.6,-0.000323680258148,-0.00499507428339,2.38169581836e-05
77.65,-0.000320759276181,-0.00498933353406,2.35834763513e-05
77.7,-0.000317863980603,-0.00498360580127,2.33523349535e-05
77.75,-0.000314994154825,-0.00497789107095,2.31235186336e-05
77.8,-0.000312149583958,-0.00497218932858,2.28969996038e-05
77.85,-0.000309331600686,-0.00496650055943,2.26727344859e-05
77.9,-0.000306538417942,-0.00496082475394,2.24507779538e-05
77.95,-0.000303769826303,-0.00495516189572,2.2231046248e-05
78.0,-0.000301025617953,-0.00494951196907,2.20135201617e-05
78.05,-0.000298305586713,-0.00494387495798,2.17981719687e-05
78.1,-0.000295609528021,-0.00493828144565,2.1584962922e-05
78.15,-0.000292937229294,-0.00493274172248,2.1373903609e-05
78.2,-0.00029028849181,-0.00492721580099,2.11649544196e-05
78.25,-0.000287663115988,-0.00492170957487,2.09581016139e-05
78.3,-0.00028506090323,-0.00491621618092,2.07533202681e-05
78.35,-0.000282481657212,-0.0049107356004,2.05505712224e-05
78.4,-0.00027992518315,-0.00490526781464,2.03499041674e-05
78.45,-0.000277391287834,-0.00489981280351,2.01512433405e-05
78.5,-0.000274879779552,-0.00489437054759,1.99545714858e-05
78.55,-0.000272390468115,-0.00488894102713,1.9759863623e-05
78.6,-0.000269923164838,-0.00488354504446,1.95670847792e-05
78.65,-0.000267477674949,-0.00487820116731,1.93762445406e-05
78.7,-0.000265053814974,-0.00487286993489,1.9187307169e-05
78.75,-0.0002626514009,-0.00486755132573,1.90002603478e-05
78.8,-0.000260270250178,-0.00486224531802,1.88150815424e-05
78.85,-0.000257911470631,-0.00485695188978,1.86317354024e-05
78.9,-0.000255573568907,-0.00485167102333,1.84502671469e-05
78.95,-0.000253256367155,-0.00484640269539,1.82706082367e-05
79.0,-0.000250959688917,-0.00484114688327,1.80927431733e-05
79.05,-0.000248683359143,-0.00483590356406,1.79166494527e-05
79.1,-0.000246427204179,-0.00483067271468,1.77422955076e-05
79.15,-0.000244191051752,-0.00482550387354,1.7569689176e-05
79.2,-0.00024197472197,-0.0048203553063,1.73987997974e-05
79.25,-0.000239778049794,-0.0048152191038,1.72296157175e-05
79.3,-0.000237600867244,-0.00481009524126,1.7062116641e-05
79.35,-0.000235443007684,-0.00480498369378,1.68962706483e-05
79.4,-0.000233304305806,-0.00479988443655,1.67321188674e-05
79.45,-0.000231184597654,-0.00479479744358,1.65695992796e-05
79.5,-0.000229083720565,-0.00478972268949,1.64086979635e-05
79.55,-0.000227001513189,-0.00478466014867,1.62493946422e-05
79.6,-0.000224937815469,-0.00477961178308,1.60916608167e-05
79.65,-0.000222892468479,-0.00477458179003,1.59355037478e-05
79.7,-0.000220865314265,-0.004769614642,1.57808946331e-05
79.75,-0.000218856188644,-0.00476466970775,1.56278247884e-05
79.8,-0.000216864940336,-0.00475973821649,1.54762754169e-05
79.85,-0.000214892489662,-0.00475481877096,1.53262177e-05
79.9,-0.000212937589731,-0.00474991134717,1.51776890737e-05
79.95,-0.000211000089816,-0.00474501591658,1.5030633399e-05
80.0,-0.000209079840392,-0.00474013245118,1.48850381624e-05
80.05,-0.000207176693143,-0.00473526092277,1.47408850835e-05
80.1,-0.000205290500952,-0.00473040130308,1.45981484215e-05
80.15,-0.000203421117889,-0.00472555356389,1.44568348535e-05
80.2,-0.000201568399214,-0.0047207176765,1.4316918298e-05
80.25,-0.000199732201357,-0.00471591928355,1.4178389926e-05
80.3,-0.000197912376622,-0.00471115882682,1.40412340602e-05
80.35,-0.000196108785705,-0.00470641009478,1.39054243868e-05
80.4,-0.00019432128864,-0.00470167305784,1.3770994973e-05
80.45,-0.000192549746613,-0.00469694768553,1.36378949957e-05
80.5,-0.000190794021926,-0.0046922339479,1.35061132107e-05
80.55,-0.000189053978002,-0.00468753181483,1.33756331399e-05
80.6,-0.000187329479379,-0.00468284125615,1.32464315336e-05
80.65,-0.000185620391692,-0.00467816224176,1.31185145566e-05
80.7,-0.000183926581682,-0.00467349474115,1.29918586475e-05
80.75,-0.000182247917173,-0.00466883872388,1.28664558981e-05
80.8,-0.000180584267074,-0.00466419415934,1.27422914767e-05
80.85,-0.000178936395603,-0.00465958596399,1.26193418641e-05
80.9,-0.000177303257785,-0.00465501322912,1.24976387717e-05
80.95,-0.000175684727659,-0.00465045181459,1.2377135945e-05
81.0,-0.000174080678734,-0.00464590168874,1.22578232775e-05
81.05,-0.000172490985553,-0.00464136281981,1.21396859114e-05
81.1,-0.000170915523687,-0.00463683517602,1.2022702841e-05
81.15,-0.000169354169724,-0.0046323261923,1.19068797565e-05
81.2,-0.000167806800841,-0.00462782886559,1.1792195431e-05
81.25,-0.000166273295635,-0.00462334645827,1.16786427814e-05
81.3,-0.000164753533518,-0.00461887872104,1.15662084669e-05
81.35,-0.000163247394911,-0.00461442207777,1.14548712561e-05
81.4,-0.000161754761426,-0.0046099764962,1.13446594057e-05
81.45,-0.000160275515658,-0.00460554194338,1.12355312406e-05
81.5,-0.000158809541162,-0.00460116043059,1.11274776853e-05
81.55,-0.000157356717699,-0.00459679404293,1.10204860599e-05
81.6,-0.000155916933166,-0.00459243854186,1.09145370298e-05
81.65,-0.000154490074073,-0.00458809389423,1.0809635842e-05
81.7,-0.000153076027867,-0.00458376006661,1.07057632488e-05
81.75,-0.000151674682925,-0.00457943702565,1.0602912898e-05
81.8,-0.000150285928549,-0.00457512473791,1.05010727299e-05
81.85,-0.000148910399138,-0.00457082316993,1.04002235229e-05
81.9,-0.000147547227229,-0.00456653229072,1.03003910192e-05
81.95,-0.000146196305065,-0.00456225206627,1.02015374614e-05
82.0,-0.000144857525773,-0.00455798246299,1.01036546888e-05
82.05,-0.000143530783369,-0.00455372344723,1.00067306217e-05
82.1,-0.000142215972747,-0.00454947498534,9.91074810996e-06
82.15,-0.000140912989673,-0.00454526445025,9.81571200669e-06
82.2,-0.000139621727408,-0.0045410804353,9.72160542894e-06
82.25,-0.000138342084869,-0.00453690682847,9.62842248176e-06
82.3,-0.000137073960483,-0.00453274359541,9.53615228816e-06
82.35,-0.000135817253521,-0.00452859070181,9.44477746576e-06
82.4,-0.00013457186409,-0.00452444811344,9.35432145949e-06
82.45,-0.000133337693137,-0.00452031579559,9.26475005303e-06
82.5,-0.000132114642431,-0.00451619371392,9.17605590603e-06
82.55,-0.000130902614557,-0.00451208183405,9.08822811833e-06
82.6,-0.000129701512916,-0.00450798012165,9.00125118308e-06
82.65,-0.000128511241714,-0.0045038934598,8.91512957661e-06
82.7,-0.000127331705746,-0.0044998197148,8.82984760481e-06
82.75,-0.000126162810703,-0.00449575756093,8.74540019142e-06
82.8,-0.000125004463125,-0.00449171106574,8.66177754175e-06
82.85,-0.000123857189144,-0.00448769856894,8.57896397648e-06
82.9,-0.00012272026325,-0.00448371277771,8.49698127479e-06
82.95,-0.000121593595661,-0.00447973689911,8.41579826251e-06
83.0,-0.00012047709632,-0.00447577089805,8.33540833189e-06
83.05,-0.000119370675925,-0.00447181473942,8.25580164076e-06
83.1,-0.000118274245922,-0.00446786838817,8.17696416116e-06
83.15,-0.000117187718501,-0.00446393180933,8.09890001734e-06
83.2,-0.000116111006589,-0.00446000496781,8.02159498044e-06
83.25,-0.000115044023845,-0.00445608782861,7.94504448012e-06
83.3,-0.000113986684654,-0.00445218035671,7.86923966707e-06
83.35,-0.000112938904121,-0.00444828251715,7.79416632143e-06
83.4,-0.000111900598064,-0.00444439427507,7.71984391388e-06
83.45,-0.000110871683017,-0.00444051559526,7.64624432984e-06
83.5,-0.000109852076213,-0.00443664644281,7.57336163109e-06
83.55,-0.000108841695582,-0.00443278678287,7.50118693972e-06
83.6,-0.000107840459748,-0.00442896277175,7.42970757334e-06
83.65,-0.000106848285703,-0.00442515994188,7.35892769545e-06
83.7,-0.000105865094469,-0.0044213664561,7.28883428294e-06
83.75,-0.000104890806769,-0.00441758227925,7.21942323632e-06
83.8,-0.000103925343994,-0.00441380737616,7.15068656729e-06
83.85,-0.000102969142794,-0.00441004171171,7.08261140647e-06
83.9,-0.000102021601293,-0.00440628525254,7.01521550136e-06
83.95,-0.000101082643012,-0.00440253796328,6.9484733551e-06
84.0,-0.000100152192112,-0.00439879980894,6.88237962154e-06
84.05,-9.9230173401e-05,-0.00439507075454,6.8169262824e-06
84.1,-9.83165123225e-05,-0.00439135076516,6.75210186108e-06
84.15,-9.74111349515e-05,-0.00438764231504,6.68790986824e-06
84.2,-9.65139679106e-05,-0.00438394788088,6.62433867094e-06
84.25,-9.56249383667e-05,-0.00438026242282,6.56138462208e-06
84.3,-9.47439742727e-05,-0.00437659221297,6.49904051377e-06
84.35,-9.38710039939e-05,-0.004372931553,6.43729473159e-06
84.4,-9.30059566898e-05,-0.0043693088045,6.37616345648e-06
84.45,-9.21487601504e-05,-0.00436570112783,6.31562387088e-06
84.5,-9.1299345728e-05,-0.0043621022244,6.25567101531e-06
84.55,-9.04576444393e-05,-0.00435851205913,6.19629764338e-06
84.6,-8.96235878879e-05,-0.00435493059702,6.13749336449e-06
84.65,-8.87971082598e-05,-0.00435135780319,6.07926141043e-06
84.7,-8.79781383206e-05,-0.0043477936427,6.021591236e-06
84.75,-8.71666114084e-05,-0.00434423808075,5.96447954359e-06
84.8,-8.6362461431e-05,-0.00434069108257,5.90791982172e-06
84.85,-8.55660504795e-05,-0.00433715261347,5.85190152449e-06
84.9,-8.47768776409e-05,-0.00433362264021,5.79643940125e-06
84.95,-8.39948786257e-05,-0.00433010112797,5.74151247087e-06
85.0,-8.32199896918e-05,-0.00432658804224,5.68711639965e-06
85.05,-8.24521476424e-05,-0.00432308334858,5.63324464459e-06
85.1,-8.16912898214e-05,-0.0043195870126,5.57988780335e-06
85.15,-8.09373541087e-05,-0.0043160990001,5.52704885756e-06
85.2,-8.01902789177e-05,-0.00431261927678,5.47471826297e-06
85.25,-7.9450003189e-05,-0.00430917575486,5.42289306385e-06
85.3,-7.87164647875e-05,-0.00430574509291,5.37156762977e-06
85.35,-7.79896044913e-05,-0.004302322577,5.3207322907e-06
85.4,-7.7269362832e-05,-0.00429890817291,5.27040049138e-06
85.45,-7.6555680854e-05,-0.00429550184623,5.22055319076e-06
85.5,-7.58485001061e-05,-0.00429210356283,5.17118648339e-06
85.55,-7.51477626396e-05,-0.00428871328866,5.12229445447e-06
85.6,-7.44534110036e-05,-0.00428533098977,5.07386858857e-06
85.65,-7.3765388241e-05,-0.00428195685491,5.0259116306e-06
85.7,-7.30836378805e-05,-0.00427859774732,4.978414936e-06
85.75,-7.24081037687e-05,-0.00427524652916,4.93137587686e-06
85.8,-7.17387304144e-05,-0.00427190727034,4.88478913924e-06
85.85,-7.10758179102e-05,-0.00426857850842,4.83864608743e-06
85.9,-7.04189495267e-05,-0.00426525755037,4.79295899398e-06
85.95,-6.97680713033e-05,-0.00426194436236,4.74771057711e-06
86.0,-6.91231297436e-05,-0.00425863891087,4.70289731853e-06
86.05,-6.84840718124e-05,-0.00425534116243,4.65851387207e-06
86.1,-6.78508449326e-05,-0.00425205108371,4.61455252576e-06
86.15,-6.72233969803e-05,-0.00424878776635,4.57101580806e-06
86.2,-6.6601675189e-05,-0.00424554291129,4.52789605892e-06
86.25,-6.59856287972e-05,-0.00424230558787,4.48519082257e-06
86.3,-6.53752070474e-05,-0.00423907576277,4.4428952938e-06
86.35,-6.47703596207e-05,-0.00423585340276,4.40100163176e-06
86.4,-6.41710366333e-05,-0.00423263847479,4.35952101664e-06
86.45,-6.35771886343e-05,-0.00422943094566,4.31843775765e-06
86.5,-6.29887666001e-05,-0.00422623078244,4.27774868203e-06
86.55,-6.24057219317e-05,-0.0042230379523,4.23744895403e-06
86.6,-6.1828006451e-05,-0.00421985242251,4.1975315854e-06
86.65,-6.12555723977e-05,-0.0042166741605,4.15799890244e-06
86.7,-6.06883724262e-05,-0.0042135031337,4.11884380777e-06
86.75,-6.01263596017e-05,-0.00421033930967,4.08006415913e-06
86.8,-5.95694873971e-05,-0.00420718265607,4.04165561432e-06
86.85,-5.90180046337e-05,-0.00420403314066,4.00361106908e-06
86.9,-5.8471564884e-05,-0.00420089073223,3.96594072317e-06
86.95,-5.79301229084e-05,-0.00419775539857,3.92863033044e-06
87.0,-5.73936338598e-05,-0.00419462710772,3.89167703182e-06
87.05,-5.68620532808e-05,-0.00419150582781,3.85507645493e-06
87.1,-5.6335337101e-05,-0.00418839152708,3.81882226861e-06
87.15,-5.58134416335e-05,-0.00418531091627,3.78291661536e-06
87.2,-5.52963225743e-05,-0.00418224311918,3.74735322155e-06
87.25,-5.47839374257e-05,-0.00417918413863,3.71213009566e-06
87.3,-5.42762436204e-05,-0.00417613399655,3.67724331436e-06
87.35,-5.3773198962e-05,-0.00417309527109,3.64268644079e-06
87.4,-5.32747615768e-05,-0.00417006332953,3.60846878818e-06
87.45,-5.27808900415e-05,-0.0041670381402,3.57457741487e-06
87.5,-5.22915432932e-05,-0.00416401967167,3.54100973934e-06
87.55,-5.18066806276e-05,-0.0041610078926,3.50776180282e-06
87.6,-5.13262616953e-05,-0.00415800277179,3.4748278639e-06
87.65,-5.08502464994e-05,-0.00415500427816,3.44220989121e-06
87.7,-5.03785953928e-05,-0.00415201238069,3.40990205175e-06
87.75,-4.99112690749e-05,-0.0041490270485,3.37790261386e-06
87.8,-4.94482285888e-05,-0.00414604825079,3.34620802399e-06
87.85,-4.89896801458e-05,-0.00414307595688,3.31481244107e-06
87.9,-4.85353358516e-05,-0.00414011013699,3.2837243503e-06
87.95,-4.80851578341e-05,-0.0041371507605,3.25293199644e-06
88.0,-4.76391085516e-05,-0.00413419779706,3.22243305143e-06
88.05,-4.71971507916e-05,-0.00413125121639,3.19222393356e-06
88.1,-4.67592476673e-05,-0.00412831098837,3.16229943838e-06
88.15,-4.63253626153e-05,-0.00412537708299,3.1326613777e-06
88.2,-4.5895459393e-05,-0.00412246570462,3.10330446312e-06
88.25,-4.5469501454e-05,-0.00411956930358,3.07422723758e-06
88.3,-4.50474534559e-05,-0.0041166791037,3.045426444e-06
88.35,-4.46292801159e-05,-0.00411379507515,3.01689678325e-06
88.4,-4.42149464612e-05,-0.00411091718822,2.98864599418e-06
88.45,-4.38044178264e-05,-0.00410804541319,2.96066339467e-06
88.5,-4.33976598502e-05,-0.00410517972058,2.9329468822e-06
88.55,-4.29946384731e-05,-0.00410232008098,2.90549321297e-06
88.6,-4.25953199352e-05,-0.00409946646513,2.87829766591e-06
88.65,-4.21996707732e-05,-0.00409661884391,2.85136190583e-06
88.7,-4.18076578185e-05,-0.00409378016776,2.82468113477e-06
88.75,-4.14192481532e-05,-0.00409095147693,2.79825395811e-06
88.8,-4.10344091367e-05,-0.00408812870929,2.77207747363e-06
88.85,-4.06533116381e-05,-0.00408531831215,2.74614687422e-06
88.9,-4.02757164135e-05,-0.00408251379556,2.7204692348e-06
88.95,-3.99015917945e-05,-0.00407971513067,2.69503484748e-06
89.0,-3.95309063912e-05,-0.00407692228887,2.66984181364e-06
89.05,-3.91636290902e-05,-0.00407413524166,2.64488719552e-06
89.1,-3.87997290524e-05,-0.00407135396066,2.62016671035e-06
89.15,-3.84391757108e-05,-0.00406857841763,2.59568188822e-06
89.2,-3.80819387678e-05,-0.00406580858438,2.57142837591e-06
89.25,-3.77279881936e-05,-0.00406304443288,2.5474049121e-06
89.3,-3.73772942231e-05,-0.0040602859352,2.52360886096e-06
89.35,-3.70298273545e-05,-0.00405754197989,2.50003586061e-06
89.4,-3.66855579645e-05,-0.0040548172623,2.47669241464e-06
89.45,-3.63444571927e-05,-0.00405209808709,2.45356968005e-06
89.5,-3.60064963229e-05,-0.00404938442658,2.4306659409e-06
89.55,-3.56716468927e-05,-0.0040466762532,2.40797853506e-06
89.6,-3.53398806915e-05,-0.0040439735395,2.38550357557e-06
89.65,-3.50111697581e-05,-0.00404127625818,2.36324246758e-06
89.7,-3.46854863787e-05,-0.00403858438199,2.34119125967e-06
89.75,-3.4362803085e-05,-0.00403589788386,2.31934881525e-06
89.8,-3.40430926519e-05,-0.00403321673677,2.2977127461e-06
89.85,-3.37264966447e-05,-0.00403054091387,2.27627909227e-06
89.9,-3.34128164643e-05,-0.00402787038891,2.25505373084e-06
89.95,-3.31020256519e-05,-0.00402520513516,2.23402863935e-06
90.0,-3.27940979824e-05,-0.00402254512607,2.21320226793e-06
90.05,-3.24890074633e-05,-0.00401989033524,2.19257220496e-06
90.1,-3.21867283327e-05,-0.00401724073635,2.17213492334e-06
90.15,-3.1887235057e-05,-0.00401459630325,2.15189171448e-06
90.2,-3.15905023293e-05,-0.00401195784402,2.13183899218e-06
90.25,-3.12965050588e-05,-0.0040093305463,2.11197573454e-06
90.3,-3.10052183242e-05,-0.00400670835181,2.09229978842e-06
90.35,-3.07166174893e-05,-0.00400409565822,2.07280755876e-06
90.4,-3.04306780923e-05,-0.00400148994885,2.05350441506e-06
90.45,-3.01473759156e-05,-0.00399888927957,2.03438306555e-06
90.5,-2.98666869761e-05,-0.00399629362477,2.01544210896e-06
90.55,-2.95885875043e-05,-0.00399370295893,1.99667935916e-06
90.6,-2.93130539419e-05,-0.00399111725665,1.97809161399e-06
90.65,-2.904006294e-05,-0.00398855446192,1.95968005918e-06
90.7,-2.8769590996e-05,-0.0039859988516,1.94144149769e-06
90.75,-2.85016153576e-05,-0.00398344810498,1.92337497723e-06
90.8,-2.82361133017e-05,-0.00398090219693,1.90547853598e-06
90.85,-2.79732021041e-05,-0.00397836110244,1.8877489083e-06
90.9,-2.77127169036e-05,-0.00397582479703,1.87019098626e-06
90.95,-2.7454635619e-05,-0.00397329325584,1.85279813472e-06
91.0,-2.71989363658e-05,-0.0039707664542,1.83556908594e-06
91.05,-2.69455974542e-05,-0.00396824436755,1.8185018572e-06
91.1,-2.66945973877e-05,-0.00396572697145,1.80159354029e-06
91.15,-2.64459148615e-05,-0.00396321424158,1.78484522323e-06
91.2,-2.61995287606e-05,-0.00396070615371,1.76825394829e-06
91.25,-2.59554181586e-05,-0.00395820268376,1.75181888319e-06
91.3,-2.57135623156e-05,-0.00395570380773,1.73553824991e-06
91.35,-2.5473940677e-05,-0.00395320950174,1.71940908278e-06
91.4,-2.4305438499e-05,-0.00395071974205,1.70343584601e-06
91.45,-2.26813794747e-05,-0.00394823185657,1.68761124032e-06
91.5,-2.24699805292e-05,-0.00394574453793,1.6719335462e-06
91.55,-2.22605349284e-05,-0.00394326180229,1.65640290979e-06
91.6,-2.20530248591e-05,-0.00394078362506,1.64101668747e-06
91.65,-2.1847432667e-05,-0.00393830998178,1.62577587556e-06
91.7,-2.16437408556e-05,-0.0039358408481,1.6106777852e-06
91.75,-2.14419320846e-05,-0.00393338172155,1.59572166344e-06
91.8,-2.12419891302e-05,-0.00393092829542,1.58090590289e-06
91.85,-2.10440001218e-05,-0.00392848177448,1.56622780847e-06
91.9,-2.08478409308e-05,-0.00392604346024,1.55169145464e-06
91.95,-2.06534948359e-05,-0.00392360956487,1.53729135335e-06
92.0,-2.04609452917e-05,-0.00392118006449,1.52302646472e-06
92.05,-2.02701759003e-05,-0.00391876966902,1.50889515544e-06
92.1,-2.00811701943e-05,-0.00391636703198,1.49489506366e-06
92.15,-1.98939121723e-05,-0.00391396869773,1.4810270846e-06
92.2,-1.97083858776e-05,-0.00391157464273,1.46728877458e-06
92.25,-1.95245754959e-05,-0.0039091848436,1.45367945341e-06
92.3,-1.93424653545e-05,-0.00390679927706,1.44019765604e-06
92.35,-1.9162039921e-05,-0.00390441791996,1.4268409316e-06
92.4,-1.89832838022e-05,-0.0039020407493,1.41361299484e-06
92.45,-1.88061817428e-05,-0.00389966774211,1.40050884767e-06
92.5,-1.86307186241e-05,-0.00389729887561,1.3875275486e-06
92.55,-1.84568794628e-05,-0.00389493412714,1.37466761543e-06
92.6,-1.82846494102e-05,-0.00389257347417,1.36192686603e-06
92.65,-1.81140137506e-05,-0.00389021689427,1.34930613897e-06
92.7,-1.79449579002e-05,-0.00388786436514,1.33680321421e-06
92.75,-1.77774674064e-05,-0.0038855158646,1.32441747825e-06
92.8,-1.76115279461e-05,-0.00388317137057,1.31214760239e-06
92.85,-1.74472125178e-05,-0.00388083086112,1.2999913597e-06
92.9,-1.72844181471e-05,-0.00387849431466,1.28795214067e-06
92.95,-1.71231309189e-05,-0.00387616170943,1.27602539741e-06
93.0,-1.69633370425e-05,-0.00387383302383,1.26421027786e-06
93.05,-1.68050228515e-05,-0.00387150823636,1.25250543718e-06
93.1,-1.6648174802e-05,-0.00386918732567,1.24090889274e-06
93.15,-1.64927794718e-05,-0.0038668702705,1.22942141404e-06
93.2,-1.63388235597e-05,-0.00386455704971,1.21804098373e-06
93.25,-1.61862938837e-05,-0.00386225105572,1.20676704811e-06
93.3,-1.60351773626e-05,-0.00385995207372,1.19559840509e-06
93.35,-1.58854610347e-05,-0.00385765743411,1.18453303367e-06
93.4,-1.57371320689e-05,-0.00385537211778,1.17357402855e-06
93.45,-1.55901777245e-05,-0.00385309056042,1.16271725584e-06
93.5,-1.54445854046e-05,-0.00385081274135,1.15196194364e-06
93.55,-1.53003426255e-05,-0.00384853863996,1.14130687101e-06
93.6,-1.51574370161e-05,-0.00384627994873,1.13075023571e-06
93.65,-1.50158561803e-05,-0.00384402927797,1.1202927686e-06
93.7,-1.48755880312e-05,-0.00384178224713,1.10993262415e-06
93.75,-1.47366205319e-05,-0.00383953883594,1.0996693015e-06
93.8,-1.45989417542e-05,-0.00383729902423,1.08950170585e-06
93.85,-1.44626121545e-05,-0.00383506279194,1.07942799643e-06
93.9,-1.43275463191e-05,-0.00383283011935,1.06945099667e-06
93.95,-1.41937326603e-05,-0.00383060098659,1.05956693843e-06
94.0,-1.40611596948e-05,-0.00382837537393,1.04977512212e-06
94.05,-1.3929816043e-05,-0.00382615326174,1.04007443889e-06
94.1,-1.37996904278e-05,-0.00382393463054,1.03046325008e-06
94.15,-1.36707716737e-05,-0.00382171946094,1.02094220233e-06
94.2,-1.35430487063e-05,-0.00381950773363,1.01150962791e-06
94.25,-1.34165105508e-05,-0.00381729942945,1.00216507443e-06
94.3,-1.32911463317e-05,-0.00381509452933,9.92907548191e-07
94.35,-1.31669452718e-05,-0.00381289301429,9.83735375545e-07
94.4,-1.30438966908e-05,-0.0038106948655,9.7465113346e-07
94.45,-1.29219900054e-05,-0.00380850006416,9.65651391682e-07
94.5,-1.28012147277e-05,-0.00380630859164,9.56735516413e-07
94.55,-1.26815604645e-05,-0.0038041204294,9.47902500787e-07
94.6,-1.25630169166e-05,-0.003801935559,9.39150855011e-07
94.65,-1.24455738779e-05,-0.00379975396212,9.30481172012e-07
94.7,-1.23292212348e-05,-0.00379757562053,9.21891935398e-07
94.75,-1.2213948965e-05,-0.00379540189719,9.13382736355e-07
94.8,-1.20997471314e-05,-0.00379323652461,9.04952673674e-07
94.85,-1.19866657763e-05,-0.00379107436806,8.96600229097e-07
94.9,-1.18746340646e-05,-0.00378892014167,8.88327754559e-07
94.95,-1.17636423322e-05,-0.00378677038012,8.80132130202e-07
95.0,-1.16536810162e-05,-0.00378462379483,8.72012782233e-07
95.05,-1.15447406451e-05,-0.00378248036804,8.63968795837e-07
95.1,-1.14368118333e-05,-0.0037803400821,8.5599881598e-07
95.15,-1.132988528e-05,-0.00377820291947,8.48103385889e-07
95.2,-1.12239517687e-05,-0.00377606886269,8.40281126199e-07
95.25,-1.11190021665e-05,-0.00377393789442,8.32531667011e-07
95.3,-1.10150274231e-05,-0.00377181030037,8.24854188649e-07
95.35,-1.09120185625e-05,-0.00376969955738,8.172473079e-07
95.4,-1.08099666128e-05,-0.00376759187302,8.09713187371e-07
95.45,-1.07088628138e-05,-0.00376548719664,8.02248974198e-07
95.5,-1.0608698441e-05,-0.00376338551123,7.94854146986e-07
95.55,-1.05094648486e-05,-0.00376128679993,7.8752787432e-07
95.6,-1.04111534694e-05,-0.00375919104595,7.80268923462e-07
95.65,-1.03137558139e-05,-0.00375709823262,7.73077791961e-07
95.7,-1.02172634697e-05,-0.00375500834335,7.65953224831e-07
95.75,-1.01216681004e-05,-0.00375292136166,7.58894887212e-07
95.8,-1.00269614457e-05,-0.00375083727114,7.51902034219e-07
95.85,-9.93318496135e-06,-0.0037487560555,7.44973405926e-07
95.9,-9.84027991663e-06,-0.0037466776987,7.38110961278e-07
95.95,-9.74823828843e-06,-0.00374460218459,7.31312109882e-07
96.0,-9.65705212643e-06,-0.00374252949716,7.24576378919e-07
96.05,-9.56671355249e-06,-0.0037404596205,7.17903012917e-07
96.1,-9.47721475999e-06,-0.00373839253878,7.1129089052e-07
96.15,-9.38854801321e-06,-0.00373632823628,7.04740467645e-07
96.2,-9.30070564671e-06,-0.00373426669736,6.98250602573e-07
96.25,-9.21368006469e-06,-0.00373220790648,6.91820992332e-07
96.3,-9.12746374038e-06,-0.00373015766666,6.85450960131e-07
96.35,-9.0420491983e-06,-0.003728110739,6.7913936288e-07
96.4,-8.9574290468e-06,-0.00372606939109,6.72887988783e-07
96.45,-8.87359595495e-06,-0.0037240337924,6.66694479988e-07
96.5,-8.79054265824e-06,-0.00372200089295,6.60558409065e-07
96.55,-8.70826196718e-06,-0.00371997067751,6.54479089158e-07
96.6,-8.62674675766e-06,-0.00371794313092,6.4845549981e-07
96.65,-8.54598997038e-06,-0.00371591823815,6.4248805847e-07
96.7,-8.46598461028e-06,-0.00371389598423,6.36575726063e-07
96.75,-8.38672374599e-06,-0.00371187635428,6.30718228138e-07
96.8,-8.3082005092e-06,-0.00370985933351,6.24914949417e-07
96.85,-8.23044922607e-06,-0.00370784490725,6.19164846492e-07
96.9,-8.15342120997e-06,-0.00370583306098,6.1346955117e-07
96.95,-8.07710979053e-06,-0.00370382378018,6.07826914161e-07
97.0,-8.00150835806e-06,-0.00370181705039,6.02236546056e-07
97.05,-7.92661036306e-06,-0.00369981285729,5.96697822464e-07
97.1,-7.85240931568e-06,-0.00369781118659,5.9120981481e-07
97.15,-7.77889878515e-06,-0.00369581202414,5.85772905456e-07
97.2,-7.70607239933e-06,-0.00369381535583,5.80386148791e-07
97.25,-7.6339238441e-06,-0.00369182255884,5.75049296306e-07
97.3,-7.56244684124e-06,-0.00368984319901,5.69761792886e-07
97.35,-7.49163517149e-06,-0.00368786629709,5.64522692681e-07
97.4,-7.42148270527e-06,-0.003685891826,5.59333482529e-07
97.45,-7.35198335674e-06,-0.00368391977191,5.54192204226e-07
97.5,-7.28313109547e-06,-0.00368195012114,5.49098504114e-07
97.55,-7.21491994605e-06,-0.00367998286005,5.44051814263e-07
97.6,-7.14734398757e-06,-0.00367801797512,5.39051289369e-07
97.65,-7.0803973531e-06,-0.00367605545289,5.34097279383e-07
97.7,-7.01407422927e-06,-0.00367409527999,4.98290750522e-07
97.75,-6.94836850706e-06,-0.00367213785451,4.90275922814e-07
97.8,-6.88327480127e-06,-0.00367018660702,4.85770768572e-07
97.85,-6.81882156446e-06,-0.00366824015042,4.81306809988e-07
97.9,-6.75496843767e-06,-0.00366629705377,4.76885433428e-07
97.95,-6.69170987584e-06,-0.00366436100296,4.72504881014e-07
98.0,-6.62904037662e-06,-0.00366242724287,4.68164859062e-07
98.05,-6.56695449837e-06,-0.00366049576053,4.63864876333e-07
98.1,-6.50544684914e-06,-0.00365856654308,4.59604188418e-07
98.15,-6.44451208619e-06,-0.00365663957772,4.55383140528e-07
98.2,-6.38414491558e-06,-0.00365471485173,4.51200660512e-07
98.25,-6.32434009168e-06,-0.00365279235249,4.47056887984e-07
98.3,-6.26509241682e-06,-0.00365087206743,4.42951384401e-07
98.35,-6.20639674078e-06,-0.00364895398408,4.38883386389e-07
98.4,-6.1482479604e-06,-0.00364703809003,4.34854158262e-07
98.45,-6.09064101918e-06,-0.00364512437294,4.30862097788e-07
98.5,-6.03357090681e-06,-0.00364321282056,4.26906936536e-07
98.55,-5.97703265881e-06,-0.00364130342072,3.92179023664e-07
98.6,-5.92102106023e-06,-0.00363939657099,3.85152924358e-07
98.65,-5.8655315106e-06,-0.00363749188842,3.81617699228e-07
98.7,-5.81055921384e-06,-0.00363558931484,3.78114743052e-07
98.75,-5.75609938427e-06,-0.00363368883846,3.74644210072e-07
98.8,-5.70214728001e-06,-0.00363179044758,3.71205727065e-07
98.85,-5.64872643227e-06,-0.00362989413056,3.67798624334e-07
98.9,-5.59580339878e-06,-0.0036279998759,3.3363597213e-07
98.95,-5.54337329832e-06,-0.00362610808125,2.96414253013e-07
99.0,-5.49143155072e-06,-0.00362421877318,2.90277036229e-07
99.05,-5.43997391954e-06,-0.00362233152434,2.87613897737e-07
99.1,-5.38899595604e-06,-0.00362044627745,2.84975047926e-07
99.15,-5.33849322127e-06,-0.00361856302149,2.82360851044e-07
99.2,-5.28846131696e-06,-0.0036166817455,2.79770491977e-07
99.25,-5.23889588509e-06,-0.00361480243858,2.77204162582e-07
99.3,-5.18979260755e-06,-0.00361292696806,2.43951312487e-07
99.35,-5.14114694697e-06,-0.0036110581761,2.38298544148e-07
99.4,-5.09295489353e-06,-0.00360919137359,2.36113463722e-07
99.45,-5.04521227602e-06,-0.0036073355188,2.33948296093e-07
99.5,-4.99791490054e-06,-0.00360548908246,2.31803237516e-07
99.55,-4.95105864982e-06,-0.0036036445668,2.29677727769e-07
99.6,-4.90463943887e-06,-0.00360180196111,2.27571589563e-07
99.65,-4.85865322013e-06,-0.00359996125477,2.25485180482e-07
99.7,-4.81309598316e-06,-0.00359812243723,2.23417782325e-07
99.75,-4.76796375426e-06,-0.00359628549798,2.21369595002e-07
99.8,-4.72325259617e-06,-0.00359445042659,2.19340067891e-07
99.85,-4.6789819911e-06,-0.0035926172127,2.17329031857e-07
99.9,-4.63512422865e-06,-0.00359078584607,2.15337252665e-07
99.95,-4.59167548573e-06,-0.00358895631646,2.13363611897e-07
100.0,-4.54863197427e-06,-0.00358712861369,1.8079572278e-07
