"time","AMPA","NMDA","GABAa"
0.0,0.0,0.0,0.0
0.05,0.0,0.0,0.0
0.1,0.0,0.0,0.0
0.15,0.0,0.0,0.0
0.2,0.0,0.0,0.0
0.25,0.0,0.0,0.0
0.3,0.0,0.0,0.0
0.35,0.0,0.0,0.0
0.4,0.0,0.0,0.0
0.45,0.0,0.0,0.0
0.5,0.0,0.0,0.0
0.55,0.0,0.0,0.0
0.6,0.0,0.0,0.0
0.65,0.0,0.0,0.0
0.7,0.0,0.0,0.0
0.75,0.0,0.0,0.0
0.8,0.0,0.0,0.0
0.85,0.0,0.0,0.0
0.9,0.0,0.0,0.0
0.95,0.0,0.0,0.0
1.0,0.0,0.0,0.0
1.05,0.0,0.0,0.0
1.1,0.0,0.0,0.0
1.15,0.0,0.0,0.0
1.2,0.0,0.0,0.0
1.25,0.0,0.0,0.0
1.3,0.0,0.0,0.0
1.35,0.0,0.0,0.0
1.4,0.0,0.0,0.0
1.45,0.0,0.0,0.0
1.5,0.0,0.0,0.0
1.55,0.0,0.0,0.0
1.6,0.0,0.0,0.0
1.65,0.0,0.0,0.0
1.7,0.0,0.0,0.0
1.75,0.0,0.0,0.0
1.8,0.0,0.0,0.0
1.85,0.0,0.0,0.0
1.9,0.0,0.0,0.0
1.95,0.0,0.0,0.0
2.0,0.0,0.0,0.0
2.05,0.0,0.0,0.0
2.1,0.0,0.0,0.0
2.15,0.0,0.0,0.0
2.2,0.0,0.0,0.0
2.25,0.0,0.0,0.0
2.3,0.0,0.0,0.0
2.35,0.0,0.0,0.0
2.4,0.0,0.0,0.0
2.45,0.0,0.0,0.0
2.5,0.0,0.0,0.0
2.55,0.0,0.0,0.0
2.6,0.0,0.0,0.0
2.65,0.0,0.0,0.0
2.7,0.0,0.0,0.0
2.75,0.0,0.0,0.0
2.8,0.0,0.0,0.0
2.85,0.0,0.0,0.0
2.9,0.0,0.0,0.0
2.95,0.0,0.0,0.0
3.0,0.0,0.0,0.0
3.05,0.0,0.0,0.0
3.1,0.0,0.0,0.0
3.15,0.0,0.0,0.0
3.2,0.0,0.0,0.0
3.25,0.0,0.0,0.0
3.3,0.0,0.0,0.0
3.35,0.0,0.0,0.0
3.4,0.0,0.0,0.0
3.45,0.0,0.0,0.0
3.5,0.0,0.0,0.0
3.55,0.0,0.0,0.0
3.6,0.0,0.0,0.0
3.65,0.0,0.0,0.0
3.7,0.0,0.0,0.0
3.75,0.0,0.0,0.0
3.8,0.0,0.0,0.0
3.85,0.0,0.0,0.0
3.9,0.0,0.0,0.0
3.95,0.0,0.0,0.0
4.0,0.0,0.0,0.0
4.05,0.0,0.0,0.0
4.1,0.0,0.0,0.0
4.15,0.0,0.0,0.0
4.2,0.0,0.0,0.0
4.25,0.0,0.0,0.0
4.3,0.0,0.0,0.0
4.35,0.0,0.0,0.0
4.4,0.0,0.0,0.0
4.45,0.0,0.0,0.0
4.5,0.0,0.0,0.0
4.55,0.0,0.0,0.0
4.6,0.0,0.0,0.0
4.65,0.0,0.0,0.0
4.7,0.0,0.0,0.0
4.75,0.0,0.0,0.0
4.8,0.0,0.0,0.0
4.85,0.0,0.0,0.0
4.9,0.0,0.0,0.0
4.95,0.0,0.0,0.0
5.0,0.0,0.0,0.0
5.05,0.0,0.0,0.0
5.1,0.0,0.0,0.0
5.15,0.0,0.0,0.0
5.2,0.0,0.0,0.0
5.25,0.0,0.0,0.0
5.3,0.0,0.0,0.0
5.35,0.0,0.0,0.0
5.4,0.0,0.0,0.0
5.45,0.0,0.0,0.0
5.5,0.0,0.0,0.0
5.55,0.0,0.0,0.0
5.6,0.0,0.0,0.0
5.65,0.0,0.0,0.0
5.7,0.0,0.0,0.0
5.75,0.0,0.0,0.0
5.8,0.0,0.0,0.0
5.85,0.0,0.0,0.0
5.9,0.0,0.0,0.0
5.95,0.0,0.0,0.0
6.0,0.0,0.0,0.0
6.05,0.0,0.0,0.0
6.1,0.0,0.0,0.0
6.15,0.0,0.0,0.0
6.2,0.0,0.0,0.0
6.25,0.0,0.0,0.0
6.3,0.0,0.0,0.0
6.35,0.0,0.0,0.0
6.4,0.0,0.0,0.0
6.45,0.0,0.0,0.0
6.5,0.0,0.0,0.0
6.55,0.0,0.0,0.0
6.6,0.0,0.0,0.0
6.65,0.0,0.0,0.0
6.7,0.0,0.0,0.0
6.75,0.0,0.0,0.0
6.8,0.0,0.0,0.0
6.85,0.0,0.0,0.0
6.9,0.0,0.0,0.0
6.95,0.0,0.0,0.0
7.0,0.0,0.0,0.0
7.05,0.0,0.0,0.0
7.1,0.0,0.0,0.0
7.15,0.0,0.0,0.0
7.2,0.0,0.0,0.0
7.25,0.0,0.0,0.0
7.3,0.0,0.0,0.0
7.35,0.0,0.0,0.0
7.4,0.0,0.0,0.0
7.45,0.0,0.0,0.0
7.5,0.0,0.0,0.0
7.55,0.0,0.0,0.0
7.6,0.0,0.0,0.0
7.65,0.0,0.0,0.0
7.7,0.0,0.0,0.0
7.75,0.0,0.0,0.0
7.8,0.0,0.0,0.0
7.85,0.0,0.0,0.0
7.9,0.0,0.0,0.0
7.95,0.0,0.0,0.0
8.0,0.0,0.0,0.0
8.05,0.0,0.0,0.0
8.1,0.0,0.0,0.0
8.15,0.0,0.0,0.0
8.2,0.0,0.0,0.0
8.25,0.0,0.0,0.0
8.3,0.0,0.0,0.0
8.35,0.0,0.0,0.0
8.4,0.0,0.0,0.0
8.45,0.0,0.0,0.0
8.5,0.0,0.0,0.0
8.55,0.0,0.0,0.0
8.6,0.0,0.0,0.0
8.65,0.0,0.0,0.0
8.7,0.0,0.0,0.0
8.75,0.0,0.0,0.0
8.8,0.0,0.0,0.0
8.85,0.0,0.0,0.0
8.9,0.0,0.0,0.0
8.95,0.0,0.0,0.0
9.0,0.0,0.0,0.0
9.05,0.0,0.0,0.0
9.1,0.0,0.0,0.0
9.15,0.0,0.0,0.0
9.2,0.0,0.0,0.0
9.25,0.0,0.0,0.0
9.3,0.0,0.0,0.0
9.35,0.0,0.0,0.0
9.4,0.0,0.0,0.0
9.45,0.0,0.0,0.0
9.5,0.0,0.0,0.0
9.55,0.0,0.0,0.0
9.6,0.0,0.0,0.0
9.65,0.0,0.0,0.0
9.7,0.0,0.0,0.0
9.75,0.0,0.0,0.0
9.8,0.0,0.0,0.0
9.85,0.0,0.0,0.0
9.9,0.0,0.0,0.0
9.95,0.0,0.0,0.0
10.0,0.0,0.0,0.0
10.05,0.0,0.0,0.0
10.1,0.0,0.0,0.0
10.15,0.0,0.0,0.0
10.2,0.0,0.0,0.0
10.25,0.0,0.0,0.0
10.3,0.0,0.0,0.0
10.35,0.0,0.0,0.0
10.4,0.0,0.0,0.0
10.45,0.0,0.0,0.0
10.5,0.0,0.0,0.0
10.55,0.0,0.0,0.0
10.6,0.0,0.0,0.0
10.65,0.0,0.0,0.0
10.7,0.0,0.0,0.0
10.75,0.0,0.0,0.0
10.8,0.0,0.0,0.0
10.85,0.0,0.0,0.0
10.9,0.0,0.0,0.0
10.95,0.0,0.0,0.0
11.0,0.0,0.0,0.0
11.05,0.0,0.0,0.0
11.1,0.0,0.0,0.0
11.15,0.0,0.0,0.0
11.2,0.0,0.0,0.0
11.25,0.0,0.0,0.0
11.3,0.0,0.0,0.0
11.35,0.0,0.0,0.0
11.4,0.0,0.0,0.0
11.45,0.0,0.0,0.0
11.5,0.0,0.0,0.0
11.55,0.0,0.0,0.0
11.6,0.0,0.0,0.0
11.65,0.0,0.0,0.0
11.7,0.0,0.0,0.0
11.75,0.0,0.0,0.0
11.8,0.0,0.0,0.0
11.85,0.0,0.0,0.0
11.9,0.0,0.0,0.0
11.95,0.0,0.0,0.0
12.0,0.0,0.0,0.0
12.05,0.0,0.0,0.0
12.1,0.0,0.0,0.0
12.15,0.0,0.0,0.0
12.2,0.0,0.0,0.0
12.25,0.0,0.0,0.0
12.3,0.0,0.0,0.0
12.35,0.0,0.0,0.0
12.4,0.0,0.0,0.0
12.45,0.0,0.0,0.0
12.5,0.0,0.0,0.0
12.55,0.0,0.0,0.0
12.6,0.0,0.0,0.0
12.65,0.0,0.0,0.0
12.7,0.0,0.0,0.0
12.75,0.0,0.0,0.0
12.8,0.0,0.0,0.0
12.85,0.0,0.0,0.0
12.9,0.0,0.0,0.0
12.95,0.0,0.0,0.0
13.0,0.0,0.0,0.0
13.05,0.0,0.0,0.0
13.1,0.0,0.0,0.0
13.15,0.0,0.0,0.0
13.2,0.0,0.0,0.0
13.25,0.0,0.0,0.0
13.3,0.0,0.0,0.0
13.35,0.0,0.0,0.0
13.4,0.0,0.0,0.0
13.45,0.0,0.0,0.0
13.5,0.0,0.0,0.0
13.55,0.0,0.0,0.0
13.6,0.0,0.0,0.0
13.65,0.0,0.0,0.0
13.7,0.0,0.0,0.0
13.75,0.0,0.0,0.0
13.8,0.0,0.0,0.0
13.85,0.0,0.0,0.0
13.9,0.0,0.0,0.0
13.95,0.0,0.0,0.0
14.0,0.0,0.0,0.0
14.05,0.0,0.0,0.0
14.1,0.0,0.0,0.0
14.15,0.0,0.0,0.0
14.2,0.0,0.0,0.0
14.25,0.0,0.0,0.0
14.3,0.0,0.0,0.0
14.35,0.0,0.0,0.0
14.4,0.0,0.0,0.0
14.45,0.0,0.0,0.0
14.5,0.0,0.0,0.0
14.55,0.0,0.0,0.0
14.6,0.0,0.0,0.0
14.65,0.0,0.0,0.0
14.7,0.0,0.0,0.0
14.75,0.0,0.0,0.0
14.8,0.0,0.0,0.0
14.85,0.0,0.0,0.0
14.9,0.0,0.0,0.0
14.95,0.0,0.0,0.0
15.0,0.0,0.0,0.0
15.05,0.0,0.0,0.0
15.1,0.0,0.0,0.0
15.15,0.0,0.0,0.0
15.2,0.0,0.0,0.0
15.25,0.0,0.0,0.0
15.3,0.0,0.0,0.0
15.35,0.0,0.0,0.0
15.4,0.0,0.0,0.0
15.45,0.0,0.0,0.0
15.5,0.0,0.0,0.0
15.55,0.0,0.0,0.0
15.6,0.0,0.0,0.0
15.65,0.0,0.0,0.0
15.7,0.0,0.0,0.0
15.75,0.0,0.0,0.0
15.8,0.0,0.0,0.0
15.85,0.0,0.0,0.0
15.9,0.0,0.0,0.0
15.95,0.0,0.0,0.0
16.0,0.0,0.0,0.0
16.05,0.0,0.0,0.0
16.1,0.0,0.0,0.0
16.15,0.0,0.0,0.0
16.2,0.0,0.0,0.0
16.25,0.0,0.0,0.0
16.3,0.0,0.0,0.0
16.35,0.0,0.0,0.0
16.4,0.0,0.0,0.0
16.45,0.0,0.0,0.0
16.5,0.0,0.0,0.0
16.55,0.0,0.0,0.0
16.6,0.0,0.0,0.0
16.65,0.0,0.0,0.0
16.7,0.0,0.0,0.0
16.75,0.0,0.0,0.0
16.8,0.0,0.0,0.0
16.85,0.0,0.0,0.0
16.9,0.0,0.0,0.0
16.95,0.0,0.0,0.0
17.0,0.0,0.0,0.0
17.05,0.0,0.0,0.0
17.1,0.0,0.0,0.0
17.15,0.0,0.0,0.0
17.2,0.0,0.0,0.0
17.25,0.0,0.0,0.0
17.3,0.0,0.0,0.0
17.35,0.0,0.0,0.0
17.4,0.0,0.0,0.0
17.45,0.0,0.0,0.0
17.5,0.0,0.0,0.0
17.55,0.0,0.0,0.0
17.6,0.0,0.0,0.0
17.65,0.0,0.0,0.0
17.7,0.0,0.0,0.0
17.75,0.0,0.0,0.0
17.8,0.0,0.0,0.0
17.85,0.0,0.0,0.0
17.9,0.0,0.0,0.0
17.95,0.0,0.0,0.0
18.0,0.0,0.0,0.0
18.05,0.0,0.0,0.0
18.1,0.0,0.0,0.0
18.15,0.0,0.0,0.0
18.2,0.0,0.0,0.0
18.25,0.0,0.0,0.0
18.3,0.0,0.0,0.0
18.35,0.0,0.0,0.0
18.4,0.0,0.0,0.0
18.45,0.0,0.0,0.0
18.5,0.0,0.0,0.0
18.55,0.0,0.0,0.0
18.6,0.0,0.0,0.0
18.65,0.0,0.0,0.0
18.7,0.0,0.0,0.0
18.75,0.0,0.0,0.0
18.8,0.0,0.0,0.0
18.85,0.0,0.0,0.0
18.9,0.0,0.0,0.0
18.95,0.0,0.0,0.0
19.0,0.0,0.0,0.0
19.05,0.0,0.0,0.0
19.1,0.0,0.0,0.0
19.15,0.0,0.0,0.0
19.2,0.0,0.0,0.0
19.25,0.0,0.0,0.0
19.3,0.0,0.0,0.0
19.35,0.0,0.0,0.0
19.4,0.0,0.0,0.0
19.45,0.0,0.0,0.0
19.5,0.0,0.0,0.0
19.55,0.0,0.0,0.0
19.6,0.0,0.0,0.0
19.65,0.0,0.0,0.0
19.7,0.0,0.0,0.0
19.75,0.0,0.0,0.0
19.8,0.0,0.0,0.0
19.85,0.0,0.0,0.0
19.9,0.0,0.0,0.0
19.95,0.0,0.0,0.0
20.0,0.0,0.0,0.0
20.05,0.0,0.0,0.0
20.1,0.0,0.0,0.0
20.15,0.0,0.0,0.0
20.2,0.0,0.0,0.0
20.25,0.0,0.0,0.0
20.3,0.0,0.0,0.0
20.35,0.0,0.0,0.0
20.4,0.0,0.0,0.0
20.45,0.0,0.0,0.0
20.5,0.0,0.0,0.0
20.55,0.0,0.0,0.0
20.6,0.0,0.0,0.0
20.65,0.0,0.0,0.0
20.7,0.0,0.0,0.0
20.75,0.0,0.0,0.0
20.8,0.0,0.0,0.0
20.85,0.0,0.0,0.0
20.9,0.0,0.0,0.0
20.95,0.0,0.0,0.0
21.0,0.0,0.0,0.0
21.05,0.0,0.0,0.0
21.1,0.0,0.0,0.0
21.15,0.0,0.0,0.0
21.2,0.0,0.0,0.0
21.25,0.0,0.0,0.0
21.3,0.0,0.0,0.0
21.35,0.0,0.0,0.0
21.4,0.0,0.0,0.0
21.45,0.0,0.0,0.0
21.5,0.0,0.0,0.0
21.55,0.0,0.0,0.0
21.6,0.0,0.0,0.0
21.65,0.0,0.0,0.0
21.7,0.0,0.0,0.0
21.75,0.0,0.0,0.0
21.8,0.0,0.0,0.0
21.85,0.0,0.0,0.0
21.9,0.0,0.0,0.0
21.95,0.0,0.0,0.0
22.0,0.0,0.0,0.0
22.05,0.0,0.0,0.0
22.1,0.0,0.0,0.0
22.15,0.0,0.0,0.0
22.2,0.0,0.0,0.0
22.25,0.0,0.0,0.0
22.3,0.0,0.0,0.0
22.35,0.0,0.0,0.0
22.4,0.0,0.0,0.0
22.45,0.0,0.0,0.0
22.5,0.0,0.0,0.0
22.55,0.0,0.0,0.0
22.6,0.0,0.0,0.0
22.65,0.0,0.0,0.0
22.7,0.0,0.0,0.0
22.75,0.0,0.0,0.0
22.8,0.0,0.0,0.0
22.85,0.0,0.0,0.0
22.9,0.0,0.0,0.0
22.95,0.0,0.0,0.0
23.0,0.0,0.0,0.0
23.05,0.0,0.0,0.0
23.1,0.0,0.0,0.0
23.15,0.0,0.0,0.0
23.2,0.0,0.0,0.0
23.25,0.0,0.0,0.0
23.3,0.0,0.0,0.0
23.35,0.0,0.0,0.0
23.4,0.0,0.0,0.0
23.45,0.0,0.0,0.0
23.5,0.0,0.0,0.0
23.55,0.0,0.0,0.0
23.6,0.0,0.0,0.0
23.65,0.0,0.0,0.0
23.7,0.0,0.0,0.0
23.75,0.0,0.0,0.0
23.8,0.0,0.0,0.0
23.85,0.0,0.0,0.0
23.9,0.0,0.0,0.0
23.95,0.0,0.0,0.0
24.0,0.0,0.0,0.0
24.05,0.0,0.0,0.0
24.1,0.0,0.0,0.0
24.15,0.0,0.0,0.0
24.2,0.0,0.0,0.0
24.25,0.0,0.0,0.0
24.3,0.0,0.0,0.0
24.35,0.0,0.0,0.0
24.4,0.0,0.0,0.0
24.45,0.0,0.0,0.0
24.5,0.0,0.0,0.0
24.55,0.0,0.0,0.0
24.6,0.0,0.0,0.0
24.65,0.0,0.0,0.0
24.7,0.0,0.0,0.0
24.75,0.0,0.0,0.0
24.8,0.0,0.0,0.0
24.85,0.0,0.0,0.0
24.9,0.0,0.0,0.0
24.95,0.0,0.0,0.0
25.0,0.0,0.0,0.0
25.05,0.0,0.0,0.0
25.1,0.0,0.0,0.0
25.15,0.0,0.0,0.0
25.2,0.0,0.0,0.0
25.25,0.0,0.0,0.0
25.3,0.0,0.0,0.0
25.35,0.0,0.0,0.0
25.4,0.0,0.0,0.0
25.45,0.0,0.0,0.0
25.5,0.0,0.0,0.0
25.55,0.0,0.0,0.0
25.6,0.0,0.0,0.0
25.65,0.0,0.0,0.0
25.7,0.0,0.0,0.0
25.75,0.0,0.0,0.0
25.8,0.0,0.0,0.0
25.85,0.0,0.0,0.0
25.9,0.0,0.0,0.0
25.95,0.0,0.0,0.0
26.0,0.0,0.0,0.0
26.05,0.0,0.0,0.0
26.1,0.0,0.0,0.0
26.15,0.0,0.0,0.0
26.2,0.0,0.0,0.0
26.25,0.0,0.0,0.0
26.3,0.0,0.0,0.0
26.35,0.0,0.0,0.0
26.4,0.0,0.0,1.1408651801e-17
26.45,0.0,0.0,1.54171280047e-05
26.5,0.0,0.0,2.73165166123e-05
26.55,0.0,0.0,4.4209366137e-05
26.6,0.0,0.0,5.72477452384e-05
26.65,0.0,0.0,6.73111248469e-05
26.7,0.0,0.0,7.50783101704e-05
26.75,0.0,0.0,8.10732253329e-05
26.8,0.0,0.0,9.34088157462e-05
26.85,0.0,0.0,0.000110638325908
26.9,0.0,0.0,0.000123936539509
26.95,0.0,0.0,0.000134200419974
27.0,0.0,0.0,0.00014983092444
27.05,0.0,0.0,0.000161894960878
27.1,0.0,0.0,0.000171206313194
27.15,0.0,0.0,0.000178393061578
27.2,0.0,0.0,0.000183939978773
27.25,0.0,0.0,0.000188221227786
27.3,0.0,0.0,0.000191525579674
27.35,0.0,0.0,0.000194075940691
27.4,0.0,0.0,0.000195931951865
27.45,0.0,0.0,0.000196763802394
27.5,0.0,0.0,0.000197217869198
27.55,0.0,0.0,0.000197137421363
27.6,0.0,0.0,0.000196880036888
27.65,0.0,0.0,0.000196487816111
27.7,0.0,0.0,0.000195993238373
27.75,0.0,0.0,0.000195365145775
27.8,0.0,0.0,0.00019433535415
27.85,0.0,0.0,0.000200696093865
27.9,0.0,0.0,0.00020528919655
27.95,0.0,0.0,0.000208465177291
28.0,0.0,0.0,0.000210305554824
28.05,0.0,0.0,0.000211352588944
28.1,0.0,0.0,0.000211790365827
28.15,0.0,0.0,0.000211761179214
28.2,0.0,0.0,0.000219083391291
28.25,0.0,0.0,0.000224374285608
28.3,0.0,0.0,0.000228100842977
28.35,0.0,0.0,0.000230623207264
28.4,0.0,0.0,0.000232219060554
28.45,0.0,0.0,0.000233103468032
28.5,0.0,0.0,0.000233441706481
28.55,0.0,0.0,0.000233361485305
28.6,0.0,0.0,0.000232961089996
28.65,0.0,0.0,0.000240025136295
28.7,0.0,0.0,0.000245144843792
28.75,0.0,0.0,0.000248766818603
28.8,0.0,0.0,0.000251179781468
28.85,0.0,0.0,0.000252418422706
28.9,0.0,0.0,0.00025298779722
28.95,0.0,0.0,0.000253044543125
29.0,0.0,0.0,0.000252708897805
29.05,0.0,0.0,0.000252073790315
29.1,0.0,0.0,0.000251210681003
29.15,0.0,0.0,0.000250118664513
29.2,0.0,0.0,0.000256317711523
29.25,0.0,0.0,0.000260673355512
29.3,0.0,0.0,0.000263610254816
29.35,0.0,0.0,0.000265456245004
29.4,0.0,0.0,0.000266463529471
29.45,0.0,0.0,0.000266827636423
29.5,0.0,0.0,0.000266928139771
29.55,0.0,0.0,0.000268516778897
29.6,0.0,0.0,0.000269333849681
29.65,0.0,0.0,0.000269314404952
29.7,0.0,0.0,0.000268887156444
29.75,0.0,0.0,0.000268148590563
29.8,0.0,0.0,0.000267173592181
29.85,0.0,0.0,0.000266215175484
29.9,0.0,0.0,0.000267860901682
29.95,0.0,0.0,0.000268779392715
30.0,0.0,0.0,0.000269139529833
30.05,0.0,0.0,0.00026907200782
30.1,0.0,0.0,0.000268677305496
30.15,0.0,0.0,0.000267977201525
30.2,0.0,0.0,0.000266800303423
30.25,0.0,0.0,0.000265492624095
30.3,0.0,0.0,0.000264087751661
30.35,0.0,0.0,0.000262611665455
30.4,0.0,0.0,0.000261083712806
30.45,0.0,0.0,0.00025951937156
30.5,0.0,0.0,0.00025791658864
30.55,0.0,0.0,0.000255999318551
30.6,0.0,0.0,0.0002542517534
30.65,0.0,0.0,0.000255793034562
30.7,0.0,0.0,0.000256587514362
30.75,0.0,0.0,0.000256808652582
30.8,0.0,0.0,0.000256590932958
30.85,0.0,0.0,0.000256018218454
30.9,0.0,0.0,0.000254892812135
30.95,0.0,0.0,0.000253579949798
31.0,0.0,0.0,0.000252296613596
31.05,0.0,0.0,0.000254275148152
31.1,0.0,0.0,0.000255406668334
31.15,0.0,0.0,0.000256271821749
31.2,0.0,0.0,0.000262279640316
31.25,0.0,0.0,0.000266615049504
31.3,0.0,0.0,0.000269662488214
31.35,0.0,0.0,0.000271718551016
31.4,0.0,0.0,0.00027301220116
31.45,0.0,0.0,0.000273719757443
31.5,0.0,0.0,0.000273977525711
31.55,0.0,0.0,0.000273890958906
31.6,0.0,0.0,0.000273516961421
31.65,0.0,0.0,0.000272646011811
31.7,0.0,0.0,0.0002716298866
31.75,0.0,0.0,0.000270504410036
31.8,0.0,0.0,0.000269297715303
31.85,0.0,0.0,0.000268031394122
31.9,0.0,0.0,0.000266722144826
31.95,0.0,0.0,0.000265382482945
32.0,0.0,0.0,0.000263997703014
32.05,0.0,0.0,0.000262304227876
32.1,0.0,0.0,0.000260610586463
32.15,0.0,0.0,0.000258879388311
32.2,0.0,0.0,0.000256560474031
32.25,0.0,0.0,0.000254262076352
32.3,0.0,0.0,0.000251984164286
32.35,0.0,0.0,0.000249726586846
32.4,0.0,0.0,0.000247489242725
32.45,0.0,0.0,0.000245401789286
32.5,0.0,0.0,0.000247727813419
32.55,0.0,0.0,0.000249069878808
32.6,0.0,0.0,0.000249656087125
32.65,0.0,0.0,0.000249663161957
32.7,0.0,0.0,0.000249378275725
32.75,0.0,0.0,0.000252635608404
32.8,0.0,0.0,0.000254748726659
32.85,0.0,0.0,0.000255982254912
32.9,0.0,0.0,0.000256725454592
32.95,0.0,0.0,0.000260147151524
33.0,0.0,0.0,0.000265197283297
33.05,0.0,0.0,0.000268794379258
33.1,0.0,0.0,0.000271272423114
33.15,0.0,0.0,0.000272889645272
33.2,0.0,0.0,0.000273845596192
33.25,0.0,0.0,0.000274293174997
33.3,0.0,0.0,0.000274350959418
33.35,0.0,0.0,0.000274110436333
33.4,0.0,0.0,0.000273642408659
33.45,0.0,0.0,0.000272969064709
33.5,0.0,0.0,0.000271870502524
33.55,0.0,0.0,0.000270681668067
33.6,0.0,0.0,0.000269425978755
33.65,0.0,0.0,0.000268121915646
33.7,0.0,0.0,0.000266986194888
33.75,0.0,0.0,0.000267364121985
33.8,0.0,0.0,0.00026731371232
33.85,0.0,0.0,0.000266935727635
33.9,0.0,0.0,0.000266286218752
33.95,0.0,0.0,0.00026513038796
34.0,0.0,0.0,0.000263540550852
34.05,0.0,0.0,0.000261854814056
34.1,0.0,0.0,0.000260098938255
34.15,0.0,0.0,0.000258293166694
34.2,0.0,0.0,0.000256453075186
34.25,0.0,0.0,0.000254590459628
34.3,0.0,0.0,0.000252714144014
34.35,0.0,0.0,0.00025083113864
34.4,0.0,0.0,0.000248946998108
34.45,0.0,0.0,0.000247248283973
34.5,0.0,0.0,0.000248620658422
34.55,0.0,0.0,0.000249300352645
34.6,0.0,0.0,0.000249448608312
34.65,0.0,0.0,0.000249190015396
34.7,0.0,0.0,0.000248607666882
34.75,0.0,0.0,0.000247680601796
34.8,0.0,0.0,0.000249432327212
34.85,0.0,0.0,0.000250400265642
34.9,0.0,0.0,0.000250766816726
34.95,0.0,0.0,0.000250672720602
35.0,0.0,0.0,0.000250226729606
35.05,0.0,0.0,0.000249512229259
35.1,0.0,0.0,0.000248593611815
35.15,0.0,0.0,0.000247520701678
35.2,0.0,0.0,0.00024633203929
35.25,0.0,0.0,0.000245057700758
35.3,0.0,0.0,0.000243719950833
35.35,0.0,0.0,0.00024233640326
35.4,0.0,0.0,0.000240920764603
35.45,0.0,0.0,0.000239461216772
35.5,0.0,0.0,0.000237691815682
35.55,0.0,0.0,0.00023592157809
35.6,0.0,0.0,0.000234154137611
35.65,0.0,0.0,0.000232392407383
35.7,0.0,0.0,0.000230638707948
35.75,0.0,0.0,0.000228874309063
35.8,0.0,0.0,0.000226823801647
35.85,0.0,0.0,0.000224791440124
35.9,0.0,0.0,0.000222777202034
35.95,0.0,0.0,0.000220902624136
36.0,0.0,0.0,0.000223656002704
36.05,0.0,0.0,0.000225373969006
36.1,0.0,0.0,0.000226296249098
36.15,0.0,0.0,0.000226607968171
36.2,0.0,0.0,0.000226452075103
36.25,0.0,0.0,0.000226122926762
36.3,0.0,0.0,0.000228549140722
36.35,0.0,0.0,0.00023007574998
36.4,0.0,0.0,0.000230911080426
36.45,0.0,0.0,0.000231216110878
36.5,0.0,0.0,0.000231115162102
36.55,0.0,0.0,0.000230703624138
36.6,0.0,0.0,0.000230055202095
36.65,0.0,0.0,0.00022922687498
36.7,0.0,0.0,0.000228262681513
36.75,0.0,0.0,0.000227196859728
36.8,0.0,0.0,0.000226055383845
36.85,0.0,0.0,0.000224858130913
36.9,0.0,0.0,0.000223620627523
36.95,0.0,0.0,0.000222554003013
37.0,0.0,0.0,0.000222960876858
37.05,0.0,0.0,0.000222954450116
37.1,0.0,0.0,0.000222631756109
37.15,0.0,0.0,0.000222067770491
37.2,0.0,0.0,0.000221320416125
37.25,0.0,0.0,0.000220412536244
37.3,0.0,0.0,0.00021910386056
37.35,0.0,0.0,0.000217723859299
37.4,0.0,0.0,0.000216292082275
37.45,0.0,0.0,0.000214823767698
37.5,0.0,0.0,0.000213330807786
37.55,0.0,0.0,0.000211821763413
37.6,0.0,0.0,0.000210369639243
37.65,0.0,0.0,0.000214934287668
37.7,0.0,0.0,0.000218272580564
37.75,0.0,0.0,0.000224488149823
37.8,2.15993889441e-16,3.77134680161e-17,0.000228991135596
37.85,7.98808329398e-05,8.73516257584e-07,0.000232174482731
37.9,0.000154795669012,1.75853531517e-06,0.000234341879823
37.95,0.000225014975925,2.66695923157e-06,0.000235714825255
38.0,0.000290858642113,3.61221917032e-06,0.0002361884554
38.05,0.000352584904326,4.61249150473e-06,0.000236206036834
38.1,0.000410455746042,5.67172230269e-06,0.000236040001727
38.15,0.000464716135727,6.80904596995e-06,0.000239104136935
38.2,0.000515579515886,8.03195865688e-06,0.000241166175941
38.25,0.000563276984045,9.34792821472e-06,0.000242597938748
38.3,0.000607981383207,1.07731364733e-05,0.000247567380556
38.35,0.000649906537145,1.23059801341e-05,0.000251138611483
38.4,0.000689200848768,1.39616189086e-05,0.000253633000342
38.45,0.000726049451571,1.57470421481e-05,0.000255298718385
38.5,0.000760591125661,1.76646174422e-05,0.000256327585675
38.55,0.000792977848746,1.97304067817e-05,0.000256866853079
38.6,0.000823341679847,2.19411216669e-05,0.000256986499728
38.65,0.000851806773347,2.43093377223e-05,0.000256527593246
38.7,0.000878498043473,2.68422329232e-05,0.000256052421368
38.75,0.000903516346367,2.95347248193e-05,0.000257178295405
38.8,0.000903516346367,3.08368905524e-05,0.000257721203489
38.85,0.000894975715403,3.21146125526e-05,0.000257816709436
38.9,0.000886515592469,3.33580824836e-05,0.000257569760844
38.95,0.000878135221,3.45657059977e-05,0.000257061470435
39.0,0.000869833851517,3.5735712688e-05,0.000256354454866
39.05,0.000861610741559,3.68684271747e-05,0.000255496720768
39.1,0.00085346515562,3.79613139591e-05,0.000254499839568
39.15,0.000845396365081,3.9015502341e-05,0.000253122574115
39.2,0.00083740364815,4.00314025261e-05,0.000251689594819
39.25,0.000829486289792,4.10087156181e-05,0.000250187068252
39.3,0.000821643581674,4.19476319197e-05,0.000248444876319
39.35,0.000813874822093,4.2850690101e-05,0.000252316825002
39.4,0.000806179315925,4.36894493352e-05,0.00025490069823
39.45,0.000798556374553,4.44702547457e-05,0.000256494100261
39.5,0.000791005315814,4.51983233292e-05,0.000257326733925
39.55,0.000783525463936,4.58789491579e-05,0.000257575501504
39.6,0.000776116149476,4.651499999e-05,0.000257377112027
39.65,0.000768776709266,4.7110067674e-05,0.00025683763396
39.7,0.000761506486349,4.76671549204e-05,0.000256022862324
39.75,0.000754304829926,4.8188876358e-05,0.00025471233306
39.8,0.000747171095295,4.86791182594e-05,0.000253258713386
39.85,0.00074010834251,4.91396701293e-05,0.000251698021677
39.9,0.000733112166575,4.95732914933e-05,0.000250058590648
39.95,0.000726181941843,4.9980916061e-05,0.000248549644336
40.0,0.000719317048525,5.0362040575e-05,0.000249937112562
40.05,0.000712516872636,5.07009061513e-05,0.000250625392532
40.1,0.000705780805942,5.10024620896e-05,0.000250777405079
40.15,0.000699108245907,5.12717782649e-05,0.000250519400881
40.2,0.000692498595635,5.15121847508e-05,0.000249947841343
40.25,0.000685951263825,5.17281696293e-05,0.000249138128182
40.3,0.000679465664711,5.19206741286e-05,0.000248306613026
40.35,0.000673041218017,5.20920045336e-05,0.000249667051319
40.4,0.0006666773489,5.22290859473e-05,0.000250335298289
40.45,0.000660373487905,5.23368894641e-05,0.000250472773919
40.5,0.00065412907091,5.24203654981e-05,0.000250203845193
40.55,0.000647943539079,5.24834343601e-05,0.000249624571546
40.6,0.00064181633881,5.25292113807e-05,0.000248809056218
40.65,0.00063574692169,5.25602646695e-05,0.000247814952306
40.7,0.000629734744443,5.2578807183e-05,0.000246685858126
40.75,0.000623779268885,5.25860295208e-05,0.000245456290435
40.8,0.000617879961873,5.25832532394e-05,0.000244152336163
40.85,0.000612039353946,5.25715622757e-05,0.000242794103638
40.9,0.000606253802355,5.25518623027e-05,0.000241396862708
40.95,0.000600522789712,5.25249033773e-05,0.000239951273549
41.0,0.000594845803479,5.24914606485e-05,0.000238309468282
41.05,0.000589222335915,5.24532602992e-05,0.00024135580129
41.1,0.000583651884036,5.23795000176e-05,0.000243330496704
41.15,0.000578133949568,5.22794915556e-05,0.000244481847642
41.2,0.000572668038903,5.21595068136e-05,0.000245233488706
41.25,0.00056725366306,5.20231479414e-05,0.000247280680564
41.3,0.000561890337634,5.18627332531e-05,0.00024852922625
41.35,0.000556577582759,5.16846545888e-05,0.000248881544943
41.4,0.000551314923066,5.14973975389e-05,0.000248780251293
41.45,0.000546101887637,5.13029002982e-05,0.000248332237393
41.5,0.000540938009967,5.11037113752e-05,0.000247620127024
41.55,0.000535822827921,5.09026786789e-05,0.000246885816512
41.6,0.000530755883693,5.07004113136e-05,0.000249158976026
41.65,0.000525736723768,5.04770391314e-05,0.000250595606411
41.7,0.000520764898879,5.02396653053e-05,0.000251389226116
41.75,0.000515839963969,4.99939478104e-05,0.000251883616448
41.8,0.000510961478151,4.97406860473e-05,0.000254766439729
41.85,0.000506131534079,4.94677376211e-05,0.000256727361809
41.9,0.000501347119345,4.91808116589e-05,0.000257978634046
41.95,0.000496607806094,4.88855194434e-05,0.000258910255023
42.0,0.000491913170475,4.85845889953e-05,0.000261346956036
42.05,0.000487262792608,4.82692612278e-05,0.000262720289139
42.1,0.000482656256547,4.7947411206e-05,0.00026350983623
42.15,0.000478093150238,4.76224904662e-05,0.000263851398562
42.2,0.000473573065489,4.72976625863e-05,0.000263836415737
42.25,0.00046909559793,4.69752025847e-05,0.000263432364523
42.3,0.000464660346981,4.66568521916e-05,0.00026614233496
42.35,0.000460266915811,4.63262870458e-05,0.000267947536431
42.4,0.000455914911309,4.59881173903e-05,0.00026905672733
42.45,0.000451603944045,4.56487753437e-05,0.000269631304003
42.5,0.00044733362824,4.53091695823e-05,0.000270014235676
42.55,0.000443103581725,4.49725099093e-05,0.000279915654338
42.6,0.000438913425914,4.45886386023e-05,0.000287029623296
42.65,0.000434762785769,4.41753867577e-05,0.000292229635759
42.7,0.000430651289765,4.37461943963e-05,0.000295954972128
42.75,0.000426578569857,4.33092821188e-05,0.00029852477978
42.8,0.000422544261451,4.28709982384e-05,0.000299923436412
42.85,0.000418550095083,4.24374423903e-05,0.000300656502108
42.9,0.000414593579619,4.2011891211e-05,0.000300878714335
42.95,0.000410674361237,4.15974158413e-05,0.000300695387849
43.0,0.000406792089431,4.11942647556e-05,0.000299914616426
43.05,0.000402946416978,4.08044679434e-05,0.000298911525155
43.1,0.000399136999906,4.04284802642e-05,0.000297740505657
43.15,0.000395363497465,4.00673045354e-05,0.000296443148852
43.2,0.000391625572095,3.97192719657e-05,0.000295051765384
43.25,0.000387922889401,3.93841327822e-05,0.000293567397295
43.3,0.000384255118117,3.90630447727e-05,0.000291936880647
43.35,0.000380621930082,3.87540278608e-05,0.00029290389551
43.4,0.000377023000208,3.84471737153e-05,0.000293251840635
43.45,0.000373458006453,3.81448851167e-05,0.000293125495851
43.5,0.000369926629793,3.78478176242e-05,0.00029256500127
43.55,0.00036642855419,3.75596009125e-05,0.000291142520076
43.6,0.00036296346657,3.72808825041e-05,0.000289528410561
43.65,0.000359531056791,3.70133338878e-05,0.000287770749181
43.7,0.000356131017616,3.67560548356e-05,0.000285906822334
43.75,0.000352763044688,3.65093537338e-05,0.000283965624194
43.8,0.000349426836502,3.62726793414e-05,0.000281969620815
43.85,0.000346123824142,3.6045973164e-05,0.000279935474866
43.9,0.00034285194754,3.58283676964e-05,0.00027806682856
43.95,0.000339610914101,3.56196607049e-05,0.000279030820694
44.0,0.000336400433971,3.54082680594e-05,0.000279335866113
44.05,0.00033322022001,3.51986670619e-05,0.000279136826538
44.1,0.000330069987767,3.49904901472e-05,0.000278552163217
44.15,0.000326949455456,3.4786844021e-05,0.000277673480929
44.2,0.00032385834393,3.45872044842e-05,0.00027657165043
44.25,0.000320796376656,3.4392784529e-05,0.000275301572011
44.3,0.000317763279691,3.42040127299e-05,0.000273886544006
44.35,0.00031475878166,3.40201238816e-05,0.000272080274673
44.4,0.000311782613729,3.38440357991e-05,0.000270211282071
44.45,0.000308834509581,3.36737522428e-05,0.000268501435853
44.5,0.000305914205396,3.35091682801e-05,0.000269289429876
44.55,0.000303021439825,3.33428432419e-05,0.000269480299738
44.6,0.000300155953968,3.3175629545e-05,0.000269440081272
44.65,0.000297317491349,3.30094676861e-05,0.000270987836119
44.7,0.000294505797898,3.28391598283e-05,0.000271824783065
44.75,0.000291720621922,3.26664417857e-05,0.000272116273526
44.8,0.00028896171409,3.24949876507e-05,0.000271990390934
44.85,0.00028623025785,3.23242169067e-05,0.000271545398744
44.9,0.000283524549608,3.21559485609e-05,0.000270836171515
44.95,0.000280844347403,3.1991106301e-05,0.000269645110298
45.0,0.000278189411535,3.18299071415e-05,0.00026832072507
45.05,0.000275559504552,3.16739079857e-05,0.000266897734404
45.1,0.000272954391225,3.15223111617e-05,0.00026540184982
45.15,0.000270373838527,3.13747541832e-05,0.000263853052434
45.2,0.000267817615617,3.12326438073e-05,0.000262437816409
45.25,0.000265285493811,3.1094177139e-05,0.000264351149619
45.3,0.000262777246572,3.09500474386e-05,0.00026569208176
45.35,0.000260292649483,3.08035303536e-05,0.000268777275274
45.4,0.000257831480228,3.06490323258e-05,0.000270863826375
45.45,0.000255393518575,3.04896814344e-05,0.000272164064644
45.5,0.000252978546355,3.03291111919e-05,0.000272576377689
45.55,0.000250586347444,3.01682779106e-05,0.000272542010561
45.6,0.000248216707741,3.00094034537e-05,0.000272151691847
45.65,0.000245869415152,2.98531105555e-05,0.000271201743617
45.7,0.000243544259571,2.96999991926e-05,0.000270058677783
45.75,0.000241241032858,2.95520131599e-05,0.000268770179093
45.8,0.000238959528827,2.94078564881e-05,0.000267373233755
45.85,0.00023670072614,2.92677953355e-05,0.000265896246915
45.9,0.000234463215996,2.9132937892e-05,0.00026436082146
45.95,0.000232246798301,2.90019542679e-05,0.000262784071896
46.0,0.000230051274835,2.88749265943e-05,0.000261178982972
46.05,0.000227876449234,2.87528830987e-05,0.000259555644034
46.1,0.000225722126973,2.86344588208e-05,0.000257921469427
46.15,0.00022358811535,2.85195479525e-05,0.000256282473285
46.2,0.000221474223465,2.84088952591e-05,0.000254618393011
46.25,0.00021938026221,2.83019005159e-05,0.00025282348136
46.3,0.000217306044246,2.81983847452e-05,0.00025478269757
46.35,0.000215251383988,2.80897834482e-05,0.000258675004422
46.4,0.000213216097592,2.7973360267e-05,0.000261261420851
46.45,0.000211200002935,2.78512578127e-05,0.000262994821951
46.5,0.0002092029196,2.77255826417e-05,0.000267820933659
46.55,0.00020722466886,2.7591065273e-05,0.000271172202958
46.6,0.000205265073664,2.7450496843e-05,0.00027338830026
46.65,0.000203323958618,2.7306576879e-05,0.000274731797455
46.7,0.000201401149972,2.71625914118e-05,0.000275404827813
46.75,0.000199496475604,2.70186310852e-05,0.000275563900173
46.8,0.000197609765006,2.68766628694e-05,0.000275329229755
46.85,0.000195741827492,2.67373362858e-05,0.000274794344675
46.9,0.000193891498041,2.66004633378e-05,0.000274030482934
46.95,0.000192058611184,2.64677569565e-05,0.000273093231384
47.0,0.000190243003,2.63382712681e-05,0.000272212660859
47.05,0.000188444511105,2.62117166651e-05,0.000274168748494
47.1,0.000186662974634,2.60837478509e-05,0.000275380631115
47.15,0.00018489823423,2.59546341323e-05,0.000276021005326
47.2,0.000183150132028,2.582595487e-05,0.000276379012371
47.25,0.000181418511642,2.56989214963e-05,0.000280100553535
47.3,0.00017970321815,2.55662884266e-05,0.000282395908873
47.35,0.000178004098083,2.54318542311e-05,0.000283548870738
47.4,0.000176320999408,2.52976895557e-05,0.000284058193495
47.45,0.000174653771516,2.51643392261e-05,0.000284046133211
47.5,0.000173002265211,2.50341591388e-05,0.000283361811759
47.55,0.000171366332693,2.49068983544e-05,0.000282397058711
47.6,0.000169745827546,2.4783224239e-05,0.000281219735275
47.65,0.000168140604728,2.46640484958e-05,0.000279882408439
47.7,0.000166550520556,2.4548455929e-05,0.000278425200269
47.75,0.00016497543269,2.44369027179e-05,0.000276879473557
47.8,0.000163415200128,2.43298284664e-05,0.000275269271885
47.85,0.000161870492139,2.42263313088e-05,0.00027361332226
47.9,0.000160340345299,2.41264149499e-05,0.000271925283867
47.95,0.000158824622771,2.40310222558e-05,0.000270216302418
48.0,0.000157323189,2.39389254931e-05,0.000268698085109
48.05,0.0001558359097,2.38496969747e-05,0.000268868226677
48.1,0.000154362651842,2.37609101998e-05,0.000268775754278
48.15,0.000152903283646,2.36732893026e-05,0.000271229424461
48.2,0.000151457674563,2.35822571735e-05,0.000272731632952
48.25,0.000150025695268,2.34894598621e-05,0.000273228636871
48.3,0.000148607217648,2.33972215557e-05,0.000273375926919
48.35,0.000147202114789,2.33057849812e-05,0.000276043771935
48.4,0.000145810260966,2.32110312183e-05,0.000277889472663
48.45,0.000144431531633,2.31145264125e-05,0.000282554307842
48.5,0.000143065803409,2.30130742179e-05,0.000285821216158
48.55,0.00014171295407,2.29080918446e-05,0.000288211676376
48.6,0.000140372862538,2.28011229823e-05,0.000292401940545
48.65,0.000139045408867,2.26908670876e-05,0.000295354545451
48.7,0.000137730474237,2.25781798625e-05,0.000297354389831
48.75,0.00013642794094,2.24648740983e-05,0.000298621641341
48.8,0.000135137692371,2.23527107397e-05,0.000299325919639
48.85,0.000133860281991,2.2241506735e-05,0.00029959815227
48.9,0.000132594913085,2.21324108769e-05,0.000299539132774
48.95,0.000131341472496,2.20259115466e-05,0.000299226817553
49.0,0.000130099848124,2.19216007183e-05,0.000298707093376
49.05,0.000128869928922,2.18203013341e-05,0.000297742271718
49.1,0.000127651604881,2.17223784663e-05,0.000296650649801
49.15,0.000126444767021,2.16273477901e-05,0.000295183434889
49.2,0.000125249307386,2.15359546255e-05,0.00029366472375
49.25,0.000124065119028,2.144836607e-05,0.000292109965017
49.3,0.000122892096004,2.13638447783e-05,0.000290509398468
49.35,0.000121730133361,2.12823246396e-05,0.000288596573084
49.4,0.000120579127129,2.12047540338e-05,0.000286863933383
49.45,0.000119438974313,2.11303118324e-05,0.000287229919464
49.5,0.000118309572884,2.10561535021e-05,0.000287060797298
49.55,0.000117190821767,2.09829115316e-05,0.000286463865519
49.6,0.000116082620834,2.09116394833e-05,0.000285257646362
49.65,0.000114984870895,2.08426368289e-05,0.00028382099125
49.7,0.000113897473692,2.07758647386e-05,0.000282210717659
49.75,0.000112820331885,2.07114382253e-05,0.00028047113458
49.8,0.000111753349046,2.06495361545e-05,0.000278828413637
49.85,0.000110696982864,2.05903728307e-05,0.000279924860742
49.9,0.00010965057449,2.05302592835e-05,0.000280329189225
49.95,0.000108614030346,2.04700220529e-05,0.000280203531285
50.0,0.000107587257731,2.04102681172e-05,0.000279672672074
50.05,0.000106570164813,2.03515200862e-05,0.000278833254018
50.1,0.000105562660619,2.02945543376e-05,0.000277759391087
50.15,0.000104564655027,2.02390230883e-05,0.000276508388714
50.2,0.000103576058763,2.01850677868e-05,0.000275124185046
50.25,0.000102596783384,2.0132776066e-05,0.00027364111222
50.3,0.00010162674128,2.00821948185e-05,0.000272085219851
50.35,0.000100665845659,2.00336047837e-05,0.000270477036345
50.4,9.9714010542e-05,1.99869754113e-05,0.000268814434142
50.45,9.87711507572e-05,1.99420448084e-05,0.000266829288548
50.5,9.78371819295e-05,1.98990872838e-05,0.000264834363243
50.55,9.69120204743e-05,1.98580430962e-05,0.000262836302945
50.6,9.59955835904e-05,1.98188486623e-05,0.000260839794437
50.65,9.50877892522e-05,1.97814387344e-05,0.000258848543184
50.7,9.41885562029e-05,1.97457869017e-05,0.000256865137302
50.75,9.32978039468e-05,1.97120900751e-05,0.000254891952641
50.8,9.24154527427e-05,1.96799628038e-05,0.000252909916955
50.85,9.15418810797e-05,1.964936337e-05,0.00025064394452
50.9,9.06765441167e-05,1.96205275605e-05,0.000248398026139
50.95,8.9819364469e-05,1.95934159484e-05,0.000246172546543
51.0,8.89702654767e-05,1.95679453024e-05,0.000243966939374
51.05,8.8129171198e-05,1.95440188519e-05,0.000241781279302
51.1,8.72960064019e-05,1.95215704295e-05,0.000239615215147
51.15,8.64706965626e-05,1.9500537294e-05,0.000237468551359
51.2,8.56531678517e-05,1.94808597948e-05,0.000235340883595
51.25,8.48433471328e-05,1.94624814134e-05,0.000233232240591
51.3,8.40411619544e-05,1.94453481733e-05,0.00023114226017
51.35,8.32465405436e-05,1.94294088873e-05,0.000229071317296
51.4,8.24594117998e-05,1.94146142881e-05,0.000227018702448
51.45,8.16797052888e-05,1.94009179851e-05,0.000224984767244
51.5,8.09073512358e-05,1.93882998451e-05,0.000222968994069
51.55,8.01422805201e-05,1.93767335956e-05,0.000220971451169
51.6,7.93844246683e-05,1.93661262416e-05,0.000218991817589
51.65,7.86337158486e-05,1.93564397896e-05,0.000217029914608
51.7,7.78900868649e-05,1.93476380267e-05,0.000215085372687
51.75,7.71534711507e-05,1.93396866147e-05,0.000213158218087
51.8,7.64238027631e-05,1.93325526162e-05,0.000211248119803
51.85,7.57013946972e-05,1.93262047669e-05,0.000209355420528
51.9,7.49857963917e-05,1.93206133005e-05,0.000207479471807
51.95,7.42769438526e-05,1.93157497088e-05,0.000205620594995
52.0,7.35747736853e-05,1.93115863074e-05,0.000203778317028
52.05,7.2879223089e-05,1.93080969555e-05,0.000201952700278
52.1,7.21902298509e-05,1.93052564676e-05,0.000200143451414
52.15,7.15077323409e-05,1.93030409079e-05,0.000198350407097
52.2,7.08316695062e-05,1.93014355362e-05,0.000196573229594
52.25,7.01619808658e-05,1.93004697848e-05,0.000194811942907
52.3,6.94986065054e-05,1.93000706298e-05,0.000193066244518
52.35,6.88414870717e-05,1.93002179793e-05,0.000191336447626
52.4,6.81905637675e-05,1.93008921578e-05,0.000189621959588
52.45,6.75457783464e-05,1.93020921419e-05,0.0001879230741
52.5,6.69070731077e-05,1.9303828906e-05,0.000186239358814
52.55,6.62743908912e-05,1.93060392152e-05,0.000184570870734
52.6,6.56476750723e-05,1.93087065955e-05,0.000182917341775
52.65,6.50268695569e-05,1.93118153859e-05,0.000181278622657
52.7,6.44119187766e-05,1.93153505862e-05,0.000179654404715
52.75,6.38027676835e-05,1.93192979854e-05,0.000178044709886
52.8,6.31993617456e-05,1.93236438025e-05,0.000176449261688
52.85,6.26019597971e-05,1.93283749592e-05,0.000174868346365
52.9,6.20101892421e-05,1.93334789599e-05,0.00017330142228
52.95,6.14239971603e-05,1.93389437456e-05,0.000171748757852
53.0,6.08433311269e-05,1.93447573466e-05,0.000170209957945
53.05,6.02681392082e-05,1.93509085287e-05,0.000168685074656
53.1,5.96983699566e-05,1.93573863223e-05,0.000167173862975
53.15,5.91339724069e-05,1.93641803029e-05,0.000165676186469
53.2,5.85748960706e-05,1.93712804619e-05,0.000164191763041
53.25,5.80210909326e-05,1.93786773347e-05,0.000162720612737
53.3,5.7472507446e-05,1.93863616791e-05,0.000161262482875
53.35,5.69290965282e-05,1.93943247357e-05,0.00015981763506
53.4,5.63908095563e-05,1.94025869233e-05,0.000158385574274
53.45,5.58575983629e-05,1.94112689028e-05,0.000156966545832
53.5,5.53294152318e-05,1.94202079707e-05,0.00015556018861
53.55,5.4806212894e-05,1.94293964057e-05,0.000154166550218
53.6,5.42879445232e-05,1.9438826603e-05,0.000152785406735
53.65,5.37745637318e-05,1.94484913429e-05,0.000151416633471
53.7,5.32660245671e-05,1.94583836768e-05,0.000150059972608
53.75,5.27622815067e-05,1.94684970522e-05,0.000148715442467
53.8,5.22632894549e-05,1.94788250184e-05,0.000147382812114
53.85,5.1769262457e-05,1.94893614745e-05,0.000146062320637
53.9,5.12798923913e-05,1.95001005632e-05,0.000144753515626
53.95,5.0795135495e-05,1.95110365891e-05,0.000143456621281
54.0,5.03149484149e-05,1.95222262045e-05,0.000142171307557
54.05,4.9839288204e-05,1.95336036654e-05,0.00014089761797
54.1,4.93681123172e-05,1.95451616383e-05,0.000139635347869
54.15,4.89013786082e-05,1.95568950183e-05,0.000138384383298
54.2,4.84390453254e-05,1.9569016912e-05,0.000137144488627
54.25,4.7981071108e-05,1.95813189828e-05,0.000135915680602
54.3,4.75274149831e-05,1.95937846664e-05,0.000134697748164
54.35,4.70780363611e-05,1.96064095674e-05,0.000133490909823
54.4,4.6632895033e-05,1.96191890968e-05,0.000132294752108
54.45,4.61919511663e-05,1.96321191386e-05,0.000131109479922
54.5,4.57551653017e-05,1.96451953865e-05,0.000129934791627
54.55,4.53224983495e-05,1.96584138807e-05,0.000128770726993
54.6,4.48939115864e-05,1.96717706378e-05,0.000127617098984
54.65,4.44693666519e-05,1.96852618905e-05,0.000126473803451
54.7,4.40488255446e-05,1.96988839936e-05,0.000125340625044
54.75,4.36322506197e-05,1.97126335389e-05,0.000124217579069
54.8,4.32196045849e-05,1.97265071038e-05,0.000123104472633
54.85,0.000122691897386,2.09336671338e-05,0.000122001505438
54.9,0.000197202044412,2.22812662155e-05,0.000120908299599
54.95,0.000267020477183,2.37756039604e-05,0.000119825042385
55.0,0.000332467048279,2.54276609588e-05,0.00011875145812
55.05,0.000393799958936,2.72581282028e-05,0.000117687583149
55.1,0.000451281157449,2.92672302377e-05,0.000116633246535
55.15,0.000505155577429,3.14788458479e-05,0.000115588353093
55.2,0.000555636626858,3.39033846693e-05,0.000114552706009
55.25,0.000602955369054,3.65504291961e-05,0.00011352631927
55.3,0.00064728461314,3.94425772387e-05,0.000112509016585
55.35,0.000688838149322,4.25819721117e-05,0.00011150098047
55.4,0.000727764347258,4.59917673706e-05,0.000110501865562
55.45,0.000764248307502,4.96859472166e-05,0.000109511843012
55.5,0.000798428777533,5.36683588089e-05,0.000108530660872
55.55,0.000830457702729,5.79671405362e-05,0.000107558352359
55.6,0.000860467110092,6.25807180319e-05,0.000106594761248
55.65,0.000888581122281,6.75294809348e-05,0.000105639800546
55.7,0.000914924622097,7.28281307784e-05,0.000104693290379
55.75,0.000939598434552,7.8475844435e-05,0.00010375524353
55.8,0.000939257193144,8.22960703685e-05,0.000102825498882
55.85,0.000930378716181,8.61416100025e-05,0.00010190422324
55.9,0.000921583931944,8.99769286163e-05,0.000100991100968
55.95,0.000912872053941,9.37953575088e-05,0.000100086288486
56.0,0.000904242303044,9.75904219148e-05,9.91895555291e-05
56.05,0.000895693907424,0.000101355023158,9.83009324574e-05
56.1,0.000887226102479,0.000105084283956,9.74202764912e-05
56.15,0.000878838130769,0.000108773173129,9.6547508125e-05
56.2,0.000870529241947,0.000112416519859,9.56824629662e-05
56.25,0.000862298692696,0.000116009894696,9.48251526977e-05
56.3,0.00085414574666,0.000119552475198,9.3975430069e-05
56.35,0.000846069674382,0.000123035999592,9.31334475295e-05
56.4,0.000838069753238,0.000126462591877,9.22989166092e-05
56.45,0.000830145267372,0.000129826664,9.14719802651e-05
56.5,0.000822295507636,0.000133125937677,9.06524280512e-05
56.55,0.000814519771526,0.000136359216017,8.9840287714e-05
56.6,0.000806817363119,0.000139525277405,8.9035428763e-05
56.65,0.000799187593011,0.000142622884449,8.82377785356e-05
56.7,0.00079162977826,0.000145650788836,8.74471867884e-05
56.75,0.000784143242322,0.000148607739363,8.66636641985e-05
56.8,0.000776727314992,0.000151492484765,8.58870761893e-05
56.85,0.000769385177372,0.000154308258049,8.51175620891e-05
56.9,0.000762112250216,0.000157051538794,8.43548582559e-05
56.95,0.000754907883128,0.000159722955519,8.35990953427e-05
57.0,0.0007477714318,0.000162324242592,8.28500810166e-05
57.05,0.000740702257962,0.000164854693219,8.21078406356e-05
57.1,0.000733699729318,0.000167313374607,8.13722549405e-05
57.15,0.000726763219497,0.000169705515569,8.06432575228e-05
57.2,0.000719892107993,0.000172027426301,7.99207110702e-05
57.25,0.000713085780112,0.000174280545886,7.92046253409e-05
57.3,0.000706343626919,0.0001764662638,7.84948773412e-05
57.35,0.000699665045183,0.00017858724228,7.77915944075e-05
57.4,0.000693049437322,0.00018064377269,7.70945355892e-05
57.45,0.000686496211353,0.000182636147858,7.64038202942e-05
57.5,0.00068000478084,0.000184565604086,7.57192727433e-05
57.55,0.000673574564841,0.00018643334393,7.50409161122e-05
57.6,0.000667204987855,0.000188240531666,7.4368641406e-05
57.65,0.000660895479775,0.000189989742774,7.37023879319e-05
57.7,0.000654645475834,0.000191681593517,7.30420301961e-05
57.75,0.000648454416558,0.000193316748594,7.23875771168e-05
57.8,0.000642321747716,0.000194896227512,7.17389162861e-05
57.85,0.000636250099949,0.000196421022949,7.10961640809e-05
57.9,0.000630235686407,0.000197894627943,7.0459100289e-05
57.95,0.000624277969238,0.000199317847081,6.98278340407e-05
58.0,0.000618376415629,0.000200689678915,6.92022046862e-05
58.05,0.000612530497754,0.000202013155421,6.85822334062e-05
58.1,0.000606739692732,0.000203290935555,6.79678205872e-05
58.15,0.000601003482577,0.000204520279877,6.73589107599e-05
58.2,0.000595321354158,0.00020570743657,6.67553892317e-05
58.25,0.000589692799149,0.000206849511717,6.61572641532e-05
58.3,0.000584117313984,0.000207949827918,6.55644327915e-05
58.35,0.000578594399815,0.00020900899714,6.49770015067e-05
58.4,0.000573123562467,0.000210028036587,6.43947690402e-05
58.45,0.000567704312396,0.000211008335027,6.38178351298e-05
58.5,0.000562336164641,0.000211951262035,6.32460529522e-05
58.55,0.000557018638787,0.000212856752773,6.26794418655e-05
58.6,0.000551751258919,0.000213728615807,6.21179108296e-05
58.65,0.000546533553581,0.000214563145423,6.15614091494e-05
58.7,0.000541365055735,0.000215367259131,6.10098320038e-05
58.75,0.000536245302719,0.000216137145269,6.04631868419e-05
58.8,0.000531173836204,0.000216874498354,5.99213797727e-05
58.85,0.000526152831625,0.000217583759227,5.93845080024e-05
58.9,0.000521179157411,0.000218261550367,5.88523875942e-05
58.95,0.000516252368781,0.000218909852459,5.83251097016e-05
59.0,0.00051137202512,0.0002195323765,5.78025401383e-05
59.05,0.000506537689937,0.000220126091832,5.72846965963e-05
59.1,0.00050174893083,0.000220691937012,5.6771495871e-05
59.15,0.000497005319449,0.000221234305029,5.62628916309e-05
59.2,0.000492306431453,0.000221751281876,5.57587880764e-05
59.25,0.000487651846477,0.000222242831208,5.52591920157e-05
59.3,0.000483041148093,0.000222709749329,5.47640176388e-05
59.35,0.000478473923775,0.000223155717423,5.42733537854e-05
59.4,0.000473949764861,0.000223579140704,5.378703235e-05
59.45,0.000469468266515,0.00022397999311,5.33051366407e-05
59.5,0.000465029027697,0.000224358945412,5.28275440203e-05
59.55,0.000460631651122,0.000224716643557,5.23542706581e-05
59.6,0.000456275743228,0.000225056355417,5.1885240511e-05
59.65,0.000451960914141,0.00022537613045,5.1420411235e-05
59.7,0.000447686777638,0.000225676311723,5.0959695276e-05
59.75,0.000443452951117,0.000225957448159,5.0503098856e-05
59.8,0.000439259055561,0.000226220064286,5.00505435508e-05
59.85,0.000435106889962,0.000226464664735,4.96021105537e-05
59.9,0.000430993864642,0.000226692785103,4.91576462279e-05
59.95,0.000426919611784,0.000226904792222,4.8717226711e-05
60.0,0.000422883767016,0.000227100082499,4.82807399215e-05
60.05,0.00041888596938,0.000227279351902,4.78482006366e-05
60.1,0.000414925861296,0.000227442829299,4.74195393583e-05
60.15,0.000411003088537,0.000227590823274,4.69947173871e-05
60.2,0.000407117300189,0.000227723712186,4.65736547046e-05
60.25,0.000403268148628,0.000227841861508,4.61563569974e-05
60.3,0.000399455289486,0.00022794562103,4.57427525909e-05
60.35,0.00039567838162,0.000228035364857,4.53329156903e-05
60.4,0.000391937087082,0.000228111739514,4.49267058822e-05
60.45,0.000388231071091,0.000228175616562,4.45241927511e-05
60.5,0.000384560002003,0.000228226323305,4.41252738622e-05
60.55,0.000380923551279,0.000228264120675,4.37299627209e-05
60.6,0.000377321393459,0.000228289287007,4.33381958108e-05
60.65,0.000373753206134,0.000228302092081,4.29499377631e-05
60.7,0.000370218669914,0.000228302796449,4.25651154466e-05
60.75,0.000366717468401,0.000228291653475,4.21837340584e-05
60.8,0.000363249288163,0.000228268906558,4.18057280929e-05
60.85,0.000359815616896,0.000228234792511,4.14311653687e-05
60.9,0.000356414313039,0.000228189549906,4.10599175572e-05
60.95,0.000353045072424,0.000228133400301,4.06920482543e-05
61.0,0.00034970759373,0.000228066554604,4.03274638413e-05
61.05,0.000346401578459,0.000227989219948,3.99661766614e-05
61.1,0.000343126730908,0.00022790159564,3.96081286649e-05
61.15,0.000339882758144,0.00022780387641,3.92532875272e-05
61.2,0.000336669369978,0.000227696251655,3.89015864113e-05
61.25,0.000333486278937,0.000227578907151,3.85530300672e-05
61.3,0.000330333200243,0.000227452022386,3.82075586271e-05
61.35,0.000327209851784,0.000227315773507,3.78652340726e-05
61.4,0.000324115954093,0.000227170328564,3.75259391202e-05
61.45,0.000321051230319,0.000227015855164,3.71897318922e-05
61.5,0.000318015406205,0.000226852513454,3.68565268274e-05
61.55,0.000315008210064,0.000226680622793,3.65263352069e-05
61.6,0.000312029372753,0.000226500369996,3.6199103977e-05
61.65,0.000309078627653,0.000226311715274,3.58748035955e-05
61.7,0.000306155710641,0.000226115158405,3.55533729778e-05
61.75,0.000303260360071,0.000225911034373,3.52348164651e-05
61.8,0.000300392316745,0.000225699007151,3.49190793424e-05
61.85,0.000297552810928,0.00022547921739,3.46062182565e-05
61.9,0.000294740071636,0.000225252120189,3.42961260186e-05
61.95,0.000291953847335,0.000225017626659,3.39888557481e-05
62.0,0.000289193888845,0.000224775783937,3.36843292484e-05
62.05,0.000286459949319,0.000224526721905,3.33825568293e-05
62.1,0.000283751784225,0.000224270566978,3.30834900035e-05
62.15,0.000281069151317,0.000224007444594,3.27871017714e-05
62.2,0.000278411810622,0.000223737478431,3.2493336306e-05
62.25,0.000275779524411,0.000223460791654,3.22021975747e-05
62.3,0.000273172057185,0.000223177504572,3.1913635572e-05
62.35,0.000270589175649,0.000222887874412,3.16277020689e-05
62.4,0.000268030648694,0.000222593274684,3.13442991024e-05
62.45,0.000265496247376,0.000222292480164,3.10634752199e-05
62.5,0.000262985744896,0.000221985602526,3.0785158955e-05
62.55,0.00026049891658,0.000221672753999,3.05093597303e-05
62.6,0.000258035539857,0.00022135404416,3.02360332318e-05
62.65,0.000255595394244,0.000221029582135,2.99651547836e-05
62.7,0.000253178261324,0.000220699475847,2.96966733636e-05
62.75,0.000250783924723,0.000220363833098,2.94305925978e-05
62.8,0.000248412170099,0.000220022759419,2.91668667846e-05
62.85,0.000246064014827,0.000219677929415,2.89055432393e-05
62.9,0.000243737994378,0.000219328265117,2.86465324301e-05
62.95,0.000241433900743,0.000218973537586,2.83898787264e-05
63.0,0.000239151527861,0.000218613845132,2.81355168126e-05
63.05,0.000236890671599,0.000218249338213,2.78834553002e-05
63.1,0.000234651129737,0.000217880350277,2.76336536894e-05
63.15,0.000232432701952,0.000217506690932,2.73860894282e-05
63.2,0.000230235189792,0.000217128587087,2.71407158858e-05
63.25,0.000228058396667,0.00021674805548,2.68975363762e-05
63.3,0.000225902127828,0.000216363182592,2.66565091311e-05
63.35,0.000223766190349,0.000215974060772,2.64176773936e-05
63.4,0.000221650393115,0.000215580961002,2.61809593378e-05
63.45,0.000219554546796,0.000215183985323,2.59463955141e-05
63.5,0.000217478463839,0.000214783028029,2.57139262287e-05
63.55,0.000215421958448,0.000214378467729,2.5483559352e-05
63.6,0.000213384846567,0.000213972205633,2.52552578698e-05
63.65,0.000211366945864,0.000213562262408,2.5029001171e-05
63.7,0.000209368075718,0.000213148721151,2.48047466386e-05
63.75,0.000207388057196,0.000212731664795,2.45824973011e-05
63.8,0.000205426713046,0.000212311174354,2.43622149854e-05
63.85,0.000203484884596,0.000211887330506,2.41439392124e-05
63.9,0.00020156136074,0.000211462057192,2.39275951991e-05
63.95,0.000199655969463,0.000211034347676,2.37132200057e-05
64.0,0.000197768540361,0.000210603563487,2.35007590762e-05
64.05,0.000195898904624,0.00021016977948,2.32902196035e-05
64.1,0.000194046895027,0.000209733068489,2.30815677592e-05
64.15,0.000192212345906,0.000209293502883,2.28747847064e-05
64.2,0.000190395093153,0.00020885303536,2.26698314958e-05
64.25,0.000188594974196,0.000208410703841,2.24667108954e-05
64.3,0.000186811827984,0.000207965767652,2.22653880174e-05
64.35,0.000185045494977,0.000207518295081,2.20658989815e-05
64.4,0.000183295817128,0.00020706835137,2.1868175441e-05
64.45,0.000181562637871,0.000206616002611,2.16722512664e-05
64.5,0.000179845802107,0.000206163996674,2.14780765973e-05
64.55,0.00017814515619,0.000205709879922,2.12856580074e-05
64.6,0.000176460547913,0.000205253853461,2.10949645801e-05
64.65,0.000174791826496,0.000204795755672,2.09059790995e-05
64.7,0.000173138842571,0.000204335597741,2.07186659688e-05
64.75,0.000171501448169,0.000203874685347,2.05330277177e-05
64.8,0.000169879496709,0.000203413510396,2.03490324613e-05
64.85,0.000168273683936,0.000202950483067,2.01667132102e-05
64.9,0.000166683008314,0.000202485727216,1.99860075005e-05
64.95,0.000165107327594,0.000202019521184,1.98069462874e-05
65.0,0.000163546500858,0.00020155183757,1.96294840019e-05
65.05,0.000162000388509,0.000201085305847,1.9453626652e-05
65.1,0.000160468852256,0.000200617222555,1.9279345982e-05
65.15,0.000158951755104,0.000200147636595,1.91066262577e-05
65.2,0.000157448961341,0.000199676595955,1.89354349461e-05
65.25,0.000155960336527,0.000199204148316,1.87657743593e-05
65.3,0.00015448574748,0.000198732892858,1.85976153565e-05
65.35,0.000153025062266,0.00019826085396,1.84309881073e-05
65.4,0.000151578150188,0.000197787574156,1.82658355238e-05
65.45,0.000150144881771,0.000197313096898,1.81021858971e-05
65.5,0.000148725128754,0.000196837463268,1.79399975801e-05
65.55,0.000147318764079,0.000196362932403,1.77792760639e-05
65.6,0.000145925661878,0.000195888242443,1.76199955246e-05
65.65,0.00014454569746,0.000195412545788,1.74621415822e-05
65.7,0.000143178747304,0.000194935880474,1.73056845039e-05
65.75,0.000141824689048,0.000194458284285,1.71506264027e-05
65.8,0.000140483401473,0.000193981926146,1.6996940646e-05
65.85,0.000139155459933,0.000193505754256,1.68446548066e-05
65.9,0.000137840036199,0.000193028791205,1.66937167102e-05
65.95,0.000136537012635,0.000192551070993,1.65441522129e-05
66.0,0.000135246272709,0.000192072625567,1.63959232522e-05
66.05,0.00013396770098,0.000191595744635,1.62490348463e-05
66.1,0.000132701183086,0.00019111931915,1.61034633942e-05
66.15,0.000131446605739,0.000190642424259,1.59591957536e-05
66.2,0.000130203856711,0.000190164954704,1.58162047506e-05
66.25,0.000128972824824,0.000189686939717,1.56744923164e-05
66.3,0.000127753399943,0.000189210965017,1.55340341105e-05
66.35,0.000126545472963,0.000188735186099,1.53948553329e-05
66.4,0.000125348935804,0.000188258969541,1.52569082996e-05
66.45,0.000124163681395,0.000187782629199,1.51202166412e-05
66.5,0.00012298960367,0.00018730594225,1.49847455715e-05
66.55,0.000121826597557,0.000186831894022,1.48504996766e-05
66.6,0.000120674558966,0.000186357774662,1.47174573869e-05
66.65,0.000119533384787,0.000185883365375,1.45856066911e-05
66.7,0.00011840297287,0.0001854086886,1.44549227542e-05
66.75,0.000117283222027,0.000184934086103,1.43254073412e-05
66.8,0.000116174032016,0.000184462202025,1.41970382067e-05
66.85,0.00011507587863,0.000183990139526,1.40698383815e-05
66.9,0.000113988076958,0.000183517921987,1.39437642858e-05
66.95,0.00011291052972,0.000183045569232,1.38188375165e-05
67.0,0.000111843140549,0.000182574051124,1.36950262811e-05
67.05,0.000110785813978,0.000182104759398,1.35723347713e-05
67.1,0.000109738455438,0.00018163541001,1.34507432738e-05
67.15,0.000108700971242,0.00018116602017,1.33302408111e-05
67.2,0.000107673268582,0.000180696606691,1.32108046858e-05
67.25,0.000106655255519,0.000180228837752,1.30924365109e-05
67.3,0.000105646840975,0.000179762712916,1.29751159556e-05
67.35,0.000104647934726,0.000179296635346,1.28588640685e-05
67.4,0.000103658447393,0.000178830619374,1.27436410209e-05
67.45,0.000102678290434,0.00017836467991,1.26294665505e-05
67.5,0.000101707376135,0.000177901227656,1.25163116014e-05
67.55,0.000100745617607,0.000177438774317,1.24041800045e-05
67.6,9.97929287719e-05,0.000176976526239,1.2293053743e-05
67.65,9.88492243604e-05,0.000176514637932,1.21829227844e-05
67.7,9.79144199008e-05,0.000176052914039,1.20737663849e-05
67.75,9.69884317134e-05,0.000175594536015,1.19655860185e-05
67.8,9.60711769026e-05,0.000175136471438,1.18583631043e-05
67.85,9.51630489296e-05,0.000174678628046,1.17521168794e-05
67.9,9.42634814007e-05,0.000174221019633,1.16468109429e-05
67.95,9.33723938701e-05,0.000173764536299,1.15424633339e-05
68.0,9.24897066455e-05,0.000173311003631,1.14390474971e-05
68.05,9.16153407808e-05,0.000172857757561,1.13365669338e-05
68.1,9.07492180694e-05,0.000172404807401,1.12350051779e-05
68.15,8.98912610371e-05,0.000171952162462,1.11343530604e-05
68.2,8.90413929352e-05,0.000171501317866,1.10345916228e-05
68.25,8.81995377342e-05,0.000171052576331,1.09357222123e-05
68.3,8.73656201166e-05,0.00017060418607,1.08377278473e-05
68.35,8.65395654702e-05,0.000170156155565,1.0740626109e-05
68.4,8.57212998822e-05,0.000169708492339,1.06443837296e-05
68.45,8.49107501318e-05,0.000169263451552,1.05490171957e-05
68.5,8.41078436843e-05,0.000168819802906,1.04545022374e-05
68.55,8.33125086847e-05,0.000168376562571,1.03608420547e-05
68.6,8.25246739509e-05,0.000167933737264,1.02680215988e-05
68.65,8.1744268968e-05,0.000167491333745,1.01760324898e-05
68.7,8.09712238817e-05,0.000167052333343,1.00848574008e-05
68.75,8.02054694922e-05,0.000166614037998,9.9944975633e-06
68.8,7.94469372483e-05,0.000166176201739,9.90493745713e-06
68.85,7.86959525262e-05,0.000165738830728,9.81619315039e-06
68.9,7.79520469416e-05,0.000165302402394,9.72823423851e-06
68.95,7.7215153969e-05,0.000164869195706,9.64107578907e-06
69.0,7.64852077062e-05,0.000164436490269,9.55469562125e-06
69.05,7.5762142868e-05,0.000164004291176,9.46909665947e-06
69.1,7.50458947807e-05,0.000163572603113,9.38426515016e-06
69.15,7.43363993763e-05,0.000163142785944,9.30019343472e-06
69.2,7.36335931868e-05,0.000162715583201,9.21686567761e-06
69.25,7.29374133389e-05,0.000162288922724,9.13428300421e-06
69.3,7.2247797548e-05,0.000161862808729,9.05243123024e-06
69.35,7.15646841131e-05,0.00016143724553,8.97132504078e-06
69.4,7.08880119111e-05,0.000161013935704,8.8909366482e-06
69.45,7.02177203915e-05,0.000160592735817,8.8112798232e-06
69.5,6.9553749571e-05,0.000160172317024,8.73233429403e-06
69.55,6.88960400285e-05,0.000159752480202,8.65410273344e-06
69.6,6.82445328994e-05,0.000159333228523,8.57657257158e-06
69.65,6.75991698706e-05,0.000158916773359,8.49973680904e-06
69.7,6.69598931756e-05,0.000158501852625,8.42358097323e-06
69.75,6.63266455888e-05,0.000158087542092,8.34810609264e-06
69.8,6.56993704213e-05,0.000157673844612,8.27329920384e-06
69.85,6.50783367459e-05,0.000157260763143,8.19917372798e-06
69.9,6.44631572279e-05,0.000156850937807,8.12570426906e-06
69.95,6.38537768535e-05,0.000156442225458,8.05290341257e-06
70.0,6.32501411242e-05,0.000156034153284,7.98075263153e-06
70.05,6.26521960518e-05,0.000155626723558,7.90925436863e-06
70.1,6.20598881539e-05,0.000155219938276,7.83839713591e-06
70.15,6.14731644487e-05,0.000154816773408,7.76817453638e-06
70.2,6.08919724509e-05,0.000154414380396,7.69857334309e-06
70.25,6.03162601668e-05,0.000154012652265,7.62959449602e-06
70.3,5.97459760896e-05,0.000153611590786,7.56122614747e-06
70.35,5.91810691951e-05,0.000153211382551,7.49348056345e-06
70.4,5.86214889369e-05,0.000152814712324,7.42633453378e-06
70.45,5.80671852424e-05,0.000152418727544,7.35979956073e-06
70.5,5.75181085078e-05,0.000152023429333,7.29385871189e-06
70.55,5.69742095941e-05,0.000151628819064,7.22851421974e-06
70.6,5.64354398228e-05,0.000151235256695,7.16375558505e-06
70.65,5.59017509715e-05,0.000150845196109,7.09957696143e-06
70.7,5.53730952694e-05,0.000150455925826,7.03596626035e-06
70.75,5.48494253935e-05,0.000150067361908,6.97292434089e-06
70.8,5.43306944642e-05,0.000149679505321,6.91044037506e-06
70.85,5.38171249939e-05,0.000149292785101,6.84852557316e-06
70.9,5.33083966724e-05,0.000148909334231,6.78715872268e-06
70.95,5.28044640058e-05,0.000148526607787,6.72635033589e-06
71.0,5.23052819259e-05,0.000148144856545,6.66608493776e-06
71.05,5.18108057867e-05,0.000147763839019,6.60636456859e-06
71.1,5.13209913603e-05,0.000147383934959,6.54717963284e-06
71.15,5.08357948332e-05,0.000147007320799,6.48852478728e-06
71.2,5.03551728021e-05,0.000146631446107,6.43038898385e-06
71.25,4.98790822702e-05,0.000146256311324,6.37277300767e-06
71.3,4.94074806437e-05,0.000145881916742,6.31566696272e-06
71.35,4.89403257274e-05,0.000145508494824,6.25908109444e-06
71.4,4.84775757218e-05,0.000145138493459,6.20299601604e-06
71.45,4.80191892186e-05,0.00014476924473,6.14742133503e-06
71.5,4.75651251976e-05,0.000144400748472,6.09234290829e-06
71.55,4.7115343023e-05,0.000144033004735,6.03776260051e-06
71.6,4.66698024396e-05,0.000143666013404,5.98367164202e-06
71.65,4.62284635693e-05,0.000143302588002,5.9300651495e-06
71.7,4.57912869077e-05,0.000142939984745,5.87693302576e-06
71.75,4.53582333207e-05,0.000142578144961,5.82427598837e-06
71.8,4.49292640406e-05,0.000142217068448,5.77208499302e-06
71.85,4.45045630763e-05,0.000141856755106,5.72036940335e-06
71.9,4.40838655442e-05,0.000141499587585,5.66911150117e-06
71.95,4.36671338226e-05,0.000141143643528,5.61832006709e-06
72.0,4.32543306421e-05,0.000140788473556,5.56798217525e-06
72.05,4.28454190823e-05,0.000140434077237,5.51809952987e-06
72.1,4.24403625685e-05,0.000140080454002,5.46866411607e-06
72.15,4.20391248686e-05,0.00013972950177,5.41967147082e-06
72.2,4.164167009e-05,0.000139380438028,5.37111236599e-06
72.25,4.12479626761e-05,0.000139032156561,5.32298745739e-06
72.3,4.08579674034e-05,0.000138684656722,5.27528847916e-06
72.35,4.04716493785e-05,0.000138337937961,5.22802398899e-06
72.4,4.00889740345e-05,0.000137993143581,5.1811777937e-06
72.45,3.97099071289e-05,0.000137650736657,5.13475791815e-06
72.5,3.93344147393e-05,0.000137309277804,5.08875254899e-06
72.55,3.89624632618e-05,0.000136968686585,5.04316324378e-06
72.6,3.85940194068e-05,0.000136628882623,4.99798267745e-06
72.65,3.82290501968e-05,0.0001362902,4.95320677111e-06
72.7,3.78675229634e-05,0.0001359546731,4.90882709088e-06
72.75,3.75094053441e-05,0.000135619940274,4.86484423612e-06
72.8,3.71546652798e-05,0.000135286000537,4.8212506524e-06
72.85,3.68034549381e-05,0.000134952852989,4.77805416089e-06
72.9,3.64555552713e-05,0.000134620497626,4.7352399621e-06
72.95,3.61109351677e-05,0.000134290974985,4.69281539021e-06
73.0,3.57695638071e-05,0.000133962866859,4.65076964865e-06
73.05,3.54314106577e-05,0.000133635556532,4.6091041609e-06
73.1,3.50964454739e-05,0.000133309042759,4.56781223236e-06
73.15,3.47646382931e-05,0.000132983324367,4.52689013521e-06
73.2,3.44359594336e-05,0.000132659331935,4.48633016146e-06
73.25,3.41103794915e-05,0.000132337816951,4.44613285888e-06
73.3,3.37878693386e-05,0.000132017102299,4.40629132324e-06
73.35,3.34684001193e-05,0.000131697186772,4.36681270255e-06
73.4,3.31519432483e-05,0.000131378068948,4.32768347111e-06
73.45,3.28384704082e-05,0.000131059747626,4.28891033184e-06
73.5,3.2527953547e-05,0.000130744464796,4.25048341742e-06
73.55,3.22203648753e-05,0.000130430305532,4.21240402881e-06
73.6,3.1915676864e-05,0.00013011694658,4.17466604762e-06
73.65,3.16138622422e-05,0.000129804392651,4.13726606687e-06
73.7,3.13148939944e-05,0.000129492831868,4.10019704198e-06
73.75,3.10187453581e-05,0.000129182898178,4.06345947359e-06
73.8,3.07253898217e-05,0.000128875449818,4.0270470517e-06
73.85,3.04349532217e-05,0.000128568802767,3.9909663091e-06
73.9,3.01472544146e-05,0.000128262956298,3.95520488423e-06
73.95,2.98622676722e-05,0.00012795790894,3.9197689031e-06
74.0,2.95799675074e-05,0.000127653739938,3.88464934766e-06
74.05,2.93003286719e-05,0.000127352253027,3.84984740689e-06
74.1,2.90233261535e-05,0.000127052290655,3.81535748901e-06
74.15,2.87489351747e-05,0.000126753128511,3.78117648027e-06
74.2,2.84771311897e-05,0.000126454764938,3.74729794242e-06
74.25,2.82078898828e-05,0.000126157198356,3.713722333e-06
74.3,2.7941187166e-05,0.000125860456116,3.6804438851e-06
74.35,2.76769991771e-05,0.000125566890746,3.64746856925e-06
74.4,2.74153022771e-05,0.000125274131864,3.61478508783e-06
74.45,2.71560730488e-05,0.000124982170025,3.5823990396e-06
74.5,2.68992882942e-05,0.000124691003394,3.55030218267e-06
74.55,2.66449250326e-05,0.000124400630249,3.51849560369e-06
74.6,2.63929604987e-05,0.000124111595072,3.48697419217e-06
74.65,2.61433721404e-05,0.000123825174341,3.45573510234e-06
74.7,2.58961376171e-05,0.000123539548123,3.42477245008e-06
74.75,2.56512347973e-05,0.000123254714653,3.39408665356e-06
74.8,2.5408641757e-05,0.000122970672114,3.36367244224e-06
74.85,2.51684625578e-05,0.000122687418751,3.33353527274e-06
74.9,2.49305474014e-05,0.000122405794446,3.30366481982e-06
74.95,2.46948750118e-05,0.000122126435645,3.27406620037e-06
75.0,2.4461424312e-05,0.000121847867055,3.24473188187e-06
75.05,2.42301744228e-05,0.00012157008677,3.21566285746e-06
75.1,2.40011046601e-05,0.000121293092825,3.18685445646e-06
75.15,2.37741945339e-05,0.000121016883308,3.15830407806e-06
75.2,2.35494237458e-05,0.000120742508206,3.13000634459e-06
75.25,2.33267721879e-05,0.000120470318691,3.1019616382e-06
75.3,2.31062199402e-05,0.000120198913827,3.074165142e-06
75.35,2.28877472696e-05,0.00011992829167,3.04662184296e-06
75.4,2.26713346279e-05,0.000119658450151,3.01932230452e-06
75.45,2.24569626498e-05,0.000119389387341,2.99227120316e-06
75.5,2.22446121515e-05,0.000119121884343,2.96546165469e-06
75.55,2.20342641289e-05,0.000118856795648,2.93889456675e-06
75.6,2.18258997562e-05,0.000118592485182,2.91256567068e-06
75.65,2.16195003836e-05,0.000118328950875,2.88647258951e-06
75.7,2.14150475363e-05,0.000118066190669,2.86061040841e-06
75.75,2.12125229126e-05,0.000117804202564,2.83497947667e-06
75.8,2.10119083821e-05,0.000117543394597,2.80957539194e-06
75.85,2.08132899995e-05,0.000117285106077,2.78440271201e-06
75.9,2.06165438878e-05,0.000117027588905,2.75945281248e-06
75.95,2.04216524526e-05,0.000116770840991,2.73472996736e-06
76.0,2.02285982641e-05,0.000116514860141,2.71022788495e-06
76.05,2.00373640559e-05,0.000116259644245,2.68594739477e-06
76.1,1.98479327234e-05,0.000116005191154,2.66188459558e-06
76.15,1.96602873219e-05,0.000115753430809,2.63803731498e-06
76.2,1.94744110657e-05,0.000115502607951,2.61440106116e-06
76.25,1.92902873262e-05,0.000115252546,2.59097615333e-06
76.3,1.91078996304e-05,0.000115003242786,2.56775856807e-06
76.35,1.892723166e-05,0.000114754696181,2.54475247086e-06
76.4,1.87482672492e-05,0.00011450690396,2.52194997961e-06
76.45,1.85709903838e-05,0.000114260962508,2.49935500047e-06
76.5,1.83953851997e-05,0.000114016727395,2.47696178324e-06
76.55,1.82214359811e-05,0.000113773244286,2.45477108608e-06
76.6,1.80491271599e-05,0.000113530510922,2.4327793435e-06
76.65,1.78784433135e-05,0.000113288525087,2.41098457007e-06
76.7,1.7709369164e-05,0.000113047359284,2.3893826606e-06
76.75,1.75418895765e-05,0.000112807098352,2.36797390682e-06
76.8,1.73759895581e-05,0.000112569516331,2.3467546316e-06
76.85,1.72117402725e-05,0.000112332677283,2.32572864191e-06
76.9,1.70490392784e-05,0.000112096579363,2.30488873406e-06
76.95,1.68878720259e-05,0.000111861220332,2.28423847799e-06
77.0,1.67282241014e-05,0.000111626597875,2.26377261843e-06
77.05,1.65700812262e-05,0.000111392856824,2.24349184827e-06
77.1,1.64134292555e-05,0.000111160653322,2.2233929089e-06
77.15,1.62582541768e-05,0.0001109303658,2.2034739858e-06
77.2,1.6104542109e-05,0.000110700809672,2.18373132707e-06
77.25,1.59522793008e-05,0.000110471982657,2.16416519936e-06
77.3,1.58014521299e-05,0.000110243882449,2.144772242e-06
77.35,1.56520471015e-05,0.000110016506782,2.12555593432e-06
77.4,1.55040508474e-05,0.000109789853316,2.10650969264e-06
77.45,1.53574501243e-05,0.000109565073725,2.08763677963e-06
77.5,1.52122318133e-05,0.000109341746832,2.06893239235e-06
77.55,1.50683829182e-05,0.00010911913843,2.05039716404e-06
77.6,1.49258905646e-05,0.000108897246155,2.03202811656e-06
77.65,1.47847419988e-05,0.000108676067673,2.01382359155e-06
77.7,1.46449245865e-05,0.000108455600662,1.99578016006e-06
77.75,1.45064258119e-05,0.000108235842842,1.97789806577e-06
77.8,1.43692332764e-05,0.000108018046533,1.96017423727e-06
77.85,1.42334058294e-05,0.000107801533328,1.94261185441e-06
77.9,1.40988587562e-05,0.000107585725634,1.92520490018e-06
77.95,1.39655800247e-05,0.000107370621111,1.90795635642e-06
78.0,1.38335577153e-05,0.00010715621736,1.89086183358e-06
78.05,1.37027800202e-05,0.000106942512038,1.87392191041e-06
78.1,1.35732352422e-05,0.000106729502781,1.85713386507e-06
78.15,1.34449117935e-05,0.000106518255311,1.84049618196e-06
78.2,1.3317798195e-05,0.000106308427715,1.82400572723e-06
78.25,1.3191883075e-05,0.000106099437118,1.80766272359e-06
78.3,1.30671551684e-05,0.000105891136181,1.79146436401e-06
78.35,1.29436033155e-05,0.000105683522549,1.77541355463e-06
78.4,1.28212164613e-05,0.000105476593814,1.75950479631e-06
78.45,1.26999836544e-05,0.000105270347643,1.74374081427e-06
78.5,1.25798940457e-05,0.000105065383935,1.72811759675e-06
78.55,1.24609368879e-05,0.000104862298024,1.71263567268e-06
78.6,1.23431015346e-05,0.000104659989615,1.69729255451e-06
78.65,1.22263774389e-05,0.000104458357003,1.68208685706e-06
78.7,1.21107541528e-05,0.000104257397793,1.66701571623e-06
78.75,1.19962213261e-05,0.000104057109624,1.65207933555e-06
78.8,1.18827687057e-05,0.000103857490122,1.63727514957e-06
78.85,1.17704449577e-05,0.000103658536945,1.62260581433e-06
78.9,1.16591800266e-05,0.000103461766862,1.60806630398e-06
78.95,1.15489639622e-05,0.000103265803401,1.59365910919e-06
79.0,1.14397869076e-05,0.000103070501494,1.57938056349e-06
79.05,1.13316390981e-05,0.000102875858738,1.56523115027e-06
79.1,1.12245108607e-05,0.000102681872715,1.5512085961e-06
79.15,1.11183926127e-05,0.000102488541034,1.537311635e-06
79.2,1.10132748613e-05,0.000102295861314,1.5235376494e-06
79.25,1.09091482028e-05,0.0001021042987,1.5098868253e-06
79.3,1.08060033211e-05,0.00010191452106,1.49635681806e-06
79.35,1.07038309879e-05,0.000101725390172,1.48295005512e-06
79.4,1.0602622061e-05,0.000101536903594,1.46966194319e-06
79.45,1.05023674839e-05,0.000101349058946,1.45649475858e-06
79.5,1.04030582851e-05,0.000101161853809,1.44344515038e-06
79.55,1.0304685577e-05,0.000100975285806,1.43051356039e-06
79.6,1.02072405553e-05,0.000100789352548,1.41769791083e-06
79.65,1.01107144981e-05,0.000100604758963,1.40499704471e-06
79.7,1.00150987656e-05,0.000100421636519,1.39240856972e-06
79.75,9.92038479839e-06,0.000100239271148,1.37993265587e-06
79.8,9.8265641177e-06,0.000100057561324,1.36756716032e-06
79.85,9.73367696839e-06,9.98764763852e-05,1.35531430157e-06
79.9,9.64166541731e-06,9.96960141734e-05,1.34316988169e-06
79.95,9.55052123613e-06,9.95161723247e-05,1.33113598105e-06
80.0,9.46023627358e-06,9.93369484405e-05,1.31920953716e-06
80.05,9.37080245474e-06,9.91589646053e-05,1.3073909538e-06
80.1,9.28221178028e-06,9.89826333017e-05,1.295678332e-06
80.15,9.19445632583e-06,9.88069146728e-05,1.28407061437e-06
80.2,9.10752824122e-06,9.86318063165e-05,1.2725656145e-06
80.25,9.02141974982e-06,9.8457305858e-05,1.26116348777e-06
80.3,8.93612314783e-06,9.8283410917e-05,1.24986227577e-06
80.35,8.85163080363e-06,9.81101191373e-05,1.23866400605e-06
80.4,8.76793515707e-06,9.7937428131e-05,1.227564842e-06
80.45,8.68502871885e-06,9.77654890131e-05,1.21656668492e-06
80.5,8.6029040698e-06,9.75954259582e-05,1.20566673592e-06
80.55,8.52155386029e-06,9.74259578468e-05,1.19486536402e-06
80.6,8.44097080952e-06,9.72570822826e-05,1.1841608337e-06
80.65,8.36114770493e-06,9.70887968914e-05,1.17355217857e-06
80.7,8.28207740152e-06,9.692109931e-05,1.1630374004e-06
80.75,8.20375282126e-06,9.67539872002e-05,1.1526166412e-06
80.8,8.12616695241e-06,9.65874582198e-05,1.14228811112e-06
80.85,8.04935307586e-06,9.64215100491e-05,1.1320536632e-06
80.9,7.97326328327e-06,9.62568989856e-05,1.12190979104e-06
80.95,7.89789077014e-06,9.60934825941e-05,1.11185823231e-06
81.0,7.8232287957e-06,9.59306412302e-05,1.101896429e-06
81.05,7.74927068232e-06,9.57683725409e-05,1.09202471837e-06
81.1,7.6760098149e-06,9.56066741678e-05,1.08224151429e-06
81.15,7.60343964029e-06,9.54455437727e-05,1.07254593354e-06
81.2,7.53155366673e-06,9.52849790284e-05,1.06293614986e-06
81.25,7.46034546325e-06,9.51250539694e-05,1.05341229306e-06
81.3,7.38980865914e-06,9.49657618875e-05,1.04397272732e-06
81.35,7.31993694335e-06,9.48079749205e-05,1.0346191462e-06
81.4,7.25072406396e-06,9.46511184564e-05,1.02534834509e-06
81.45,7.18216382761e-06,9.44948173346e-05,1.01616191211e-06
81.5,7.11425009896e-06,9.43390692111e-05,1.0070575094e-06
81.55,7.04697680016e-06,9.41838717724e-05,9.98035445209e-07
81.6,6.98033791028e-06,9.4029361759e-05,9.89094269909e-07
81.65,6.91432746484e-06,9.38754229556e-05,9.80233176294e-07
81.7,6.84893955522e-06,9.37220283317e-05,9.71450495311e-07
81.75,6.78416832815e-06,9.35691756162e-05,9.62746345572e-07
81.8,6.72000798525e-06,9.34175978028e-05,9.54119232066e-07
81.85,6.65648604842e-06,9.32670845809e-05,9.45570702591e-07
81.9,6.59356289943e-06,9.31171073005e-05,9.37097828348e-07
81.95,6.53123291125e-06,9.29676636753e-05,9.28702060762e-07
82.0,6.46949050953e-06,9.2818751401e-05,9.20381263206e-07
82.05,6.40833017215e-06,9.2670368202e-05,9.12135717383e-07
82.1,6.34774642867e-06,9.25225118001e-05,9.03964098443e-07
82.15,6.28773385992e-06,9.23751799353e-05,8.95865668653e-07
82.2,6.22828709748e-06,9.22283703582e-05,8.87838902612e-07
82.25,6.16940082321e-06,9.20822261578e-05,8.79883908724e-07
82.3,6.11106976877e-06,9.19376597189e-05,8.71999320652e-07
82.35,6.0532887152e-06,9.17936094409e-05,8.64186552976e-07
82.4,5.9960524924e-06,9.16500730516e-05,8.56442928977e-07
82.45,5.93935597872e-06,9.15070483142e-05,8.48769775156e-07
82.5,5.88319410049e-06,9.13645329771e-05,8.41165138783e-07
82.55,5.82756183158e-06,9.12225248153e-05,8.33629277316e-07
82.6,5.77245419292e-06,9.10810216023e-05,8.26160979932e-07
82.65,5.71786625213e-06,9.09400211285e-05,8.18759572395e-07
82.7,5.66379312301e-06,9.07995211949e-05,8.11423660594e-07
82.75,5.61022996517e-06,9.06598921207e-05,8.04153343602e-07
82.8,5.55717198357e-06,9.05216765931e-05,7.96947372679e-07
82.85,5.50464193771e-06,9.03839558477e-05,7.89807040657e-07
82.9,5.45260706492e-06,9.02467277978e-05,7.82729901197e-07
82.95,5.40106271187e-06,9.01099902502e-05,7.75717166631e-07
83.0,5.35000426882e-06,8.99737409996e-05,7.68767052297e-07
83.05,5.29942716918e-06,8.98379778649e-05,7.61879793494e-07
83.1,5.24932688914e-06,8.97027839376e-05,7.55054283614e-07
83.15,5.19969894727e-06,8.9568142978e-05,7.48289906452e-07
83.2,5.15053890408e-06,8.94339820357e-05,7.41585387884e-07
83.25,5.10184236171e-06,8.93003938288e-05,7.34940818458e-07
83.3,5.05360496345e-06,8.91682787121e-05,7.28355056912e-07
83.35,5.00582239343e-06,8.90366374966e-05,7.21829284803e-07
83.4,4.95849037619e-06,8.89054680087e-05,7.15361266348e-07
83.45,4.91160467634e-06,8.87747681049e-05,7.08952109534e-07
83.5,4.86516109816e-06,8.86445356316e-05,7.02600183303e-07
83.55,4.81915548524e-06,8.85147684584e-05,6.96305702702e-07
83.6,4.7735837201e-06,8.83854644553e-05,6.90067656368e-07
83.65,4.72844172386e-06,8.82566215081e-05,6.8388548113e-07
83.7,4.68372545584e-06,8.81282375124e-05,6.77758012528e-07
83.75,4.63943091322e-06,8.80003103811e-05,6.71685333317e-07
83.8,4.59555413071e-06,8.78732992862e-05,6.65666400462e-07
83.85,4.55211392947e-06,8.77473158742e-05,6.59702293824e-07
83.9,4.50908321614e-06,8.76217833767e-05,6.53790970051e-07
83.95,4.46645814258e-06,8.74966997038e-05,6.47933441767e-07
84.0,4.42423489674e-06,8.73720627571e-05,6.42128218298e-07
84.05,4.38240970222e-06,8.72478704602e-05,6.36375496182e-07
84.1,4.34097881803e-06,8.7124120738e-05,6.30674351102e-07
84.15,4.2999385382e-06,8.70008115302e-05,6.25024268359e-07
84.2,4.25928519146e-06,8.68779407864e-05,6.19424183717e-07
84.25,4.21901514095e-06,8.67555064725e-05,6.13874172808e-07
84.3,4.17912478387e-06,8.66336292626e-05,6.08373282369e-07
84.35,4.13961055114e-06,8.65125255507e-05,6.0292249932e-07
84.4,4.10046890716e-06,8.63925045647e-05,5.97519956178e-07
84.45,4.06169634942e-06,8.62729123766e-05,5.92166578411e-07
84.5,4.02328940823e-06,8.61537469438e-05,5.86861003645e-07
84.55,3.98524464641e-06,8.60350062439e-05,5.81603411503e-07
84.6,3.94755865898e-06,8.59167245526e-05,5.76392957222e-07
84.65,3.91022807287e-06,8.5798976972e-05,5.71229170404e-07
84.7,3.87324954659e-06,8.56816485054e-05,5.6611107841e-07
84.75,3.83661976999e-06,8.55647371675e-05,5.61038750362e-07
84.8,3.80033546392e-06,8.54482409764e-05,5.56011315043e-07
84.85,3.76441219273e-06,8.53321579646e-05,5.51029674431e-07
84.9,3.72882755129e-06,8.52164862486e-05,5.46092121773e-07
84.95,3.69357835738e-06,8.51018751987e-05,5.41199502885e-07
85.0,3.65866145857e-06,8.49879455172e-05,5.36350572651e-07
85.05,3.62407373193e-06,8.48744212731e-05,5.31545495233e-07
85.1,3.58981208383e-06,8.47613004997e-05,5.26783498576e-07
85.15,3.55587344956e-06,8.46485812442e-05,5.22064152769e-07
85.2,3.52225479315e-06,8.45362615631e-05,5.17386568887e-07
85.25,3.48895310706e-06,8.44243395281e-05,5.12750810101e-07
85.3,3.45596541191e-06,8.43128132145e-05,5.08156080181e-07
85.35,3.42328875624e-06,8.42016807117e-05,5.03603203472e-07
85.4,3.39092021623e-06,8.40909401045e-05,4.99090620119e-07
85.45,3.35885689546e-06,8.39805894999e-05,4.9461910314e-07
85.5,3.32709592463e-06,8.38706270011e-05,4.90187514584e-07
85.55,3.29563446135e-06,8.37614866718e-05,4.85796004484e-07
85.6,3.26446968982e-06,8.36531653368e-05,4.81443867235e-07
85.65,3.23359882066e-06,8.3545226421e-05,4.77130709928e-07
85.7,3.20301909059e-06,8.34376680418e-05,4.72855720146e-07
85.75,3.17272776226e-06,8.33304883306e-05,4.68618955624e-07
85.8,3.14272212394e-06,8.32237639991e-05,4.64419688663e-07
85.85,3.11301504671e-06,8.31174658654e-05,4.60258672656e-07
85.9,3.08358800244e-06,8.30115412625e-05,4.56134482004e-07
85.95,3.05443835957e-06,8.29059883508e-05,4.52047823191e-07
86.0,3.02556351117e-06,8.28008052885e-05,4.47997656209e-07
86.05,2.99696087471e-06,8.26959902498e-05,4.43984118178e-07
86.1,2.96862789186e-06,8.25915414131e-05,4.40006564224e-07
86.15,2.94056202826e-06,8.24875920319e-05,4.36064635254e-07
86.2,2.91276077327e-06,8.23845508476e-05,4.32157588775e-07
86.25,2.88522163978e-06,8.22821508355e-05,4.28285477554e-07
86.3,2.85794216397e-06,8.21801101112e-05,4.24447636523e-07
86.35,2.83091990509e-06,8.20784268737e-05,4.20644754231e-07
86.4,2.80415244528e-06,8.19770993202e-05,4.16875527781e-07
86.45,2.77763738931e-06,8.18761256675e-05,4.13140602848e-07
86.5,2.75137236438e-06,8.17755041308e-05,4.09439028937e-07
86.55,2.72535501995e-06,8.16752329408e-05,4.05770931368e-07
86.6,2.69958302748e-06,8.15753103325e-05,4.02135720768e-07
86.65,2.67405408025e-06,8.14757345525e-05,3.98533068952e-07
86.7,2.64876589316e-06,8.13765038564e-05,3.94962297333e-07
86.75,2.62371620252e-06,8.12776165122e-05,3.91423454136e-07
86.8,2.59890276584e-06,8.11790707929e-05,3.87915931533e-07
86.85,2.57433622698e-06,8.10809431559e-05,3.84440358813e-07
86.9,2.55000126394e-06,8.09838387236e-05,3.80995545215e-07
86.95,2.52589570052e-06,8.08870706868e-05,3.77582080844e-07
87.0,2.50201738089e-06,8.07906373206e-05,3.74199097013e-07
87.05,2.47836416941e-06,8.06945369152e-05,3.70846708254e-07
87.1,2.45493395045e-06,8.05987677649e-05,3.67524375922e-07
87.15,2.4317246282e-06,8.05033281756e-05,3.64231800077e-07
87.2,2.40873412645e-06,8.04082164617e-05,3.60968360539e-07
87.25,2.38596038847e-06,8.03134309499e-05,3.57734101381e-07
87.3,2.36340137678e-06,8.02190078373e-05,3.54528467092e-07
87.35,2.34105507298e-06,8.01249947286e-05,3.51352032796e-07
87.4,2.3189194776e-06,8.00313031997e-05,3.48203710221e-07
87.45,2.29699260987e-06,7.99379316061e-05,3.45084038683e-07
87.5,2.27527250761e-06,7.98448783033e-05,3.41992224261e-07
87.55,2.25375722699e-06,7.97521416604e-05,3.38928371628e-07
87.6,2.23244484241e-06,7.9660247374e-05,3.35891988502e-07
87.65,2.21133344632e-06,7.95689378674e-05,3.32882800758e-07
87.7,2.19042114903e-06,7.94779906115e-05,3.29900241593e-07
87.75,2.16970607855e-06,7.93873537459e-05,3.26944351287e-07
87.8,2.14918638044e-06,7.92970256544e-05,3.24014622141e-07
87.85,2.12887085674e-06,7.92070047315e-05,3.21111579781e-07
87.9,2.10874683678e-06,7.91172894203e-05,3.18234229599e-07
87.95,2.08881252093e-06,7.90278781306e-05,3.15383064492e-07
88.0,2.06906612641e-06,7.89387692724e-05,3.12557358872e-07
88.05,2.04950588713e-06,7.88499612691e-05,3.09757208404e-07
88.1,2.03013005355e-06,7.87614525487e-05,3.06982163175e-07
88.15,2.01093689252e-06,7.86732415497e-05,3.04231972653e-07
88.2,1.99192468711e-06,7.85853267185e-05,3.0150611882e-07
88.25,1.97309173647e-06,7.84977065125e-05,2.9880463849e-07
88.3,1.9544363557e-06,7.84103793942e-05,2.96127067659e-07
88.35,1.93595687566e-06,7.832366161e-05,2.93473886713e-07
88.4,1.91765164288e-06,7.82375748153e-05,2.90844186651e-07
88.45,1.89951901933e-06,7.8151776327e-05,2.88238417946e-07
88.5,1.88155738237e-06,7.80662646151e-05,2.85655917459e-07
88.55,1.86376512455e-06,7.79810381624e-05,2.83096772623e-07
88.6,1.84614065346e-06,7.78960954563e-05,2.80560572247e-07
88.65,1.82868239163e-06,7.78114349943e-05,2.78047087364e-07
88.7,1.81138877637e-06,7.77270552817e-05,2.7555584454e-07
88.75,1.79425825963e-06,7.76429548343e-05,2.73086877419e-07
88.8,1.77728930785e-06,7.75591321732e-05,2.70639761936e-07
88.85,1.76048919997e-06,7.74757065407e-05,2.6821493713e-07
88.9,1.74384745785e-06,7.73925561574e-05,2.65811572235e-07
88.95,1.72736259328e-06,7.73096795647e-05,2.63430078954e-07
89.0,1.71103313197e-06,7.72270753055e-05,2.61069851223e-07
89.05,1.69485761343e-06,7.71447419344e-05,2.5873096895e-07
89.1,1.67883459088e-06,7.70626780108e-05,2.56413056334e-07
89.15,1.66296263105e-06,7.69810472506e-05,2.54115904116e-07
89.2,1.64724031413e-06,7.69002602455e-05,2.51839079609e-07
89.25,1.63166623358e-06,7.68197385981e-05,2.49582613562e-07
89.3,1.61623899606e-06,7.67394808784e-05,2.47346118408e-07
89.35,1.60095722125e-06,7.66594856659e-05,2.45129995399e-07
89.4,1.5858195418e-06,7.6579751542e-05,2.42933485272e-07
89.45,1.57082460314e-06,7.65002771015e-05,2.40756964294e-07
89.5,1.55597106339e-06,7.64210609409e-05,2.38599878567e-07
89.55,1.54125759327e-06,7.6342101668e-05,2.36462301119e-07
89.6,1.52668287592e-06,7.62633978955e-05,2.34343888495e-07
89.65,1.51224560684e-06,7.61849482453e-05,2.32244449445e-07
89.7,1.49794449374e-06,7.61067513464e-05,2.30163588525e-07
89.75,1.48377825645e-06,7.60288058376e-05,2.28101333836e-07
89.8,1.46974562679e-06,7.59511103628e-05,2.26057331169e-07
89.85,1.45585262412e-06,7.5873663575e-05,2.2403194724e-07
89.9,1.44209058347e-06,7.57964641613e-05,2.22024488136e-07
89.95,1.42845827414e-06,7.5719510788e-05,2.2003529774e-07
90.0,1.41495447696e-06,7.56428021235e-05,2.18063869824e-07
90.05,1.40157798416e-06,7.55667512351e-05,2.16110271133e-07
90.1,1.38832759931e-06,7.54910864104e-05,2.14174187773e-07
90.15,1.37520213716e-06,7.54156621229e-05,2.12255444954e-07
90.2,1.36220042357e-06,7.53404770566e-05,2.10353681267e-07
90.25,1.34932129541e-06,7.52655299047e-05,2.08468922394e-07
90.3,1.33656360042e-06,7.51908193656e-05,2.06600844614e-07
90.35,1.32392619717e-06,7.51164257084e-05,2.0474978308e-07
90.4,1.31140795488e-06,7.50423017676e-05,2.02915103602e-07
90.45,1.29900775339e-06,7.49684109316e-05,2.01097120465e-07
90.5,1.28672448302e-06,7.48947519203e-05,1.99295371013e-07
90.55,1.27455704451e-06,7.48213234637e-05,1.97509916246e-07
90.6,1.26250434888e-06,7.47481242967e-05,1.95740469286e-07
90.65,1.25056531734e-06,7.46751571054e-05,1.93986870387e-07
90.7,1.23873888124e-06,7.46025428055e-05,1.92248789246e-07
90.75,1.22702398192e-06,7.45301544465e-05,1.90526249336e-07
90.8,1.21541957064e-06,7.44579907881e-05,1.88818954796e-07
90.85,1.20393062519e-06,7.43860505984e-05,1.87127211934e-07
90.9,1.19254997998e-06,7.43143326738e-05,1.85450441144e-07
90.95,1.18127661726e-06,7.42428357951e-05,1.83788929661e-07
91.0,1.17010952884e-06,7.41720421831e-05,1.82142254649e-07
91.05,1.15904771594e-06,7.4101493802e-05,1.80510471858e-07
91.1,1.14809018915e-06,7.40311626189e-05,1.788933191e-07
91.15,1.13723596834e-06,7.39610474253e-05,1.7729065038e-07
91.2,1.12648408253e-06,7.38911470197e-05,1.75702163823e-07
91.25,1.11583356986e-06,7.38214602087e-05,1.74127880881e-07
91.3,1.10528347747e-06,7.37519858043e-05,1.72567531159e-07
91.35,1.09483286141e-06,7.36827226261e-05,1.710213946e-07
91.4,1.06807295514e-06,7.36136694968e-05,1.69488941484e-07
91.45,1.03334960113e-06,7.35447545946e-05,1.67970434325e-07
91.5,1.0235783642e-06,7.34759425874e-05,1.6646548668e-07
91.55,1.01389927053e-06,7.34073401216e-05,1.64974149499e-07
91.6,1.00431145383e-06,7.33389460084e-05,1.63496183162e-07
91.65,9.94814055956e-07,7.32707590669e-05,1.62031454239e-07
91.7,9.8540622679e-07,7.3202778123e-05,1.60579686837e-07
91.75,9.76087124183e-07,7.31350020109e-05,1.59140900562e-07
91.8,9.66855913876e-07,7.30674295701e-05,1.57714848291e-07
91.85,9.57716555647e-07,7.30001044448e-05,1.56301785873e-07
91.9,9.48663349334e-07,7.29330497269e-05,1.54901229181e-07
91.95,9.39695485334e-07,7.28661956124e-05,1.53513418133e-07
92.0,9.30812161629e-07,7.27998436386e-05,1.52137999548e-07
92.05,9.22012583707e-07,7.27338522796e-05,1.50775019991e-07
92.1,9.13295964502e-07,7.26680579094e-05,1.49424260465e-07
92.15,9.04661524316e-07,7.26024593973e-05,1.48085599024e-07
92.2,8.96108490755e-07,7.25371475645e-05,1.46758783522e-07
92.25,8.8763609866e-07,7.24720640954e-05,1.45443831876e-07
92.3,8.7924359004e-07,7.24071735241e-05,1.44140518234e-07
92.35,8.70930214002e-07,7.23424747436e-05,1.42849076423e-07
92.4,8.62695226689e-07,7.22779666502e-05,1.41569063985e-07
92.45,8.54537891212e-07,7.22136481498e-05,1.40300700189e-07
92.5,8.46457477585e-07,7.21495181519e-05,1.39043662252e-07
92.55,8.38453262661e-07,7.20855755741e-05,1.37797992729e-07
92.6,8.30524530069e-07,7.20218193393e-05,1.36563491475e-07
92.65,8.22670570148e-07,7.19582483772e-05,1.35340047038e-07
92.7,8.14890679889e-07,7.18948616243e-05,1.34127428973e-07
92.75,8.07184162868e-07,7.18316580241e-05,1.32925653657e-07
92.8,7.99550329187e-07,7.17686365254e-05,1.31734514675e-07
92.85,7.91992453421e-07,7.17057960843e-05,1.3055422573e-07
92.9,7.84505821769e-07,7.16431356767e-05,1.29384382446e-07
92.95,7.77089764723e-07,7.15806542702e-05,1.28225185218e-07
93.0,7.69743619044e-07,7.1518350836e-05,1.27076339046e-07
93.05,7.62466727707e-07,7.14562243527e-05,1.25937882823e-07
93.1,7.55258439838e-07,7.13945215958e-05,1.24809633628e-07
93.15,7.4811811066e-07,7.13331653234e-05,1.23691489604e-07
93.2,7.41045101434e-07,7.12719827909e-05,1.22583240138e-07
93.25,7.34038779405e-07,7.1210972991e-05,1.214849002e-07
93.3,7.27098517745e-07,7.11501349219e-05,1.20396281138e-07
93.35,7.20223695496e-07,7.10894776546e-05,1.19317578264e-07
93.4,7.1341369752e-07,7.10290907721e-05,1.18248422004e-07
93.45,7.06667914439e-07,7.09688729984e-05,1.17188995508e-07
93.5,6.99985742584e-07,7.09088233499e-05,1.16139029164e-07
93.55,6.93366583942e-07,7.0848940851e-05,1.15098558519e-07
93.6,6.86809846104e-07,7.07892245304e-05,1.14067416395e-07
93.65,6.8031494221e-07,7.07296734237e-05,1.13045509702e-07
93.7,6.73881290899e-07,7.0670338821e-05,1.12032645954e-07
93.75,6.67508316258e-07,7.061123856e-05,1.11028838832e-07
93.8,6.61195447769e-07,7.0552301043e-05,1.10033915923e-07
93.85,6.54945393371e-07,7.04935253251e-05,1.09048055726e-07
93.9,6.48754254943e-07,7.04349104789e-05,1.08070920479e-07
93.95,6.42621478831e-07,7.03764555704e-05,1.07102677566e-07
94.0,6.36546516563e-07,7.03181596694e-05,1.0614308058e-07
94.05,6.30528824806e-07,7.02600218524e-05,1.0519216201e-07
94.1,6.24567865312e-07,7.02020412006e-05,1.04249769067e-07
94.15,6.18663104879e-07,7.01442168013e-05,1.03315816671e-07
94.2,6.12814015295e-07,7.00865477474e-05,1.02390128906e-07
94.25,6.07020073298e-07,7.00290331378e-05,1.01472718273e-07
94.3,6.01280760526e-07,6.99718333911e-05,1.00563427199e-07
94.35,5.95595563473e-07,6.99150006901e-05,9.96624188214e-08
94.4,5.89963973444e-07,6.98583196167e-05,9.87693844464e-08
94.45,5.8438548651e-07,6.98017892821e-05,9.78844770533e-08
94.5,5.7885960346e-07,6.97454088012e-05,9.70074714431e-08
94.55,5.73385829762e-07,6.96891772953e-05,9.61383973073e-08
94.6,5.67963675518e-07,6.96330938904e-05,9.52771150076e-08
94.65,5.62592655419e-07,6.95771577182e-05,9.44235467875e-08
94.7,5.57272288703e-07,6.95213679158e-05,9.35775318711e-08
94.75,5.52002099113e-07,6.94657236263e-05,9.2739081684e-08
94.8,5.46781614854e-07,6.94102239974e-05,9.19080522152e-08
94.85,5.41613075282e-07,6.93548681824e-05,9.10845925604e-08
94.9,5.3649325681e-07,6.92997404125e-05,9.02684205956e-08
94.95,5.31421701588e-07,6.92447779502e-05,8.9459676133e-08
95.0,5.26397956052e-07,6.91899571414e-05,8.86581533562e-08
95.05,5.21421570888e-07,6.91352771558e-05,8.78638794011e-08
95.1,5.16492100987e-07,6.90807371672e-05,8.70767266481e-08
95.15,5.11609105413e-07,6.9026336355e-05,8.6296624033e-08
95.2,5.06772147357e-07,6.89720884718e-05,8.55234246177e-08
95.25,5.019807941e-07,6.8918083757e-05,8.47571388444e-08
95.3,4.97234616981e-07,6.88642161722e-05,8.3997635097e-08
95.35,4.9253319135e-07,6.88104849136e-05,8.32450496387e-08
95.4,4.87876096537e-07,6.87568891807e-05,8.24991246275e-08
95.45,4.83262915813e-07,6.87034281792e-05,8.17599878422e-08
95.5,4.78693236352e-07,6.86501011185e-05,8.10274511808e-08
95.55,4.74166649195e-07,6.85969072135e-05,8.03015394436e-08
95.6,4.69682749218e-07,6.85438456834e-05,7.9582135995e-08
95.65,4.65241135088e-07,6.84911837577e-05,7.88691758874e-08
95.7,4.60841409236e-07,6.84387188551e-05,7.81625248293e-08
95.75,4.56483177817e-07,6.83863839106e-05,7.74621923643e-08
95.8,4.52166050676e-07,6.8334178155e-05,7.67680582042e-08
95.85,4.47891879668e-07,6.82821008243e-05,7.60802468843e-08
95.9,4.43657999018e-07,6.82301511667e-05,7.53985227547e-08
95.95,4.39464030104e-07,6.81783284276e-05,7.47230025964e-08
96.0,4.35309597846e-07,6.81266318554e-05,7.40535144971e-08
96.05,4.31194330681e-07,6.8075060704e-05,7.33900811228e-08
96.1,4.27117860521e-07,6.80236142316e-05,7.27325958764e-08
96.15,4.2307982273e-07,6.7972291701e-05,7.20809994002e-08
96.2,4.19079856085e-07,6.79210923801e-05,7.1435168961e-08
96.25,4.15117602745e-07,6.78700155415e-05,7.07951132812e-08
96.3,4.11192708225e-07,6.78190604619e-05,7.01607224255e-08
96.35,4.07304821357e-07,6.7768226423e-05,6.95321102107e-08
96.4,4.03453594264e-07,6.77175638561e-05,6.89090612689e-08
96.45,3.99638682328e-07,6.76670753903e-05,6.82916823299e-08
96.5,3.95859744158e-07,6.7616706172e-05,6.76798162779e-08
96.55,3.92116441563e-07,6.75664554969e-05,6.70734838277e-08
96.6,3.88408439521e-07,6.75163226643e-05,6.64725875571e-08
96.65,3.84735406147e-07,6.74663069785e-05,6.58770732173e-08
96.7,3.81097012667e-07,6.74164077481e-05,6.52868286386e-08
96.75,3.77492933387e-07,6.73667203543e-05,6.47018617925e-08
96.8,3.73922845665e-07,6.73171696963e-05,6.41220722058e-08
96.85,3.7038828091e-07,6.72677338222e-05,6.35475638992e-08
96.9,3.66887034635e-07,6.72184120606e-05,6.29781400414e-08
96.95,3.63418793734e-07,6.7169203738e-05,6.2413898176e-08
97.0,3.59983248032e-07,6.71201081839e-05,6.18546947098e-08
97.05,3.56580090261e-07,6.70711247326e-05,6.13005485749e-08
97.1,3.53209016028e-07,6.70223361215e-05,6.07513707341e-08
97.15,3.49869723794e-07,6.69738701448e-05,6.02071116077e-08
97.2,3.46561914841e-07,6.69255142423e-05,5.96676686803e-08
97.25,3.43285293251e-07,6.68772677583e-05,5.91330492372e-08
97.3,3.40039565878e-07,6.68291300408e-05,5.86031614531e-08
97.35,3.36824442321e-07,6.67811004423e-05,5.80781003955e-08
97.4,3.33639634899e-07,6.67331783184e-05,5.75576861742e-08
97.45,3.30484858628e-07,6.66853630299e-05,5.70420079373e-08
97.5,3.27359831192e-07,6.66376539402e-05,5.65309344507e-08
97.55,3.2426427292e-07,6.6590050418e-05,5.60244830169e-08
97.6,3.21197906763e-07,6.65425518349e-05,5.55225722619e-08
97.65,3.18160458265e-07,6.64951575673e-05,5.50251568734e-08
97.7,3.15151655544e-07,6.64478669953e-05,5.45321431593e-08
97.75,3.12171229264e-07,6.64006795034e-05,5.40435377781e-08
97.8,3.09218912613e-07,6.63535944797e-05,5.35592568075e-08
97.85,3.06295972004e-07,6.63066113163e-05,5.30793871328e-08
97.9,3.03400584417e-07,6.62597481796e-05,5.26037643467e-08
97.95,3.00532490925e-07,6.62130701761e-05,5.21324699244e-08
98.0,2.97691435027e-07,6.61664925692e-05,5.1665383927e-08
98.05,2.94877162624e-07,6.61200147627e-05,5.12025221678e-08
98.1,2.92089421996e-07,6.60736361636e-05,5.07438102766e-08
98.15,2.89327963781e-07,6.60273561833e-05,5.0289206841e-08
98.2,2.86592540954e-07,6.59811742366e-05,4.9838626233e-08
98.25,2.83882908802e-07,6.59351489386e-05,4.93920745378e-08
98.3,2.81198824905e-07,6.58892764009e-05,4.89494750563e-08
98.35,2.78540049112e-07,6.58435005351e-05,4.85109071957e-08
98.4,2.75906343525e-07,6.57978207668e-05,4.80762206991e-08
98.45,2.73297472472e-07,6.5752236526e-05,4.76454900291e-08
98.5,2.7071320249e-07,6.57067472457e-05,4.72186055699e-08
98.55,2.68153302303e-07,6.56613523629e-05,4.67955817737e-08
98.6,2.65617542801e-07,6.56160513179e-05,4.63763506713e-08
98.65,2.63105697022e-07,6.55708435547e-05,4.59608744146e-08
98.7,2.60617540129e-07,6.5525728521e-05,4.55490747454e-08
98.75,2.58152849394e-07,6.54807981953e-05,4.51409572253e-08
98.8,2.55711404173e-07,6.54361260232e-05,4.47364517566e-08
98.85,2.53294251739e-07,6.53915449352e-05,4.4335630912e-08
98.9,2.50899884527e-07,6.53470543915e-05,4.39383573669e-08
98.95,2.48528088417e-07,6.53026538514e-05,4.35446991752e-08
99.0,2.46178651292e-07,6.52583427768e-05,4.31545561553e-08
99.05,2.43851363023e-07,6.52141206336e-05,4.27679415159e-08
99.1,2.41546015448e-07,6.51699868911e-05,4.23847931376e-08
99.15,2.39262402354e-07,6.51259410218e-05,4.20050764298e-08
99.2,2.37000319462e-07,6.5081982502e-05,4.16287198701e-08
99.25,2.34759564404e-07,6.50381108115e-05,4.12557285412e-08
99.3,2.32539936709e-07,6.49943254333e-05,4.08860383788e-08
99.35,2.30341237783e-07,6.49506258537e-05,4.05197157091e-08
99.4,2.28163270891e-07,6.4907011562e-05,4.01566350272e-08
99.45,2.26005841145e-07,6.48635708587e-05,3.97968585294e-08
99.5,2.23868755478e-07,6.48202269641e-05,3.94402946569e-08
99.55,2.21751822636e-07,6.47769671694e-05,3.90869554812e-08
99.6,2.19654853155e-07,6.47337909737e-05,3.87367842297e-08
99.65,2.17577659345e-07,6.46906978799e-05,3.83897492889e-08
99.7,2.15520055276e-07,6.46476873938e-05,3.80457852922e-08
99.75,2.1348185676e-07,6.46047829054e-05,3.77048968849e-08
99.8,2.11462881335e-07,6.45620487937e-05,3.73670255165e-08
99.85,2.09463995051e-07,6.4519396191e-05,3.70322318049e-08
99.9,2.07483951215e-07,6.4476824616e-05,3.67004010469e-08
99.95,2.05522572758e-07,6.44343335871e-05,3.63715900859e-08
100.0,2.03579684268e-07,6.43919226252e-05,3.60457152432e-08
