"time","AMPA","NMDA","GABAa"
0.0,0.0,0.0,0.0
0.05,0.0,0.0,0.0
0.1,0.0,0.0,0.0
0.15,0.0,0.0,0.0
0.2,0.0,0.0,0.0
0.25,0.0,0.0,0.0
0.3,0.0,0.0,0.0
0.35,0.0,0.0,0.0
0.4,0.0,0.0,0.0
0.45,0.0,0.0,0.0
0.5,0.0,0.0,0.0
0.55,0.0,0.0,0.0
0.6,0.0,0.0,0.0
0.65,0.0,0.0,0.0
0.7,0.0,0.0,0.0
0.75,0.0,0.0,0.0
0.8,0.0,0.0,0.0
0.85,0.0,0.0,0.0
0.9,0.0,0.0,0.0
0.95,0.0,0.0,0.0
1.0,0.0,0.0,0.0
1.05,0.0,0.0,0.0
1.1,0.0,0.0,0.0
1.15,0.0,0.0,0.0
1.2,0.0,0.0,0.0
1.25,0.0,0.0,0.0
1.3,0.0,0.0,0.0
1.35,0.0,0.0,0.0
1.4,0.0,0.0,0.0
1.45,0.0,0.0,0.0
1.5,0.0,0.0,0.0
1.55,0.0,0.0,0.0
1.6,0.0,0.0,0.0
1.65,0.0,0.0,0.0
1.7,0.0,0.0,0.0
1.75,0.0,0.0,0.0
1.8,0.0,0.0,0.0
1.85,0.0,0.0,0.0
1.9,0.0,0.0,0.0
1.95,0.0,0.0,0.0
2.0,0.0,0.0,0.0
2.05,0.0,0.0,0.0
2.1,0.0,0.0,0.0
2.15,0.0,0.0,0.0
2.2,0.0,0.0,0.0
2.25,0.0,0.0,0.0
2.3,0.0,0.0,0.0
2.35,0.0,0.0,0.0
2.4,0.0,0.0,0.0
2.45,0.0,0.0,0.0
2.5,0.0,0.0,0.0
2.55,0.0,0.0,0.0
2.6,0.0,0.0,0.0
2.65,0.0,0.0,0.0
2.7,0.0,0.0,0.0
2.75,0.0,0.0,0.0
2.8,0.0,0.0,0.0
2.85,0.0,0.0,0.0
2.9,0.0,0.0,0.0
2.95,0.0,0.0,0.0
3.0,0.0,0.0,0.0
3.05,0.0,0.0,0.0
3.1,0.0,0.0,0.0
3.15,0.0,0.0,0.0
3.2,0.0,0.0,0.0
3.25,0.0,0.0,0.0
3.3,0.0,0.0,0.0
3.35,0.0,0.0,0.0
3.4,0.0,0.0,0.0
3.45,0.0,0.0,0.0
3.5,0.0,0.0,0.0
3.55,0.0,0.0,0.0
3.6,0.0,0.0,0.0
3.65,0.0,0.0,0.0
3.7,0.0,0.0,0.0
3.75,0.0,0.0,0.0
3.8,0.0,0.0,0.0
3.85,0.0,0.0,0.0
3.9,0.0,0.0,0.0
3.95,0.0,0.0,0.0
4.0,0.0,0.0,0.0
4.05,0.0,0.0,0.0
4.1,0.0,0.0,0.0
4.15,0.0,0.0,0.0
4.2,0.0,0.0,0.0
4.25,0.0,0.0,0.0
4.3,0.0,0.0,0.0
4.35,0.0,0.0,0.0
4.4,0.0,0.0,0.0
4.45,0.0,0.0,0.0
4.5,0.0,0.0,0.0
4.55,0.0,0.0,0.0
4.6,0.0,0.0,0.0
4.65,0.0,0.0,0.0
4.7,0.0,0.0,0.0
4.75,0.0,0.0,0.0
4.8,0.0,0.0,0.0
4.85,0.0,0.0,0.0
4.9,0.0,0.0,0.0
4.95,0.0,0.0,0.0
5.0,0.0,0.0,0.0
5.05,0.0,0.0,0.0
5.1,0.0,0.0,0.0
5.15,0.0,0.0,0.0
5.2,0.0,0.0,0.0
5.25,0.0,0.0,0.0
5.3,0.0,0.0,0.0
5.35,0.0,0.0,0.0
5.4,0.0,0.0,0.0
5.45,0.0,0.0,0.0
5.5,0.0,0.0,0.0
5.55,0.0,0.0,0.0
5.6,0.0,0.0,0.0
5.65,0.0,0.0,0.0
5.7,0.0,0.0,0.0
5.75,0.0,0.0,0.0
5.8,0.0,0.0,0.0
5.85,0.0,0.0,0.0
5.9,0.0,0.0,0.0
5.95,0.0,0.0,0.0
6.0,0.0,0.0,0.0
6.05,0.0,0.0,0.0
6.1,0.0,0.0,0.0
6.15,0.0,0.0,0.0
6.2,0.0,0.0,0.0
6.25,0.0,0.0,0.0
6.3,0.0,0.0,0.0
6.35,0.0,0.0,0.0
6.4,0.0,0.0,0.0
6.45,0.0,0.0,0.0
6.5,0.0,0.0,0.0
6.55,0.0,0.0,0.0
6.6,0.0,0.0,0.0
6.65,0.0,0.0,0.0
6.7,0.0,0.0,0.0
6.75,0.0,0.0,0.0
6.8,0.0,0.0,0.0
6.85,0.0,0.0,0.0
6.9,0.0,0.0,0.0
6.95,0.0,0.0,0.0
7.0,0.0,0.0,0.0
7.05,0.0,0.0,0.0
7.1,0.0,0.0,0.0
7.15,0.0,0.0,0.0
7.2,0.0,0.0,0.0
7.25,0.0,0.0,0.0
7.3,0.0,0.0,0.0
7.35,0.0,0.0,0.0
7.4,0.0,0.0,0.0
7.45,0.0,0.0,0.0
7.5,0.0,0.0,0.0
7.55,0.0,0.0,0.0
7.6,0.0,0.0,0.0
7.65,0.0,0.0,0.0
7.7,0.0,0.0,0.0
7.75,0.0,0.0,0.0
7.8,0.0,0.0,0.0
7.85,0.0,0.0,0.0
7.9,0.0,0.0,0.0
7.95,0.0,0.0,0.0
8.0,0.0,0.0,0.0
8.05,0.0,0.0,0.0
8.1,0.0,0.0,0.0
8.15,0.0,0.0,0.0
8.2,0.0,0.0,0.0
8.25,0.0,0.0,0.0
8.3,0.0,0.0,0.0
8.35,0.0,0.0,0.0
8.4,0.0,0.0,0.0
8.45,0.0,0.0,0.0
8.5,0.0,0.0,0.0
8.55,0.0,0.0,0.0
8.6,0.0,0.0,0.0
8.65,0.0,0.0,0.0
8.7,0.0,0.0,0.0
8.75,0.0,0.0,0.0
8.8,0.0,0.0,0.0
8.85,0.0,0.0,0.0
8.9,0.0,0.0,0.0
8.95,0.0,0.0,0.0
9.0,0.0,0.0,0.0
9.05,0.0,0.0,0.0
9.1,0.0,0.0,0.0
9.15,0.0,0.0,0.0
9.2,0.0,0.0,0.0
9.25,0.0,0.0,0.0
9.3,0.0,0.0,0.0
9.35,0.0,0.0,0.0
9.4,0.0,0.0,0.0
9.45,0.0,0.0,0.0
9.5,0.0,0.0,0.0
9.55,0.0,0.0,0.0
9.6,0.0,0.0,0.0
9.65,0.0,0.0,0.0
9.7,0.0,0.0,0.0
9.75,0.0,0.0,0.0
9.8,0.0,0.0,0.0
9.85,0.0,0.0,0.0
9.9,0.0,0.0,0.0
9.95,0.0,0.0,0.0
10.0,0.0,0.0,0.0
10.05,0.0,0.0,0.0
10.1,0.0,0.0,0.0
10.15,0.0,0.0,0.0
10.2,0.0,0.0,0.0
10.25,0.0,0.0,0.0
10.3,0.0,0.0,0.0
10.35,0.0,0.0,0.0
10.4,0.0,0.0,0.0
10.45,0.0,0.0,0.0
10.5,0.0,0.0,0.0
10.55,0.0,0.0,0.0
10.6,0.0,0.0,0.0
10.65,0.0,0.0,0.0
10.7,0.0,0.0,0.0
10.75,0.0,0.0,0.0
10.8,0.0,0.0,0.0
10.85,0.0,0.0,0.0
10.9,0.0,0.0,0.0
10.95,0.0,0.0,0.0
11.0,0.0,0.0,0.0
11.05,0.0,0.0,0.0
11.1,0.0,0.0,0.0
11.15,0.0,0.0,0.0
11.2,0.0,0.0,0.0
11.25,0.0,0.0,0.0
11.3,0.0,0.0,0.0
11.35,0.0,0.0,0.0
11.4,0.0,0.0,0.0
11.45,0.0,0.0,0.0
11.5,0.0,0.0,0.0
11.55,0.0,0.0,0.0
11.6,0.0,0.0,0.0
11.65,0.0,0.0,0.0
11.7,0.0,0.0,0.0
11.75,0.0,0.0,0.0
11.8,0.0,0.0,0.0
11.85,0.0,0.0,0.0
11.9,0.0,0.0,0.0
11.95,0.0,0.0,0.0
12.0,0.0,0.0,0.0
12.05,0.0,0.0,0.0
12.1,0.0,0.0,0.0
12.15,0.0,0.0,0.0
12.2,0.0,0.0,0.0
12.25,0.0,0.0,0.0
12.3,0.0,0.0,0.0
12.35,0.0,0.0,0.0
12.4,0.0,0.0,0.0
12.45,0.0,0.0,0.0
12.5,0.0,0.0,0.0
12.55,0.0,0.0,0.0
12.6,0.0,0.0,0.0
12.65,0.0,0.0,0.0
12.7,0.0,0.0,0.0
12.75,0.0,0.0,0.0
12.8,0.0,0.0,0.0
12.85,0.0,0.0,0.0
12.9,0.0,0.0,0.0
12.95,0.0,0.0,0.0
13.0,0.0,0.0,0.0
13.05,0.0,0.0,0.0
13.1,0.0,0.0,0.0
13.15,0.0,0.0,0.0
13.2,0.0,0.0,0.0
13.25,0.0,0.0,0.0
13.3,0.0,0.0,0.0
13.35,0.0,0.0,0.0
13.4,0.0,0.0,0.0
13.45,0.0,0.0,0.0
13.5,0.0,0.0,0.0
13.55,0.0,0.0,0.0
13.6,0.0,0.0,0.0
13.65,0.0,0.0,0.0
13.7,0.0,0.0,0.0
13.75,0.0,0.0,0.0
13.8,0.0,0.0,0.0
13.85,0.0,0.0,0.0
13.9,0.0,0.0,0.0
13.95,0.0,0.0,0.0
14.0,0.0,0.0,0.0
14.05,0.0,0.0,0.0
14.1,0.0,0.0,0.0
14.15,0.0,0.0,0.0
14.2,0.0,0.0,0.0
14.25,0.0,0.0,0.0
14.3,0.0,0.0,0.0
14.35,0.0,0.0,0.0
14.4,0.0,0.0,0.0
14.45,0.0,0.0,0.0
14.5,0.0,0.0,0.0
14.55,0.0,0.0,0.0
14.6,0.0,0.0,0.0
14.65,0.0,0.0,0.0
14.7,0.0,0.0,0.0
14.75,0.0,0.0,0.0
14.8,0.0,0.0,0.0
14.85,0.0,0.0,0.0
14.9,0.0,0.0,0.0
14.95,0.0,0.0,0.0
15.0,0.0,0.0,0.0
15.05,0.0,0.0,0.0
15.1,0.0,0.0,0.0
15.15,0.0,0.0,0.0
15.2,0.0,0.0,0.0
15.25,0.0,0.0,0.0
15.3,0.0,0.0,0.0
15.35,0.0,0.0,0.0
15.4,0.0,0.0,0.0
15.45,0.0,0.0,0.0
15.5,0.0,0.0,0.0
15.55,0.0,0.0,0.0
15.6,0.0,0.0,0.0
15.65,0.0,0.0,0.0
15.7,0.0,0.0,0.0
15.75,0.0,0.0,0.0
15.8,0.0,0.0,0.0
15.85,0.0,0.0,0.0
15.9,0.0,0.0,0.0
15.95,0.0,0.0,0.0
16.0,0.0,0.0,0.0
16.05,0.0,0.0,0.0
16.1,0.0,0.0,0.0
16.15,0.0,0.0,0.0
16.2,0.0,0.0,0.0
16.25,0.0,0.0,0.0
16.3,0.0,0.0,0.0
16.35,0.0,0.0,0.0
16.4,0.0,0.0,0.0
16.45,0.0,0.0,0.0
16.5,0.0,0.0,0.0
16.55,0.0,0.0,0.0
16.6,0.0,0.0,0.0
16.65,0.0,0.0,0.0
16.7,0.0,0.0,0.0
16.75,0.0,0.0,0.0
16.8,0.0,0.0,0.0
16.85,0.0,0.0,0.0
16.9,0.0,0.0,0.0
16.95,0.0,0.0,0.0
17.0,0.0,0.0,0.0
17.05,0.0,0.0,0.0
17.1,0.0,0.0,0.0
17.15,0.0,0.0,0.0
17.2,0.0,0.0,0.0
17.25,0.0,0.0,0.0
17.3,0.0,0.0,0.0
17.35,0.0,0.0,0.0
17.4,0.0,0.0,0.0
17.45,0.0,0.0,0.0
17.5,0.0,0.0,0.0
17.55,0.0,0.0,0.0
17.6,0.0,0.0,0.0
17.65,0.0,0.0,0.0
17.7,0.0,0.0,0.0
17.75,0.0,0.0,0.0
17.8,0.0,0.0,0.0
17.85,0.0,0.0,0.0
17.9,0.0,0.0,0.0
17.95,0.0,0.0,0.0
18.0,0.0,0.0,0.0
18.05,0.0,0.0,0.0
18.1,0.0,0.0,0.0
18.15,0.0,0.0,0.0
18.2,0.0,0.0,0.0
18.25,0.0,0.0,0.0
18.3,0.0,0.0,0.0
18.35,0.0,0.0,0.0
18.4,0.0,0.0,0.0
18.45,0.0,0.0,0.0
18.5,0.0,0.0,0.0
18.55,0.0,0.0,0.0
18.6,0.0,0.0,0.0
18.65,0.0,0.0,0.0
18.7,0.0,0.0,0.0
18.75,0.0,0.0,0.0
18.8,0.0,0.0,0.0
18.85,0.0,0.0,0.0
18.9,0.0,0.0,0.0
18.95,0.0,0.0,0.0
19.0,0.0,0.0,0.0
19.05,0.0,0.0,0.0
19.1,0.0,0.0,0.0
19.15,0.0,0.0,0.0
19.2,0.0,0.0,0.0
19.25,0.0,0.0,0.0
19.3,0.0,0.0,0.0
19.35,0.0,0.0,0.0
19.4,0.0,0.0,0.0
19.45,0.0,0.0,0.0
19.5,0.0,0.0,0.0
19.55,0.0,0.0,0.0
19.6,0.0,0.0,0.0
19.65,0.0,0.0,0.0
19.7,0.0,0.0,0.0
19.75,0.0,0.0,0.0
19.8,0.0,0.0,0.0
19.85,0.0,0.0,0.0
19.9,0.0,0.0,0.0
19.95,0.0,0.0,0.0
20.0,0.0,0.0,0.0
20.05,0.0,0.0,0.0
20.1,0.0,0.0,0.0
20.15,0.0,0.0,0.0
20.2,0.0,0.0,0.0
20.25,0.0,0.0,0.0
20.3,0.0,0.0,0.0
20.35,0.0,0.0,0.0
20.4,0.0,0.0,0.0
20.45,0.0,0.0,0.0
20.5,0.0,0.0,0.0
20.55,0.0,0.0,0.0
20.6,0.0,0.0,0.0
20.65,0.0,0.0,0.0
20.7,0.0,0.0,0.0
20.75,0.0,0.0,0.0
20.8,0.0,0.0,0.0
20.85,0.0,0.0,0.0
20.9,0.0,0.0,0.0
20.95,0.0,0.0,0.0
21.0,0.0,0.0,0.0
21.05,0.0,0.0,0.0
21.1,0.0,0.0,0.0
21.15,0.0,0.0,0.0
21.2,0.0,0.0,0.0
21.25,0.0,0.0,0.0
21.3,0.0,0.0,0.0
21.35,0.0,0.0,0.0
21.4,0.0,0.0,0.0
21.45,0.0,0.0,0.0
21.5,0.0,0.0,0.0
21.55,0.0,0.0,0.0
21.6,0.0,0.0,0.0
21.65,0.0,0.0,0.0
21.7,0.0,0.0,0.0
21.75,0.0,0.0,0.0
21.8,0.0,0.0,0.0
21.85,0.0,0.0,0.0
21.9,0.0,0.0,0.0
21.95,0.0,0.0,0.0
22.0,0.0,0.0,0.0
22.05,0.0,0.0,0.0
22.1,0.0,0.0,0.0
22.15,0.0,0.0,0.0
22.2,0.0,0.0,0.0
22.25,0.0,0.0,0.0
22.3,0.0,0.0,0.0
22.35,0.0,0.0,0.0
22.4,0.0,0.0,0.0
22.45,0.0,0.0,0.0
22.5,0.0,0.0,0.0
22.55,0.0,0.0,0.0
22.6,0.0,0.0,0.0
22.65,0.0,0.0,0.0
22.7,0.0,0.0,0.0
22.75,0.0,0.0,0.0
22.8,0.0,0.0,0.0
22.85,0.0,0.0,0.0
22.9,0.0,0.0,0.0
22.95,0.0,0.0,0.0
23.0,0.0,0.0,0.0
23.05,0.0,0.0,0.0
23.1,0.0,0.0,0.0
23.15,0.0,0.0,0.0
23.2,0.0,0.0,0.0
23.25,0.0,0.0,0.0
23.3,0.0,0.0,0.0
23.35,0.0,0.0,0.0
23.4,0.0,0.0,0.0
23.45,0.0,0.0,0.0
23.5,0.0,0.0,0.0
23.55,0.0,0.0,0.0
23.6,0.0,0.0,0.0
23.65,0.0,0.0,0.0
23.7,0.0,0.0,0.0
23.75,0.0,0.0,0.0
23.8,0.0,0.0,0.0
23.85,0.0,0.0,0.0
23.9,0.0,0.0,0.0
23.95,0.0,0.0,0.0
24.0,0.0,0.0,0.0
24.05,0.0,0.0,0.0
24.1,0.0,0.0,0.0
24.15,0.0,0.0,0.0
24.2,0.0,0.0,0.0
24.25,0.0,0.0,0.0
24.3,0.0,0.0,0.0
24.35,0.0,0.0,0.0
24.4,0.0,0.0,0.0
24.45,0.0,0.0,0.0
24.5,0.0,0.0,0.0
24.55,0.0,0.0,0.0
24.6,0.0,0.0,0.0
24.65,0.0,0.0,0.0
24.7,0.0,0.0,0.0
24.75,0.0,0.0,0.0
24.8,0.0,0.0,0.0
24.85,0.0,0.0,0.0
24.9,0.0,0.0,0.0
24.95,0.0,0.0,0.0
25.0,0.0,0.0,0.0
25.05,0.0,0.0,0.0
25.1,0.0,0.0,0.0
25.15,0.0,0.0,0.0
25.2,0.0,0.0,0.0
25.25,0.0,0.0,0.0
25.3,0.0,0.0,0.0
25.35,0.0,0.0,0.0
25.4,0.0,0.0,0.0
25.45,0.0,0.0,0.0
25.5,0.0,0.0,0.0
25.55,0.0,0.0,0.0
25.6,0.0,0.0,0.0
25.65,0.0,0.0,0.0
25.7,0.0,0.0,0.0
25.75,0.0,0.0,0.0
25.8,0.0,0.0,0.0
25.85,0.0,0.0,0.0
25.9,0.0,0.0,0.0
25.95,0.0,0.0,0.0
26.0,0.0,0.0,0.0
26.05,0.0,0.0,0.0
26.1,0.0,0.0,0.0
26.15,0.0,0.0,0.0
26.2,0.0,0.0,0.0
26.25,0.0,0.0,0.0
26.3,0.0,0.0,0.0
26.35,0.0,0.0,0.0
26.4,0.0,0.0,0.0
26.45,0.0,0.0,0.0
26.5,0.0,0.0,0.0
26.55,0.0,0.0,0.0
26.6,0.0,0.0,0.0
26.65,0.0,0.0,0.0
26.7,0.0,0.0,0.0
26.75,0.0,0.0,0.0
26.8,0.0,0.0,0.0
26.85,0.0,0.0,1.71405167286e-16
26.9,0.0,0.0,0.000231625385186
26.95,0.0,0.0,0.000409805037331
27.0,0.0,0.0,0.000546196633713
27.05,0.0,0.0,0.000650074528997
27.1,0.0,0.0,0.000843253595174
27.15,0.0,0.0,0.00121704052271
27.2,0.0,0.0,0.00149762825877
27.25,0.0,0.0,0.0017053635015
27.3,0.0,0.0,0.00185662589691
27.35,0.0,0.0,0.00196440501686
27.4,0.0,0.0,0.00214712483324
27.45,0.0,0.0,0.00227573420621
27.5,0.0,0.0,0.00236296076127
27.55,0.0,0.0,0.00241873297462
27.6,0.0,0.0,0.00245073654387
27.65,0.0,0.0,0.00266588156539
27.7,0.0,0.0,0.00281222471639
27.75,0.0,0.0,0.00290619066889
27.8,0.0,0.0,0.00296062051909
27.85,0.0,0.0,0.00298409410822
27.9,0.0,0.0,0.00297887822944
27.95,0.0,0.0,0.00295833685355
28.0,0.0,0.0,0.00292680620019
28.05,0.0,0.0,0.00288693158016
28.1,0.0,0.0,0.0028374726146
28.15,0.0,0.0,0.00286132370203
28.2,0.0,0.0,0.00286046629613
28.25,0.0,0.0,0.00284167204684
28.3,0.0,0.0,0.00281007281488
28.35,0.0,0.0,0.00276898272318
28.4,0.0,0.0,0.00271912546275
28.45,0.0,0.0,0.00266572528496
28.5,0.0,0.0,0.00261034024723
28.55,0.0,0.0,0.00255411348538
28.6,0.0,0.0,0.00249687858704
28.65,0.0,0.0,0.00243527869057
28.7,0.0,0.0,0.0023752692116
28.75,0.0,0.0,0.00231705920786
28.8,0.0,0.0,0.00226077572054
28.85,0.0,0.0,0.00220648571439
28.9,0.0,0.0,0.00215421935054
28.95,0.0,0.0,0.00210396115398
29.0,0.0,0.0,0.00205568080505
29.05,0.0,0.0,0.00200933251647
29.1,0.0,0.0,0.00196443987005
29.15,0.0,0.0,0.00191926112636
29.2,0.0,0.0,0.00187604703623
29.25,0.0,0.0,0.00183469681434
29.3,0.0,0.0,0.00179511527389
29.35,0.0,0.0,0.00175721249297
29.4,0.0,0.0,0.00172090895001
29.45,0.0,0.0,0.00168611853597
29.5,0.0,0.0,0.00165435233321
29.55,0.0,0.0,0.00163570394826
29.6,0.0,0.0,0.00161510591328
29.65,0.0,0.0,0.00159328222884
29.7,0.0,0.0,0.00157237802374
29.75,0.0,0.0,0.00155996369603
29.8,0.0,0.0,0.00154509543094
29.85,0.0,0.0,0.00152856035256
29.9,0.0,0.0,0.00151095482295
29.95,0.0,0.0,0.0014927169833
30.0,0.0,0.0,0.00147417637872
30.05,0.0,0.0,0.00145557637119
30.1,0.0,0.0,0.00143709503873
30.15,0.0,0.0,0.00141886694002
30.2,0.0,0.0,0.00140097690488
30.25,0.0,0.0,0.00138348792275
30.3,0.0,0.0,0.00136644185916
30.35,0.0,0.0,0.00134986469245
30.4,0.0,0.0,0.00133377442357
30.45,0.0,0.0,0.00131817245079
30.5,0.0,0.0,0.00130298352719
30.55,0.0,0.0,0.0012865572715
30.6,0.0,0.0,0.00127174399167
30.65,0.0,0.0,0.00127454302046
30.7,0.0,0.0,0.00127440877831
30.75,0.0,0.0,0.00133062659437
30.8,0.0,0.0,0.00136902926892
30.85,0.0,0.0,0.0013938356821
30.9,0.0,0.0,0.00140834023319
30.95,0.0,0.0,0.00141509440362
31.0,0.0,0.0,0.00141606606807
31.05,0.0,0.0,0.00141276712642
31.1,0.0,0.0,0.00140635042866
31.15,0.0,0.0,0.00139770004348
31.2,0.0,0.0,0.00138840410343
31.25,0.0,0.0,0.00139543097598
31.3,0.0,0.0,0.00139715513985
31.35,0.0,0.0,0.00139495108148
31.4,0.0,0.0,0.00138987165812
31.45,0.0,0.0,0.00138271811294
31.5,0.0,0.0,0.00137502489419
31.55,0.0,0.0,0.00138226115253
31.6,0.0,0.0,0.00138449706399
31.65,0.0,0.0,0.00138161087381
31.7,0.0,0.0,0.00137575417942
31.75,0.0,0.0,0.00136515161653
31.8,0.0,0.0,0.00135346699785
31.85,0.0,0.0,0.00134109245177
31.9,0.0,0.0,0.00132832242261
31.95,0.0,0.0,0.00131537439501
32.0,0.0,0.0,0.0013032850132
32.05,0.0,0.0,0.0013064104609
32.1,0.0,0.0,0.00130575199492
32.15,0.0,0.0,0.00130230532624
32.2,0.0,0.0,0.00129671311422
32.25,0.0,0.0,0.00128826635499
32.3,0.0,0.0,0.0012788894245
32.35,0.0,0.0,0.00126994047078
32.4,0.0,0.0,0.00127174349997
32.45,0.0,0.0,0.00128001241184
32.5,0.0,0.0,0.00128364068481
32.55,0.0,0.0,0.00128250055891
32.6,0.0,0.0,0.00127892842402
32.65,0.0,0.0,0.00127359195943
32.7,0.0,0.0,0.00126699652404
32.75,0.0,0.0,0.00125953162016
32.8,0.0,0.0,0.00125148497073
32.85,0.0,0.0,0.00124307663126
32.9,0.0,0.0,0.00123447229996
32.95,0.0,0.0,0.00122579427959
33.0,0.0,0.0,0.00121703004772
33.05,0.0,0.0,0.00120701183768
33.1,0.0,0.0,0.00119719546221
33.15,0.0,0.0,0.00118760850312
33.2,0.0,0.0,0.00117826553635
33.25,0.0,0.0,0.00116917947751
33.3,0.0,0.0,0.00116035076688
33.35,0.0,0.0,0.00115170955326
33.4,0.0,0.0,0.00114192233281
33.45,0.0,0.0,0.00113110627931
33.5,0.0,0.0,0.00112064309527
33.55,0.0,0.0,0.00111051741885
33.6,0.0,0.0,0.00110070953937
33.65,0.0,0.0,0.00109120500558
33.7,0.0,0.0,0.00108198698436
33.75,0.0,0.0,0.00107304436124
33.8,0.0,0.0,0.00106436021597
33.85,0.0,0.0,0.00105592172395
33.9,0.0,0.0,0.00104771867966
33.95,0.0,0.0,0.0010397389707
34.0,0.0,0.0,0.00103197030129
34.05,0.0,0.0,0.00102440479605
34.1,0.0,0.0,0.00101703021194
34.15,0.0,0.0,0.00100983880327
34.2,0.0,0.0,0.00100282030079
34.25,0.0,0.0,0.000995969422272
34.3,0.0,0.0,0.000989275220881
34.35,0.0,0.0,0.000982730264629
34.4,0.0,0.0,0.00097632930467
34.45,0.0,0.0,0.000970065082405
34.5,0.0,0.0,0.000963929934988
34.55,0.0,0.0,0.000957920109109
34.6,0.0,0.0,0.000952027573544
34.65,0.0,0.0,0.000946248305783
34.7,0.0,0.0,0.000940575743956
34.75,0.0,0.0,0.000935007829913
34.8,0.0,0.0,0.000929537037434
34.85,0.0,0.0,0.000924158979144
34.9,0.0,0.0,0.000918871179959
34.95,0.0,0.0,0.000913669145466
35.0,0.0,0.0,0.000908547870545
35.05,0.0,0.0,0.000903505912152
35.1,0.0,0.0,0.000898537685829
35.15,0.0,0.0,0.000893641276898
35.2,0.0,0.0,0.000888812275697
35.25,0.0,0.0,0.000884050430408
35.3,0.0,0.0,0.000879350236533
35.35,0.0,0.0,0.000874709065338
35.4,0.0,0.0,0.000870126018965
35.45,0.0,0.0,0.00086559821625
35.5,0.0,0.0,0.000861122218554
35.55,0.0,0.0,0.000856697893332
35.6,0.0,0.0,0.000852321121941
35.65,0.0,0.0,0.000847991201212
35.7,0.0,0.0,0.00084370500609
35.75,0.0,0.0,0.000839463301951
35.8,0.0,0.0,0.000835261820526
35.85,0.0,0.0,0.000831098970464
35.9,0.0,0.0,0.000826974759761
35.95,0.0,0.0,0.000822887271411
36.0,0.0,0.0,0.000818834015973
36.05,0.0,0.0,0.00081481560697
36.1,0.0,0.0,0.000810828833408
36.15,0.0,0.0,0.00080687369485
36.2,0.0,0.0,0.000802947855493
36.25,0.0,0.0,0.000799052648847
36.3,0.0,0.0,0.000795184591425
36.35,0.0,0.0,0.000791342715542
36.4,0.0,0.0,0.00078752755001
36.45,0.0,0.0,0.000783737767613
36.5,0.0,0.0,0.000779971470994
36.55,0.0,0.0,0.000776229694235
36.6,0.0,0.0,0.000772509809125
36.65,0.0,0.0,0.000768812222966
36.7,0.0,0.0,0.000765135100047
36.75,0.0,0.0,0.000761480081201
36.8,0.0,0.0,0.000757844202343
36.85,0.0,0.0,0.000754226877056
36.9,0.0,0.0,0.000750628929583
36.95,0.0,0.0,0.000747049401921
37.0,0.0,0.0,0.000743486777701
37.05,0.0,0.0,0.000739942320091
37.1,0.0,0.0,0.000736413790401
37.15,0.0,0.0,0.000732901829196
37.2,0.0,0.0,0.000729404928426
37.25,0.0,0.0,0.000725924881917
37.3,0.0,0.0,0.00072245908549
37.35,0.0,0.0,0.000719007189077
37.4,0.0,0.0,0.000715570177913
37.45,0.0,0.0,0.000712147330556
37.5,0.0,0.0,0.000708737384198
37.55,0.0,0.0,0.000705341716439
37.6,0.0,0.0,0.00070195836061
37.65,0.0,0.0,0.000698588085441
37.7,0.0,0.0,0.000695229605551
37.75,0.0,0.0,0.000691884774928
37.8,-3.19792661356e-14,-6.00832777649e-15,0.000688551251271
37.85,-0.0118228833388,-0.000139323009269,0.000685228832545
37.9,-0.0228349125984,-0.000281825136989,0.000706835581379
37.95,-0.0329932695871,-0.000430856042938,0.000750415783159
38.0,-0.0422846714242,-0.000589952124566,0.00081310742321
38.05,-0.050705770202,-0.000763407168895,0.000892199111543
38.1,-0.0582697779177,-0.000953146922126,0.000985136884287
38.15,-0.0650006324297,-0.00116364133083,0.00108954595785
38.2,-0.0709284250221,-0.00139755907907,0.00120324173133
38.25,-0.0760940931722,-0.00165739754754,0.00132423100825
38.3,-0.0805368914139,-0.00194709658736,0.00145071170574
38.35,-0.0843063033758,-0.00226772898341,0.00158106601942
38.4,-0.0874462725104,-0.00262279249127,0.00171386391023
38.45,-0.0900074845861,-0.00301429969484,0.00184784297703
38.5,-0.0920356276961,-0.00344269634492,0.00198190140491
38.55,-0.0935781850658,-0.00391086037962,0.0021150944809
38.6,-0.0946796466551,-0.00441765256024,0.00224660822464
38.65,-0.095382654917,-0.00496438625015,0.00237575837653
38.7,-0.0957286582579,-0.0055507504374,0.00250196186702
38.75,-0.0957545054266,-0.00617372917688,0.00262476616387
38.8,-0.0930801489278,-0.00650431884221,0.00274378072393
38.85,-0.0896704784567,-0.00682310745193,0.00285408989321
38.9,-0.0864558181216,-0.00712722040438,0.00295479496802
38.95,-0.0834230683946,-0.00741592518889,0.00304657298712
39.0,-0.0805601320791,-0.00768860515313,0.0031300461415
39.05,-0.0778559496197,-0.00794506250523,0.00320579387378
39.1,-0.0753000680303,-0.00818534328552,0.00327434966069
39.15,-0.0728829572284,-0.00840948020915,0.00333621087193
39.2,-0.0705955499058,-0.00861773578683,0.00339184158666
39.25,-0.068429503731,-0.00881062006416,0.00344168315607
39.3,-0.0663768448672,-0.00898875541834,0.00348613769044
39.35,-0.064429989608,-0.00915275576079,0.00352559736334
39.4,-0.0625816570382,-0.00930328211846,0.00356044554242
39.45,-0.0608248411828,-0.00944132426003,0.00359104342147
39.5,-0.0591525066967,-0.00956760563565,0.00361775156805
39.55,-0.0575577699865,-0.00968301117858,0.00364093645866
39.6,-0.0560336123984,-0.00978844566604,0.00366095555127
39.65,-0.0545728535574,-0.00988479038127,0.00367818965734
39.7,-0.0531680567411,-0.00997308146307,0.00369302346596
39.75,-0.0518114489851,-0.0100540296343,0.00370587709184
39.8,-0.050494669101,-0.0101285472009,0.00371718095256
39.85,-0.0492089649816,-0.010197428206,0.00372741180016
39.9,-0.0479440024102,-0.010261399302,0.00373711234034
39.95,-0.0466883432269,-0.0103210933853,0.00374689110232
40.0,-0.0454283640656,-0.0103770208671,0.00375747270819
40.05,-0.0441472980962,-0.0104295217547,0.00376976673554
40.1,-0.0428233410457,-0.0104785042506,0.00378493888003
40.15,-0.0414267361359,-0.0105233018488,0.00380460120861
40.2,-0.0399144060212,-0.0105619562701,0.00383107787046
40.25,-0.0382198834017,-0.0105896614186,0.00386797960204
40.3,-0.0362331246762,-0.0105948995701,0.00392125880837
40.35,-0.0337558769439,-0.0105482011853,0.00400166578579
40.4,-0.0303932936818,-0.0103646613461,0.00413062620803
40.45,-0.025257875237,-0.00975528422288,0.00435629219694
40.5,-0.0161016969605,-0.00751506454504,0.00480065513251
40.55,0.00246364896975,0.00148734471668,0.00575629470419
40.6,0.0314691391956,0.0225646065687,0.00727990710959
40.65,0.051247924001,0.0384719167773,0.00830463379808
40.7,0.0577434418045,0.0440356940949,0.00860936500589
40.75,0.0587749172393,0.0452901987789,0.00861797064927
40.8,0.0579070648864,0.0450220938798,0.00852379451261
40.85,0.0561089004136,0.0439823973536,0.00837937582241
40.9,0.0535835415654,0.0423166572764,0.0081957215497
40.95,0.0503472396425,0.0400194747218,0.00797364884699
41.0,0.0463941954314,0.0370667498905,0.00771276937013
41.05,0.0417473064719,0.0334593687504,0.00741428704871
41.1,0.0364729870909,0.0292400602074,0.00708174509726
41.15,0.0306805571045,0.0245004169668,0.00672106374049
41.2,0.0245130923278,0.0193832050453,0.00633999710652
41.25,0.0181330169201,0.01408143245,0.00594740048903
41.3,0.0117068014319,0.00883197677471,0.00555232983845
41.35,0.00539696913293,0.00390306641039,0.00516366379352
41.4,-0.000631107288734,-0.000431043638224,0.00479046343396
41.45,-0.00623178008311,-0.00396154209872,0.00444071533143
41.5,-0.0113952537063,-0.00664908406815,0.00411498122094
41.55,-0.0162864084528,-0.00858340076042,0.0038042707986
41.6,-0.0211200300557,-0.0098416425389,0.00349682109605
41.65,-0.0260220207761,-0.0104410999857,0.00318573469111
41.7,-0.0309286335651,-0.0104121099268,0.00287449489757
41.75,-0.0355686579391,-0.00990302832771,0.00257799322681
41.8,-0.0396112468655,-0.00916711135388,0.00231440899697
41.85,-0.0428697211136,-0.00842531326075,0.00209405790251
41.9,-0.0453425281064,-0.00778799292085,0.00191708038914
41.95,-0.0471292263019,-0.00728160627072,0.00177806037047
42.0,-0.0483520875722,-0.00689593340621,0.00167032018685
42.05,-0.0491226082135,-0.00661123438391,0.00158776848033
42.1,-0.0495337212239,-0.00640755696553,0.00152531637697
42.15,-0.0496604783835,-0.00626842263415,0.00147885655583
42.2,-0.0495630893065,-0.00618040842989,0.00144508736895
42.25,-0.0492897556809,-0.00613302563444,0.00142136955891
42.3,-0.0488790733204,-0.00611804260806,0.00140558008999
42.35,-0.0483619788601,-0.00612901325549,0.0013960190684
42.4,-0.0477633107464,-0.00616071229761,0.00139132267101
42.45,-0.0471030318405,-0.00620906600123,0.00139039055676
42.5,-0.0463972141051,-0.00627069316075,0.0013923342884
42.55,-0.0456588019803,-0.00634281772315,0.00139644185489
42.6,-0.0448982000931,-0.00642324571873,0.00140213387856
42.65,-0.0441238175439,-0.00651013334372,0.00140894571438
42.7,-0.0433423715288,-0.00660184319397,0.00141650145719
42.75,-0.0425592651466,-0.00669708526392,0.00142450366613
42.8,-0.0417788139485,-0.00679476309346,0.0014327061219
42.85,-0.0410046517968,-0.00689394909855,0.00144091559864
42.9,-0.0402392686689,-0.00699386238368,0.00144898150297
42.95,-0.0394847803921,-0.00709384633526,0.00145678219448
43.0,-0.0387428198835,-0.0071933513259,0.00146422146756
43.05,-0.0380146250631,-0.00729191879221,0.00147123029954
43.1,-0.0373011112599,-0.00738916731954,0.00147775059914
43.15,-0.0366029297145,-0.00748478092622,0.00148374450535
43.2,-0.035920516491,-0.00757849881168,0.00148918176215
43.25,-0.0352541320367,-0.00767010683096,0.00149404852484
43.3,-0.0346038945182,-0.00775943006053,0.00149832990498
43.35,-0.0339698062464,-0.00784632918567,0.00150202195795
43.4,-0.0333517763224,-0.00793071203386,0.00150512873549
43.45,-0.032749639005,-0.00801246532391,0.00150765495641
43.5,-0.0321631693066,-0.00809169561971,0.00150960746618
43.55,-0.0315921093241,-0.00816824528362,0.00151100054674
43.6,-0.0310361318993,-0.00824203442244,0.00151184528597
43.65,-0.030494900067,-0.00831333071719,0.00151215914846
43.7,-0.0299680666288,-0.00838186740494,0.00151195580126
43.75,-0.0294552422848,-0.00844791011797,0.00151125809042
43.8,-0.0289560529622,-0.00851127260673,0.00151007896735
43.85,-0.0284702350221,-0.00857228708736,0.00150843778922
43.9,-0.0279972524682,-0.00863075599436,0.00150635579665
43.95,-0.0275367072396,-0.0086868323169,0.00150385124981
44.0,-0.0270881901078,-0.00874068341517,0.00150094189553
44.05,-0.0266513158608,-0.00879224222574,0.00149764972391
44.1,-0.0262256934837,-0.00884160113011,0.00149399003832
44.15,-0.0258109366967,-0.00888885051351,0.00148998366731
44.2,-0.0254066652896,-0.00893412361,0.0014856467838
44.25,-0.025012496581,-0.00897747744941,0.00148100241192
44.3,-0.0246280736018,-0.00901895621637,0.00147606324297
44.35,-0.0242530381308,-0.0090586417264,0.00147084658836
44.4,-0.0238870401292,-0.00909661319017,0.00146537205607
44.45,-0.0235297381756,-0.00913294719014,0.001459655334
44.5,-0.023180799454,-0.009167717792,0.00145371052242
44.55,-0.0228398998151,-0.00920099663302,0.00144755664642
44.6,-0.022506724138,-0.00923288561119,0.00144120542312
44.65,-0.0221809713911,-0.00926346757241,0.00143467336953
44.7,-0.0218623372272,-0.00929277131484,0.00142797301959
44.75,-0.0215505325547,-0.00932085848728,0.00142112249272
44.8,-0.021245277034,-0.00934778878328,0.001414130864
44.85,-0.0209464030825,-0.00937362021646,0.00140701112374
44.9,-0.0206535377055,-0.00939854700903,0.0013997784925
44.95,-0.0203664278396,-0.00942252550963,0.00139244420496
45.0,-0.0200848196333,-0.00944557686222,0.00138501848636
45.05,-0.0198084713325,-0.00946775834547,0.00137751602925
45.1,-0.0195371518853,-0.00948927534768,0.00136994443389
45.15,-0.0192706264406,-0.00951002017277,0.00136231683642
45.2,-0.019008671769,-0.00953004081955,0.001354641742
45.25,-0.0187510695645,-0.00954953654191,0.00134693348736
45.3,-0.0184976081274,-0.00956843241356,0.00133919791699
45.35,-0.0182480733452,-0.00958674602982,0.00133144515745
45.4,-0.0180022580209,-0.00960469429119,0.00132368741876
45.45,-0.0177599587313,-0.00962216761556,0.001315933567
45.5,-0.0175209681049,-0.00963921829433,0.00130819169557
45.55,-0.0172850851278,-0.00965603458558,0.00130047440079
45.6,-0.0170521002188,-0.00967249662672,0.00129278863938
45.65,-0.0168218059282,-0.00968871870413,0.00128514626928
45.7,-0.0165939930869,-0.00970479516518,0.00127755549772
45.75,-0.0163684402232,-0.00972065936287,0.00127003099904
45.8,-0.0161449221056,-0.00973645618299,0.00126258000968
45.85,-0.0159232843627,-0.00975221536024,0.00125521417705
45.9,-0.0157031915034,-0.00976791623238,0.00124794861352
45.95,-0.0154843772426,-0.00978369492132,0.00124079621394
46.0,-0.0152665559416,-0.00979959357044,0.00123377004906
46.05,-0.0150494095728,-0.00981560633847,0.00122688964398
46.1,-0.0148325902695,-0.00983180076768,0.00122017046926
46.15,-0.0146157082231,-0.00984833858777,0.00121363515644
46.2,-0.0143983235375,-0.00986519414819,0.00120730569489
46.25,-0.014179925163,-0.00988243623609,0.00120121363358
46.3,-0.0139599214558,-0.00990014385457,0.00119538795391
46.35,-0.0137376133014,-0.00991839694772,0.00118986755139
46.4,-0.0135121626984,-0.00993728936745,0.00118470158157
46.45,-0.0132825495845,-0.00995689306293,0.0011799469579
46.5,-0.0130475118105,-0.00997724600512,0.00117567372536
46.55,-0.0128054599568,-0.00999837150188,0.00117197526931
46.6,-0.0125543533848,-0.0100203669083,0.00116896562885
46.65,-0.0122915096079,-0.0100430408968,0.00116680058022
46.7,-0.0120133342131,-0.0100663076075,0.0011656853938
46.75,-0.0117148484188,-0.0100895870799,0.00116591087413
46.8,-0.0113889552312,-0.0101119176379,0.00116788369287
46.85,-0.0110251839635,-0.0101310923626,0.00117221292629
46.9,-0.0106071555744,-0.0101425554605,0.00117984589225
46.95,-0.0101080982185,-0.0101362377459,0.0011923333589
47.0,-0.00948098696286,-0.0100877567285,0.00121239984372
47.05,-0.00863576433289,-0.00993208542515,0.00124527039674
47.1,-0.00738096168588,-0.00946698695586,0.00130204719948
47.15,-0.00526150766534,-0.00793795508543,0.00140913142809
47.2,-0.00117718469266,-0.00223968639806,0.00163036887115
47.25,0.00601591340483,0.0140884975289,0.00203227379968
47.3,0.0126964773241,0.032011054126,0.00240499198458
47.35,0.0156336888875,0.0402850170443,0.00256092190754
47.4,0.0163939021439,0.0427470642899,0.00259071667883
47.45,0.0163055093673,0.0429160407955,0.00257137714293
47.5,0.0158267846142,0.0420013940002,0.0025294683381
47.55,0.0150835270542,0.0403237889448,0.00247227845824
47.6,0.0141065320036,0.0379471360124,0.00240156943199
47.65,0.0129071273144,0.0348825208562,0.0023179827643
47.7,0.0115008818735,0.0311557371464,0.00222240132362
47.75,0.00991438245437,0.0268315679828,0.00211636200953
47.8,0.00818549639613,0.0220230163514,0.00200204925037
47.85,0.0063603973797,0.0168942782507,0.00188214170271
47.9,0.0044890961689,0.0116595276477,0.00175955548015
47.95,0.00262117576306,0.00657456478973,0.00163717986312
48.0,0.000804905703247,0.0019205955927,0.00151783219528
48.05,-0.00091101128852,-0.00203492299733,0.00140436656199
48.1,-0.00249613714397,-0.00513963248108,0.00129856730685
48.15,-0.00397347745159,-0.00742215452198,0.00119910050161
48.2,-0.00540606452857,-0.00897674514652,0.00110228227473
48.25,-0.00685152181777,-0.00984558287196,0.0010047433083
48.3,-0.00832307633635,-0.0100385970234,0.000905702811549
48.35,-0.00976679617819,-0.00964950340351,0.000808319955542
48.4,-0.0110829538025,-0.0089140003153,0.000718448136815
48.45,-0.0121920924511,-0.00809591089654,0.000640760551922
48.5,-0.013072743771,-0.00735543302899,0.00057653422563
48.55,-0.0137448886488,-0.00674498603852,0.000524615721983
48.6,-0.0142424123021,-0.00626241920938,0.000483029236271
48.65,-0.0145985653016,-0.00588797799866,0.000449834442026
48.7,-0.0148416382487,-0.0056003135364,0.000423377536598
48.75,-0.0149946835081,-0.00538087308922,0.000402311726439
48.8,-0.0150762054116,-0.00521481696366,0.000385552850411
48.85,-0.0151010820134,-0.00509060243853,0.000372234050973
48.9,-0.015081061628,-0.00499937512722,0.000361662995906
48.95,-0.0150255889369,-0.00493416649171,0.00035328538455
49.0,-0.0149422141586,-0.00488956569397,0.000346657374351
49.05,-0.0148369773309,-0.00486142989241,0.00034142470734
49.1,-0.0147147199215,-0.00484648433589,0.000337301598768
49.15,-0.0145793269532,-0.00484209242516,0.000334059551721
49.2,-0.0144339173584,-0.00484620942757,0.000331513934139
49.25,-0.0142809978209,-0.00485711891794,0.000329517466979
49.3,-0.0141225840916,-0.00487351586772,0.000327949648737
49.35,-0.0139602952013,-0.00489433027243,0.000326714247613
49.4,-0.0137954351519,-0.00491863653671,0.000325734113213
49.45,-0.0136290482082,-0.00494565725324,0.000324946571874
49.5,-0.01346197348,-0.00497498275462,0.000324300743808
49.55,-0.0132948840639,-0.00500596905729,0.000323756703513
49.6,-0.0131283136053,-0.00503821440313,0.000323281203886
49.65,-0.0129626880561,-0.005071396033,0.000322848577312
49.7,-0.0127983441828,-0.00510525584388,0.000322437465954
49.75,-0.0126355487406,-0.00513965394639,0.000322032084927
49.8,-0.0124745044868,-0.00517430528056,0.000321618490263
49.85,-0.0123154309016,-0.00520905568719,0.00032118636148
49.9,-0.0121583837551,-0.00524377661097,0.000320728278333
49.95,-0.0120034508742,-0.00527836036138,0.000320237908849
50.0,-0.0118506945933,-0.00531271679308,0.000319710180639
50.05,-0.0117001565925,-0.00534687918665,0.000319142429606
50.1,-0.0115518636818,-0.00538069792251,0.000318531373538
50.15,-0.0114058249721,-0.00541410605769,0.000317876010726
50.2,-0.0112620411362,-0.00544705914267,0.000317174915706
50.25,-0.01112050415,-0.0054795195299,0.000316428608652
50.3,-0.0109811990797,-0.00551160710493,0.000315636120144
50.35,-0.0108441069124,-0.0055431670661,0.00031479769083
50.4,-0.0107092007328,-0.00557416282938,0.000313914620956
50.45,-0.0105764524304,-0.00560457491146,0.000312987545164
50.5,-0.0104458316732,-0.00563459072644,0.000312016991342
50.55,-0.0103173061967,-0.00566399970552,0.000311004762569
50.6,-0.0101908404642,-0.00569278986108,0.000309951397232
50.65,-0.0100663994768,-0.00572111914888,0.00030885860195
50.7,-0.00994394867743,-0.00574888242355,0.000307727158898
50.75,-0.00982345011686,-0.00577600587235,0.000306559441988
50.8,-0.00970486771727,-0.00580269880159,0.000305355869935
50.85,-0.0095882141453,-0.00582879096539,0.000304117752629
50.9,-0.00947340255491,-0.00585428627238,0.000302847116971
50.95,-0.00936039875539,-0.00587936734175,0.000301545066273
51.0,-0.00924916541865,-0.00590379977422,0.000300212663483
51.05,-0.0091396679986,-0.00592781095801,0.000298851920806
51.1,-0.00903187306565,-0.00595122982469,0.000297463377672
51.15,-0.00892574565012,-0.00597415131124,0.000296048820336
51.2,-0.00882125371889,-0.00599656866831,0.000294608996051
51.25,-0.00871836337593,-0.00601844619396,0.000293146093512
51.3,-0.0086170439805,-0.00603987388674,0.000291660340139
51.35,-0.00851726288941,-0.00606075169249,0.000290152985447
51.4,-0.0084189907711,-0.00608120091416,0.000288625619406
51.45,-0.00832219636907,-0.0061011214424,0.000287079267149
51.5,-0.00822685159068,-0.00612060243126,0.000285514544711
51.55,-0.00813292663541,-0.00613960609294,0.000283933233146
51.6,-0.00804039454193,-0.00615812798546,0.000282335604351
51.65,-0.00794922703263,-0.00617625308262,0.000280723106156
51.7,-0.00785939815525,-0.00619382381894,0.000279096226647
51.75,-0.00777088119389,-0.00621110653296,0.000277456758984
51.8,-0.00768365109918,-0.0062278321033,0.000275804722651
51.85,-0.00759772125117,-0.00624420645826,0.000274140963022
51.9,-0.0075130273184,-0.00626014678833,0.00027246688887
51.95,-0.00742954642415,-0.00627559223313,0.00027078310742
52.0,-0.00734725484718,-0.00629077826937,0.000269090071703
52.05,-0.00726613030275,-0.00630546553397,0.000267389147806
52.1,-0.00718615094065,-0.0063197586397,0.00026568041427
52.15,-0.00710729447242,-0.00633374039637,0.000263965008463
52.2,-0.00702954030348,-0.00634725581031,0.000262243193427
52.25,-0.0069528680458,-0.00636042046294,0.000260516402062
52.3,-0.00687725689921,-0.00637327458686,0.000258784520203
52.35,-0.0068026876888,-0.00638569215928,0.000257048136843
52.4,-0.00672914139432,-0.00639774810209,0.000255308308325
52.45,-0.00665659871344,-0.00640955017384,0.000253565502621
52.5,-0.00658504165061,-0.00642095852511,0.000251819915531
52.55,-0.00651445241714,-0.00643196819979,0.000250072666144
52.6,-0.00644481366228,-0.0064427660319,0.000248323666165
52.65,-0.00637610750346,-0.00645320575327,0.000246573824993
52.7,-0.00630831781466,-0.0064632711393,0.000244823223294
52.75,-0.00624142838568,-0.00647299819112,0.000243073050573
52.8,-0.00617542287636,-0.00648252501997,0.000241323036141
52.85,-0.00611031640574,-0.00649169990741,0.000239573601739
52.9,-0.00604606254731,-0.00650053153022,0.000237825600607
52.95,-0.00598264650496,-0.00650902954898,0.000236079295828
53.0,-0.00592005342607,-0.006517363207,0.000234334774835
53.05,-0.00585826916899,-0.0065253735601,0.000232592952227
53.1,-0.00579727989804,-0.00653306828201,0.000230853624815
53.15,-0.00573707206725,-0.00654045483868,0.000229117469145
53.2,-0.00567763242345,-0.00654759072624,0.000227384472874
53.25,-0.00561894757572,-0.00655452488034,0.000225655657105
53.3,-0.00556100496493,-0.00656116814353,0.000223930627855
53.35,-0.00550379217993,-0.00656752723818,0.000222209677622
53.4,-0.00544729707116,-0.00657360869839,0.000220493493907
53.45,-0.00539150774859,-0.00657941886796,0.000218782223498
53.5,-0.00533641257,-0.0065850820161,0.000217075831913
53.55,-0.00528199964976,-0.00659048688917,0.000215375106294
53.6,-0.00522825809395,-0.00659563501109,0.000213679754287
53.65,-0.0051751769856,-0.00660053211653,0.000211990315982
53.7,-0.00512274563651,-0.00660518377701,0.000210306696127
53.75,-0.0050709535756,-0.00660959541801,0.000208629733921
53.8,-0.00501979055305,-0.00661382452473,0.000206958993202
53.85,-0.00496927106812,-0.00661786932837,0.000205294686474
53.9,-0.00491935999202,-0.0066216864927,0.00020363737084
53.95,-0.00487004771294,-0.00662528091906,0.00020198710898
54.0,-0.00482132481249,-0.00662867859864,0.000200343798359
54.05,-0.00477318202027,-0.00663186374394,0.000198708071596
54.1,-0.00472561029558,-0.00663484021006,0.00019707960708
54.15,-0.0046786007758,-0.0066376124018,0.000195458838818
54.2,-0.00463214477798,-0.00664020367156,0.000193845616534
54.25,-0.00458623362621,-0.00664265236411,0.000192240663136
54.3,-0.00454085902716,-0.00664490658043,0.000190643514673
54.35,-0.00449601281144,-0.006646970325,0.000189054292529
54.4,-0.00445168697051,-0.00664884749886,0.00018747345728
54.45,-0.00440787365587,-0.00665054189602,0.000185901012478
54.5,-0.00436456517146,-0.00665205721531,0.000184336811184
54.55,-0.00432175396899,-0.00665339706606,0.000182781382073
54.6,-0.00427943265025,-0.00665456495763,0.000181234379459
54.65,-0.00423759395642,-0.00665556431906,0.000179696154158
54.7,-0.00419623077074,-0.00665639848805,0.00017816652096
54.75,-0.00415533611085,-0.00665707072378,0.000176646089164
54.8,-0.00411490313231,-0.00665758419395,0.000175134390348
54.85,-0.00407494548136,-0.00665796735626,0.000173631493312
54.9,-0.00403543565484,-0.00665821074136,0.00017213778771
54.95,-0.00399636724539,-0.00665830229023,0.000170653233081
55.0,-0.00395773392482,-0.00665824490533,0.000169177654597
55.05,-0.00391952948182,-0.00665804142314,0.000167711498583
55.1,-0.00388174782406,-0.00665769460397,0.000166254409944
55.15,-0.00384438296948,-0.00665720714955,0.000164806673704
55.2,-0.00380742904869,-0.00665658169234,0.000163368084138
55.25,-0.00377088029884,-0.00665582080694,0.000161939165018
55.3,-0.00373473106664,-0.00665492699759,0.000160519452844
55.35,-0.00369897579869,-0.00665390271909,0.000159108977686
55.4,-0.00366360904297,-0.00665275036883,0.000157708056824
55.45,-0.00362862544864,-0.00665147228271,0.000156316624571
55.5,-0.0035940197611,-0.00665008537777,0.000154934490683
55.55,-0.00355978679849,-0.00664858463255,0.000153562035882
55.6,-0.00352592148531,-0.00664696493457,0.000152198907016
55.65,-0.00349241884461,-0.00664522841616,0.000150845337163
55.7,-0.00345927398965,-0.00664337715713,0.000149501110865
55.75,-0.00342648211886,-0.00664141319477,0.00014816668097
55.8,-0.00339403851856,-0.0066393385122,0.000146841597555
55.85,-0.00336195535644,-0.00663715505706,0.000145525863096
55.9,-0.00333021092251,-0.00663486479874,0.000144219744745
55.95,-0.0032988007522,-0.00663246959299,0.000142923158488
56.0,-0.00326772045803,-0.00662997125656,0.000141635907108
56.05,-0.0032369657272,-0.0066273715704,0.000140358314796
56.1,-0.00320653232339,-0.00662467227069,0.00013909003609
56.15,-0.00317641608083,-0.00662187506279,0.000137831262554
56.2,-0.00314661290627,-0.00661898161182,0.000136581776406
56.25,-0.00311711877485,-0.00661599355159,0.000135341970977
56.3,-0.00308792973244,-0.00661291247365,0.000134111415379
56.35,-0.00305904188911,-0.00660973994422,0.000132890092581
56.4,-0.00303045142034,-0.00660647749696,0.000131678226435
56.45,-0.00300215456711,-0.00660312662922,0.000130475721895
56.5,-0.00297414763256,-0.00659968880903,0.000129282381094
56.55,-0.00294642698018,-0.00659616547789,0.000128098482575
56.6,-0.00291898903531,-0.00659255804231,0.000126923694089
56.65,-0.00289183028032,-0.0065888678864,0.000125758173958
56.7,-0.00286494725628,-0.0065850963631,0.00012460170739
56.75,-0.00283833655965,-0.00658124480211,0.000123454637531
56.8,-0.00281199484423,-0.00657731449976,0.000122316556015
56.85,-0.00278593273861,-0.00657330673429,0.000121187432455
56.9,-0.00276013279208,-0.00656922281286,0.000120067457446
56.95,-0.00273459182182,-0.00656506395905,0.000118956530093
57.0,-0.00270930669542,-0.00656086456818,0.000117854456156
57.05,-0.00268427425963,-0.00655661434061,0.000116761480526
57.1,-0.00265949149459,-0.00655229401125,0.000115677286332
57.15,-0.00263495541429,-0.00654790470133,0.000114602005004
57.2,-0.00261066308047,-0.00654344750801,0.000113535428249
57.25,-0.00258661159987,-0.00653892351137,0.000112477856485
57.3,-0.00256279812596,-0.00653433376523,0.000111428905685
57.35,-0.00253921985455,-0.00652967931067,0.000110388536556
57.4,-0.00251587402471,-0.00652496116997,0.000109356910487
57.45,-0.00249275791888,-0.00652018034318,0.000108333924536
57.5,-0.0024698688607,-0.00651533781366,0.000107319391062
57.55,-0.00244720421387,-0.00651043455012,0.00010631351852
57.6,-0.00242476138319,-0.00650547149948,0.000105316008925
57.65,-0.00240253781139,-0.00650044959695,0.000104326972025
57.7,-0.00238053098033,-0.00649536975864,0.000103346208524
57.75,-0.00235873840878,-0.00649023288785,0.000102373982445
57.8,-0.00233715765385,-0.00648503986658,0.000101409935028
57.85,-0.00231579788067,-0.00647981015323,0.000100454021569
57.9,-0.00229464484937,-0.00647455681839,9.95063847734e-05
57.95,-0.00227369624492,-0.00646925094552,9.85669212359e-05
58.0,-0.00225294976902,-0.00646389334945,9.76354518296e-05
58.05,-0.00223240315625,-0.00645848483413,9.67121580029e-05
58.1,-0.00221205417502,-0.00645302618608,9.57967606758e-05
58.15,-0.00219190062491,-0.00644751818342,9.48893518846e-05
58.2,-0.00217194033773,-0.00644196158914,9.39897427558e-05
58.25,-0.00215217117568,-0.00643635715673,9.30981659819e-05
58.3,-0.00213259103257,-0.0064307056224,9.22142880544e-05
58.35,-0.00211319783087,-0.00642500771619,9.1338061278e-05
58.4,-0.00209398952237,-0.00641926415672,9.04696043566e-05
58.45,-0.00207496408835,-0.00641347564834,8.96088176224e-05
58.5,-0.00205611953808,-0.00640765788846,8.8755531752e-05
58.55,-0.00203745385001,-0.00640186122455,8.79099091444e-05
58.6,-0.00201896508544,-0.00639602257666,8.70716901652e-05
58.65,-0.00200065133657,-0.00639014259978,8.62409523569e-05
58.7,-0.00198251072229,-0.00638422193676,8.54175180918e-05
58.75,-0.00196454138674,-0.00637826122335,8.46015930142e-05
58.8,-0.00194674150032,-0.00637226108111,8.37928683579e-05
58.85,-0.00192911889807,-0.00636622212742,8.29912952546e-05
58.9,-0.00191166196656,-0.0063601450073,8.21969766225e-05
58.95,-0.00189436895204,-0.00635403031668,8.14098165968e-05
59.0,-0.00187723812406,-0.00634787864386,8.06296561771e-05
59.05,-0.00186026777483,-0.00634169057086,7.9856634424e-05
59.1,-0.00184345621987,-0.00633551900735,7.90905103613e-05
59.15,-0.00182680171343,-0.00632932506539,7.83313551349e-05
59.2,-0.00181030265414,-0.00632309716212,7.75790002619e-05
59.25,-0.00179395742367,-0.00631683583958,7.68336279592e-05
59.3,-0.00177776442562,-0.00631054162804,7.60949533581e-05
59.35,-0.00176172208348,-0.00630421505496,7.53629277559e-05
59.4,-0.00174582884114,-0.00629785664068,7.46376399612e-05
59.45,-0.00173008316299,-0.00629146689596,7.39189988149e-05
59.5,-0.00171448353296,-0.00628504632552,7.3206855944e-05
59.55,-0.001699028454,-0.00627859542929,7.25013337012e-05
59.6,-0.00168371644865,-0.00627213887999,7.18022094891e-05
59.65,-0.00166854599766,-0.00626569812495,7.11095432026e-05
59.7,-0.00165351567771,-0.00625922916708,7.04231794574e-05
59.75,-0.00163862406722,-0.00625273247347,6.97432801097e-05
59.8,-0.00162386976308,-0.00624620850132,6.90695831063e-05
59.85,-0.00160925942127,-0.00623965770597,6.84020408679e-05
59.9,-0.00159478347269,-0.00623308056726,6.77407310283e-05
59.95,-0.00158044056797,-0.0062264775261,6.70855676108e-05
60.0,-0.00156622937421,-0.00621984901857,6.6436412803e-05
60.05,-0.00155214857454,-0.00621321101406,6.57933745621e-05
60.1,-0.00153819685946,-0.00620658942717,6.51562484823e-05
60.15,-0.00152437287802,-0.00619998031719,6.45250867646e-05
60.2,-0.00151067538435,-0.00619334807481,6.3899745042e-05
60.25,-0.00149710312594,-0.00618669310452,6.32803673517e-05
60.3,-0.00148365486584,-0.00618001580237,6.26667131628e-05
60.35,-0.00147032938132,-0.00617331656328,6.20587366241e-05
60.4,-0.00145712546416,-0.00616659577744,6.14565052536e-05
60.45,-0.00144404192082,-0.0061598538283,6.08599385032e-05
60.5,-0.00143107757172,-0.00615309109538,6.02689088692e-05
60.55,-0.00141823125092,-0.00614631235882,5.96835118661e-05
60.6,-0.00140550176419,-0.00613958390111,5.9103561963e-05
60.65,-0.00139288797637,-0.00613283631092,5.85291000247e-05
60.7,-0.00138038876333,-0.0061260699444,5.7959994164e-05
60.75,-0.00136800301369,-0.00611928515519,5.73963728544e-05
60.8,-0.00135572962938,-0.00611248228964,5.68380158059e-05
60.85,-0.00134357423899,-0.00610566169342,5.62848793675e-05
60.9,-0.00133152892398,-0.00609882373336,5.57370229849e-05
60.95,-0.00131959262534,-0.00609196874483,5.51943716229e-05
61.0,-0.00130776429602,-0.00608509706003,5.46568077163e-05
61.05,-0.0012960429006,-0.00607827761119,5.4124416001e-05
61.1,-0.00128442734491,-0.00607145029424,5.35970285558e-05
61.15,-0.00127291665228,-0.00606460773601,5.30746785002e-05
61.2,-0.00126150982315,-0.00605775024871,5.25572444863e-05
61.25,-0.00125020586891,-0.00605087814255,5.20448413021e-05
61.3,-0.00123900381231,-0.00604399172141,5.15372675284e-05
61.35,-0.0012279026865,-0.00603709128877,5.10344819625e-05
61.4,-0.00121690153532,-0.00603017714479,5.05365367151e-05
61.45,-0.00120599941333,-0.00602324958464,5.00433622152e-05
61.5,-0.00119519538538,-0.00601638154833,4.95548503726e-05
61.55,-0.00118448845912,-0.00600951489043,4.90710810528e-05
61.6,-0.00117387775033,-0.00600264694449,4.85918942759e-05
61.65,-0.0011633623504,-0.00599576720191,4.81173210615e-05
61.7,-0.00115294136555,-0.00598887593737,4.76472500198e-05
61.75,-0.00114261391147,-0.0059819734239,4.7181783872e-05
61.8,-0.00113237911362,-0.00597505992899,4.67207387087e-05
61.85,-0.00112224171494,-0.00596813571996,4.62640759038e-05
61.9,-0.00111219514238,-0.0059612099278,4.58118416105e-05
61.95,-0.00110223851455,-0.00595434322266,4.53639739578e-05
62.0,-0.00109237099984,-0.00594746699711,4.49203734498e-05
62.05,-0.00108259177151,-0.00594058150234,4.44811071747e-05
62.1,-0.00107290001176,-0.005933686985,4.40460307651e-05
62.15,-0.0010632949111,-0.00592678369107,4.36151709549e-05
62.2,-0.00105377566862,-0.00591987186275,4.31884257184e-05
62.25,-0.00104434149165,-0.00591295174092,4.27658871321e-05
62.3,-0.00103499159597,-0.0059060235615,4.23473874933e-05
62.35,-0.00102572520522,-0.00589911625149,4.19328908129e-05
62.4,-0.00101654151034,-0.00589225108518,4.15224405733e-05
62.45,-0.00100743976327,-0.00588537891138,4.11159767587e-05
62.5,-0.000998419212466,-0.00587849995351,4.07134085191e-05
62.55,-0.000989479113962,-0.00587161443365,4.03147957819e-05
62.6,-0.000980618731543,-0.00586472256981,3.99200068472e-05
62.65,-0.000971837336295,-0.00585782457948,3.95290651117e-05
62.7,-0.000963134206801,-0.00585092067683,3.91418772968e-05
62.75,-0.000954508628824,-0.00584401107485,3.87585260608e-05
62.8,-0.000945959895542,-0.00583714771252,3.83788586447e-05
62.85,-0.000937491946739,-0.00583030574614,3.80028447618e-05
62.9,-0.000929099333714,-0.00582345903551,3.76305193885e-05
62.95,-0.000920781372864,-0.00581660777944,3.72618281016e-05
63.0,-0.000912537387353,-0.00580975217501,3.68966878682e-05
63.05,-0.000904366706978,-0.0058028953198,3.65351523168e-05
63.1,-0.000896268667352,-0.00579605074539,3.61771014974e-05
63.15,-0.000888242606133,-0.00578920244006,3.58225563301e-05
63.2,-0.000880287873105,-0.00578235059237,3.54714316391e-05
63.25,-0.000872403824356,-0.00577557046455,3.51238017045e-05
63.3,-0.000864589773375,-0.00576879017541,3.47795308248e-05
63.35,-0.00085684511443,-0.00576200717839,3.44385864284e-05
63.4,-0.000849169223161,-0.00575522165165,3.41010006738e-05
63.45,-0.000841561481381,-0.00574843377036,3.37667236849e-05
63.5,-0.000834021276866,-0.00574164370819,3.34356796748e-05
63.55,-0.000826548003247,-0.00573485163776,3.31079167132e-05
63.6,-0.000819141060136,-0.00572805772849,3.27833255289e-05
63.65,-0.000811799852805,-0.00572128143555,3.24619242508e-05
63.7,-0.000804523763659,-0.0057145615817,3.21436371806e-05
63.75,-0.000797312216042,-0.00570784064175,3.18285307145e-05
63.8,-0.000790164633121,-0.00570111877435,3.15164783551e-05
63.85,-0.000783084356909,-0.00569439613822,3.12074516788e-05
63.9,-0.00077606683273,-0.00568767290451,3.09014794808e-05
63.95,-0.000769111501119,-0.00568094922721,3.05985161497e-05
64.0,-0.000762217807889,-0.00567422525896,3.02984926059e-05
64.05,-0.000755385204036,-0.00566750115148,3.00014520164e-05
64.1,-0.00074861314584,-0.00566081391412,2.97072949817e-05
64.15,-0.000741901063718,-0.00565416638122,2.94160396799e-05
64.2,-0.000735248435182,-0.00564751937533,2.91276146217e-05
64.25,-0.000728654732335,-0.00564087303866,2.88420799883e-05
64.3,-0.000722119432334,-0.00563422751028,2.85593208124e-05
64.35,-0.000715642017103,-0.00562758292934,2.82793110075e-05
64.4,-0.000709221973396,-0.00562093943344,2.8002076277e-05
64.45,-0.000702858792814,-0.00561429715774,2.77275749818e-05
64.5,-0.000696551971662,-0.00560765623617,2.74557442256e-05
64.55,-0.00069030101087,-0.00560106522425,2.71866228354e-05
64.6,-0.000684105385083,-0.00559451843743,2.69201225946e-05
64.65,-0.00067796461368,-0.00558797642011,2.66562571453e-05
64.7,-0.000671878211467,-0.0055814365067,2.63949621222e-05
64.75,-0.000665845698373,-0.00557489882133,2.6136291793e-05
64.8,-0.000659866598831,-0.00556836348528,2.58801417176e-05
64.85,-0.000653943709643,-0.00556183061989,2.56264880045e-05
64.9,-0.000648073233013,-0.00555530035683,2.53753537552e-05
64.95,-0.000642254707196,-0.00554877281359,2.51267009979e-05
65.0,-0.000636487674637,-0.00554230049316,2.48804725037e-05
65.05,-0.000630771652841,-0.00553585284454,2.46367052473e-05
65.1,-0.000625106205579,-0.0055294084325,2.4395316233e-05
65.15,-0.00061949088823,-0.00552296736734,2.4156318148e-05
65.2,-0.000613925260237,-0.00551652975741,2.39196524251e-05
65.25,-0.00060840888499,-0.00551009571046,2.3685368055e-05
65.3,-0.000602941329901,-0.00550366533165,2.34533702105e-05
65.35,-0.000597522166205,-0.0054972387262,2.3223637064e-05
65.4,-0.000592150969,-0.00549081599805,2.29961893323e-05
65.45,-0.000586827317258,-0.00548444465943,2.27709924421e-05
65.5,-0.000581550768381,-0.00547810266381,2.25479961375e-05
65.55,-0.000576320919675,-0.00547176499808,2.23272311966e-05
65.6,-0.0005711373619,-0.00546543175785,2.21086230364e-05
65.65,-0.000565999689423,-0.00545910303846,2.18921830141e-05
65.7,-0.000560907500264,-0.00545277893352,2.16778579164e-05
65.75,-0.000555860395999,-0.00544645953606,2.14656920113e-05
65.8,-0.000550857981822,-0.00544014493678,2.12555992329e-05
65.85,-0.00054590259454,-0.0054338352264,2.10475596767e-05
65.9,-0.000540991065774,-0.00542756295,2.08415920378e-05
65.95,-0.000536122991838,-0.0054213343851,2.063766627e-05
66.0,-0.000531297999463,-0.00541511111174,2.04357346309e-05
66.05,-0.000526515712242,-0.00540889321357,2.02358255577e-05
66.1,-0.000521775757144,-0.00540269049899,2.00378713523e-05
66.15,-0.000517077762562,-0.00539650144007,1.98418823367e-05
66.2,-0.000512421360569,-0.0053903180329,1.96478102875e-05
66.25,-0.000507806187992,-0.00538414035657,1.94556952285e-05
66.3,-0.000503231884909,-0.00537796848808,1.92654590584e-05
66.35,-0.00049869809451,-0.00537180914588,1.90770836445e-05
66.4,-0.00049420444961,-0.00536571846972,1.88905867588e-05
66.45,-0.000489750601338,-0.00535963393915,1.87059396991e-05
66.5,-0.000485336202668,-0.00535355562546,1.85230995229e-05
66.55,-0.000480960909592,-0.00534748359939,1.83420919306e-05
66.6,-0.000476624381144,-0.00534141792994,1.81628554877e-05
66.65,-0.000472326279302,-0.0053353586859,1.79853993656e-05
66.7,-0.000468066269021,-0.00532930593461,1.78096796957e-05
66.75,-0.000463844018156,-0.00532325974293,1.76357327017e-05
66.8,-0.000459659197505,-0.00531722017582,1.7463487536e-05
66.85,-0.000455513757135,-0.00531122395727,1.72929277108e-05
66.9,-0.000451405036507,-0.00530526542461,1.71240696436e-05
66.95,-0.000447332722068,-0.00529931380767,1.69568869176e-05
67.0,-0.000443296496925,-0.005293369166,1.67913405613e-05
67.05,-0.000439296046917,-0.00528743155863,1.6627453831e-05
67.1,-0.000435331060637,-0.00528150104301,1.64651709964e-05
67.15,-0.000431401229343,-0.00527557767643,1.63045003344e-05
67.2,-0.000427506246989,-0.00526966151484,1.61454020419e-05
67.25,-0.000423645810156,-0.00526375261375,1.59879089247e-05
67.3,-0.000419819618089,-0.00525785102696,1.58319567254e-05
67.35,-0.000416027372596,-0.00525200775885,1.56775304674e-05
67.4,-0.000412268760908,-0.00524618664503,1.55246451223e-05
67.45,-0.000408543498056,-0.00524037307914,1.53732765615e-05
67.5,-0.000404851293875,-0.00523456711019,1.5223389432e-05
67.55,-0.000401191860683,-0.00522876878672,1.50750047988e-05
67.6,-0.000397564913303,-0.00522298233459,1.49280721177e-05
67.65,-0.0003939701684,-0.00521721667844,1.47825989183e-05
67.7,-0.000390407343879,-0.00521145884038,1.46385492262e-05
67.75,-0.000386876161927,-0.00520570886551,1.44959527665e-05
67.8,-0.000383376347148,-0.00519996679736,1.43547512617e-05
67.85,-0.000379909525093,-0.00519428171614,1.42149311161e-05
67.9,-0.000376473474877,-0.00518861926375,1.40765058799e-05
67.95,-0.000373067935724,-0.00518296491236,1.39394536772e-05
68.0,-0.00036969264239,-0.00517731870096,1.38037424406e-05
68.05,-0.00036634733189,-0.00517168066813,1.36693912601e-05
68.1,-0.000363031743509,-0.00516605085119,1.35363542962e-05
68.15,-0.000359745618745,-0.00516042928726,1.34046383308e-05
68.2,-0.000356488701316,-0.00515481601244,1.32742106204e-05
68.25,-0.000353260737124,-0.00514921106242,1.31450981205e-05
68.3,-0.000350061474267,-0.00514361447154,1.30172479866e-05
68.35,-0.000346890662971,-0.00513805685869,1.28906478919e-05
68.4,-0.000343748044392,-0.00513253863606,1.27653099394e-05
68.45,-0.000340633377133,-0.00512702892013,1.26412144594e-05
68.5,-0.000337546418054,-0.00512152774123,1.2518332378e-05
68.55,-0.000334486926079,-0.0051160351293,1.23966810151e-05
68.6,-0.000331454662207,-0.00511055111313,1.22762188081e-05
68.65,-0.000328449389455,-0.00510507572137,1.21569519168e-05
68.7,-0.000325470872873,-0.00509960898171,1.20388506559e-05
68.75,-0.000322518879505,-0.0050941509215,1.19219394832e-05
68.8,-0.000319593178399,-0.00508870156685,1.18061704839e-05
68.85,-0.000316695123248,-0.00508326094386,1.16915324901e-05
68.9,-0.000313822873848,-0.0050778837566,1.15780357765e-05
68.95,-0.000310976193039,-0.00507252007177,1.14656636829e-05
69.0,-0.000308154864474,-0.005067165232,1.13543894095e-05
69.05,-0.000305358667525,-0.00506181925929,1.12442286807e-05
69.1,-0.000302587383452,-0.00505648217462,1.11351438136e-05
69.15,-0.000299840795359,-0.00505116966242,1.10271404111e-05
69.2,-0.000297118686564,-0.00504586711937,1.09201916823e-05
69.25,-0.000294420843798,-0.00504057355708,1.08143198329e-05
69.3,-0.000291747055729,-0.00503528899387,1.07094814139e-05
69.35,-0.000289097112803,-0.00503001344805,1.06056663084e-05
69.4,-0.000286470807248,-0.00502474790347,1.05028838398e-05
69.45,-0.000283867931056,-0.00501954743437,1.04011182401e-05
69.5,-0.000281288272677,-0.00501435618533,1.0300346161e-05
69.55,-0.000278731633637,-0.00500917404372,1.02005816066e-05
69.6,-0.000276197813356,-0.00500400102335,1.01017904095e-05
69.65,-0.000273686612939,-0.00499883713792,1.00039776706e-05
69.7,-0.000271197835188,-0.00499368240035,9.90711899565e-06
69.75,-0.000268731284572,-0.00498853682332,9.81123454635e-06
69.8,-0.000266286767232,-0.00498340041851,9.71628492771e-06
69.85,-0.000263865409616,-0.00497827319759,9.62226098422e-06
69.9,-0.000261465677035,-0.0049731551762,9.52917120718e-06
69.95,-0.000259087380885,-0.00496804636464,9.43700118249e-06
70.0,-0.000256730334161,-0.00496298716284,9.34572927006e-06
70.05,-0.000254394342972,-0.00495795162767,9.25536908212e-06
70.1,-0.000252079227355,-0.00495292534418,9.16588937341e-06
70.15,-0.000249784805198,-0.0049479083198,9.07729479686e-06
70.2,-0.000247510895938,-0.00494290056126,8.98956324302e-06
70.25,-0.000245257320535,-0.00493790207508,8.90271303151e-06
70.3,-0.000243023901478,-0.0049329128669,8.81670844138e-06
70.35,-0.000240810462751,-0.00492793294236,8.73154118994e-06
70.4,-0.000238616829828,-0.00492296230666,8.64721900015e-06
70.45,-0.000236442829672,-0.00491800096433,8.56372881872e-06
70.5,-0.00023428829071,-0.00491304891952,8.48105103457e-06
70.55,-0.000232153042823,-0.00490810876313,8.39919746741e-06
70.6,-0.000230036913299,-0.00490322777609,8.31814034113e-06
70.65,-0.000227939734524,-0.00489836640673,8.23788394384e-06
70.7,-0.000225861340397,-0.00489352024816,8.15840826975e-06
70.75,-0.000223801566223,-0.00488868343763,8.07973000334e-06
70.8,-0.000221760249186,-0.00488385597521,8.00181675026e-06
70.85,-0.000219738325987,-0.00487903786104,7.92466101705e-06
70.9,-0.000217734517195,-0.00487422909849,7.84826984319e-06
70.95,-0.000215748664401,-0.00486942968662,7.77263140581e-06
71.0,-0.000213780610536,-0.00486463962415,7.69772792961e-06
71.05,-0.000211830199858,-0.00485985890965,7.6235701668e-06
71.1,-0.000209897277955,-0.004855087541,7.55013266228e-06
71.15,-0.000207981691714,-0.00485032551604,7.4774193075e-06
71.2,-0.000206083289328,-0.00484561784717,7.40541194897e-06
71.25,-0.000204201913542,-0.00484092456916,7.33412623321e-06
71.3,-0.000202337418533,-0.0048362406227,7.26353254176e-06
71.35,-0.000200489656452,-0.00483156600319,7.19362409975e-06
71.4,-0.000198658480704,-0.00482690070569,7.12440731917e-06
71.45,-0.000196843745945,-0.00482224472472,7.05587149576e-06
71.5,-0.000195045308057,-0.00481759805455,6.9880005212e-06
71.55,-0.000193263024148,-0.00481296068927,6.92080418403e-06
71.6,-0.00019149675254,-0.00480833262243,6.85425940369e-06
71.65,-0.000189746352755,-0.00480371384751,6.78836974047e-06
71.7,-0.000188011685512,-0.00479910435754,6.72311874135e-06
71.75,-0.000186292612708,-0.00479450414541,6.65852018832e-06
71.8,-0.000184588997422,-0.00478992478322,6.59454744713e-06
71.85,-0.000182901614208,-0.00478539073862,6.53119467973e-06
71.9,-0.000181229397587,-0.00478086594285,6.46846768339e-06
71.95,-0.000179572214468,-0.0047763503864,6.40635676663e-06
72.0,-0.000177929932886,-0.00477184405954,6.34484733086e-06
72.05,-0.000176302421996,-0.00476734695241,6.28394829048e-06
72.1,-0.000174689552069,-0.00476285905464,6.22363871581e-06
72.15,-0.000173091194472,-0.00475838559069,6.16392186606e-06
72.2,-0.00017150722136,-0.00475393178897,6.10478285136e-06
72.25,-0.000169937505678,-0.00474948719668,6.04623425756e-06
72.3,-0.000168381922084,-0.00474505180212,5.98825192393e-06
72.35,-0.000166840346302,-0.00474062559367,5.93083032093e-06
72.4,-0.00016531265511,-0.00473620855946,5.87397479087e-06
72.45,-0.000163798726339,-0.00473180140025,5.81767656458e-06
72.5,-0.000162298438171,-0.00472744774481,5.76192246732e-06
72.55,-0.000160811666867,-0.00472310332076,5.70672089724e-06
72.6,-0.000159338295352,-0.00471876800557,5.65205272907e-06
72.65,-0.000157878205657,-0.00471444178536,5.59792094622e-06
72.7,-0.000156431280819,-0.00471012464585,5.54431202878e-06
72.75,-0.000154997404869,-0.00470581657271,5.49123738983e-06
72.8,-0.000153576462832,-0.00470151755113,5.43867511235e-06
72.85,-0.000152169101176,-0.00469722756635,5.38662019944e-06
72.9,-0.000150774431666,-0.00469294660591,5.33507753139e-06
72.95,-0.000149392342454,-0.00468867465442,5.28403916877e-06
73.0,-0.000148022722643,-0.00468441169637,5.23349312356e-06
73.05,-0.000146665462281,-0.00468015771618,5.18344680135e-06
73.1,-0.000145320452355,-0.00467591269784,5.1338829906e-06
73.15,-0.000143987584783,-0.00467168300558,5.08480443157e-06
73.2,-0.000142666750007,-0.00466749855273,5.03619905406e-06
73.25,-0.000141357842181,-0.00466332299478,4.98807722519e-06
73.3,-0.000140060756051,-0.00465915631419,4.94041906044e-06
73.35,-0.000138775387254,-0.00465499849348,4.89322004416e-06
73.4,-0.000137501632322,-0.00465084951502,4.84648463049e-06
73.45,-0.000136239388669,-0.00464670936087,4.80020563088e-06
73.5,-0.000134988554589,-0.00464257801297,4.75437217844e-06
73.55,-0.00013374902924,-0.00463845545323,4.70899102403e-06
73.6,-0.000132520712649,-0.00463434166319,4.66404655484e-06
73.65,-0.000131303505692,-0.00463023708749,4.61954128318e-06
73.7,-0.000130097310076,-0.00462615605422,4.5754641039e-06
73.75,-0.000128902027718,-0.00462208376712,4.53182453486e-06
73.8,-0.000127717562046,-0.00461802020686,4.48860453647e-06
73.85,-0.000126544449723,-0.00461396535422,4.44580003148e-06
73.9,-0.000125381951139,-0.00460994196353,4.40341509409e-06
73.95,-0.000124229969693,-0.00460594465832,4.36144342027e-06
74.0,-0.000123088413315,-0.00460195598157,4.31987508125e-06
74.05,-0.000121957189736,-0.00459797591277,4.27871623082e-06
74.1,-0.000120836207481,-0.00459400443112,4.23795270267e-06
74.15,-0.000119725375857,-0.00459004151588,4.19758679916e-06
74.2,-0.000118624604946,-0.00458608714609,4.15760844762e-06
74.25,-0.000117533805603,-0.00458214130079,4.11802627126e-06
74.3,-0.00011645288945,-0.00457820395869,4.07882389883e-06
74.35,-0.000115381768862,-0.00457427509862,4.03999764582e-06
74.4,-0.000114320356968,-0.0045703546993,4.00155123318e-06
74.45,-0.000113268567645,-0.00456644273921,3.9634787692e-06
74.5,-0.000112226315508,-0.00456253919679,3.92577132403e-06
74.55,-0.000111193515906,-0.00455864405044,3.88843451441e-06
74.6,-0.000110170084917,-0.00455475727836,3.85145549047e-06
74.65,-0.000109155939339,-0.00455088558464,3.81483636836e-06
74.7,-0.000108150995055,-0.00454705318961,3.77856814207e-06
74.75,-0.000107155170596,-0.00454322907892,3.74265864866e-06
74.8,-0.000106168384945,-0.0045394132297,3.70709302859e-06
74.85,-0.000105191083476,-0.00453560561921,3.67186795203e-06
74.9,-0.00010422265064,-0.00453180622628,3.63698682113e-06
74.95,-0.000103263007642,-0.00452801502787,3.60244429974e-06
75.0,-0.000102312076363,-0.0045242320009,3.56823228995e-06
75.05,-0.000101369779356,-0.00452045712229,3.53435591526e-06
75.1,-0.000100436039845,-0.00451669036877,3.50080351421e-06
75.15,-9.95107817097e-05,-0.00451293171713,3.46757702823e-06
75.2,-9.85939294909e-05,-0.00450919196875,3.43466817576e-06
75.25,-9.7685408018e-05,-0.00450546435619,3.40208414707e-06
75.3,-9.67851430068e-05,-0.00450174480721,3.36981146535e-06
75.35,-9.58930609496e-05,-0.00449803329814,3.33784712309e-06
75.4,-9.50090889729e-05,-0.00449432980522,3.30619423091e-06
75.45,-9.41331548337e-05,-0.00449063430456,3.27484795731e-06
75.5,-9.32651869123e-05,-0.00448697758131,3.24380095972e-06
75.55,-9.24051121438e-05,-0.00448333317569,3.21305807341e-06
75.6,-9.15528611758e-05,-0.00447969666401,3.18260863629e-06
75.65,-9.07083642707e-05,-0.00447606802174,3.15245442857e-06
75.7,-8.98715522944e-05,-0.00447244722421,3.12258793647e-06
75.75,-8.90423567096e-05,-0.00446883424681,3.09301568694e-06
75.8,-8.8220709573e-05,-0.00446522906474,3.06372543417e-06
75.85,-8.7406980347e-05,-0.00446163165331,3.03471445963e-06
75.9,-8.66006569323e-05,-0.00445804198918,3.00598560824e-06
75.95,-8.58016732576e-05,-0.00445446004749,2.97753450294e-06
76.0,-8.50099638232e-05,-0.00445088580336,2.94935448325e-06
76.05,-8.4225463696e-05,-0.00444731923196,2.92144981639e-06
76.1,-8.34481085064e-05,-0.00444376030833,2.89381089542e-06
76.15,-8.26778344413e-05,-0.0044402090076,2.86643935675e-06
76.2,-8.19145782417e-05,-0.0044366653048,2.83932838592e-06
76.25,-8.11582771965e-05,-0.00443312917502,2.8124839352e-06
76.3,-8.04088691398e-05,-0.00442960059319,2.78589488677e-06
76.35,-7.96662924441e-05,-0.00442609716909,2.75955878551e-06
76.4,-7.89304846772e-05,-0.00442261631845,2.73347833817e-06
76.45,-7.82013857947e-05,-0.00441914291421,2.70764954126e-06
76.5,-7.74789357943e-05,-0.00441567693081,2.68206635196e-06
76.55,-7.67630751944e-05,-0.00441221834278,2.65673266456e-06
76.6,-7.60537450306e-05,-0.00440876712451,2.63163975641e-06
76.65,-7.53508868504e-05,-0.00440532325052,2.60678912915e-06
76.7,-7.46544427097e-05,-0.0044018928588,2.582174599e-06
76.75,-7.39643550143e-05,-0.00439847813491,2.55780160442e-06
76.8,-7.3280566623e-05,-0.00439507071038,2.53366006336e-06
76.85,-7.26033839413e-05,-0.00439167055948,2.50974775489e-06
76.9,-7.19323811138e-05,-0.0043882776576,2.48606705877e-06
76.95,-7.12675027901e-05,-0.00438489197889,2.4626143821e-06
77.0,-7.06086941009e-05,-0.00438151349758,2.43938424284e-06
77.05,-6.99559006544e-05,-0.00437814218791,2.41638019667e-06
77.1,-6.93090685334e-05,-0.00437477802407,2.39359432372e-06
77.15,-6.86681442894e-05,-0.00437142098035,2.37102800321e-06
77.2,-6.80330749406e-05,-0.00436807103098,2.34867562391e-06
77.25,-6.74038079666e-05,-0.00436472879896,2.32654213476e-06
77.3,-6.6780291124e-05,-0.00436142315952,2.30461837827e-06
77.35,-6.61624718148e-05,-0.00435812458072,2.28290242552e-06
77.4,-6.55502994275e-05,-0.00435483296667,2.26139641138e-06
77.45,-6.4943723277e-05,-0.00435154829127,2.24009707921e-06
77.5,-6.43426931206e-05,-0.00434827052844,2.21899945369e-06
77.55,-6.37471591536e-05,-0.00434499965217,2.1981067805e-06
77.6,-6.31570720073e-05,-0.00434173563642,2.17741186637e-06
77.65,-6.25723827435e-05,-0.00433847845523,2.15691597694e-06
77.7,-6.19930428523e-05,-0.00433522808264,2.13661401859e-06
77.75,-6.14190042475e-05,-0.00433198449275,2.11651050421e-06
77.8,-6.08502192642e-05,-0.0043287476596,2.09659710085e-06
77.85,-6.028694194e-05,-0.00432551755737,2.07687199356e-06
77.9,-5.97288182699e-05,-0.00432229416118,2.05733717423e-06
77.95,-5.91758019156e-05,-0.00431907744518,2.0379896922e-06
78.0,-5.8627846944e-05,-0.00431586738357,2.01882503291e-06
78.05,-5.80849078239e-05,-0.00431266395065,1.99984616097e-06
78.1,-5.75469394237e-05,-0.00430946712064,1.98104654355e-06
78.15,-5.70138970065e-05,-0.00430627686791,1.96242734354e-06
78.2,-5.6485736228e-05,-0.00430309488811,1.9439839379e-06
78.25,-5.59624131002e-05,-0.00429993605159,1.92572044635e-06
78.3,-5.54438832296e-05,-0.00429680745594,1.9076293634e-06
78.35,-5.49301035369e-05,-0.00429368534119,1.88970903994e-06
78.4,-5.44210312424e-05,-0.00429056968124,1.87196129643e-06
78.45,-5.39166239419e-05,-0.00428746045003,1.8543834566e-06
78.5,-5.34168396031e-05,-0.00428435762153,1.83697142098e-06
78.55,-5.29216365625e-05,-0.00428126116981,1.81972789541e-06
78.6,-5.24309735227e-05,-0.00427817106893,1.80264694371e-06
78.65,-5.19448095487e-05,-0.00427508729304,1.78572963214e-06
78.7,-5.14631040655e-05,-0.00427200981633,1.76897176197e-06
78.75,-5.09858168542e-05,-0.00426893861307,1.75237708768e-06
78.8,-5.05129080504e-05,-0.00426587365749,1.73593872802e-06
78.85,-5.00445882389e-05,-0.00426281492398,1.71965519778e-06
78.9,-4.9580563263e-05,-0.00425976238771,1.70352816363e-06
78.95,-4.91207943723e-05,-0.00425671602311,1.68755519974e-06
79.0,-4.86652431572e-05,-0.00425367580465,1.6717325849e-06
79.05,-4.82138715463e-05,-0.00425064170692,1.65606279087e-06
79.1,-4.77666418034e-05,-0.00424761370447,1.64054042463e-06
79.15,-4.73235165244e-05,-0.00424459177199,1.6251664656e-06
79.2,-4.68844586351e-05,-0.00424157588419,1.60993710158e-06
79.25,-4.64494313877e-05,-0.00423856601588,1.59485575834e-06
79.3,-4.60183983587e-05,-0.00423556214183,1.57991618199e-06
79.35,-4.55913234458e-05,-0.0042325824902,1.5651170294e-06
79.4,-4.51681702069e-05,-0.00422961599209,1.55045987824e-06
79.45,-4.47489034717e-05,-0.00422665538918,1.53594250538e-06
79.5,-4.43334880997e-05,-0.0042237006562,1.52156153112e-06
79.55,-4.39218892603e-05,-0.00422075176799,1.50731921227e-06
79.6,-4.35140724307e-05,-0.00421780869941,1.49321064728e-06
79.65,-4.31100033928e-05,-0.00421487142541,1.47923673451e-06
79.7,-4.27096482306e-05,-0.004211939921,1.46539401094e-06
79.75,-4.23129733279e-05,-0.0042090255288,1.45168560158e-06
79.8,-4.1919945207e-05,-0.00420611940729,1.43810583348e-06
79.85,-4.15307383651e-05,-0.00420321901201,1.42465349299e-06
79.9,-4.1145108462e-05,-0.00420032431863,1.41132997457e-06
79.95,-4.0763023121e-05,-0.00419743530222,1.39813328215e-06
80.0,-4.03844502518e-05,-0.00419455193793,1.38506034619e-06
80.05,-4.00093580476e-05,-0.00419167420101,1.37211322784e-06
80.1,-3.96377149832e-05,-0.00418880206673,1.35928747198e-06
80.15,-3.92694898123e-05,-0.00418593551049,1.34658390303e-06
80.2,-3.89046515652e-05,-0.0041830745077,1.33399937508e-06
80.25,-3.85431695464e-05,-0.00418021903392,1.32153673941e-06
80.3,-3.81850133324e-05,-0.00417736906468,1.30919082651e-06
80.35,-3.78301527692e-05,-0.00417452457566,1.29696053565e-06
80.4,-3.74785579701e-05,-0.00417168554263,1.28484714276e-06
80.45,-3.71301993133e-05,-0.00416885194136,1.27284883737e-06
80.5,-3.678504744e-05,-0.00416603502247,1.2609628315e-06
80.55,-3.64430728349e-05,-0.00416323537319,1.24919104181e-06
80.6,-3.61042468093e-05,-0.0041604410617,1.23752940648e-06
80.65,-3.57685407892e-05,-0.00415765206385,1.22597868154e-06
80.7,-3.54359264548e-05,-0.00415486835554,1.21453600822e-06
80.75,-3.51063757373e-05,-0.00415208991275,1.20320398781e-06
80.8,-3.47798608173e-05,-0.0041493167115,1.19197791899e-06
80.85,-3.44565263201e-05,-0.00414654872796,1.18085680475e-06
80.9,-3.41361693454e-05,-0.00414378593886,1.16984181209e-06
80.95,-3.38187628582e-05,-0.00414102832046,1.15893129768e-06
81.0,-3.35042800637e-05,-0.00413827584913,1.14812272811e-06
81.05,-3.31926944049e-05,-0.00413552850132,1.13741782276e-06
81.1,-3.28839795613e-05,-0.00413278625353,1.12681289929e-06
81.15,-3.25781094459e-05,-0.00413004908237,1.11630865164e-06
81.2,-3.22750582043e-05,-0.00412731696452,1.10590248232e-06
81.25,-3.19748002117e-05,-0.00412459688982,1.09559676536e-06
81.3,-3.16773099979e-05,-0.00412188843646,1.08538723134e-06
81.35,-3.13825623262e-05,-0.00411918499802,1.07527298304e-06
81.4,-3.10905322554e-05,-0.00411648655127,1.0652550878e-06
81.45,-3.08011950662e-05,-0.00411379307304,1.055332054e-06
81.5,-3.05145262598e-05,-0.00411110454024,1.0455015794e-06
81.55,-3.02305015553e-05,-0.00410842092988,1.03576523433e-06
81.6,-2.99490968886e-05,-0.00410574221902,1.02611967016e-06
81.65,-2.96702884098e-05,-0.00410306838486,1.01656552333e-06
81.7,-2.93940524819e-05,-0.00410039940462,1.00710043291e-06
81.75,-2.91203656786e-05,-0.00409773878643,9.97726565243e-07
81.8,-2.88492045494e-05,-0.00409510038459,9.88440050334e-07
81.85,-2.85806889597e-05,-0.00409246674978,9.79240067004e-07
81.9,-2.83146504772e-05,-0.00408983785977,9.70127591362e-07
81.95,-2.80510665495e-05,-0.00408721369195,9.61101268969e-07
82.0,-2.77899148254e-05,-0.00408459422382,9.52159007039e-07
82.05,-2.75311731531e-05,-0.00408197943299,9.43302239566e-07
82.1,-2.72748195787e-05,-0.0040793692971,9.34527920674e-07
82.15,-2.70208323439e-05,-0.00407676379394,9.25836633745e-07
82.2,-2.67691898852e-05,-0.00407416290133,9.17226232266e-07
82.25,-2.65198708313e-05,-0.00407156659724,9.08698692936e-07
82.3,-2.62728540023e-05,-0.00406897485964,9.00250477321e-07
82.35,-2.60281184074e-05,-0.00406638766667,8.91880844202e-07
82.4,-2.57856432433e-05,-0.00406380499653,8.83590686584e-07
82.45,-2.5545407893e-05,-0.00406122682749,8.75378774897e-07
82.5,-2.53073919239e-05,-0.0040586531379,8.67243206988e-07
82.55,-2.50715750863e-05,-0.00405608390625,8.59185292878e-07
82.6,-2.48379373115e-05,-0.00405351911105,8.51202262183e-07
82.65,-2.46064587108e-05,-0.00405095873093,8.43294650065e-07
82.7,-2.43771195733e-05,-0.00404840274462,8.3546050514e-07
82.75,-2.4149900365e-05,-0.00404585396323,8.27701631601e-07
82.8,-2.39247817044e-05,-0.00404332005678,8.20014811944e-07
82.85,-2.3701862775e-05,-0.00404079051164,8.12399381347e-07
82.9,-2.348100379e-05,-0.00403826530698,8.04856156553e-07
82.95,-2.32621859441e-05,-0.00403574442167,7.97384020781e-07
83.0,-2.30453906005e-05,-0.00403322783467,7.89981244518e-07
83.05,-2.28305992894e-05,-0.00403071552507,7.82649024197e-07
83.1,-2.26177937066e-05,-0.004028207472,7.75384839314e-07
83.15,-2.24069557121e-05,-0.00402571158384,7.68189180395e-07
83.2,-2.21980671331e-05,-0.00402323078206,7.61060289089e-07
83.25,-2.19911102185e-05,-0.00402075415858,7.53999806502e-07
83.3,-2.17860673174e-05,-0.00401828169266,7.47004802476e-07
83.35,-2.1582920937e-05,-0.0040158133637,7.40074667682e-07
83.4,-2.13816537418e-05,-0.00401334915117,7.33210148799e-07
83.45,-2.11822485517e-05,-0.00401088903461,7.26410231165e-07
83.5,-2.09846883408e-05,-0.00400843299368,7.19673341868e-07
83.55,-2.07889562363e-05,-0.0040059810081,7.1300057348e-07
83.6,-2.0595035517e-05,-0.0040035330577,7.06389632404e-07
83.65,-2.04029096116e-05,-0.00400108912239,6.67908650699e-07
83.7,-2.0212561034e-05,-0.00399864963986,6.58166144719e-07
83.75,-2.0023974494e-05,-0.00399621417598,6.52066457027e-07
83.8,-1.98371339836e-05,-0.00399378265927,6.4602324612e-07
83.85,-1.96521217309e-05,-0.00399135507013,6.40035987746e-07
83.9,-1.94688217529e-05,-0.00398893138929,6.02222709523e-07
83.95,-1.92872173672e-05,-0.00398651205434,5.93098264591e-07
84.0,-1.91072939823e-05,-0.00398409663222,5.87603276903e-07
84.05,-1.89290363241e-05,-0.0039816850521,5.82160667869e-07
84.1,-1.87524291412e-05,-0.00397927729486,5.767684052e-07
84.15,-1.85774573197e-05,-0.00397687334147,5.71426631928e-07
84.2,-1.84041058817e-05,-0.00397447317301,5.66134263548e-07
84.25,-1.82323599841e-05,-0.00397207677064,5.60892724671e-07
84.3,-1.80622049179e-05,-0.00396969602831,5.55699640773e-07
84.35,-1.7893626036e-05,-0.00396732023328,5.50554568442e-07
84.4,-1.77266088888e-05,-0.00396494817857,5.45457861631e-07
84.45,-1.75611391638e-05,-0.00396257984542,5.40409063297e-07
84.5,-1.73972026777e-05,-0.00396021521512,5.35406922882e-07
84.55,-1.7234785375e-05,-0.00395785426912,5.30452402032e-07
84.6,-1.70738733271e-05,-0.00395549698888,5.2554365081e-07
84.65,-1.69144527308e-05,-0.003953143356,5.20680801338e-07
84.7,-1.67565099078e-05,-0.00395080735953,5.158628672e-07
84.75,-1.66000311352e-05,-0.00394847772869,5.11091160935e-07
84.8,-1.64450030625e-05,-0.00394615167763,5.06363514416e-07
84.85,-1.6291493799e-05,-0.0039438291881,5.01679520231e-07
84.9,-1.6139407138e-05,-0.00394151024217,4.97039502072e-07
84.95,-1.59887300343e-05,-0.00393919482171,4.92443045078e-07
85.0,-1.58394495603e-05,-0.00393688290873,4.87889011273e-07
85.05,-1.56915529053e-05,-0.0039345744853,4.83378278523e-07
85.1,-1.55450273741e-05,-0.00393226953357,4.78909162613e-07
85.15,-1.53998603861e-05,-0.00392996803579,4.74481785462e-07
85.2,-1.52560394745e-05,-0.0039276699743,4.7009524968e-07
85.25,-1.51135522849e-05,-0.00392537533152,4.65750741298e-07
85.3,-1.49723865748e-05,-0.00392308408993,4.61446291653e-07
85.35,-1.48325302121e-05,-0.00392079623214,4.57181531137e-07
85.4,-1.46939711745e-05,-0.00391851174081,4.5295675635e-07
85.45,-1.45566975484e-05,-0.0039162305987,4.48771590861e-07
85.5,-1.44206975281e-05,-0.00391395278865,4.44624999222e-07
85.55,-1.42859594144e-05,-0.0039116782936,4.40517783034e-07
85.6,-1.41524716141e-05,-0.00390940709653,4.36448408991e-07
85.65,-1.4020222639e-05,-0.00390713918054,4.32416989732e-07
85.7,-1.38892011048e-05,-0.00390487452882,4.28422708939e-07
85.75,-1.37593957303e-05,-0.00390261312462,4.24466649001e-07
85.8,-1.36307953364e-05,-0.00390036275361,4.20547017242e-07
85.85,-1.35034562947e-05,-0.00389812068533,4.16663480898e-07
85.9,-1.33772987946e-05,-0.00389588184488,4.12816313341e-07
85.95,-1.32523119795e-05,-0.00389364621559,4.09005172764e-07
86.0,-1.31284850914e-05,-0.00389141378087,4.05229116718e-07
86.05,-1.30058074697e-05,-0.00388918452422,4.01488877004e-07
86.1,-1.28842685501e-05,-0.00388695842922,3.97783057382e-07
86.15,-1.27638578643e-05,-0.00388473547952,3.94111761701e-07
86.2,-1.26445650387e-05,-0.00388251565889,3.90474247133e-07
86.25,-1.25263797938e-05,-0.00388029895114,3.86871501356e-07
86.3,-1.24092919432e-05,-0.00387808534019,3.83301891629e-07
86.35,-1.22932913929e-05,-0.00387587481001,3.79765113376e-07
86.4,-1.21783681404e-05,-0.0038736817253,3.76261415384e-07
86.45,-1.20645121587e-05,-0.00387149218842,3.72790496227e-07
86.5,-1.19517136864e-05,-0.00386930567533,3.69351493473e-07
86.55,-1.18399629931e-05,-0.00386712217019,3.65945075172e-07
86.6,-1.17292504366e-05,-0.00386494165722,3.62569969724e-07
86.65,-1.16195664621e-05,-0.00386276412073,3.59226272796e-07
86.7,-1.15109016016e-05,-0.00386058954513,3.55913308308e-07
86.75,-1.1403246473e-05,-0.00385841791489,3.5263197751e-07
86.8,-1.12965917794e-05,-0.00385624921456,3.49380793148e-07
86.85,-1.11909842356e-05,-0.00385408342878,3.46159478555e-07
86.9,-1.1086357684e-05,-0.00385192054243,3.42968261464e-07
86.95,-1.09827030948e-05,-0.0038497605403,3.39806859974e-07
87.0,-1.08800115206e-05,-0.00384760340726,3.36674493122e-07
87.05,-1.07782740948e-05,-0.00384544912828,3.33571770913e-07
87.1,-1.06774820316e-05,-0.00384329768837,3.30497535289e-07
87.15,-1.05776266249e-05,-0.00384114907265,2.96007789899e-07
87.2,-1.04786987091e-05,-0.00383900370284,2.89783369151e-07
87.25,-1.03806902339e-05,-0.00383686116904,2.24400649623e-07
87.3,-1.0283591735e-05,-0.00383472611305,2.15359757948e-07
87.35,-1.01873957806e-05,-0.00383260272493,2.13375397004e-07
87.4,-1.00920941433e-05,-0.00383048209368,2.11409706146e-07
87.45,-9.9976785812e-06,-0.00382836420492,2.09462509131e-07
87.5,-9.90414092727e-06,-0.00382624904434,2.07533174026e-07
87.55,-9.8114730889e-06,-0.00382413659771,2.05622336151e-07
87.6,-9.71966704709e-06,-0.00382202685086,2.03729018342e-07
87.65,-9.62871485582e-06,-0.00381991978971,2.01853060309e-07
87.7,-9.5386086414e-06,-0.00381781540027,1.99994303233e-07
87.75,-9.44934060184e-06,-0.0038157136686,1.66812883534e-07
87.8,-9.36090252704e-06,-0.00381361501572,1.61791989742e-07
87.85,-9.27333354344e-06,-0.00381151903417,1.60302109736e-07
87.9,-9.18657885739e-06,-0.0038094256613,1.58826306861e-07
87.95,-9.1006309603e-06,-0.00380733488357,1.57364447635e-07
88.0,-9.01548241195e-06,-0.0038052466875,1.55915982892e-07
88.05,-8.93112583991e-06,-0.00380316105967,1.23183165755e-07
88.1,-8.8475534869e-06,-0.00380107842095,1.18569544192e-07
88.15,-8.76475853229e-06,-0.00379899836502,1.1747855287e-07
88.2,-8.68273385447e-06,-0.00379692082969,1.16397552825e-07
88.25,-8.60147234562e-06,-0.00379484961842,1.15326452836e-07
88.3,-8.52096691573e-06,-0.00379279020622,1.14265164103e-07
88.35,-8.4412105983e-06,-0.00379073327026,1.13213596647e-07
88.4,-8.36219647957e-06,-0.00378867879757,1.12172041897e-07
88.45,-8.2839177088e-06,-0.00378662677525,1.1114040409e-07
88.5,-8.20636749775e-06,-0.00378457719044,1.10118208237e-07
88.55,-8.12953912007e-06,-0.0037825300304,7.78831959113e-08
88.6,-8.05342550076e-06,-0.00378048570839,7.36951938121e-08
88.65,-7.97802041497e-06,-0.00377844382615,7.30174855792e-08
88.7,-7.90331736519e-06,-0.00377640432306,7.23459785386e-08
88.75,-7.82930986686e-06,-0.00377436718674,7.16806161426e-08
88.8,-7.75599149461e-06,-0.00377233240484,7.10213423593e-08
88.85,-7.68339427977e-06,-0.00377031241133,7.03681016652e-08
88.9,-7.61147272778e-06,-0.00376829477671,3.85214183572e-08
88.95,-7.54022021664e-06,-0.00376627991409,3.50117041756e-09
89.0,-7.46963053954e-06,-0.00376426785138,0.0
89.05,-7.39969796585e-06,-0.00376225814318,0.0
89.1,-7.33041646877e-06,-0.00376025072941,0.0
89.15,-7.26178003361e-06,-0.00375824559815,0.0
89.2,-7.19378270064e-06,-0.00375624273755,0.0
89.25,-7.12641856454e-06,-0.00375424213582,0.0
89.3,-7.05968177398e-06,-0.00375224378122,0.0
89.35,-6.99356653108e-06,-0.00375024766211,0.0
89.4,-6.92806709096e-06,-0.00374825376687,0.0
89.45,-6.86317776127e-06,-0.00374626208397,0.0
89.5,-6.79889290167e-06,-0.00374427260194,0.0
89.55,-6.73520692343e-06,-0.00374228530936,0.0
89.6,-6.67211428891e-06,-0.0037403001949,0.0
89.65,-6.60960951112e-06,-0.00373831724726,0.0
89.7,-6.54768715329e-06,-0.00373633645522,0.0
89.75,-6.48634182837e-06,-0.00373435780761,0.0
89.8,-6.42556819863e-06,-0.00373238129334,0.0
89.85,-6.3653927864e-06,-0.00373040690137,0.0
89.9,-6.30577791242e-06,-0.0037284346208,0.0
89.95,-6.24671839344e-06,-0.00372646444071,0.0
90.0,-6.18820909366e-06,-0.00372449635024,0.0
90.05,-6.13024492425e-06,-0.00372253033859,0.0
90.1,-6.07282084299e-06,-0.00372056639502,0.0
90.15,-6.01593185377e-06,-0.00371860450885,0.0
90.2,-5.95957300626e-06,-0.00371664466946,0.0
90.25,-5.90373939542e-06,-0.00371468686629,0.0
90.3,-5.84842616114e-06,-0.00371273108882,0.0
90.35,-5.79362848784e-06,-0.00371078855007,0.0
90.4,-5.73934156157e-06,-0.00370886061781,0.0
90.45,-5.68556065426e-06,-0.0037069347058,0.0
90.5,-5.63228108305e-06,-0.00370501080337,0.0
90.55,-5.57949820797e-06,-0.00370308889994,0.0
90.6,-5.52720743158e-06,-0.00370116898496,0.0
90.65,-5.47540419853e-06,-0.00369925104795,0.0
90.7,-5.4240839952e-06,-0.00369733507851,0.0
90.75,-5.37324234936e-06,-0.00369542106626,0.0
90.8,-5.32287482974e-06,-0.00369350900093,0.0
90.85,-5.2730033977e-06,-0.00369159887227,0.0
90.9,-5.22359683079e-06,-0.00368969067016,0.0
90.95,-5.17465082617e-06,-0.0036877843845,0.0
91.0,-5.12616112047e-06,-0.0036858800052,0.0
91.05,-5.07812348936e-06,-0.00368397752228,0.0
91.1,-5.03053374724e-06,-0.00368207692578,0.0
91.15,-4.98338774687e-06,-0.0036801782058,0.0
91.2,-4.93668137906e-06,-0.00367828135252,0.0
91.25,-4.89041057226e-06,-0.00367638635616,0.0
91.3,-4.84457129228e-06,-0.003674493207,0.0
91.35,-4.79915954194e-06,-0.00367260189537,0.0
91.4,-2.86390133376e-06,-0.00367071241168,0.0
91.45,0.0,-0.00366881969144,0.0
91.5,0.0,-0.00366692127896,0.0
91.55,0.0,-0.00366502487741,0.0
91.6,0.0,-0.00366313047474,0.0
91.65,0.0,-0.00366123805902,0.0
91.7,0.0,-0.00365934761837,0.0
91.75,0.0,-0.00365745914103,0.0
91.8,0.0,-0.0036555726153,0.0
91.85,0.0,-0.00365369278001,0.0
91.9,0.0,-0.00365182219117,0.0
91.95,0.0,-0.00364995354701,0.0
92.0,0.0,-0.00364808683594,0.0
92.05,0.0,-0.00364622204641,0.0
92.1,0.0,-0.00364435916697,0.0
92.15,0.0,-0.00364249818625,0.0
92.2,0.0,-0.00364063909296,0.0
92.25,0.0,-0.00363878187588,0.0
92.3,0.0,-0.00363692652388,0.0
92.35,0.0,-0.00363507302589,0.0
92.4,0.0,-0.00363322137095,0.0
92.45,0.0,-0.00363137154815,0.0
92.5,0.0,-0.00362952354665,0.0
92.55,0.0,-0.00362767735571,0.0
92.6,0.0,-0.00362583296465,0.0
92.65,0.0,-0.00362399036287,0.0
92.7,0.0,-0.00362215793914,0.0
92.75,0.0,-0.00362032921085,0.0
92.8,0.0,-0.0036185022382,0.0
92.85,0.0,-0.00361667701077,0.0
92.9,0.0,-0.00361485351822,0.0
92.95,0.0,-0.00361303175028,0.0
93.0,0.0,-0.00361121169676,0.0
93.05,0.0,-0.00360939334754,0.0
93.1,0.0,-0.00360757669255,0.0
93.15,0.0,-0.00360576172182,0.0
93.2,0.0,-0.00360394842545,0.0
93.25,0.0,-0.00360213679357,0.0
93.3,0.0,-0.00360032681644,0.0
93.35,0.0,-0.00359851956393,0.0
93.4,0.0,-0.00359672474341,0.0
93.45,0.0,-0.00359493157577,0.0
93.5,0.0,-0.00359314005128,0.0
93.55,0.0,-0.00359135016027,0.0
93.6,0.0,-0.00358956189314,0.0
93.65,0.0,-0.00358777524036,0.0
93.7,0.0,-0.00358599019248,0.0
93.75,0.0,-0.00358420674009,0.0
93.8,0.0,-0.00358242487388,0.0
93.85,0.0,-0.00358064458457,0.0
93.9,0.0,-0.00357886586297,0.0
93.95,0.0,-0.00357708869995,0.0
94.0,0.0,-0.00357531308645,0.0
94.05,0.0,-0.00357353901346,0.0
94.1,0.0,-0.00357176647204,0.0
94.15,0.0,-0.00356999545332,0.0
94.2,0.0,-0.00356822594848,0.0
94.25,0.0,-0.00356645794878,0.0
94.3,0.0,-0.00356469144553,0.0
94.35,0.0,-0.00356292643011,0.0
94.4,0.0,-0.00356116289394,0.0
94.45,0.0,-0.00355940082853,0.0
94.5,0.0,-0.00355764022543,0.0
94.55,0.0,-0.00355588107626,0.0
94.6,0.0,-0.00355412337269,0.0
94.65,0.0,-0.00355236710646,0.0
94.7,0.0,-0.00355061226937,0.0
94.75,0.0,-0.00354885885327,0.0
94.8,0.0,-0.00354710685006,0.0
94.85,0.0,-0.00354535625173,0.0
94.9,0.0,-0.00354361626614,0.0
94.95,0.0,-0.00354188017141,0.0
95.0,0.0,-0.00354014548436,0.0
95.05,0.0,-0.00353841219696,0.0
95.1,0.0,-0.00353668030122,0.0
95.15,0.0,-0.00353494978922,0.0
95.2,0.0,-0.00353322065309,0.0
95.25,0.0,-0.00353149581961,0.0
95.3,0.0,-0.00352977846299,0.0
95.35,0.0,-0.00352806245965,0.0
95.4,0.0,-0.00352634780183,0.0
95.45,0.0,-0.00352463448184,0.0
95.5,0.0,-0.00352292249203,0.0
95.55,0.0,-0.00352121182481,0.0
95.6,0.0,-0.00351950247265,0.0
95.65,0.0,-0.00351779442808,0.0
95.7,0.0,-0.00351608768366,0.0
95.75,0.0,-0.00351438223201,0.0
95.8,0.0,-0.00351267806583,0.0
95.85,0.0,-0.00351097517784,0.0
95.9,0.0,-0.00350927356083,0.0
95.95,0.0,-0.00350757320763,0.0
96.0,0.0,-0.00350587411114,0.0
96.05,0.0,-0.00350417626428,0.0
96.1,0.0,-0.00350247966006,0.0
96.15,0.0,-0.00350078429151,0.0
96.2,0.0,-0.00349909015173,0.0
96.25,0.0,-0.00349739723384,0.0
96.3,0.0,-0.00349570553105,0.0
96.35,0.0,-0.00349401503659,0.0
96.4,0.0,-0.00349233133242,0.0
96.45,0.0,-0.00349065477286,0.0
96.5,0.0,-0.00348897942752,0.0
96.55,0.0,-0.0034873052896,0.0
96.6,0.0,-0.00348563235236,0.0
96.65,0.0,-0.00348396060908,0.0
96.7,0.0,-0.00348229005313,0.0
96.75,0.0,-0.00348062067789,0.0
96.8,0.0,-0.00347895247681,0.0
96.85,0.0,-0.00347728544339,0.0
96.9,0.0,-0.00347561957115,0.0
96.95,0.0,-0.00347395485368,0.0
97.0,0.0,-0.00347229128462,0.0
97.05,0.0,-0.00347062885764,0.0
97.1,0.0,-0.00346896756646,0.0
97.15,0.0,-0.00346730740485,0.0
97.2,0.0,-0.00346564836663,0.0
97.25,0.0,-0.00346399044564,0.0
97.3,0.0,-0.0034623336358,0.0
97.35,0.0,-0.00346067793104,0.0
97.4,0.0,-0.00345902332536,0.0
97.45,0.0,-0.00345736981279,0.0
97.5,0.0,-0.00345571738741,0.0
97.55,0.0,-0.00345406604333,0.0
97.6,0.0,-0.00345241577472,0.0
97.65,0.0,-0.00345076657578,0.0
97.7,0.0,-0.00344911844075,0.0
97.75,0.0,-0.00344747136393,0.0
97.8,0.0,-0.00344582533964,0.0
97.85,0.0,-0.00344418036224,0.0
97.9,0.0,-0.00344253849183,0.0
97.95,0.0,-0.00344090695596,0.0
98.0,0.0,-0.00343927647594,0.0
98.05,0.0,-0.00343764704607,0.0
98.1,0.0,-0.00343601913972,0.0
98.15,0.0,-0.00343439976349,0.0
98.2,0.0,-0.00343278143904,0.0
98.25,0.0,-0.00343116414502,0.0
98.3,0.0,-0.00342954787585,0.0
98.35,0.0,-0.00342793262596,0.0
98.4,0.0,-0.00342631838984,0.0
98.45,0.0,-0.003424705162,0.0
98.5,0.0,-0.00342309293701,0.0
98.55,0.0,-0.00342148170948,0.0
98.6,0.0,-0.00341987147403,0.0
98.65,0.0,-0.00341826222536,0.0
98.7,0.0,-0.00341665395819,0.0
98.75,0.0,-0.00341504666726,0.0
98.8,0.0,-0.00341344034738,0.0
98.85,0.0,-0.00341183499338,0.0
98.9,0.0,-0.00341023060014,0.0
98.95,0.0,-0.00340862716256,0.0
99.0,0.0,-0.00340702467558,0.0
99.05,0.0,-0.00340542313419,0.0
99.1,0.0,-0.00340382253342,0.0
99.15,0.0,-0.00340222286832,0.0
99.2,0.0,-0.00340062413397,0.0
99.25,0.0,-0.00339902632552,0.0
99.3,0.0,-0.00339742943811,0.0
99.35,0.0,-0.00339583346696,0.0
99.4,0.0,-0.0033942384073,0.0
99.45,0.0,-0.00339265409601,0.0
99.5,0.0,-0.00339107206589,0.0
99.55,0.0,-0.00338949095783,0.0
99.6,0.0,-0.00338791076697,0.0
99.65,0.0,-0.0033863314885,0.0
99.7,0.0,-0.00338475311764,0.0
99.75,0.0,-0.00338317564965,0.0
99.8,0.0,-0.00338159907982,0.0
99.85,0.0,-0.00338002340347,0.0
99.9,0.0,-0.00337844861598,0.0
99.95,0.0,-0.00337687471272,0.0
100.0,0.0,-0.00337530168913,0.0
