"time","AMPA","NMDA","GABAa"
0.0,0.0,0.0,0.0
0.05,0.0,0.0,0.0
0.1,0.0,0.0,0.0
0.15,0.0,0.0,0.0
0.2,0.0,0.0,0.0
0.25,0.0,0.0,0.0
0.3,0.0,0.0,0.0
0.35,0.0,0.0,0.0
0.4,0.0,0.0,0.0
0.45,0.0,0.0,0.0
0.5,0.0,0.0,0.0
0.55,0.0,0.0,0.0
0.6,0.0,0.0,0.0
0.65,0.0,0.0,0.0
0.7,0.0,0.0,0.0
0.75,0.0,0.0,0.0
0.8,0.0,0.0,0.0
0.85,0.0,0.0,0.0
0.9,0.0,0.0,0.0
0.95,0.0,0.0,0.0
1.0,0.0,0.0,0.0
1.05,0.0,0.0,0.0
1.1,0.0,0.0,0.0
1.15,0.0,0.0,0.0
1.2,0.0,0.0,0.0
1.25,0.0,0.0,0.0
1.3,0.0,0.0,0.0
1.35,0.0,0.0,0.0
1.4,0.0,0.0,0.0
1.45,0.0,0.0,0.0
1.5,0.0,0.0,0.0
1.55,0.0,0.0,0.0
1.6,0.0,0.0,0.0
1.65,0.0,0.0,0.0
1.7,0.0,0.0,0.0
1.75,0.0,0.0,0.0
1.8,0.0,0.0,0.0
1.85,0.0,0.0,0.0
1.9,0.0,0.0,0.0
1.95,0.0,0.0,0.0
2.0,0.0,0.0,0.0
2.05,0.0,0.0,0.0
2.1,0.0,0.0,0.0
2.15,0.0,0.0,0.0
2.2,0.0,0.0,0.0
2.25,0.0,0.0,0.0
2.3,0.0,0.0,0.0
2.35,0.0,0.0,0.0
2.4,0.0,0.0,0.0
2.45,0.0,0.0,0.0
2.5,0.0,0.0,0.0
2.55,0.0,0.0,0.0
2.6,0.0,0.0,0.0
2.65,0.0,0.0,0.0
2.7,0.0,0.0,0.0
2.75,0.0,0.0,0.0
2.8,0.0,0.0,0.0
2.85,0.0,0.0,0.0
2.9,0.0,0.0,0.0
2.95,0.0,0.0,0.0
3.0,0.0,0.0,0.0
3.05,0.0,0.0,0.0
3.1,0.0,0.0,0.0
3.15,0.0,0.0,0.0
3.2,0.0,0.0,0.0
3.25,0.0,0.0,0.0
3.3,0.0,0.0,0.0
3.35,0.0,0.0,0.0
3.4,0.0,0.0,0.0
3.45,0.0,0.0,0.0
3.5,0.0,0.0,0.0
3.55,0.0,0.0,0.0
3.6,0.0,0.0,0.0
3.65,0.0,0.0,0.0
3.7,0.0,0.0,0.0
3.75,0.0,0.0,0.0
3.8,0.0,0.0,0.0
3.85,0.0,0.0,0.0
3.9,0.0,0.0,0.0
3.95,0.0,0.0,0.0
4.0,0.0,0.0,0.0
4.05,0.0,0.0,0.0
4.1,0.0,0.0,0.0
4.15,0.0,0.0,0.0
4.2,0.0,0.0,0.0
4.25,0.0,0.0,0.0
4.3,0.0,0.0,0.0
4.35,0.0,0.0,0.0
4.4,0.0,0.0,0.0
4.45,0.0,0.0,0.0
4.5,0.0,0.0,0.0
4.55,0.0,0.0,0.0
4.6,0.0,0.0,0.0
4.65,0.0,0.0,0.0
4.7,0.0,0.0,0.0
4.75,0.0,0.0,0.0
4.8,0.0,0.0,0.0
4.85,0.0,0.0,0.0
4.9,0.0,0.0,0.0
4.95,0.0,0.0,0.0
5.0,0.0,0.0,0.0
5.05,0.0,0.0,0.0
5.1,0.0,0.0,0.0
5.15,0.0,0.0,0.0
5.2,0.0,0.0,0.0
5.25,0.0,0.0,0.0
5.3,0.0,0.0,0.0
5.35,0.0,0.0,0.0
5.4,0.0,0.0,0.0
5.45,0.0,0.0,0.0
5.5,0.0,0.0,0.0
5.55,0.0,0.0,0.0
5.6,0.0,0.0,0.0
5.65,0.0,0.0,0.0
5.7,0.0,0.0,0.0
5.75,0.0,0.0,0.0
5.8,0.0,0.0,0.0
5.85,0.0,0.0,0.0
5.9,0.0,0.0,0.0
5.95,0.0,0.0,0.0
6.0,0.0,0.0,0.0
6.05,0.0,0.0,0.0
6.1,0.0,0.0,0.0
6.15,0.0,0.0,0.0
6.2,0.0,0.0,0.0
6.25,0.0,0.0,0.0
6.3,0.0,0.0,0.0
6.35,0.0,0.0,0.0
6.4,0.0,0.0,0.0
6.45,0.0,0.0,0.0
6.5,0.0,0.0,0.0
6.55,0.0,0.0,0.0
6.6,0.0,0.0,0.0
6.65,0.0,0.0,0.0
6.7,0.0,0.0,0.0
6.75,0.0,0.0,0.0
6.8,0.0,0.0,0.0
6.85,0.0,0.0,0.0
6.9,0.0,0.0,0.0
6.95,0.0,0.0,0.0
7.0,0.0,0.0,0.0
7.05,0.0,0.0,0.0
7.1,0.0,0.0,0.0
7.15,0.0,0.0,0.0
7.2,0.0,0.0,0.0
7.25,0.0,0.0,0.0
7.3,0.0,0.0,0.0
7.35,0.0,0.0,0.0
7.4,0.0,0.0,0.0
7.45,0.0,0.0,0.0
7.5,0.0,0.0,0.0
7.55,0.0,0.0,0.0
7.6,0.0,0.0,0.0
7.65,0.0,0.0,0.0
7.7,0.0,0.0,0.0
7.75,0.0,0.0,0.0
7.8,0.0,0.0,0.0
7.85,0.0,0.0,0.0
7.9,0.0,0.0,0.0
7.95,0.0,0.0,0.0
8.0,0.0,0.0,0.0
8.05,0.0,0.0,0.0
8.1,0.0,0.0,0.0
8.15,0.0,0.0,0.0
8.2,0.0,0.0,0.0
8.25,0.0,0.0,0.0
8.3,0.0,0.0,0.0
8.35,0.0,0.0,0.0
8.4,0.0,0.0,0.0
8.45,0.0,0.0,0.0
8.5,0.0,0.0,0.0
8.55,0.0,0.0,0.0
8.6,0.0,0.0,0.0
8.65,0.0,0.0,0.0
8.7,0.0,0.0,0.0
8.75,0.0,0.0,0.0
8.8,0.0,0.0,0.0
8.85,0.0,0.0,0.0
8.9,0.0,0.0,0.0
8.95,0.0,0.0,0.0
9.0,0.0,0.0,0.0
9.05,0.0,0.0,0.0
9.1,0.0,0.0,0.0
9.15,0.0,0.0,0.0
9.2,0.0,0.0,0.0
9.25,0.0,0.0,0.0
9.3,0.0,0.0,0.0
9.35,0.0,0.0,0.0
9.4,0.0,0.0,0.0
9.45,0.0,0.0,0.0
9.5,0.0,0.0,0.0
9.55,0.0,0.0,0.0
9.6,0.0,0.0,0.0
9.65,0.0,0.0,0.0
9.7,0.0,0.0,0.0
9.75,0.0,0.0,0.0
9.8,0.0,0.0,0.0
9.85,0.0,0.0,0.0
9.9,0.0,0.0,0.0
9.95,0.0,0.0,0.0
10.0,0.0,0.0,0.0
10.05,0.0,0.0,0.0
10.1,0.0,0.0,0.0
10.15,0.0,0.0,0.0
10.2,0.0,0.0,0.0
10.25,0.0,0.0,0.0
10.3,0.0,0.0,0.0
10.35,0.0,0.0,0.0
10.4,0.0,0.0,0.0
10.45,0.0,0.0,0.0
10.5,0.0,0.0,0.0
10.55,0.0,0.0,0.0
10.6,0.0,0.0,0.0
10.65,0.0,0.0,0.0
10.7,0.0,0.0,0.0
10.75,0.0,0.0,0.0
10.8,0.0,0.0,0.0
10.85,0.0,0.0,0.0
10.9,0.0,0.0,0.0
10.95,0.0,0.0,0.0
11.0,0.0,0.0,0.0
11.05,0.0,0.0,0.0
11.1,0.0,0.0,0.0
11.15,0.0,0.0,0.0
11.2,0.0,0.0,0.0
11.25,0.0,0.0,0.0
11.3,0.0,0.0,0.0
11.35,0.0,0.0,0.0
11.4,0.0,0.0,0.0
11.45,0.0,0.0,0.0
11.5,0.0,0.0,0.0
11.55,0.0,0.0,0.0
11.6,0.0,0.0,0.0
11.65,0.0,0.0,0.0
11.7,0.0,0.0,0.0
11.75,0.0,0.0,0.0
11.8,0.0,0.0,0.0
11.85,0.0,0.0,0.0
11.9,0.0,0.0,0.0
11.95,0.0,0.0,0.0
12.0,0.0,0.0,0.0
12.05,0.0,0.0,0.0
12.1,0.0,0.0,0.0
12.15,0.0,0.0,0.0
12.2,0.0,0.0,0.0
12.25,0.0,0.0,0.0
12.3,0.0,0.0,0.0
12.35,0.0,0.0,0.0
12.4,0.0,0.0,0.0
12.45,0.0,0.0,0.0
12.5,0.0,0.0,0.0
12.55,0.0,0.0,0.0
12.6,0.0,0.0,0.0
12.65,0.0,0.0,0.0
12.7,0.0,0.0,0.0
12.75,0.0,0.0,0.0
12.8,0.0,0.0,0.0
12.85,0.0,0.0,0.0
12.9,0.0,0.0,0.0
12.95,0.0,0.0,0.0
13.0,0.0,0.0,0.0
13.05,0.0,0.0,0.0
13.1,0.0,0.0,0.0
13.15,0.0,0.0,0.0
13.2,0.0,0.0,0.0
13.25,0.0,0.0,0.0
13.3,0.0,0.0,0.0
13.35,0.0,0.0,0.0
13.4,0.0,0.0,0.0
13.45,0.0,0.0,0.0
13.5,0.0,0.0,0.0
13.55,0.0,0.0,0.0
13.6,0.0,0.0,0.0
13.65,0.0,0.0,0.0
13.7,0.0,0.0,0.0
13.75,0.0,0.0,0.0
13.8,0.0,0.0,0.0
13.85,0.0,0.0,0.0
13.9,0.0,0.0,0.0
13.95,0.0,0.0,0.0
14.0,0.0,0.0,0.0
14.05,0.0,0.0,0.0
14.1,0.0,0.0,0.0
14.15,0.0,0.0,0.0
14.2,0.0,0.0,0.0
14.25,0.0,0.0,0.0
14.3,0.0,0.0,0.0
14.35,0.0,0.0,0.0
14.4,0.0,0.0,0.0
14.45,0.0,0.0,0.0
14.5,0.0,0.0,0.0
14.55,0.0,0.0,0.0
14.6,0.0,0.0,0.0
14.65,0.0,0.0,0.0
14.7,0.0,0.0,0.0
14.75,0.0,0.0,0.0
14.8,0.0,0.0,0.0
14.85,0.0,0.0,0.0
14.9,0.0,0.0,0.0
14.95,0.0,0.0,0.0
15.0,0.0,0.0,0.0
15.05,0.0,0.0,0.0
15.1,0.0,0.0,0.0
15.15,0.0,0.0,0.0
15.2,0.0,0.0,0.0
15.25,0.0,0.0,0.0
15.3,0.0,0.0,0.0
15.35,0.0,0.0,0.0
15.4,0.0,0.0,0.0
15.45,0.0,0.0,0.0
15.5,0.0,0.0,0.0
15.55,0.0,0.0,0.0
15.6,0.0,0.0,0.0
15.65,0.0,0.0,0.0
15.7,0.0,0.0,0.0
15.75,0.0,0.0,0.0
15.8,0.0,0.0,0.0
15.85,0.0,0.0,0.0
15.9,0.0,0.0,0.0
15.95,0.0,0.0,0.0
16.0,0.0,0.0,0.0
16.05,0.0,0.0,0.0
16.1,0.0,0.0,0.0
16.15,0.0,0.0,0.0
16.2,0.0,0.0,0.0
16.25,0.0,0.0,0.0
16.3,0.0,0.0,0.0
16.35,0.0,0.0,0.0
16.4,0.0,0.0,0.0
16.45,0.0,0.0,0.0
16.5,0.0,0.0,0.0
16.55,0.0,0.0,0.0
16.6,0.0,0.0,0.0
16.65,0.0,0.0,0.0
16.7,0.0,0.0,0.0
16.75,0.0,0.0,0.0
16.8,0.0,0.0,0.0
16.85,0.0,0.0,0.0
16.9,0.0,0.0,0.0
16.95,0.0,0.0,0.0
17.0,0.0,0.0,0.0
17.05,0.0,0.0,0.0
17.1,0.0,0.0,0.0
17.15,0.0,0.0,0.0
17.2,0.0,0.0,0.0
17.25,0.0,0.0,0.0
17.3,0.0,0.0,0.0
17.35,0.0,0.0,0.0
17.4,0.0,0.0,0.0
17.45,0.0,0.0,0.0
17.5,0.0,0.0,0.0
17.55,0.0,0.0,0.0
17.6,0.0,0.0,0.0
17.65,0.0,0.0,0.0
17.7,0.0,0.0,0.0
17.75,0.0,0.0,0.0
17.8,0.0,0.0,0.0
17.85,0.0,0.0,0.0
17.9,0.0,0.0,0.0
17.95,0.0,0.0,0.0
18.0,0.0,0.0,0.0
18.05,0.0,0.0,0.0
18.1,0.0,0.0,0.0
18.15,0.0,0.0,0.0
18.2,0.0,0.0,0.0
18.25,0.0,0.0,0.0
18.3,0.0,0.0,0.0
18.35,0.0,0.0,0.0
18.4,0.0,0.0,0.0
18.45,0.0,0.0,0.0
18.5,0.0,0.0,0.0
18.55,0.0,0.0,0.0
18.6,0.0,0.0,0.0
18.65,0.0,0.0,0.0
18.7,0.0,0.0,0.0
18.75,0.0,0.0,0.0
18.8,0.0,0.0,0.0
18.85,0.0,0.0,0.0
18.9,0.0,0.0,0.0
18.95,0.0,0.0,0.0
19.0,0.0,0.0,0.0
19.05,0.0,0.0,0.0
19.1,0.0,0.0,0.0
19.15,0.0,0.0,0.0
19.2,0.0,0.0,0.0
19.25,0.0,0.0,0.0
19.3,0.0,0.0,0.0
19.35,0.0,0.0,0.0
19.4,0.0,0.0,0.0
19.45,0.0,0.0,0.0
19.5,0.0,0.0,0.0
19.55,0.0,0.0,0.0
19.6,0.0,0.0,0.0
19.65,0.0,0.0,0.0
19.7,0.0,0.0,0.0
19.75,0.0,0.0,0.0
19.8,0.0,0.0,0.0
19.85,0.0,0.0,0.0
19.9,0.0,0.0,0.0
19.95,0.0,0.0,0.0
20.0,0.0,0.0,0.0
20.05,0.0,0.0,0.0
20.1,0.0,0.0,0.0
20.15,0.0,0.0,0.0
20.2,0.0,0.0,0.0
20.25,0.0,0.0,0.0
20.3,0.0,0.0,0.0
20.35,0.0,0.0,0.0
20.4,0.0,0.0,0.0
20.45,0.0,0.0,0.0
20.5,0.0,0.0,0.0
20.55,0.0,0.0,0.0
20.6,0.0,0.0,0.0
20.65,0.0,0.0,0.0
20.7,0.0,0.0,0.0
20.75,0.0,0.0,0.0
20.8,0.0,0.0,0.0
20.85,0.0,0.0,0.0
20.9,0.0,0.0,0.0
20.95,0.0,0.0,0.0
21.0,0.0,0.0,0.0
21.05,0.0,0.0,0.0
21.1,0.0,0.0,0.0
21.15,0.0,0.0,0.0
21.2,0.0,0.0,0.0
21.25,0.0,0.0,0.0
21.3,0.0,0.0,0.0
21.35,0.0,0.0,0.0
21.4,0.0,0.0,0.0
21.45,0.0,0.0,0.0
21.5,0.0,0.0,0.0
21.55,0.0,0.0,0.0
21.6,0.0,0.0,0.0
21.65,0.0,0.0,0.0
21.7,0.0,0.0,0.0
21.75,0.0,0.0,0.0
21.8,0.0,0.0,0.0
21.85,0.0,0.0,0.0
21.9,0.0,0.0,0.0
21.95,0.0,0.0,0.0
22.0,0.0,0.0,0.0
22.05,0.0,0.0,0.0
22.1,0.0,0.0,0.0
22.15,0.0,0.0,0.0
22.2,0.0,0.0,0.0
22.25,0.0,0.0,0.0
22.3,0.0,0.0,0.0
22.35,0.0,0.0,0.0
22.4,0.0,0.0,0.0
22.45,0.0,0.0,0.0
22.5,0.0,0.0,0.0
22.55,0.0,0.0,0.0
22.6,0.0,0.0,0.0
22.65,0.0,0.0,0.0
22.7,0.0,0.0,0.0
22.75,0.0,0.0,0.0
22.8,0.0,0.0,0.0
22.85,0.0,0.0,0.0
22.9,0.0,0.0,0.0
22.95,0.0,0.0,0.0
23.0,0.0,0.0,0.0
23.05,0.0,0.0,0.0
23.1,0.0,0.0,0.0
23.15,0.0,0.0,0.0
23.2,0.0,0.0,0.0
23.25,0.0,0.0,0.0
23.3,0.0,0.0,0.0
23.35,0.0,0.0,0.0
23.4,0.0,0.0,0.0
23.45,0.0,0.0,0.0
23.5,0.0,0.0,0.0
23.55,0.0,0.0,0.0
23.6,0.0,0.0,0.0
23.65,0.0,0.0,0.0
23.7,0.0,0.0,0.0
23.75,0.0,0.0,0.0
23.8,0.0,0.0,0.0
23.85,0.0,0.0,0.0
23.9,0.0,0.0,0.0
23.95,0.0,0.0,0.0
24.0,0.0,0.0,0.0
24.05,0.0,0.0,0.0
24.1,0.0,0.0,0.0
24.15,0.0,0.0,0.0
24.2,0.0,0.0,0.0
24.25,0.0,0.0,0.0
24.3,0.0,0.0,0.0
24.35,0.0,0.0,0.0
24.4,0.0,0.0,0.0
24.45,0.0,0.0,0.0
24.5,0.0,0.0,0.0
24.55,0.0,0.0,0.0
24.6,0.0,0.0,0.0
24.65,0.0,0.0,0.0
24.7,0.0,0.0,0.0
24.75,0.0,0.0,0.0
24.8,0.0,0.0,0.0
24.85,0.0,0.0,0.0
24.9,0.0,0.0,0.0
24.95,0.0,0.0,0.0
25.0,0.0,0.0,0.0
25.05,0.0,0.0,0.0
25.1,0.0,0.0,0.0
25.15,0.0,0.0,0.0
25.2,0.0,0.0,0.0
25.25,0.0,0.0,0.0
25.3,0.0,0.0,0.0
25.35,0.0,0.0,0.0
25.4,0.0,0.0,0.0
25.45,0.0,0.0,0.0
25.5,0.0,0.0,0.0
25.55,0.0,0.0,0.0
25.6,0.0,0.0,0.0
25.65,0.0,0.0,0.0
25.7,0.0,0.0,0.0
25.75,0.0,0.0,0.0
25.8,0.0,0.0,0.0
25.85,0.0,0.0,0.0
25.9,0.0,0.0,0.0
25.95,0.0,0.0,0.0
26.0,0.0,0.0,0.0
26.05,0.0,0.0,0.0
26.1,0.0,0.0,0.0
26.15,0.0,0.0,0.0
26.2,0.0,0.0,0.0
26.25,0.0,0.0,0.0
26.3,0.0,0.0,0.0
26.35,0.0,0.0,0.0
26.4,0.0,0.0,0.0
26.45,0.0,0.0,5.70432590052e-18
26.5,0.0,0.0,7.70856400236e-06
26.55,0.0,0.0,1.36582583061e-05
26.6,0.0,0.0,1.82504010673e-05
26.65,0.0,0.0,2.17947434661e-05
26.7,0.0,0.0,2.45303618898e-05
26.75,0.0,0.0,2.66417833522e-05
26.8,0.0,0.0,3.59799957239e-05
26.85,0.0,0.0,4.3187492502e-05
26.9,0.0,0.0,4.87504370064e-05
26.95,0.0,0.0,5.30440664362e-05
27.0,0.0,0.0,5.63579816403e-05
27.05,0.0,0.0,5.89157494079e-05
27.1,0.0,0.0,6.85984645136e-05
27.15,0.0,0.0,7.60718580005e-05
27.2,0.0,0.0,8.18400287088e-05
27.25,0.0,0.0,9.40006210637e-05
27.3,0.0,0.0,0.000103386486858
27.35,0.0,0.0,0.000118339321781
27.4,0.0,0.0,0.000137588903175
27.45,0.0,0.0,0.000152390057846
27.5,0.0,0.0,0.00016351365965
27.55,0.0,0.0,0.000172033278352
27.6,0.0,0.0,0.000178543630528
27.65,0.0,0.0,0.000183503775813
27.7,0.0,0.0,0.000187268000551
27.75,0.0,0.0,0.000197762081793
27.8,0.0,0.0,0.00020549836679
27.85,0.0,0.0,0.000219049665238
27.9,0.0,0.0,0.000229381735948
27.95,0.0,0.0,0.000237230257696
28.0,0.0,0.0,0.000243163320572
28.05,0.0,0.0,0.000247562630311
28.1,0.0,0.0,0.000250535119949
28.15,0.0,0.0,0.000252641897446
28.2,0.0,0.0,0.000254025942754
28.25,0.0,0.0,0.000254609668841
28.3,0.0,0.0,0.000254755895604
28.35,0.0,0.0,0.000254266055622
28.4,0.0,0.0,0.000253277825632
28.45,0.0,0.0,0.000259850692268
28.5,0.0,0.0,0.000264554448863
28.55,0.0,0.0,0.000267818620917
28.6,0.0,0.0,0.000269975224271
28.65,0.0,0.0,0.000271279947877
28.7,0.0,0.0,0.000271874140224
28.75,0.0,0.0,0.000271679265142
28.8,0.0,0.0,0.000271056783641
28.85,0.0,0.0,0.000269863911994
28.9,0.0,0.0,0.000268468974286
28.95,0.0,0.0,0.000266922018699
29.0,0.0,0.0,0.000265262173214
29.05,0.0,0.0,0.000271227686367
29.1,0.0,0.0,0.000275374476963
29.15,0.0,0.0,0.000278121354823
29.2,0.0,0.0,0.000279791754811
29.25,0.0,0.0,0.000280635860588
29.3,0.0,0.0,0.000280845950196
29.35,0.0,0.0,0.000280570979564
29.4,0.0,0.0,0.000279869108182
29.45,0.0,0.0,0.000278597242744
29.5,0.0,0.0,0.000277123938972
29.55,0.0,0.0,0.00027549931218
29.6,0.0,0.0,0.000273762484282
29.65,0.0,0.0,0.000271943133793
29.7,0.0,0.0,0.000270064329911
29.75,0.0,0.0,0.000268144372063
29.8,0.0,0.0,0.000266196628266
29.85,0.0,0.0,0.000264428810156
29.9,0.0,0.0,0.000265589952902
29.95,0.0,0.0,0.000267843444206
30.0,0.0,0.0,0.000271360897325
30.05,0.0,0.0,0.000275645941925
30.1,0.0,0.0,0.000278636479851
30.15,0.0,0.0,0.000280630501196
30.2,0.0,0.0,0.000281858162643
30.25,0.0,0.0,0.000282497082398
30.3,0.0,0.0,0.000282684539533
30.35,0.0,0.0,0.000282526572258
30.4,0.0,0.0,0.000282104291117
30.45,0.0,0.0,0.000281480947048
30.5,0.0,0.0,0.000280704833609
30.55,0.0,0.0,0.00027981372471
30.6,0.0,0.0,0.000278836426375
30.65,0.0,0.0,0.000277795002146
30.7,0.0,0.0,0.000276706625758
30.75,0.0,0.0,0.000275584530302
30.8,0.0,0.0,0.000274614119414
30.85,0.0,0.0,0.000276856428578
30.9,0.0,0.0,0.000278038050017
30.95,0.0,0.0,0.000278333663783
31.0,0.0,0.0,0.000277880260532
31.05,0.0,0.0,0.000276801556436
31.1,0.0,0.0,0.000275479691833
31.15,0.0,0.0,0.000273974329202
31.2,0.0,0.0,0.000272331632512
31.25,0.0,0.0,0.000270587195083
31.3,0.0,0.0,0.000268768451778
31.35,0.0,0.0,0.000266896937789
31.4,0.0,0.0,0.000264988835344
31.45,0.0,0.0,0.000263056897283
31.5,0.0,0.0,0.000261110514088
31.55,0.0,0.0,0.000259363177468
31.6,0.0,0.0,0.000260077400508
31.65,0.0,0.0,0.000260230052292
31.7,0.0,0.0,0.000259952794523
31.75,0.0,0.0,0.000259347217463
31.8,0.0,0.0,0.000258468008161
31.85,0.0,0.0,0.000257103493696
31.9,0.0,0.0,0.00025560325782
31.95,0.0,0.0,0.000254002288397
32.0,0.0,0.0,0.000252327554031
32.05,0.0,0.0,0.000250600066164
32.1,0.0,0.0,0.000248835468457
32.15,0.0,0.0,0.000247045927854
32.2,0.0,0.0,0.000245240921097
32.25,0.0,0.0,0.000243427729661
32.3,0.0,0.0,0.000241611940912
32.35,0.0,0.0,0.000239798478137
32.4,0.0,0.0,0.00023799021134
32.45,0.0,0.0,0.000236189628965
32.5,0.0,0.0,0.000234398618677
32.55,0.0,0.0,0.000232600842573
32.6,0.0,0.0,0.000230517287267
32.65,0.0,0.0,0.000228452166569
32.7,0.0,0.0,0.00022640531991
32.75,0.0,0.0,0.000224376588088
32.8,0.0,0.0,0.000222365813262
32.85,0.0,0.0,0.000220373426792
32.9,0.0,0.0,0.000218398906732
32.95,0.0,0.0,0.000216442095057
33.0,0.0,0.0,0.00021450283476
33.05,0.0,0.0,0.000212581163748
33.1,0.0,0.0,0.000210676937577
33.15,0.0,0.0,0.00020878955937
33.2,0.0,0.0,0.000206918882377
33.25,0.0,0.0,0.000205064761098
33.3,0.0,0.0,0.000203227051279
33.35,0.0,0.0,0.000201406147151
33.4,0.0,0.0,0.000199601571691
33.45,0.0,0.0,0.000197813180478
33.5,0.0,0.0,0.000196040830016
33.55,0.0,0.0,0.000194284554951
33.6,0.0,0.0,0.000192544223269
33.65,0.0,0.0,0.000190819289468
33.7,0.0,0.0,0.000189109619426
33.75,0.0,0.0,0.000187415080168
33.8,0.0,0.0,0.000185735539854
33.85,0.0,0.0,0.000184071358786
33.9,0.0,0.0,0.000182422100998
33.95,0.0,0.0,0.000180787634497
34.0,0.0,0.0,0.000179167828139
34.05,0.0,0.0,0.000177562713586
34.1,0.0,0.0,0.00017597217019
34.15,0.0,0.0,0.000174395699396
34.2,0.0,0.0,0.000172833178628
34.25,0.0,0.0,0.000171284486356
34.3,0.0,0.0,0.000169749502086
34.35,0.0,0.0,0.00016822855511
34.4,0.0,0.0,0.000166721246985
34.45,0.0,0.0,0.000165227457078
34.5,0.0,0.0,0.000163747065533
34.55,0.0,0.0,0.000162280101288
34.6,0.0,0.0,0.000160826454076
34.65,0.0,0.0,0.000159385668255
34.7,0.0,0.0,0.000157957631798
34.75,0.0,0.0,0.000156542233634
34.8,0.0,0.0,0.000155139363641
34.85,0.0,0.0,0.000153749322768
34.9,0.0,0.0,0.000152371746867
34.95,0.0,0.0,0.000151006525687
35.0,0.0,0.0,0.000149653549687
35.05,0.0,0.0,0.000148312845316
35.1,0.0,0.0,0.000146984311797
35.15,0.0,0.0,0.000145667532704
35.2,0.0,0.0,0.000144362405651
35.25,0.0,0.0,0.00014306882913
35.3,0.0,0.0,0.000141786702494
35.35,0.0,0.0,0.000140516300792
35.4,0.0,0.0,0.000139257291216
35.45,0.0,0.0,0.000138009573005
35.5,0.0,0.0,0.000136773046046
35.55,0.0,0.0,0.00013554773451
35.6,0.0,0.0,0.000134333546297
35.65,0.0,0.0,0.000133130100819
35.7,0.0,0.0,0.000131937304506
35.75,0.0,0.0,0.000130755064582
35.8,2.15993889441e-16,3.98855934016e-17,0.000129583289066
35.85,7.98808329398e-05,9.25108505175e-07,0.000128422229333
35.9,0.000154795669012,1.86509667943e-06,0.000127271581218
35.95,0.000225014975925,2.83291455171e-06,0.000126131252635
36.0,0.000290858642113,3.84338670066e-06,0.000125001152086
36.05,0.000352584904326,4.9166054031e-06,0.000123881301662
36.1,0.000410455746042,6.05773630697e-06,0.000122771617189
36.15,0.000464716135727,7.28863953893e-06,0.000121671750837
36.2,0.000515579515886,8.61979581409e-06,0.000120581617088
36.25,0.000563276984045,1.00616977405e-05,0.000119501131154
36.3,0.000607981383207,1.16344483204e-05,0.000118430208968
36.35,0.000649906537145,1.33416556814e-05,0.000117369080269
36.4,0.000689200848768,1.5203483962e-05,0.000116317467074
36.45,0.000726049451571,1.72322843197e-05,0.00011527528522
36.5,0.000760591125661,1.94347819497e-05,0.000114242451086
36.55,0.000792977848746,2.18330336859e-05,0.000113218984861
36.6,0.000823341679847,2.44294870322e-05,0.000112204809615
36.65,0.000851806773347,2.72428173749e-05,0.000111199607457
36.7,0.000878498043473,3.0286435584e-05,0.000110203300227
36.75,0.000903516346367,3.35615956048e-05,0.000109215810436
36.8,0.000903516346367,3.53033925178e-05,0.000108237061254
36.85,0.000894975715403,3.70558661774e-05,0.000107267262645
36.9,0.000886515592469,3.88065717055e-05,0.000106306160551
36.95,0.000878135221,4.05509695742e-05,0.000105353678054
37.0,0.000869833851517,4.22873984991e-05,0.000104409738729
37.05,0.000861610741559,4.40111795661e-05,0.000103474361029
37.1,0.00085346515562,4.57199893554e-05,0.000102547474645
37.15,0.000845396365081,4.74114085466e-05,0.000101628789044
37.2,0.00083740364815,4.9082928009e-05,0.000100718232798
37.25,0.000829486289792,5.07319534257e-05,9.98157350825e-05
37.3,0.000821643581674,5.2356082696e-05,9.8921225682e-05
37.35,0.000813874822093,5.39554967741e-05,9.80348964898e-05
37.4,0.000806179315925,5.55261344169e-05,9.71565153139e-05
37.45,0.000798556374553,5.70681621376e-05,9.62860118565e-05
37.5,0.000791005315814,5.85803456422e-05,9.54233162708e-05
37.55,0.000783525463936,6.00609677211e-05,9.45684454205e-05
37.6,0.000776116149476,6.15093741267e-05,9.37213350484e-05
37.65,0.000768776709266,6.2924892625e-05,9.28817196291e-05
37.7,0.000761506486349,6.43068373779e-05,9.20495338792e-05
37.75,0.000754304829926,6.56545099133e-05,9.12247130727e-05
37.8,0.000747171095296,6.69690686918e-05,9.0407193036e-05
37.85,0.00081998917545,7.19845211518e-05,8.95971491469e-05
37.9,0.000887907835587,7.74153770256e-05,8.87943691976e-05
37.95,0.000951196917768,8.32676510032e-05,8.7998788941e-05
38.0,0.00101017569064,8.95566310147e-05,8.72103445419e-05
38.05,0.00106510177696,9.63241988141e-05,8.64290514124e-05
38.1,0.00111623655198,0.000103547203437,8.5654850826e-05
38.15,0.00116382438163,0.000111274842867,8.48875001106e-05
38.2,0.00120807811152,0.000119507586165,8.41269396019e-05
38.25,0.00124922824787,0.000128241492317,8.33731101446e-05
38.3,0.00128744704792,0.000137513038976,8.26259530884e-05
38.35,0.00132294775516,0.000147289080472,8.18856287167e-05
38.4,0.00135587819767,0.000157600322033,8.11519430862e-05
38.45,0.00138642293948,0.000168441629267,8.04248374793e-05
38.5,0.00141472019657,0.000179786503513,7.97042535551e-05
38.55,0.00144092138782,0.000191670364848,7.89902053992e-05
38.6,0.00146515801866,0.000204046897327,7.82826393397e-05
38.65,0.00148755369504,0.000216931804977,7.75813335908e-05
38.7,0.00150823278792,0.000230322610253,7.68862336236e-05
38.75,0.00152729561525,0.00024417402324,7.61972853742e-05
38.8,0.00152139630824,0.000252101332867,7.55144352403e-05
38.85,0.00150701506935,0.000259840380773,7.48378297098e-05
38.9,0.00149276939482,0.000267373901745,7.41672915319e-05
38.95,0.00147865801071,0.000274723844334,7.35027670427e-05
39.0,0.001464679655,0.000281916097781,7.28442029227e-05
39.05,0.00145083307747,0.000288984527747,7.21916120453e-05
39.1,0.00143711703966,0.00029597899089,7.15449453579e-05
39.15,0.00142353031465,0.000302952436422,7.09040001636e-05
39.2,0.00141007168705,0.000309980317362,7.02687266267e-05
39.25,0.00139673995285,0.000317149184207,6.96390753365e-05
39.3,0.00138353391931,0.000324578266575,6.90149973042e-05
39.35,0.00137045240485,0.000332416218195,6.83966264098e-05
39.4,0.00135749423899,0.000340867863855,6.77838006581e-05
39.45,0.00134465826219,0.000350221172291,6.71764710041e-05
39.5,0.00133194332578,0.000360895170474,6.65745887173e-05
39.55,0.00131934829186,0.000373539987477,6.59781655632e-05
39.6,0.00130687203317,0.000389223321599,6.53871567111e-05
39.65,0.00129451343303,0.000409831459091,6.480137691e-05
39.7,0.00128227138523,0.000439002448211,6.42207806134e-05
39.75,0.0012701447939,0.000484481060045,6.36453226635e-05
39.8,0.00125813257345,0.000563967944193,6.30749582878e-05
39.85,0.00124623987659,0.000709590935646,6.25098098432e-05
39.9,0.00123445928592,0.000882797762598,6.19497292776e-05
39.95,0.00122278974794,0.000946180718545,6.13946717671e-05
40.0,0.001211230219,0.000957405103315,6.08445927754e-05
40.05,0.00119977966524,0.000959327779637,6.02995030552e-05
40.1,0.00118843706249,0.000959154109517,5.97593616345e-05
40.15,0.00117720139614,0.000958147614704,5.92239992065e-05
40.2,0.00116607166112,0.000956474209961,5.8693374145e-05
40.25,0.00115504686175,0.000953994230851,5.81674451788e-05
40.3,0.00114412601169,0.000950401106716,5.76461713889e-05
40.35,0.00113330813383,0.000945216133218,5.71296646011e-05
40.4,0.00112259226021,0.000937733660217,5.66177895059e-05
40.45,0.00111197743195,0.000926959103045,5.61105051374e-05
40.5,0.00110146269915,0.000911565949504,5.56077707925e-05
40.55,0.0010910471208,0.000889937757023,5.51095962985e-05
40.6,0.00108072976472,0.000860365437972,5.46159442096e-05
40.65,0.00107050970746,0.00082149422142,5.41266597913e-05
40.7,0.00106038603421,0.000773066321007,5.36417049999e-05
40.75,0.00105035783874,0.000716694881272,5.31610421164e-05
40.8,0.00104042422332,0.000655164295435,5.26846337438e-05
40.85,0.00103058944903,0.000590061053427,5.2212582083e-05
40.9,0.00102084738197,0.000521339721566,5.17447634706e-05
40.95,0.00101119715095,0.000449256469068,5.12811404664e-05
41.0,0.00100163789291,0.00037663154817,5.08216758707e-05
41.05,0.000992168752893,0.000309338070344,5.03663786649e-05
41.1,0.000982788883942,0.000253324015739,4.99152146262e-05
41.15,0.000973497447032,0.00021080661067,4.94680423379e-05
41.2,0.000964293610999,0.00018022223652,4.90248270306e-05
41.25,0.000955176552461,0.000158677365837,4.85855342317e-05
41.3,0.00094614545575,0.000143569376866,4.8150129763e-05
41.35,0.000937199512841,0.000133002243675,4.77187070292e-05
41.4,0.000928337923274,0.000125674967273,4.72911530102e-05
41.45,0.000919559894091,0.000120711190861,4.68674334885e-05
41.5,0.00091086463976,0.000117505692061,4.6447514466e-05
41.55,0.000902251382111,0.000115638864138,4.60314041511e-05
41.6,0.000893719350263,0.000114813286012,4.56190712664e-05
41.65,0.000885267780559,0.000114806731533,4.52103865669e-05
41.7,0.000876895916495,0.000115456267274,4.48053182758e-05
41.75,0.000868603008657,0.000116640246895,4.44038348874e-05
41.8,0.000860388314653,0.000118259220893,4.40059051653e-05
41.85,0.000852255358221,0.000120240593991,4.36116144748e-05
41.9,0.000844199066885,0.000122518117476,4.32208595235e-05
41.95,0.000836218720194,0.000125046580712,4.28336090388e-05
42.0,0.000828313604446,0.000127780644839,4.24498319488e-05
42.05,0.000820483012618,0.000130685795277,4.20695357555e-05
42.1,0.000812726244314,0.000133732302767,4.16926918735e-05
42.15,0.000805042605694,0.000136894450835,4.13191821817e-05
42.2,0.000797431409419,0.000140149901399,4.09489776382e-05
42.25,0.000789891974586,0.000143479167569,4.05820494493e-05
42.3,0.000782423626672,0.000146865178184,4.02183690666e-05
42.35,0.000775025697471,0.000150292915881,3.98580145086e-05
42.4,0.000767697525037,0.000153749112942,3.95008913728e-05
42.45,0.000760438453626,0.000157222003375,3.91469710783e-05
42.5,0.000753247833636,0.000160701110686,3.87962252275e-05
42.55,0.00074612502155,0.000164177071346,3.84486606768e-05
42.6,0.000739069379882,0.000167641485847,3.81042513011e-05
42.65,0.000732080277119,0.000171086795442,3.77628891457e-05
42.7,0.000725157087663,0.000174506180547,3.74245476686e-05
42.75,0.000718299191779,0.000177896656983,3.70892005539e-05
42.8,0.000711505975541,0.000181250911876,3.67568217108e-05
42.85,0.000704780352933,0.000184563207738,3.64274824424e-05
42.9,0.000698118129227,0.000187832138474,3.61010964716e-05
42.95,0.000691518708639,0.000191054391546,3.57776376773e-05
43.0,0.000684981500966,0.000194223704331,3.54570801063e-05
43.05,0.00067850592153,0.00019734345158,3.51394300244e-05
43.1,0.000672091391131,0.000200405210594,3.48246635555e-05
43.15,0.000665737335992,0.00020341291166,3.45126820362e-05
43.2,0.000659443187712,0.000206361577964,3.4203461209e-05
43.25,0.000653208383212,0.00020924990459,3.3896977023e-05
43.3,0.000647032364689,0.000212081870592,3.35932056329e-05
43.35,0.000640914579565,0.000214852437891,3.3292212205e-05
43.4,0.000634854480435,0.000217562236387,3.29939178879e-05
43.45,0.000628851525028,0.000220211432839,3.26982988087e-05
43.5,0.000622905176148,0.000222803035118,3.24053312478e-05
43.55,0.000617014901634,0.000225335116525,3.2115020932e-05
43.6,0.000611180174311,0.000227808278405,3.18273460399e-05
43.65,0.000605400471943,0.000230223515487,3.15422164002e-05
43.7,0.000599675277187,0.000232581929542,3.12596098431e-05
43.75,0.000594004077546,0.000234884720414,3.09795043877e-05
43.8,0.000588386365329,0.000237133180518,3.07018782411e-05
43.85,0.000582824550282,0.000239328690003,3.04267909608e-05
43.9,0.000577315163536,0.000241472731739,3.0154170482e-05
43.95,0.000571857712402,0.000243566847115,2.98839949866e-05
44.0,0.000566451708806,0.000245613577256,2.96162427964e-05
44.05,0.000561096669244,0.000247615321868,2.93509191454e-05
44.1,0.00055579211474,0.000249572561188,2.90880040903e-05
44.15,0.000550537570806,0.000251487105889,2.88274152208e-05
44.2,0.000545332567395,0.000253360839723,2.8569132275e-05
44.25,0.000540176638866,0.000255196974873,2.83131351642e-05
44.3,0.000535069323937,0.00025699906639,2.8059403971e-05
44.35,0.000530010165648,0.000258766662826,2.78079931268e-05
44.4,0.000524998711321,0.000260502118895,2.75588367695e-05
44.45,0.000520034512516,0.000262210985004,2.73119149587e-05
44.5,0.000515117124996,0.000263893622419,2.70672078822e-05
44.55,0.000510246108686,0.000265551025401,2.68247203233e-05
44.6,0.000505421027632,0.000267188693543,2.65844340554e-05
44.65,0.000500641449967,0.000268808459095,2.6346273761e-05
44.7,0.000495906947869,0.000270410873585,2.61102209223e-05
44.75,0.000491217097526,0.000272002753739,2.58762571794e-05
44.8,0.000486571479096,0.000273584612762,2.56443643292e-05
44.85,0.000481972085342,0.000275158150594,2.54145921184e-05
44.9,0.00047741604765,0.000276732620314,2.51868803534e-05
44.95,0.000472902958587,0.000278305686765,2.49612108102e-05
45.0,0.000468432414535,0.000279883036446,2.47375653817e-05
45.05,0.000464004015656,0.00028147032657,2.45159484397e-05
45.1,0.000459617365858,0.000283068380078,2.4296343326e-05
45.15,0.000455272072757,0.000284685599996,2.40786812059e-05
45.2,0.000450967747644,0.000286325200401,2.38629451552e-05
45.25,0.000446704005453,0.00028799127125,2.36491183943e-05
45.3,0.000442480464723,0.000289694552221,2.34371842869e-05
45.35,0.000438296747566,0.000291438139702,2.3227188298e-05
45.4,0.000434152479635,0.000293229570755,2.30190754147e-05
45.45,0.000430047290091,0.000295081250741,2.28128289816e-05
45.5,0.000425980811566,0.000297000602941,2.26084324501e-05
45.55,0.000421952680137,0.000298998801336,2.24058898155e-05
45.6,0.000417962535287,0.00030108963945,2.22051858537e-05
45.65,0.000414010019881,0.000303291170742,2.20062576543e-05
45.7,0.000410094780127,0.000305620319222,2.18090897497e-05
45.75,0.000406216465549,0.000308099357834,2.16136668047e-05
45.8,0.000402374728955,0.000310755622462,2.14199736148e-05
45.85,0.000398571218279,0.000313622489341,2.12280517317e-05
45.9,0.000394803561295,0.000316741358692,2.10378508776e-05
45.95,0.000391071421072,0.000320164689202,2.08493558305e-05
46.0,0.000387374463835,0.000323962146578,2.06625514662e-05
46.05,0.000383712358934,0.000328217362243,2.04774414362e-05
46.1,0.000380084778816,0.000333051760568,2.02940118265e-05
46.15,0.000376491398996,0.000338624683051,2.01122051413e-05
46.2,0.000372931898028,0.000345164768919,1.99320072447e-05
46.25,0.000369405957478,0.000353006761301,1.97534041209e-05
46.3,0.000365913261894,0.000362658065879,1.95763818742e-05
46.35,0.000362453498777,0.000374932814388,1.94009784801e-05
46.4,0.000359026358559,0.00039121492812,1.92271479881e-05
46.45,0.000355631534568,0.000414038413796,1.90548764864e-05
46.5,0.000352268723009,0.000448449488988,1.88841501522e-05
46.55,0.000348937622931,0.000505359850934,1.87149723231e-05
46.6,0.000345637936202,0.000607527804247,1.85473302825e-05
46.65,0.000342369367485,0.000768774025058,1.83811714832e-05
46.7,0.000339131624208,0.000882366338118,1.82164830059e-05
46.75,0.000335924416544,0.000910705735455,1.80532520414e-05
46.8,0.000332747457377,0.000916241934352,1.78914658896e-05
46.85,0.000329602109483,0.000917082696159,1.77311592578e-05
46.9,0.000326486411126,0.000916459198495,1.75722901502e-05
46.95,0.00032340008368,0.000914976918922,1.74148458524e-05
47.0,0.000320342851125,0.000912616167834,1.72588137315e-05
47.05,0.000317314440027,0.000909102390575,1.71041968375e-05
47.1,0.000314314579514,0.000903952586842,1.69509835487e-05
47.15,0.000311343001251,0.000896433512357,1.67991258404e-05
47.2,0.000308399439413,0.000885500016867,1.66486119051e-05
47.25,0.00030548363067,0.000869749718496,1.64994300362e-05
47.3,0.000302595314154,0.000847484895269,1.63515686267e-05
47.35,0.000299734231444,0.000816948034913,1.62050593967e-05
47.4,0.000296900126536,0.000776842824879,1.60598639649e-05
47.45,0.00029409274583,0.000727168689679,1.59159707112e-05
47.5,0.000291311838095,0.000669907209899,1.577336809e-05
47.55,0.000288557154459,0.000607776886742,1.56320588889e-05
47.6,0.00028582844838,0.000541921149445,1.54920324862e-05
47.65,0.000283125475624,0.000472209396662,1.53532449908e-05
47.7,0.000280447994248,0.000399615769823,1.52156856115e-05
47.75,0.000277795764575,0.000328299930655,1.50793436493e-05
47.8,0.000275168549175,0.000264890493132,1.49442084961e-05
47.85,0.000272567475004,0.000214300242879,1.48103091418e-05
47.9,0.000269990919789,0.000176920685626,1.46776105087e-05
47.95,0.000267438653117,0.000150216197463,1.45461019768e-05
48.0,0.000264910446731,0.000131223635782,1.44157729942e-05
48.05,0.000262406074512,0.000117601764165,1.42866261085e-05
48.1,0.000259925312461,0.000107728045643,1.41586516123e-05
48.15,0.000257467938674,0.000100502803069,1.40318093922e-05
48.2,0.000255033733326,9.51917457691e-05,1.39060895857e-05
48.25,0.000252622478653,9.12836337314e-05,1.37814824145e-05
48.3,0.000250233958928,8.84284401147e-05,1.36579781838e-05
48.35,0.000247867960448,8.63710445192e-05,1.35356033882e-05
48.4,0.000245524271508,8.492930179e-05,1.34143259692e-05
48.45,0.00024320268239,8.39674333139e-05,1.32941362207e-05
48.5,0.000240902985339,8.33822793067e-05,1.31750244992e-05
48.55,0.000238624974545,8.3098881165e-05,1.30569931329e-05
48.6,0.000236368446128,8.30543883699e-05,1.29400332499e-05
48.65,0.000234133198119,8.32019458148e-05,1.28241081893e-05
48.7,0.00023191903044,8.35050042206e-05,1.27092089375e-05
48.75,0.000229725744886,8.39343771714e-05,1.25953265579e-05
48.8,0.000227553145114,8.44636020229e-05,1.24824521899e-05
48.85,0.00022540216307,8.50762171615e-05,1.23706100479e-05
48.9,0.000223271457202,8.5754548133e-05,1.22597708326e-05
48.95,0.000221160836965,8.64849790722e-05,1.21499256734e-05
49.0,0.000219070113601,8.72588758848e-05,1.20410657565e-05
49.05,0.00021699910012,8.8066692354e-05,1.193319321e-05
49.1,0.000214947611283,8.89000604181e-05,1.18262999255e-05
49.15,0.000212915463584,8.97529495986e-05,1.17203523975e-05
49.2,0.000210902475238,9.06202867997e-05,1.16153423881e-05
49.25,0.000208908466161,9.14997437131e-05,1.15112617299e-05
49.3,0.000206933257958,9.23861026655e-05,1.1408102325e-05
49.35,0.000204976673904,9.32760364321e-05,1.13058863036e-05
49.4,0.000203038538929,9.4166968015e-05,1.12045868882e-05
49.45,0.000201118679602,9.50568385568e-05,1.11041959716e-05
49.5,0.00019921692412,9.5945537124e-05,1.10047054988e-05
49.55,0.000197333102287,9.68304431676e-05,1.09061174145e-05
49.6,0.000195467045502,9.77094502609e-05,1.08084243083e-05
49.65,0.000193618586744,9.8581361621e-05,1.07115955584e-05
49.7,0.000191787560557,9.94464144653e-05,1.06156236361e-05
49.75,0.000189973803036,0.000100304559314,1.05205010768e-05
49.8,0.000188177151809,0.000101153072967,1.04262204796e-05
49.85,0.000186398377562,0.000101991246566,1.033280207e-05
49.9,0.000184636370882,0.000102821602668,1.02402213752e-05
49.95,0.000182890974199,0.000103641451763,1.01484709858e-05
50.0,0.000181162031417,0.000104449492282,1.00575435401e-05
50.05,0.000179449387902,0.000105248282722,9.96744081534e-06
50.1,0.00017775289047,0.000106036082597,9.87815603901e-06
50.15,0.000176072387368,0.000106811027944,9.78966122488e-06
50.2,0.000174407728269,0.00010757717977,9.70194949215e-06
50.25,0.00017275876425,0.00010833065205,9.61501401874e-06
50.3,0.000171125347785,0.000109072163274,9.52884804081e-06
50.35,0.00016950733273,0.000109803687071,9.44347004303e-06
50.4,0.000167904574309,0.000110521208954,9.35885765889e-06
50.45,0.000166316929104,0.000111230096334,9.27500411677e-06
50.5,0.000164744255037,0.000111925196144,9.19190268849e-06
50.55,0.000163186411365,0.000112610164239,9.10955499849e-06
50.6,0.000161643258663,0.000113282434133,9.02795485703e-06
50.65,0.000160114658809,0.000113943757294,8.94707668666e-06
50.7,0.00015860047498,0.000114593016585,8.8669141988e-06
50.75,0.00015710057163,0.000115231133272,8.78746115855e-06
50.8,0.000155614814488,0.000115857236085,8.70871138421e-06
50.85,0.000154143840877,0.000116472603077,8.6306817695e-06
50.9,0.000152686733359,0.000117075430211,8.55335187298e-06
50.95,0.000151243361629,0.000117668632942,8.47671550584e-06
51.0,0.000149813596604,0.000118248276554,8.40076651899e-06
51.05,0.000148397310406,0.000118819755219,8.32550639706e-06
51.1,0.000146994376359,0.00011937749034,8.25092948306e-06
51.15,0.000145604668969,0.000119926027662,8.17701240095e-06
51.2,0.000144228063922,0.000120462767279,8.10374940341e-06
51.25,0.000142864438065,0.000120987849067,8.03113479216e-06
51.3,0.0001415136694,0.000121504039669,7.95916291755e-06
51.35,0.000140175637072,0.000122007399857,7.8878492193e-06
51.4,0.000138850221356,0.000122501625406,7.81717501531e-06
51.45,0.000137537303652,0.00012298520444,7.74713464946e-06
51.5,0.000136236766468,0.000123456494415,7.67772250189e-06
51.55,0.000134948493414,0.000123920081773,7.60893992945e-06
51.6,0.000133672369191,0.000124372325494,7.54078176204e-06
51.65,0.00013240827958,0.000124812800226,7.47322663558e-06
51.7,0.000131156111432,0.000125245952699,7.4062692974e-06
51.75,0.000129915752657,0.000125668081817,7.33990453967e-06
51.8,0.000128687092218,0.000126078941308,7.27412719901e-06
51.85,0.000127470657154,0.000126481846719,7.20895138624e-06
51.9,0.000126265688783,0.000126875030886,7.14436002722e-06
51.95,0.000125072079348,0.00012725742697,7.08034795263e-06
52.0,0.0001238897221,0.00012763046842,7.01691002633e-06
52.05,0.000122718511293,0.000127996035683,6.95404748838e-06
52.1,0.000121558342168,0.000128351274195,6.89175561365e-06
52.15,0.000120409110949,0.000128696356696,6.83001487685e-06
52.2,0.000119270714832,0.00012903320079,6.76882047741e-06
52.25,0.000118143051974,0.000129362108961,6.70816765572e-06
52.3,0.000117026021488,0.000129681290917,6.6480516928e-06
52.35,0.000115919523433,0.000129990909442,6.58848548499e-06
52.4,0.0001148234588,0.000130292073486,6.52945342768e-06
52.45,0.000113737729513,0.000130586377893,6.47095079648e-06
52.5,0.000112662238409,0.000130871681026,6.41297289731e-06
52.55,0.000111596889241,0.000131147979501,6.35552086349e-06
52.6,0.000110541586659,0.000131415423659,6.29859037659e-06
52.65,0.000109496236209,0.000131675823445,6.24216359182e-06
52.7,0.000108460744321,0.000131928871245,6.18623612181e-06
52.75,0.000107435018303,0.000132173437495,6.13080361659e-06
52.8,0.00010641896633,0.00013240966388,6.07586176335e-06
52.85,0.000105413024243,0.000132637689777,6.02142234844e-06
52.9,0.000104416564643,0.00013285800526,5.96747111033e-06
52.95,0.000103429498418,0.000133072528652,5.91400373126e-06
53.0,0.000102451737293,0.000133279198809,5.86101592115e-06
53.05,0.000101483193818,0.000133478146659,5.80850871578e-06
53.1,0.000100523781363,0.000133669500902,5.75647816841e-06
53.15,9.95734141093e-05,0.000133853388145,5.70490797013e-06
53.2,9.86320070419e-05,0.000134029933193,5.65379411117e-06
53.25,9.76994759417e-05,0.000134200582577,5.60313261597e-06
53.3,9.6775737379e-05,0.000134364811401,5.55291954292e-06
53.35,9.58607087051e-05,0.00013452200559,5.50316566392e-06
53.4,9.4954308046e-05,0.000134672282325,5.45385794494e-06
53.45,9.40564542945e-05,0.000134815757087,5.40499243981e-06
53.5,9.31670671031e-05,0.000134952690996,5.35656522771e-06
53.55,9.22860668772e-05,0.000135083123515,5.30857725527e-06
53.6,9.1413374768e-05,0.000135207091313,5.26102491544e-06
53.65,9.05489126653e-05,0.000135325275122,5.21389330301e-06
53.7,8.96926031908e-05,0.000135438137625,5.1671787533e-06
53.75,8.88443696912e-05,0.00013554480535,5.12087763295e-06
53.8,8.80041362316e-05,0.000135645381995,5.07498633958e-06
53.85,8.71722632347e-05,0.000135739969591,5.02951471797e-06
53.9,8.63482318663e-05,0.000135828671052,4.98445085592e-06
53.95,8.55319684358e-05,0.000135911584986,4.9397911469e-06
54.0,8.47233999424e-05,0.000135989027514,4.89553200754e-06
54.05,8.39224540693e-05,0.000136060883666,4.85167430302e-06
54.1,8.31290591766e-05,0.000136127240478,4.80821473671e-06
54.15,8.23431442956e-05,0.000136188190281,4.76513968629e-06
54.2,8.15646391225e-05,0.000136243824153,4.72244580251e-06
54.25,8.07934740115e-05,0.000136294231722,4.68012976471e-06
54.3,8.00295799696e-05,0.000136340339458,4.63818828056e-06
54.35,7.927288865e-05,0.000136381376237,4.59663034754e-06
54.4,7.85233323459e-05,0.000136417404549,4.55544507867e-06
54.45,7.77808439852e-05,0.000136448508819,4.51462917788e-06
54.5,7.70453571236e-05,0.000136474772139,4.47417937019e-06
54.55,7.63168059398e-05,0.000136496276291,4.4340964463e-06
54.6,7.5595125229e-05,0.000136513101679,4.39437739336e-06
54.65,7.48802503972e-05,0.000136525327437,4.35500976148e-06
54.7,7.41721174558e-05,0.000136533031649,4.31599048967e-06
54.75,7.34706630156e-05,0.000136536291172,4.27731654308e-06
54.8,7.27758242816e-05,0.000136535181651,4.23898491277e-06
54.85,7.20878993084e-05,0.000136529777545,4.20100382178e-06
54.9,7.14064590417e-05,0.000136520154209,4.16336332019e-06
54.95,7.07314425421e-05,0.000136506383627,4.1260603956e-06
55.0,7.00627894411e-05,0.000136488618017,4.08909205491e-06
55.05,6.94004399355e-05,0.000136466988723,4.05245902078e-06
55.1,6.87443347822e-05,0.000136441422854,4.01615853965e-06
55.15,6.80944152929e-05,0.000136411987883,3.98017923318e-06
55.2,6.74506233291e-05,0.00013637875041,3.94451830384e-06
55.25,6.68129012968e-05,0.000136341775996,3.909172978e-06
55.3,6.61811921415e-05,0.00013630112918,3.87414050567e-06
55.35,6.55554393432e-05,0.000136256873494,3.83942840217e-06
55.4,6.49355869112e-05,0.000136209071265,3.80502757394e-06
55.45,6.43215793793e-05,0.000136157783983,3.77093526785e-06
55.5,6.37133618013e-05,0.000136103222921,3.73714874843e-06
55.55,6.31108797453e-05,0.000136045373233,3.70366867612e-06
55.6,6.25140792897e-05,0.000135984218605,3.67049253438e-06
55.65,6.19229070179e-05,0.000135919816699,3.63760992417e-06
55.7,6.1337310014e-05,0.000135852224452,3.60501828876e-06
55.75,6.07572358576e-05,0.000135781497916,3.57271509322e-06
55.8,6.01826326199e-05,0.000135707692279,3.54069782426e-06
55.85,5.96137467799e-05,0.000135630861877,3.50897335036e-06
55.9,5.90502235271e-05,0.000135551061902,3.47753336064e-06
55.95,5.84920124672e-05,0.0001354683449,3.44637533893e-06
56.0,5.79390636779e-05,0.000135382762606,3.41549678519e-06
56.05,5.73913277044e-05,0.00013529436596,3.38489830302e-06
56.1,5.6848755555e-05,0.000135203205054,3.35457759247e-06
56.15,5.6311298697e-05,0.000135109329207,3.32452514955e-06
56.2,5.57789090522e-05,0.000135012787134,3.29473863757e-06
56.25,5.52515389927e-05,0.000134913626798,3.26521573978e-06
56.3,5.47291413367e-05,0.000134811895429,3.23595415921e-06
56.35,5.42116693445e-05,0.000134707639533,3.20696017318e-06
56.4,5.36990767142e-05,0.000134600904721,3.17822618611e-06
56.45,5.31913175774e-05,0.000134491736019,3.14974989839e-06
56.5,5.26883464958e-05,0.000134380191116,3.12152902517e-06
56.55,5.21901184566e-05,0.000134266507207,3.0935641181e-06
56.6,5.16965888687e-05,0.000134150971033,3.06585307517e-06
56.65,5.12077135588e-05,0.000134033428796,3.03838721039e-06
56.7,5.07234487676e-05,0.000133913694079,3.01116438819e-06
56.75,5.02437511456e-05,0.000133791807698,2.98418249122e-06
56.8,4.97685777498e-05,0.00013366780985,2.95743942021e-06
56.85,4.92981324082e-05,0.000133541740115,2.93094091219e-06
56.9,4.88321217071e-05,0.000133413638859,2.90468002533e-06
56.95,4.83705039725e-05,0.000133283544363,2.87865465795e-06
57.0,4.79132379206e-05,0.000133151574753,2.85286272184e-06
57.05,4.74602826543e-05,0.000133017827779,2.82730472117e-06
57.1,4.70115976595e-05,0.000132882199977,2.80197873486e-06
57.15,4.65671428017e-05,0.000132744727277,2.77687682451e-06
57.2,4.61268783221e-05,0.000132605445185,2.75199703835e-06
57.25,4.56907648344e-05,0.000132464388669,2.72733744127e-06
57.3,4.52587633213e-05,0.000132321592165,2.70289611468e-06
57.35,4.48308351308e-05,0.000132177089588,2.67867830184e-06
57.4,4.44069419731e-05,0.000132030914189,2.65467765838e-06
57.45,4.39870459171e-05,0.000131883400511,2.63089226352e-06
57.5,4.35711093871e-05,0.000131734986449,2.60732020878e-06
57.55,4.31590951593e-05,0.00013158501776,2.58396195494e-06
57.6,4.27509663587e-05,0.000131433525516,2.56081574625e-06
57.65,4.23466864558e-05,0.000131280540315,2.53787432757e-06
57.7,4.19462192634e-05,0.000131126092401,2.51513591512e-06
57.75,4.15495289334e-05,0.000130970211561,2.49259874033e-06
57.8,4.11565799535e-05,0.000130812927129,2.47026104976e-06
57.85,4.07675408813e-05,0.000130654267994,2.44812763536e-06
57.9,4.03821690755e-05,0.000130494263747,2.42619269884e-06
57.95,4.00004300735e-05,0.000130332942324,2.40445448472e-06
58.0,3.96222897352e-05,0.000130170331242,2.3829112488e-06
58.05,3.92477142405e-05,0.000130006619078,2.36156341218e-06
58.1,3.88766700858e-05,0.000129841723329,2.34040937024e-06
58.15,3.85091240815e-05,0.000129676749414,2.31944249227e-06
58.2,3.81450433488e-05,0.000129510658658,2.29866114802e-06
58.25,3.77843953167e-05,0.000129343428865,2.27806372116e-06
58.3,3.74271477195e-05,0.00012917508496,2.25764860913e-06
58.35,3.70732685937e-05,0.000129005651489,2.23742019148e-06
58.4,3.67227262751e-05,0.00012883515251,2.21737316895e-06
58.45,3.63754893964e-05,0.000128663611788,2.19750593715e-06
58.5,3.60315268837e-05,0.000128491065661,2.17781690201e-06
58.55,3.56908079547e-05,0.000128317724578,2.15830644838e-06
58.6,3.53533021152e-05,0.000128143411748,2.13897310976e-06
58.65,3.50189791569e-05,0.000127968149475,2.11981082613e-06
58.7,3.46878091543e-05,0.000127792349203,2.10081810755e-06
58.75,3.43597624625e-05,0.000127616552616,2.0819934768e-06
58.8,3.40348097145e-05,0.000127439888055,2.06333546927e-06
58.85,3.37130903002e-05,0.000127262376379,2.04484808755e-06
58.9,3.33944035655e-05,0.000127084039054,2.02652648848e-06
58.95,3.30787210109e-05,0.000126904896246,2.00836920578e-06
59.0,3.27660144043e-05,0.000126724967811,1.99037478256e-06
59.05,3.24562557776e-05,0.000126544273306,1.97254357055e-06
59.1,3.21494174248e-05,0.000126362831956,1.95487422947e-06
59.15,3.18454718994e-05,0.000126180662692,1.93736122087e-06
59.2,3.15443920119e-05,0.000125997784238,1.92000318307e-06
59.25,3.12461508277e-05,0.000125815012333,1.90279876598e-06
59.3,3.09507216641e-05,0.000125632151619,1.88574663104e-06
59.35,3.06580780887e-05,0.00012544865072,1.86885043635e-06
59.4,3.03681939165e-05,0.00012526452696,1.8521057556e-06
59.45,3.0081043208e-05,0.000125079797457,1.8355112487e-06
59.5,2.97966002664e-05,0.000124894479069,1.81906558416e-06
59.55,2.9514839636e-05,0.000124708681324,1.80276908343e-06
59.6,2.92357360992e-05,0.000124522439341,1.78662052159e-06
59.65,2.89592646751e-05,0.000124335658208,1.77061483689e-06
59.7,2.86854006166e-05,0.000124148353801,1.75475078483e-06
59.75,2.84141194085e-05,0.00012396119903,1.73902713152e-06
59.8,2.81453967654e-05,0.000123774327484,1.72344265363e-06
59.85,2.78793479572e-05,0.00012358699193,1.70800069439e-06
59.9,2.76158070511e-05,0.000123399207869,1.69269720847e-06
59.95,2.73547504792e-05,0.000123210989768,1.67753097111e-06
60.0,2.70961548945e-05,0.000123022351872,1.66250076541e-06
60.05,2.68399971689e-05,0.000122833462799,1.64760688519e-06
60.1,2.65862543904e-05,0.000122644231701,1.63284821093e-06
60.15,2.63349038619e-05,0.000122454622902,1.61822011654e-06
60.2,2.60859230989e-05,0.000122264649809,1.60372146463e-06
60.25,2.58392898275e-05,0.000122075405019,1.58935112753e-06
60.3,2.55949819823e-05,0.000121886214214,1.57510798718e-06
60.35,2.53529777046e-05,0.000121696709859,1.56099509907e-06
60.4,2.51132553406e-05,0.000121506904311,1.54700876604e-06
60.45,2.48757934394e-05,0.000121316809779,1.53314786875e-06
60.5,2.46405707508e-05,0.000121126438285,1.51941129505e-06
60.55,2.44075662238e-05,0.000120935801662,1.50579931344e-06
60.6,2.41767590048e-05,0.000120744911531,1.49231090078e-06
60.65,2.39481284354e-05,0.000120553779335,1.47894182914e-06
60.7,2.37216540507e-05,0.000120362850285,1.46569105902e-06
60.75,2.34973155778e-05,0.000120172755663,1.4525575598e-06
60.8,2.32750929336e-05,0.000119982463101,1.43954030965e-06
60.85,2.30550814416e-05,0.000119791983239,1.42664210109e-06
60.9,2.28371438821e-05,0.000119601327162,1.41385955517e-06
60.95,2.26212607655e-05,0.000119410505133,1.40119164889e-06
61.0,2.24074127848e-05,0.000119219527252,1.3886373658e-06
61.05,2.21955808138e-05,0.00011902843302,1.37619695132e-06
61.1,2.19857459055e-05,0.000118837368073,1.36386947034e-06
61.15,2.17778892901e-05,0.000118646222576,1.35165105885e-06
61.2,2.1571992374e-05,0.000118456409096,1.33954076681e-06
61.25,2.13680367375e-05,0.000118266500635,1.3275376523e-06
61.3,2.11660041333e-05,0.000118076503867,1.31564078145e-06
61.35,2.09658764855e-05,0.000117886427693,1.30385270641e-06
61.4,2.0767635887e-05,0.000117696280807,1.29217033906e-06
61.45,2.05712645988e-05,0.000117506071801,1.28059274446e-06
61.5,2.03767450479e-05,0.000117315809127,1.26911899364e-06
61.55,2.01840598261e-05,0.000117125589539,1.25774931088e-06
61.6,1.99931916882e-05,0.000116935439038,1.24648284159e-06
61.65,1.98041235505e-05,0.000116746579679,1.23531605429e-06
61.7,1.96168384895e-05,0.000116557885761,1.22424808073e-06
61.75,1.94313197402e-05,0.000116369187724,1.21327806006e-06
61.8,1.92475506948e-05,0.000116180493109,1.20240513878e-06
61.85,1.9065610182e-05,0.000115991809332,1.19163164939e-06
61.9,1.88853847265e-05,0.000115803144186,1.18095476955e-06
61.95,1.87068582113e-05,0.000115614504808,1.17037364479e-06
62.0,1.85300146704e-05,0.000115425898215,1.1598874261e-06
62.05,1.83548382871e-05,0.000115237331311,1.14949631847e-06
62.1,1.81813133931e-05,0.00011505001246,1.13919954083e-06
62.15,1.80094244665e-05,0.000114863043973,1.12899386568e-06
62.2,1.78391561311e-05,0.000114676143042,1.11887849949e-06
62.25,1.76704931545e-05,0.000114489316014,1.10885265549e-06
62.3,1.75034204472e-05,0.000114302569131,1.09891555366e-06
62.35,1.73379230608e-05,0.000114115908526,1.08906932573e-06
62.4,1.71739861872e-05,0.000113929340179,1.07931139229e-06
62.45,1.70115951567e-05,0.000113742869998,1.0696409724e-06
62.5,1.68507354374e-05,0.000113556503788,1.06005729012e-06
62.55,1.66913926333e-05,0.000113371365373,1.0505605328e-06
62.6,1.65335524832e-05,0.000113186867632,1.04114998661e-06
62.65,1.63772008598e-05,0.000113002526338,1.03182270183e-06
62.7,1.6222323768e-05,0.000112818318807,1.02257795321e-06
62.75,1.60689073438e-05,0.000112634250255,1.01341502173e-06
62.8,1.59169378531e-05,0.000112450325803,1.00433319447e-06
62.85,1.57664804842e-05,0.000112266550484,9.95334419709e-07
62.9,1.56174413976e-05,0.000112082929646,9.86416340032e-07
62.95,1.54698072652e-05,0.000111899468115,9.77578241716e-07
63.0,1.53235648838e-05,0.000111717188937,9.68819415615e-07
63.05,1.51787011736e-05,0.00011153555611,9.60140032944e-07
63.1,1.50352031775e-05,0.000111354260025,9.5153944131e-07
63.15,1.48930580596e-05,0.000111173148543,9.43014944869e-07
63.2,1.47522531044e-05,0.000110992225968,9.34565880811e-07
63.25,1.46127757154e-05,0.000110811496527,9.26191591979e-07
63.3,1.4474613414e-05,0.000110630964369,9.17891426829e-07
63.35,1.43377538387e-05,0.000110450633563,9.09667165946e-07
63.4,1.42021847437e-05,0.000110270508065,9.01516654817e-07
63.45,1.40678939978e-05,0.000110091450353,8.93439241147e-07
63.5,1.39348695836e-05,0.000109913192015,8.85434276827e-07
63.55,1.38030995963e-05,0.000109735156263,8.77501918335e-07
63.6,1.36725722425e-05,0.000109557346668,8.69641569429e-07
63.65,1.35432758395e-05,0.000109379766733,8.61850766293e-07
63.7,1.34151988137e-05,0.000109202419918,8.54128903163e-07
63.75,1.32883297004e-05,0.000109025309618,8.46475379445e-07
63.8,1.3162657142e-05,0.00010884843916,8.38889599672e-07
63.85,1.30382350465e-05,0.000108671811804,8.31373191175e-07
63.9,1.29149858126e-05,0.000108496033976,8.23924184878e-07
63.95,1.27928984183e-05,0.000108321320697,8.16541984629e-07
64.0,1.26719619452e-05,0.000108146865415,8.092259981e-07
64.05,1.25521655769e-05,0.000107972671018,8.01976368302e-07
64.1,1.24334985983e-05,0.000107798836719,7.94792550309e-07
64.15,1.23159503948e-05,0.000107625349395,7.87672292365e-07
64.2,1.21995104509e-05,0.000107452131781,7.80615040842e-07
64.25,1.20841683501e-05,0.000107279186537,7.73620246839e-07
64.3,1.1969913773e-05,0.000107106516265,7.6668736614e-07
64.35,1.18567364972e-05,0.000106934345322,7.59817886014e-07
64.4,1.17446263957e-05,0.000106763619289,7.5301000686e-07
64.45,1.16335734368e-05,0.00010659318035,7.46263183836e-07
64.5,1.15235676825e-05,0.000106423030785,7.39576875596e-07
64.55,1.14145992879e-05,0.000106253172825,7.32951212842e-07
64.6,1.13066585005e-05,0.000106083758178,7.26385697549e-07
64.65,1.1199735659e-05,0.000105914666539,7.19878271767e-07
64.7,1.10938211927e-05,0.000105745873403,7.13428429518e-07
64.75,1.09889056206e-05,0.000105577380807,7.07035669144e-07
64.8,1.08849795506e-05,0.000105409190737,7.00699493269e-07
64.85,1.07820875622e-05,0.000105242342883,6.94421261155e-07
64.9,1.06801654824e-05,0.000105076120626,6.8819932809e-07
64.95,1.05792041967e-05,0.000104910210956,6.82033196127e-07
65.0,1.04791946756e-05,0.000104744615572,6.75922370512e-07
65.05,1.03801279746e-05,0.000104579336132,6.69866970698e-07
65.1,1.02819952328e-05,0.000104414374237,6.63866541525e-07
65.15,1.01847876721e-05,0.000104249731451,6.57919202167e-07
65.2,1.0088496597e-05,0.000104085409314,6.52024490195e-07
65.25,9.99311339323e-06,0.000103921409326,6.4618194713e-07
65.3,9.89862952712e-06,0.000103758037625,6.40391118402e-07
65.35,9.80503654509e-06,0.000103596005371,6.34653246285e-07
65.4,9.71232607271e-06,0.000103434303213,6.28966827624e-07
65.45,9.62048981399e-06,0.000103272932403,6.23331407331e-07
65.5,9.52951955065e-06,0.000103111894154,6.17746533234e-07
65.55,9.43940714144e-06,0.000102951189645,6.12212314504e-07
65.6,9.35014452134e-06,0.000102790860858,6.06728335158e-07
65.65,9.26172370092e-06,0.000102630995657,6.01292876249e-07
65.7,9.17413676562e-06,0.000102471468007,5.9590551515e-07
65.75,9.08737587501e-06,0.000102312278946,5.90565832841e-07
65.8,9.00143326214e-06,0.000102154091458,5.85273413878e-07
65.85,8.91634579256e-06,0.000101996864992,5.80029393613e-07
65.9,8.83206039774e-06,0.000101839983512,5.74832398267e-07
65.95,8.74856954027e-06,0.000101683447835,5.69682011919e-07
66.0,8.66586575335e-06,0.000101527258748,5.64577821316e-07
66.05,8.5839416401e-06,0.000101371417004,5.59519926233e-07
66.1,8.50278987288e-06,0.000101216015035,5.54507946488e-07
66.15,8.42240319274e-06,0.000101061038423,5.49540311085e-07
66.2,8.34277440868e-06,0.000100906411729,5.44616633771e-07
66.25,8.26389639706e-06,0.000100752135595,5.39736531589e-07
66.3,8.18576210097e-06,0.000100598958607,5.34899624853e-07
66.35,8.10836452961e-06,0.000100446628261,5.30106951197e-07
66.4,8.03169675767e-06,0.000100294653066,5.2535725508e-07
66.45,7.95575192469e-06,0.000100143033473,5.20650156381e-07
66.5,7.88052323451e-06,9.99917699092e-05,5.15985277413e-07
66.55,7.80600395462e-06,9.98408627732e-05,5.11362709365e-07
66.6,7.73218741561e-06,9.96903124341e-05,5.06782104777e-07
66.65,7.65906701054e-06,9.95401192352e-05,5.02242027864e-07
66.7,7.58663619437e-06,9.93902835108e-05,4.9774212562e-07
66.75,7.51488848341e-06,9.92408055708e-05,4.93282048049e-07
66.8,7.44381745471e-06,9.90922383216e-05,4.88861448143e-07
66.85,7.37345359455e-06,9.89446776875e-05,4.84481274228e-07
66.9,7.30375301745e-06,9.87974783216e-05,4.80140378827e-07
66.95,7.23470949027e-06,9.86506403649e-05,4.75838414533e-07
67.0,7.16631683826e-06,9.8504163937e-05,4.71575036168e-07
67.05,7.09856894451e-06,9.83580491368e-05,4.67350327073e-07
67.1,7.03145974938e-06,9.82122960362e-05,4.63163969693e-07
67.15,6.96498324999e-06,9.80670557348e-05,4.59014651819e-07
67.2,6.89913349969e-06,9.79221874125e-05,4.54902050828e-07
67.25,6.83390460751e-06,9.77776813836e-05,4.50825846847e-07
67.3,6.76929073769e-06,9.76336084949e-05,4.46785722735e-07
67.35,6.70528610911e-06,9.74909839714e-05,4.42782545197e-07
67.4,6.64188499482e-06,9.73487238762e-05,4.38815265517e-07
67.45,6.57908172151e-06,9.72068280862e-05,4.34883566191e-07
67.5,6.51687066903e-06,9.70652964607e-05,4.3098713175e-07
67.55,6.45524626987e-06,9.69241288417e-05,4.27126038359e-07
67.6,6.3942030087e-06,9.67833640215e-05,4.23299995796e-07
67.65,6.33373542185e-06,9.66430845984e-05,4.19507804794e-07
67.7,6.27383809684e-06,9.6503169081e-05,4.15749170495e-07
67.75,6.21450567192e-06,9.6363617246e-05,4.1202380056e-07
67.8,6.15573283558e-06,9.62244288539e-05,4.08331405142e-07
67.85,6.09754479872e-06,9.60860136693e-05,4.04672776349e-07
67.9,6.03990526984e-06,9.59486648189e-05,4.01046955729e-07
67.95,5.9828090944e-06,9.58116806249e-05,3.97453653104e-07
68.0,5.92625116613e-06,9.56750607226e-05,3.93892580157e-07
68.05,5.87022642659e-06,9.55388047332e-05,3.90363806497e-07
68.1,5.81472986471e-06,9.54029122601e-05,3.86867066883e-07
68.15,5.75975651634e-06,9.52673828929e-05,3.83401265266e-07
68.2,5.70530146386e-06,9.51322162191e-05,3.79966132166e-07
68.25,5.65135983568e-06,9.49974118132e-05,3.76561400405e-07
68.3,5.59792680585e-06,9.4862969237e-05,3.73186805085e-07
68.35,5.54499759363e-06,9.47288880397e-05,3.69843070136e-07
68.4,5.49256746306e-06,9.45955437049e-05,3.66529319599e-07
68.45,5.44063172256e-06,9.44632516564e-05,3.63245288272e-07
68.5,5.38918572448e-06,9.43313211605e-05,3.59990712652e-07
68.55,5.33822486472e-06,9.4199751663e-05,3.56765656359e-07
68.6,5.28774458233e-06,9.40685425947e-05,3.53569876979e-07
68.65,5.23774035908e-06,9.39377913803e-05,3.50402372799e-07
68.7,5.18820771907e-06,9.38074556722e-05,3.47262897534e-07
68.75,5.13914222834e-06,9.36774791005e-05,3.44151207e-07
68.8,5.0905394945e-06,9.35478610588e-05,3.41067059098e-07
68.85,5.04242036593e-06,9.34186009307e-05,3.38011115454e-07
68.9,4.99475483105e-06,9.32896982079e-05,3.34982575498e-07
68.95,4.94753862726e-06,9.31611522472e-05,3.31981196855e-07
69.0,4.90076753188e-06,9.30339527575e-05,3.29006738701e-07
69.05,4.85443736179e-06,9.29071407301e-05,3.2605925918e-07
69.1,4.80854397303e-06,9.27806848206e-05,3.23138536744e-07
69.15,4.76308326048e-06,9.26547289078e-05,3.20243655894e-07
69.2,4.71805115744e-06,9.25291374108e-05,3.17374391544e-07
69.25,4.67344363531e-06,9.24039002965e-05,3.14530520526e-07
69.3,4.62925670324e-06,9.22790168156e-05,3.11711821579e-07
69.35,4.58548640775e-06,9.21544862116e-05,3.08918899381e-07
69.4,4.54212883238e-06,9.203030771e-05,3.0615102227e-07
69.45,4.49918009739e-06,9.19064805362e-05,3.03407968729e-07
69.5,4.45663635937e-06,9.17830039083e-05,3.00689518663e-07
69.55,4.41449381093e-06,9.16600628776e-05,2.97995725211e-07
69.6,4.37274868032e-06,9.15382591643e-05,2.95326385893e-07
69.65,4.33139723116e-06,9.14168047624e-05,2.92680664007e-07
69.7,4.29043576208e-06,9.1295698825e-05,2.90058353838e-07
69.75,4.24986060636e-06,9.11749404996e-05,2.87459251428e-07
69.8,4.20966813167e-06,9.10545289281e-05,2.84883154559e-07
69.85,4.16987557879e-06,9.09344632468e-05,2.82330615864e-07
69.9,4.13045812934e-06,9.08147426822e-05,2.79800966655e-07
69.95,4.09141225835e-06,9.06953663538e-05,2.77294004481e-07
70.0,4.05273447382e-06,9.05763333765e-05,2.7480952819e-07
70.05,4.01442131648e-06,9.04576428602e-05,2.72347586348e-07
70.1,3.97646935947e-06,9.03392939072e-05,2.69907993901e-07
70.15,3.93887520799e-06,9.02213349151e-05,2.67489986162e-07
70.2,3.90163549906e-06,9.01046961752e-05,2.65093375121e-07
70.25,3.86474690119e-06,8.99884422784e-05,2.62717974375e-07
70.3,3.82820611411e-06,8.9872527702e-05,2.6036359911e-07
70.35,3.79200986846e-06,8.97569514885e-05,2.58030754395e-07
70.4,3.75615492548e-06,8.96417126686e-05,2.55718829095e-07
70.45,3.72063807679e-06,8.95268102749e-05,2.53427638184e-07
70.5,3.68545614405e-06,8.94122433366e-05,2.51156997823e-07
70.55,3.65060597868e-06,8.929801088e-05,2.48906952397e-07
70.6,3.61608446163e-06,8.91841119253e-05,2.4667733278e-07
70.65,3.58188850305e-06,8.90706396514e-05,2.44467440101e-07
70.7,3.54801504205e-06,8.89575529632e-05,2.42277102532e-07
70.75,3.51446104642e-06,8.88447972852e-05,2.40106149713e-07
70.8,3.48122351236e-06,8.87325622043e-05,2.37954412736e-07
70.85,3.44831669729e-06,8.86213441833e-05,2.35822353201e-07
70.9,3.41572007743e-06,8.85104550512e-05,2.33709412571e-07
70.95,3.38343073777e-06,8.83998937691e-05,2.31615421746e-07
71.0,3.35144579057e-06,8.82896592962e-05,2.29540212709e-07
71.05,3.31976237516e-06,8.81797505902e-05,2.27483826026e-07
71.1,3.28837765766e-06,8.80701666047e-05,2.25446107127e-07
71.15,3.25728883071e-06,8.79609062918e-05,2.23426417292e-07
71.2,3.22649311326e-06,8.78519686077e-05,2.21424599481e-07
71.25,3.19598775032e-06,8.77433525072e-05,2.19440497998e-07
71.3,3.16577001268e-06,8.76350569437e-05,2.17473958472e-07
71.35,3.13583719672e-06,8.75270808694e-05,2.15525402774e-07
71.4,3.10618662414e-06,8.74194232287e-05,2.1359432044e-07
71.45,3.0768156417e-06,8.73120829688e-05,2.11680556924e-07
71.5,3.04772162107e-06,8.72058148248e-05,2.09783958669e-07
71.55,3.0189019585e-06,8.70999369758e-05,2.0790456275e-07
71.6,2.99035407465e-06,8.69943739475e-05,2.06042227902e-07
71.65,2.96207541436e-06,8.68891289645e-05,2.04196370376e-07
71.7,2.93406344639e-06,8.67843346234e-05,2.02366846652e-07
71.75,2.90631566322e-06,8.66798522796e-05,2.00553514432e-07
71.8,2.87882958084e-06,8.6575680841e-05,1.98756232632e-07
71.85,2.85161698955e-06,8.64718192155e-05,1.96975386814e-07
71.9,2.82466091703e-06,8.63682663742e-05,1.95210510447e-07
71.95,2.79795895266e-06,8.62650212208e-05,1.93461462288e-07
72.0,2.77150870843e-06,8.61620826593e-05,1.91728101997e-07
72.05,2.74530781866e-06,8.60594495936e-05,1.90010463458e-07
72.1,2.71935393985e-06,8.59571209263e-05,1.88308417562e-07
72.15,2.69364475044e-06,8.58551430975e-05,1.86621430806e-07
72.2,2.66817795062e-06,8.57543250899e-05,1.8494937202e-07
72.25,2.6429512621e-06,8.56538285929e-05,1.83292111155e-07
72.3,2.61796242795e-06,8.55536330291e-05,1.81649519269e-07
72.35,2.59320921239e-06,8.54537372728e-05,1.8002194874e-07
72.4,2.56868940056e-06,8.53541401935e-05,1.7840897319e-07
72.45,2.54440079837e-06,8.52548406654e-05,1.76810463533e-07
72.5,2.52034123226e-06,8.51558375637e-05,1.75226291508e-07
72.55,2.49650854906e-06,8.50571297647e-05,1.73656488082e-07
72.6,2.47290061576e-06,8.4958716144e-05,1.72100935259e-07
72.65,2.44951531934e-06,8.48605955787e-05,1.70559145454e-07
72.7,2.42635056656e-06,8.47627669509e-05,1.69030998786e-07
72.75,2.40340428382e-06,8.46652291443e-05,1.67516376399e-07
72.8,2.38067441694e-06,8.45679810434e-05,1.6601516045e-07
72.85,2.35817071602e-06,8.44710215346e-05,1.64527672987e-07
72.9,2.33587914563e-06,8.43745939089e-05,1.63053524331e-07
72.95,2.3137977123e-06,8.42789421365e-05,1.61592596505e-07
73.0,2.29192444124e-06,8.41835760454e-05,1.60144772289e-07
73.05,2.27025737613e-06,8.40884944969e-05,1.58710079983e-07
73.1,2.24879457899e-06,8.39936963529e-05,1.57288411748e-07
73.15,2.22753412998e-06,8.38991804769e-05,1.55879321963e-07
73.2,2.20647412725e-06,8.38050456649e-05,1.54482701068e-07
73.25,2.18561268676e-06,8.37112286204e-05,1.53098440434e-07
73.3,2.16494794212e-06,8.36176908892e-05,1.51726432363e-07
73.35,2.14447804441e-06,8.35244313419e-05,1.50366971183e-07
73.4,2.12420116206e-06,8.34314488472e-05,1.49019700754e-07
73.45,2.10411548062e-06,8.33387422787e-05,1.47684513255e-07
73.5,2.08421920267e-06,8.32463105121e-05,1.46361301553e-07
73.55,2.06451054761e-06,8.31541524253e-05,1.45050091513e-07
73.6,2.04498775154e-06,8.30622668973e-05,1.43750784578e-07
73.65,2.02564906706e-06,8.29706569852e-05,1.42462973481e-07
73.7,2.00649276317e-06,8.28800568265e-05,1.41186558091e-07
73.75,1.98751712507e-06,8.27898063773e-05,1.39921439129e-07
73.8,1.96872045404e-06,8.26998247362e-05,1.38667518166e-07
73.85,1.95011081301e-06,8.2610110768e-05,1.37425064198e-07
73.9,1.93167659526e-06,8.2520663382e-05,1.36193751739e-07
73.95,1.91341615229e-06,8.24314814459e-05,1.34973482245e-07
74.0,1.89532785099e-06,8.23425638302e-05,1.33764157806e-07
74.05,1.87741007359e-06,8.22539094083e-05,1.3256580206e-07
74.1,1.85966121746e-06,8.2165517055e-05,1.31378324933e-07
74.15,1.84207969496e-06,8.20773856481e-05,1.30201354211e-07
74.2,1.82466393334e-06,8.19895140715e-05,1.2903479838e-07
74.25,1.80741237458e-06,8.19019012117e-05,1.27878566708e-07
74.3,1.79032347525e-06,8.18145459581e-05,1.26732569236e-07
74.35,1.77339570637e-06,8.17274472034e-05,1.25597051809e-07
74.4,1.7566275533e-06,8.16406038392e-05,1.24471716954e-07
74.45,1.74001751557e-06,8.15540147626e-05,1.23356474609e-07
74.5,1.72356410679e-06,8.14680183931e-05,1.2225123529e-07
74.55,1.70726585447e-06,8.13825727684e-05,1.21156020603e-07
74.6,1.69112129994e-06,8.12973783418e-05,1.20070748225e-07
74.65,1.67512899817e-06,8.12124339993e-05,1.18995077978e-07
74.7,1.65928751769e-06,8.11277950555e-05,1.17928926225e-07
74.75,1.64359544044e-06,8.10434806835e-05,1.16872210042e-07
74.8,1.62805136165e-06,8.09594135067e-05,1.15824847215e-07
74.85,1.61266194902e-06,8.08755924227e-05,1.14787062426e-07
74.9,1.59741760428e-06,8.07920163666e-05,1.13758583808e-07
74.95,1.58231696417e-06,8.07086842408e-05,1.1273932905e-07
75.0,1.56735867819e-06,8.0625594951e-05,1.1172921637e-07
75.05,1.55254140851e-06,8.05427474063e-05,1.10728265513e-07
75.1,1.53786382982e-06,8.04601405184e-05,1.09736401242e-07
75.15,1.5233246292e-06,8.03777732025e-05,1.08753312658e-07
75.2,1.50892250605e-06,8.02957413938e-05,1.07778923322e-07
75.25,1.49465617196e-06,8.02139836728e-05,1.06813157449e-07
75.3,1.48052435057e-06,8.01324627269e-05,1.05855939899e-07
75.35,1.46652577748e-06,8.00512662706e-05,1.04907476017e-07
75.4,1.45265920014e-06,7.99708067077e-05,1.03967517335e-07
75.45,1.43892337772e-06,7.9890580854e-05,1.03035988625e-07
75.5,1.42531708105e-06,7.98105876266e-05,1.02112815146e-07
75.55,1.41183909242e-06,7.97308259461e-05,1.01198014943e-07
75.6,1.39848820559e-06,7.96512947362e-05,1.00291519254e-07
75.65,1.38526322557e-06,7.95719929244e-05,9.93930439395e-08
75.7,1.37216296859e-06,7.94929194441e-05,9.85025191394e-08
75.75,1.35918626198e-06,7.94140732325e-05,9.76198755902e-08
75.8,1.34633194404e-06,7.93354532306e-05,9.67450446197e-08
75.85,1.3336055287e-06,7.92570583834e-05,9.58782139001e-08
75.9,1.32099907858e-06,7.91788876674e-05,9.50191563472e-08
75.95,1.30851146631e-06,7.91009400332e-05,9.416780321e-08
76.0,1.2961415751e-06,7.90232144354e-05,9.3324086178e-08
76.05,1.2838882986e-06,7.89457098324e-05,9.2488021744e-08
76.1,1.27175054083e-06,7.88684251856e-05,9.16595470645e-08
76.15,1.25972721607e-06,7.87913594602e-05,9.08384024553e-08
76.2,1.24781724879e-06,7.87145272669e-05,9.00245240692e-08
76.25,1.23601957351e-06,7.86380253071e-05,8.92178486042e-08
76.3,1.22433313473e-06,7.85620606214e-05,8.84183132984e-08
76.35,1.21275688685e-06,7.84865350229e-05,8.76260896714e-08
76.4,1.20128979406e-06,7.84112237457e-05,8.68409701839e-08
76.45,1.18993083025e-06,7.83361257574e-05,8.60628920021e-08
76.5,1.17867897894e-06,7.82612400299e-05,8.5291792695e-08
76.55,1.16753323314e-06,7.81865655391e-05,8.45276873359e-08
76.6,1.15649259532e-06,7.81121012641e-05,8.37705184901e-08
76.65,1.1455560773e-06,7.80378461884e-05,8.30200488241e-08
76.7,1.13472270014e-06,7.79638542436e-05,8.22762199861e-08
76.75,1.12399149408e-06,7.78901441795e-05,8.15389741222e-08
76.8,1.11336149845e-06,7.78166407166e-05,8.08082538725e-08
76.85,1.10283727304e-06,7.77433428521e-05,8.0084215994e-08
76.9,1.09241225396e-06,7.76702496099e-05,7.93666708103e-08
76.95,1.08208550894e-06,7.75973599936e-05,7.86555608953e-08
77.0,1.07185611441e-06,7.75246730112e-05,7.79508291917e-08
77.05,1.06172315549e-06,7.74521876747e-05,7.72524894751e-08
77.1,1.05168572583e-06,7.73799029993e-05,7.65604892545e-08
77.15,1.04174292761e-06,7.73078180045e-05,7.58746116231e-08
77.2,1.03189387138e-06,7.72359317154e-05,7.51948032515e-08
77.25,1.02213767604e-06,7.7164243161e-05,7.45210112653e-08
77.3,1.01247346875e-06,7.70930922781e-05,7.38531832414e-08
77.35,1.00290038483e-06,7.70222958182e-05,7.3191462445e-08
77.4,9.9341756771e-07,7.69516942675e-05,7.25356755247e-08
77.45,9.84024168838e-07,7.68812866551e-05,7.18857699972e-08
77.5,9.74719347618e-07,7.68110720143e-05,7.1241693716e-08
77.55,9.65502271326e-07,7.67410493827e-05,7.06034592712e-08
77.6,9.5637211504e-07,7.66712178015e-05,6.99710186893e-08
77.65,9.47328061567e-07,7.66015763159e-05,6.93441737327e-08
77.7,9.38369301371e-07,7.65321239769e-05,6.87228756619e-08
77.75,9.29495032501e-07,7.64629624113e-05,6.81070761533e-08
77.8,9.2070446052e-07,7.63940112261e-05,6.74967272958e-08
77.85,9.12001356193e-07,7.63252467761e-05,6.6891960024e-08
77.9,9.03380291446e-07,7.62566681432e-05,6.62926159067e-08
77.95,8.94840495322e-07,7.61882743939e-05,6.56986469777e-08
78.0,8.86381204085e-07,7.61200645988e-05,6.51100055786e-08
78.05,8.78001661149e-07,7.60520378328e-05,6.45267032159e-08
78.1,8.69701117016e-07,7.59841931741e-05,6.39486960453e-08
78.15,8.61478829208e-07,7.59165297053e-05,6.33758028912e-08
78.2,8.53334062198e-07,7.58490617849e-05,6.28079792089e-08
78.25,8.45266087352e-07,7.57818839352e-05,6.22451808341e-08
78.3,8.3727418286e-07,7.57148849704e-05,6.16873639794e-08
78.35,8.29357633672e-07,7.56481675892e-05,6.11346483099e-08
78.4,8.21515731437e-07,7.55819790517e-05,6.05868890304e-08
78.45,8.13747774442e-07,7.55159667494e-05,6.00440423031e-08
78.5,8.06053067544e-07,7.54501297765e-05,5.95060645715e-08
78.55,7.98430922116e-07,7.53844672314e-05,5.89729663518e-08
78.6,7.90880655981e-07,7.53189782165e-05,5.84447075733e-08
78.65,7.83401593354e-07,7.52536618381e-05,5.79211226538e-08
78.7,7.75993064781e-07,7.51885172081e-05,5.74021708829e-08
78.75,7.68654407081e-07,7.51235434424e-05,5.68878118972e-08
78.8,7.6138496329e-07,7.50587396612e-05,5.6378005678e-08
78.85,7.54187851672e-07,7.49941049888e-05,5.5872861591e-08
78.9,7.47058583435e-07,7.4929638569e-05,5.53722473034e-08
78.95,7.39996521029e-07,7.48653395332e-05,5.48761227505e-08
79.0,7.33001032874e-07,7.48012070174e-05,5.43844481246e-08
79.05,7.26071493305e-07,7.47372401615e-05,5.38972330369e-08
79.1,7.19207282518e-07,7.4673438109e-05,5.34144408653e-08
79.15,7.12407786512e-07,7.46098000077e-05,5.29359202793e-08
79.2,7.0567239704e-07,7.45463250105e-05,5.24616340721e-08
79.25,6.99000511548e-07,7.44830751778e-05,5.19915453547e-08
79.3,6.92391533131e-07,7.44200461502e-05,5.15256175525e-08
79.35,6.8584487047e-07,7.4357178116e-05,5.10639506184e-08
79.4,6.7935993779e-07,7.42944702391e-05,5.06064236091e-08
79.45,6.72936154801e-07,7.42319216879e-05,5.01529999085e-08
79.5,6.66572946649e-07,7.41695316353e-05,4.97036431349e-08
79.55,6.60269743867e-07,7.41077012115e-05,4.92583620722e-08
79.6,6.54025982323e-07,7.4046038408e-05,4.88171232506e-08
79.65,6.4784110317e-07,7.39845316841e-05,4.83797883642e-08
79.7,6.41714552797e-07,7.39231802171e-05,4.79463234088e-08
79.75,6.35645782782e-07,7.3862083588e-05,4.75166946701e-08
79.8,6.2963424984e-07,7.38011632174e-05,4.70908687216e-08
79.85,6.2368253265e-07,7.37403960664e-05,4.66689369133e-08
79.9,6.17786919163e-07,7.36797813371e-05,4.62507887114e-08
79.95,6.11946882151e-07,7.36193182228e-05,4.58363906512e-08
80.0,6.06161899325e-07,7.35590059206e-05,4.54257094825e-08
80.05,6.00431453284e-07,7.34988436318e-05,4.50187532332e-08
80.1,5.94755031476e-07,7.34388305614e-05,4.46154913139e-08
80.15,5.89132126149e-07,7.33789659184e-05,4.42157973229e-08
80.2,5.83562234304e-07,7.33192489167e-05,4.38196401824e-08
80.25,5.78044857656e-07,7.32596787742e-05,4.342698908e-08
80.3,5.72579502588e-07,7.32002547127e-05,4.30378134662e-08
80.35,5.67165680104e-07,7.3140975958e-05,4.26521968285e-08
80.4,5.61802905791e-07,7.30818417388e-05,4.22700381468e-08
80.45,5.56490699773e-07,7.30228512884e-05,4.18913068364e-08
80.5,5.51228586671e-07,7.29640038441e-05,4.15159725092e-08
80.55,5.46016095557e-07,7.2905298647e-05,4.11440425018e-08
80.6,5.40852759918e-07,7.28467349418e-05,4.0775488858e-08
80.65,5.3573811761e-07,7.27883119771e-05,4.0410196055e-08
80.7,5.3067171082e-07,7.2730029006e-05,4.00481356901e-08
80.75,5.25653086024e-07,7.26719105548e-05,3.96892796026e-08
80.8,5.20681793948e-07,7.26142647794e-05,3.93335998726e-08
80.85,5.15759967055e-07,7.25568885918e-05,3.89811728019e-08
80.9,5.10884535632e-07,7.24996499034e-05,3.86319060649e-08
80.95,5.06055063683e-07,7.24425479715e-05,3.82857717096e-08
81.0,5.01271119295e-07,7.23855820576e-05,3.7942741963e-08
81.05,4.965322746e-07,7.23287514268e-05,3.76028235305e-08
81.1,4.91838105738e-07,7.22720553483e-05,3.7265990862e-08
81.15,4.87188192818e-07,7.22154930945e-05,3.69321383776e-08
81.2,4.82582119882e-07,7.2159063943e-05,3.66012401191e-08
81.25,4.78019474868e-07,7.21028288774e-05,3.62732703498e-08
81.3,4.73499849573e-07,7.20467837341e-05,3.59482035526e-08
81.35,4.69022839621e-07,7.19908699481e-05,3.56261094621e-08
81.4,4.6458804442e-07,7.19350868073e-05,3.53069036992e-08
81.45,4.60195067132e-07,7.18794336038e-05,3.49905607176e-08
81.5,4.55843514638e-07,7.18239096338e-05,3.46770551347e-08
81.55,4.51532997501e-07,7.17685141971e-05,3.43663930788e-08
81.6,4.47263129933e-07,7.1713246597e-05,3.40585511988e-08
81.65,4.43033529759e-07,7.16581061405e-05,3.37534330021e-08
81.7,4.38843818388e-07,7.1603092139e-05,3.34510147645e-08
81.75,4.34693620773e-07,7.15482039078e-05,3.31512729645e-08
81.8,4.30582565384e-07,7.14934407655e-05,3.28541842812e-08
81.85,4.26512415679e-07,7.14388020346e-05,3.25598124473e-08
81.9,4.22480633132e-07,7.13842870497e-05,3.22680803461e-08
81.95,4.18486857191e-07,7.13298951398e-05,3.19789646299e-08
82.0,4.14530730683e-07,7.12756256379e-05,3.16924421009e-08
82.05,4.10611899778e-07,7.12214778805e-05,3.140851836e-08
82.1,4.06730013962e-07,7.11674512074e-05,3.11271720658e-08
82.15,4.02884726e-07,7.1113544962e-05,3.08483150305e-08
82.2,3.99075691914e-07,7.10600569908e-05,3.05719255722e-08
82.25,3.95302570945e-07,7.10067222811e-05,3.02979821937e-08
82.3,3.91565025526e-07,7.09536118736e-05,3.00264635812e-08
82.35,3.87862721253e-07,7.09006302841e-05,2.97574279822e-08
82.4,3.84195326854e-07,7.0847766325e-05,2.94908049171e-08
82.45,3.8056251416e-07,7.07950193488e-05,2.9226573048e-08
82.5,3.76963958079e-07,7.07423887116e-05,2.89647111735e-08
82.55,3.7339933656e-07,7.06898737729e-05,2.87052244124e-08
82.6,3.69868330574e-07,7.06374738957e-05,2.84480932602e-08
82.65,3.66370624078e-07,7.05851884464e-05,2.81932371195e-08
82.7,3.6290590399e-07,7.05330167958e-05,2.79406361742e-08
82.75,3.59473860165e-07,7.04809831507e-05,2.76902707776e-08
82.8,3.56074185361e-07,7.04291543387e-05,2.74421214503e-08
82.85,3.52708337886e-07,7.03774378516e-05,2.71962414264e-08
82.9,3.49374218482e-07,7.0325833077e-05,2.69525662925e-08
82.95,3.46071528989e-07,7.02743393987e-05,2.67110765471e-08
83.0,3.42799974039e-07,7.0222956204e-05,2.64717528138e-08
83.05,3.39559261028e-07,7.01716828836e-05,2.62345997707e-08
83.1,3.36349100094e-07,7.01205188315e-05,2.5999599592e-08
83.15,3.33169204092e-07,7.00694634452e-05,2.57666786172e-08
83.2,3.30019288563e-07,7.00185161258e-05,2.5535818736e-08
83.25,3.26899071714e-07,6.9967676278e-05,2.53070019922e-08
83.3,3.23808274391e-07,6.99169433098e-05,2.50802105834e-08
83.35,3.20746620056e-07,6.98663166326e-05,2.48554931617e-08
83.4,3.1771383476e-07,6.98157956605e-05,2.46327908578e-08
83.45,3.14709647121e-07,6.97653798112e-05,2.44120858486e-08
83.5,3.11733788301e-07,6.97150685059e-05,2.41933604253e-08
83.55,3.08785991977e-07,6.96648611689e-05,2.39766188635e-08
83.6,3.05865994324e-07,6.96147572278e-05,2.23915073204e-08
83.65,3.02973533989e-07,6.95647677574e-05,2.20384939268e-08
83.7,3.00108352067e-07,6.95149816736e-05,2.18410334462e-08
83.75,2.97270192077e-07,6.94654926938e-05,2.16453205558e-08
83.8,2.94458799945e-07,6.94161736977e-05,2.14513400278e-08
83.85,2.91675381633e-07,6.93670001989e-05,1.98887998095e-08
83.9,2.88918201138e-07,6.93179384585e-05,1.95581825744e-08
83.95,2.86187011895e-07,6.92689775187e-05,1.93829443647e-08
84.0,2.83481569647e-07,6.92201155288e-05,1.92092810909e-08
84.05,2.80801632422e-07,6.91713519392e-05,1.9037198702e-08
84.1,2.78146960517e-07,6.91226862035e-05,1.88666704167e-08
84.15,2.75517316473e-07,6.90741177784e-05,1.86976509077e-08
84.2,2.72912465055e-07,6.90256461242e-05,1.85301270332e-08
84.25,2.70332173231e-07,6.89772707042e-05,1.83640857635e-08
84.3,2.67776210154e-07,6.89290950923e-05,1.81995141799e-08
84.35,2.65244347137e-07,6.88810254085e-05,1.66661033885e-08
84.4,2.62736357635e-07,6.88330621592e-05,1.63643557797e-08
84.45,2.60252017227e-07,6.87851944813e-05,1.62177296792e-08
84.5,2.57791103594e-07,6.87374205622e-05,1.6072423265e-08
84.55,2.55353396499e-07,6.86897398827e-05,1.59284430165e-08
84.6,2.52938677769e-07,6.86421519262e-05,1.5785765491e-08
84.65,2.50546731276e-07,6.85946561793e-05,1.56443502874e-08
84.7,2.48177342914e-07,6.85472521319e-05,1.55041864109e-08
84.75,2.45830300587e-07,6.84999392768e-05,1.53652629605e-08
84.8,2.43505394185e-07,6.84527171096e-05,1.52275691285e-08
84.85,2.41203620988e-07,6.84055851291e-05,1.509111818e-08
84.9,2.38923545394e-07,6.83585428414e-05,1.49558950739e-08
84.95,2.36664963503e-07,6.83115897508e-05,1.48218889081e-08
85.0,2.34427673324e-07,6.82647253643e-05,1.46890888448e-08
85.05,2.32211474757e-07,6.82179491919e-05,1.45575008056e-08
85.1,2.30016169578e-07,6.81712607461e-05,1.44271033656e-08
85.15,2.27841561417e-07,6.81246595425e-05,1.4297859601e-08
85.2,2.25687455744e-07,6.80781450997e-05,1.41697594631e-08
85.25,2.23553659852e-07,6.80317169392e-05,1.40427929895e-08
85.3,2.2143998284e-07,6.7985408357e-05,1.39169503024e-08
85.35,2.19346235592e-07,6.79392628709e-05,1.37922435253e-08
85.4,2.17272230765e-07,6.78933269137e-05,1.36686589117e-08
85.45,2.15217782773e-07,6.78476127389e-05,1.35461864978e-08
85.5,2.13182707766e-07,6.78019829717e-05,1.34248163784e-08
85.55,2.11166823618e-07,6.77564371396e-05,1.19342164145e-08
85.6,2.09169949909e-07,6.77109858935e-05,1.16749024767e-08
85.65,2.07191907908e-07,6.76656186926e-05,1.15703121339e-08
85.7,2.05232520561e-07,6.7620333818e-05,1.14666472906e-08
85.75,2.03291612471e-07,6.75751308114e-05,1.1363899884e-08
85.8,2.01369009886e-07,6.75300772065e-05,1.12620619203e-08
85.85,1.99465537516e-07,6.74851489678e-05,1.11611455042e-08
85.9,1.97580008177e-07,6.7440301617e-05,1.10611390884e-08
85.95,1.95712253253e-07,6.73955347027e-05,1.09620345741e-08
86.0,1.93862105704e-07,6.7350847776e-05,1.08638239075e-08
86.05,1.92029400057e-07,6.73062403909e-05,1.07664991093e-08
86.1,1.90213972387e-07,6.7261712104e-05,1.06700574584e-08
86.15,1.88415660305e-07,6.72172624743e-05,1.05744690825e-08
86.2,1.86634302944e-07,6.7172891064e-05,1.04797265494e-08
86.25,1.84869740941e-07,6.71285974377e-05,1.03858224903e-08
86.3,1.8312181643e-07,6.70843811626e-05,1.02927495994e-08
86.35,1.81390373018e-07,6.70402418085e-05,1.02005189396e-08
86.4,1.79675255784e-07,6.69961789477e-05,8.73223658171e-09
86.45,1.77976311251e-07,6.69522032175e-05,7.12239121602e-09
86.5,1.76293387386e-07,6.69083152429e-05,5.52735997444e-09
86.55,1.74626333577e-07,6.68645143866e-05,3.94695283001e-09
86.6,1.72975000624e-07,6.68208000174e-05,3.75837465286e-09
86.65,1.71339240724e-07,6.67771604689e-05,3.72470539281e-09
86.7,1.6971890746e-07,6.67335940898e-05,3.6913340613e-09
86.75,1.68113855787e-07,6.66901004808e-05,3.65825806292e-09
86.8,1.66523942018e-07,6.66466792447e-05,3.62547482439e-09
86.85,1.64949848156e-07,6.66034391933e-05,3.59299852521e-09
86.9,1.63390592447e-07,6.65602710999e-05,3.56080957212e-09
86.95,1.61846035452e-07,6.65171745708e-05,3.52890546217e-09
87.0,1.60316039038e-07,6.64741492146e-05,3.49728371379e-09
87.05,1.58800466363e-07,6.64311946422e-05,3.46594186658e-09
87.1,1.57299181869e-07,6.63883104668e-05,3.43489580118e-09
87.15,1.55812051267e-07,6.63454963038e-05,3.40412441443e-09
87.2,1.54338941527e-07,6.6302751771e-05,3.37362531388e-09
87.25,1.52879720861e-07,6.62600764884e-05,3.34339612747e-09
87.3,1.51434258721e-07,6.621768743e-05,3.31343450333e-09
87.35,1.50002425777e-07,6.61754892184e-05,1.90759284208e-09
87.4,1.48584093914e-07,6.61333704489e-05,1.73743920435e-09
87.45,1.47179136215e-07,6.60913209444e-05,1.7218680991e-09
87.5,1.45787426953e-07,6.60493391063e-05,1.70643484745e-09
87.55,1.44408841579e-07,6.60074245614e-05,1.69113824769e-09
87.6,1.4304325671e-07,6.59655769388e-05,1.67599385165e-09
87.65,1.41690550119e-07,6.59237958694e-05,1.66098340161e-09
87.7,1.40350600727e-07,6.58820809869e-05,1.64610573139e-09
87.75,1.39023288585e-07,6.58404319269e-05,1.63135968475e-09
87.8,1.37708494872e-07,6.57988483272e-05,1.61674411532e-09
87.85,1.36406783575e-07,6.57573298279e-05,1.60225788649e-09
87.9,1.35117342824e-07,6.5715876074e-05,1.58789987137e-09
87.95,1.3384005731e-07,6.56744867098e-05,1.57366895269e-09
88.0,1.325748128e-07,6.56331613817e-05,1.55956402272e-09
88.05,1.31321496133e-07,6.55918997385e-05,1.54558398307e-09
88.1,1.30079995208e-07,6.55507014309e-05,1.54558398217e-10
88.15,1.28850198974e-07,6.55095768425e-05,0.0
88.2,1.27631997419e-07,6.54685159074e-05,0.0
88.25,1.26425281561e-07,6.54275170718e-05,0.0
88.3,1.25229943441e-07,6.53865799975e-05,0.0
88.35,1.2404587611e-07,6.53457790172e-05,0.0
88.4,1.22872973621e-07,6.53050718339e-05,0.0
88.45,1.21711131019e-07,6.52644257668e-05,0.0
88.5,1.20560244333e-07,6.52238404823e-05,0.0
88.55,1.19420210566e-07,6.5183315649e-05,0.0
88.6,1.18290927685e-07,6.51428509374e-05,0.0
88.65,1.17172294615e-07,6.510244602e-05,0.0
88.7,1.16064211226e-07,6.50621005712e-05,0.0
88.75,1.14966578327e-07,6.50218142676e-05,0.0
88.8,1.13879297656e-07,6.49815867876e-05,0.0
88.85,1.12802835609e-07,6.49415257081e-05,0.0
88.9,1.11736520803e-07,6.49015231801e-05,0.0
88.95,1.1068025788e-07,6.48615788842e-05,0.0
89.0,1.09633952376e-07,6.48216925034e-05,0.0
89.05,1.0859751071e-07,6.47818637223e-05,0.0
89.1,1.07570840181e-07,6.47420922275e-05,0.0
89.15,1.06553848952e-07,6.47023777076e-05,0.0
89.2,1.05546446049e-07,6.46627198531e-05,0.0
89.25,1.04548541348e-07,6.46231183562e-05,0.0
89.3,1.03560045572e-07,6.45835729114e-05,0.0
89.35,1.02580870277e-07,6.45440832147e-05,0.0
89.4,8.52030963814e-08,6.4504808819e-05,0.0
89.45,5.97734059037e-08,6.44655675852e-05,0.0
89.5,5.92081953396e-08,6.44262868444e-05,0.0
89.55,5.86483147392e-08,6.43870635449e-05,0.0
89.6,5.80937139936e-08,6.43478973513e-05,0.0
89.65,5.75443434635e-08,6.43087879307e-05,0.0
89.7,5.70001539745e-08,6.42697349523e-05,0.0
89.75,5.64610968131e-08,6.42307380876e-05,0.0
89.8,5.5927123722e-08,6.41917970103e-05,0.0
89.85,5.5398463752e-08,6.41529528261e-05,0.0
89.9,5.48747871811e-08,6.41142276428e-05,0.0
89.95,5.43560471783e-08,6.40755576308e-05,0.0
90.0,5.38421973515e-08,6.40369424694e-05,0.0
90.05,5.33331917426e-08,6.39983818399e-05,0.0
90.1,5.28289848244e-08,6.39598754259e-05,0.0
90.15,5.23295314957e-08,6.39214229131e-05,0.0
90.2,5.18347870779e-08,6.38830239895e-05,0.0
90.25,5.1344707311e-08,6.38446783449e-05,0.0
90.3,5.08592483494e-08,6.38063856716e-05,0.0
90.35,5.03783667584e-08,6.37682194982e-05,0.0
90.4,4.99020195098e-08,6.37301380257e-05,0.0
90.45,4.9430163979e-08,6.36921089636e-05,0.0
90.5,4.89627579403e-08,6.36541320089e-05,0.0
90.55,4.84997595639e-08,6.36162068608e-05,0.0
90.6,4.80411274117e-08,6.35783332207e-05,0.0
90.65,4.75868204339e-08,6.35405107917e-05,0.0
90.7,4.71367979654e-08,6.35027392793e-05,0.0
90.75,4.6691019722e-08,6.34650183908e-05,0.0
90.8,4.62494457971e-08,6.34273478355e-05,0.0
90.85,4.58122656061e-08,6.33897273247e-05,0.0
90.9,4.53792064826e-08,6.33521565727e-05,0.0
90.95,4.49502296992e-08,6.33146352946e-05,0.0
91.0,4.45252968914e-08,6.32771632077e-05,0.0
91.05,4.41043700539e-08,6.32397400311e-05,0.0
91.1,4.36874115375e-08,6.32023654858e-05,0.0
91.15,4.32743840453e-08,6.31650392948e-05,0.0
91.2,4.28652506301e-08,6.31277611829e-05,0.0
91.25,4.24599746905e-08,6.3090530877e-05,0.0
91.3,4.20585199681e-08,6.30533481055e-05,0.0
91.35,4.1660850544e-08,6.30162219893e-05,0.0
91.4,2.48590993665e-08,6.2979236781e-05,0.0
91.45,0.0,6.2942235551e-05,0.0
91.5,0.0,6.2905187551e-05,0.0
91.55,0.0,6.28681888072e-05,0.0
91.6,0.0,6.28312390206e-05,0.0
91.65,0.0,6.27943378947e-05,0.0
91.7,0.0,6.27575564381e-05,0.0
91.75,0.0,6.27209312443e-05,0.0
91.8,0.0,6.26843539723e-05,0.0
91.85,0.0,6.26478653254e-05,0.0
91.9,0.0,6.26114872068e-05,0.0
91.95,0.0,6.25751564811e-05,0.0
92.0,0.0,6.25388728595e-05,0.0
92.05,0.0,6.25026360551e-05,0.0
92.1,0.0,6.24664457835e-05,0.0
92.15,0.0,6.24303017621e-05,0.0
92.2,0.0,6.23942037106e-05,0.0
92.25,0.0,6.23581513507e-05,0.0
92.3,0.0,6.23221444063e-05,0.0
92.35,0.0,6.2286182603e-05,0.0
92.4,0.0,6.2250265669e-05,0.0
92.45,0.0,6.2214393334e-05,0.0
92.5,0.0,6.217856533e-05,0.0
92.55,0.0,6.2142781391e-05,0.0
92.6,0.0,6.21070412528e-05,0.0
92.65,0.0,6.20713446534e-05,0.0
92.7,0.0,6.20356913326e-05,0.0
92.75,0.0,6.20000810321e-05,0.0
92.8,0.0,6.19645134956e-05,0.0
92.85,0.0,6.19289884688e-05,0.0
92.9,0.0,6.18935856507e-05,0.0
92.95,0.0,6.18582466223e-05,0.0
93.0,0.0,6.18229496831e-05,0.0
93.05,0.0,6.17876945828e-05,0.0
93.1,0.0,6.17524810735e-05,0.0
93.15,0.0,6.17173089086e-05,0.0
93.2,0.0,6.16821778438e-05,0.0
93.25,0.0,6.16470876363e-05,0.0
93.3,0.0,6.16120380452e-05,0.0
93.35,0.0,6.15770381294e-05,0.0
93.4,0.0,6.15421713403e-05,0.0
93.45,0.0,6.15073447918e-05,0.0
93.5,0.0,6.14725582469e-05,0.0
93.55,0.0,6.14378114704e-05,0.0
93.6,0.0,6.14031042289e-05,0.0
93.65,0.0,6.13684362906e-05,0.0
93.7,0.0,6.13338074256e-05,0.0
93.75,0.0,6.12992174056e-05,0.0
93.8,0.0,6.12646660039e-05,0.0
93.85,0.0,6.12301529958e-05,0.0
93.9,0.0,6.1195678158e-05,0.0
93.95,0.0,6.11612412688e-05,0.0
94.0,0.0,6.11268421084e-05,0.0
94.05,0.0,6.10924804586e-05,0.0
94.1,0.0,6.10581561025e-05,0.0
94.15,0.0,6.10238688253e-05,0.0
94.2,0.0,6.09896184133e-05,0.0
94.25,0.0,6.09554046548e-05,0.0
94.3,0.0,6.09213817241e-05,0.0
94.35,0.0,6.08873974078e-05,0.0
94.4,0.0,6.08534976529e-05,0.0
94.45,0.0,6.08196854185e-05,0.0
94.5,0.0,6.07859092813e-05,0.0
94.55,0.0,6.07521690319e-05,0.0
94.6,0.0,6.07184644624e-05,0.0
94.65,0.0,6.06847953666e-05,0.0
94.7,0.0,6.06511615396e-05,0.0
94.75,0.0,6.06175627782e-05,0.0
94.8,0.0,6.05839988808e-05,0.0
94.85,0.0,6.05504696471e-05,0.0
94.9,0.0,6.05170540905e-05,0.0
94.95,0.0,6.04836943806e-05,0.0
95.0,0.0,6.04503690667e-05,0.0
95.05,0.0,6.04170779516e-05,0.0
95.1,0.0,6.03838208393e-05,0.0
95.15,0.0,6.03505975354e-05,0.0
95.2,0.0,6.03174078469e-05,0.0
95.25,0.0,6.02842515824e-05,0.0
95.3,0.0,6.02511285516e-05,0.0
95.35,0.0,6.0218038566e-05,0.0
95.4,0.0,6.01849814383e-05,0.0
95.45,0.0,6.01519569825e-05,0.0
95.5,0.0,6.01189650143e-05,0.0
95.55,0.0,6.00860053504e-05,0.0
95.6,0.0,6.00530778093e-05,0.0
95.65,0.0,6.00201822104e-05,0.0
95.7,0.0,5.99873183747e-05,0.0
95.75,0.0,5.99544861246e-05,0.0
95.8,0.0,5.99216852837e-05,0.0
95.85,0.0,5.98889156768e-05,0.0
95.9,0.0,5.98561949698e-05,0.0
95.95,0.0,5.98235854689e-05,0.0
96.0,0.0,5.97910070022e-05,0.0
96.05,0.0,5.97584593968e-05,0.0
96.1,0.0,5.97259424812e-05,0.0
96.15,0.0,5.96934560849e-05,0.0
96.2,0.0,5.9661000039e-05,0.0
96.25,0.0,5.96285741756e-05,0.0
96.3,0.0,5.95961783283e-05,0.0
96.35,0.0,5.95638123316e-05,0.0
96.4,0.0,5.9531523969e-05,0.0
96.45,0.0,5.94993162186e-05,0.0
96.5,0.0,5.94671381492e-05,0.0
96.55,0.0,5.94349895973e-05,0.0
96.6,0.0,5.94028704007e-05,0.0
96.65,0.0,5.93707803983e-05,0.0
96.7,0.0,5.93387194304e-05,0.0
96.75,0.0,5.93066873383e-05,0.0
96.8,0.0,5.92746839646e-05,0.0
96.85,0.0,5.92427091531e-05,0.0
96.9,0.0,5.92107627486e-05,0.0
96.95,0.0,5.91788445972e-05,0.0
97.0,0.0,5.91469545461e-05,0.0
97.05,0.0,5.91150924436e-05,0.0
97.1,0.0,5.90832581392e-05,0.0
97.15,0.0,5.90515610086e-05,0.0
97.2,0.0,5.90199195873e-05,0.0
97.25,0.0,5.89883056995e-05,0.0
97.3,0.0,5.89567191956e-05,0.0
97.35,0.0,5.8925159927e-05,0.0
97.4,0.0,5.88936277464e-05,0.0
97.45,0.0,5.88622073193e-05,0.0
97.5,0.0,5.88308256557e-05,0.0
97.55,0.0,5.87994709503e-05,0.0
97.6,0.0,5.87681430573e-05,0.0
97.65,0.0,5.87368418321e-05,0.0
97.7,0.0,5.87055671307e-05,0.0
97.75,0.0,5.86743188107e-05,0.0
97.8,0.0,5.86430967304e-05,0.0
97.85,0.0,5.86119007493e-05,0.0
97.9,0.0,5.85807484194e-05,0.0
97.95,0.0,5.85497015623e-05,0.0
98.0,0.0,5.85186806991e-05,0.0
98.05,0.0,5.84876856905e-05,0.0
98.1,0.0,5.84567163983e-05,0.0
98.15,0.0,5.84257726853e-05,0.0
98.2,0.0,5.83948544153e-05,0.0
98.25,0.0,5.83639614533e-05,0.0
98.3,0.0,5.83330936649e-05,0.0
98.35,0.0,5.83022509172e-05,0.0
98.4,0.0,5.8271433078e-05,0.0
98.45,0.0,5.82406400162e-05,0.0
98.5,0.0,5.82098716015e-05,0.0
98.55,0.0,5.81791277048e-05,0.0
98.6,0.0,5.81484081979e-05,0.0
98.65,0.0,5.81177129536e-05,0.0
98.7,0.0,5.80870418455e-05,0.0
98.75,0.0,5.80563947483e-05,0.0
98.8,0.0,5.80257715375e-05,0.0
98.85,0.0,5.79951720897e-05,0.0
98.9,0.0,5.79645962824e-05,0.0
98.95,0.0,5.79340986784e-05,0.0
99.0,0.0,5.79036649326e-05,0.0
99.05,0.0,5.78732547655e-05,0.0
99.1,0.0,5.78428680552e-05,0.0
99.15,0.0,5.78125046809e-05,0.0
99.2,0.0,5.77821645226e-05,0.0
99.25,0.0,5.77518474613e-05,0.0
99.3,0.0,5.77215533787e-05,0.0
99.35,0.0,5.76912821576e-05,0.0
99.4,0.0,5.76610336816e-05,0.0
99.45,0.0,5.76308919759e-05,0.0
99.5,0.0,5.76007846556e-05,0.0
99.55,0.0,5.75707000379e-05,0.0
99.6,0.0,5.75406380069e-05,0.0
99.65,0.0,5.75105984476e-05,0.0
99.7,0.0,5.7480581246e-05,0.0
99.75,0.0,5.74505862886e-05,0.0
99.8,0.0,5.74206134632e-05,0.0
99.85,0.0,5.73906626581e-05,0.0
99.9,0.0,5.73607337626e-05,0.0
99.95,0.0,5.73308266668e-05,0.0
100.0,0.0,5.73009412616e-05,0.0
