"time","AMPA","NMDA","GABAa"
0.0,0.0,0.0,0.0
0.05,0.0,0.0,0.0
0.1,0.0,0.0,0.0
0.15,0.0,0.0,0.0
0.2,0.0,0.0,0.0
0.25,0.0,0.0,0.0
0.3,0.0,0.0,0.0
0.35,0.0,0.0,0.0
0.4,0.0,0.0,0.0
0.45,0.0,0.0,0.0
0.5,0.0,0.0,0.0
0.55,0.0,0.0,0.0
0.6,0.0,0.0,0.0
0.65,0.0,0.0,0.0
0.7,0.0,0.0,0.0
0.75,0.0,0.0,0.0
0.8,0.0,0.0,0.0
0.85,0.0,0.0,0.0
0.9,0.0,0.0,0.0
0.95,0.0,0.0,0.0
1.0,0.0,0.0,0.0
1.05,0.0,0.0,0.0
1.1,0.0,0.0,0.0
1.15,0.0,0.0,0.0
1.2,0.0,0.0,0.0
1.25,0.0,0.0,0.0
1.3,0.0,0.0,0.0
1.35,0.0,0.0,0.0
1.4,0.0,0.0,0.0
1.45,0.0,0.0,0.0
1.5,0.0,0.0,0.0
1.55,0.0,0.0,0.0
1.6,0.0,0.0,0.0
1.65,0.0,0.0,0.0
1.7,0.0,0.0,0.0
1.75,0.0,0.0,0.0
1.8,0.0,0.0,0.0
1.85,0.0,0.0,0.0
1.9,0.0,0.0,0.0
1.95,0.0,0.0,0.0
2.0,0.0,0.0,0.0
2.05,0.0,0.0,0.0
2.1,0.0,0.0,0.0
2.15,0.0,0.0,0.0
2.2,0.0,0.0,0.0
2.25,0.0,0.0,0.0
2.3,0.0,0.0,0.0
2.35,0.0,0.0,0.0
2.4,0.0,0.0,0.0
2.45,0.0,0.0,0.0
2.5,0.0,0.0,0.0
2.55,0.0,0.0,0.0
2.6,0.0,0.0,0.0
2.65,0.0,0.0,0.0
2.7,0.0,0.0,0.0
2.75,0.0,0.0,0.0
2.8,0.0,0.0,0.0
2.85,0.0,0.0,0.0
2.9,0.0,0.0,0.0
2.95,0.0,0.0,0.0
3.0,0.0,0.0,0.0
3.05,0.0,0.0,0.0
3.1,0.0,0.0,0.0
3.15,0.0,0.0,0.0
3.2,0.0,0.0,0.0
3.25,0.0,0.0,0.0
3.3,0.0,0.0,0.0
3.35,0.0,0.0,0.0
3.4,0.0,0.0,0.0
3.45,0.0,0.0,0.0
3.5,0.0,0.0,0.0
3.55,0.0,0.0,0.0
3.6,0.0,0.0,0.0
3.65,0.0,0.0,0.0
3.7,0.0,0.0,0.0
3.75,0.0,0.0,0.0
3.8,0.0,0.0,0.0
3.85,0.0,0.0,0.0
3.9,0.0,0.0,0.0
3.95,0.0,0.0,0.0
4.0,0.0,0.0,0.0
4.05,0.0,0.0,0.0
4.1,0.0,0.0,0.0
4.15,0.0,0.0,0.0
4.2,0.0,0.0,0.0
4.25,0.0,0.0,0.0
4.3,0.0,0.0,0.0
4.35,0.0,0.0,0.0
4.4,0.0,0.0,0.0
4.45,0.0,0.0,0.0
4.5,0.0,0.0,0.0
4.55,0.0,0.0,0.0
4.6,0.0,0.0,0.0
4.65,0.0,0.0,0.0
4.7,0.0,0.0,0.0
4.75,0.0,0.0,0.0
4.8,0.0,0.0,0.0
4.85,0.0,0.0,0.0
4.9,0.0,0.0,0.0
4.95,0.0,0.0,0.0
5.0,0.0,0.0,0.0
5.05,0.0,0.0,0.0
5.1,0.0,0.0,0.0
5.15,0.0,0.0,0.0
5.2,0.0,0.0,0.0
5.25,0.0,0.0,0.0
5.3,0.0,0.0,0.0
5.35,0.0,0.0,0.0
5.4,0.0,0.0,0.0
5.45,0.0,0.0,0.0
5.5,0.0,0.0,0.0
5.55,0.0,0.0,0.0
5.6,0.0,0.0,0.0
5.65,0.0,0.0,0.0
5.7,0.0,0.0,0.0
5.75,0.0,0.0,0.0
5.8,0.0,0.0,0.0
5.85,0.0,0.0,0.0
5.9,0.0,0.0,0.0
5.95,0.0,0.0,0.0
6.0,0.0,0.0,0.0
6.05,0.0,0.0,0.0
6.1,0.0,0.0,0.0
6.15,0.0,0.0,0.0
6.2,0.0,0.0,0.0
6.25,0.0,0.0,0.0
6.3,0.0,0.0,0.0
6.35,0.0,0.0,0.0
6.4,0.0,0.0,0.0
6.45,0.0,0.0,0.0
6.5,0.0,0.0,0.0
6.55,0.0,0.0,0.0
6.6,0.0,0.0,0.0
6.65,0.0,0.0,0.0
6.7,0.0,0.0,0.0
6.75,0.0,0.0,0.0
6.8,0.0,0.0,0.0
6.85,0.0,0.0,0.0
6.9,0.0,0.0,0.0
6.95,0.0,0.0,0.0
7.0,0.0,0.0,0.0
7.05,0.0,0.0,0.0
7.1,0.0,0.0,0.0
7.15,0.0,0.0,0.0
7.2,0.0,0.0,0.0
7.25,0.0,0.0,0.0
7.3,0.0,0.0,0.0
7.35,0.0,0.0,0.0
7.4,0.0,0.0,0.0
7.45,0.0,0.0,0.0
7.5,0.0,0.0,0.0
7.55,0.0,0.0,0.0
7.6,0.0,0.0,0.0
7.65,0.0,0.0,0.0
7.7,0.0,0.0,0.0
7.75,0.0,0.0,0.0
7.8,0.0,0.0,0.0
7.85,0.0,0.0,0.0
7.9,0.0,0.0,0.0
7.95,0.0,0.0,0.0
8.0,0.0,0.0,0.0
8.05,0.0,0.0,0.0
8.1,0.0,0.0,0.0
8.15,0.0,0.0,0.0
8.2,0.0,0.0,0.0
8.25,0.0,0.0,0.0
8.3,0.0,0.0,0.0
8.35,0.0,0.0,0.0
8.4,0.0,0.0,0.0
8.45,0.0,0.0,0.0
8.5,0.0,0.0,0.0
8.55,0.0,0.0,0.0
8.6,0.0,0.0,0.0
8.65,0.0,0.0,0.0
8.7,0.0,0.0,0.0
8.75,0.0,0.0,0.0
8.8,0.0,0.0,0.0
8.85,0.0,0.0,0.0
8.9,0.0,0.0,0.0
8.95,0.0,0.0,0.0
9.0,0.0,0.0,0.0
9.05,0.0,0.0,0.0
9.1,0.0,0.0,0.0
9.15,0.0,0.0,0.0
9.2,0.0,0.0,0.0
9.25,0.0,0.0,0.0
9.3,0.0,0.0,0.0
9.35,0.0,0.0,0.0
9.4,0.0,0.0,0.0
9.45,0.0,0.0,0.0
9.5,0.0,0.0,0.0
9.55,0.0,0.0,0.0
9.6,0.0,0.0,0.0
9.65,0.0,0.0,0.0
9.7,0.0,0.0,0.0
9.75,0.0,0.0,0.0
9.8,0.0,0.0,0.0
9.85,0.0,0.0,0.0
9.9,0.0,0.0,0.0
9.95,0.0,0.0,0.0
10.0,0.0,0.0,0.0
10.05,0.0,0.0,0.0
10.1,0.0,0.0,0.0
10.15,0.0,0.0,0.0
10.2,0.0,0.0,0.0
10.25,0.0,0.0,0.0
10.3,0.0,0.0,0.0
10.35,0.0,0.0,0.0
10.4,0.0,0.0,0.0
10.45,0.0,0.0,0.0
10.5,0.0,0.0,0.0
10.55,0.0,0.0,0.0
10.6,0.0,0.0,0.0
10.65,0.0,0.0,0.0
10.7,0.0,0.0,0.0
10.75,0.0,0.0,0.0
10.8,0.0,0.0,0.0
10.85,0.0,0.0,0.0
10.9,0.0,0.0,0.0
10.95,0.0,0.0,0.0
11.0,0.0,0.0,0.0
11.05,0.0,0.0,0.0
11.1,0.0,0.0,0.0
11.15,0.0,0.0,0.0
11.2,0.0,0.0,0.0
11.25,0.0,0.0,0.0
11.3,0.0,0.0,0.0
11.35,0.0,0.0,0.0
11.4,0.0,0.0,0.0
11.45,0.0,0.0,0.0
11.5,0.0,0.0,0.0
11.55,0.0,0.0,0.0
11.6,0.0,0.0,0.0
11.65,0.0,0.0,0.0
11.7,0.0,0.0,0.0
11.75,0.0,0.0,0.0
11.8,0.0,0.0,0.0
11.85,0.0,0.0,0.0
11.9,0.0,0.0,0.0
11.95,0.0,0.0,0.0
12.0,0.0,0.0,0.0
12.05,0.0,0.0,0.0
12.1,0.0,0.0,0.0
12.15,0.0,0.0,0.0
12.2,0.0,0.0,0.0
12.25,0.0,0.0,0.0
12.3,0.0,0.0,0.0
12.35,0.0,0.0,0.0
12.4,0.0,0.0,0.0
12.45,0.0,0.0,0.0
12.5,0.0,0.0,0.0
12.55,0.0,0.0,0.0
12.6,0.0,0.0,0.0
12.65,0.0,0.0,0.0
12.7,0.0,0.0,0.0
12.75,0.0,0.0,0.0
12.8,0.0,0.0,0.0
12.85,0.0,0.0,0.0
12.9,0.0,0.0,0.0
12.95,0.0,0.0,0.0
13.0,0.0,0.0,0.0
13.05,0.0,0.0,0.0
13.1,0.0,0.0,0.0
13.15,0.0,0.0,0.0
13.2,0.0,0.0,0.0
13.25,0.0,0.0,0.0
13.3,0.0,0.0,0.0
13.35,0.0,0.0,0.0
13.4,0.0,0.0,0.0
13.45,0.0,0.0,0.0
13.5,0.0,0.0,0.0
13.55,0.0,0.0,0.0
13.6,0.0,0.0,0.0
13.65,0.0,0.0,0.0
13.7,0.0,0.0,0.0
13.75,0.0,0.0,0.0
13.8,0.0,0.0,0.0
13.85,0.0,0.0,0.0
13.9,0.0,0.0,0.0
13.95,0.0,0.0,0.0
14.0,0.0,0.0,0.0
14.05,0.0,0.0,0.0
14.1,0.0,0.0,0.0
14.15,0.0,0.0,0.0
14.2,0.0,0.0,0.0
14.25,0.0,0.0,0.0
14.3,0.0,0.0,0.0
14.35,0.0,0.0,0.0
14.4,0.0,0.0,0.0
14.45,0.0,0.0,0.0
14.5,0.0,0.0,0.0
14.55,0.0,0.0,0.0
14.6,0.0,0.0,0.0
14.65,0.0,0.0,0.0
14.7,0.0,0.0,0.0
14.75,0.0,0.0,0.0
14.8,0.0,0.0,0.0
14.85,0.0,0.0,0.0
14.9,0.0,0.0,0.0
14.95,0.0,0.0,0.0
15.0,0.0,0.0,0.0
15.05,0.0,0.0,0.0
15.1,0.0,0.0,0.0
15.15,0.0,0.0,0.0
15.2,0.0,0.0,0.0
15.25,0.0,0.0,0.0
15.3,0.0,0.0,0.0
15.35,0.0,0.0,0.0
15.4,0.0,0.0,0.0
15.45,0.0,0.0,0.0
15.5,0.0,0.0,0.0
15.55,0.0,0.0,0.0
15.6,0.0,0.0,0.0
15.65,0.0,0.0,0.0
15.7,0.0,0.0,0.0
15.75,0.0,0.0,0.0
15.8,0.0,0.0,0.0
15.85,0.0,0.0,0.0
15.9,0.0,0.0,0.0
15.95,0.0,0.0,0.0
16.0,0.0,0.0,0.0
16.05,0.0,0.0,0.0
16.1,0.0,0.0,0.0
16.15,0.0,0.0,0.0
16.2,0.0,0.0,0.0
16.25,0.0,0.0,0.0
16.3,0.0,0.0,0.0
16.35,0.0,0.0,0.0
16.4,0.0,0.0,0.0
16.45,0.0,0.0,0.0
16.5,0.0,0.0,0.0
16.55,0.0,0.0,0.0
16.6,0.0,0.0,0.0
16.65,0.0,0.0,0.0
16.7,0.0,0.0,0.0
16.75,0.0,0.0,0.0
16.8,0.0,0.0,0.0
16.85,0.0,0.0,0.0
16.9,0.0,0.0,0.0
16.95,0.0,0.0,0.0
17.0,0.0,0.0,0.0
17.05,0.0,0.0,0.0
17.1,0.0,0.0,0.0
17.15,0.0,0.0,0.0
17.2,0.0,0.0,0.0
17.25,0.0,0.0,0.0
17.3,0.0,0.0,0.0
17.35,0.0,0.0,0.0
17.4,0.0,0.0,0.0
17.45,0.0,0.0,0.0
17.5,0.0,0.0,0.0
17.55,0.0,0.0,0.0
17.6,0.0,0.0,0.0
17.65,0.0,0.0,0.0
17.7,0.0,0.0,0.0
17.75,0.0,0.0,0.0
17.8,0.0,0.0,0.0
17.85,0.0,0.0,0.0
17.9,0.0,0.0,0.0
17.95,0.0,0.0,0.0
18.0,0.0,0.0,0.0
18.05,0.0,0.0,0.0
18.1,0.0,0.0,0.0
18.15,0.0,0.0,0.0
18.2,0.0,0.0,0.0
18.25,0.0,0.0,0.0
18.3,0.0,0.0,0.0
18.35,0.0,0.0,0.0
18.4,0.0,0.0,0.0
18.45,0.0,0.0,0.0
18.5,0.0,0.0,0.0
18.55,0.0,0.0,0.0
18.6,0.0,0.0,0.0
18.65,0.0,0.0,0.0
18.7,0.0,0.0,0.0
18.75,0.0,0.0,0.0
18.8,0.0,0.0,0.0
18.85,0.0,0.0,0.0
18.9,0.0,0.0,0.0
18.95,0.0,0.0,0.0
19.0,0.0,0.0,0.0
19.05,0.0,0.0,0.0
19.1,0.0,0.0,0.0
19.15,0.0,0.0,0.0
19.2,0.0,0.0,0.0
19.25,0.0,0.0,0.0
19.3,0.0,0.0,0.0
19.35,0.0,0.0,0.0
19.4,0.0,0.0,0.0
19.45,0.0,0.0,0.0
19.5,0.0,0.0,0.0
19.55,0.0,0.0,0.0
19.6,0.0,0.0,0.0
19.65,0.0,0.0,0.0
19.7,0.0,0.0,0.0
19.75,0.0,0.0,0.0
19.8,0.0,0.0,0.0
19.85,0.0,0.0,0.0
19.9,0.0,0.0,0.0
19.95,0.0,0.0,0.0
20.0,0.0,0.0,0.0
20.05,0.0,0.0,0.0
20.1,0.0,0.0,0.0
20.15,0.0,0.0,0.0
20.2,0.0,0.0,0.0
20.25,0.0,0.0,0.0
20.3,0.0,0.0,0.0
20.35,0.0,0.0,0.0
20.4,0.0,0.0,0.0
20.45,0.0,0.0,0.0
20.5,0.0,0.0,0.0
20.55,0.0,0.0,0.0
20.6,0.0,0.0,0.0
20.65,0.0,0.0,0.0
20.7,0.0,0.0,0.0
20.75,0.0,0.0,0.0
20.8,0.0,0.0,0.0
20.85,0.0,0.0,0.0
20.9,0.0,0.0,0.0
20.95,0.0,0.0,0.0
21.0,0.0,0.0,0.0
21.05,0.0,0.0,0.0
21.1,0.0,0.0,0.0
21.15,0.0,0.0,0.0
21.2,0.0,0.0,0.0
21.25,0.0,0.0,0.0
21.3,0.0,0.0,0.0
21.35,0.0,0.0,0.0
21.4,0.0,0.0,0.0
21.45,0.0,0.0,0.0
21.5,0.0,0.0,0.0
21.55,0.0,0.0,0.0
21.6,0.0,0.0,0.0
21.65,0.0,0.0,0.0
21.7,0.0,0.0,0.0
21.75,0.0,0.0,0.0
21.8,0.0,0.0,0.0
21.85,0.0,0.0,0.0
21.9,0.0,0.0,0.0
21.95,0.0,0.0,0.0
22.0,0.0,0.0,0.0
22.05,0.0,0.0,0.0
22.1,0.0,0.0,0.0
22.15,0.0,0.0,0.0
22.2,0.0,0.0,0.0
22.25,0.0,0.0,0.0
22.3,0.0,0.0,0.0
22.35,0.0,0.0,0.0
22.4,0.0,0.0,0.0
22.45,0.0,0.0,0.0
22.5,0.0,0.0,0.0
22.55,0.0,0.0,0.0
22.6,0.0,0.0,0.0
22.65,0.0,0.0,0.0
22.7,0.0,0.0,0.0
22.75,0.0,0.0,0.0
22.8,0.0,0.0,0.0
22.85,0.0,0.0,0.0
22.9,0.0,0.0,0.0
22.95,0.0,0.0,0.0
23.0,0.0,0.0,0.0
23.05,0.0,0.0,0.0
23.1,0.0,0.0,0.0
23.15,0.0,0.0,0.0
23.2,0.0,0.0,0.0
23.25,0.0,0.0,0.0
23.3,0.0,0.0,0.0
23.35,0.0,0.0,0.0
23.4,0.0,0.0,0.0
23.45,0.0,0.0,0.0
23.5,0.0,0.0,0.0
23.55,0.0,0.0,0.0
23.6,0.0,0.0,0.0
23.65,0.0,0.0,0.0
23.7,0.0,0.0,0.0
23.75,0.0,0.0,0.0
23.8,0.0,0.0,0.0
23.85,0.0,0.0,0.0
23.9,0.0,0.0,0.0
23.95,0.0,0.0,0.0
24.0,0.0,0.0,0.0
24.05,0.0,0.0,0.0
24.1,0.0,0.0,0.0
24.15,0.0,0.0,0.0
24.2,0.0,0.0,0.0
24.25,0.0,0.0,0.0
24.3,0.0,0.0,0.0
24.35,0.0,0.0,0.0
24.4,0.0,0.0,0.0
24.45,0.0,0.0,0.0
24.5,0.0,0.0,0.0
24.55,0.0,0.0,0.0
24.6,0.0,0.0,0.0
24.65,0.0,0.0,0.0
24.7,0.0,0.0,0.0
24.75,0.0,0.0,0.0
24.8,0.0,0.0,0.0
24.85,0.0,0.0,0.0
24.9,0.0,0.0,0.0
24.95,0.0,0.0,0.0
25.0,0.0,0.0,0.0
25.05,0.0,0.0,0.0
25.1,0.0,0.0,0.0
25.15,0.0,0.0,0.0
25.2,0.0,0.0,0.0
25.25,0.0,0.0,0.0
25.3,0.0,0.0,0.0
25.35,0.0,0.0,0.0
25.4,0.0,0.0,0.0
25.45,0.0,0.0,0.0
25.5,0.0,0.0,0.0
25.55,0.0,0.0,0.0
25.6,0.0,0.0,0.0
25.65,0.0,0.0,0.0
25.7,0.0,0.0,0.0
25.75,0.0,0.0,0.0
25.8,0.0,0.0,0.0
25.85,0.0,0.0,0.0
25.9,0.0,0.0,0.0
25.95,0.0,0.0,0.0
26.0,0.0,0.0,0.0
26.05,0.0,0.0,0.0
26.1,0.0,0.0,0.0
26.15,0.0,0.0,0.0
26.2,0.0,0.0,0.0
26.25,0.0,0.0,0.0
26.3,0.0,0.0,0.0
26.35,0.0,0.0,0.0
26.4,0.0,0.0,0.0
26.45,0.0,0.0,0.0
26.5,0.0,0.0,0.0
26.55,0.0,0.0,5.70432590052e-18
26.6,0.0,0.0,7.70856400236e-06
26.65,0.0,0.0,1.36582583061e-05
26.7,0.0,0.0,1.82504010673e-05
26.75,0.0,0.0,2.17947434661e-05
26.8,0.0,0.0,2.45303618898e-05
26.85,0.0,0.0,2.66417833522e-05
26.9,0.0,0.0,3.59799957239e-05
26.95,0.0,0.0,4.3187492502e-05
27.0,0.0,0.0,5.64590010088e-05
27.05,0.0,0.0,7.44108887447e-05
27.1,0.0,0.0,8.82666410138e-05
27.15,0.0,0.0,0.000106669457944
27.2,0.0,0.0,0.000120873264173
27.25,0.0,0.0,0.000131836146004
27.3,0.0,0.0,0.000148006150184
27.35,0.0,0.0,0.000160486599709
27.4,0.0,0.0,0.000170119321216
27.45,0.0,0.0,0.000177554107456
27.5,0.0,0.0,0.000183292444485
27.55,0.0,0.0,0.000187665207485
27.6,0.0,0.0,0.000198448449365
27.65,0.0,0.0,0.000206705364845
27.7,0.0,0.0,0.000220721555605
27.75,0.0,0.0,0.000231474934604
27.8,0.0,0.0,0.000247419092619
27.85,0.0,0.0,0.000259605459504
27.9,0.0,0.0,0.000268647890103
27.95,0.0,0.0,0.000275442545234
28.0,0.0,0.0,0.000280203105528
28.05,0.0,0.0,0.000283385160723
28.1,0.0,0.0,0.00028552911527
28.15,0.0,0.0,0.000286629766217
28.2,0.0,0.0,0.00028716185512
28.25,0.0,0.0,0.000287201735026
28.3,0.0,0.0,0.000286620359077
28.35,0.0,0.0,0.000285796727286
28.4,0.0,0.0,0.000284789738372
28.45,0.0,0.0,0.000283644279664
28.5,0.0,0.0,0.000282395510395
28.55,0.0,0.0,0.000281014087342
28.6,0.0,0.0,0.00027928939771
28.65,0.0,0.0,0.00027748127314
28.7,0.0,0.0,0.000275368118058
28.75,0.0,0.0,0.000273201476145
28.8,0.0,0.0,0.00027075397918
28.85,0.0,0.0,0.000268328139686
28.9,0.0,0.0,0.000265924046331
28.95,0.0,0.0,0.000271249793191
29.0,0.0,0.0,0.000274838038524
29.05,0.0,0.0,0.000277089911165
29.1,0.0,0.0,0.000278315254216
29.15,0.0,0.0,0.000278752672878
29.2,0.0,0.0,0.00027858653596
29.25,0.0,0.0,0.000277958780632
29.3,0.0,0.0,0.000276979739305
29.35,0.0,0.0,0.000275733490684
29.4,0.0,0.0,0.000274285601825
29.45,0.0,0.0,0.000272686167711
29.5,0.0,0.0,0.000270974312159
29.55,0.0,0.0,0.000269179969048
29.6,0.0,0.0,0.000267326459934
29.65,0.0,0.0,0.000265431289706
29.7,0.0,0.0,0.000263508156999
29.75,0.0,0.0,0.000262011835633
29.8,0.0,0.0,0.000264597443103
29.85,0.0,0.0,0.000266241357866
29.9,0.0,0.0,0.000267105578695
29.95,0.0,0.0,0.000267126790596
30.0,0.0,0.0,0.000266734864128
30.05,0.0,0.0,0.000266027912443
30.1,0.0,0.0,0.000265081681013
30.15,0.0,0.0,0.000263953950241
30.2,0.0,0.0,0.000262689905633
30.25,0.0,0.0,0.00026132393787
30.3,0.0,0.0,0.000259883234611
30.35,0.0,0.0,0.000258387903844
30.4,0.0,0.0,0.000256854016014
30.45,0.0,0.0,0.000255293869368
30.5,0.0,0.0,0.000253716549764
30.55,0.0,0.0,0.000252129491578
30.6,0.0,0.0,0.0002505384499
30.65,0.0,0.0,0.000248947243087
30.7,0.0,0.0,0.000247359356414
30.75,0.0,0.0,0.00024592712566
30.8,0.0,0.0,0.000247031185006
30.85,0.0,0.0,0.000247439635133
30.9,0.0,0.0,0.000247503247794
30.95,0.0,0.0,0.000250074219798
31.0,0.0,0.0,0.000251667507491
31.05,0.0,0.0,0.000252509844483
31.1,0.0,0.0,0.00025277624308
31.15,0.0,0.0,0.000252601209779
31.2,0.0,0.0,0.000252089049044
31.25,0.0,0.0,0.000251319857592
31.3,0.0,0.0,0.000250356408087
31.35,0.0,0.0,0.000249245666487
31.4,0.0,0.0,0.000248024490924
31.45,0.0,0.0,0.000246721547387
31.5,0.0,0.0,0.000245358495382
31.55,0.0,0.0,0.000244129168824
31.6,0.0,0.0,0.000246077038957
31.65,0.0,0.0,0.000247270967622
31.7,0.0,0.0,0.000247885914665
31.75,0.0,0.0,0.000248033746584
31.8,0.0,0.0,0.000247717583667
31.85,0.0,0.0,0.000250475313194
31.9,0.0,0.0,0.000252258507564
31.95,0.0,0.0,0.000253149557205
32.0,0.0,0.0,0.000257694123626
32.05,0.0,0.0,0.000260850729001
32.1,0.0,0.0,0.000262939036679
32.15,0.0,0.0,0.000264205891832
32.2,0.0,0.0,0.00026484178032
32.25,0.0,0.0,0.000264993698661
32.3,0.0,0.0,0.000264776068306
32.35,0.0,0.0,0.000264275392477
32.4,0.0,0.0,0.00026355921045
32.45,0.0,0.0,0.00026268013108
32.5,0.0,0.0,0.000261677797802
32.55,0.0,0.0,0.000260559962562
32.6,0.0,0.0,0.000259077483021
32.65,0.0,0.0,0.00025755184396
32.7,0.0,0.0,0.000255996270465
32.75,0.0,0.0,0.000254633738644
32.8,0.0,0.0,0.000255525746729
32.85,0.0,0.0,0.000255590950704
32.9,0.0,0.0,0.000255256290545
32.95,0.0,0.0,0.000254586175753
33.0,0.0,0.0,0.000253530609908
33.05,0.0,0.0,0.000256421555206
33.1,0.0,0.0,0.000258246932099
33.15,0.0,0.0,0.000259422132759
33.2,0.0,0.0,0.000263374009077
33.25,0.0,0.0,0.000266065410356
33.3,0.0,0.0,0.00026778757739
33.35,0.0,0.0,0.000268764752006
33.4,0.0,0.0,0.00026916979851
33.45,0.0,0.0,0.000269136606523
33.5,0.0,0.0,0.000268768337538
33.55,0.0,0.0,0.000268144355951
33.6,0.0,0.0,0.000267326211585
33.65,0.0,0.0,0.000266360968865
33.7,0.0,0.0,0.000265285138265
33.75,0.0,0.0,0.000264110180027
33.8,0.0,0.0,0.000262752823313
33.85,0.0,0.0,0.000264581254596
33.9,0.0,0.0,0.000265646008635
33.95,0.0,0.0,0.000266124633098
34.0,0.0,0.0,0.000266123989847
34.05,0.0,0.0,0.00026548498878
34.1,0.0,0.0,0.000264591700697
34.15,0.0,0.0,0.000263480647126
34.2,0.0,0.0,0.000261928307815
34.25,0.0,0.0,0.000260372706942
34.3,0.0,0.0,0.000263944019558
34.35,0.0,0.0,0.000266274362837
34.4,0.0,0.0,0.000267650470829
34.45,0.0,0.0,0.000268481301897
34.5,0.0,0.0,0.000271687265991
34.55,0.0,0.0,0.000273791438463
34.6,0.0,0.0,0.000275048487861
34.65,0.0,0.0,0.000276087323766
34.7,0.0,0.0,0.000281021918868
34.75,0.0,0.0,0.000284567148592
34.8,0.0,0.0,0.000287019101852
34.85,0.0,0.0,0.000288351476945
34.9,0.0,0.0,0.00028905729882
34.95,0.0,0.0,0.000289282578675
35.0,0.0,0.0,0.000289139631965
35.05,0.0,0.0,0.000288715570521
35.1,0.0,0.0,0.000288077097244
35.15,0.0,0.0,0.000287475374319
35.2,0.0,0.0,0.000289378461094
35.25,0.0,0.0,0.000290549836225
35.3,0.0,0.0,0.00029089588802
35.35,0.0,0.0,0.000290842333748
35.4,0.0,0.0,0.00029048295205
35.45,0.0,0.0,0.000289869090122
35.5,0.0,0.0,0.000288781193023
35.55,0.0,0.0,0.000287565970146
35.6,0.0,0.0,0.000286255600113
35.65,0.0,0.0,0.00028484301753
35.7,0.0,0.0,0.000282783315669
35.75,0.0,0.0,0.000280698581142
35.8,0.0,0.0,0.000278599445626
35.85,0.0,0.0,0.000276493393095
35.9,0.0,0.0,0.00027438608591
35.95,0.0,0.0,0.000272282238632
36.0,0.0,0.0,0.000270388728908
36.05,0.0,0.0,0.000271034898144
36.1,0.0,0.0,0.000271113005798
36.15,0.0,0.0,0.000270737218068
36.2,0.0,0.0,0.000269733020833
36.25,0.0,0.0,0.000268685298793
36.3,0.0,0.0,0.000269990846472
36.35,0.0,0.0,0.000270575747357
36.4,0.0,0.0,0.000270607974679
36.45,0.0,0.0,0.000270418742374
36.5,0.0,0.0,0.000272488944896
36.55,0.0,0.0,0.000273722438533
36.6,0.0,0.0,0.000274313368772
36.65,0.0,0.0,0.000274411547187
36.7,0.0,0.0,0.000274133437927
36.75,0.0,0.0,0.000273567358691
36.8,0.0,0.0,0.000272782375304
36.85,0.0,0.0,0.000271831559526
36.9,0.0,0.0,0.000270755621807
36.95,0.0,0.0,0.000269708939705
37.0,0.0,0.0,0.000273156899776
37.05,0.0,0.0,0.00027521000675
37.1,0.0,0.0,0.000276424853567
37.15,0.0,0.0,0.000276995979927
37.2,0.0,0.0,0.00027707429785
37.25,0.0,0.0,0.000276756317843
37.3,0.0,0.0,0.000275852598439
37.35,0.0,0.0,0.000274735592574
37.4,0.0,0.0,0.000273457514097
37.45,0.0,0.0,0.000272039958146
37.5,0.0,0.0,0.000270235662351
37.55,0.0,0.0,0.000268372230542
37.6,0.0,0.0,0.000266467086172
37.65,0.0,0.0,0.000264731247729
37.7,0.0,0.0,0.000265841183997
37.75,0.0,0.0,0.00026966179824
37.8,2.15993889441e-16,3.6509580766e-17,0.000274183630941
37.85,7.98808329398e-05,8.45590398198e-07,0.000277358055537
37.9,0.000154795669012,1.70231766018e-06,0.000279495303708
37.95,0.000225014975925,2.5816720386e-06,0.000280801377657
38.0,0.000290858642113,3.49663841219e-06,0.00028120138462
38.05,0.000352584904326,4.46456451884e-06,0.000281139814476
38.1,0.000410455746042,5.48910118672e-06,0.000280725046805
38.15,0.000464716135727,6.58843927552e-06,0.000280040923149
38.2,0.000515579515886,7.77048300366e-06,0.000279152545415
38.25,0.000563276984045,9.04243358206e-06,0.000278109377664
38.3,0.000607981383207,1.04200779693e-05,0.000276950187743
38.35,0.000649906537145,1.19038830346e-05,0.000275704371441
38.4,0.000689200848768,1.35090193988e-05,0.000274394803337
38.45,0.000726049451571,1.5243001821e-05,0.000273039111691
38.5,0.000760591125661,1.71079090587e-05,0.000271651653135
38.55,0.000792977848746,1.91192291496e-05,0.000270242343692
38.6,0.000823341679847,2.12757167102e-05,0.000268818966266
38.65,0.000851806773347,2.35878953638e-05,0.000267368133019
38.7,0.000878498043473,2.60638094473e-05,0.000265594581797
38.75,0.000903516346367,2.86994584581e-05,0.000263517364009
38.8,0.000903516346367,2.99921290524e-05,0.000261156784062
38.85,0.000894975715403,3.12694522026e-05,0.000258817090691
38.9,0.000886515592469,3.25204788022e-05,0.000256498101958
38.95,0.000878135221,3.3743479302e-05,0.000254199637477
39.0,0.000869833851517,3.49366174305e-05,0.00025208291076
39.05,0.000861610741559,3.60978662101e-05,0.000253599607193
39.1,0.00085346515562,3.72138588488e-05,0.000254528588038
39.15,0.000845396365081,3.82838563332e-05,0.000257146554706
39.2,0.00083740364815,3.92998827134e-05,0.000262374077237
39.25,0.000829486289792,4.02498181673e-05,0.000266043623462
39.3,0.000821643581674,4.11386566383e-05,0.000268513975761
39.35,0.000813874822093,4.19704283969e-05,0.000270061719522
39.4,0.000806179315925,4.2750930826e-05,0.000270900544784
39.45,0.000798556374553,4.34815297999e-05,0.000271195356672
39.5,0.000791005315814,4.41676784362e-05,0.000271073893675
39.55,0.000783525463936,4.48109158192e-05,0.000270634052023
39.6,0.000776116149476,4.54138455336e-05,0.000269951386672
39.65,0.000768776709266,4.59789151426e-05,0.000269084336742
39.7,0.000761506486349,4.65082263047e-05,0.000268078425047
39.75,0.000754304829926,4.70035923404e-05,0.000267169670062
39.8,0.000747171095295,4.7465459094e-05,0.000268761316862
39.85,0.00074010834251,4.78807060854e-05,0.000269705533694
39.9,0.000733112166575,4.82557267982e-05,0.000270152560264
39.95,0.000726181941843,4.85928113359e-05,0.00027021833478
40.0,0.000719317048525,4.8896643818e-05,0.000269966195868
40.05,0.000712516872636,4.91700364328e-05,0.00026919599667
40.1,0.000705780805942,4.94175965843e-05,0.000268247941494
40.15,0.000699108245907,4.96406835903e-05,0.000266853262386
40.2,0.000692498595635,4.98449388982e-05,0.000265077495992
40.25,0.000685951263825,5.0031712108e-05,0.00026324644265
40.3,0.000679465664711,5.02028254467e-05,0.000261376843427
40.35,0.000673041218017,5.03606559128e-05,0.000259648091359
40.4,0.0006666773489,5.05035702973e-05,0.000261364574411
40.45,0.000660373487905,5.06109587923e-05,0.000262409634476
40.5,0.00065412907091,5.06887326284e-05,0.000267276397492
40.55,0.000647943539079,5.07147128344e-05,0.000270659918472
40.6,0.00064181633881,5.07002618857e-05,0.000272901690087
40.65,0.00063574692169,5.06543838208e-05,0.000274265804124
40.7,0.000629734744443,5.05845449676e-05,0.000275141421669
40.75,0.000623779268885,5.04948161126e-05,0.000278467171899
40.8,0.000617879961873,5.03710515501e-05,0.000280623056139
40.85,0.000612039353946,5.02222212468e-05,0.000284392546419
40.9,0.000606253802355,5.00396952176e-05,0.000286970627232
40.95,0.000600522789712,4.98338219506e-05,0.000288632086451
41.0,0.000594845803479,4.96112760527e-05,0.000289588966265
41.05,0.000589222335915,4.93764787138e-05,0.000290005205865
41.1,0.000583651884036,4.91351046902e-05,0.000290006800275
41.15,0.000578133949568,4.88892195725e-05,0.000289691469629
41.2,0.000572668038903,4.86405035711e-05,0.000289134391554
41.25,0.00056725366306,4.83927418431e-05,0.000288393491696
41.3,0.000561890337634,4.81448171169e-05,0.000287513827514
41.35,0.000556577582759,4.78989127602e-05,0.000286504125058
41.4,0.000551314923066,4.76557074653e-05,0.000285120470076
41.45,0.000546101887637,4.74160964215e-05,0.000283653928097
41.5,0.000540938009967,4.71826483179e-05,0.000282041717208
41.55,0.000535822827921,4.69539781865e-05,0.000283435507913
41.6,0.000530755883693,4.67137021689e-05,0.000284129228998
41.65,0.000525736723768,4.64676347223e-05,0.000284286251997
41.7,0.000520764898879,4.62173295289e-05,0.000284010654753
41.75,0.000515839963969,4.59674749533e-05,0.000283124372597
41.8,0.000510961478151,4.57199770132e-05,0.000281988237844
41.85,0.000506131534079,4.54765455695e-05,0.000280378685705
41.9,0.000501347119345,4.52403182862e-05,0.000278643494631
41.95,0.000496607806094,4.50100109514e-05,0.00027681545791
42.0,0.000491913170475,4.47877127104e-05,0.000274920392644
42.05,0.000487262792608,4.45720992053e-05,0.000272977866967
42.1,0.000482656256547,4.4362774355e-05,0.000271002786826
42.15,0.000478093150238,4.41615901413e-05,0.000269007026161
42.2,0.000473573065489,4.3966341628e-05,0.00026699952825
42.25,0.00046909559793,4.37769005468e-05,0.000264987230913
42.3,0.000464660346981,4.35948855607e-05,0.000262975522398
42.35,0.000460266915811,4.34181859862e-05,0.000260968295804
42.4,0.000455914911309,4.32465895467e-05,0.000258968593123
42.45,0.000451603944045,4.30810334338e-05,0.000256978468375
42.5,0.00044733362824,4.29206527274e-05,0.000254977922694
42.55,0.000443103581725,4.27647953586e-05,0.000252693620358
42.6,0.000438913425914,4.26146731131e-05,0.000250429532102
42.65,0.000434762785769,4.24713736883e-05,0.000248185694659
42.7,0.000430651289765,4.23332610163e-05,0.000245961928902
42.75,0.000426578569857,4.21999951437e-05,0.000243758123587
42.8,0.000422544261451,4.20713301583e-05,0.000241574218378
42.85,0.000418550095083,4.19477563022e-05,0.000239409918874
42.9,0.000414593579619,4.18288085401e-05,0.000237265026897
42.95,0.000410674361237,4.17137669302e-05,0.000235139116011
43.0,0.000406792089431,4.16024391631e-05,0.000233262257839
43.05,0.000402946416978,4.14935867963e-05,0.000233251210769
43.1,0.000399136999906,4.13791180019e-05,0.000232834802238
43.15,0.000395363497465,4.12613813674e-05,0.00023210932914
43.2,0.000391625572095,4.11413439609e-05,0.000231324638689
43.25,0.000387922889401,4.1019419312e-05,0.000233592325368
43.3,0.000384255118117,4.08820497545e-05,0.00023498765635
43.35,0.000380621930082,4.07350597862e-05,0.000235712791282
43.4,0.000377023000208,4.05812273586e-05,0.000235923797056
43.45,0.000373458006453,4.04227411492e-05,0.00023574088795
43.5,0.000369926629793,4.02619513813e-05,0.000235257005457
43.55,0.00036642855419,4.01012572069e-05,0.00023454430949
43.6,0.00036296346657,3.99404495159e-05,0.000233874070126
43.65,0.000359531056791,3.97793964012e-05,0.000235269664853
43.7,0.000356131017616,3.96108419534e-05,0.000236222651453
43.75,0.000352763044688,3.94359496394e-05,0.000240360171388
43.8,0.000349426836502,3.92414521433e-05,0.000243310052675
43.85,0.000346123824142,3.90352196189e-05,0.000245345409153
43.9,0.00034285194754,3.8820054058e-05,0.000246797696557
43.95,0.000339610914101,3.85996879669e-05,0.00025234362696
44.0,0.000336400433971,3.83583032885e-05,0.000256401650157
44.05,0.00033322022001,3.81026735767e-05,0.000259024999669
44.1,0.000330069987767,3.78402025444e-05,0.000260778300968
44.15,0.000326949455456,3.75742749119e-05,0.000261862471182
44.2,0.00032385834393,3.7308122173e-05,0.000262409010887
44.25,0.000320796376656,3.70440461952e-05,0.000262264895654
44.3,0.000317763279691,3.67841650286e-05,0.000261825705505
44.35,0.00031475878166,3.65302932407e-05,0.000261161746148
44.4,0.000311782613729,3.62818888373e-05,0.000260327209334
44.45,0.000308834509581,3.60406754172e-05,0.000259363704488
44.5,0.000305914205396,3.58053911683e-05,0.000258303501301
44.55,0.000303021439825,3.55775012854e-05,0.00025717215284
44.6,0.000300155953968,3.53556848543e-05,0.000255972093771
44.65,0.000297317491349,3.51408763347e-05,0.000254618346775
44.7,0.000294505797898,3.49326876638e-05,0.000256277787855
44.75,0.000291720621922,3.47208378671e-05,0.000256928803186
44.8,0.00028896171409,3.45093909415e-05,0.000257039684497
44.85,0.00028623025785,3.42993920212e-05,0.000256737013604
44.9,0.000283524549608,3.40935478265e-05,0.000256084960513
44.95,0.000280844347403,3.38910740239e-05,0.000254899104473
45.0,0.000278189411535,3.36956992504e-05,0.000253539769433
45.05,0.000275559504552,3.35056132263e-05,0.000252051097955
45.1,0.000272954391225,3.33222663488e-05,0.000250466002765
45.15,0.000270373838527,3.31451844825e-05,0.000248999619528
45.2,0.000267817615617,3.29731950362e-05,0.000250512553572
45.25,0.000265285493811,3.27986401823e-05,0.000255552956078
45.3,0.000262777246572,3.26094586794e-05,0.000259093073938
45.35,0.000260292649483,3.24123595951e-05,0.000261478325498
45.4,0.000257831480228,3.22105606224e-05,0.000262975451682
45.45,0.000255393518575,3.20074280938e-05,0.000263790318835
45.5,0.000252978546355,3.18050525431e-05,0.000264081377211
45.55,0.000250586347444,3.1604783786e-05,0.000263971515843
45.6,0.000248216707741,3.14081920594e-05,0.000263554879589
45.65,0.000245869415152,3.12152284226e-05,0.000262882351902
45.7,0.000243544259571,3.10275952212e-05,0.000261735674555
45.75,0.000241241032858,3.08448038526e-05,0.000260461952804
45.8,0.000238959528827,3.06689566603e-05,0.00025909321254
45.85,0.00023670072614,3.04981573494e-05,0.000257654548214
45.9,0.000234463215996,3.03334102566e-05,0.000256165447124
45.95,0.000232246798301,3.01743517191e-05,0.000254640933138
46.0,0.000230051274835,3.00200921958e-05,0.00025309219132
46.05,0.000227876449234,2.98721076404e-05,0.000251528390853
46.1,0.000225722126973,2.97286780954e-05,0.000249955959859
46.15,0.00022358811535,2.95897770934e-05,0.000248359249399
46.2,0.000221474223465,2.94564327678e-05,0.000246435696376
46.25,0.00021938026221,2.93279387827e-05,0.00024422832266
46.3,0.000217306044246,2.92048065323e-05,0.00024204047785
46.35,0.000215251383988,2.90880117023e-05,0.000239871991856
46.4,0.000213216097592,2.8976151569e-05,0.000237722831585
46.45,0.000211200002935,2.88689424989e-05,0.000235592945812
46.5,0.0002092029196,2.87664118194e-05,0.000233481909534
46.55,0.00020722466886,2.8668851958e-05,0.000231389874865
46.6,0.000205265073664,2.8575251202e-05,0.000229434675459
46.65,0.000203323958618,2.84851587021e-05,0.000232192198634
46.7,0.000201401149972,2.83875759142e-05,0.000233896153718
46.75,0.000199496475604,2.82863509728e-05,0.000234790983282
46.8,0.000197609765006,2.81825142548e-05,0.000235272925342
46.85,0.000195741827492,2.80771151707e-05,0.000237888314557
46.9,0.000193891498041,2.79657312355e-05,0.000241846160689
46.95,0.000192058611184,2.78464586896e-05,0.000244586195931
47.0,0.000190243003,2.77214289932e-05,0.000246587004736
47.05,0.000188444511105,2.75926762553e-05,0.000250535086841
47.1,0.000186662974634,2.7457446929e-05,0.000253318957668
47.15,0.00018489823423,2.73173150131e-05,0.000255206575763
47.2,0.000183150132028,2.71750454191e-05,0.000256405299714
47.25,0.000181418511642,2.70326742998e-05,0.00025707465728
47.3,0.00017970321815,2.68903845365e-05,0.000257337330257
47.35,0.000178004098083,2.67502648576e-05,0.0002573694367
47.4,0.000176320999408,2.66119272348e-05,0.000262806516799
47.45,0.000174653771516,2.6464465136e-05,0.000266773371664
47.5,0.000173002265211,2.63124353563e-05,0.000269607494072
47.55,0.000171366332693,2.61570252063e-05,0.000271569525761
47.6,0.000169745827546,2.60016476233e-05,0.000272826079874
47.65,0.000168140604728,2.58465683366e-05,0.000273273148354
47.7,0.000166550520556,2.56940534401e-05,0.000273333017592
47.75,0.00016497543269,2.5544583135e-05,0.000273096611952
47.8,0.000163415200128,2.53982096961e-05,0.000272616218063
47.85,0.000161870492139,2.52562312271e-05,0.000271649160111
47.9,0.000160340345299,2.5118106924e-05,0.000270259140026
47.95,0.000158824622771,2.49856028308e-05,0.000268781388782
48.0,0.000157323189,2.48578884966e-05,0.000267220043945
48.05,0.0001558359097,2.47345681862e-05,0.000265315585142
48.1,0.000154362651842,2.46173187719e-05,0.000263385282638
48.15,0.000152903283646,2.45046435633e-05,0.000261439414525
48.2,0.000151457674563,2.43963894111e-05,0.000259485778302
48.25,0.000150025695268,2.42935612401e-05,0.000257530193477
48.3,0.000148607217648,2.41947882552e-05,0.000255576760262
48.35,0.000147202114789,2.40999104215e-05,0.000253588068012
48.4,0.000145810260966,2.40093548123e-05,0.000251316356174
48.45,0.000144431531633,2.39233674774e-05,0.000249064745465
48.5,0.000143065803409,2.38412686456e-05,0.00024683306078
48.55,0.00014171295407,2.37628828336e-05,0.000244621581959
48.6,0.000140372862538,2.3688320911e-05,0.000242429674396
48.65,0.000139045408867,2.36176447409e-05,0.000240257445704
48.7,0.000137730474237,2.35501676322e-05,0.000238104850181
48.75,0.00013642794094,2.34857481023e-05,0.000235971665904
48.8,0.000135137692371,2.34242518206e-05,0.00023385735894
48.85,0.000133860281991,2.3365572971e-05,0.000231762043569
48.9,0.000132594913085,2.33101386082e-05,0.000229685855276
48.95,0.000131341472496,2.32572342452e-05,0.000227628038033
49.0,0.000130099848124,2.32067519171e-05,0.000225588431802
49.05,0.000128869928922,2.31585889185e-05,0.000223567292343
49.1,0.000127651604881,2.31126469016e-05,0.000221564039665
49.15,0.000126444767021,2.30688328843e-05,0.000219578772122
49.2,0.000125249307386,2.30270579657e-05,0.000217611447945
49.25,0.000124065119028,2.29874607216e-05,0.00021566186431
49.3,0.000122892096004,2.29498846964e-05,0.00021372953324
49.35,0.000121730133361,2.29140843914e-05,0.00021181455918
49.4,0.000120579127129,2.28799874304e-05,0.000209917065953
49.45,0.000119438974313,2.28475906961e-05,0.0002080363626
49.5,0.000118309572884,2.2816771631e-05,0.000206172302861
49.55,0.000117190821767,2.27874587464e-05,0.000204325120479
49.6,0.000116082620834,2.27595920091e-05,0.000202494285385
49.65,0.000114984870895,2.27331146861e-05,0.000200679887466
49.7,0.000113897473692,2.27079722913e-05,0.000198881888549
49.75,0.000112820331885,2.26841126533e-05,0.000197100103266
49.8,0.000111753349046,2.26614860101e-05,0.000195334085642
49.85,0.000110696982864,2.26400452668e-05,0.000193583931129
49.9,0.00010965057449,2.26197460196e-05,0.000191849752895
49.95,0.000108614030346,2.26005953376e-05,0.000190130919451
50.0,0.000107587257731,2.25825815495e-05,0.000188427297124
50.05,0.000106570164813,2.25655728911e-05,0.00018673909954
50.1,0.000105562660619,2.2549531726e-05,0.000185065842253
50.15,0.000104564655027,2.2534422545e-05,0.000183407607412
50.2,0.000103576058763,2.25202110708e-05,0.00018176436013
50.25,0.000102596783384,2.25068643606e-05,0.000180135930995
50.3,0.00010162674128,2.24943509306e-05,0.000178521912414
50.35,0.000100665845659,2.24826410251e-05,0.000176922391626
50.4,9.9714010542e-05,2.24717058444e-05,0.000175337472057
50.45,9.87711507572e-05,2.2461517472e-05,0.00017376657657
50.5,9.78371819295e-05,2.24520497887e-05,0.000172209582998
50.55,9.69120204743e-05,2.24432777597e-05,0.000170666686579
50.6,9.59955835904e-05,2.24351769374e-05,0.000169137444563
50.65,9.50877892522e-05,2.24277243266e-05,0.00016762193203
50.7,9.41885562029e-05,2.24208975967e-05,0.000166120117094
50.75,9.32978039468e-05,2.2414675198e-05,0.000164631844925
50.8,9.24154527427e-05,2.24090364979e-05,0.00016315674301
50.85,9.15418810797e-05,2.24039620482e-05,0.00016169489108
50.9,9.06765441167e-05,2.23994336568e-05,0.00016024638366
50.95,8.9819364469e-05,2.23954753551e-05,0.000158810693285
51.0,8.89702654767e-05,2.23920588117e-05,0.000157387708304
51.05,8.8129171198e-05,2.23891361787e-05,0.000155977607151
51.1,8.72960064019e-05,2.2386691146e-05,0.000154579985183
51.15,8.64706965626e-05,2.23847084444e-05,0.000153194911018
51.2,8.56531678517e-05,2.23831731414e-05,0.000151822355513
51.25,8.48433471328e-05,2.23820707598e-05,0.000150462177165
51.3,8.40411619544e-05,2.23813874158e-05,0.000149114035524
51.35,8.32465405436e-05,2.23811100752e-05,0.000147778003457
51.4,8.24594117998e-05,2.23812259414e-05,0.000146454167353
51.45,8.16797052888e-05,2.23817224208e-05,0.000145142045148
51.5,8.09073512358e-05,2.23826863809e-05,0.000143841534797
51.55,8.01422805201e-05,2.23840164373e-05,0.00014255279938
51.6,7.93844246683e-05,2.23856976598e-05,0.000141275469078
51.65,7.86337158486e-05,2.23877195623e-05,0.000140009606604
51.7,7.78900868649e-05,2.23900718035e-05,0.000138755185325
51.75,7.71534711507e-05,2.23927443046e-05,0.000137512075915
51.8,7.64238027633e-05,2.23957273852e-05,0.000136279967227
51.85,0.000155582227637,2.37260685574e-05,0.000135058925856
51.9,0.000229781465403,2.52088081842e-05,0.000133849030757
51.95,0.000299291919778,2.68505472701e-05,0.000132649841355
52.0,0.000364433415798,2.86618612599e-05,0.000131461264389
52.05,0.000425464127415,3.0664400254e-05,0.000130283448901
52.1,0.000482645975893,3.28570274063e-05,0.000129116056904
52.15,0.000536223868068,3.52643068306e-05,0.000127959145713
52.2,0.000586411185393,3.78965508577e-05,0.000126812690986
52.25,0.000633438964911,4.0761562469e-05,0.00012567657453
52.3,0.000677479989712,4.38840622802e-05,0.000124550511976
52.35,0.000718748024217,4.72632856143e-05,0.000123434564189
52.4,0.000757391412535,5.09234030122e-05,0.000122328803327
52.45,0.000793595229917,5.48759049619e-05,0.000121232826735
52.5,0.000827498198769,5.91241740601e-05,0.00012014654918
52.55,0.000859252239637,6.36951871347e-05,0.000119070106875
52.6,0.000888989354919,6.85854010153e-05,0.000118003190924
52.65,0.000916833642904,7.38163378659e-05,0.000116945853708
52.7,0.00094290996225,7.93978390799e-05,0.000115898072981
52.75,0.000967319114051,8.53294021033e-05,0.000114859740721
52.8,0.000966715708113,8.92682761745e-05,0.000113830597037
52.85,0.0009575776752,9.32173189528e-05,0.000112810697553
52.9,0.000948525781711,9.71418235976e-05,0.000111800108218
52.95,0.00093955921816,0.000101033104227,0.000110798461032
53.0,0.000930677182644,0.000104884887509,0.000109805678098
53.05,0.000921878880767,0.000108692140934,0.000108821883907
53.1,0.000913163525577,0.000112449682125,0.000107846796147
53.15,0.000904530337488,0.000116152201874,0.000106880462691
53.2,0.000895978544221,0.00011979693527,0.00010592286321
53.25,0.000887507380725,0.000123380159284,0.000104973898977
53.3,0.00087911608912,0.000126897734373,0.00010403333247
53.35,0.000870803918621,0.000130346390443,0.000103101214526
53.4,0.000862570125481,0.000133727514387,0.000102177605417
53.45,0.000854413972916,0.00013703586022,0.000101262168817
53.5,0.000846334731046,0.000140270392051,0.000100354833534
53.55,0.00083833167683,0.000143430051382,9.94557133424e-05
53.6,0.000830404093999,0.000146513759312,9.85645502301e-05
53.65,0.000822551272997,0.000149520431338,9.768138795e-05
53.7,0.000814772510916,0.000152453014797,9.68062079207e-05
53.75,0.000807067111433,0.000155307789143,9.59389199149e-05
53.8,0.00079943438475,0.000158083576866,9.5079306852e-05
53.85,0.000791877604967,0.000160786646254,9.42274151945e-05
53.9,0.000784392058967,0.000163409919526,9.33833000269e-05
53.95,0.000776977077338,0.000165961390646,9.25466539703e-05
54.0,0.00076963199694,0.000168436332975,9.17174119594e-05
54.05,0.00076235616084,0.000170836457481,9.0895677977e-05
54.1,0.000755148918259,0.00017316645702,9.00812162176e-05
54.15,0.000748009624515,0.000175423595407,8.92740666681e-05
54.2,0.00074093764096,0.000177609481615,8.84742123466e-05
54.25,0.000733932334933,0.000179725666374,8.76815707915e-05
54.3,0.000726993079694,0.000181773646798,8.6895943606e-05
54.35,0.000720119254378,0.00018375509364,8.61173732538e-05
54.4,0.000713310243933,0.000185671286497,8.53459100781e-05
54.45,0.000706565439072,0.00018752347728,8.4581273156e-05
54.5,0.000699884236212,0.000189312974273,8.3823403022e-05
54.55,0.000693266037428,0.000191041042795,8.30723947095e-05
54.6,0.000686710250397,0.000192708901965,8.23280327084e-05
54.65,0.000680216288342,0.000194317736613,8.15903535639e-05
54.7,0.000673783569988,0.000195870451336,8.08593417558e-05
54.75,0.000667411519505,0.00019736892585,8.01349219199e-05
54.8,0.000661099566458,0.000198812215353,7.94169127351e-05
54.85,0.000654850418393,0.000200201343172,7.87053530103e-05
54.9,0.000648660177755,0.000201542711783,7.80002887557e-05
54.95,0.00064252829097,0.000202832642325,7.73014632272e-05
55.0,0.000636454209644,0.000204073279333,7.66088220774e-05
55.05,0.000630437390525,0.000205269389291,7.59224521602e-05
55.1,0.000624477295442,0.000206416836082,7.52421565142e-05
55.15,0.00061857339127,0.000207523420262,7.45679685394e-05
55.2,0.000612725149875,0.000208583998697,7.38998740511e-05
55.25,0.000606932048069,0.000209605519139,7.32378041719e-05
55.3,0.000601193567567,0.000210583649215,7.25815931866e-05
55.35,0.000595509194936,0.000211525680874,7.19312765639e-05
55.4,0.000589878421556,0.000212426303846,7.1286896354e-05
55.45,0.000584300743569,0.000213293076719,7.06482179104e-05
55.5,0.000578775661839,0.000214122287007,7.00151915634e-05
55.55,0.000573302681904,0.000214916825862,6.93878966915e-05
55.6,0.000567881313938,0.000215679040801,6.87661532854e-05
55.65,0.000562511072701,0.000216406360205,6.81499918705e-05
55.7,0.000557191477503,0.000217103536399,6.7539399483e-05
55.75,0.000551922052153,0.000217770106316,6.69343131735e-05
55.8,0.000546702324928,0.00021840511862,6.63345814899e-05
55.85,0.000541534534857,0.000219012246407,6.57402368481e-05
55.9,0.00053641545882,0.000219592487628,6.51513176791e-05
55.95,0.000531344639034,0.000220144138497,6.45676095322e-05
56.0,0.000526321622002,0.000220668157374,6.39890670126e-05
56.05,0.000521345958474,0.000221169018526,6.34157626667e-05
56.1,0.000516417203406,0.000221644432537,6.28475319787e-05
56.15,0.000511534915925,0.000222094695413,6.22844028464e-05
56.2,0.000506698659286,0.00022252061393,6.1726363422e-05
56.25,0.000501908000834,0.000222924718769,6.11733561739e-05
56.3,0.000497162511967,0.000223307477893,6.06252426855e-05
56.35,0.0004924617681,0.00022366798004,6.00820525826e-05
56.4,0.000487805348622,0.000224006907224,5.95438209885e-05
56.45,0.000483192836864,0.000224324909721,5.90103519099e-05
56.5,0.000478623820062,0.000224622655796,5.84816038592e-05
56.55,0.000474097889315,0.000224903161013,5.79576431389e-05
56.6,0.000469614639557,0.000225164430342,5.74383193926e-05
56.65,0.000465173669515,0.000225407020676,5.69236581173e-05
56.7,0.000460774581676,0.000225631463455,5.64136484847e-05
56.75,0.000456416982253,0.000225838267245,5.59082379151e-05
56.8,0.000452100481147,0.000226027920468,5.54072999049e-05
56.85,0.000447826929945,0.000226200895354,5.49108615303e-05
56.9,0.00044359366326,0.000226357760562,5.44189548916e-05
56.95,0.000439400302521,0.000226500255831,5.39314008643e-05
57.0,0.000435246472707,0.000226627420942,5.34481615316e-05
57.05,0.000431131802304,0.000226739758226,5.29692974894e-05
57.1,0.000427055923282,0.000226837426668,5.24946713225e-05
57.15,0.000423018471055,0.00022692079967,5.20243063331e-05
57.2,0.000419019084453,0.000226990234122,5.15581926251e-05
57.25,0.000415057405689,0.000227046072482,5.10962821441e-05
57.3,0.000411133080325,0.000227088645002,5.06384592748e-05
57.35,0.000407245757248,0.000227118308734,5.01847487627e-05
57.4,0.000403395088629,0.00022713569231,4.97351799453e-05
57.45,0.000399580729901,0.00022714073594,4.92895891152e-05
57.5,0.000395802339723,0.000227133728237,4.88479416191e-05
57.55,0.000392059579952,0.000227114947882,4.84102928375e-05
57.6,0.000388352115615,0.000227084660465,4.79765171822e-05
57.65,0.000384679614875,0.000227043126382,4.754663595e-05
57.7,0.000381041749006,0.000226990595247,4.71206400963e-05
57.75,0.000377438192361,0.000226927307599,4.66984857029e-05
57.8,0.000373868622345,0.000226853496742,4.62800671053e-05
57.85,0.000370334570144,0.000226769391633,4.58654069192e-05
57.9,0.000366833831592,0.00022667522586,4.54545319571e-05
57.95,0.000363366093627,0.000226571209646,4.50472926016e-05
58.0,0.000359931046121,0.000226457551769,4.4643657182e-05
58.05,0.000356528381849,0.000226334455009,4.42436763123e-05
58.1,0.000353157796463,0.000226202113111,4.38472352135e-05
58.15,0.000349818988466,0.000226060717829,4.34543533494e-05
58.2,0.000346511659185,0.000225910453698,4.3065022454e-05
58.25,0.000343235512745,0.000225751499451,4.26792023889e-05
58.3,0.000339990256041,0.000225584029567,4.2296796584e-05
58.35,0.000336775598716,0.00022540821677,4.19178257086e-05
58.4,0.00033359125313,0.000225224227468,4.15423142675e-05
58.45,0.000330436934339,0.000225032221844,4.11701255206e-05
58.5,0.00032731236007,0.00022483238204,4.08012305232e-05
58.55,0.000324217250691,0.000224625175931,4.04356755329e-05
58.6,0.000321151329194,0.000224410423764,4.00733556496e-05
58.65,0.000318114321163,0.000224188275593,3.97142886618e-05
58.7,0.000315105954754,0.000223958876369,3.93584670151e-05
58.75,0.000312125960672,0.000223722367145,3.90058540257e-05
58.8,0.000309174072143,0.00022347918448,3.86563614352e-05
58.85,0.000306251555396,0.0002232300996,3.83100081339e-05
58.9,0.000303356587674,0.000222974685008,3.79668165174e-05
58.95,0.000300488910091,0.000222712848576,3.76266616148e-05
59.0,0.00029764826618,0.000222444638449,3.72895169726e-05
59.05,0.00029483440188,0.000222170181467,3.6955424867e-05
59.1,0.000292047065508,0.000221889599411,3.66242894266e-05
59.15,0.000289286007739,0.000221603014626,3.62961269089e-05
59.2,0.000286550981581,0.000221310545603,3.59709304096e-05
59.25,0.000283841742358,0.000221012308003,3.56486664022e-05
59.3,0.000281158047685,0.000220708415801,3.53292542247e-05
59.35,0.000278499657447,0.000220399209654,3.50127111415e-05
59.4,0.000275866333779,0.000220086049405,3.46990576207e-05
59.45,0.000273257841044,0.00021976761608,3.43881794475e-05
59.5,0.000270673945812,0.000219444017802,3.4080052445e-05
59.55,0.000268114416841,0.000219115360917,3.37747152509e-05
59.6,0.000265579025055,0.000218781747586,3.34720802454e-05
59.65,0.000263067543524,0.000218443280814,3.31721622866e-05
59.7,0.000260579747444,0.000218100060443,3.28749550645e-05
59.75,0.000258115414119,0.000217752184047,3.25804279383e-05
59.8,0.000255674322937,0.000217400577634,3.22885071884e-05
59.85,0.000253257521019,0.000217045704959,3.19992085931e-05
59.9,0.000250863501019,0.000216686517948,3.17125508591e-05
59.95,0.000248492048848,0.000216323106361,3.14284296017e-05
60.0,0.00024614295242,0.000215955561717,3.11468227251e-05
60.05,0.000243816001635,0.000215584231193,3.08677655414e-05
60.1,0.000241510988363,0.000215209027455,3.05911779721e-05
60.15,0.000239227706422,0.000214829955984,3.03170735966e-05
60.2,0.000236965951559,0.00021444893794,3.00454466479e-05
60.25,0.000234725521438,0.000214064655673,2.97762691223e-05
60.3,0.000232506215615,0.000213676796317,2.95094736453e-05
60.35,0.000230307835526,0.000213285441272,2.92450746373e-05
60.4,0.000228130184466,0.000212890847476,2.89830891946e-05
60.45,0.000225973067573,0.000212493102554,2.87234219171e-05
60.5,0.00022383629181,0.000212092095836,2.84660526106e-05
60.55,0.000221719665949,0.00021169009956,2.8211013548e-05
60.6,0.000219623000553,0.000211285249538,2.79582315429e-05
60.65,0.000217546107961,0.00021087740014,2.77077190061e-05
60.7,0.000215488802269,0.000210466622187,2.74594706669e-05
60.75,0.000213450899317,0.000210052984754,2.72134609319e-05
60.8,0.000211432216668,0.000209636555957,2.69696282254e-05
60.85,0.000209433620246,0.000209218574022,2.67279857266e-05
60.9,0.000207453863541,0.000208799354048,2.64885490605e-05
60.95,0.000205492769507,0.000208377585744,2.62512310378e-05
61.0,0.000203550162759,0.00020795333346,2.60160132024e-05
61.05,0.000201625869554,0.000207526660399,2.57829250496e-05
61.1,0.000199719717775,0.00020709762686,2.55518996921e-05
61.15,0.000197831536918,0.00020666718628,2.53229484724e-05
61.2,0.000195961158075,0.000206236306466,2.50960665735e-05
61.25,0.000194108413922,0.000205803278446,2.48712306048e-05
61.3,0.000192273138701,0.000205368158104,2.46483842903e-05
61.35,0.000190455168207,0.000204931001684,2.4427539675e-05
61.4,0.000188654339773,0.000204491863293,2.42087110389e-05
61.45,0.000186870492255,0.000204052059846,2.39918186972e-05
61.5,0.00018510346602,0.000203611910002,2.37768457821e-05
61.55,0.000183353102931,0.000203170114173,2.35638192503e-05
61.6,0.000181619246331,0.000202726750727,2.33526779715e-05
61.65,0.000179901741032,0.000202281695873,2.31434323119e-05
61.7,0.000178200433299,0.000201834997347,2.29360778692e-05
61.75,0.000176515170839,0.000201388898817,2.27305932658e-05
61.8,0.000174845802783,0.000200941937294,2.25269270695e-05
61.85,0.000173193045218,0.00020049350154,2.23250902884e-05
61.9,0.000171555867327,0.000200043704234,2.21250959737e-05
61.95,0.000169934122703,0.000199592806304,2.19268712987e-05
62.0,0.00016832766631,0.000199141266238,2.17304008477e-05
62.05,0.000166736354467,0.000198690667675,2.1535709257e-05
62.1,0.000165160044842,0.00019823884152,2.13427406578e-05
62.15,0.000163598596436,0.000197785827396,2.11515045241e-05
62.2,0.000162051869568,0.000197331663233,2.09619968324e-05
62.25,0.000160519725868,0.000196876385767,2.07741980454e-05
62.3,0.000159002028261,0.000196422478986,2.05880611571e-05
62.35,0.000157498640956,0.000195968091437,2.04035962286e-05
62.4,0.000156009429433,0.000195512726583,2.02208151875e-05
62.45,0.000154534260435,0.000195056417176,2.00396514753e-05
62.5,0.00015307300195,0.000194599197031,1.98600910031e-05
62.55,0.000151625523206,0.000194142632647,1.96821562869e-05
62.6,0.000150191694654,0.000193686731674,1.95057962663e-05
62.65,0.000148771387959,0.000193230043312,1.93310196e-05
62.7,0.000147364475989,0.000192772597383,1.91578226107e-05
62.75,0.000145970832805,0.000192314422699,1.89861874427e-05
62.8,0.000144590333643,0.000191856376203,1.88160711358e-05
62.85,0.000143223570678,0.000191399902506,1.8647482885e-05
62.9,0.000141869691468,0.000190942815848,1.84804335915e-05
62.95,0.000140528574938,0.00019048514155,1.83148624253e-05
63.0,0.00013920010115,0.000190026905939,1.81507565101e-05
63.05,0.000137884151287,0.000189568481708,1.7988136424e-05
63.1,0.000136580607645,0.000189112594436,1.78269555013e-05
63.15,0.000135289353623,0.000188656246501,1.76672216555e-05
63.2,0.000134010273712,0.000188199460881,1.75089315258e-05
63.25,0.000132743253485,0.00018774225972,1.73520687932e-05
63.3,0.000131488179586,0.000187284664772,1.71965941953e-05
63.35,0.000130244939722,0.000186829717,1.70425161354e-05
63.4,0.000129013422651,0.000186374541119,1.68898445766e-05
63.45,0.000127793518174,0.000185919340519,1.67385239244e-05
63.5,0.000126585117123,0.000185463893079,1.65885424108e-05
63.55,0.000125388111354,0.000185008179935,1.64399188428e-05
63.6,0.000124202393736,0.000184554998789,1.62926105711e-05
63.65,0.000123027858142,0.000184101965044,1.61466248281e-05
63.7,0.000121864399438,0.000183648744137,1.60019585422e-05
63.75,0.000120711913477,0.000183195352989,1.58585967991e-05
63.8,0.000119570297086,0.00018274180823,1.57165037155e-05
63.85,0.000118440039968,0.000182290759868,1.55756869717e-05
63.9,0.000117320437189,0.000181840126373,1.54361556729e-05
63.95,0.000116211388625,0.000181389413772,1.52978590099e-05
64.0,0.000115112795092,0.000180938637554,1.51607862274e-05
64.05,0.000114024558333,0.000180487812839,1.50249545137e-05
64.1,0.000112946581012,0.000180039511906,1.48903248904e-05
64.15,0.000111878766704,0.000179591801678,1.47569039673e-05
64.2,0.000110821019889,0.000179144106448,1.46246889372e-05
64.25,0.000109773245939,0.000178696438943,1.44936661694e-05
64.3,0.000108735351114,0.000178248811681,1.4363802869e-05
64.35,0.000107707242553,0.000177803773652,1.42351060554e-05
64.4,0.000106688828262,0.000177359435248,1.41075840502e-05
64.45,0.000105680017112,0.000176915194153,1.39811904171e-05
64.5,0.000104680718826,0.000176471062164,1.38559153265e-05
64.55,0.000103690843972,0.000176027050799,1.37317744874e-05
64.6,0.000102710303958,0.000175585953844,1.36087322762e-05
64.65,0.00010173901102,0.00017514566068,1.34867947337e-05
64.7,0.000100776878218,0.000174705540689,1.33659592946e-05
64.75,9.98238194256e-05,0.000174265603406,1.32462135011e-05
64.8,9.88797493238e-05,0.000173825858227,1.31275273811e-05
64.85,9.79450728764e-05,0.000173388895459,1.30099073497e-05
64.9,9.70192071316e-05,0.000172952728761,1.28933610123e-05
64.95,9.61020692918e-05,0.000172516975602,1.27778459294e-05
65.0,9.5193577335e-05,0.000172081599819,1.26633531174e-05
65.05,9.42936500071e-05,0.000171646484235,1.25498969331e-05
65.1,9.34022068152e-05,0.000171214252924,1.24374448192e-05
65.15,9.25191680201e-05,0.000170782834328,1.23260022965e-05
65.2,9.16444546297e-05,0.000170351718137,1.22155670204e-05
65.25,9.07779883916e-05,0.000169920911341,1.21061276054e-05
65.3,8.99196917865e-05,0.00016949042084,1.19976566591e-05
65.35,8.9069488021e-05,0.000169062896728,1.18901600444e-05
65.4,8.82273010214e-05,0.000168636200802,1.17836447121e-05
65.45,8.73930554264e-05,0.000168209859324,1.16780718754e-05
65.5,8.65666765809e-05,0.000167783878884,1.15734333241e-05
65.55,8.5748090529e-05,0.000167358265918,1.14697421791e-05
65.6,8.4937224008e-05,0.000166935674184,1.13669686854e-05
65.65,8.41340044414e-05,0.000166513939261,1.12651178885e-05
65.7,8.33383599327e-05,0.000166092606754,1.11641876457e-05
65.75,8.25502192591e-05,0.000165671681793,1.10641675514e-05
65.8,8.17695118653e-05,0.000165251169452,1.09650325709e-05
65.85,8.09965726399e-05,0.000164833696647,1.08667880624e-05
65.9,8.02309195054e-05,0.000164417135774,1.07694403785e-05
65.95,7.94724839917e-05,0.000164001021865,1.06729540708e-05
66.0,7.87211982699e-05,0.000163585359736,1.05773216355e-05
66.05,7.79769951462e-05,0.000163170154088,1.04825550645e-05
66.1,7.72398080563e-05,0.000162758101726,1.03886271635e-05
66.15,7.65095710591e-05,0.000162347164946,1.02955425441e-05
66.2,7.57862188313e-05,0.000161936714122,1.02032992476e-05
66.25,7.50696866615e-05,0.000161526752862,1.01118877643e-05
66.3,7.43599104442e-05,0.000161117284749,1.00212852141e-05
66.35,7.36568266746e-05,0.000160710747178,9.93149649397e-06
66.4,7.29603724428e-05,0.00016030534056,9.84252740986e-06
66.45,7.22704854281e-05,0.000159900528575,9.75434556427e-06
66.5,7.15871038937e-05,0.000159496439914,9.66694409934e-06
66.55,7.09101666812e-05,0.000159092878123,9.5803339748e-06
66.6,7.02396132052e-05,0.000158692100773,9.49449033692e-06
66.65,6.9575383448e-05,0.000158292639905,9.4094174003e-06
66.7,6.89174179542e-05,0.000157893729996,9.32511337505e-06
66.75,6.82656578253e-05,0.000157495373538,9.24156956979e-06
66.8,6.76200447151e-05,0.000157097573012,9.15876507364e-06
66.85,6.69808555626e-05,0.00015670234054,9.07670436225e-06
66.9,6.63476917096e-05,0.00015630867255,8.99539274176e-06
66.95,6.57204965341e-05,0.000155915584583,8.9148006031e-06
67.0,6.50992139442e-05,0.000155523079025,8.83492167866e-06
67.05,6.44837883736e-05,0.000155131158206,8.75576598488e-06
67.1,6.38741647762e-05,0.000154741514424,8.67731080717e-06
67.15,6.32702886214e-05,0.000154353749275,8.59955999737e-06
67.2,6.26721058896e-05,0.000153966588935,8.52251191965e-06
67.25,6.2079563067e-05,0.000153580034981,8.44615863068e-06
67.3,6.1492607141e-05,0.000153194088997,8.37048101937e-06
67.35,6.09111855958e-05,0.000152810044991,8.29548317615e-06
67.4,6.03352464075e-05,0.000152428268338,8.22116995046e-06
67.45,5.97647380392e-05,0.000152047117935,8.14751428164e-06
67.5,5.91996094374e-05,0.000151666595367,8.07451044155e-06
67.55,5.86398100265e-05,0.000151286702177,8.00216758452e-06
67.6,5.80852897047e-05,0.000150908306307,7.93046495096e-06
67.65,5.753599884e-05,0.000150532826775,7.8594060612e-06
67.7,5.6991888265e-05,0.000150157994026,7.78898942021e-06
67.75,5.64529092733e-05,0.000149783808947,7.71920776833e-06
67.8,5.59190136148e-05,0.000149410272441,7.65004363933e-06
67.85,5.53904303069e-05,0.00014903762264,7.58150077158e-06
67.9,5.48668296753e-05,0.000148668266139,7.51358359714e-06
67.95,5.43481648962e-05,0.000148299575271,7.44626738444e-06
68.0,5.38343895837e-05,0.000147931798611,7.37954689833e-06
68.05,5.33254577868e-05,0.000147564697572,7.31343050526e-06
68.1,5.28213239846e-05,0.000147198264924,7.24789923238e-06
68.15,5.23219430827e-05,0.000146834896656,7.18295629704e-06
68.2,5.18272704089e-05,0.000146472654979,7.11860033288e-06
68.25,5.13372617094e-05,0.000146111095434,7.05482470506e-06
68.3,5.08518731453e-05,0.000145750218327,6.99161345067e-06
68.35,5.03710612878e-05,0.000145390024212,6.9289699863e-06
68.4,4.98947831154e-05,0.000145032110221,6.86689836256e-06
68.45,4.94229960093e-05,0.000144676094703,6.8053759765e-06
68.5,4.89556577501e-05,0.0001443207746,6.74439804356e-06
68.55,4.84927265141e-05,0.000143966150235,6.68397221007e-06
68.6,4.80341608691e-05,0.000143612221625,6.62408113618e-06
68.65,4.75799197713e-05,0.000143259685469,6.56472776231e-06
68.7,4.71299625614e-05,0.000142909919125,6.5059108397e-06
68.75,4.66842489612e-05,0.000142560859992,6.44762430458e-06
68.8,4.62427390699e-05,0.000142212507943,6.38985356793e-06
68.85,4.58056222753e-05,0.000141864863071,6.33260175229e-06
68.9,4.53726259505e-05,0.000141517926742,6.27587255964e-06
68.95,4.49437113739e-05,0.000141174101623,6.21964533242e-06
69.0,4.45188401865e-05,0.000140831319201,6.16391569789e-06
69.05,4.40979743885e-05,0.000140489255484,6.10869064427e-06
69.1,4.36810763361e-05,0.000140147910065,6.05395432412e-06
69.15,4.32681087379e-05,0.000139807489553,5.99970942479e-06
69.2,4.2859034652e-05,0.000139469054517,5.945954805e-06
69.25,4.24538174823e-05,0.000139132775656,5.89268492287e-06
69.3,4.20524209756e-05,0.000138797224331,5.83988644504e-06
69.35,4.16548092184e-05,0.0001384624002,5.78756222532e-06
69.4,4.12609466334e-05,0.000138128302763,5.73571564704e-06
69.45,4.08707979767e-05,0.000137794931343,5.68432783063e-06
69.5,4.04843283347e-05,0.000137465068186,5.63339477969e-06
69.55,4.01015031206e-05,0.000137136040598,5.58292288097e-06
69.6,3.9722288072e-05,0.000136807747715,5.53289765102e-06
69.65,3.93466492471e-05,0.00013648018901,5.48332154588e-06
69.7,3.89745530226e-05,0.000136153363813,5.4341935225e-06
69.75,3.86059660898e-05,0.000135828487166,5.38550851599e-06
69.8,3.82408554524e-05,0.000135505733782,5.33725434057e-06
69.85,3.78793777265e-05,0.000135183721037,5.28943360442e-06
69.9,3.75213074608e-05,0.00013486244929,5.24204939968e-06
69.95,3.7166612634e-05,0.000134541917539,5.19508447172e-06
70.0,3.68152615248e-05,0.000134222125077,5.1485351681e-06
70.05,3.6467222709e-05,0.000133905309291,5.10240732588e-06
70.1,3.61224650566e-05,0.000133589559341,5.05668770818e-06
70.15,3.57809577293e-05,0.00013327455493,5.01137855965e-06
70.2,3.54426701774e-05,0.000132960295079,4.96647892701e-06
70.25,3.51075721377e-05,0.000132646778754,4.9219841813e-06
70.3,3.47756336302e-05,0.000132334568359,4.87788318557e-06
70.35,3.44468249558e-05,0.000132025051455,4.8341783235e-06
70.4,3.41211166936e-05,0.000131716283491,4.7908724211e-06
70.45,3.37984796984e-05,0.00013140826323,4.74794970882e-06
70.5,3.34788850979e-05,0.000131100989691,4.70540684859e-06
70.55,3.31623042905e-05,0.000130794461893,4.66324917508e-06
70.6,3.28487089422e-05,0.000130489909402,4.62146459069e-06
70.65,3.2538070985e-05,0.00013018747141,4.58005514686e-06
70.7,3.22303626134e-05,0.000129885858359,4.53901997239e-06
70.75,3.19255562827e-05,0.000129584994758,4.4983548367e-06
70.8,3.16236247062e-05,0.000129284879351,4.4580495614e-06
70.85,3.1324697399e-05,0.000128985511029,4.41810632501e-06
70.9,3.10285879222e-05,0.000128688584981,4.3785277103e-06
70.95,3.07352697954e-05,0.000128393134353,4.33929930499e-06
71.0,3.04447167865e-05,0.000128098515797,4.30041805832e-06
71.05,3.01569029087e-05,0.000127804788267,4.2618888458e-06
71.1,2.98718024191e-05,0.000127511810192,4.22370061105e-06
71.15,2.95893898155e-05,0.000127219580315,4.18585522898e-06
71.2,2.93096398346e-05,0.00012693005402,4.14835190333e-06
71.25,2.90325274499e-05,0.000126641694383,4.11118676768e-06
71.3,2.87580278692e-05,0.000126354085715,4.07435051965e-06
71.35,2.84861165325e-05,0.000126067226651,4.03784515027e-06
71.4,2.82167691101e-05,0.000125781115733,4.00167302001e-06
71.45,2.79499615e-05,0.000125495751402,3.96582095706e-06
71.5,2.7685669826e-05,0.000125213146778,3.9302861732e-06
71.55,2.74238704356e-05,0.000124931600557,3.89507312433e-06
71.6,2.7164539898e-05,0.000124650803218,3.86017170569e-06
71.65,2.69076550019e-05,0.000124370753302,3.8255836308e-06
71.7,2.66531927534e-05,0.000124091449264,3.79130817194e-06
71.75,2.64011303742e-05,0.000123812889528,3.75734179546e-06
71.8,2.61514452992e-05,0.000123536942043,3.72367599963e-06
71.85,2.59042446321e-05,0.000123262145016,3.69031260413e-06
71.9,2.56593741956e-05,0.00012298809463,3.65725376625e-06
71.95,2.54168120915e-05,0.00012271478914,3.62448744786e-06
72.0,2.51765366269e-05,0.000122442226983,3.59201110073e-06
72.05,2.49385263118e-05,0.000122170406602,3.55982879724e-06
72.1,2.47027598578e-05,0.000121900849477,3.52793130233e-06
72.15,2.44692161757e-05,0.000121632798616,3.49632018205e-06
72.2,2.42378743738e-05,0.000121365617934,3.46499477131e-06
72.25,2.40087137561e-05,0.000121099178544,3.43395184059e-06
72.3,2.37817138206e-05,0.000120833478697,3.40318361991e-06
72.35,2.35568542572e-05,0.000120568516746,3.37269177231e-06
72.4,2.3334114946e-05,0.000120305268066,3.34247826943e-06
72.45,2.31134759558e-05,0.000120043950982,3.31253210922e-06
72.5,2.28949175419e-05,0.000119783384556,3.28285096279e-06
72.55,2.26784201448e-05,0.000119523748434,3.25343855203e-06
72.6,2.24639643881e-05,0.000119264847313,3.2242864367e-06
72.65,2.22515310768e-05,0.000119006679461,3.19539604807e-06
72.7,2.20411011962e-05,0.00011874947649,3.1667667783e-06
72.75,2.18326559093e-05,0.000118494890282,3.13839567584e-06
72.8,2.1626176556e-05,0.000118241036971,3.11027563944e-06
72.85,2.14217517065e-05,0.000117987914747,3.08240818902e-06
72.9,2.12192538623e-05,0.000117735522357,3.05479512652e-06
72.95,2.10186649148e-05,0.000117483857847,3.02742639683e-06
73.0,2.08199669247e-05,0.000117232919409,3.0002998715e-06
73.05,2.06231421207e-05,0.000116984057874,2.97341895206e-06
73.1,2.0428172898e-05,0.000116736636654,2.94677592474e-06
73.15,2.02350418169e-05,0.000116489940643,2.92037209762e-06
73.2,2.00437316008e-05,0.000116243967896,2.89420691517e-06
73.25,1.98542251349e-05,0.000115998716446,2.86827767987e-06
73.3,1.96665054648e-05,0.000115754184345,2.84257790167e-06
73.35,1.94805557949e-05,0.000115510543005,2.81710896968e-06
73.4,1.92963594871e-05,0.000115269458696,2.79187253074e-06
73.45,1.91139000588e-05,0.000115029092322,2.76685939517e-06
73.5,1.89331611822e-05,0.00011478944194,2.74206761772e-06
73.55,1.87541266822e-05,0.000114550505615,2.71750030716e-06
73.6,1.85767805353e-05,0.00011431228133,2.69315041363e-06
73.65,1.84011068682e-05,0.000114074772604,2.66901913261e-06
73.7,1.82270899564e-05,0.000113838905768,2.6451059564e-06
73.75,1.80547142225e-05,0.000113604947928,2.62140841965e-06
73.8,1.78839642352e-05,0.000113371698649,2.5979205909e-06
73.85,1.77149132387e-05,0.000113139155934,2.5746437397e-06
73.9,1.75474557969e-05,0.000112907318242,2.55157937115e-06
73.95,1.73815769346e-05,0.000112676183467,2.52871908651e-06
74.0,1.72172618167e-05,0.000112445749622,2.50606110796e-06
74.05,1.70544957473e-05,0.000112217221256,2.4836082767e-06
74.1,1.68932641678e-05,0.000111990286039,2.46135414964e-06
74.15,1.67335526562e-05,0.000111764049816,2.43929981938e-06
74.2,1.65753469256e-05,0.000111538510481,2.4174448219e-06
74.25,1.64186328226e-05,0.000111313665912,2.39578690405e-06
74.3,1.62633963268e-05,0.000111089514006,2.37432064488e-06
74.35,1.61096235489e-05,0.000110866052727,2.35304720468e-06
74.4,1.59573007297e-05,0.000110644358054,2.33196795899e-06
74.45,1.58064142389e-05,0.000110424125876,2.31107523195e-06
74.5,1.5656950574e-05,0.000110204581447,2.29036739876e-06
74.55,1.55088963589e-05,0.000109985722673,2.26984705607e-06
74.6,1.53622383429e-05,0.000109767547398,2.24950831535e-06
74.65,1.52169633993e-05,0.000109550053544,2.22935217516e-06
74.7,1.50730585246e-05,0.000109333238997,2.20937821141e-06
74.75,1.4930510837e-05,0.00010911792284,2.18958436487e-06
74.8,1.47893075754e-05,0.000108904259148,2.16996568119e-06
74.85,1.46495093098e-05,0.000108691271527,2.15052322077e-06
74.9,1.45110288487e-05,0.000108478958215,2.13125824077e-06
74.95,1.43738538084e-05,0.000108267316998,2.11216372599e-06
75.0,1.42379719208e-05,0.000108056345757,2.09323819146e-06
75.05,1.4103371033e-05,0.000107846042378,2.07448401034e-06
75.1,1.39700391057e-05,0.000107636700955,2.05589580093e-06
75.15,1.38379642124e-05,0.000107429469227,2.03747447583e-06
75.2,1.37071345384e-05,0.000107223024515,2.01921964746e-06
75.25,1.35775383795e-05,0.00010701728809,2.00112943384e-06
75.3,1.34491641414e-05,0.00010681221189,1.98319930701e-06
75.35,1.33220003382e-05,0.000106607793764,1.96543023611e-06
75.4,1.31960355915e-05,0.00010640403153,1.94782337011e-06
75.45,1.30712586298e-05,0.000106200922973,1.93037229758e-06
75.5,1.29476582869e-05,0.00010599965553,1.91307566137e-06
75.55,1.28252235014e-05,0.000105799619076,1.8959356304e-06
75.6,1.27039433155e-05,0.000105600332027,1.87894728614e-06
75.65,1.2583806874e-05,0.000105401692953,1.86211146265e-06
75.7,1.24648034234e-05,0.000105203699641,1.84542780573e-06
75.75,1.23469223111e-05,0.000105006349868,1.82889459535e-06
75.8,1.22301529842e-05,0.000104809641428,1.81250769329e-06
75.85,1.21145455315e-05,0.000104613671488,1.79626798526e-06
75.9,1.20000278494e-05,0.000104419870058,1.78017652134e-06
75.95,1.18865896968e-05,0.000104226705996,1.76422744194e-06
76.0,1.17742209288e-05,0.000104034177088,1.74841950671e-06
76.05,1.16629114951e-05,0.000103842281128,1.73275469789e-06
76.1,1.155265144e-05,0.000103651015871,1.71722852028e-06
76.15,1.14434309006e-05,0.000103460379125,1.70184173617e-06
76.2,1.13352401067e-05,0.000103270368681,1.68659402182e-06
76.25,1.12280693794e-05,0.000103081317867,1.67148380527e-06
76.3,1.11219091307e-05,0.0001028941281,1.65650730444e-06
76.35,1.1016749862e-05,0.000102707560066,1.64166532883e-06
76.4,1.09125821642e-05,0.000102521611516,1.62695883814e-06
76.45,1.0809396716e-05,0.000102336280181,1.6123824771e-06
76.5,1.07071842835e-05,0.00010215156386,1.59793511212e-06
76.55,1.06059357193e-05,0.000101967460361,1.58361855483e-06
76.6,1.05056419618e-05,0.000101783967453,1.56942869692e-06
76.65,1.04062940342e-05,0.000101601314145,1.55536623508e-06
76.7,1.03078830438e-05,0.000101420621914,1.54143087344e-06
76.75,1.02104001813e-05,0.000101240627432,1.52762117531e-06
76.8,1.01138367198e-05,0.000101061236883,1.51393368416e-06
76.85,1.00182340809e-05,0.000100882448054,1.5003691398e-06
76.9,9.92353263762e-06,0.000100704258976,1.48692841933e-06
76.95,9.82972392123e-06,0.000100526667389,1.47360662841e-06
77.0,9.73679954212e-06,0.000100349671097,1.46040273101e-06
77.05,9.64475118928e-06,0.000100173294109,1.44731838283e-06
77.1,9.55357062957e-06,9.99989079066e-05,1.43434982918e-06
77.15,9.46324970692e-06,9.98253205751e-05,1.42149770676e-06
77.2,9.37378034168e-06,9.96523216981e-05,1.40876174517e-06
77.25,9.28515452987e-06,9.94799090173e-05,1.39614063139e-06
77.3,9.19736434248e-06,9.93080802871e-05,1.38363120638e-06
77.35,9.11040192478e-06,9.91368333009e-05,1.37123414628e-06
77.4,9.02425949562e-06,9.89661658366e-05,1.35895025269e-06
77.45,8.93892934673e-06,9.87960756556e-05,1.34677505252e-06
77.5,8.85440384207e-06,9.86270120921e-05,1.33470759892e-06
77.55,8.77067541713e-06,9.84594755759e-05,1.32274940508e-06
77.6,8.68773657828e-06,9.82925111337e-05,1.31089703947e-06
77.65,8.60557990209e-06,9.81261165507e-05,1.299151084e-06
77.7,8.52419803468e-06,9.79602895991e-05,1.28751129153e-06
77.75,8.44358369111e-06,9.77950280503e-05,1.27597646206e-06
77.8,8.36372965466e-06,9.7630329688e-05,1.26454370843e-06
77.85,8.28467017914e-06,9.74661923313e-05,1.25321364859e-06
77.9,8.20635595566e-06,9.73026140028e-05,1.24198701517e-06
77.95,8.1287799808e-06,9.71402848195e-05,1.23085972005e-06
78.0,8.05193531673e-06,9.69791672992e-05,1.21983089787e-06
78.05,7.97581509059e-06,9.68186034231e-05,1.2089019316e-06
78.1,7.90041249389e-06,9.66585909607e-05,1.19806968505e-06
78.15,7.82572078192e-06,9.64991277211e-05,1.18733469005e-06
78.2,7.75173327313e-06,9.63402298822e-05,1.17669672072e-06
78.25,7.67844334855e-06,9.61820099852e-05,1.16615468034e-06
78.3,7.60584445122e-06,9.60243331039e-05,1.15570593027e-06
78.35,7.53393008559e-06,9.58671970764e-05,1.14535103526e-06
78.4,7.46269381698e-06,9.57111387769e-05,1.13509066486e-06
78.45,7.39212927095e-06,9.55563706437e-05,1.12492108285e-06
78.5,7.32223013282e-06,9.54021378425e-05,1.11484149832e-06
78.55,7.25299014705e-06,9.52484381935e-05,1.10485317523e-06
78.6,7.1844031167e-06,9.50954088176e-05,1.0949532473e-06
78.65,7.11646290291e-06,9.49429334374e-05,1.08514220059e-06
78.7,7.04916342432e-06,9.47909850947e-05,1.07541982867e-06
78.75,6.98249865658e-06,9.4639561614e-05,1.06578512922e-06
78.8,6.91646263175e-06,9.44886608316e-05,1.05623569068e-06
78.85,6.85108367635e-06,9.43382901666e-05,1.0467720292e-06
78.9,6.78632101393e-06,9.41896593294e-05,1.03739475673e-06
78.95,6.72216885294e-06,9.40415509218e-05,1.02810045858e-06
79.0,6.65862145609e-06,9.38939576187e-05,1.01888841195e-06
79.05,6.5956731398e-06,9.37468772677e-05,1.00975977199e-06
79.1,6.53331827374e-06,9.36003077006e-05,1.00071191912e-06
79.15,6.4715512803e-06,9.34542467824e-05,9.9174529757e-07
79.2,6.41036663411e-06,9.33086923718e-05,9.82859718681e-07
79.25,6.34975886155e-06,9.31636423292e-05,9.7405426639e-07
79.3,6.28972254029e-06,9.30190945262e-05,9.65326736706e-07
79.35,6.23025229877e-06,9.28753464516e-05,9.56677601358e-07
79.4,6.17134281577e-06,9.27329766719e-05,9.4810741961e-07
79.45,6.1129888199e-06,9.25911034739e-05,9.39613070689e-07
79.5,6.05518508917e-06,9.24497247378e-05,9.31193893995e-07
79.55,5.9979264505e-06,9.23088383521e-05,9.22850945251e-07
79.6,5.94120777929e-06,9.21684421923e-05,9.14581830357e-07
79.65,5.88502399893e-06,9.20285341642e-05,9.06386955295e-07
79.7,5.8293700804e-06,9.1889112169e-05,8.9826614765e-07
79.75,5.7742410418e-06,9.1750292287e-05,8.902185702e-07
79.8,5.7196319479e-06,9.16119808015e-05,8.82242208652e-07
79.85,5.66556622357e-06,9.147429439e-05,8.74337494132e-07
79.9,5.61201014834e-06,9.13380650575e-05,8.66504937769e-07
79.95,5.55895893285e-06,9.120231242e-05,8.58741687392e-07
80.0,5.50640783258e-06,9.10670343927e-05,8.51047139256e-07
80.05,5.45435214747e-06,9.09322288994e-05,8.43422258222e-07
80.1,5.40278722143e-06,9.07979793593e-05,8.35864856246e-07
80.15,5.35170844203e-06,9.06642696108e-05,8.28375304367e-07
80.2,5.30111124e-06,9.05310266062e-05,8.2095344501e-07
80.25,5.2509910889e-06,9.03982482814e-05,8.13598513013e-07
80.3,5.20134350466e-06,9.02659325831e-05,8.06308667449e-07
80.35,5.15216404524e-06,9.01340774819e-05,7.99084302339e-07
80.4,5.1034483102e-06,9.0003315307e-05,7.91925884818e-07
80.45,5.05519194031e-06,8.98734434259e-05,7.848308082e-07
80.5,5.00739061721e-06,8.97440264534e-05,7.77798520702e-07
80.55,4.96004006296e-06,8.96150623552e-05,7.70829904141e-07
80.6,4.91313603974e-06,8.94865490879e-05,7.63922958795e-07
80.65,4.86667434939e-06,8.93584846348e-05,7.5707802377e-07
80.7,4.82065083313e-06,8.92308669768e-05,7.50294955051e-07
80.75,4.77506137111e-06,8.91036940985e-05,7.43573053333e-07
80.8,4.72990188211e-06,8.89769639951e-05,7.36910636136e-07
80.85,4.68519173754e-06,8.88506746843e-05,7.30308063568e-07
80.9,4.64090305195e-06,8.87248242968e-05,7.23765762559e-07
80.95,4.59703186473e-06,8.86000322941e-05,7.17281350775e-07
81.0,4.55357425237e-06,8.84760664174e-05,7.10854323927e-07
81.05,4.51052632809e-06,8.83525338377e-05,7.04485487934e-07
81.1,4.46788424152e-06,8.82294325596e-05,6.98173015188e-07
81.15,4.42564417834e-06,8.81067606124e-05,6.91917215607e-07
81.2,4.38380235997e-06,8.7984516024e-05,6.85717957573e-07
81.25,4.34235504322e-06,8.78627680747e-05,6.79574601969e-07
81.3,4.30129851996e-06,8.77415107433e-05,6.73485611123e-07
81.35,4.26062911679e-06,8.76206752907e-05,6.6745131415e-07
81.4,4.22034319473e-06,8.75002597749e-05,6.61472101234e-07
81.45,4.18043714888e-06,8.73802622521e-05,6.55545795087e-07
81.5,4.14090740812e-06,8.72608186266e-05,6.49671934822e-07
81.55,4.10175043479e-06,8.71426087235e-05,6.43851256994e-07
81.6,4.06296272437e-06,8.70248476929e-05,6.38082091295e-07
81.65,4.02454080516e-06,8.69076109887e-05,6.32364720969e-07
81.7,3.98648123801e-06,8.67907833063e-05,6.26699025726e-07
81.75,3.94878061598e-06,8.66743627215e-05,6.21084421457e-07
81.8,3.91143556407e-06,8.655834732e-05,6.15519502837e-07
81.85,3.87446210163e-06,8.64427352073e-05,6.10004570652e-07
81.9,3.83783716856e-06,8.63275245822e-05,6.04539981505e-07
81.95,3.80155748957e-06,8.62127135469e-05,5.99123745503e-07
82.0,3.76561982009e-06,8.60983002296e-05,5.93755441429e-07
82.05,3.73002094591e-06,8.59842827671e-05,5.88435742443e-07
82.1,3.69475768292e-06,8.58707753146e-05,5.83163121998e-07
82.15,3.65982687686e-06,8.57584466883e-05,5.77937838959e-07
82.2,3.62522540298e-06,8.56465084652e-05,5.7275978339e-07
82.25,3.59095016581e-06,8.5534958773e-05,5.67628421456e-07
82.3,3.55699809889e-06,8.54237957493e-05,5.62542468785e-07
82.35,3.52336616447e-06,8.53130175502e-05,5.57502200277e-07
82.4,3.49005135325e-06,8.52026223326e-05,5.52507941841e-07
82.45,3.45705068414e-06,8.50926082534e-05,5.47557874852e-07
82.5,3.42436120396e-06,8.49829734941e-05,5.42651614347e-07
82.55,3.39197998721e-06,8.48737162444e-05,5.37789775547e-07
82.6,3.35990413579e-06,8.47648346906e-05,5.32970963294e-07
82.65,3.32813077875e-06,8.46563270389e-05,5.28195414173e-07
82.7,3.29665707206e-06,8.45481914965e-05,5.23463027709e-07
82.75,3.26548019832e-06,8.4440886198e-05,5.18773316015e-07
82.8,3.23459736654e-06,8.43344710643e-05,5.14125105262e-07
82.85,3.20402182406e-06,8.42284231215e-05,5.0951864669e-07
82.9,3.17373450112e-06,8.41227406529e-05,5.04954238158e-07
82.95,3.14373268921e-06,8.40174218645e-05,5.00430217568e-07
83.0,3.11401370518e-06,8.39124649854e-05,4.95946233089e-07
83.05,3.08457489102e-06,8.38078682529e-05,4.91502846992e-07
83.1,3.0554136136e-06,8.37036299023e-05,4.87098784198e-07
83.15,3.02652726447e-06,8.35998837917e-05,4.8273426093e-07
83.2,2.9979132596e-06,8.34965017069e-05,4.7840918536e-07
83.25,2.96956903915e-06,8.3393473189e-05,4.74123111593e-07
83.3,2.9414920673e-06,8.32907965035e-05,4.6987496683e-07
83.35,2.91367983194e-06,8.31884699323e-05,4.65664980687e-07
83.4,2.8861298445e-06,8.30866673248e-05,4.61493425388e-07
83.45,2.85883963976e-06,8.2985830957e-05,4.57358781888e-07
83.5,2.83180677554e-06,8.28853395511e-05,4.53260728638e-07
83.55,2.80502883257e-06,8.27851913948e-05,4.49199779516e-07
83.6,2.77850341426e-06,8.2685384775e-05,4.45174769186e-07
83.65,2.75222814645e-06,8.2585917996e-05,4.41185895263e-07
83.7,2.72620067722e-06,8.24867893645e-05,4.37233073821e-07
83.75,2.70041867671e-06,8.23879971927e-05,4.33315897342e-07
83.8,2.67487983689e-06,8.22895398019e-05,4.29433385364e-07
83.85,2.64959511276e-06,8.21914155286e-05,4.25585747739e-07
83.9,2.62454873442e-06,8.20936227735e-05,4.21773233259e-07
83.95,2.59973846202e-06,8.19961598757e-05,4.17994453625e-07
84.0,2.57516207672e-06,8.1899025194e-05,4.14249114961e-07
84.05,2.55081738046e-06,8.18022170946e-05,4.10537686916e-07
84.1,2.52670219574e-06,8.17058681586e-05,4.06859104455e-07
84.15,2.50281436548e-06,8.16104506823e-05,4.03213548182e-07
84.2,2.47915175279e-06,8.1515354852e-05,3.99600941397e-07
84.25,2.4557122408e-06,8.14205790345e-05,3.96020911655e-07
84.3,2.43249373248e-06,8.13262379981e-05,3.92472562881e-07
84.35,2.40949415041e-06,8.12322257144e-05,3.88956086866e-07
84.4,2.38671143666e-06,8.11385289775e-05,3.85471710988e-07
84.45,2.36414355257e-06,8.10451461785e-05,3.82018166438e-07
84.5,2.34178847859e-06,8.09520757272e-05,3.78595184634e-07
84.55,2.31964421407e-06,8.08593160407e-05,3.75203194802e-07
84.6,2.29770877712e-06,8.07668655366e-05,3.71841223573e-07
84.65,2.2759802044e-06,8.06748112858e-05,3.68509436008e-07
84.7,2.25445655099e-06,8.05831139611e-05,3.65207762006e-07
84.75,2.23313589018e-06,8.04917215436e-05,3.61935861181e-07
84.8,2.21201631331e-06,8.04006324788e-05,3.5869291458e-07
84.85,2.19110687975e-06,8.03100503373e-05,3.55479097488e-07
84.9,2.1703945484e-06,8.02202537647e-05,3.52294617712e-07
84.95,2.14987746703e-06,8.01307558681e-05,3.49138315648e-07
85.0,2.12955380073e-06,8.00415551063e-05,3.46009945831e-07
85.05,2.10942173179e-06,7.99526499462e-05,3.42909900543e-07
85.1,2.08947945952e-06,7.98640388553e-05,3.39837290193e-07
85.15,2.0697252001e-06,7.97757203156e-05,3.36792265634e-07
85.2,2.0501571864e-06,7.96876928128e-05,3.33774762801e-07
85.25,2.03077366787e-06,7.95999548379e-05,3.30784470601e-07
85.3,2.01157291033e-06,7.95125048906e-05,3.27820640571e-07
85.35,1.99255319586e-06,7.94253414832e-05,3.24883432906e-07
85.4,1.97371282263e-06,7.93384631313e-05,3.2197303753e-07
85.45,1.95505010476e-06,7.92518683536e-05,3.19088394644e-07
85.5,1.93656337214e-06,7.91655556848e-05,3.16229279909e-07
85.55,1.91825097033e-06,7.90795236666e-05,3.13396051844e-07
85.6,1.90011126038e-06,7.89937708424e-05,3.10587897425e-07
85.65,1.8821426187e-06,7.89085898531e-05,3.07804954521e-07
85.7,1.86434343692e-06,7.88240303719e-05,3.0504716458e-07
85.75,1.84671212172e-06,7.87397456336e-05,3.02314243286e-07
85.8,1.82924709473e-06,7.86558092323e-05,2.99605506593e-07
85.85,1.81195584766e-06,7.85721936628e-05,2.96921100911e-07
85.9,1.79482759606e-06,7.84888489423e-05,2.94261199816e-07
85.95,1.77786080822e-06,7.84057736392e-05,2.91624834723e-07
86.0,1.76105396674e-06,7.83229663369e-05,2.89011800604e-07
86.05,1.74440556844e-06,7.82404256263e-05,2.86422425122e-07
86.1,1.72791412424e-06,7.81581500998e-05,2.83855965225e-07
86.15,1.71157815897e-06,7.8076183292e-05,2.81312546918e-07
86.2,1.69539621132e-06,7.7994568815e-05,2.78792116688e-07
86.25,1.67936683362e-06,7.79132157635e-05,2.76294414691e-07
86.3,1.66348859179e-06,7.78321227556e-05,2.73818815754e-07
86.35,1.64776006519e-06,7.77512884207e-05,2.71365453687e-07
86.4,1.63217984646e-06,7.76707113919e-05,2.68934487127e-07
86.45,1.61674654144e-06,7.7590390306e-05,2.66525030853e-07
86.5,1.60145876905e-06,7.75106431437e-05,2.64136897484e-07
86.55,1.58631516111e-06,7.74314191464e-05,2.6177038648e-07
86.6,1.57131436228e-06,7.7352446909e-05,2.59424818744e-07
86.65,1.55645502992e-06,7.72737250855e-05,2.57100309436e-07
86.7,1.54173583397e-06,7.71952523343e-05,2.54796809649e-07
86.75,1.52715545682e-06,7.71170273194e-05,2.52514081902e-07
86.8,1.51271259322e-06,7.70390487123e-05,2.50251554832e-07
86.85,1.49841343852e-06,7.69613151952e-05,2.4800935073e-07
86.9,1.48424907442e-06,7.68838254877e-05,2.4578761458e-07
86.95,1.47021823424e-06,7.68065782789e-05,2.43585537352e-07
87.0,1.45631966316e-06,7.67295722708e-05,2.41402947791e-07
87.05,1.44255211813e-06,7.66528061723e-05,2.39240119584e-07
87.1,1.42891436771e-06,7.65762786946e-05,2.37096432084e-07
87.15,1.41540519202e-06,7.64999885601e-05,2.34971990537e-07
87.2,1.4020233826e-06,7.64239344954e-05,2.32866750246e-07
87.25,1.3887677423e-06,7.63481152321e-05,2.3078049417e-07
87.3,1.37563708519e-06,7.62725658888e-05,2.28712700124e-07
87.35,1.36263023645e-06,7.61973325668e-05,2.26663479871e-07
87.4,1.34974603227e-06,7.61225411803e-05,2.24632965918e-07
87.45,1.33698331972e-06,7.60483098975e-05,2.22620418867e-07
87.5,1.3243409567e-06,7.59743074016e-05,2.20625682203e-07
87.55,1.31181781179e-06,7.5900532449e-05,2.18649006056e-07
87.6,1.29941276418e-06,7.58269837988e-05,2.16689823198e-07
87.65,1.28712470356e-06,7.57536641834e-05,2.14748229817e-07
87.7,1.27495253003e-06,7.56806951492e-05,2.12824185063e-07
87.75,1.26289515397e-06,7.5607949149e-05,2.10917490575e-07
87.8,1.250951496e-06,7.55354249651e-05,2.09027669111e-07
87.85,1.23912667941e-06,7.54631213894e-05,2.07154822816e-07
87.9,1.22741332914e-06,7.53910372451e-05,2.05299072793e-07
87.95,1.21581039769e-06,7.53191713315e-05,2.03459743281e-07
88.0,1.20431684739e-06,7.52475224591e-05,2.01636691237e-07
88.05,1.19293165027e-06,7.51760894451e-05,1.99830145263e-07
88.1,1.181653788e-06,7.51048711092e-05,1.98039586951e-07
88.15,1.17048225177e-06,7.50338662813e-05,1.96265104211e-07
88.2,1.15941604224e-06,7.49630737953e-05,1.94506659709e-07
88.25,1.14845416942e-06,7.48924924903e-05,1.92764072155e-07
88.3,1.13759565259e-06,7.48221212122e-05,1.91036905385e-07
88.35,1.12683952022e-06,7.47519588158e-05,1.89325252751e-07
88.4,1.11618480989e-06,7.46824068486e-05,1.87629224932e-07
88.45,1.10563056817e-06,7.46131516961e-05,1.85948204331e-07
88.5,1.0951758506e-06,7.45441018746e-05,1.84282060216e-07
88.55,1.08481972153e-06,7.44752562501e-05,1.82631001513e-07
88.6,1.0745612541e-06,7.44066136918e-05,1.80994554433e-07
88.65,1.06439953014e-06,7.43381730782e-05,1.79372799319e-07
88.7,1.05433364005e-06,7.4269933292e-05,1.77765702051e-07
88.75,1.04436268279e-06,7.42018932212e-05,1.76173096943e-07
88.8,1.03448576574e-06,7.41340517602e-05,1.74594585369e-07
88.85,1.02470712565e-06,7.40665244186e-05,1.73030252649e-07
88.9,1.01502066365e-06,7.39991938892e-05,1.71480199934e-07
88.95,1.00542551352e-06,7.39320590787e-05,1.69943862784e-07
89.0,9.95920817113e-07,7.3865118904e-05,1.68421121718e-07
89.05,9.86505724364e-07,7.3798372288e-05,1.6691216768e-07
89.1,9.77179393146e-07,7.37318181565e-05,1.65416567661e-07
89.15,9.67940989223e-07,7.36654554442e-05,1.63934395087e-07
89.2,9.58789686174e-07,7.35993755092e-05,1.62465618776e-07
89.25,9.49724665318e-07,7.3533519809e-05,1.61010087302e-07
89.3,9.40745115644e-07,7.34678527638e-05,1.59567436348e-07
89.35,9.31850233735e-07,7.3402373328e-05,1.58137743891e-07
89.4,9.23039223704e-07,7.33370804596e-05,1.56721102376e-07
89.45,9.14311297116e-07,7.3272246232e-05,1.55316995943e-07
89.5,9.05665672925e-07,7.32077703763e-05,1.53925315396e-07
89.55,8.971015774e-07,7.314347787e-05,1.52546235244e-07
89.6,8.88618244062e-07,7.30793676814e-05,1.51179359746e-07
89.65,8.80214913612e-07,7.30154387875e-05,1.49824756009e-07
89.7,8.71890833863e-07,7.29516901694e-05,1.48482395534e-07
89.75,8.63645259681e-07,7.2888120813e-05,1.47152139928e-07
89.8,8.55477452909e-07,7.28247297104e-05,1.45833656232e-07
89.85,8.47390917173e-07,7.27615158614e-05,1.4452701571e-07
89.9,8.3938060895e-07,7.26984782879e-05,1.43232302852e-07
89.95,8.31445811901e-07,7.26356159973e-05,1.41949046195e-07
90.0,8.23585816396e-07,7.25729280057e-05,1.40677145943e-07
90.05,8.1579991945e-07,7.25104133348e-05,1.39416761585e-07
90.1,8.08087424663e-07,7.24480710096e-05,1.38167531441e-07
90.15,8.00447642156e-07,7.23859000627e-05,1.36929516842e-07
90.2,7.92879888512e-07,7.2323899531e-05,1.35702691742e-07
90.25,7.85383486716e-07,7.22620684561e-05,1.3448692966e-07
90.3,7.77957766094e-07,7.22004058851e-05,1.33281926293e-07
90.35,7.70602062255e-07,7.2138990021e-05,1.32087746772e-07
90.4,7.6331571703e-07,7.20777754237e-05,1.30904468314e-07
90.45,7.56098078418e-07,7.20167268695e-05,1.29731660037e-07
90.5,7.48948500524e-07,7.19558434255e-05,1.28569230732e-07
90.55,7.41866343506e-07,7.18951241638e-05,1.27417326162e-07
90.6,7.34850973516e-07,7.18347715045e-05,1.26275615776e-07
90.65,7.27901762644e-07,7.1774780641e-05,1.25144155626e-07
90.7,7.21018088865e-07,7.17150036293e-05,1.24022921908e-07
90.75,7.1419933598e-07,7.16554584422e-05,1.22911799027e-07
90.8,7.07444893566e-07,7.15960731446e-05,1.21810508872e-07
90.85,7.00757658977e-07,7.15368468259e-05,1.20719110967e-07
90.9,6.94133461426e-07,7.14777785943e-05,1.19637675884e-07
90.95,6.8757170853e-07,7.14188675469e-05,1.18565809825e-07
91.0,6.81071813455e-07,7.13601127886e-05,1.17503429433e-07
91.05,6.7463319486e-07,7.13015134294e-05,1.16450667924e-07
91.1,6.6825527685e-07,7.12430685826e-05,1.15407223197e-07
91.15,6.61937488924e-07,7.11847773686e-05,1.14373146481e-07
91.2,6.55679265925e-07,7.11266389116e-05,1.1334841602e-07
91.25,6.49480047988e-07,7.10686523405e-05,1.12332926169e-07
91.3,6.43339280494e-07,7.10108167893e-05,1.11326422752e-07
91.35,6.37256414017e-07,7.09531313986e-05,1.10328960171e-07
91.4,6.14823072811e-07,7.08955953129e-05,1.09340602924e-07
91.45,5.8438548651e-07,7.0838138685e-05,1.08360991106e-07
91.5,5.7885960346e-07,7.07807273144e-05,1.07390048535e-07
91.55,5.73385829762e-07,7.0723465636e-05,1.06427896961e-07
91.6,5.67963675518e-07,7.06663527756e-05,1.05474260285e-07
91.65,5.62592655419e-07,7.06093878663e-05,1.04529185327e-07
91.7,5.57272288703e-07,7.05525700454e-05,1.03592652202e-07
91.75,5.52002099113e-07,7.04958984548e-05,1.02664564359e-07
91.8,5.46781614854e-07,7.04393722418e-05,1.01744689498e-07
91.85,5.41613075282e-07,7.03831157693e-05,1.00833077339e-07
91.9,5.3649325681e-07,7.03273509734e-05,9.99297868282e-08
91.95,5.31421701588e-07,7.02717293078e-05,9.90344890388e-08
92.0,5.26397956052e-07,7.02162499293e-05,9.81471143438e-08
92.05,5.21421570888e-07,7.01609119994e-05,9.72677740156e-08
92.1,5.16492100987e-07,7.01057146836e-05,9.6396215718e-08
92.15,5.11609105413e-07,7.00506571538e-05,9.55324822411e-08
92.2,5.06772147357e-07,6.99957532324e-05,9.46765554124e-08
92.25,5.019807941e-07,6.99410936377e-05,9.38283469896e-08
92.3,4.97234616981e-07,6.98865717631e-05,9.29876446676e-08
92.35,4.9253319135e-07,6.98321867972e-05,9.21544938868e-08
92.4,4.87876096537e-07,6.97779379325e-05,9.13289485198e-08
92.45,4.83262915813e-07,6.97238243655e-05,9.051070795e-08
92.5,4.78693236352e-07,6.96698452997e-05,8.96997085432e-08
92.55,4.74166649195e-07,6.96159999433e-05,8.88960519948e-08
92.6,4.69682749218e-07,6.95622875082e-05,8.80995076868e-08
92.65,4.65241135088e-07,6.95087072124e-05,8.73101147265e-08
92.7,4.60841409236e-07,6.94552582779e-05,8.65278565054e-08
92.75,4.56483177817e-07,6.94019399312e-05,8.57526523763e-08
92.8,4.52166050676e-07,6.93487514036e-05,8.49843083066e-08
92.85,4.47891879668e-07,6.92956919322e-05,8.4222865826e-08
92.9,4.43657999018e-07,6.92427607675e-05,8.34683741703e-08
92.95,4.39464030104e-07,6.91899571538e-05,8.27205585965e-08
93.0,4.35309597846e-07,6.91372803423e-05,8.19793609473e-08
93.05,4.31194330681e-07,6.90847295884e-05,8.12448741655e-08
93.1,4.27117860521e-07,6.90323041513e-05,8.0516887482e-08
93.15,4.2307982273e-07,6.89800032955e-05,7.97954366381e-08
93.2,4.19079856085e-07,6.89278262897e-05,7.9080506455e-08
93.25,4.15117602746e-07,6.88759104277e-05,7.83720232264e-08
93.3,4.11192708225e-07,6.8824300682e-05,7.76698096201e-08
93.35,4.07304821357e-07,6.87728224097e-05,7.69739035913e-08
93.4,4.03453594264e-07,6.87215634405e-05,7.62843501381e-08
93.45,3.99638682328e-07,6.86704250171e-05,7.56008981644e-08
93.5,3.95859744158e-07,6.86194064249e-05,7.49234945184e-08
93.55,3.92116441563e-07,6.85685069533e-05,7.42522241433e-08
93.6,3.88408439521e-07,6.85177258952e-05,7.35868944108e-08
93.65,3.84735406147e-07,6.84670625493e-05,7.29275379859e-08
93.7,3.81097012667e-07,6.84165162176e-05,7.22741409963e-08
93.75,3.77492933387e-07,6.83661827881e-05,7.16266360794e-08
93.8,3.73922845666e-07,6.83159867589e-05,7.09848611659e-08
93.85,3.7038828091e-07,6.82659060591e-05,7.03488509442e-08
93.9,3.66887034635e-07,6.8215940012e-05,6.97186465394e-08
93.95,3.63418793734e-07,6.81660879369e-05,6.90940184669e-08
94.0,3.59983248032e-07,6.81163491587e-05,6.84749181498e-08
94.05,3.56580090261e-07,6.80667230067e-05,6.78614232203e-08
94.1,3.53209016028e-07,6.80172088131e-05,6.72533576293e-08
94.15,3.49869723794e-07,6.79678059155e-05,6.66507512304e-08
94.2,3.46561914841e-07,6.79185136551e-05,6.60535913452e-08
94.25,3.43285293251e-07,6.78693313768e-05,6.5461816409e-08
94.3,3.40039565878e-07,6.78202584298e-05,6.48752783017e-08
94.35,3.36824442321e-07,6.77712941683e-05,6.42940087259e-08
94.4,3.33639634899e-07,6.77224379497e-05,6.37180452672e-08
94.45,3.30484858628e-07,6.76736891349e-05,6.31471781926e-08
94.5,3.27359831192e-07,6.76250470902e-05,6.2581363106e-08
94.55,3.2426427292e-07,6.75765111859e-05,6.20206709579e-08
94.6,3.21197906763e-07,6.75280807951e-05,6.14649408516e-08
94.65,3.18160458265e-07,6.7479755296e-05,6.09142000712e-08
94.7,3.15151655544e-07,6.743153407e-05,6.03684370295e-08
94.75,3.12171229264e-07,6.73834165023e-05,5.98275954607e-08
94.8,3.09218912613e-07,6.73355657924e-05,5.9291539993e-08
94.85,3.06295972004e-07,6.72879375725e-05,5.87602996007e-08
94.9,3.03400584417e-07,6.72404945881e-05,5.82339086343e-08
94.95,3.00532490925e-07,6.71931755505e-05,5.77121754121e-08
95.0,2.97691435027e-07,6.71459574834e-05,5.71950593594e-08
95.05,2.94877162624e-07,6.70988397858e-05,5.66826253199e-08
95.1,2.92089421996e-07,6.70518218593e-05,5.61747262451e-08
95.15,2.89327963781e-07,6.70049031105e-05,5.56713870709e-08
95.2,2.86592540955e-07,6.69580829491e-05,5.51725972074e-08
95.25,2.83882908802e-07,6.69114202992e-05,5.46783052313e-08
95.3,2.81198824905e-07,6.68649112514e-05,5.41883874224e-08
95.35,2.78540049112e-07,6.6818499419e-05,5.37028702609e-08
95.4,2.75906343525e-07,6.67721842233e-05,5.32217851411e-08
95.45,2.73297472472e-07,6.67259650883e-05,5.2744956879e-08
95.5,2.7071320249e-07,6.66798414433e-05,5.2272348392e-08
95.55,2.68153302303e-07,6.66338127208e-05,5.18040189429e-08
95.6,2.65617542801e-07,6.65878783565e-05,5.13398341395e-08
95.65,2.63105697022e-07,6.65420377902e-05,5.08798167714e-08
95.7,2.60617540129e-07,6.6496290465e-05,5.04239571602e-08
95.75,2.58152849394e-07,6.64506358274e-05,4.99722083087e-08
95.8,2.55711404174e-07,6.64050733274e-05,4.95244571449e-08
95.85,2.53294251739e-07,6.63596024191e-05,4.908072787e-08
95.9,2.50899884527e-07,6.63142225648e-05,4.86410491762e-08
95.95,2.48528088417e-07,6.62689332245e-05,4.82052609575e-08
96.0,2.46178651292e-07,6.62237338628e-05,4.77733293228e-08
96.05,2.43851363023e-07,6.61786239475e-05,4.73453084343e-08
96.1,2.41546015448e-07,6.61336029492e-05,4.69210754667e-08
96.15,2.39262402354e-07,6.60886703428e-05,4.65006512483e-08
96.2,2.37000319462e-07,6.60438256058e-05,4.60840269335e-08
96.25,2.34759564405e-07,6.59990682191e-05,4.56711595702e-08
96.3,2.32539936709e-07,6.5954397667e-05,4.52619458183e-08
96.35,2.30341237783e-07,6.59098134374e-05,4.48564077962e-08
96.4,2.28163270891e-07,6.58653652893e-05,4.44545717265e-08
96.45,2.26005841145e-07,6.58210560056e-05,4.40562912832e-08
96.5,2.23868755478e-07,6.57768706266e-05,4.36615354923e-08
96.55,2.21751822636e-07,6.573298e-05,4.32703538544e-08
96.6,2.19654853155e-07,6.56891736077e-05,4.28826341155e-08
96.65,2.17577659345e-07,6.56454508926e-05,4.24983953112e-08
96.7,2.15520055276e-07,6.56018113559e-05,4.21176293574e-08
96.75,2.1348185676e-07,6.55582785086e-05,4.17402969987e-08
96.8,2.11462881335e-07,6.55149170677e-05,4.13663037894e-08
96.85,2.09463995051e-07,6.5471637698e-05,4.09956699442e-08
96.9,2.07483951215e-07,6.54284399144e-05,4.06284194287e-08
96.95,2.05522572758e-07,6.53853232301e-05,4.02644185111e-08
97.0,2.03579684268e-07,6.53422871627e-05,3.99036388833e-08
97.05,2.01655111976e-07,6.52993312325e-05,3.95461257852e-08
97.1,1.99748683742e-07,6.52564549627e-05,3.91917766247e-08
97.15,1.97860229036e-07,6.521365788e-05,3.88406087989e-08
97.2,1.95989578927e-07,6.51709395139e-05,3.84926149194e-08
97.25,1.94136566065e-07,6.51282993968e-05,3.81477591096e-08
97.3,1.92301024668e-07,6.50857370643e-05,3.78059550526e-08
97.35,1.90482790508e-07,6.50432520553e-05,3.74672212231e-08
97.4,1.88681700894e-07,6.50008439115e-05,3.71315795242e-08
97.45,1.86897594659e-07,6.49585121772e-05,3.67989077341e-08
97.5,1.85130312147e-07,6.49162564005e-05,3.64691799812e-08
97.55,1.83379695198e-07,6.48740761322e-05,3.61424376118e-08
97.6,1.81645587131e-07,6.48319709258e-05,3.58185868635e-08
97.65,1.79927832737e-07,6.4789940338e-05,3.54976436362e-08
97.7,1.78226278258e-07,6.47479839283e-05,3.51796011775e-08
97.75,1.76540771379e-07,6.47061012587e-05,3.48644266985e-08
97.8,1.7487116121e-07,6.46642918943e-05,3.45520413115e-08
97.85,1.7321816394e-07,6.46225554035e-05,3.42424619013e-08
97.9,1.71580748604e-07,6.45809098414e-05,3.39357084855e-08
97.95,1.69958768774e-07,6.45394194994e-05,3.36316693621e-08
98.0,1.68352079391e-07,6.44980010886e-05,3.33303208861e-08
98.05,1.66760536755e-07,6.44566541851e-05,3.30317008451e-08
98.1,1.65183998514e-07,6.44153783675e-05,3.27357235469e-08
98.15,1.63622323646e-07,6.43741732178e-05,3.24424035228e-08
98.2,1.62075372451e-07,6.433303832e-05,3.21517346015e-08
98.25,1.6054300654e-07,6.42919732611e-05,3.18636868163e-08
98.3,1.59025088816e-07,6.42510784872e-05,3.15781880694e-08
98.35,1.5752148347e-07,6.42102631493e-05,3.1295253792e-08
98.4,1.56032055962e-07,6.41695167897e-05,3.10149022792e-08
98.45,1.54556673015e-07,6.41289663825e-05,3.07370314428e-08
98.5,1.530952026e-07,6.40885740304e-05,3.04616196729e-08
98.55,1.51647513924e-07,6.40482495179e-05,3.01887015049e-08
98.6,1.50213477419e-07,6.40079924419e-05,2.9918198622e-08
98.65,1.48792964733e-07,6.39678024027e-05,2.96501243046e-08
98.7,1.47385848714e-07,6.39276790027e-05,2.93844729129e-08
98.75,1.45992003405e-07,6.3887621847e-05,2.91212170592e-08
98.8,1.44611304026e-07,6.38476305432e-05,2.88602908509e-08
98.85,1.43244342835e-07,6.38077047022e-05,2.86017083915e-08
98.9,1.41890267267e-07,6.37678439395e-05,2.83454864011e-08
98.95,1.40548956231e-07,6.37280478705e-05,2.80915315782e-08
99.0,1.3922028977e-07,6.36883161134e-05,2.78398241729e-08
99.05,1.37904149051e-07,6.36486482892e-05,2.75903957482e-08
99.1,1.36600416352e-07,6.36090440207e-05,2.73431747277e-08
99.15,1.35308975056e-07,6.3569502934e-05,2.70981732492e-08
99.2,1.34029709636e-07,6.35300246572e-05,2.68553861578e-08
99.25,1.32762505649e-07,6.34906088207e-05,2.66147884234e-08
99.3,1.31507249723e-07,6.34512550577e-05,2.63763198247e-08
99.35,1.30263829548e-07,6.34119630039e-05,2.6139993251e-08
99.4,1.29032133866e-07,6.33727322973e-05,2.59058239836e-08
99.45,1.27812052462e-07,6.33336501977e-05,2.56737267513e-08
99.5,1.26603476153e-07,6.32946410969e-05,2.54436835039e-08
99.55,1.25406296779e-07,6.32556925951e-05,2.38377338202e-08
99.6,1.24220407193e-07,6.32168146125e-05,2.34708686546e-08
99.65,1.23045701252e-07,6.31779974868e-05,2.32605592738e-08
99.7,1.21882073808e-07,6.31392397077e-05,2.30521533252e-08
99.75,1.20729420698e-07,6.3100540929e-05,2.14694454886e-08
99.8,1.19587638735e-07,6.30619770336e-05,2.11240112559e-08
99.85,1.18457217693e-07,6.30235155122e-05,2.0934742217e-08
99.9,1.17337452534e-07,6.29851121314e-05,2.07472083748e-08
99.95,1.16228243122e-07,6.29467665533e-05,2.05613338573e-08
100.0,1.15129490256e-07,6.29084784424e-05,2.03771042105e-08
