"time","AMPA","NMDA","GABAa"
0.0,0.0,0.0,0.0
0.05,0.0,0.0,0.0
0.1,0.0,0.0,0.0
0.15,0.0,0.0,0.0
0.2,0.0,0.0,0.0
0.25,0.0,0.0,0.0
0.3,0.0,0.0,0.0
0.35,0.0,0.0,0.0
0.4,0.0,0.0,0.0
0.45,0.0,0.0,0.0
0.5,0.0,0.0,0.0
0.55,0.0,0.0,0.0
0.6,0.0,0.0,0.0
0.65,0.0,0.0,0.0
0.7,0.0,0.0,0.0
0.75,0.0,0.0,0.0
0.8,0.0,0.0,0.0
0.85,0.0,0.0,0.0
0.9,0.0,0.0,0.0
0.95,0.0,0.0,0.0
1.0,0.0,0.0,0.0
1.05,0.0,0.0,0.0
1.1,0.0,0.0,0.0
1.15,0.0,0.0,0.0
1.2,0.0,0.0,0.0
1.25,0.0,0.0,0.0
1.3,0.0,0.0,0.0
1.35,0.0,0.0,0.0
1.4,0.0,0.0,0.0
1.45,0.0,0.0,0.0
1.5,0.0,0.0,0.0
1.55,0.0,0.0,0.0
1.6,0.0,0.0,0.0
1.65,0.0,0.0,0.0
1.7,0.0,0.0,0.0
1.75,0.0,0.0,0.0
1.8,0.0,0.0,0.0
1.85,0.0,0.0,0.0
1.9,0.0,0.0,0.0
1.95,0.0,0.0,0.0
2.0,0.0,0.0,0.0
2.05,0.0,0.0,0.0
2.1,0.0,0.0,0.0
2.15,0.0,0.0,0.0
2.2,0.0,0.0,0.0
2.25,0.0,0.0,0.0
2.3,0.0,0.0,0.0
2.35,0.0,0.0,0.0
2.4,0.0,0.0,0.0
2.45,0.0,0.0,0.0
2.5,0.0,0.0,0.0
2.55,0.0,0.0,0.0
2.6,0.0,0.0,0.0
2.65,0.0,0.0,0.0
2.7,0.0,0.0,0.0
2.75,0.0,0.0,0.0
2.8,0.0,0.0,0.0
2.85,0.0,0.0,0.0
2.9,0.0,0.0,0.0
2.95,0.0,0.0,0.0
3.0,0.0,0.0,0.0
3.05,0.0,0.0,0.0
3.1,0.0,0.0,0.0
3.15,0.0,0.0,0.0
3.2,0.0,0.0,0.0
3.25,0.0,0.0,0.0
3.3,0.0,0.0,0.0
3.35,0.0,0.0,0.0
3.4,0.0,0.0,0.0
3.45,0.0,0.0,0.0
3.5,0.0,0.0,0.0
3.55,0.0,0.0,0.0
3.6,0.0,0.0,0.0
3.65,0.0,0.0,0.0
3.7,0.0,0.0,0.0
3.75,0.0,0.0,0.0
3.8,0.0,0.0,0.0
3.85,0.0,0.0,0.0
3.9,0.0,0.0,0.0
3.95,0.0,0.0,0.0
4.0,0.0,0.0,0.0
4.05,0.0,0.0,0.0
4.1,0.0,0.0,0.0
4.15,0.0,0.0,0.0
4.2,0.0,0.0,0.0
4.25,0.0,0.0,0.0
4.3,0.0,0.0,0.0
4.35,0.0,0.0,0.0
4.4,0.0,0.0,0.0
4.45,0.0,0.0,0.0
4.5,0.0,0.0,0.0
4.55,0.0,0.0,0.0
4.6,0.0,0.0,0.0
4.65,0.0,0.0,0.0
4.7,0.0,0.0,0.0
4.75,0.0,0.0,0.0
4.8,0.0,0.0,0.0
4.85,0.0,0.0,0.0
4.9,0.0,0.0,0.0
4.95,0.0,0.0,0.0
5.0,0.0,0.0,0.0
5.05,0.0,0.0,0.0
5.1,0.0,0.0,0.0
5.15,0.0,0.0,0.0
5.2,0.0,0.0,0.0
5.25,0.0,0.0,0.0
5.3,0.0,0.0,0.0
5.35,0.0,0.0,0.0
5.4,0.0,0.0,0.0
5.45,0.0,0.0,0.0
5.5,0.0,0.0,0.0
5.55,0.0,0.0,0.0
5.6,0.0,0.0,0.0
5.65,0.0,0.0,0.0
5.7,0.0,0.0,0.0
5.75,0.0,0.0,0.0
5.8,0.0,0.0,0.0
5.85,0.0,0.0,0.0
5.9,0.0,0.0,0.0
5.95,0.0,0.0,0.0
6.0,0.0,0.0,0.0
6.05,0.0,0.0,0.0
6.1,0.0,0.0,0.0
6.15,0.0,0.0,0.0
6.2,0.0,0.0,0.0
6.25,0.0,0.0,0.0
6.3,0.0,0.0,0.0
6.35,0.0,0.0,0.0
6.4,0.0,0.0,0.0
6.45,0.0,0.0,0.0
6.5,0.0,0.0,0.0
6.55,0.0,0.0,0.0
6.6,0.0,0.0,0.0
6.65,0.0,0.0,0.0
6.7,0.0,0.0,0.0
6.75,0.0,0.0,0.0
6.8,0.0,0.0,0.0
6.85,0.0,0.0,0.0
6.9,0.0,0.0,0.0
6.95,0.0,0.0,0.0
7.0,0.0,0.0,0.0
7.05,0.0,0.0,0.0
7.1,0.0,0.0,0.0
7.15,0.0,0.0,0.0
7.2,0.0,0.0,0.0
7.25,0.0,0.0,0.0
7.3,0.0,0.0,0.0
7.35,0.0,0.0,0.0
7.4,0.0,0.0,0.0
7.45,0.0,0.0,0.0
7.5,0.0,0.0,0.0
7.55,0.0,0.0,0.0
7.6,0.0,0.0,0.0
7.65,0.0,0.0,0.0
7.7,0.0,0.0,0.0
7.75,0.0,0.0,0.0
7.8,0.0,0.0,0.0
7.85,0.0,0.0,0.0
7.9,0.0,0.0,0.0
7.95,0.0,0.0,0.0
8.0,0.0,0.0,0.0
8.05,0.0,0.0,0.0
8.1,0.0,0.0,0.0
8.15,0.0,0.0,0.0
8.2,0.0,0.0,0.0
8.25,0.0,0.0,0.0
8.3,0.0,0.0,0.0
8.35,0.0,0.0,0.0
8.4,0.0,0.0,0.0
8.45,0.0,0.0,0.0
8.5,0.0,0.0,0.0
8.55,0.0,0.0,0.0
8.6,0.0,0.0,0.0
8.65,0.0,0.0,0.0
8.7,0.0,0.0,0.0
8.75,0.0,0.0,0.0
8.8,0.0,0.0,0.0
8.85,0.0,0.0,0.0
8.9,0.0,0.0,0.0
8.95,0.0,0.0,0.0
9.0,0.0,0.0,0.0
9.05,0.0,0.0,0.0
9.1,0.0,0.0,0.0
9.15,0.0,0.0,0.0
9.2,0.0,0.0,0.0
9.25,0.0,0.0,0.0
9.3,0.0,0.0,0.0
9.35,0.0,0.0,0.0
9.4,0.0,0.0,0.0
9.45,0.0,0.0,0.0
9.5,0.0,0.0,0.0
9.55,0.0,0.0,0.0
9.6,0.0,0.0,0.0
9.65,0.0,0.0,0.0
9.7,0.0,0.0,0.0
9.75,0.0,0.0,0.0
9.8,0.0,0.0,0.0
9.85,0.0,0.0,0.0
9.9,0.0,0.0,0.0
9.95,0.0,0.0,0.0
10.0,0.0,0.0,0.0
10.05,0.0,0.0,0.0
10.1,0.0,0.0,0.0
10.15,0.0,0.0,0.0
10.2,0.0,0.0,0.0
10.25,0.0,0.0,0.0
10.3,0.0,0.0,0.0
10.35,0.0,0.0,0.0
10.4,0.0,0.0,0.0
10.45,0.0,0.0,0.0
10.5,0.0,0.0,0.0
10.55,0.0,0.0,0.0
10.6,0.0,0.0,0.0
10.65,0.0,0.0,0.0
10.7,0.0,0.0,0.0
10.75,0.0,0.0,0.0
10.8,0.0,0.0,0.0
10.85,0.0,0.0,0.0
10.9,0.0,0.0,0.0
10.95,0.0,0.0,0.0
11.0,0.0,0.0,0.0
11.05,0.0,0.0,0.0
11.1,0.0,0.0,0.0
11.15,0.0,0.0,0.0
11.2,0.0,0.0,0.0
11.25,0.0,0.0,0.0
11.3,0.0,0.0,0.0
11.35,0.0,0.0,0.0
11.4,0.0,0.0,0.0
11.45,0.0,0.0,0.0
11.5,0.0,0.0,0.0
11.55,0.0,0.0,0.0
11.6,0.0,0.0,0.0
11.65,0.0,0.0,0.0
11.7,0.0,0.0,0.0
11.75,0.0,0.0,0.0
11.8,0.0,0.0,0.0
11.85,0.0,0.0,0.0
11.9,0.0,0.0,0.0
11.95,0.0,0.0,0.0
12.0,0.0,0.0,0.0
12.05,0.0,0.0,0.0
12.1,0.0,0.0,0.0
12.15,0.0,0.0,0.0
12.2,0.0,0.0,0.0
12.25,0.0,0.0,0.0
12.3,0.0,0.0,0.0
12.35,0.0,0.0,0.0
12.4,0.0,0.0,0.0
12.45,0.0,0.0,0.0
12.5,0.0,0.0,0.0
12.55,0.0,0.0,0.0
12.6,0.0,0.0,0.0
12.65,0.0,0.0,0.0
12.7,0.0,0.0,0.0
12.75,0.0,0.0,0.0
12.8,0.0,0.0,0.0
12.85,0.0,0.0,0.0
12.9,0.0,0.0,0.0
12.95,0.0,0.0,0.0
13.0,0.0,0.0,0.0
13.05,0.0,0.0,0.0
13.1,0.0,0.0,0.0
13.15,0.0,0.0,0.0
13.2,0.0,0.0,0.0
13.25,0.0,0.0,0.0
13.3,0.0,0.0,0.0
13.35,0.0,0.0,0.0
13.4,0.0,0.0,0.0
13.45,0.0,0.0,0.0
13.5,0.0,0.0,0.0
13.55,0.0,0.0,0.0
13.6,0.0,0.0,0.0
13.65,0.0,0.0,0.0
13.7,0.0,0.0,0.0
13.75,0.0,0.0,0.0
13.8,0.0,0.0,0.0
13.85,0.0,0.0,0.0
13.9,0.0,0.0,0.0
13.95,0.0,0.0,0.0
14.0,0.0,0.0,0.0
14.05,0.0,0.0,0.0
14.1,0.0,0.0,0.0
14.15,0.0,0.0,0.0
14.2,0.0,0.0,0.0
14.25,0.0,0.0,0.0
14.3,0.0,0.0,0.0
14.35,0.0,0.0,0.0
14.4,0.0,0.0,0.0
14.45,0.0,0.0,0.0
14.5,0.0,0.0,0.0
14.55,0.0,0.0,0.0
14.6,0.0,0.0,0.0
14.65,0.0,0.0,0.0
14.7,0.0,0.0,0.0
14.75,0.0,0.0,0.0
14.8,0.0,0.0,0.0
14.85,0.0,0.0,0.0
14.9,0.0,0.0,0.0
14.95,0.0,0.0,0.0
15.0,0.0,0.0,0.0
15.05,0.0,0.0,0.0
15.1,0.0,0.0,0.0
15.15,0.0,0.0,0.0
15.2,0.0,0.0,0.0
15.25,0.0,0.0,0.0
15.3,0.0,0.0,0.0
15.35,0.0,0.0,0.0
15.4,0.0,0.0,0.0
15.45,0.0,0.0,0.0
15.5,0.0,0.0,0.0
15.55,0.0,0.0,0.0
15.6,0.0,0.0,0.0
15.65,0.0,0.0,0.0
15.7,0.0,0.0,0.0
15.75,0.0,0.0,0.0
15.8,0.0,0.0,0.0
15.85,0.0,0.0,0.0
15.9,0.0,0.0,0.0
15.95,0.0,0.0,0.0
16.0,0.0,0.0,0.0
16.05,0.0,0.0,0.0
16.1,0.0,0.0,0.0
16.15,0.0,0.0,0.0
16.2,0.0,0.0,0.0
16.25,0.0,0.0,0.0
16.3,0.0,0.0,0.0
16.35,0.0,0.0,0.0
16.4,0.0,0.0,0.0
16.45,0.0,0.0,0.0
16.5,0.0,0.0,0.0
16.55,0.0,0.0,0.0
16.6,0.0,0.0,0.0
16.65,0.0,0.0,0.0
16.7,0.0,0.0,0.0
16.75,0.0,0.0,0.0
16.8,0.0,0.0,0.0
16.85,0.0,0.0,0.0
16.9,0.0,0.0,0.0
16.95,0.0,0.0,0.0
17.0,0.0,0.0,0.0
17.05,0.0,0.0,0.0
17.1,0.0,0.0,0.0
17.15,0.0,0.0,0.0
17.2,0.0,0.0,0.0
17.25,0.0,0.0,0.0
17.3,0.0,0.0,0.0
17.35,0.0,0.0,0.0
17.4,0.0,0.0,0.0
17.45,0.0,0.0,0.0
17.5,0.0,0.0,0.0
17.55,0.0,0.0,0.0
17.6,0.0,0.0,0.0
17.65,0.0,0.0,0.0
17.7,0.0,0.0,0.0
17.75,0.0,0.0,0.0
17.8,0.0,0.0,0.0
17.85,0.0,0.0,0.0
17.9,0.0,0.0,0.0
17.95,0.0,0.0,0.0
18.0,0.0,0.0,0.0
18.05,0.0,0.0,0.0
18.1,0.0,0.0,0.0
18.15,0.0,0.0,0.0
18.2,0.0,0.0,0.0
18.25,0.0,0.0,0.0
18.3,0.0,0.0,0.0
18.35,0.0,0.0,0.0
18.4,0.0,0.0,0.0
18.45,0.0,0.0,0.0
18.5,0.0,0.0,0.0
18.55,0.0,0.0,0.0
18.6,0.0,0.0,0.0
18.65,0.0,0.0,0.0
18.7,0.0,0.0,0.0
18.75,0.0,0.0,0.0
18.8,0.0,0.0,0.0
18.85,0.0,0.0,0.0
18.9,0.0,0.0,0.0
18.95,0.0,0.0,0.0
19.0,0.0,0.0,0.0
19.05,0.0,0.0,0.0
19.1,0.0,0.0,0.0
19.15,0.0,0.0,0.0
19.2,0.0,0.0,0.0
19.25,0.0,0.0,0.0
19.3,0.0,0.0,0.0
19.35,0.0,0.0,0.0
19.4,0.0,0.0,0.0
19.45,0.0,0.0,0.0
19.5,0.0,0.0,0.0
19.55,0.0,0.0,0.0
19.6,0.0,0.0,0.0
19.65,0.0,0.0,0.0
19.7,0.0,0.0,0.0
19.75,0.0,0.0,0.0
19.8,0.0,0.0,0.0
19.85,0.0,0.0,0.0
19.9,0.0,0.0,0.0
19.95,0.0,0.0,0.0
20.0,0.0,0.0,0.0
20.05,0.0,0.0,0.0
20.1,0.0,0.0,0.0
20.15,0.0,0.0,0.0
20.2,0.0,0.0,0.0
20.25,0.0,0.0,0.0
20.3,0.0,0.0,0.0
20.35,0.0,0.0,0.0
20.4,0.0,0.0,0.0
20.45,0.0,0.0,0.0
20.5,0.0,0.0,0.0
20.55,0.0,0.0,0.0
20.6,0.0,0.0,0.0
20.65,0.0,0.0,0.0
20.7,0.0,0.0,0.0
20.75,0.0,0.0,0.0
20.8,0.0,0.0,0.0
20.85,0.0,0.0,0.0
20.9,0.0,0.0,0.0
20.95,0.0,0.0,0.0
21.0,0.0,0.0,0.0
21.05,0.0,0.0,0.0
21.1,0.0,0.0,0.0
21.15,0.0,0.0,0.0
21.2,0.0,0.0,0.0
21.25,0.0,0.0,0.0
21.3,0.0,0.0,0.0
21.35,0.0,0.0,0.0
21.4,0.0,0.0,0.0
21.45,0.0,0.0,0.0
21.5,0.0,0.0,0.0
21.55,0.0,0.0,0.0
21.6,0.0,0.0,0.0
21.65,0.0,0.0,0.0
21.7,0.0,0.0,0.0
21.75,0.0,0.0,0.0
21.8,0.0,0.0,0.0
21.85,0.0,0.0,0.0
21.9,0.0,0.0,0.0
21.95,0.0,0.0,0.0
22.0,0.0,0.0,0.0
22.05,0.0,0.0,0.0
22.1,0.0,0.0,0.0
22.15,0.0,0.0,0.0
22.2,0.0,0.0,0.0
22.25,0.0,0.0,0.0
22.3,0.0,0.0,0.0
22.35,0.0,0.0,0.0
22.4,0.0,0.0,0.0
22.45,0.0,0.0,0.0
22.5,0.0,0.0,0.0
22.55,0.0,0.0,0.0
22.6,0.0,0.0,0.0
22.65,0.0,0.0,0.0
22.7,0.0,0.0,0.0
22.75,0.0,0.0,0.0
22.8,0.0,0.0,0.0
22.85,0.0,0.0,0.0
22.9,0.0,0.0,0.0
22.95,0.0,0.0,0.0
23.0,0.0,0.0,0.0
23.05,0.0,0.0,0.0
23.1,0.0,0.0,0.0
23.15,0.0,0.0,0.0
23.2,0.0,0.0,0.0
23.25,0.0,0.0,0.0
23.3,0.0,0.0,0.0
23.35,0.0,0.0,0.0
23.4,0.0,0.0,0.0
23.45,0.0,0.0,0.0
23.5,0.0,0.0,0.0
23.55,0.0,0.0,0.0
23.6,0.0,0.0,0.0
23.65,0.0,0.0,0.0
23.7,0.0,0.0,0.0
23.75,0.0,0.0,0.0
23.8,0.0,0.0,0.0
23.85,0.0,0.0,0.0
23.9,0.0,0.0,0.0
23.95,0.0,0.0,0.0
24.0,0.0,0.0,0.0
24.05,0.0,0.0,0.0
24.1,0.0,0.0,0.0
24.15,0.0,0.0,0.0
24.2,0.0,0.0,0.0
24.25,0.0,0.0,0.0
24.3,0.0,0.0,0.0
24.35,0.0,0.0,0.0
24.4,0.0,0.0,0.0
24.45,0.0,0.0,0.0
24.5,0.0,0.0,0.0
24.55,0.0,0.0,0.0
24.6,0.0,0.0,0.0
24.65,0.0,0.0,0.0
24.7,0.0,0.0,0.0
24.75,0.0,0.0,0.0
24.8,0.0,0.0,0.0
24.85,0.0,0.0,0.0
24.9,0.0,0.0,0.0
24.95,0.0,0.0,0.0
25.0,0.0,0.0,0.0
25.05,0.0,0.0,0.0
25.1,0.0,0.0,0.0
25.15,0.0,0.0,0.0
25.2,0.0,0.0,0.0
25.25,0.0,0.0,0.0
25.3,0.0,0.0,0.0
25.35,0.0,0.0,0.0
25.4,0.0,0.0,0.0
25.45,0.0,0.0,0.0
25.5,0.0,0.0,0.0
25.55,0.0,0.0,0.0
25.6,0.0,0.0,0.0
25.65,0.0,0.0,0.0
25.7,0.0,0.0,0.0
25.75,0.0,0.0,0.0
25.8,0.0,0.0,0.0
25.85,0.0,0.0,0.0
25.9,0.0,0.0,0.0
25.95,0.0,0.0,0.0
26.0,0.0,0.0,0.0
26.05,0.0,0.0,0.0
26.1,0.0,0.0,0.0
26.15,0.0,0.0,0.0
26.2,0.0,0.0,0.0
26.25,0.0,0.0,0.0
26.3,0.0,0.0,0.0
26.35,0.0,0.0,0.0
26.4,0.0,0.0,0.0
26.45,0.0,0.0,0.0
26.5,0.0,0.0,0.0
26.55,0.0,0.0,0.0
26.6,0.0,0.0,0.0
26.65,0.0,0.0,0.0
26.7,0.0,0.0,0.0
26.75,0.0,0.0,0.0
26.8,0.0,0.0,1.71407921186e-16
26.85,0.0,0.0,0.000231629069833
26.9,0.0,0.0,0.000409811491977
26.95,0.0,0.0,0.000546205151433
27.0,0.0,0.0,0.00065008456604
27.05,0.0,0.0,0.000957771597517
27.1,0.0,0.0,0.00119021627536
27.15,0.0,0.0,0.00136393415974
27.2,0.0,0.0,0.00149212559397
27.25,0.0,0.0,0.00158521415694
27.3,0.0,0.0,0.0016513577277
27.35,0.0,0.0,0.00180572384295
27.4,0.0,0.0,0.00202379152936
27.45,0.0,0.0,0.00217983833149
27.5,0.0,0.0,0.0022882601053
27.55,0.0,0.0,0.00236034967458
27.6,0.0,0.0,0.00240488778653
27.65,0.0,0.0,0.00242865408759
27.7,0.0,0.0,0.00243685651868
27.75,0.0,0.0,0.00253053188887
27.8,0.0,0.0,0.00258757721133
27.85,0.0,0.0,0.00261114683288
27.9,0.0,0.0,0.0026156087549
27.95,0.0,0.0,0.00260600232628
28.0,0.0,0.0,0.00258486247223
28.05,0.0,0.0,0.00254994158876
28.1,0.0,0.0,0.00251058994788
28.15,0.0,0.0,0.00246836686052
28.2,0.0,0.0,0.00242443419418
28.25,0.0,0.0,0.00237965266545
28.3,0.0,0.0,0.0023340709086
28.35,0.0,0.0,0.0022852526839
28.4,0.0,0.0,0.00223445365329
28.45,0.0,0.0,0.00218503564013
28.5,0.0,0.0,0.00213708587954
28.55,0.0,0.0,0.002090657295
28.6,0.0,0.0,0.00211890875431
28.65,0.0,0.0,0.00212867567803
28.7,0.0,0.0,0.00219528532427
28.75,0.0,0.0,0.00222973404627
28.8,0.0,0.0,0.00224240534902
28.85,0.0,0.0,0.00223905821424
28.9,0.0,0.0,0.00222407355483
28.95,0.0,0.0,0.00220077505774
29.0,0.0,0.0,0.00217167277446
29.05,0.0,0.0,0.00213865613787
29.1,0.0,0.0,0.00216548608151
29.15,0.0,0.0,0.00217339577434
29.2,0.0,0.0,0.00216743076875
29.25,0.0,0.0,0.00215143714698
29.3,0.0,0.0,0.00212832361796
29.35,0.0,0.0,0.00210028989212
29.4,0.0,0.0,0.00206897675664
29.45,0.0,0.0,0.00203560911803
29.5,0.0,0.0,0.00200109688826
29.55,0.0,0.0,0.00196571965198
29.6,0.0,0.0,0.00192839199734
29.65,0.0,0.0,0.0018912587335
29.7,0.0,0.0,0.00185301201879
29.75,0.0,0.0,0.00181591384977
29.8,0.0,0.0,0.00178002964774
29.85,0.0,0.0,0.00174539769657
29.9,0.0,0.0,0.00171202374616
29.95,0.0,0.0,0.00168119715033
30.0,0.0,0.0,0.00166691930825
30.05,0.0,0.0,0.00164925909402
30.1,0.0,0.0,0.00162780879882
30.15,0.0,0.0,0.00160521772934
30.2,0.0,0.0,0.00158201652464
30.25,0.0,0.0,0.00155859467411
30.3,0.0,0.0,0.00153523536389
30.35,0.0,0.0,0.00151214656188
30.4,0.0,0.0,0.00148947242776
30.45,0.0,0.0,0.00146731216664
30.5,0.0,0.0,0.00144573271172
30.55,0.0,0.0,0.00142477837249
30.6,0.0,0.0,0.0014044731141
30.65,0.0,0.0,0.00138482301915
30.7,0.0,0.0,0.00136582913332
30.75,0.0,0.0,0.00134748339208
30.8,0.0,0.0,0.00132977160729
30.85,0.0,0.0,0.00131267959171
30.9,0.0,0.0,0.00129618741016
30.95,0.0,0.0,0.0012801767239
31.0,0.0,0.0,0.00126312839804
31.05,0.0,0.0,0.0012466989279
31.1,0.0,0.0,0.00123085876181
31.15,0.0,0.0,0.00121557634149
31.2,0.0,0.0,0.00120082593297
31.25,0.0,0.0,0.00118658160291
31.3,0.0,0.0,0.0011728178873
31.35,0.0,0.0,0.00115951370639
31.4,0.0,0.0,0.00114664622062
31.45,0.0,0.0,0.00113419368667
31.5,0.0,0.0,0.00112213808097
31.55,0.0,0.0,0.00111126511937
31.6,0.0,0.0,0.00112037954811
31.65,0.0,0.0,0.00112490387472
31.7,0.0,0.0,0.00112596707273
31.75,0.0,0.0,0.00112443803393
31.8,0.0,0.0,0.00112098372961
31.85,0.0,0.0,0.00111690056411
31.9,0.0,0.0,0.0011316193561
31.95,0.0,0.0,0.00114062115325
32.0,0.0,0.0,0.00114608716129
32.05,0.0,0.0,0.00116746100301
32.1,0.0,0.0,0.00118151336128
32.15,0.0,0.0,0.00118999033757
32.2,0.0,0.0,0.00119502041039
32.25,0.0,0.0,0.00121640851881
32.3,0.0,0.0,0.00123112352371
32.35,0.0,0.0,0.00126208518838
32.4,0.0,0.0,0.00129867749068
32.45,0.0,0.0,0.0013238990063
32.5,0.0,0.0,0.00134044293898
32.55,0.0,0.0,0.00135026472265
32.6,0.0,0.0,0.00135366945309
32.65,0.0,0.0,0.00135345029404
32.7,0.0,0.0,0.00135055828711
32.75,0.0,0.0,0.00134571963397
32.8,0.0,0.0,0.00133948741534
32.85,0.0,0.0,0.00133214752652
32.9,0.0,0.0,0.00132274539354
32.95,0.0,0.0,0.00131301906271
33.0,0.0,0.0,0.00130301110283
33.05,0.0,0.0,0.00129158501623
33.1,0.0,0.0,0.00128031241029
33.15,0.0,0.0,0.00126924872659
33.2,0.0,0.0,0.00125830368121
33.25,0.0,0.0,0.00124626346573
33.3,0.0,0.0,0.00123445512823
33.35,0.0,0.0,0.00122155474662
33.4,0.0,0.0,0.00120773401189
33.45,0.0,0.0,0.00119441417108
33.5,0.0,0.0,0.00118157028211
33.55,0.0,0.0,0.00116992146893
33.6,0.0,0.0,0.0011751971079
33.65,0.0,0.0,0.00117734545167
33.7,0.0,0.0,0.00119557403878
33.75,0.0,0.0,0.00122065834195
33.8,0.0,0.0,0.00123711961837
33.85,0.0,0.0,0.00124702494192
33.9,0.0,0.0,0.00125197845991
33.95,0.0,0.0,0.00125321558257
34.0,0.0,0.0,0.00125168912995
34.05,0.0,0.0,0.00124813116499
34.1,0.0,0.0,0.00124310030034
34.15,0.0,0.0,0.00123702143383
34.2,0.0,0.0,0.00123021827786
34.25,0.0,0.0,0.00122293780676
34.3,0.0,0.0,0.00121536302503
34.35,0.0,0.0,0.00120763379695
34.4,0.0,0.0,0.00119985447736
34.45,0.0,0.0,0.00119305532393
34.5,0.0,0.0,0.00119603066037
34.55,0.0,0.0,0.00119649644713
34.6,0.0,0.0,0.001193879411
34.65,0.0,0.0,0.00118989043333
34.7,0.0,0.0,0.00118362083599
34.75,0.0,0.0,0.00117549950829
34.8,0.0,0.0,0.00116708366675
34.85,0.0,0.0,0.00115851403444
34.9,0.0,0.0,0.00114989540036
34.95,0.0,0.0,0.00114173250791
35.0,0.0,0.0,0.00115824482131
35.05,0.0,0.0,0.00118893262218
35.1,0.0,0.0,0.00121021507041
35.15,0.0,0.0,0.00122429861101
35.2,0.0,0.0,0.00123290571676
35.25,0.0,0.0,0.00123737123277
35.3,0.0,0.0,0.00123872489937
35.35,0.0,0.0,0.001237761492
35.4,0.0,0.0,0.00123598839109
35.45,0.0,0.0,0.0012431892543
35.5,0.0,0.0,0.00124552807159
35.55,0.0,0.0,0.0012452438859
35.6,0.0,0.0,0.00124302048077
35.65,0.0,0.0,0.00123938009937
35.7,0.0,0.0,0.00123472375232
35.75,0.0,0.0,0.00122935584472
35.8,0.0,0.0,0.00122428527461
35.85,0.0,0.0,0.00123167741629
35.9,0.0,0.0,0.00123556994081
35.95,0.0,0.0,0.00123667239953
36.0,0.0,0.0,0.00123445170475
36.05,0.0,0.0,0.00122836814506
36.1,0.0,0.0,0.00122143091873
36.15,0.0,0.0,0.00121490134117
36.2,0.0,0.0,0.00121521594832
36.25,0.0,0.0,0.00121343201639
36.3,0.0,0.0,0.00121104845028
36.35,0.0,0.0,0.00121562816057
36.4,0.0,0.0,0.00121722796426
36.45,0.0,0.0,0.00121542238341
36.5,0.0,0.0,0.00121207481712
36.55,0.0,0.0,0.00120761299379
36.6,0.0,0.0,0.00120236137475
36.65,0.0,0.0,0.0011965668314
36.7,0.0,0.0,0.00119126920139
36.75,0.0,0.0,0.00119579839415
36.8,0.0,0.0,0.00119752377424
36.85,0.0,0.0,0.00119600067602
36.9,0.0,0.0,0.00119303546562
36.95,0.0,0.0,0.00118902452342
37.0,0.0,0.0,0.00118491850218
37.05,0.0,0.0,0.00119539844852
37.1,0.0,0.0,0.00120164896315
37.15,0.0,0.0,0.00120464995495
37.2,0.0,0.0,0.00120402798765
37.25,0.0,0.0,0.00120167450379
37.3,0.0,0.0,0.00119799777957
37.35,0.0,0.0,0.0011921969977
37.4,0.0,0.0,0.00118581534139
37.45,0.0,0.0,0.00117905482502
37.5,0.0,0.0,0.00117206752266
37.55,0.0,0.0,0.00116496666359
37.6,0.0,0.0,0.00115783431686
37.65,0.0,0.0,0.00115073243734
37.7,0.0,0.0,0.00114363472762
37.75,0.0,0.0,0.00113543390303
37.8,-1.63995610817e-14,-2.74984121403e-15,0.00112741748443
37.85,-0.00606479749807,-6.37000865881e-05,0.00111959685846
37.9,-0.0117347699278,-0.000128088178334,0.00114229601475
37.95,-0.0170094403778,-0.000193789273009,0.00119178047611
38.0,-0.0218978318372,-0.000261549116095,0.00126442531439
38.05,-0.0264090713245,-0.000332445436124,0.00135560425993
38.1,-0.0305564462595,-0.000406530286375,0.00146480938959
38.15,-0.0343552259882,-0.000484940922374,0.00160279045686
38.2,-0.0378215758657,-0.00056796811114,0.00175128582385
38.25,-0.040974327849,-0.000655915567557,0.00190830940146
38.3,-0.0438294962397,-0.000749640937559,0.00207201134984
38.35,-0.0464071609358,-0.000848924971386,0.00224069810448
38.4,-0.0487234133466,-0.000954570258635,0.00241284140803
38.45,-0.050797456256,-0.00106684061907,0.00258708172088
38.5,-0.0526454516507,-0.00118557802678,0.00276222162869
38.55,-0.0542845821231,-0.00131159844119,0.00293720847402
38.6,-0.0557305491083,-0.00144446865375,0.0031111292964
38.65,-0.0569983748121,-0.00158468279464,0.00328319239033
38.7,-0.0581028387397,-0.00173243499558,0.0034527325655
38.75,-0.0590568118818,-0.00188717586011,0.0036191796739
38.8,-0.0583584143902,-0.00195081008077,0.00378205423312
38.85,-0.0571447393825,-0.00201252864049,0.00393397093392
38.9,-0.0559852456624,-0.00207209904226,0.00407326681689
38.95,-0.0548765515386,-0.00212946580728,0.00420081171206
39.0,-0.0538155018136,-0.00218462857421,0.00431741693961
39.05,-0.0527991653522,-0.00223763229461,0.0044238347378
39.1,-0.0518248299581,-0.0022884883773,0.00452041306873
39.15,-0.0508899204134,-0.00233720327227,0.00460222739177
39.2,-0.0499916345879,-0.00238386073499,0.00467572467491
39.25,-0.049127785501,-0.00242858450532,0.00474147898734
39.3,-0.0482963585098,-0.00247135429341,0.00480001241168
39.35,-0.0474954665497,-0.00251222766295,0.00485182792541
39.4,-0.0467233519055,-0.00255127938464,0.00489737490501
39.45,-0.0459783837905,-0.00258859336261,0.00493708263495
39.5,-0.0452590231228,-0.00262416551688,0.00497135520018
39.55,-0.0445638440095,-0.00265807946528,0.00500056530419
39.6,-0.0438915225209,-0.00269042823032,0.00502504613838
39.65,-0.0432408056457,-0.0027212325322,0.00504512928909
39.7,-0.0426105379386,-0.00275052983172,0.00506111084994
39.75,-0.041999625662,-0.0027784818927,0.00507327324169
39.8,-0.0414070573059,-0.0028050531941,0.00508187063482
39.85,-0.0408320846578,-0.00283031276633,0.00508715723234
39.9,-0.0402736041535,-0.0028543236699,0.00508935142844
39.95,-0.0397307809241,-0.00287714296727,0.00508867058524
40.0,-0.0392028328633,-0.00289882251008,0.0050853169208
40.05,-0.0386890269371,-0.00291940941792,0.00507947836642
40.1,-0.0381886757535,-0.00293894651257,0.00507131828389
40.15,-0.0377011336689,-0.00295747282223,0.00506100638809
40.2,-0.0372257950792,-0.00297502375164,0.00504869225523
40.25,-0.0367620911234,-0.00299172310878,0.00503451836354
40.3,-0.0363094895642,-0.00300753070243,0.00501861128094
40.35,-0.0358674839211,-0.00302247283133,0.00500110640663
40.4,-0.0354356020233,-0.00303666068581,0.00498210999432
40.45,-0.0350134008025,-0.00305008366192,0.00496173496399
40.5,-0.0346004583194,-0.00306273905006,0.00494008757177
40.55,-0.0341963830921,-0.00307476707525,0.0049172646984
40.6,-0.0338008000876,-0.00308605306503,0.00489334695358
40.65,-0.0334133615421,-0.00309679398482,0.00486842456834
40.7,-0.0330337335114,-0.00310685192452,0.00484257503105
40.75,-0.032661606784,-0.003116397495,0.0048158717898
40.8,-0.032296683931,-0.00312535014069,0.00478837940214
40.85,-0.0319388481777,-0.00313377851844,0.00476017170585
40.9,-0.0315876698833,-0.00314173324379,0.00473130091902
40.95,-0.0312429015307,-0.00314915756658,0.00470182799738
41.0,-0.0309043084196,-0.00315616216023,0.00467180943886
41.05,-0.0305716663408,-0.00316273173979,0.00464129785046
41.1,-0.0302447661392,-0.00316884606261,0.00461033051753
41.15,-0.029923408224,-0.00317456692586,0.00457895823536
41.2,-0.0296074022555,-0.00317994340811,0.00454722074303
41.25,-0.0292965694841,-0.0031849269676,0.00451515715928
41.3,-0.0289907398904,-0.00318953783302,0.0044827988449
41.35,-0.0286897517763,-0.00319381833852,0.00445018896482
41.4,-0.0283934509462,-0.00319781943262,0.00441735090646
41.45,-0.0281016917193,-0.0032014965788,0.00438431869308
41.5,-0.0278143355214,-0.00320486576364,0.00435112347148
41.55,-0.027531250649,-0.00320794199968,0.00431779351093
41.6,-0.0272523118151,-0.00321073940175,0.00428434490671
41.65,-0.0269773992724,-0.00321331781274,0.00425080722339
41.7,-0.0267063982624,-0.00321565046074,0.00421720071062
41.75,-0.0264392007202,-0.00321773833982,0.00418354614264
41.8,-0.0261757031369,-0.00321959279284,0.00414985806254
41.85,-0.0259159360216,-0.00322122876396,0.00411616280899
41.9,-0.0256596717852,-0.00322265886696,0.00408246931228
41.95,-0.0254068201787,-0.00322388626666,0.00404879710098
42.0,-0.0251572951583,-0.00322491999434,0.00401516366874
42.05,-0.0249110145481,-0.00322576856698,0.00398158451377
42.1,-0.024667899781,-0.00322645995465,0.00394806453359
42.15,-0.0244278748836,-0.00322698702986,0.00391462173356
42.2,-0.024190867919,-0.00322734938916,0.00388126566261
42.25,-0.023956809683,-0.00322755400909,0.00384800729975
42.3,-0.0237256338215,-0.00322760750185,0.00381485225159
42.35,-0.0234972764823,-0.00322751618431,0.00378181741352
42.4,-0.0232716766828,-0.00322728597583,0.00374890378834
42.45,-0.0230487755254,-0.00322692257349,0.00371612283259
42.5,-0.0228285165436,-0.00322643135609,0.003683484516
42.55,-0.022610845537,-0.0032258174106,0.00365099732097
42.6,-0.0223957104145,-0.00322508555769,0.00361866033589
42.65,-0.0221830607312,-0.00322424045645,0.0035864848648
42.7,-0.0219728481085,-0.00322328648801,0.00355447490718
42.75,-0.0217650258589,-0.00322222783854,0.00352263599214
42.8,-0.0215595489771,-0.00322106849107,0.00349096898323
42.85,-0.0254323928746,-0.0033995728339,0.00345948530821
42.9,-0.02901012406,-0.00358749919704,0.00343740488059
42.95,-0.0322956182382,-0.00378460786421,0.003423661592
43.0,-0.0352978370911,-0.00399108902299,0.00341725257907
43.05,-0.0380255292085,-0.00420824372167,0.00341724702516
43.1,-0.040490025696,-0.00443455236489,0.00342277656791
43.15,-0.0427037237109,-0.0046717499006,0.00343305253261
43.2,-0.044678955544,-0.00491919611592,0.00344734774067
43.25,-0.0464300716924,-0.00517632918272,0.00346500270294
43.3,-0.0479694233067,-0.00544417388456,0.00348541454475
43.35,-0.0493119649594,-0.00572090420332,0.00350804956297
43.4,-0.0504698882318,-0.00600750886101,0.00353241450831
43.45,-0.0514573343872,-0.00630338614403,0.0035580808217
43.5,-0.0522863665478,-0.00660713580099,0.00358466252136
43.55,-0.0529696065459,-0.00691983129717,0.00361182012197
43.6,-0.05351865353,-0.00723935931013,0.00363924329186
43.65,-0.0539445154374,-0.00756605129282,0.00366667515328
43.7,-0.0542580432521,-0.00789964514394,0.00369388097444
43.75,-0.0544686307026,-0.00823799728153,0.00372066788346
43.8,-0.0535827665219,-0.00836666166228,0.00374685987399
43.85,-0.052368842676,-0.00848794100432,0.00377013522222
43.9,-0.0512062696114,-0.00860171688979,0.00379001974309
43.95,-0.0500921236674,-0.00870865332944,0.0038067400988
44.0,-0.0490236673583,-0.00880887636605,0.00382050773712
44.05,-0.047998270689,-0.00890280265121,0.0038315250671
44.1,-0.0470134342,-0.00899081841961,0.00383997507798
44.15,-0.0460667772484,-0.00907328322771,0.00384604478691
44.2,-0.0451560299014,-0.00915053294818,0.00384990556999
44.25,-0.0442790236126,-0.00922288285481,0.00385172306246
44.3,-0.0434336838898,-0.0092906302603,0.00385165099623
44.35,-0.0426180230742,-0.00935423155554,0.00384984843117
44.4,-0.0418301521214,-0.00941387040653,0.00384645149802
44.45,-0.0410682163445,-0.00946986932864,0.00384160497043
44.5,-0.0403304707651,-0.00952254370455,0.00383544426603
44.55,-0.0396151972582,-0.00957216085551,0.00382810204012
44.6,-0.0389207724516,-0.00961889226097,0.00381969425443
44.65,-0.0382456090899,-0.00966318828844,0.00381034742068
44.7,-0.0375881496451,-0.00970512048429,0.00380017880618
44.75,-0.0369469087519,-0.00974492468554,0.0037893021458
44.8,-0.0363204163,-0.00978284532552,0.00377782560294
44.85,-0.0357073881469,-0.0098191729115,0.00376586876102
44.9,-0.0351062065253,-0.00985402060994,0.0037535340587
44.95,-0.034515423047,-0.00988757433597,0.00374093631539
45.0,-0.0339335648257,-0.00992001629867,0.0037281917849
45.05,-0.0333591118077,-0.00995152403161,0.00371541993395
45.1,-0.0327904684796,-0.00998230624696,0.00370273759573
45.15,-0.0322259163058,-0.0100125450442,0.00369028470763
45.2,-0.0316636003155,-0.0100423519183,0.0036782057139
45.25,-0.0311014370178,-0.0100718824244,0.00366666598613
45.3,-0.0305370431788,-0.0101013061126,0.00365585124568
45.35,-0.0299676133107,-0.0101308849002,0.00364599345493
45.4,-0.0293897942131,-0.0101606119553,0.00363735522337
45.45,-0.0287994337036,-0.0101907331892,0.00363027548759
45.5,-0.0281912480801,-0.0102212274747,0.00362518554377
45.55,-0.0275583504953,-0.0102521850316,0.00362264776683
45.6,-0.0268914714627,-0.0102834408146,0.00362341170308
45.65,-0.0261776450089,-0.010314571925,0.00362854334651
45.7,-0.0253981361152,-0.0103443740261,0.00363957633865
45.75,-0.0245245310018,-0.0103704270112,0.00365884202116
45.8,-0.0235114602107,-0.0103869659879,0.00369006126583
45.85,-0.0222816808066,-0.0103803333948,0.00373959593242
45.9,-0.0206920830742,-0.0103149067114,0.00381918872152
45.95,-0.0184501976086,-0.0100843360403,0.00395288271747
46.0,-0.0148798516244,-0.00930927343202,0.00419627033762
46.05,-0.00824000566464,-0.00634218027737,0.00469252358343
46.1,0.00523381686463,0.0052151950832,0.00575137851494
46.15,0.0233662771468,0.0266789016467,0.00719481817325
46.2,0.0335707336771,0.0396538038092,0.00798798790931
46.25,0.0365425021156,0.0437611914326,0.00818713655202
46.3,0.0368076879559,0.0445174700723,0.00816406613453
46.35,0.0360855604486,0.0440262820408,0.0080601008924
46.4,0.0348194048743,0.0428221500757,0.00791163824261
46.45,0.0330963250404,0.0409969751126,0.007725797819
46.5,0.0309214271048,0.0385384192711,0.00750294568417
46.55,0.0282965663328,0.0354298694366,0.00724317792954
46.6,0.0252445479002,0.0316841106427,0.00694830360443
46.65,0.0218153516015,0.0273568086412,0.00662240622892
46.7,0.0180841460209,0.0225522155003,0.00627164653318
46.75,0.0141446072867,0.0174250465087,0.00590373228611
46.8,0.0100996519734,0.0121790842904,0.00552714462886
46.85,0.00605246453588,0.00705984991766,0.0051504191752
46.9,0.00210453685919,0.00234057609797,0.00478195479443
46.95,-0.00163951916087,-0.00171171714638,0.00443043550147
47.0,-0.00510731368675,-0.00493120748409,0.00410188848693
47.05,-0.00833820326848,-0.00733153271993,0.00379308009536
47.1,-0.0114662071365,-0.00900439365611,0.00349290353642
47.15,-0.014622861273,-0.00999213786623,0.00319044950696
47.2,-0.0178493006037,-0.0102935807398,0.00288229127606
47.25,-0.0210386543595,-0.00997962789559,0.00257730120497
47.3,-0.023967789356,-0.0092741691566,0.00229403650159
47.35,-0.0264412356569,-0.00845517613649,0.00204879704832
47.4,-0.0283940607758,-0.00770469422158,0.00184703803392
47.45,-0.0298648682065,-0.00708733639732,0.00168560758967
47.5,-0.030930530267,-0.0066044126446,0.00155815722989
47.55,-0.031668653137,-0.0062362506614,0.00145826396726
47.6,-0.0321457118812,-0.00596051861823,0.00138041714601
47.65,-0.0324157373496,-0.00575746662714,0.00132013888388
47.7,-0.0325220678184,-0.00561160777942,0.00127383250995
47.75,-0.0324993149461,-0.00551056234856,0.00123862401323
47.8,-0.0323750592781,-0.00544481245593,0.00121221988626
47.85,-0.0321714746837,-0.00540711893045,0.00119279146413
47.9,-0.0319059826429,-0.00539164623569,0.0011788721093
47.95,-0.0315926639355,-0.00539406057221,0.00116928904624
48.0,-0.0312428014083,-0.00541072854988,0.00116310125015
48.05,-0.0308654516176,-0.00543876953056,0.00115955213093
48.1,-0.0304678830337,-0.00547591819167,0.00115803071333
48.15,-0.0300559384139,-0.00552036629255,0.00115804842195
48.2,-0.0296343112438,-0.0055705849253,0.00115921002332
48.25,-0.0292067690087,-0.00562529057485,0.00116119789251
48.3,-0.0287763314386,-0.0056834119342,0.00116375519698
48.35,-0.0283454130902,-0.00574425161591,0.00116667909815
48.4,-0.0279159263581,-0.00580699907349,0.00116980397244
48.45,-0.0274894060921,-0.00587101714021,0.0011729990102
48.5,-0.0270670436626,-0.00593599285179,0.00117616184173
48.55,-0.0266497858497,-0.00600125730791,0.00117921025102
48.6,-0.0262383571661,-0.00606677716682,0.00118207773179
48.65,-0.0258332948946,-0.00613198624619,0.001184717512
48.7,-0.0254350171915,-0.00619683152253,0.00118709060055
48.75,-0.0250438053612,-0.00626104428407,0.00118917013056
48.8,-0.0246598671356,-0.00632439077038,0.00119093396627
48.85,-0.024283437193,-0.0063869662488,0.00119237162864
48.9,-0.0239144579173,-0.00644842401129,0.00119347176911
48.95,-0.0235529410737,-0.0065087252967,0.00119423119927
49.0,-0.0231988499716,-0.00656797484832,0.00119465059836
49.05,-0.0228521319557,-0.00662592989579,0.00119473174365
49.1,-0.0225127020865,-0.00668256478827,0.00119447625695
49.15,-0.0221804554887,-0.00673786346854,0.00119389159007
49.2,-0.0218552712989,-0.00679194221656,0.00119298436023
49.25,-0.0215370109539,-0.0068446592515,0.00119176335727
49.3,-0.0212255409047,-0.00689601080758,0.00119023553361
49.35,-0.0209207145303,-0.00694600344185,0.00118841269131
49.4,-0.0206223811093,-0.00699464666605,0.00118630228781
49.45,-0.020330387275,-0.00704196236685,0.00118391546974
49.5,-0.0200445784212,-0.00708795558035,0.00118126327547
49.55,-0.0197647999287,-0.00713263962488,0.0011783565055
49.6,-0.0194908979716,-0.00717602998765,0.00117520306165
49.65,-0.0192227200981,-0.00721814269334,0.0011718148272
49.7,-0.0189601159512,-0.00725899396258,0.00116820135399
49.75,-0.018702937622,-0.00729860005069,0.00116437265076
49.8,-0.0184510400156,-0.007336977071,0.00116033711025
49.85,-0.0182043720358,-0.00737421963701,0.00115610651859
49.9,-0.0179627046112,-0.00741033920371,0.00115168753243
49.95,-0.0177258972841,-0.00744529621952,0.00114709060384
50.0,-0.0174938182177,-0.0074791021834,0.00114232523124
50.05,-0.0172663391686,-0.00751178578878,0.00113740036579
50.1,-0.0170433390958,-0.00754353608797,0.00113232160724
50.15,-0.0168246915317,-0.00757418974835,0.00112709897281
50.2,-0.0166102788831,-0.00760375821409,0.00112173963722
50.25,-0.0163999870518,-0.00763245059105,0.00111625111206
50.3,-0.0161937072368,-0.0076601438941,0.0011106391319
50.35,-0.0159913284099,-0.00768680482191,0.00110491311372
50.4,-0.0157927495655,-0.0077127144515,0.0010990772298
50.45,-0.0155978650723,-0.00773761406363,0.00109313927132
50.5,-0.015406577473,-0.00776169725037,0.00108710611031
50.55,-0.0152187938123,-0.00778492308765,0.00108098399491
50.6,-0.0150344192071,-0.00780729590806,0.00107477673525
50.65,-0.0148533668212,-0.00782891978491,0.00106849120435
50.7,-0.0146755472417,-0.00784969758626,0.00106213251138
50.75,-0.0145008792224,-0.00786978419077,0.00105570566248
50.8,-0.0143292788047,-0.00788907254804,0.00104921464237
50.85,-0.0141607404438,-0.00790767998127,0.00104266607343
50.9,-0.0139951126994,-0.00792557576906,0.00103606265746
50.95,-0.0138323237449,-0.00794276402781,0.00102940952583
51.0,-0.0136723003826,-0.00795936875781,0.00102271171503
51.05,-0.0135149746959,-0.00797520878729,0.00101597357659
51.1,-0.0133602802526,-0.00799056306615,0.00100919688383
51.15,-0.0132081495852,-0.00800522713234,0.00100238702566
51.2,-0.0130585218008,-0.00801926994207,0.000995546953395
51.25,-0.0129113345751,-0.00803282788405,0.000988680301543
51.3,-0.0127665297281,-0.0080457364934,0.000981789168511
51.35,-0.0126240503974,-0.00805810868013,0.000974878620677
51.4,-0.0124838397569,-0.00807001970745,0.000967949837369
51.45,-0.0123458448684,-0.00808134846518,0.000961006501688
51.5,-0.0122100139009,-0.00809214844029,0.000954051996553
51.55,-0.0120762953381,-0.00810256195223,0.000947089459438
51.6,-0.0119446407571,-0.00811243912508,0.000940119473836
51.65,-0.0118150029043,-0.00812179844462,0.000933145807004
51.7,-0.0116873359583,-0.00813076316085,0.000926170356547
51.75,-0.0115615940069,-0.00813931249178,0.000919195547181
51.8,-0.0114377345107,-0.00814738854042,0.000912222413886
51.85,-0.011315772154,-0.00815500702189,0.000905254795478
51.9,-0.0111956082467,-0.00816225077407,0.00089829283436
51.95,-0.0110772023057,-0.00816914692283,0.00089133927763
52.0,-0.0109605164793,-0.00817562332503,0.000884396450283
52.05,-0.0108455136841,-0.0081816933327,0.000877466405071
52.1,-0.0107321579091,-0.00818736973834,0.000870548982172
52.15,-0.0106204141295,-0.00819272590874,0.000863646978416
52.2,-0.0105102474973,-0.00819777104761,0.000856761556632
52.25,-0.0104016253146,-0.00820245297461,0.000849894171139
52.3,-0.0102945155166,-0.00820678263019,0.000843045205833
52.35,-0.0101888869156,-0.00821077052684,0.000836217612416
52.4,-0.0100847092323,-0.0082144267194,0.000829410924783
52.45,-0.00998195299,-0.00821778374798,0.00082262704192
52.5,-0.009880589042,-0.00822090832481,0.000815867653434
52.55,-0.00978058962487,-0.00822372480466,0.000809134136455
52.6,-0.0096819276971,-0.00822624180615,0.000802425849986
52.65,-0.00958457691542,-0.00822846763458,0.000795744896898
52.7,-0.00948851167299,-0.00823041024462,0.000789091821756
52.75,-0.00939370704273,-0.00823207728275,0.000782467550251
52.8,-0.00930013876446,-0.00823347609301,0.000775872014243
52.85,-0.00920782921983,-0.00823461374733,0.000769307523899
52.9,-0.00911670826664,-0.00823549969303,0.000762773275256
52.95,-0.00902675351645,-0.00823619689152,0.000756270637588
53.0,-0.00893794275216,-0.0082366539745,0.000749800797395
53.05,-0.00885025499063,-0.00823687222443,0.000743364655306
53.1,-0.00876366959933,-0.00823685748105,0.000736961284506
53.15,-0.00867816644253,-0.00823661538924,0.000730592291009
53.2,-0.00859372591657,-0.00823615136098,0.000724257860873
53.25,-0.00851032890552,-0.00823547061026,0.000717958541287
53.3,-0.00842795677364,-0.00823457815456,0.000711693978412
53.35,-0.0083465913336,-0.00823347883916,0.00070546601044
53.4,-0.00826621487476,-0.00823217730433,0.000699273613807
53.45,-0.00818681009474,-0.00823067804517,0.000693117783034
53.5,-0.00810836012526,-0.00822898538118,0.000686999319339
53.55,-0.00803084851535,-0.00822710346655,0.000680918823625
53.6,-0.00795425921517,-0.00822503630017,0.000674875215328
53.65,-0.00787857653386,-0.00822278776222,0.000668869742002
53.7,-0.0078037851711,-0.00822036157725,0.000662902358406
53.75,-0.00772987018242,-0.00821776134335,0.000656973357454
53.8,-0.00765681697496,-0.0082149905312,0.000651082214876
53.85,-0.00758464918763,-0.00821205250389,0.000645230418752
53.9,-0.00751331412248,-0.00820895062284,0.000639416857483
53.95,-0.00744279818521,-0.00820568802022,0.000633642259585
54.0,-0.0073730881018,-0.00820228062295,0.000627907182613
54.05,-0.0073041708634,-0.00819871887385,0.000622212010504
54.1,-0.00723603380079,-0.00819500517415,0.0006165555927
54.15,-0.00716866450909,-0.00819114225694,0.000610938911385
54.2,-0.00710205087405,-0.00818713274973,0.000605361772799
54.25,-0.00703618104487,-0.00818297919948,0.00059982429718
54.3,-0.00697104343202,-0.00817868407015,0.000594325863649
54.35,-0.00690662668841,-0.00817424975943,0.000588867693022
54.4,-0.00684291973187,-0.00816967856805,0.000583448627195
54.45,-0.00677991170065,-0.0081649847844,0.000578069203007
54.5,-0.00671759193727,-0.00816016023956,0.00057272980845
54.55,-0.00665595004945,-0.00815520537603,0.000567430670492
54.6,-0.0065949758734,-0.00815012222322,0.000562170623701
54.65,-0.006534659442,-0.00814491277074,0.000556950451402
54.7,-0.00647499100877,-0.00813957893486,0.00055176986816
54.75,-0.0064159610262,-0.00813414966235,0.000546628878249
54.8,-0.00635755993871,-0.00812861716832,0.000541526832415
54.85,-0.00629981014401,-0.00812296768715,0.000536464737062
54.9,-0.0062426705035,-0.00811720300927,0.000531441449399
54.95,-0.00618613223576,-0.00811132478084,0.000526457365292
55.0,-0.00613018674359,-0.0081053345945,0.000521512744662
55.05,-0.00607482560739,-0.00809923399359,0.000516607706081
55.1,-0.00602004057862,-0.00809302447629,0.000511741103576
55.15,-0.00596582355838,-0.0080867075202,0.000506913567897
55.2,-0.00591216661795,-0.00808028455135,0.000502124759279
55.25,-0.00585906198138,-0.00807375696329,0.000497374604025
55.3,-0.00580650202537,-0.00806712611361,0.000492662419315
55.35,-0.00575447926761,-0.00806039922343,0.000487989054152
55.4,-0.00570298620377,-0.00805362981275,0.00048335340686
55.45,-0.00565201565529,-0.00804676271821,0.000478755767383
55.5,-0.00560156057144,-0.00803980785338,0.000474196305236
55.55,-0.00555161401793,-0.00803276206784,0.00046967506516
55.6,-0.00550216920566,-0.00802562217346,0.000465190943075
55.65,-0.00545321947261,-0.00801838930956,0.000460744450947
55.7,-0.00540475829005,-0.00801106457791,0.000456335220184
55.75,-0.00535677924846,-0.00800364905974,0.000451963125712
55.8,-0.00530927605779,-0.00799614381215,0.000447627490606
55.85,-0.00526226883643,-0.00798858979429,0.000443329031318
55.9,-0.00521572440266,-0.00798098580711,0.000439066709289
55.95,-0.00516963691187,-0.00797330445194,0.00043484072806
56.0,-0.00512400051808,-0.00796554467354,0.000430651192146
56.05,-0.00507880948942,-0.00795770174659,0.000426498091761
56.1,-0.00503405821224,-0.00794977658146,0.000422380375061
56.15,-0.00498974116355,-0.00794177008674,0.000418298459879
56.2,-0.00494585292562,-0.00793368314267,0.000414251965756
56.25,-0.00490238817454,-0.00792553854779,0.000410240734556
56.3,-0.0048593414457,-0.00791737985084,0.000406264129845
56.35,-0.00481670764972,-0.00790914466144,0.000402322754751
56.4,-0.00477448174664,-0.00790083378073,0.000398415597564
56.45,-0.00473265877529,-0.00789244801065,0.000394542811019
56.5,-0.00469123386403,-0.00788398813302,0.000390704449581
56.55,-0.00465020222761,-0.00787545491169,0.00038690046542
56.6,-0.0046095591641,-0.00786684909484,0.00038312986753
56.65,-0.00456930004348,-0.00785824161132,0.000379392999067
56.7,-0.00452941998873,-0.00784958745696,0.000375689510227
56.75,-0.00448991467893,-0.00784086419696,0.00037201920983
56.8,-0.0044507797228,-0.00783207252827,0.00036838146776
56.85,-0.00441203284734,-0.00782321314492,0.000364776802541
56.9,-0.00437364731135,-0.00781428679894,0.000361204269214
56.95,-0.0043356189424,-0.00780529416259,0.000357663975292
57.0,-0.00429794363952,-0.0077963158231,0.00035415593993
57.05,-0.00426061703144,-0.00778730583302,0.00035068012141
57.1,-0.00422363528937,-0.00777823271734,0.000347235580328
57.15,-0.00418699451115,-0.00776909710143,0.000343822599222
57.2,-0.00415069086182,-0.00775989959306,0.000340440805903
57.25,-0.00411472056604,-0.00775064079467,0.000337090012475
57.3,-0.00407907990853,-0.00774133475553,0.000333769622004
57.35,-0.00404376501921,-0.00773206000298,0.000330480098256
57.4,-0.00400877233122,-0.00772272686468,0.000327220554136
57.45,-0.00397409830318,-0.00771333943906,0.000323991062704
57.5,-0.00393973944503,-0.007703904163,0.000320791618122
57.55,-0.00390569231241,-0.00769441220003,0.000317622132699
57.6,-0.00387195353123,-0.00768486408752,0.000314481744254
57.65,-0.00383851977325,-0.00767534403791,0.000311370687078
57.7,-0.00380538744315,-0.00766579497173,0.000308288632701
57.75,-0.00377255346375,-0.00765619242749,0.000305235376749
57.8,-0.00374001466288,-0.00764653691593,0.000302210358241
57.85,-0.00370778644252,-0.00763682894851,0.000299213959643
57.9,-0.00367584682873,-0.00762706908938,0.000296245363554
57.95,-0.00364419279158,-0.00761732762056,0.00029330461744
58.0,-0.0036128210605,-0.00760757854148,0.000290391723843
58.05,-0.00358172881503,-0.00759778005928,0.000287506573353
58.1,-0.00355091316495,-0.00758793264035,0.000284648367834
58.15,-0.00352037125688,-0.00757803675719,0.000281817302094
58.2,-0.00349010028128,-0.00756809286991,0.000279013035171
58.25,-0.0034600974674,-0.00755817493243,0.00027623537809
58.3,-0.00343035980262,-0.00754825245811,0.00027348383371
58.35,-0.00340088470897,-0.00753828431384,0.000270758722081
58.4,-0.00337166953755,-0.00752827093342,0.000268059285803
58.45,-0.00334271167201,-0.00751821275674,0.000265385553112
58.5,-0.00331400853369,-0.00750811095362,0.000262737487913
58.55,-0.0032855575793,-0.00749806899257,0.000260114987187
58.6,-0.00325735599018,-0.00748800987047,0.00025751734465
58.65,-0.00322940142857,-0.00747790859224,0.000254944710741
58.7,-0.00320169145908,-0.00746776556581,0.000252396763947
58.75,-0.00317422367785,-0.0074575811977,0.000249873320595
58.8,-0.00314699571297,-0.00744736029525,0.000247373894991
58.85,-0.00312002064792,-0.00743721456972,0.000244898789912
58.9,-0.00309328028919,-0.00742702964177,0.000242447309862
58.95,-0.00306677236487,-0.00741680590307,0.000240019468759
59.0,-0.00304049463373,-0.00740655578807,0.000237615222626
59.05,-0.00301444486868,-0.00739626802133,0.000235234468611
59.1,-0.002988620887,-0.00738598756395,0.000232876530986
59.15,-0.0029630203201,-0.00737574703208,0.000230541566704
59.2,-0.00293764110299,-0.0073654704345,0.000228229269316
59.25,-0.00291248113804,-0.00735515813578,0.000225939462748
59.3,-0.00288753835376,-0.00734481049735,0.000223671698112
59.35,-0.00286281070262,-0.00733442788269,0.000221426225656
59.4,-0.00283829616488,-0.00732410527122,0.000219202406489
59.45,-0.00281399248213,-0.00731377769028,0.000217000269178
59.5,-0.002789897803,-0.00730341699462,0.000214819754349
59.55,-0.00276601018431,-0.00729302352672,0.000212660759214
59.6,-0.00274232770657,-0.00728259762495,0.000210522664639
59.65,-0.00271884847054,-0.00727216714927,0.000208405586661
59.7,-0.00269557042821,-0.00726180204882,0.000206309262089
59.75,-0.00267249176289,-0.00725140629526,0.000204233521115
59.8,-0.00264961064733,-0.00724098021732,0.000202177950556
59.85,-0.0026269384024,-0.00723052414585,0.000200142769376
59.9,-0.00260445986337,-0.00722003845165,0.000198127394414
59.95,-0.00258217326816,-0.00720961254247,0.00019613182244
60.0,-0.00256007664474,-0.00719919448646,0.000194156025088
60.05,-0.00253816837551,-0.00718875733771,0.000192199893553
60.1,-0.00251644675453,-0.00717829540373,0.000190262862725
60.15,-0.00249491009951,-0.00716780617685,0.000188345031457
60.2,-0.00247355675128,-0.00715731929977,0.000186446141033
60.25,-0.00245238490921,-0.00714690263707,0.000184566050214
60.3,-0.00243139298536,-0.00713646029529,0.000182704376841
60.35,-0.00241057937747,-0.0071259925768,0.000180861313092
60.4,-0.00238994250246,-0.0071154997753,0.000179036325216
60.45,-0.0023694807925,-0.00710498218952,0.000177229404958
60.5,-0.00234919269734,-0.00709454560652,0.000175440501783
60.55,-0.00232907645881,-0.00708411828805,0.000173669542449
60.6,-0.00230913065826,-0.00707366773774,0.000171916001702
60.65,-0.00228935379792,-0.0070631942439,0.000170179963777
60.7,-0.00226974439691,-0.00705269808844,0.000168461190221
60.75,-0.00225030098942,-0.00704222073217,0.00016675953522
60.8,-0.00223102196971,-0.00703180710059,0.000165074666809
60.85,-0.00221191699855,-0.00702137228602,0.000163406750552
60.9,-0.00219297339514,-0.00701091660095,0.000161755300936
60.95,-0.00217418975939,-0.00700044032004,0.000160120306329
61.0,-0.00215556470603,-0.00698994371363,0.00015850171701
61.05,-0.00213709686424,-0.00697953858857,0.000156899443542
61.1,-0.00211878466889,-0.00696912954034,0.000155313035807
61.15,-0.00210062687928,-0.00695870157037,0.00015374255662
61.2,-0.00208262216883,-0.00694825493857,0.000152187786929
61.25,-0.00206476922373,-0.00693778990467,0.000150648591474
61.3,-0.00204706674313,-0.00692736183435,0.000149124653577
61.35,-0.00202951328682,-0.00691698780647,0.000147616137636
61.4,-0.00201210763058,-0.00690659672455,0.00014612259641
61.45,-0.00199484851411,-0.00689618884268,0.000144644016252
61.5,-0.00197773468978,-0.00688576441109,0.000143180349189
61.55,-0.00196076492232,-0.006875328749,0.000141731511454
61.6,-0.00194393798445,-0.00686500685222,0.00014029707597
61.65,-0.0019272524618,-0.00685467249591,0.000138877124957
61.7,-0.00191070725779,-0.00684432313774,0.000137471448158
61.75,-0.00189430118672,-0.00683395901811,0.000136079920681
61.8,-0.00187803307408,-0.00682358037586,0.000134702253836
61.85,-0.00186191106068,-0.00681325181585,0.000133338580458
61.9,-0.00184592437036,-0.00680297127011,0.000131988512865
61.95,-0.00183007191606,-0.00679267747174,0.000130652031481
62.0,-0.00181435257197,-0.00678237478886,0.000129329090561
62.05,-0.00179876521991,-0.00677206654958,0.00012801961239
62.1,-0.00178330874994,-0.00676174860383,0.000126723209073
62.15,-0.00176798198306,-0.00675154103005,0.000125439943204
62.2,-0.00175278382331,-0.00674132189931,0.00012416963276
62.25,-0.0017377132068,-0.00673109139114,0.000122912162026
62.3,-0.00172276907106,-0.00672084972606,0.000121667268198
62.35,-0.00170795036263,-0.00671059712595,0.000120435069254
62.4,-0.00169325603829,-0.00670039695073,0.000119215200065
62.45,-0.00167868493625,-0.00669024825749,0.000118007657964
62.5,-0.00166423607808,-0.00668008975306,0.000116812395579
62.55,-0.00164990845076,-0.00666992164857,0.000115629340693
62.6,-0.00163570105031,-0.00665974415305,0.000114458140793
62.65,-0.00162161288076,-0.00664955747873,0.000113298843485
62.7,-0.00160764295537,-0.00663948068465,0.00011215128178
62.75,-0.00159379014073,-0.00662940078056,0.000111015365644
62.8,-0.00158005354787,-0.00661931276626,0.000109890848628
62.85,-0.00156644004605,-0.00660921684686,0.000108777835813
62.9,-0.00155294070925,-0.00659911325177,0.000107675996455
62.95,-0.00153955459701,-0.00658904876936,0.000106585315619
63.0,-0.00152628067395,-0.00657905372431,0.000105505763267
63.05,-0.00151311804791,-0.00656905364092,0.000104437269994
63.1,-0.00150006580456,-0.00655905613336,0.0001033795162
63.15,-0.0014871230323,-0.00654905237468,0.000102332544128
63.2,-0.00147428883318,-0.00653904255621,0.000101296201696
63.25,-0.00146156231668,-0.0065291189516,0.000100270392766
63.3,-0.00144894247665,-0.00651921997414,9.92549126409e-05
63.35,-0.00143642849407,-0.00650931590777,9.82498497652e-05
63.4,-0.00142401950334,-0.00649940693614,9.72549038573e-05
63.45,-0.0014117146455,-0.00648949324547,9.62700603566e-05
63.5,-0.00139951306895,-0.00647958633742,9.5295282018e-05
63.55,-0.00138741385695,-0.00646979556852,9.43305150156e-05
63.6,-0.00137541617502,-0.00646000101736,9.33754695711e-05
63.65,-0.00136351919484,-0.00645020286336,9.24301823936e-05
63.7,-0.00135172209524,-0.00644040128235,9.14945151942e-05
63.75,-0.00134002406169,-0.00643059644981,9.05683802372e-05
63.8,-0.00132842428631,-0.00642083252949,8.96515809031e-05
63.85,-0.00131692846426,-0.00641114150242,8.87442095468e-05
63.9,-0.00130552912139,-0.0064014481233,8.78459921551e-05
63.95,-0.00129422547313,-0.00639175256232,8.69569147554e-05
64.0,-0.00128301674151,-0.00638205498714,8.60769429131e-05
64.05,-0.00127190215493,-0.00637235556324,8.52060208428e-05
64.1,-0.00126088094815,-0.00636272438984,8.43438862917e-05
64.15,-0.00124995226956,-0.00635314024446,8.34905809712e-05
64.2,-0.00123911540331,-0.00634355507523,8.26459758251e-05
64.25,-0.00122836960424,-0.00633396904218,8.18099909397e-05
64.3,-0.00121771413323,-0.00632438230413,8.09824480668e-05
64.35,-0.00120714825679,-0.00631479502053,8.0163422497e-05
64.4,-0.00119667124769,-0.00630529541207,7.93526680723e-05
64.45,-0.00118628228944,-0.00629582456217,7.85501811331e-05
64.5,-0.00117598070993,-0.00628635394552,7.77559258943e-05
64.55,-0.00116576580096,-0.00627688371294,7.69698514315e-05
64.6,-0.00115563686,-0.00626742264564,7.61917203277e-05
64.65,-0.0011455931859,-0.00625796381397,7.54215619546e-05
64.7,-0.00113563408657,-0.00624860383563,7.46592626018e-05
64.75,-0.00112575878288,-0.0062392623567,7.39047589885e-05
64.8,-0.00111596664007,-0.00622992230737,7.31578852684e-05
64.85,-0.00110626251309,-0.00622058383223,7.24187090026e-05
64.9,-0.0010966401013,-0.00621124709266,7.16870076127e-05
64.95,-0.00108709874306,-0.00620191223076,7.09627689103e-05
65.0,-0.00107763778209,-0.00619267881143,7.02459640417e-05
65.05,-0.00106825647946,-0.00618346983917,6.95365554868e-05
65.1,-0.00105895422988,-0.00617426595124,6.88343245019e-05
65.15,-0.0010497303929,-0.00616506477502,6.81392969871e-05
65.2,-0.00104058433434,-0.00615586644348,6.74513697846e-05
65.25,-0.00103151542485,-0.0061466710891,6.67704770415e-05
65.3,-0.00102252304,-0.00613757087192,6.60964726698e-05
65.35,-0.00101360648061,-0.00612849396269,6.54294254452e-05
65.4,-0.00100476517047,-0.00611942067213,6.47691300774e-05
65.45,-0.000995998500929,-0.00611035112788,6.41155752587e-05
65.5,-0.000987305868189,-0.00610128545556,6.34687346385e-05
65.55,-0.000978686673174,-0.00609222377894,6.28285661648e-05
65.6,-0.000970140321482,-0.00608324180291,6.21948755747e-05
65.65,-0.000961666154766,-0.00607429872435,6.15676929046e-05
65.7,-0.000953263617757,-0.00606536023987,6.09469218653e-05
65.75,-0.000944932131023,-0.00605642646799,6.03325027372e-05
65.8,-0.000936671119592,-0.0060474975261,5.972430331e-05
65.85,-0.000928484652921,-0.00603857353187,5.9122378379e-05
65.9,-0.000920367437415,-0.00602970452776,5.85265458702e-05
65.95,-0.000912318857459,-0.00602089909783,5.79368010114e-05
66.0,-0.000904338375951,-0.00601209918907,5.73531180246e-05
66.05,-0.000896425442261,-0.00600330491125,5.67754587388e-05
66.1,-0.000888579510005,-0.00599452167975,5.6203647444e-05
66.15,-0.000880800034995,-0.00598574872199,5.56377051359e-05
66.2,-0.000873086477703,-0.00597699660703,5.50775475e-05
66.25,-0.000865438264475,-0.0059683419523,5.45231245329e-05
66.3,-0.000857854871743,-0.00595969367442,5.39743161057e-05
66.35,-0.00085033577486,-0.00595105187695,5.34311715982e-05
66.4,-0.000842880453342,-0.00594241666056,5.28935261859e-05
66.45,-0.000835488390496,-0.00593378812693,5.23613704629e-05
66.5,-0.000828159073637,-0.0059251663759,5.18346827557e-05
66.55,-0.000820891994042,-0.00591663025944,5.13134285825e-05
66.6,-0.000813686590706,-0.0059081366206,5.07974548253e-05
66.65,-0.000806542385524,-0.00589965024862,5.02867780036e-05
66.7,-0.000799458882552,-0.0058911712371,4.97813216898e-05
66.75,-0.00079243558958,-0.00588269967916,4.9281037001e-05
66.8,-0.000785472018137,-0.00587423566684,4.87858158503e-05
66.85,-0.00077857157432,-0.00586579751463,4.82957029109e-05
66.9,-0.000771729777913,-0.00585745101105,4.78105528911e-05
66.95,-0.000764946158979,-0.00584911250004,4.73303566742e-05
67.0,-0.000758220245815,-0.0058407820681,4.68550946109e-05
67.05,-0.000751551570331,-0.00583245980021,4.63847354811e-05
67.1,-0.000744939668006,-0.00582414578012,4.59191357041e-05
67.15,-0.000738384077705,-0.00581584009238,4.54583122611e-05
67.2,-0.000731884341881,-0.00580759510333,4.50021961361e-05
67.25,-0.000725439965122,-0.00579940634154,4.45507474083e-05
67.3,-0.000719050512367,-0.00579122630166,4.41038668639e-05
67.35,-0.000712715537293,-0.00578305506283,4.36615948715e-05
67.4,-0.000706434597074,-0.00577489270172,4.32237967752e-05
67.45,-0.000700207252115,-0.0057667392957,4.279046492e-05
67.5,-0.000694033066206,-0.00575859492059,4.23615816368e-05
67.55,-0.000687911606479,-0.00575053213025,4.19371187984e-05
67.6,-0.00068184240015,-0.00574250611122,4.15169510948e-05
67.65,-0.000675825040085,-0.005734496529,4.11010920186e-05
67.7,-0.000669859102343,-0.00572649641131,4.06894793615e-05
67.75,-0.000663944167976,-0.00571850582768,4.02820732447e-05
67.8,-0.000658079821214,-0.00571052484676,3.98787853989e-05
67.85,-0.000652268909116,-0.00570255353715,3.94796524259e-05
67.9,-0.000646507700886,-0.00569467076912,3.90845527517e-05
67.95,-0.00064079574956,-0.00568681455582,3.86934837852e-05
68.0,-0.000635132672787,-0.00567896833672,3.83064276009e-05
68.05,-0.000629518072018,-0.00567113361527,3.79233587885e-05
68.1,-0.000623951551402,-0.00566331707599,3.75441601097e-05
68.15,-0.00061843271649,-0.00565551072999,3.71688457521e-05
68.2,-0.000612961177786,-0.00564771463702,3.67973594015e-05
68.25,-0.000607536548726,-0.00564000009949,3.64296651051e-05
68.3,-0.000602158409147,-0.00563231786539,3.60656868956e-05
68.35,-0.000596826395347,-0.00562464615877,3.57054562407e-05
68.4,-0.000591540130285,-0.00561698503417,3.53488631575e-05
68.45,-0.000586299239696,-0.00560933454663,3.49959015182e-05
68.5,-0.000581103352184,-0.00560169474984,3.4646557013e-05
68.55,-0.000575952099197,-0.00559406569629,3.43008067841e-05
68.6,-0.000570845114995,-0.00558649734852,3.39585448862e-05
68.65,-0.000565782007298,-0.00557898069442,3.36197871158e-05
68.7,-0.000560762427263,-0.00557147502245,3.32844815004e-05
68.75,-0.000555786018082,-0.00556398038076,3.29525955835e-05
68.8,-0.000550852425656,-0.00555649681666,3.26240573227e-05
68.85,-0.000545964027011,-0.0055490243774,3.22988968285e-05
68.9,-0.000541117693267,-0.00554156311804,3.19770148037e-05
68.95,-0.000536313079035,-0.00553412802782,3.16584058362e-05
69.0,-0.000531549821502,-0.00552677755003,3.13430591886e-05
69.05,-0.000526827584196,-0.00551943845784,3.1030953945e-05
69.1,-0.000522146030244,-0.0055121107919,3.0721994331e-05
69.15,-0.000517504825276,-0.00550480298751,3.04161919834e-05
69.2,-0.000512903635928,-0.0054975072439,3.01135011759e-05
69.25,-0.000508342132885,-0.00549022305984,2.98138926846e-05
69.3,-0.000503819989445,-0.00548295047352,2.95173014585e-05
69.35,-0.000499336881366,-0.00547574163829,2.92237548692e-05
69.4,-0.000494892462063,-0.00546857818939,2.89331657341e-05
69.45,-0.000490486422477,-0.00546142650885,2.86455282266e-05
69.5,-0.000486118446329,-0.00545428663067,2.83608308299e-05
69.55,-0.000481788219768,-0.00544715858786,2.80790550331e-05
69.6,-0.00047749543135,-0.00544005015645,2.7800114308e-05
69.65,-0.000473239770624,-0.00543295501863,2.75240194566e-05
69.7,-0.000469020930685,-0.00542587182608,2.72507291069e-05
69.75,-0.000464838607214,-0.00541887176366,2.6980216937e-05
69.8,-0.000460692472404,-0.00541189586154,2.67124269002e-05
69.85,-0.000456584521113,-0.00540493204198,2.64473825734e-05
69.9,-0.000452512131349,-0.0053979803396,2.61850028428e-05
69.95,-0.000448475009107,-0.00539104078114,2.59252834734e-05
70.0,-0.00044447286265,-0.00538411339233,2.56682141743e-05
70.05,-0.00044050540249,-0.00537719819793,2.54137783255e-05
70.1,-0.000436572341368,-0.00537029522191,2.5161897744e-05
70.15,-0.000432673394188,-0.00536347683345,2.49125822108e-05
70.2,-0.00042880825436,-0.00535667910058,2.46657968723e-05
70.25,-0.000424976653178,-0.00534989369209,2.44215167866e-05
70.3,-0.000421178312552,-0.00534312062851,2.41796888764e-05
70.35,-0.000417412956507,-0.00533635993021,2.39403357717e-05
70.4,-0.000413680311226,-0.00532961161615,2.37033841486e-05
70.45,-0.000409980104962,-0.00532287570555,2.3468830309e-05
70.5,-0.000406312068079,-0.00531615221666,2.32366650732e-05
70.55,-0.000402675933032,-0.00530949721702,2.30068735321e-05
70.6,-0.000399071415085,-0.00530287674206,2.27793870651e-05
70.65,-0.000395498259485,-0.00529627423651,2.25542137487e-05
70.7,-0.000391956204479,-0.00528968737629,2.23313199567e-05
70.75,-0.00038844499068,-0.00528311305731,2.21106843764e-05
70.8,-0.000384964361159,-0.00527655129289,2.18922590816e-05
70.85,-0.000381515967591,-0.00527000209625,2.16760646891e-05
70.9,-0.000378097614058,-0.00526346548593,2.14620349657e-05
70.95,-0.000374709050046,-0.00525696416313,2.12501666872e-05
71.0,-0.000371350013933,-0.00525052822901,2.10404530437e-05
71.05,-0.00036802026258,-0.00524410493164,2.08328802949e-05
71.1,-0.000364719551653,-0.00523769907196,2.06273845596e-05
71.15,-0.000361447638062,-0.00523130986415,2.0423974127e-05
71.2,-0.000358204280745,-0.00522493333209,2.022261865e-05
71.25,-0.000354989241033,-0.0052185694829,2.00232989082e-05
71.3,-0.000351802282111,-0.00521221832315,1.98259716221e-05
71.35,-0.000348643168989,-0.00520587985931,1.96306555836e-05
71.4,-0.000345511668532,-0.00519959944161,1.94372909062e-05
71.45,-0.000342407534963,-0.00519335918702,1.92458763187e-05
71.5,-0.000339330544787,-0.00518713165143,1.90564038901e-05
71.55,-0.000336280470603,-0.0051809168376,1.88688615944e-05
71.6,-0.000333257086783,-0.00517471474769,1.86831916941e-05
71.65,-0.000330260169435,-0.00516852538406,1.84994017566e-05
71.7,-0.00032728949643,-0.00516234874816,1.8317464367e-05
71.75,-0.00032434484737,-0.00515618484111,1.81373622378e-05
71.8,-0.00032142600358,-0.00515003366354,1.79590562865e-05
71.85,-0.000318534339973,-0.00514394194197,1.77825636552e-05
71.9,-0.000315668005895,-0.00513788633173,1.76078316278e-05
71.95,-0.000312826793884,-0.00513184345547,1.7434857181e-05
72.0,-0.000310010492757,-0.00512581331083,1.72636337945e-05
72.05,-0.000307218892991,-0.00511979589485,1.70941506914e-05
72.1,-0.000304451786707,-0.00511379120403,1.69263556813e-05
72.15,-0.00030170896764,-0.00510780199831,1.67602557346e-05
72.2,-0.000298990230859,-0.00510183103692,1.65958261593e-05
72.25,-0.000296295372765,-0.00509587280311,1.64330514674e-05
72.3,-0.000293624191957,-0.00508995481211,1.62718963576e-05
72.35,-0.000290976478838,-0.00508408939974,1.61123775137e-05
72.4,-0.000288352038355,-0.00507823669121,1.59544456605e-05
72.45,-0.000285750674078,-0.00507239667957,1.57980986858e-05
72.5,-0.000283172191133,-0.00506656935725,1.56433307894e-05
72.55,-0.000280616396184,-0.00506075471614,1.54901323143e-05
72.6,-0.000278083097426,-0.00505495480316,1.53384560737e-05
72.65,-0.000275572104351,-0.00504917397622,1.51883085105e-05
72.7,-0.000273083227553,-0.00504340581919,1.50396673911e-05
72.75,-0.000270616279761,-0.00503765032255,1.48925187251e-05
72.8,-0.000268171075184,-0.00503196039206,1.47468306234e-05
72.85,-0.00026574874658,-0.00502629482036,1.46026185436e-05
72.9,-0.000263347762898,-0.00502064186788,1.44598376783e-05
72.95,-0.000260967943316,-0.00501500152282,1.43184862133e-05
73.0,-0.000258609108444,-0.00500937377283,1.41785589914e-05
73.05,-0.000256271080324,-0.00500375860505,1.40400473595e-05
73.1,-0.000253953682407,-0.00499815600624,1.39029086471e-05
73.15,-0.000251656739536,-0.00499256596329,1.37671487712e-05
73.2,-0.000249380077953,-0.00498698846245,1.36327476161e-05
73.25,-0.000247123525283,-0.00498142348976,1.34996925988e-05
73.3,-0.00024488691052,-0.00497592494031,1.336795491e-05
73.35,-0.000242670054159,-0.00497044685215,1.32375486512e-05
73.4,-0.000240472792842,-0.00496498122758,1.31084332753e-05
73.45,-0.000238294959816,-0.00495952805068,1.29806072333e-05
73.5,-0.000236136389661,-0.00495408730502,1.28540659458e-05
73.55,-0.000233996918281,-0.00494865897378,1.27288016635e-05
73.6,-0.000231876382893,-0.00494324303973,1.26047757952e-05
73.65,-0.000229774622004,-0.00493783972865,1.24819937981e-05
73.7,-0.000227691475404,-0.00493245654493,1.23604375288e-05
73.75,-0.000225626783568,-0.00492708572054,1.22400957366e-05
73.8,-0.000223580388882,-0.0049217587679,1.21209423881e-05
73.85,-0.000221553235193,-0.0049164717137,1.20029901528e-05
73.9,-0.000219544041613,-0.00491119694148,1.18862025515e-05
73.95,-0.000217552654764,-0.00490593443147,1.17705782649e-05
74.0,-0.000215578922503,-0.00490068416352,1.16561132255e-05
74.05,-0.000213622693911,-0.00489544611707,1.15428004913e-05
74.1,-0.000211683819281,-0.00489022027127,1.14306051507e-05
74.15,-0.000209762150102,-0.00488501430452,1.13195322349e-05
74.2,-0.000207857538506,-0.0048798210071,1.12095654314e-05
74.25,-0.000205969838352,-0.00487463986214,1.110069456e-05
74.3,-0.000204098904714,-0.00486947084795,1.09928960911e-05
74.35,-0.000202244593831,-0.00486435698252,1.08861809041e-05
74.4,-0.000200406756181,-0.00485926848117,1.07805170045e-05
74.45,-0.000198585253556,-0.00485419201399,1.06759029376e-05
74.5,-0.000196779945801,-0.00484912755761,1.05723350931e-05
74.55,-0.000194990693898,-0.00484407508836,1.04698072525e-05
74.6,-0.000193217359952,-0.00483903458227,1.0368287827e-05
74.65,-0.000191459807177,-0.00483400601556,1.0267781456e-05
74.7,-0.000189717899901,-0.00482898936397,1.01682733634e-05
74.75,-0.000187991503549,-0.00482398460318,1.00697543878e-05
74.8,-0.000186280484637,-0.00481899170864,9.97220326095e-06
74.85,-0.000184585633236,-0.0048140106558,9.87562992726e-06
74.9,-0.000182905877788,-0.00480906949214,9.78000475792e-06
74.95,-0.000181241083161,-0.00480416559077,9.6853273884e-06
75.0,-0.000179591122355,-0.00479927342508,9.59159441766e-06
75.05,-0.000177955867603,-0.00479439296871,9.49880027715e-06
75.1,-0.000176335192179,-0.00478952419508,9.40691637957e-06
75.15,-0.000174728970382,-0.00478466707777,9.31594700484e-06
75.2,-0.000173137077536,-0.00477982723251,9.2258788171e-06
75.25,-0.000171559389648,-0.00477500111515,9.13670361059e-06
75.3,-0.000169995783953,-0.00477018658809,9.04840216892e-06
75.35,-0.000168446138817,-0.00476538362422,8.96098358143e-06
75.4,-0.000166910333603,-0.00476059219598,8.87442102368e-06
75.45,-0.000165388248654,-0.00475581227595,8.78871371965e-06
75.5,-0.000163879765296,-0.00475108253031,8.70385884091e-06
75.55,-0.000162384760813,-0.00474637628523,8.61985196429e-06
75.6,-0.000160903120812,-0.0047416814278,8.5366669656e-06
75.65,-0.000159434729616,-0.00473700298635,8.45430779159e-06
75.7,-0.000157979472223,-0.00473233877242,8.37276243302e-06
75.75,-0.000156537234701,-0.00472768587465,8.29202348749e-06
75.8,-0.000155107904214,-0.00472304426376,8.21207356332e-06
75.85,-0.000153692136929,-0.00471841391052,8.1329209701e-06
75.9,-0.000152289038948,-0.00471379478779,8.05454142683e-06
75.95,-0.000150898500403,-0.00470918686607,7.97693428795e-06
76.0,-0.000149520412331,-0.00470459011561,7.90009704487e-06
76.05,-0.000148154666667,-0.00470000450652,7.82402523911e-06
76.1,-0.000146801156238,-0.00469545045964,7.74869544991e-06
76.15,-0.000145459771324,-0.00469093501251,7.67411170638e-06
76.2,-0.000144130407656,-0.00468643057766,7.60026301961e-06
76.25,-0.000142812960779,-0.0046819371242,7.52714271123e-06
76.3,-0.000141507327097,-0.00467745462114,7.45473505034e-06
76.35,-0.00014021340387,-0.00467298303755,7.38304763609e-06
76.4,-0.000138931089207,-0.00466852234218,7.31205847785e-06
76.45,-0.000137660282058,-0.00466407250395,7.2417670443e-06
76.5,-0.000136400882208,-0.00465963349159,7.17217111263e-06
76.55,-0.000135152790274,-0.0046552052737,7.10326668947e-06
76.6,-0.000133915907697,-0.00465078781875,7.03503256512e-06
76.65,-0.000132690136731,-0.00464638109539,6.96747210524e-06
76.7,-0.000131475380444,-0.00464198826826,6.90057550014e-06
76.75,-0.000130271542563,-0.00463763074103,6.8343367627e-06
76.8,-0.000129078524677,-0.00463330877063,6.76874201383e-06
76.85,-0.000127896872429,-0.00462899737986,6.70379809948e-06
76.9,-0.000126725840619,-0.00462469653817,6.63948510422e-06
76.95,-0.00012556533654,-0.00462040621306,6.57580259333e-06
77.0,-0.000124415268254,-0.00461612637191,6.51274859604e-06
77.05,-0.000123275544589,-0.004611856982,6.45031953352e-06
77.1,-0.000122146075132,-0.0046075980105,6.38849619246e-06
77.15,-0.000121026770221,-0.00460335199867,6.32728167505e-06
77.2,-0.000119917540836,-0.00459912148973,6.26666713052e-06
77.25,-0.000118818298599,-0.00459490131641,6.20664717548e-06
77.3,-0.000117728956084,-0.00459069144573,6.14720893614e-06
77.35,-0.000116649426594,-0.00458649184479,6.08835877496e-06
77.4,-0.000115579624158,-0.0045823024805,6.03007865324e-06
77.45,-0.000114519463523,-0.00457815543215,5.97236822644e-06
77.5,-0.000113468857264,-0.00457402886401,5.91522607921e-06
77.55,-0.000112427722893,-0.004569912392,5.85864885994e-06
77.6,-0.000111395977342,-0.00456580598237,5.80261915978e-06
77.65,-0.000110373538238,-0.00456170960152,5.74713983772e-06
77.7,-0.0001093603239,-0.00455762321572,5.69220288489e-06
77.75,-0.00010835625333,-0.00455354679129,5.63780343104e-06
77.8,-0.000107361246209,-0.00454948029449,5.58392982345e-06
77.85,-0.000106375754508,-0.0045454236917,5.53058788226e-06
77.9,-0.000105399157329,-0.00454137695081,5.47776126397e-06
77.95,-0.000104431376506,-0.00453734003813,5.42544969515e-06
78.0,-0.000103472334533,-0.00453331291992,5.37365163457e-06
78.05,-0.000102521954558,-0.00452929556237,5.32236421349e-06
78.1,-0.000101580160372,-0.00452528793163,5.27157166132e-06
78.15,-0.00010064687641,-0.00452130056959,5.22127661917e-06
78.2,-9.97220260372e-05,-0.00451735288266,5.1714720475e-06
78.25,-9.88055353482e-05,-0.00451342122114,5.12215352037e-06
78.3,-9.78973305096e-05,-0.00450949912506,5.07331051167e-06
78.35,-9.699733853e-05,-0.00450558656015,5.02494834449e-06
78.4,-9.61054870354e-05,-0.00450168349202,4.97705220261e-06
78.45,-9.52217042608e-05,-0.00449778988645,4.92962187201e-06
78.5,-9.4345919048e-05,-0.00449390570918,4.88265598659e-06
78.55,-9.34780608404e-05,-0.0044900309259,4.83615197382e-06
78.6,-9.26180596785e-05,-0.00448616550231,4.79009553739e-06
78.65,-9.17658461928e-05,-0.00448230963209,4.74448911015e-06
78.7,-9.09213515954e-05,-0.00447847033995,4.69932615364e-06
78.75,-9.0084507465e-05,-0.00447464032064,4.6546027438e-06
78.8,-8.92552461894e-05,-0.00447081953991,4.61030932947e-06
78.85,-8.84339426803e-05,-0.00446700796363,4.56645078444e-06
78.9,-8.76200799297e-05,-0.00446320555892,4.52301368212e-06
78.95,-8.68135921551e-05,-0.00445944455346,4.47999786338e-06
79.0,-8.60144121179e-05,-0.00445569735513,4.43740235201e-06
79.05,-8.52224761575e-05,-0.00445195918517,4.39522473004e-06
79.1,-8.44377201953e-05,-0.00444823000897,4.35345203442e-06
79.15,-8.36600806954e-05,-0.00444450979212,4.31208650548e-06
79.2,-8.28894946629e-05,-0.00444079850015,4.27112222907e-06
79.25,-8.21258996382e-05,-0.00443709609868,4.2305556444e-06
79.3,-8.13692336929e-05,-0.00443340255334,4.1903780996e-06
79.35,-8.06194354254e-05,-0.00442971782991,4.15059405337e-06
79.4,-7.9876443958e-05,-0.00442604189405,4.11119132914e-06
79.45,-7.9140198931e-05,-0.00442237471165,4.07216981039e-06
79.5,-7.84106404996e-05,-0.00441871624855,4.03352842861e-06
79.55,-7.76877093302e-05,-0.00441506647062,3.99526511811e-06
79.6,-7.69713465959e-05,-0.00441142534375,3.95736812695e-06
79.65,-7.62614939716e-05,-0.004407792834,3.91983952245e-06
79.7,-7.55580936309e-05,-0.00440416890741,3.88267395907e-06
79.75,-7.48610882424e-05,-0.00440057521794,3.84586822999e-06
79.8,-7.41704195643e-05,-0.004397009816,3.80941466096e-06
79.85,-7.34863989066e-05,-0.00439345287164,3.77331728709e-06
79.9,-7.28085960375e-05,-0.00438990435169,3.73756506435e-06
79.95,-7.21369557053e-05,-0.00438636422203,3.70215791093e-06
80.0,-7.14714231315e-05,-0.00438283244853,3.66709487941e-06
80.05,-7.08119440069e-05,-0.0043793089971,3.63237411567e-06
80.1,-7.01584644876e-05,-0.00437579383368,3.59798495867e-06
80.15,-6.95109311906e-05,-0.00437228692442,3.56392931109e-06
80.2,-6.88692911909e-05,-0.00436879356576,3.53020233572e-06
80.25,-6.82334918952e-05,-0.0043653104029,3.49680115369e-06
80.3,-6.76034812421e-05,-0.00436183540837,3.46371866784e-06
80.35,-6.69792076636e-05,-0.00435836854845,3.43095861166e-06
80.4,-6.63606200359e-05,-0.00435490978939,3.39851096743e-06
80.45,-6.57476676737e-05,-0.00435145909765,3.36637568552e-06
80.5,-6.51403003283e-05,-0.00434801643967,3.33455192898e-06
80.55,-6.45384681835e-05,-0.00434458178195,3.30303803616e-06
80.6,-6.39421218524e-05,-0.00434115509106,3.27182433659e-06
80.65,-6.33512123729e-05,-0.00433776450938,3.24091258392e-06
80.7,-6.27656899444e-05,-0.00433438530588,3.21029854912e-06
80.75,-6.2185507083e-05,-0.00433101393196,3.17997955044e-06
80.8,-6.16106161081e-05,-0.00432765035419,3.14994914915e-06
80.85,-6.10412748058e-05,-0.00432429453925,3.12021076064e-06
80.9,-6.0477125311e-05,-0.00432094645476,3.09075529524e-06
80.95,-5.99181212527e-05,-0.00431760606754,3.06158272733e-06
81.0,-5.93642166607e-05,-0.00431427334448,3.0326923152e-06
81.05,-5.88153659618e-05,-0.0043109482525,3.0040825669e-06
81.1,-5.82715239765e-05,-0.00430763075862,2.97574470624e-06
81.15,-5.77326459155e-05,-0.00430432083,2.9476803468e-06
81.2,-5.71986873771e-05,-0.00430101843385,2.91988552754e-06
81.25,-5.66696043437e-05,-0.00429772713089,2.89235789471e-06
81.3,-5.61453531109e-05,-0.00429444668349,2.86509162044e-06
81.35,-5.56258903593e-05,-0.00429117368591,2.83808983868e-06
81.4,-5.511117321e-05,-0.00428790810555,2.81134430053e-06
81.45,-5.46011591553e-05,-0.00428464991,2.78485500189e-06
81.5,-5.40958060563e-05,-0.00428139906692,2.75862128714e-06
81.55,-5.359507214e-05,-0.00427815554401,2.73264181806e-06
81.6,-5.30989159961e-05,-0.00427494820122,2.70690863e-06
81.65,-5.26072955536e-05,-0.00427174829177,2.68142332861e-06
81.7,-5.21201706612e-05,-0.00426855860887,2.65618226513e-06
81.75,-5.16375009454e-05,-0.00426538021008,2.63118332017e-06
81.8,-5.11592463664e-05,-0.00426220895128,2.60642120839e-06
81.85,-5.0685620608e-05,-0.00425904480037,2.581898789e-06
81.9,-5.02163261461e-05,-0.00425588772603,2.55760857332e-06
81.95,-4.97513241195e-05,-0.00425273769634,2.53355057237e-06
82.0,-4.92905760053e-05,-0.00424959467944,2.50972420437e-06
82.05,-4.88340436156e-05,-0.00424645864355,2.48612826641e-06
82.1,-4.83816890952e-05,-0.00424332955698,2.46275552671e-06
82.15,-4.79334749182e-05,-0.00424020738819,2.43960735135e-06
82.2,-4.74893638856e-05,-0.00423709210572,2.41668049245e-06
82.25,-4.70493191228e-05,-0.00423398367821,2.39397303192e-06
82.3,-4.66133040766e-05,-0.00423088207439,2.37148016908e-06
82.35,-4.61812825126e-05,-0.00422778726315,2.34920452122e-06
82.4,-4.5753218513e-05,-0.0042246992134,2.32713928974e-06
82.45,-4.53290764733e-05,-0.00422161789423,2.30528449999e-06
82.5,-4.49088211e-05,-0.00421854327478,2.28363963782e-06
82.55,-4.44924174084e-05,-0.0042154753243,2.26220362372e-06
82.6,-4.40798307195e-05,-0.00421242931451,2.24096989208e-06
82.65,-4.36710260484e-05,-0.00420940117464,2.21993977262e-06
82.7,-4.32659695645e-05,-0.00420637958019,2.19911029544e-06
82.75,-4.28646275059e-05,-0.00420336594758,2.17847972761e-06
82.8,-4.24669663857e-05,-0.004200364175,2.15804371535e-06
82.85,-4.20731632175e-05,-0.00419736887136,2.13780466135e-06
82.9,-4.1682970748e-05,-0.00419438000684,2.11775639082e-06
82.95,-4.12963564455e-05,-0.00419139755115,2.09789893825e-06
83.0,-4.09132880635e-05,-0.00418842147409,2.07823184705e-06
83.05,-4.05337336379e-05,-0.00418545174555,2.0587541461e-06
83.1,-4.01576614848e-05,-0.00418248833551,2.03945987133e-06
83.15,-3.97850401978e-05,-0.00417953121413,2.02035017809e-06
83.2,-3.94158386464e-05,-0.00417658120074,2.00142240058e-06
83.25,-3.9050025962e-05,-0.00417364357237,1.98267497515e-06
83.3,-3.86875714789e-05,-0.00417071215922,1.96410395852e-06
83.35,-3.83284448822e-05,-0.00416778693177,1.94571154085e-06
83.4,-3.79726161237e-05,-0.00416486786051,1.92749211359e-06
83.45,-3.76200554188e-05,-0.00416195491615,1.90944571958e-06
83.5,-3.72707332448e-05,-0.00415904806944,1.89157195467e-06
83.55,-3.69246203391e-05,-0.00415614729124,1.87386994619e-06
83.6,-3.65816876962e-05,-0.00415325255251,1.8563342768e-06
83.65,-3.6241906566e-05,-0.00415036382437,1.83896600897e-06
83.7,-3.59052484514e-05,-0.00414749070727,1.82176272699e-06
83.75,-3.55716847082e-05,-0.00414463803928,1.80472306474e-06
83.8,-3.52411874673e-05,-0.00414179126721,1.78784341944e-06
83.85,-3.49139034727e-05,-0.00413895036238,1.7711257941e-06
83.9,-3.45896273296e-05,-0.00413611529669,1.75456509294e-06
83.95,-3.42683318352e-05,-0.00413328604167,1.73816136408e-06
84.0,-3.39499900267e-05,-0.00413046256894,1.72191424866e-06
84.05,-3.36345751789e-05,-0.00412764485022,1.70582296128e-06
84.1,-3.33220608023e-05,-0.00412483285734,1.68988257922e-06
84.15,-3.30124206411e-05,-0.00412202656229,1.67409407838e-06
84.2,-3.27056286712e-05,-0.00411922593713,1.65845526823e-06
84.25,-3.24016590981e-05,-0.00411643095404,1.64296487015e-06
84.3,-3.21004863555e-05,-0.00411364765584,1.62761962655e-06
84.35,-3.18020850385e-05,-0.00411087056492,1.61242137803e-06
84.4,-3.15064300264e-05,-0.00410809904819,1.59736549502e-06
84.45,-3.12134964272e-05,-0.00410533307822,1.58245203014e-06
84.5,-3.09232595688e-05,-0.00410257262762,1.56768066543e-06
84.55,-3.06356949977e-05,-0.00409981766915,1.5530506945e-06
84.6,-3.03507784766e-05,-0.00409706817563,1.53855764404e-06
84.65,-3.00684859829e-05,-0.00409432412007,1.52420241088e-06
84.7,-2.97887937066e-05,-0.00409158547554,1.50998300893e-06
84.75,-2.95116780489e-05,-0.00408885782781,1.49589828217e-06
84.8,-2.92371155656e-05,-0.00408613679716,1.48194527921e-06
84.85,-2.89652278187e-05,-0.00408342111295,1.46812567802e-06
84.9,-2.86958442415e-05,-0.00408071471202,1.45443527059e-06
84.95,-2.84289418627e-05,-0.00407803141746,1.44087414181e-06
85.0,-2.81644982011e-05,-0.00407535336539,1.42744200416e-06
85.05,-2.79024909368e-05,-0.00407268052934,1.41413822105e-06
85.1,-2.76428979478e-05,-0.00407001288294,1.40095872579e-06
85.15,-2.73856973081e-05,-0.00406735039996,1.38790434138e-06
85.2,-2.71308672864e-05,-0.00406469305427,1.37497326565e-06
85.25,-2.68783863444e-05,-0.00406204081988,1.36216445219e-06
85.3,-2.66282331347e-05,-0.00405939367088,1.34947521364e-06
85.35,-2.63803864999e-05,-0.00405675158152,1.33690708292e-06
85.4,-2.61348254702e-05,-0.00405411452613,1.32445623425e-06
85.45,-2.58915292626e-05,-0.00405148247916,1.31212272439e-06
85.5,-2.56504772784e-05,-0.0040488554152,1.29990630271e-06
85.55,-2.54116491026e-05,-0.00404623330891,1.28780639639e-06
85.6,-2.51750245015e-05,-0.00404361613507,1.27581930881e-06
85.65,-2.49405834217e-05,-0.00404100386861,1.26394579609e-06
85.7,-2.47083059881e-05,-0.00403839648454,1.25218422362e-06
85.75,-2.44781725028e-05,-0.00403579395799,1.24053364491e-06
85.8,-2.42501634433e-05,-0.00403320023169,1.22899161891e-06
85.85,-2.4024379492e-05,-0.0040306139006,1.21755955181e-06
85.9,-2.38006790352e-05,-0.0040280323683,1.20623396804e-06
85.95,-2.35790431039e-05,-0.00402545561025,1.19501492516e-06
86.0,-2.33594528987e-05,-0.00402288360203,1.18390220071e-06
86.05,-2.31418897873e-05,-0.00402031631929,1.17289527873e-06
86.1,-2.29263353041e-05,-0.00401775373783,1.1619907981e-06
86.15,-2.27127711477e-05,-0.00401519583357,1.15118945304e-06
86.2,-2.25011791804e-05,-0.0040126425825,1.14048976023e-06
86.25,-2.22915414259e-05,-0.00401010891814,1.12989086301e-06
86.3,-2.20838398182e-05,-0.00400759115178,1.11939057421e-06
86.35,-2.18780567695e-05,-0.00400507796162,1.10899016789e-06
86.4,-2.16741747885e-05,-0.00400256932379,1.09868648051e-06
86.45,-2.14721765396e-05,-0.00400006521458,1.08847956897e-06
86.5,-2.12720448424e-05,-0.00399756561036,1.07836923505e-06
86.55,-2.10737626698e-05,-0.00399507048761,1.06835501322e-06
86.6,-2.0877313147e-05,-0.00399257982293,1.05843384626e-06
86.65,-2.06826795501e-05,-0.00399009359305,1.04860637075e-06
86.7,-2.04898453046e-05,-0.00398761177478,1.03887123979e-06
86.75,-2.02987939845e-05,-0.00398513434508,1.02922767722e-06
86.8,-2.01095093104e-05,-0.00398266128099,1.01967366673e-06
86.85,-1.99220747103e-05,-0.00398019255968,1.01021038064e-06
86.9,-1.97363726781e-05,-0.00397772815872,1.00083494204e-06
86.95,-1.95523873967e-05,-0.00397526805548,9.91547407414e-07
87.0,-1.93701031907e-05,-0.00397281222745,9.8234760087e-07
87.05,-1.9189504525e-05,-0.00397036065224,9.73235102878e-07
87.1,-1.90105760036e-05,-0.00396791330753,9.64207132933e-07
87.15,-1.88333023685e-05,-0.00396547017116,9.55264275356e-07
87.2,-1.86576684983e-05,-0.00396303122104,9.46405307517e-07
87.25,-1.84836594074e-05,-0.00396059643522,9.37629526631e-07
87.3,-1.83112602445e-05,-0.00395816773847,9.28935100075e-07
87.35,-1.81404562796e-05,-0.00395574764287,9.20323101441e-07
87.4,-1.79712329008e-05,-0.00395333166104,9.11790917106e-07
87.45,-1.78035756541e-05,-0.00395091977131,9.03338602406e-07
87.5,-1.76374702156e-05,-0.00394851195216,8.94966000929e-07
87.55,-1.74729023897e-05,-0.00394610818214,8.86672734275e-07
87.6,-1.73098581085e-05,-0.0039437084399,8.78456272984e-07
87.65,-1.71483234304e-05,-0.00394131270424,8.70317153075e-07
87.7,-1.6988284539e-05,-0.00393892491551,8.62254264276e-07
87.75,-1.68297276243e-05,-0.00393655592332,8.54266984562e-07
87.8,-1.66726391358e-05,-0.00393419606207,8.46353645467e-07
87.85,-1.65170881468e-05,-0.00393184012168,8.38515230346e-07
87.9,-1.63629771685e-05,-0.00392948808139,8.30749357857e-07
87.95,-1.62102930233e-05,-0.00392713992033,8.23056081353e-07
88.0,-1.6059022652e-05,-0.00392479561773,8.15435261243e-07
88.05,-1.59091531127e-05,-0.0039224551529,8.0788655565e-07
88.1,-1.57606715802e-05,-0.00392011850529,8.0040766272e-07
88.15,-1.56135653442e-05,-0.00391778565444,7.92999073646e-07
88.2,-1.5467821809e-05,-0.00391545658001,7.85659779568e-07
88.25,-1.53234284923e-05,-0.00391313126176,7.78389203064e-07
88.3,-1.51803730239e-05,-0.00391080967953,7.71185828649e-07
88.35,-1.50386431453e-05,-0.00390849181333,7.64050552222e-07
88.4,-1.4898226708e-05,-0.0039061776432,7.56981207037e-07
88.45,-1.47591116733e-05,-0.00390386714933,7.49977844813e-07
88.5,-1.46212861107e-05,-0.00390156031201,7.43040341429e-07
88.55,-1.44847381975e-05,-0.00389925711161,7.36168388401e-07
88.6,-1.43494562173e-05,-0.00389695752862,7.29359891207e-07
88.65,-1.42154285596e-05,-0.00389466154362,7.22615300366e-07
88.7,-1.40826437183e-05,-0.00389236913732,7.15933699463e-07
88.75,-1.39510902915e-05,-0.00389008029049,7.09314565172e-07
88.8,-1.38207569799e-05,-0.00388779498405,7.02756519301e-07
88.85,-1.36917010109e-05,-0.00388551950641,6.96260381014e-07
88.9,-1.35638414893e-05,-0.00388324754597,6.89824182118e-07
88.95,-1.343716744e-05,-0.0038809790838,6.83447972296e-07
89.0,-1.33116679868e-05,-0.00387871410109,6.77131640964e-07
89.05,-1.3187332352e-05,-0.00387645257908,6.70874909505e-07
89.1,-1.30641498548e-05,-0.00387419449915,6.64675871628e-07
89.15,-1.2942109911e-05,-0.00387193984278,6.58534940307e-07
89.2,-1.28212020322e-05,-0.00386968859153,6.5245128278e-07
89.25,-1.27014158244e-05,-0.00386744072706,6.46424424478e-07
89.3,-1.25827409878e-05,-0.0038652021264,6.40453111715e-07
89.35,-1.24651672916e-05,-0.00386297732791,6.34538096358e-07
89.4,-1.23486845178e-05,-0.00386076142517,6.28677596796e-07
89.45,-1.22332826877e-05,-0.00385854883879,6.22871655042e-07
89.5,-1.2118951872e-05,-0.00385633955066,6.17120172218e-07
89.55,-1.20056822315e-05,-0.00385413354277,6.11422896286e-07
89.6,-1.18934640157e-05,-0.00385193079718,6.05778091745e-07
89.65,-1.17822875625e-05,-0.00384973129608,6.00186136798e-07
89.7,-1.16721432971e-05,-0.00384753502174,5.94646274278e-07
89.75,-1.15630217315e-05,-0.00384534195655,5.89158073447e-07
89.8,-1.14549134635e-05,-0.00384315208298,5.83720393437e-07
89.85,-1.13478658871e-05,-0.00384096538359,5.78333918468e-07
89.9,-1.12418119419e-05,-0.00383878184122,5.72997014535e-07
89.95,-1.11367424951e-05,-0.00383660143862,5.67709726704e-07
90.0,-1.10326484968e-05,-0.00383442415864,5.62471966885e-07
90.05,-1.0929520979e-05,-0.00383224998424,5.5728350737e-07
90.1,-1.08273510549e-05,-0.00383007889845,5.52142768307e-07
90.15,-1.07261299182e-05,-0.00382791088441,5.47050096347e-07
90.2,-1.06258488425e-05,-0.00382574592535,5.42004803276e-07
90.25,-1.05264991803e-05,-0.00382358400459,5.37006498369e-07
90.3,-1.04280723626e-05,-0.00382142510556,5.32054143601e-07
90.35,-1.03305598982e-05,-0.00381927353247,5.27148364455e-07
90.4,-1.02339533582e-05,-0.0038171268363,5.22287675173e-07
90.45,-1.0138244399e-05,-0.00381498312687,5.17472119335e-07
90.5,-1.00434247589e-05,-0.00381284238784,5.12701618307e-07
90.55,-9.94948625135e-06,-0.00381070460296,5.07975966172e-07
90.6,-9.85642076397e-06,-0.00380856975608,5.03293724477e-07
90.65,-9.76422025804e-06,-0.00380643783114,4.98655210786e-07
90.7,-9.67287676783e-06,-0.00380430881217,4.94059799336e-07
90.75,-9.58238239995e-06,-0.0038021826833,4.89507135509e-07
90.8,-9.4927293327e-06,-0.00380006329226,4.84996274612e-07
90.85,-9.40395680011e-06,-0.0037979492795,4.80527789827e-07
90.9,-9.31600919228e-06,-0.00379583812453,4.76100327539e-07
90.95,-9.2288789131e-06,-0.00379372981171,4.71713928162e-07
91.0,-9.14255843547e-06,-0.00379162432547,4.360498235e-07
91.05,-9.05703983768e-06,-0.00378952208369,4.28551185019e-07
91.1,-8.97231615703e-06,-0.00378742267867,4.24603933836e-07
91.15,-8.88838012204e-06,-0.00378533028583,4.20693553058e-07
91.2,-8.80522442398e-06,-0.00378324997257,4.16819506436e-07
91.25,-8.72284188514e-06,-0.00378117239308,4.12981496869e-07
91.3,-8.64122538064e-06,-0.00377909753229,4.09178690568e-07
91.35,-8.56036785039e-06,-0.0037770253752,4.05411635806e-07
91.4,-7.53992604361e-06,-0.0037749559069,4.01679124627e-07
91.45,-6.05801965049e-06,-0.00377288655195,3.97980912065e-07
91.5,-6.00132845211e-06,-0.00377081605585,3.63165098589e-07
91.55,-5.94516419238e-06,-0.00376874873442,3.25132743204e-07
91.6,-5.88952199136e-06,-0.00376668461292,3.18667345778e-07
91.65,-5.83439734523e-06,-0.00376462324304,3.15734045191e-07
91.7,-5.77978551607e-06,-0.00376256456124,3.12828054873e-07
91.75,-5.72568177517e-06,-0.00376050855213,3.09949158776e-07
91.8,-5.67208143681e-06,-0.00375845520041,3.07096649714e-07
91.85,-5.61900793906e-06,-0.00375640689258,3.04271079996e-07
91.9,-5.56642804207e-06,-0.00375436491154,3.01471400951e-07
91.95,-5.51433718856e-06,-0.00375232555655,2.67532422703e-07
92.0,-5.46273059219e-06,-0.00375028923655,2.6160536326e-07
92.05,-5.41160404152e-06,-0.00374825555275,2.59198633482e-07
92.1,-5.36095314061e-06,-0.00374622444247,2.56813950887e-07
92.15,-5.31077350215e-06,-0.00374419589102,2.54451656448e-07
92.2,-5.26106077877e-06,-0.00374216988384,2.52111375481e-07
92.25,-5.21181066269e-06,-0.00374014640642,2.49792937815e-07
92.3,-5.16301888536e-06,-0.00373812734445,2.47495725242e-07
92.35,-5.11468121395e-06,-0.0037361151572,2.14133336576e-07
92.4,-5.06679319384e-06,-0.00373410589386,2.08707721972e-07
92.45,-5.01935090962e-06,-0.00373209915748,2.06788654966e-07
92.5,-4.97235027557e-06,-0.00373009488621,2.04887152825e-07
92.55,-4.92578721421e-06,-0.00372809306606,2.03003468055e-07
92.6,-4.87965768522e-06,-0.00372609368312,2.01137020448e-07
92.65,-4.83395768514e-06,-0.00372409672357,1.99288147361e-07
92.7,-4.78868324703e-06,-0.00372210217369,1.66382804903e-07
92.75,-4.7438302003e-06,-0.00372011044216,1.61398531065e-07
92.8,-4.6993948719e-06,-0.00371812113306,1.59915284143e-07
92.85,-4.65539669506e-06,-0.00371613418525,1.2740026748e-07
92.9,-4.61180788823e-06,-0.00371415000739,1.22777364849e-07
92.95,-4.5686248841e-06,-0.0037121682043,1.21649063507e-07
93.0,-4.52584396084e-06,-0.00371018871526,1.20531078692e-07
93.05,-4.48346140424e-06,-0.0037082115273,1.19423692853e-07
93.1,-4.441473534e-06,-0.00370623662754,1.18326428686e-07
93.15,-4.39987670343e-06,-0.00370426400317,1.1723964506e-07
93.2,-4.35866729913e-06,-0.00370230368236,1.16162790365e-07
93.25,-4.31784170992e-06,-0.00370034750563,8.41218617506e-08
93.3,-4.2773961879e-06,-0.00369839397482,7.99050608314e-08
93.35,-4.2373274176e-06,-0.00369644324787,7.91711995444e-08
93.4,-4.19763194005e-06,-0.00369450017377,7.84440423711e-08
93.45,-4.15830629697e-06,-0.00369255930027,7.77235286409e-08
93.5,-4.11934706922e-06,-0.00369062061497,7.70095978704e-08
93.55,-4.08075086892e-06,-0.00368868410555,4.54066028026e-08
93.6,-4.04251413629e-06,-0.00368675017244,4.15539915991e-08
93.65,-4.00463373275e-06,-0.00368481842982,4.11726939512e-08
93.7,-3.96710638546e-06,-0.00368288881903,4.07948753276e-08
93.75,-3.92992882851e-06,-0.00368096132812,4.04205041165e-08
93.8,-3.89309782592e-06,-0.00367903594526,4.0049548993e-08
93.85,-3.85662944489e-06,-0.00367711882805,3.96819789169e-08
93.9,-3.8205008468e-06,-0.00367520380956,3.93177633325e-08
93.95,-3.78470888955e-06,-0.00367329087801,3.89568717536e-08
94.0,-3.74925045978e-06,-0.00367138002172,3.85992739708e-08
94.05,-3.71412247259e-06,-0.00366947122909,3.82449400491e-08
94.1,-3.67932187134e-06,-0.00366756448857,3.78938403253e-08
94.15,-3.64484562731e-06,-0.0036656597887,3.7546320495e-08
94.2,-3.61069073953e-06,-0.00366375711807,3.7201968716e-08
94.25,-3.57685423447e-06,-0.00366185646536,3.68607562428e-08
94.3,-3.54333316584e-06,-0.00365995781932,3.652265459e-08
94.35,-3.5101246143e-06,-0.00365806116876,3.61876355307e-08
94.4,-3.47722568726e-06,-0.00365616650257,3.58556710932e-08
94.45,-3.44463351861e-06,-0.0036542738097,3.55267335596e-08
94.5,-3.41234526848e-06,-0.00365238307918,3.52007954629e-08
94.55,-3.38035812304e-06,-0.00365049430011,3.4877829585e-08
94.6,-3.34866929423e-06,-0.00364860746165,3.45578089509e-08
94.65,-3.31727601953e-06,-0.00364672255302,3.45504533586e-09
94.7,-3.28617539771e-06,-0.00364483997398,0.0
94.75,-3.25536486841e-06,-0.00364295934225,0.0
94.8,-3.22484176292e-06,-0.00364108060096,0.0
94.85,-3.19461938367e-06,-0.00363920373971,0.0
94.9,-3.16467881197e-06,-0.00363733339992,0.0
94.95,-3.13501743357e-06,-0.00363546618243,0.0
95.0,-3.10563266182e-06,-0.00363360082766,0.0
95.05,-3.07652193506e-06,-0.00363173732532,0.0
95.1,-3.04768271511e-06,-0.00362987566522,0.0
95.15,-3.01911248706e-06,-0.00362801583722,0.0
95.2,-2.99080875909e-06,-0.00362615783125,0.0
95.25,-2.96276906219e-06,-0.00362430163728,0.0
95.3,-2.93499095005e-06,-0.00362244724538,0.0
95.35,-2.90747199876e-06,-0.00362059887902,0.0
95.4,-2.88020980273e-06,-0.00361875414503,0.0
95.45,-2.85320198078e-06,-0.00361691547894,0.0
95.5,-2.8264461619e-06,-0.0036150847514,0.0
95.55,-2.79994001453e-06,-0.00361325578868,0.0
95.6,-2.77368122455e-06,-0.00361142858099,0.0
95.65,-2.74766749906e-06,-0.00360960311856,0.0
95.7,-2.7218965662e-06,-0.0036077793917,0.0
95.75,-2.69636617499e-06,-0.00360595739078,0.0
95.8,-2.6710740951e-06,-0.00360413710625,0.0
95.85,-2.64603134031e-06,-0.00360231852858,0.0
95.9,-2.62122223632e-06,-0.00360050164837,0.0
95.95,-2.59664461756e-06,-0.00359868645623,0.0
96.0,-2.57229633833e-06,-0.00359687294284,0.0
96.05,-2.54817527265e-06,-0.00359506109893,0.0
96.1,-2.52427931404e-06,-0.0035932509153,0.0
96.15,-2.50060637537e-06,-0.0035914423828,0.0
96.2,-2.47715438869e-06,-0.00358963549234,0.0
96.25,-2.45392130505e-06,-0.00358783023489,0.0
96.3,-2.4309050943e-06,-0.00358602660148,0.0
96.35,-2.40810374497e-06,-0.0035842245832,0.0
96.4,-1.43702862766e-06,-0.00358242699031,0.0
96.45,0.0,-0.00358063151574,0.0
96.5,0.0,-0.00357883396272,0.0
96.55,0.0,-0.00357703810717,0.0
96.6,0.0,-0.00357524393903,0.0
96.65,0.0,-0.00357345144831,0.0
96.7,0.0,-0.00357166062509,0.0
96.75,0.0,-0.00356987145954,0.0
96.8,0.0,-0.00356808394187,0.0
96.85,0.0,-0.00356630041903,0.0
96.9,0.0,-0.00356452215508,0.0
96.95,0.0,-0.00356274552366,0.0
97.0,0.0,-0.00356097051513,0.0
97.05,0.0,-0.00355919711995,0.0
97.1,0.0,-0.00355742532862,0.0
97.15,0.0,-0.00355565513173,0.0
97.2,0.0,-0.00355388651994,0.0
97.25,0.0,-0.00355211948395,0.0
97.3,0.0,-0.00355035401456,0.0
97.35,0.0,-0.00354859010259,0.0
97.4,0.0,-0.00354682773897,0.0
97.45,0.0,-0.00354506691468,0.0
97.5,0.0,-0.00354330762075,0.0
97.55,0.0,-0.00354154984829,0.0
97.6,0.0,-0.00353979358846,0.0
97.65,0.0,-0.0035380388325,0.0
97.7,0.0,-0.0035362855717,0.0
97.75,0.0,-0.0035345337974,0.0
97.8,0.0,-0.00353278350104,0.0
97.85,0.0,-0.00353103467408,0.0
97.9,0.0,-0.00352928834944,0.0
97.95,0.0,-0.00352754816517,0.0
98.0,0.0,-0.00352581763538,0.0
98.05,0.0,-0.00352408959207,0.0
98.1,0.0,-0.00352236298878,0.0
98.15,0.0,-0.00352063781715,0.0
98.2,0.0,-0.00351891406884,0.0
98.25,0.0,-0.00351719173561,0.0
98.3,0.0,-0.00351547080923,0.0
98.35,0.0,-0.00351375181735,0.0
98.4,0.0,-0.00351203957422,0.0
98.45,0.0,-0.00351032872691,0.0
98.5,0.0,-0.00350861926732,0.0
98.55,0.0,-0.00350691118744,0.0
98.6,0.0,-0.00350520447929,0.0
98.65,0.0,-0.00350349913495,0.0
98.7,0.0,-0.00350179514657,0.0
98.75,0.0,-0.00350009250635,0.0
98.8,0.0,-0.00349839120655,0.0
98.85,0.0,-0.00349669123946,0.0
98.9,0.0,-0.00349499259747,0.0
98.95,0.0,-0.00349329527299,0.0
99.0,0.0,-0.0034915992585,0.0
99.05,0.0,-0.00348990454652,0.0
99.1,0.0,-0.00348821112963,0.0
99.15,0.0,-0.00348651900049,0.0
99.2,0.0,-0.00348482815177,0.0
99.25,0.0,-0.00348313857621,0.0
99.3,0.0,-0.00348145026661,0.0
99.35,0.0,-0.00347976321582,0.0
99.4,0.0,-0.00347807741674,0.0
99.45,0.0,-0.00347639782137,0.0
99.5,0.0,-0.0034747201587,0.0
99.55,0.0,-0.00347304373931,0.0
99.6,0.0,-0.00347136855619,0.0
99.65,0.0,-0.00346969460238,0.0
99.7,0.0,-0.00346802187097,0.0
99.75,0.0,-0.0034663503551,0.0
99.8,0.0,-0.00346468004796,0.0
99.85,0.0,-0.00346301094277,0.0
99.9,0.0,-0.00346134760803,0.0
99.95,0.0,-0.00345968670376,0.0
100.0,0.0,-0.00345802699441,0.0
