"time","AMPA","NMDA","GABAa"
0.0,0.0,0.0,0.0
0.05,0.0,0.0,0.0
0.1,0.0,0.0,0.0
0.15,0.0,0.0,0.0
0.2,0.0,0.0,0.0
0.25,0.0,0.0,0.0
0.3,0.0,0.0,0.0
0.35,0.0,0.0,0.0
0.4,0.0,0.0,0.0
0.45,0.0,0.0,0.0
0.5,0.0,0.0,0.0
0.55,0.0,0.0,0.0
0.6,0.0,0.0,0.0
0.65,0.0,0.0,0.0
0.7,0.0,0.0,0.0
0.75,0.0,0.0,0.0
0.8,0.0,0.0,0.0
0.85,0.0,0.0,0.0
0.9,0.0,0.0,0.0
0.95,0.0,0.0,0.0
1.0,0.0,0.0,0.0
1.05,0.0,0.0,0.0
1.1,0.0,0.0,0.0
1.15,0.0,0.0,0.0
1.2,0.0,0.0,0.0
1.25,0.0,0.0,0.0
1.3,0.0,0.0,0.0
1.35,0.0,0.0,0.0
1.4,0.0,0.0,0.0
1.45,0.0,0.0,0.0
1.5,0.0,0.0,0.0
1.55,0.0,0.0,0.0
1.6,0.0,0.0,0.0
1.65,0.0,0.0,0.0
1.7,0.0,0.0,0.0
1.75,0.0,0.0,0.0
1.8,0.0,0.0,0.0
1.85,0.0,0.0,0.0
1.9,0.0,0.0,0.0
1.95,0.0,0.0,0.0
2.0,0.0,0.0,0.0
2.05,0.0,0.0,0.0
2.1,0.0,0.0,0.0
2.15,0.0,0.0,0.0
2.2,0.0,0.0,0.0
2.25,0.0,0.0,0.0
2.3,0.0,0.0,0.0
2.35,0.0,0.0,0.0
2.4,0.0,0.0,0.0
2.45,0.0,0.0,0.0
2.5,0.0,0.0,0.0
2.55,0.0,0.0,0.0
2.6,0.0,0.0,0.0
2.65,0.0,0.0,0.0
2.7,0.0,0.0,0.0
2.75,0.0,0.0,0.0
2.8,0.0,0.0,0.0
2.85,0.0,0.0,0.0
2.9,0.0,0.0,0.0
2.95,0.0,0.0,0.0
3.0,0.0,0.0,0.0
3.05,0.0,0.0,0.0
3.1,0.0,0.0,0.0
3.15,0.0,0.0,0.0
3.2,0.0,0.0,0.0
3.25,0.0,0.0,0.0
3.3,0.0,0.0,0.0
3.35,0.0,0.0,0.0
3.4,0.0,0.0,0.0
3.45,0.0,0.0,0.0
3.5,0.0,0.0,0.0
3.55,0.0,0.0,0.0
3.6,0.0,0.0,0.0
3.65,0.0,0.0,0.0
3.7,0.0,0.0,0.0
3.75,0.0,0.0,0.0
3.8,0.0,0.0,0.0
3.85,0.0,0.0,0.0
3.9,0.0,0.0,0.0
3.95,0.0,0.0,0.0
4.0,0.0,0.0,0.0
4.05,0.0,0.0,0.0
4.1,0.0,0.0,0.0
4.15,0.0,0.0,0.0
4.2,0.0,0.0,0.0
4.25,0.0,0.0,0.0
4.3,0.0,0.0,0.0
4.35,0.0,0.0,0.0
4.4,0.0,0.0,0.0
4.45,0.0,0.0,0.0
4.5,0.0,0.0,0.0
4.55,0.0,0.0,0.0
4.6,0.0,0.0,0.0
4.65,0.0,0.0,0.0
4.7,0.0,0.0,0.0
4.75,0.0,0.0,0.0
4.8,0.0,0.0,0.0
4.85,0.0,0.0,0.0
4.9,0.0,0.0,0.0
4.95,0.0,0.0,0.0
5.0,0.0,0.0,0.0
5.05,0.0,0.0,0.0
5.1,0.0,0.0,0.0
5.15,0.0,0.0,0.0
5.2,0.0,0.0,0.0
5.25,0.0,0.0,0.0
5.3,0.0,0.0,0.0
5.35,0.0,0.0,0.0
5.4,0.0,0.0,0.0
5.45,0.0,0.0,0.0
5.5,0.0,0.0,0.0
5.55,0.0,0.0,0.0
5.6,0.0,0.0,0.0
5.65,0.0,0.0,0.0
5.7,0.0,0.0,0.0
5.75,0.0,0.0,0.0
5.8,0.0,0.0,0.0
5.85,0.0,0.0,0.0
5.9,0.0,0.0,0.0
5.95,0.0,0.0,0.0
6.0,0.0,0.0,0.0
6.05,0.0,0.0,0.0
6.1,0.0,0.0,0.0
6.15,0.0,0.0,0.0
6.2,0.0,0.0,0.0
6.25,0.0,0.0,0.0
6.3,0.0,0.0,0.0
6.35,0.0,0.0,0.0
6.4,0.0,0.0,0.0
6.45,0.0,0.0,0.0
6.5,0.0,0.0,0.0
6.55,0.0,0.0,0.0
6.6,0.0,0.0,0.0
6.65,0.0,0.0,0.0
6.7,0.0,0.0,0.0
6.75,0.0,0.0,0.0
6.8,0.0,0.0,0.0
6.85,0.0,0.0,0.0
6.9,0.0,0.0,0.0
6.95,0.0,0.0,0.0
7.0,0.0,0.0,0.0
7.05,0.0,0.0,0.0
7.1,0.0,0.0,0.0
7.15,0.0,0.0,0.0
7.2,0.0,0.0,0.0
7.25,0.0,0.0,0.0
7.3,0.0,0.0,0.0
7.35,0.0,0.0,0.0
7.4,0.0,0.0,0.0
7.45,0.0,0.0,0.0
7.5,0.0,0.0,0.0
7.55,0.0,0.0,0.0
7.6,0.0,0.0,0.0
7.65,0.0,0.0,0.0
7.7,0.0,0.0,0.0
7.75,0.0,0.0,0.0
7.8,0.0,0.0,0.0
7.85,0.0,0.0,0.0
7.9,0.0,0.0,0.0
7.95,0.0,0.0,0.0
8.0,0.0,0.0,0.0
8.05,0.0,0.0,0.0
8.1,0.0,0.0,0.0
8.15,0.0,0.0,0.0
8.2,0.0,0.0,0.0
8.25,0.0,0.0,0.0
8.3,0.0,0.0,0.0
8.35,0.0,0.0,0.0
8.4,0.0,0.0,0.0
8.45,0.0,0.0,0.0
8.5,0.0,0.0,0.0
8.55,0.0,0.0,0.0
8.6,0.0,0.0,0.0
8.65,0.0,0.0,0.0
8.7,0.0,0.0,0.0
8.75,0.0,0.0,0.0
8.8,0.0,0.0,0.0
8.85,0.0,0.0,0.0
8.9,0.0,0.0,0.0
8.95,0.0,0.0,0.0
9.0,0.0,0.0,0.0
9.05,0.0,0.0,0.0
9.1,0.0,0.0,0.0
9.15,0.0,0.0,0.0
9.2,0.0,0.0,0.0
9.25,0.0,0.0,0.0
9.3,0.0,0.0,0.0
9.35,0.0,0.0,0.0
9.4,0.0,0.0,0.0
9.45,0.0,0.0,0.0
9.5,0.0,0.0,0.0
9.55,0.0,0.0,0.0
9.6,0.0,0.0,0.0
9.65,0.0,0.0,0.0
9.7,0.0,0.0,0.0
9.75,0.0,0.0,0.0
9.8,0.0,0.0,0.0
9.85,0.0,0.0,0.0
9.9,0.0,0.0,0.0
9.95,0.0,0.0,0.0
10.0,0.0,0.0,0.0
10.05,0.0,0.0,0.0
10.1,0.0,0.0,0.0
10.15,0.0,0.0,0.0
10.2,0.0,0.0,0.0
10.25,0.0,0.0,0.0
10.3,0.0,0.0,0.0
10.35,0.0,0.0,0.0
10.4,0.0,0.0,0.0
10.45,0.0,0.0,0.0
10.5,0.0,0.0,0.0
10.55,0.0,0.0,0.0
10.6,0.0,0.0,0.0
10.65,0.0,0.0,0.0
10.7,0.0,0.0,0.0
10.75,0.0,0.0,0.0
10.8,0.0,0.0,0.0
10.85,0.0,0.0,0.0
10.9,0.0,0.0,0.0
10.95,0.0,0.0,0.0
11.0,0.0,0.0,0.0
11.05,0.0,0.0,0.0
11.1,0.0,0.0,0.0
11.15,0.0,0.0,0.0
11.2,0.0,0.0,0.0
11.25,0.0,0.0,0.0
11.3,0.0,0.0,0.0
11.35,0.0,0.0,0.0
11.4,0.0,0.0,0.0
11.45,0.0,0.0,0.0
11.5,0.0,0.0,0.0
11.55,0.0,0.0,0.0
11.6,0.0,0.0,0.0
11.65,0.0,0.0,0.0
11.7,0.0,0.0,0.0
11.75,0.0,0.0,0.0
11.8,0.0,0.0,0.0
11.85,0.0,0.0,0.0
11.9,0.0,0.0,0.0
11.95,0.0,0.0,0.0
12.0,0.0,0.0,0.0
12.05,0.0,0.0,0.0
12.1,0.0,0.0,0.0
12.15,0.0,0.0,0.0
12.2,0.0,0.0,0.0
12.25,0.0,0.0,0.0
12.3,0.0,0.0,0.0
12.35,0.0,0.0,0.0
12.4,0.0,0.0,0.0
12.45,0.0,0.0,0.0
12.5,0.0,0.0,0.0
12.55,0.0,0.0,0.0
12.6,0.0,0.0,0.0
12.65,0.0,0.0,0.0
12.7,0.0,0.0,0.0
12.75,0.0,0.0,0.0
12.8,0.0,0.0,0.0
12.85,0.0,0.0,0.0
12.9,0.0,0.0,0.0
12.95,0.0,0.0,0.0
13.0,0.0,0.0,0.0
13.05,0.0,0.0,0.0
13.1,0.0,0.0,0.0
13.15,0.0,0.0,0.0
13.2,0.0,0.0,0.0
13.25,0.0,0.0,0.0
13.3,0.0,0.0,0.0
13.35,0.0,0.0,0.0
13.4,0.0,0.0,0.0
13.45,0.0,0.0,0.0
13.5,0.0,0.0,0.0
13.55,0.0,0.0,0.0
13.6,0.0,0.0,0.0
13.65,0.0,0.0,0.0
13.7,0.0,0.0,0.0
13.75,0.0,0.0,0.0
13.8,0.0,0.0,0.0
13.85,0.0,0.0,0.0
13.9,0.0,0.0,0.0
13.95,0.0,0.0,0.0
14.0,0.0,0.0,0.0
14.05,0.0,0.0,0.0
14.1,0.0,0.0,0.0
14.15,0.0,0.0,0.0
14.2,0.0,0.0,0.0
14.25,0.0,0.0,0.0
14.3,0.0,0.0,0.0
14.35,0.0,0.0,0.0
14.4,0.0,0.0,0.0
14.45,0.0,0.0,0.0
14.5,0.0,0.0,0.0
14.55,0.0,0.0,0.0
14.6,0.0,0.0,0.0
14.65,0.0,0.0,0.0
14.7,0.0,0.0,0.0
14.75,0.0,0.0,0.0
14.8,0.0,0.0,0.0
14.85,0.0,0.0,0.0
14.9,0.0,0.0,0.0
14.95,0.0,0.0,0.0
15.0,0.0,0.0,0.0
15.05,0.0,0.0,0.0
15.1,0.0,0.0,0.0
15.15,0.0,0.0,0.0
15.2,0.0,0.0,0.0
15.25,0.0,0.0,0.0
15.3,0.0,0.0,0.0
15.35,0.0,0.0,0.0
15.4,0.0,0.0,0.0
15.45,0.0,0.0,0.0
15.5,0.0,0.0,0.0
15.55,0.0,0.0,0.0
15.6,0.0,0.0,0.0
15.65,0.0,0.0,0.0
15.7,0.0,0.0,0.0
15.75,0.0,0.0,0.0
15.8,0.0,0.0,0.0
15.85,0.0,0.0,0.0
15.9,0.0,0.0,0.0
15.95,0.0,0.0,0.0
16.0,0.0,0.0,0.0
16.05,0.0,0.0,0.0
16.1,0.0,0.0,0.0
16.15,0.0,0.0,0.0
16.2,0.0,0.0,0.0
16.25,0.0,0.0,0.0
16.3,0.0,0.0,0.0
16.35,0.0,0.0,0.0
16.4,0.0,0.0,0.0
16.45,0.0,0.0,0.0
16.5,0.0,0.0,0.0
16.55,0.0,0.0,0.0
16.6,0.0,0.0,0.0
16.65,0.0,0.0,0.0
16.7,0.0,0.0,0.0
16.75,0.0,0.0,0.0
16.8,0.0,0.0,0.0
16.85,0.0,0.0,0.0
16.9,0.0,0.0,0.0
16.95,0.0,0.0,0.0
17.0,0.0,0.0,0.0
17.05,0.0,0.0,0.0
17.1,0.0,0.0,0.0
17.15,0.0,0.0,0.0
17.2,0.0,0.0,0.0
17.25,0.0,0.0,0.0
17.3,0.0,0.0,0.0
17.35,0.0,0.0,0.0
17.4,0.0,0.0,0.0
17.45,0.0,0.0,0.0
17.5,0.0,0.0,0.0
17.55,0.0,0.0,0.0
17.6,0.0,0.0,0.0
17.65,0.0,0.0,0.0
17.7,0.0,0.0,0.0
17.75,0.0,0.0,0.0
17.8,0.0,0.0,0.0
17.85,0.0,0.0,0.0
17.9,0.0,0.0,0.0
17.95,0.0,0.0,0.0
18.0,0.0,0.0,0.0
18.05,0.0,0.0,0.0
18.1,0.0,0.0,0.0
18.15,0.0,0.0,0.0
18.2,0.0,0.0,0.0
18.25,0.0,0.0,0.0
18.3,0.0,0.0,0.0
18.35,0.0,0.0,0.0
18.4,0.0,0.0,0.0
18.45,0.0,0.0,0.0
18.5,0.0,0.0,0.0
18.55,0.0,0.0,0.0
18.6,0.0,0.0,0.0
18.65,0.0,0.0,0.0
18.7,0.0,0.0,0.0
18.75,0.0,0.0,0.0
18.8,0.0,0.0,0.0
18.85,0.0,0.0,0.0
18.9,0.0,0.0,0.0
18.95,0.0,0.0,0.0
19.0,0.0,0.0,0.0
19.05,0.0,0.0,0.0
19.1,0.0,0.0,0.0
19.15,0.0,0.0,0.0
19.2,0.0,0.0,0.0
19.25,0.0,0.0,0.0
19.3,0.0,0.0,0.0
19.35,0.0,0.0,0.0
19.4,0.0,0.0,0.0
19.45,0.0,0.0,0.0
19.5,0.0,0.0,0.0
19.55,0.0,0.0,0.0
19.6,0.0,0.0,0.0
19.65,0.0,0.0,0.0
19.7,0.0,0.0,0.0
19.75,0.0,0.0,0.0
19.8,0.0,0.0,0.0
19.85,0.0,0.0,0.0
19.9,0.0,0.0,0.0
19.95,0.0,0.0,0.0
20.0,0.0,0.0,0.0
20.05,0.0,0.0,0.0
20.1,0.0,0.0,0.0
20.15,0.0,0.0,0.0
20.2,0.0,0.0,0.0
20.25,0.0,0.0,0.0
20.3,0.0,0.0,0.0
20.35,0.0,0.0,0.0
20.4,0.0,0.0,0.0
20.45,0.0,0.0,0.0
20.5,0.0,0.0,0.0
20.55,0.0,0.0,0.0
20.6,0.0,0.0,0.0
20.65,0.0,0.0,0.0
20.7,0.0,0.0,0.0
20.75,0.0,0.0,0.0
20.8,0.0,0.0,0.0
20.85,0.0,0.0,0.0
20.9,0.0,0.0,0.0
20.95,0.0,0.0,0.0
21.0,0.0,0.0,0.0
21.05,0.0,0.0,0.0
21.1,0.0,0.0,0.0
21.15,0.0,0.0,0.0
21.2,0.0,0.0,0.0
21.25,0.0,0.0,0.0
21.3,0.0,0.0,0.0
21.35,0.0,0.0,0.0
21.4,0.0,0.0,0.0
21.45,0.0,0.0,0.0
21.5,0.0,0.0,0.0
21.55,0.0,0.0,0.0
21.6,0.0,0.0,0.0
21.65,0.0,0.0,0.0
21.7,0.0,0.0,0.0
21.75,0.0,0.0,0.0
21.8,0.0,0.0,0.0
21.85,0.0,0.0,0.0
21.9,0.0,0.0,0.0
21.95,0.0,0.0,0.0
22.0,0.0,0.0,0.0
22.05,0.0,0.0,0.0
22.1,0.0,0.0,0.0
22.15,0.0,0.0,0.0
22.2,0.0,0.0,0.0
22.25,0.0,0.0,0.0
22.3,0.0,0.0,0.0
22.35,0.0,0.0,0.0
22.4,0.0,0.0,0.0
22.45,0.0,0.0,0.0
22.5,0.0,0.0,0.0
22.55,0.0,0.0,0.0
22.6,0.0,0.0,0.0
22.65,0.0,0.0,0.0
22.7,0.0,0.0,0.0
22.75,0.0,0.0,0.0
22.8,0.0,0.0,0.0
22.85,0.0,0.0,0.0
22.9,0.0,0.0,0.0
22.95,0.0,0.0,0.0
23.0,0.0,0.0,0.0
23.05,0.0,0.0,0.0
23.1,0.0,0.0,0.0
23.15,0.0,0.0,0.0
23.2,0.0,0.0,0.0
23.25,0.0,0.0,0.0
23.3,0.0,0.0,0.0
23.35,0.0,0.0,0.0
23.4,0.0,0.0,0.0
23.45,0.0,0.0,0.0
23.5,0.0,0.0,0.0
23.55,0.0,0.0,0.0
23.6,0.0,0.0,0.0
23.65,0.0,0.0,0.0
23.7,0.0,0.0,0.0
23.75,0.0,0.0,0.0
23.8,0.0,0.0,0.0
23.85,0.0,0.0,0.0
23.9,0.0,0.0,0.0
23.95,0.0,0.0,0.0
24.0,0.0,0.0,0.0
24.05,0.0,0.0,0.0
24.1,0.0,0.0,0.0
24.15,0.0,0.0,0.0
24.2,0.0,0.0,0.0
24.25,0.0,0.0,0.0
24.3,0.0,0.0,0.0
24.35,0.0,0.0,0.0
24.4,0.0,0.0,0.0
24.45,0.0,0.0,0.0
24.5,0.0,0.0,0.0
24.55,0.0,0.0,0.0
24.6,0.0,0.0,0.0
24.65,0.0,0.0,0.0
24.7,0.0,0.0,0.0
24.75,0.0,0.0,0.0
24.8,0.0,0.0,0.0
24.85,0.0,0.0,0.0
24.9,0.0,0.0,0.0
24.95,0.0,0.0,0.0
25.0,0.0,0.0,0.0
25.05,0.0,0.0,0.0
25.1,0.0,0.0,0.0
25.15,0.0,0.0,0.0
25.2,0.0,0.0,0.0
25.25,0.0,0.0,0.0
25.3,0.0,0.0,0.0
25.35,0.0,0.0,0.0
25.4,0.0,0.0,0.0
25.45,0.0,0.0,0.0
25.5,0.0,0.0,0.0
25.55,0.0,0.0,0.0
25.6,0.0,0.0,0.0
25.65,0.0,0.0,0.0
25.7,0.0,0.0,0.0
25.75,0.0,0.0,0.0
25.8,0.0,0.0,0.0
25.85,0.0,0.0,0.0
25.9,0.0,0.0,0.0
25.95,0.0,0.0,0.0
26.0,0.0,0.0,0.0
26.05,0.0,0.0,0.0
26.1,0.0,0.0,0.0
26.15,0.0,0.0,0.0
26.2,0.0,0.0,0.0
26.25,0.0,0.0,0.0
26.3,0.0,0.0,0.0
26.35,0.0,0.0,0.0
26.4,0.0,0.0,0.0
26.45,0.0,0.0,0.0
26.5,0.0,0.0,0.0
26.55,0.0,0.0,0.0
26.6,0.0,0.0,0.0
26.65,0.0,0.0,0.0
26.7,0.0,0.0,0.0
26.75,0.0,0.0,8.57053513119e-17
26.8,0.0,0.0,0.000115816395663
26.85,0.0,0.0,0.000320787532289
26.9,0.0,0.0,0.000478099069759
26.95,0.0,0.0,0.000598237692369
27.0,0.0,0.0,0.000804243042461
27.05,0.0,0.0,0.00118851710986
27.1,0.0,0.0,0.00147730933113
27.15,0.0,0.0,0.00169140003066
27.2,0.0,0.0,0.00184754538624
27.25,0.0,0.0,0.00195904924202
27.3,0.0,0.0,0.00203635582408
27.35,0.0,0.0,0.00208759685403
27.4,0.0,0.0,0.00211906397589
27.45,0.0,0.0,0.00213560137706
27.5,0.0,0.0,0.00214092502182
27.55,0.0,0.0,0.00213787734216
27.6,0.0,0.0,0.00212862814139
27.65,0.0,0.0,0.00211482908365
27.7,0.0,0.0,0.00209773562403
27.75,0.0,0.0,0.00207759894223
27.8,0.0,0.0,0.0020516393971
27.85,0.0,0.0,0.00202146800749
27.9,0.0,0.0,0.00199123906863
27.95,0.0,0.0,0.00196051895457
28.0,0.0,0.0,0.00192549410599
28.05,0.0,0.0,0.00188465173242
28.1,0.0,0.0,0.00184521645815
28.15,0.0,0.0,0.00180713047265
28.2,0.0,0.0,0.00177033856472
28.25,0.0,0.0,0.00173478799633
28.3,0.0,0.0,0.00170043168942
28.35,0.0,0.0,0.00166722128238
28.4,0.0,0.0,0.00163510732553
28.45,0.0,0.0,0.00160404585902
28.5,0.0,0.0,0.00157399802842
28.55,0.0,0.0,0.00154492659273
28.6,0.0,0.0,0.00151678651887
28.65,0.0,0.0,0.00148954107389
28.7,0.0,0.0,0.00154081932227
28.75,0.0,0.0,0.00157290591625
28.8,0.0,0.0,0.00159049485457
28.85,0.0,0.0,0.00159720189116
28.9,0.0,0.0,0.00159579941328
28.95,0.0,0.0,0.00158840999421
29.0,0.0,0.0,0.00157665474464
29.05,0.0,0.0,0.00156176676292
29.1,0.0,0.0,0.00154467373848
29.15,0.0,0.0,0.0015973018425
29.2,0.0,0.0,0.00163041061237
29.25,0.0,0.0,0.00164877509114
29.3,0.0,0.0,0.00165608018202
29.35,0.0,0.0,0.00165515290995
29.4,0.0,0.0,0.00164815311978
29.45,0.0,0.0,0.00163672909512
29.5,0.0,0.0,0.00162213577842
29.55,0.0,0.0,0.00160532455471
29.6,0.0,0.0,0.00158885650103
29.65,0.0,0.0,0.00158859801353
29.7,0.0,0.0,0.00158068927007
29.75,0.0,0.0,0.00157084829243
29.8,0.0,0.0,0.00157714192828
29.85,0.0,0.0,0.00157660530564
29.9,0.0,0.0,0.00157102368423
29.95,0.0,0.0,0.00162418251879
30.0,0.0,0.0,0.00167630817028
30.05,0.0,0.0,0.00170950523691
30.1,0.0,0.0,0.00172797028588
30.15,0.0,0.0,0.00173355475535
30.2,0.0,0.0,0.00173136354953
30.25,0.0,0.0,0.00172346927467
30.3,0.0,0.0,0.00171145145751
30.35,0.0,0.0,0.00169650855808
30.4,0.0,0.0,0.00167954676749
30.45,0.0,0.0,0.00171561695796
30.5,0.0,0.0,0.00173622012737
30.55,0.0,0.0,0.00174523346403
30.6,0.0,0.0,0.00174553113366
30.65,0.0,0.0,0.00173749776478
30.7,0.0,0.0,0.00172500973268
30.75,0.0,0.0,0.00171047876061
30.8,0.0,0.0,0.00171131151425
30.85,0.0,0.0,0.0017054931673
30.9,0.0,0.0,0.00169449932142
30.95,0.0,0.0,0.00167818334902
31.0,0.0,0.0,0.00165782157328
31.05,0.0,0.0,0.00163615292105
31.1,0.0,0.0,0.0016137403849
31.15,0.0,0.0,0.00159100414027
31.2,0.0,0.0,0.00156824775318
31.25,0.0,0.0,0.00154569157343
31.3,0.0,0.0,0.00152349605062
31.35,0.0,0.0,0.00150177045387
31.4,0.0,0.0,0.00148026617156
31.45,0.0,0.0,0.00145772616233
31.5,0.0,0.0,0.00143595688541
31.55,0.0,0.0,0.00141494812236
31.6,0.0,0.0,0.00139556526681
31.65,0.0,0.0,0.00139747813862
31.7,0.0,0.0,0.00139604673204
31.75,0.0,0.0,0.00139833103609
31.8,0.0,0.0,0.00143655648194
31.85,0.0,0.0,0.00146050178282
31.9,0.0,0.0,0.00147366643157
31.95,0.0,0.0,0.00147876284205
32.0,0.0,0.0,0.00147787436107
32.05,0.0,0.0,0.00147259642099
32.1,0.0,0.0,0.00146414699969
32.15,0.0,0.0,0.0014534525489
32.2,0.0,0.0,0.00144121320165
32.25,0.0,0.0,0.00142795552505
32.3,0.0,0.0,0.00141407814959
32.35,0.0,0.0,0.00139987349782
32.4,0.0,0.0,0.00138556025397
32.45,0.0,0.0,0.00137130155227
32.5,0.0,0.0,0.00135721222609
32.55,0.0,0.0,0.001343373913
32.6,0.0,0.0,0.00132971212315
32.65,0.0,0.0,0.00131496506094
32.7,0.0,0.0,0.00130063162718
32.75,0.0,0.0,0.00128504372538
32.8,0.0,0.0,0.00126951042483
32.85,0.0,0.0,0.00126875106574
32.9,0.0,0.0,0.00126489484861
32.95,0.0,0.0,0.00125878335045
33.0,0.0,0.0,0.00125105519569
33.05,0.0,0.0,0.00124219551638
33.1,0.0,0.0,0.00123257247434
33.15,0.0,0.0,0.00122246504518
33.2,0.0,0.0,0.00121300088272
33.25,0.0,0.0,0.00121608872411
33.3,0.0,0.0,0.00121589234802
33.35,0.0,0.0,0.0012132576423
33.4,0.0,0.0,0.00120883510074
33.45,0.0,0.0,0.00120312384514
33.5,0.0,0.0,0.00119746272632
33.55,0.0,0.0,0.00120231106745
33.6,0.0,0.0,0.00120387176852
33.65,0.0,0.0,0.00120297792985
33.7,0.0,0.0,0.00120026787631
33.75,0.0,0.0,0.00119623153355
33.8,0.0,0.0,0.00119114517148
33.85,0.0,0.0,0.00118403701079
33.9,0.0,0.0,0.00117654446389
33.95,0.0,0.0,0.00116882497005
34.0,0.0,0.0,0.00116099574558
34.05,0.0,0.0,0.00115314302488
34.1,0.0,0.0,0.00114594933192
34.15,0.0,0.0,0.0011580748978
34.2,0.0,0.0,0.00116535012555
34.25,0.0,0.0,0.00116959893502
34.3,0.0,0.0,0.00119191098057
34.35,0.0,0.0,0.0012068970796
34.4,0.0,0.0,0.00121629804655
34.45,0.0,0.0,0.00122146671641
34.5,0.0,0.0,0.00122336898394
34.55,0.0,0.0,0.00122155668453
34.6,0.0,0.0,0.00121804666245
34.65,0.0,0.0,0.00121330794159
34.7,0.0,0.0,0.00120769643747
34.75,0.0,0.0,0.0012024030574
34.8,0.0,0.0,0.00120752731718
34.85,0.0,0.0,0.0012096067978
34.9,0.0,0.0,0.00120940637638
34.95,0.0,0.0,0.00120751565594
35.0,0.0,0.0,0.0012043860782
35.05,0.0,0.0,0.00120036348891
35.1,0.0,0.0,0.00119557396148
35.15,0.0,0.0,0.00118906700879
35.2,0.0,0.0,0.00118235504138
35.25,0.0,0.0,0.00117539841509
35.3,0.0,0.0,0.00116582076125
35.35,0.0,0.0,0.00115640112933
35.4,0.0,0.0,0.00114716822867
35.45,0.0,0.0,0.0011381424205
35.5,0.0,0.0,0.00112933576924
35.55,0.0,0.0,0.0011207552109
35.6,0.0,0.0,0.0011124016537
35.65,0.0,0.0,0.00110522840256
35.7,0.0,0.0,0.00110763148118
35.75,0.0,0.0,0.00110780138603
35.8,0.0,0.0,0.00110505987084
35.85,0.0,0.0,0.00110117478575
35.9,0.0,0.0,0.0010964601083
35.95,0.0,0.0,0.00109115623433
36.0,0.0,0.0,0.0010854457551
36.05,0.0,0.0,0.00108095140921
36.1,0.0,0.0,0.00110609789319
36.15,0.0,0.0,0.00112366773167
36.2,0.0,0.0,0.00113613978942
36.25,0.0,0.0,0.00116089361669
36.3,0.0,0.0,0.00118362514946
36.35,0.0,0.0,0.00119932765213
36.4,0.0,0.0,0.00120965778591
36.45,0.0,0.0,0.00121590273288
36.5,0.0,0.0,0.00121905926121
36.55,0.0,0.0,0.00121989641162
36.6,0.0,0.0,0.00121900441452
36.65,0.0,0.0,0.00121677043106
36.7,0.0,0.0,0.00121231936929
36.75,0.0,0.0,0.00120773218106
36.8,0.0,0.0,0.00122419681613
36.85,0.0,0.0,0.00123487889985
36.9,0.0,0.0,0.00124117116548
36.95,0.0,0.0,0.00124415126224
37.0,0.0,0.0,0.00124465016068
37.05,0.0,0.0,0.00124309595849
37.1,0.0,0.0,0.00123767510128
37.15,0.0,0.0,0.00123142021665
37.2,0.0,0.0,0.00122540229146
37.25,0.0,0.0,0.00122721869153
37.3,0.0,0.0,0.00122515098273
37.35,0.0,0.0,0.00122120665666
37.4,0.0,0.0,0.00121590553245
37.45,0.0,0.0,0.0012096437105
37.5,0.0,0.0,0.00120272198028
37.55,0.0,0.0,0.00119536867722
37.6,0.0,0.0,0.00118775679627
37.65,0.0,0.0,0.00118001277765
37.7,0.0,0.0,0.0011722321446
37.75,0.0,0.0,0.00116433329642
37.8,-1.63764484508e-14,-2.76367207565e-15,0.00115529949768
37.85,-0.00605653472617,-6.40097418447e-05,0.0011464575977
37.9,-0.0117193116852,-0.000128688883842,0.00116807103123
37.95,-0.0169877713365,-0.000194663934818,0.00121643269545
38.0,-0.0218708479931,-0.000262687111227,0.00128893099708
38.05,-0.0263776214134,-0.000333833021646,0.00139773431775
38.1,-0.0305220316104,-0.000408123332793,0.00152215060705
38.15,-0.0343194522226,-0.000486671445443,0.00166001091366
38.2,-0.0377854049018,-0.000569813164368,0.00180906502603
38.25,-0.0409386520646,-0.000657814240382,0.0019651772277
38.3,-0.0437950356407,-0.000751574675631,0.00212835130144
38.35,-0.0463745626734,-0.000850852334022,0.00229681942595
38.4,-0.0486932499421,-0.000956472324319,0.00246900876429
38.45,-0.050770250327,-0.0010686405624,0.00264350789326
38.5,-0.052621667498,-0.00118722631711,0.0028190795736
38.55,-0.0542646346809,-0.00131306894718,0.00299463593934
38.6,-0.0557148081416,-0.00144568132453,0.00317189058969
38.65,-0.0569873847992,-0.00158558131553,0.00337700307223
38.7,-0.0580995936686,-0.00173271177282,0.0035786493704
38.75,-0.0590643306233,-0.00188649654184,0.00380259226196
38.8,-0.0583814081974,-0.00194869699015,0.00401787162517
38.85,-0.0571868251845,-0.00200851402526,0.00428223177429
38.9,-0.0560548681372,-0.00206523872914,0.0045163293083
38.95,-0.0549801952209,-0.00211899275963,0.00472360918164
39.0,-0.0539580539133,-0.00216985988656,0.00490684207191
39.05,-0.0529841824028,-0.00221794453711,0.00506378761321
39.1,-0.0520543911353,-0.00226345128143,0.00520241677069
39.15,-0.0511653189351,-0.00230649877518,0.00532493845453
39.2,-0.0503139755251,-0.00234716554874,0.00543325885561
39.25,-0.0494976619541,-0.00238555796323,0.00552903166907
39.3,-0.0487139435963,-0.00242180595749,0.00561367196686
39.35,-0.0479606237064,-0.00245601483341,0.00568837554214
39.4,-0.0472356879914,-0.00248819434732,0.00575418903407
39.45,-0.0465373094004,-0.00251857031579,0.00581201202808
39.5,-0.0458638215036,-0.00254709821467,0.00586710185974
39.55,-0.0452140092915,-0.00257387402109,0.00597195537776
39.6,-0.044590410172,-0.00259849586561,0.00606230028735
39.65,-0.0439909111662,-0.00262107216956,0.006184584295
39.7,-0.0434167115986,-0.00264133891954,0.00632596920993
39.75,-0.0428680396353,-0.00265914488003,0.00649781574713
39.8,-0.0423458557897,-0.00267431324894,0.00662916541854
39.85,-0.0418465082506,-0.0026871972771,0.00672636227833
39.9,-0.0413665509563,-0.0026981462279,0.00686684523455
39.95,-0.0409080086244,-0.00270686887863,0.0069705325799
40.0,-0.0404675756091,-0.0027136960451,0.00704521214884
40.05,-0.0400426341159,-0.00271892513917,0.00710038931243
40.1,-0.0396313115424,-0.00272283863661,0.00723593783918
40.15,-0.0392381064021,-0.00272469627765,0.00733225883511
40.2,-0.0388598052607,-0.00272489420681,0.00739796472386
40.25,-0.0384939030688,-0.00272376331315,0.00743983258962
40.3,-0.0381384453249,-0.0027215602234,0.00746315164603
40.35,-0.0377919027326,-0.00271849091092,0.00747206170698
40.4,-0.0374530753621,-0.00271470765178,0.00746977301885
40.45,-0.0371210170169,-0.00271038321975,0.00745878837625
40.5,-0.0367949765696,-0.00270557049496,0.0074406153423
40.55,-0.0364743313735,-0.00270034590903,0.00741016570804
40.6,-0.0361581979344,-0.0026948337092,0.00737565247052
40.65,-0.0358462076243,-0.00268908031054,0.00733100303774
40.7,-0.0355376679421,-0.00268324187584,0.00727704878395
40.75,-0.0352319683414,-0.00267738413997,0.00721521211276
40.8,-0.0349286118518,-0.0026715588928,0.00715319089843
40.85,-0.034627722995,-0.00266577212411,0.00709072731983
40.9,-0.0343290632125,-0.00266004048813,0.0070215581617
40.95,-0.0340322366799,-0.00265448987385,0.00695311281616
41.0,-0.033737266428,-0.00264904735179,0.00689096239161
41.05,-0.0334444685306,-0.00264365861542,0.00686766493728
41.1,-0.03315584732,-0.0026379714958,0.00682814182758
41.15,-0.0328704365022,-0.00263216933235,0.00678200980695
41.2,-0.0325878147216,-0.00262634696819,0.00673105780236
41.25,-0.0323076750409,-0.00262050036539,0.00667665960019
41.3,-0.0320297954645,-0.00261466543582,0.00661984621604
41.35,-0.0317540169314,-0.00260886833534,0.00656141885279
41.4,-0.0314802281346,-0.0026031929846,0.0065019822045
41.45,-0.0312083515952,-0.00259759850933,0.00644198650976
41.5,-0.0309383375279,-0.00259208069733,0.00638620613518
41.55,-0.0306703679682,-0.00258660461499,0.00639320493256
41.6,-0.0304074111868,-0.00258062096014,0.00638412193484
41.65,-0.030148540898,-0.00257433937166,0.00636783923965
41.7,-0.0298932962392,-0.00256776712552,0.00639095811404
41.75,-0.0296434009658,-0.00256055593963,0.00639454789171
41.8,-0.0293977747412,-0.00255294639306,0.00638333871285
41.85,-0.0291557531015,-0.00254508733122,0.00636098954214
41.9,-0.0289165852662,-0.00253703190654,0.00633032190385
41.95,-0.0286798266612,-0.00252890459255,0.0062934904849
42.0,-0.0284451494082,-0.00252078327654,0.00625188120085
42.05,-0.0282123050476,-0.00251264666942,0.00620043117001
42.1,-0.0279808376166,-0.00250463759304,0.00614703697798
42.15,-0.0277506532198,-0.00249678715396,0.0060924074195
42.2,-0.027521694858,-0.00248904463189,0.00603707674172
42.25,-0.0272939305587,-0.00248145676635,0.00598145129707
42.3,-0.0270673457396,-0.00247405956986,0.00593070177596
42.35,-0.0268421423725,-0.00246674149962,0.00592317557342
42.4,-0.026620085759,-0.00245913709181,0.00590470196379
42.45,-0.0264006422483,-0.00245143470305,0.00587802789593
42.5,-0.0261834170776,-0.00244361407084,0.00584483471749
42.55,-0.0259681024479,-0.0024357438411,0.00580084322607
42.6,-0.0257542359806,-0.0024280193324,0.00575397461453
42.65,-0.0255416904192,-0.00242036256495,0.00570861436226
42.7,-0.0253305150447,-0.00241276286678,0.00572210095038
42.75,-0.0251229602025,-0.00240482377586,0.00571781474109
42.8,-0.0249182372067,-0.00239659808047,0.00570452398378
42.85,-0.0247160543671,-0.0023881842064,0.00573210616541
42.9,-0.0245177507029,-0.00237932728499,0.00573892203108
42.95,-0.0243224345801,-0.00237010560176,0.00573007642079
43.0,-0.0241294467818,-0.0023607442233,0.00570950449299
43.05,-0.0239383027179,-0.00235131608282,0.00568024557039
43.1,-0.0237486538366,-0.00234187577447,0.00564460116809
43.15,-0.0235602493296,-0.00233255915896,0.00560433558641
43.2,-0.0233729147262,-0.00232329843188,0.00556080259811
43.25,-0.0231865314896,-0.00231423095832,0.00551502481213
43.3,-0.0230010208417,-0.00230529660904,0.00546748269369
43.35,-0.0228163269279,-0.00229652256758,0.00541307451308
43.4,-0.0226322216358,-0.0022880268678,0.00535853485131
43.45,-0.0224487166884,-0.00227971328094,0.00530416105332
43.5,-0.0222658331151,-0.00227165650414,0.00525017399128
43.55,-0.0220835970889,-0.0022638217853,0.00519674818325
43.6,-0.0219020410829,-0.00225616169081,0.00514398481846
43.65,-0.021721198855,-0.00224875437423,0.00509150783167
43.7,-0.0215410892614,-0.0022415405125,0.00503405278813
43.75,-0.0213615643572,-0.00223453626221,0.00497773622981
43.8,-0.0211826763817,-0.00222779412484,0.00492219189695
43.85,-0.021004567646,-0.00222128197011,0.00486200535877
43.9,-0.0208269998043,-0.00221500227997,0.0048031765702
43.95,-0.0206500327279,-0.00220895203757,0.0047456432794
44.0,-0.0204737210299,-0.0022031893315,0.00469245832593
44.05,-0.0202982093961,-0.00219760115991,0.00470860177433
44.1,-0.0201255761652,-0.00219162327575,0.00470835198638
44.15,-0.0199552562752,-0.00218541616713,0.00469575142002
44.2,-0.0197868303179,-0.00217913341207,0.00467392693174
44.25,-0.0196199909741,-0.00217278532301,0.00464526360553
44.3,-0.0194545143784,-0.00216642990519,0.00461159135415
44.35,-0.0192902396722,-0.00216017619638,0.00457432257956
44.4,-0.0191270527673,-0.00215401252961,0.00453451853713
44.45,-0.0189648759996,-0.00214793678109,0.00449605636223
44.5,-0.0188037424448,-0.00214195028391,0.00452136695999
44.55,-0.0186453952651,-0.0021356108034,0.0045292981902
44.6,-0.018489283609,-0.00212898682663,0.00452408891499
44.65,-0.0183349976342,-0.00212218690664,0.00450901294543
44.7,-0.0181822347169,-0.00211537573481,0.00448659640914
44.75,-0.0180307726211,-0.00210854960189,0.00445876354299
44.8,-0.0178804515566,-0.00210173638735,0.0044269880248
44.85,-0.0177312457786,-0.00209503640971,0.00439508518377
44.9,-0.0175830528273,-0.00208842085249,0.00443185302546
44.95,-0.0174376106659,-0.00208131655965,0.00444902170624
45.0,-0.0172943461171,-0.00207394752031,0.00445088046398
45.05,-0.0171528200958,-0.00206641690845,0.00443633799686
45.1,-0.0170125892299,-0.00205881294035,0.0044213631813
45.15,-0.0168736219038,-0.00205123646877,0.00447843615792
45.2,-0.0167376405312,-0.00204305575784,0.00451061666079
45.25,-0.0166039567243,-0.00203449006203,0.00452390881806
45.3,-0.0164720572612,-0.00202574119235,0.0045229480344
45.35,-0.0163415639712,-0.00201683471582,0.00451528053911
45.4,-0.0162122918577,-0.00200795487005,0.00453405320505
45.45,-0.0160848288796,-0.00199877084477,0.00459084322097
45.5,-0.0159599959428,-0.00198911459393,0.00461787643954
45.55,-0.0158370393464,-0.0019791281508,0.00462646554453
45.6,-0.0157154974734,-0.00196905298528,0.00462120054056
45.65,-0.0155950312026,-0.00195889802105,0.00460561602773
45.7,-0.0154753973245,-0.00194885281027,0.00458241794551
45.75,-0.015356421476,-0.00193885397287,0.00455367716654
45.8,-0.0152379842684,-0.00192907260481,0.00452096545842
45.85,-0.0151200794254,-0.00191939936015,0.00448502190129
45.9,-0.0150025695367,-0.00190999596165,0.00444441968451
45.95,-0.0148853657857,-0.00190075616089,0.00447709319999
46.0,-0.0147699996405,-0.00189127573164,0.00448961287212
46.05,-0.0146560073789,-0.00188158228037,0.00448700874752
46.1,-0.0145430518484,-0.00187192044018,0.0044726310651
46.15,-0.0144308779986,-0.00186224432877,0.00444074731081
46.2,-0.0143191302344,-0.00185281518391,0.0044033772261
46.25,-0.0142077076698,-0.00184353351986,0.00436219557565
46.3,-0.014096546655,-0.0018345581617,0.00431846834109
46.35,-0.0139856119147,-0.00182577172032,0.00427294892762
46.4,-0.0138748845348,-0.00181731167238,0.00422176040784
46.45,-0.0137642720652,-0.00180910393511,0.0041660916822
46.5,-0.0136537105875,-0.00180125246151,0.00411097530674
46.55,-0.0135432323537,-0.00179370280877,0.00405665074892
46.6,-0.0134328738593,-0.0017864414106,0.00400327523869
46.65,-0.0133226722198,-0.00177951236005,0.0039509674115
46.7,-0.0132126657761,-0.00177282742027,0.00389978597508
46.75,-0.0131028922204,-0.00176642896582,0.0038497687066
46.8,-0.0129933878131,-0.00176030123913,0.0038009316169
46.85,-0.0128842526224,-0.00175439114079,0.00375327585226
46.9,-0.0127754548531,-0.00174872773476,0.00370631421154
46.95,-0.0126670181409,-0.00174331267835,0.00365639564753
47.0,-0.0125589028289,-0.00173812021849,0.0036078658397
47.05,-0.0124511452563,-0.00173314094612,0.00356066155819
47.1,-0.0123437790816,-0.00172842568089,0.00351471650103
47.15,-0.0122368349259,-0.00172391123233,0.00346998150801
47.2,-0.0121303418349,-0.00171958112081,0.0034263939814
47.25,-0.0120243262976,-0.00171542762343,0.00338390276559
47.3,-0.011918812742,-0.00171147378147,0.00334245955812
47.35,-0.0118138233996,-0.00170770454206,0.00330202131521
47.4,-0.0117093791272,-0.00170408823877,0.0032625496847
47.45,-0.0116054990674,-0.00170061847841,0.00322400420506
47.5,-0.0115022007845,-0.00169728914706,0.00318634121626
47.55,-0.0113995002823,-0.00169409592621,0.0031495255342
47.6,-0.011297412072,-0.0016910709242,0.00311351812025
47.65,-0.0111959494473,-0.00168816772719,0.00307829316226
47.7,-0.0110951245925,-0.00168538132042,0.00304381260359
47.75,-0.0109949484495,-0.00168270695773,0.00301004717268
47.8,-0.0108954309023,-0.00168014010351,0.00297696912573
47.85,-0.0107966348021,-0.00167767642321,0.00294455413227
47.9,-0.0106985129969,-0.00167531283877,0.00291278186541
47.95,-0.0106010727003,-0.00167305726353,0.00288162895029
48.0,-0.0105043202042,-0.00167091088467,0.00285106851797
48.05,-0.0104082611185,-0.00166885072725,0.00282108032789
48.1,-0.0103129003306,-0.00166687336362,0.00279163987903
48.15,-0.0102182420011,-0.00166497554374,0.00276273405463
48.2,-0.0101242897525,-0.00166315411929,0.00273433816193
48.25,-0.0100310465337,-0.00166140612057,0.00270643480426
48.3,-0.00993851474886,-0.00165972870736,0.00267900742802
48.35,-0.00984669629287,-0.00165811916297,0.00265204205468
48.4,-0.00975559260765,-0.00165657487673,0.00262552765985
48.45,-0.00966520474084,-0.00165509332401,0.00259945025411
48.5,-0.00957553332372,-0.00165367208572,0.00257379214393
48.55,-0.00948657854162,-0.00165230887251,0.00254854139667
48.6,-0.00939834022825,-0.00165100148569,0.00252368183443
48.65,-0.00931081782737,-0.00164975070841,0.00249920721635
48.7,-0.00922401050192,-0.00164855946254,0.00247510056975
48.75,-0.00913791708912,-0.00164741723263,0.00245135113934
48.8,-0.0090525361428,-0.00164632222214,0.00242794865886
48.85,-0.00896791077693,-0.00164527271013,0.00240488492856
48.9,-0.00888399325816,-0.00164426709602,0.00238215433275
48.95,-0.00880078150182,-0.00164330376291,0.00235974817774
49.0,-0.00871827321504,-0.00164238115818,0.00233765418229
49.05,-0.00863646586427,-0.00164149781654,0.00231586507599
49.1,-0.00855535674571,-0.00164065232645,0.00229436953398
49.15,-0.00847494294652,-0.00163984335637,0.00227316507133
49.2,-0.00839522145684,-0.00163906959611,0.00225223923584
49.25,-0.00831618906083,-0.00163832982209,0.0022315851092
49.3,-0.00823784240981,-0.00163762286032,0.00221119605295
49.35,-0.0081601780321,-0.00163694758415,0.00219106716431
49.4,-0.00808319235873,-0.00163630290251,0.00217119562429
49.45,-0.00800688175127,-0.00163569249091,0.00215157583315
49.5,-0.00793124246502,-0.00163511123523,0.00213219880926
49.55,-0.00785627063749,-0.00163455751404,0.00211306000289
49.6,-0.00778196233484,-0.00163403039153,0.0020941510534
49.65,-0.00770831351446,-0.00163352898862,0.00207547155847
49.7,-0.00763532011449,-0.00163305243026,0.00205701192631
49.75,-0.00756297796004,-0.00163259990568,0.00203876751536
49.8,-0.00749128282074,-0.00163217063534,0.00202073385227
49.85,-0.00742026749916,-0.00163176386959,0.00200290796766
49.9,-0.00734988978526,-0.00163137892704,0.00198528882684
49.95,-0.00728014537224,-0.00163101508324,0.00196787267329
50.0,-0.00721102991756,-0.00163067163855,0.00195065257404
50.05,-0.00714253901465,-0.00163034793871,0.00193362559053
50.1,-0.00707466823607,-0.00163004334829,0.00191678523751
50.15,-0.00700741310153,-0.0016297572737,0.00190013225043
50.2,-0.00694076915062,-0.00162948911563,0.00188365890327
50.25,-0.00687473186282,-0.00162923832441,0.00186736194192
50.3,-0.00680929670379,-0.00162900437037,0.00185123821673
50.35,-0.00674445912828,-0.00162878674291,0.00183528590914
50.4,-0.00668021459406,-0.00162858494172,0.00181950483611
50.45,-0.00661655857792,-0.00162839846604,0.00180389238501
50.5,-0.00655348655386,-0.00162822683059,0.00178844299066
50.55,-0.00649099396819,-0.00162806958467,0.00177315470692
50.6,-0.00642907627437,-0.00162792628827,0.00175802229976
50.65,-0.0063677289051,-0.00162779653338,0.00174304711961
50.7,-0.00630694733203,-0.00162767990083,0.00172822272819
50.75,-0.00624672699629,-0.00162758217593,0.00171354675489
50.8,-0.00618706332981,-0.00162749805749,0.00169901692127
50.85,-0.0114753527785,-0.00172321165335,0.00168463210193
50.9,-0.0164061452367,-0.00182699647404,0.00168319273804
50.95,-0.0209795444431,-0.0019389742284,0.00169323542375
51.0,-0.0252037686458,-0.00205960979915,0.00171337590658
51.05,-0.0290869520188,-0.00218996123538,0.00174232848485
51.1,-0.0326408328634,-0.00232956519884,0.00177889669069
51.15,-0.035878775703,-0.00247966910632,0.00182197986981
51.2,-0.0388142932671,-0.00264032110854,0.00187056180181
51.25,-0.0414638074345,-0.00281167771854,0.00192371476272
51.3,-0.0438413192195,-0.0029945852503,0.00198059979584
51.35,-0.0459644892473,-0.00318843105347,0.00204045463646
51.4,-0.0478475530166,-0.00339408991979,0.00210259648744
51.45,-0.0495075578201,-0.00361156529796,0.00216640906626
51.5,-0.050958940981,-0.00384041634125,0.00223134135484
51.55,-0.0522170755598,-0.00408158844745,0.0022969090036
51.6,-0.0532961500812,-0.00433395797994,0.00236267560282
51.65,-0.054209733347,-0.00459825670559,0.0024282714388
51.7,-0.054971298945,-0.00487415381724,0.00249335709799
51.75,-0.0555925878547,-0.00516082686348,0.00255765189703
51.8,-0.0547746207303,-0.0053183856306,0.00262090296366
51.85,-0.0535121368277,-0.00547233856795,0.00268008941685
51.9,-0.0523001185676,-0.0056216603264,0.00273450868096
51.95,-0.0511358943321,-0.00576637542462,0.00278444405104
52.0,-0.0500170348099,-0.00590634067934,0.00283014773143
52.05,-0.0489412165741,-0.00604156545994,0.00287186596319
52.1,-0.0479062544177,-0.00617204480278,0.00290982471417
52.15,-0.04691009217,-0.00629790316988,0.00294424669127
52.2,-0.0459508254144,-0.00641913926593,0.00297532526449
52.25,-0.0450265951085,-0.00653573242195,0.0030032556221
52.3,-0.0441357132489,-0.00664790537899,0.00302821435361
52.35,-0.0432765263913,-0.00675568174526,0.00305037667408
52.4,-0.0424475327237,-0.00685911252051,0.00306990404754
52.45,-0.0416472870809,-0.00695834394606,0.00308694800799
52.5,-0.0408744242761,-0.00705351062948,0.00310164626218
52.55,-0.0401276538657,-0.00714472161809,0.00311413439699
52.6,-0.0394057563554,-0.0072320823509,0.0031245344902
52.65,-0.0387075783893,-0.00731568803503,0.00313297295924
52.7,-0.0380320296949,-0.00739562444744,0.00313955557261
52.75,-0.0373780782802,-0.00747220276537,0.00314438879698
52.8,-0.0367447615375,-0.00754534394423,0.00314757160675
52.85,-0.0361313153918,-0.00761524876682,0.00314920334186
52.9,-0.0355366880629,-0.00768203036794,0.00314937744693
52.95,-0.0349600306936,-0.00774584369468,0.00314818163504
53.0,-0.034400567983,-0.00780667740977,0.00314569025236
53.05,-0.033857550206,-0.00786484485466,0.00314198103172
53.1,-0.0333302503787,-0.00792034398299,0.00313712340209
53.15,-0.0328180052119,-0.00797325866497,0.00313119133669
53.2,-0.0323201722615,-0.00802371401737,0.00312424270831
53.25,-0.0318361403088,-0.00807182623307,0.00311633905564
53.3,-0.0313653282065,-0.00811770313424,0.00310753871312
53.35,-0.0309071833112,-0.00816145460538,0.00309789905666
53.4,-0.0304611800158,-0.00820316819936,0.00308747726628
53.45,-0.030026818738,-0.00824292593188,0.00307632359967
53.5,-0.029603624297,-0.00828080794589,0.00306448050867
53.55,-0.0291911442819,-0.00831688886033,0.00305199394987
53.6,-0.028788948292,-0.00835123808505,0.00303890174926
53.65,-0.0283966264633,-0.00838392032826,0.00302525070925
53.7,-0.0280137891535,-0.00841504490159,0.00301107196819
53.75,-0.0276400707071,-0.00844475158314,0.00299640087022
53.8,-0.0272751093462,-0.00847297841059,0.00298127244389
53.85,-0.0269187031513,-0.00849977330926,0.0029657209603
53.9,-0.0265703922155,-0.00852539325841,0.00294978169089
53.95,-0.0262298747863,-0.00854970684559,0.00293348377458
54.0,-0.0258968554407,-0.00857280325822,0.00291685078171
54.05,-0.0255710618147,-0.00859486343524,0.00289990943569
54.1,-0.0252522237658,-0.00861571433453,0.00288268080893
54.15,-0.0249400909328,-0.0086356698186,0.00286519442216
54.2,-0.0246344258846,-0.00865451041659,0.0028474656046
54.25,-0.0243349971263,-0.00867251773709,0.00282951555296
54.3,-0.0240415887876,-0.00868949947406,0.00281136377516
54.35,-0.023753990627,-0.00870575075845,0.00279303109678
54.4,-0.0234720061842,-0.00872104707832,0.00277453924464
54.45,-0.0231954478221,-0.00873566798143,0.00275590525205
54.5,-0.0229241311763,-0.00874946474587,0.0027371412046
54.55,-0.0226578878485,-0.00876253218622,0.00271826277362
54.6,-0.0223965511365,-0.00877496687454,0.00269928035698
54.65,-0.0221399662035,-0.00878665310394,0.00268021299938
54.7,-0.0218879844678,-0.00879776528333,0.00266106710014
54.75,-0.0216404600978,-0.00880827486845,0.00264185485929
54.8,-0.0213972587854,-0.0088181343167,0.00262258722529
54.85,-0.0211583564742,-0.00882748446684,0.0026032764399
54.9,-0.0209235169766,-0.00883633550153,0.00258393681834
54.95,-0.0206926231674,-0.00884461859209,0.00256457798101
55.0,-0.0204655620614,-0.00885236189998,0.00254520480589
55.05,-0.0202422237628,-0.00885974689282,0.00252582683898
55.1,-0.0200225047829,-0.00886663199356,0.00250644816048
55.15,-0.0198063058105,-0.00887303950478,0.00248708164998
55.2,-0.0195935319642,-0.00887899031692,0.0024677285895
55.25,-0.0193840920437,-0.00888461701591,0.00244839550963
55.3,-0.0191778963847,-0.00888983999702,0.00242908881488
55.35,-0.0189748623224,-0.00889465652862,0.00240981577154
55.4,-0.0187749095595,-0.00889908324105,0.0023905854697
55.45,-0.0185779611786,-0.00890313573942,0.00237140339675
55.5,-0.0183839433253,-0.00890691644022,0.00235227073517
55.55,-0.0181927832179,-0.00891037787056,0.00233319318344
55.6,-0.0180044133021,-0.00891350211177,0.0023141714609
55.65,-0.0178187678043,-0.00891630169165,0.00229521464457
55.7,-0.0176357836598,-0.00891878834272,0.00227632125448
55.75,-0.0174553999364,-0.00892097321324,0.00225749479743
55.8,-0.0172775579519,-0.0089228668209,0.00223873856129
55.85,-0.0171022863051,-0.00892454987934,0.00222005715413
55.9,-0.0169294420718,-0.0089259586178,0.00220145696538
55.95,-0.0167589732869,-0.00892710053486,0.00218294099567
56.0,-0.0165908295475,-0.00892798398248,0.00216450842328
56.05,-0.016424962049,-0.00892861689944,0.00214616251001
56.1,-0.0162613236804,-0.00892900676906,0.00212790229147
56.15,-0.016099868781,-0.00892916070982,0.00210973450705
56.2,-0.0159405533808,-0.00892908537351,0.00209165627676
56.25,-0.0157833347496,-0.00892878711973,0.00207366938666
56.3,-0.015628171525,-0.00892827195945,0.00205577549838
56.35,-0.0154750236482,-0.00892754697172,0.00203797752316
56.4,-0.0153238523438,-0.00892664474142,0.00202027998352
56.45,-0.0151746197149,-0.00892555601268,0.00200268457031
56.5,-0.015027289579,-0.00892426820478,0.00198518943262
56.55,-0.0148818265945,-0.00892278589197,0.00196779653682
56.6,-0.0147381964761,-0.00892111338812,0.00195050402917
56.65,-0.0145963658117,-0.00891925482026,0.00193331716903
56.7,-0.0144563022823,-0.00891721402681,0.0019162324487
56.75,-0.0143179743038,-0.00891499470896,0.00189925068303
56.8,-0.0141813511518,-0.00891260037171,0.00188237261624
56.85,-0.0140464731211,-0.00891003433515,0.00186560017748
56.9,-0.0139132390566,-0.00890729994774,0.00184893686361
56.95,-0.0137816207882,-0.00890440011919,0.00183238351119
57.0,-0.0136515908672,-0.00890134271403,0.00181593781316
57.05,-0.0135231224,-0.00889813423401,0.00179960097951
57.1,-0.0133961891544,-0.00889476826242,0.00178337076048
57.15,-0.0132707655046,-0.00889124721393,0.00176725143161
57.2,-0.0131468265637,-0.00888757331941,0.00175123928147
57.25,-0.013024347896,-0.00888374875951,0.00173533457599
57.3,-0.0129033056309,-0.00887977560712,0.00171953754091
57.35,-0.0127836764409,-0.00887565583397,0.001703849507
57.4,-0.0126654375571,-0.00887139129869,0.00168827320605
57.45,-0.0125485667926,-0.00886698372993,0.00167280901473
57.5,-0.0124330424485,-0.00886243476899,0.0016574544592
57.55,-0.012318843211,-0.00885775374459,0.00164221029038
57.6,-0.0122059480134,-0.00885295640485,0.00162707414303
57.65,-0.0120943364181,-0.00884802448417,0.0016120495962
57.7,-0.0119839884688,-0.00884295932966,0.00159713296365
57.75,-0.0118748845066,-0.00883776228715,0.00158232420131
57.8,-0.0117670052693,-0.00883243464713,0.00156762324153
57.85,-0.0116603901524,-0.00882697764863,0.00155303103609
57.9,-0.0115549609637,-0.00882140461377,0.0015385498638
57.95,-0.0114506996253,-0.00881570791847,0.00152417983385
58.0,-0.0113475884633,-0.0088098853948,0.0015099184627
58.05,-0.0112456100926,-0.0088039380858,0.00149576621229
58.1,-0.0111447474747,-0.00879786698952,0.00148172069144
58.15,-0.0110449838311,-0.00879167310705,0.00146778495903
58.2,-0.0109463027851,-0.00878535735746,0.00145395546139
58.25,-0.0108486881732,-0.00877893442814,0.00144023196848
58.3,-0.0107521237585,-0.00877243472148,0.00142661427969
58.35,-0.0106565940454,-0.00876581785402,0.00141310307518
58.4,-0.0105620837722,-0.00875908467155,0.00139970022117
58.45,-0.0104685780093,-0.00875223596736,0.00138640564562
58.5,-0.0103760621008,-0.00874527335167,0.00137321692891
58.55,-0.010284521596,-0.0087382097494,0.00136013433769
58.6,-0.0101939422578,-0.00873103299047,0.00134715555584
58.65,-0.0101043101206,-0.00872374386329,0.00133428321835
58.7,-0.0100156115424,-0.00871634309755,0.00132151395275
58.75,-0.00992783304972,-0.00870889568439,0.0013088474115
58.8,-0.00984096074861,-0.00870134780911,0.00129628331581
58.85,-0.00975503071924,-0.00869369236769,0.00128382212111
58.9,-0.00966998034393,-0.008685930237,0.00127146542009
58.95,-0.00958579718497,-0.00867806209647,0.0012592130181
59.0,-0.00950246902901,-0.00867008861822,0.00124706259106
59.05,-0.00941998383471,-0.00866201050205,0.00123501425653
59.1,-0.00933832978735,-0.00865384061435,0.00122306578276
59.15,-0.00925749480963,-0.0086456394663,0.0012112194939
59.2,-0.00917746759007,-0.00863733743601,0.00119947220338
59.25,-0.00909823690205,-0.00862893522241,0.00118782347918
59.3,-0.00901979172089,-0.00862043352363,0.00117627288194
59.35,-0.00894212122063,-0.00861183303729,0.00116482074654
59.4,-0.00886521478749,-0.00860314162666,0.0011534683816
59.45,-0.00878906200618,-0.00859438623322,0.00114221550544
59.5,-0.00871365214962,-0.0085856018789,0.00113105996655
59.55,-0.00863897529466,-0.00857672301735,0.00112000175073
59.6,-0.0085650215973,-0.00856775030862,0.00110903872824
59.65,-0.00849178135819,-0.00855868444054,0.00109817285491
59.7,-0.00841924510463,-0.00854952606111,0.00108740114515
59.75,-0.00834740348579,-0.00854027586015,0.00107672310598
59.8,-0.00827624732238,-0.00853103269023,0.00106613823886
59.85,-0.00820580782403,-0.00852170324998,0.00105564684298
59.9,-0.00813603466167,-0.00851228566344,0.00104524997636
59.95,-0.0080669192268,-0.00850278056902,0.00103494728128
60.0,-0.00799845307103,-0.00849318860269,0.00102473665271
60.05,-0.00793062787034,-0.00848352774443,0.0010146179946
60.1,-0.00786343499405,-0.00847388487517,0.00100458933995
60.15,-0.00779686643013,-0.00846415856035,0.000994652363925
60.2,-0.00773091434048,-0.00845434943001,0.00098480426926
60.25,-0.00766557098924,-0.00844445815159,0.000975044517548
60.3,-0.00760082878368,-0.00843448539188,0.000965372566715
60.35,-0.0075366802715,-0.00842448199823,0.000955788512386
60.4,-0.00747311756958,-0.00841446174369,0.000946293321369
60.45,-0.00741013373038,-0.00840436328116,0.000936886561294
60.5,-0.00734772175538,-0.00839418722352,0.000927566241641
60.55,-0.00728587474924,-0.008383934206,0.000918332191787
60.6,-0.00722458594984,-0.00837361028493,0.000909182498066
60.65,-0.00716384827983,-0.00836332296476,0.000900118648861
60.7,-0.00710365526486,-0.00835296183072,0.000891138030842
60.75,-0.00704400049568,-0.0083425275153,0.000882240078409
60.8,-0.00698487768007,-0.00833202064843,0.000873424224047
60.85,-0.00692631525496,-0.00832144185708,0.000864690478571
60.9,-0.00686827182321,-0.00831089353997,0.000856039592424
60.95,-0.00681074075722,-0.00830031001661,0.000847471209242
61.0,-0.00675371655633,-0.00828965767869,0.00083898342081
61.05,-0.00669719351382,-0.00827893711579,0.000830576001539
61.1,-0.00664116603016,-0.00826814890757,0.000822247150908
61.15,-0.00658562858622,-0.00825738371868,0.000813998100886
61.2,-0.0065305751295,-0.00824658817064,0.000805826504989
61.25,-0.00647600062854,-0.00823572785603,0.000797731751551
61.3,-0.0064218998615,-0.008224803351,0.000789713263169
61.35,-0.00636826769772,-0.00821381522724,0.000781770986754
61.4,-0.00631509910342,-0.00820285788064,0.000773905526971
61.45,-0.00626238850025,-0.00819187345292,0.000766116502716
61.5,-0.00621013133765,-0.00818082810163,0.000758402128355
61.55,-0.00615832284798,-0.00816972822572,0.000750762143352
61.6,-0.00610695833189,-0.00815857552216,0.000743194867045
61.65,-0.00605603315041,-0.00814747212737,0.000735701361293
61.7,-0.00600554211777,-0.00813633336294,0.000728279461795
61.75,-0.00595548108951,-0.00812513734716,0.000720928557325
61.8,-0.00590584568325,-0.00811388459521,0.000713648075811
61.85,-0.00585666085695,-0.00810257561703,0.000706437920294
61.9,-0.00580789251189,-0.00809134379767,0.00069929859908
61.95,-0.00575953579972,-0.00808005857196,0.000692229736087
62.0,-0.00571158701977,-0.00806871963824,0.000685229658767
62.05,-0.00566404215811,-0.00805732746735,0.000678298087173
62.1,-0.0056168972669,-0.0080459121218,0.00067143345776
62.15,-0.00557014802542,-0.00803455064889,0.000664636737347
62.2,-0.00552379070166,-0.00802313826197,0.000657905845236
62.25,-0.00547782152429,-0.00801167541823,0.000651240223913
62.3,-0.00543223677867,-0.00800016256964,0.000644639317996
62.35,-0.00538703280551,-0.00798866641696,0.00063810300239
62.4,-0.00534220550936,-0.00797719264337,0.000631631752206
62.45,-0.00529775153154,-0.00796568311635,0.000625225092727
62.5,-0.00525366737,-0.00795412786279,0.00061888152322
62.55,-0.00520994958646,-0.00794252563634,0.000612600758281
62.6,-0.00516659479811,-0.00793098522655,0.000606381353779
62.65,-0.00512359908471,-0.00791942976529,0.000600224175922
62.7,-0.00508095943194,-0.00790782940515,0.000594127292133
62.75,-0.0050386725951,-0.00789618454562,0.000588090169643
62.8,-0.00499673537354,-0.00788451080699,0.00058211227852
62.85,-0.00495516902682,-0.00787291828466,0.000576193521188
62.9,-0.00491394523389,-0.00786128336047,0.000570334246032
62.95,-0.00487306095299,-0.00784960638742,0.000564534016688
63.0,-0.00483251318217,-0.00783788771229,0.000558791449558
63.05,-0.00479229894813,-0.00782619330717,0.000553106262038
63.1,-0.00475241487722,-0.00781454612565,0.000547477181324
63.15,-0.00471285819239,-0.00780285913865,0.000541904886549
63.2,-0.00467362604826,-0.00779113267625,0.000536387639544
63.25,-0.00463471562111,-0.00777936708638,0.000530924937669
63.3,-0.0045961241215,-0.00776767742056,0.000525516281563
63.35,-0.0045578482715,-0.00775597721355,0.000520161589128
63.4,-0.00451988560157,-0.00774423967871,0.000514861123108
63.45,-0.00448223344148,-0.00773246512462,0.000509614470992
63.5,-0.00444488915236,-0.00772067888687,0.00050442036582
63.55,-0.00440784978993,-0.0077089740004,0.000499278575937
63.6,-0.00437111282931,-0.00769723378043,0.000494187878747
63.65,-0.00433467571695,-0.00768545854017,0.000489148884101
63.7,-0.00429853593801,-0.00767364856948,0.000484160007425
63.75,-0.00426269099446,-0.00766188184243,0.000479220779837
63.8,-0.00422713800343,-0.00765014690709,0.000474330787483
63.85,-0.00419189562851,-0.0076383788893,0.000469489863625
63.9,-0.00415694010591,-0.00762657815444,0.000464698263473
63.95,-0.00412226906831,-0.00761475251952,0.00045995560124
64.0,-0.0040878801598,-0.00760303071334,0.000455260722122
64.05,-0.00405377055826,-0.00759129077838,0.000450613429899
64.1,-0.00401993821325,-0.00757951994143,0.000446012584549
64.15,-0.00398638085225,-0.00756771848004,0.000441458724536
64.2,-0.00395309623404,-0.00755592599116,0.000436950408327
64.25,-0.00392008181722,-0.00754420803659,0.00043248724102
64.3,-0.00388733547385,-0.00753246094976,0.000428068782084
64.35,-0.00385485502804,-0.00752068499604,0.000423694887455
64.4,-0.00382263832726,-0.00750888043296,0.000419365773053
64.45,-0.00379068324471,-0.00749713767192,0.000415081081293
64.5,-0.00375898729152,-0.00748542092148,0.000410839807594
64.55,-0.00372754853569,-0.00747367696556,0.000406641689654
64.6,-0.00369636491417,-0.00746191604761,0.000402485717297
64.65,-0.00366543436209,-0.00745013021224,0.000398372370236
64.7,-0.00363475485408,-0.00743845724661,0.000394300340058
64.75,-0.0036043239371,-0.00742676322224,0.000390269282895
64.8,-0.00357413984947,-0.00741504387309,0.00038627877336
64.85,-0.00354421833592,-0.00740329944006,0.000382328674218
64.9,-0.00351453939471,-0.00739157328346,0.000378419176735
64.95,-0.00348510082454,-0.00737992341826,0.000374549986798
65.0,-0.0034559007952,-0.00736824983932,0.000370720138464
65.05,-0.00342693742197,-0.00735655277163,0.000366929405805
65.1,-0.00339820883733,-0.00734483243539,0.000363176871061
65.15,-0.0033697131856,-0.00733317656275,0.000359462959213
65.2,-0.00334144830209,-0.00732155421267,0.000355786525521
65.25,-0.00331341249823,-0.00730990987313,0.000352147186561
65.3,-0.00328560397178,-0.00729824376671,0.000348544578552
65.35,-0.00325802093547,-0.00728655611438,0.000344978572437
65.4,-0.00323066161839,-0.00727497600725,0.000341449332684
65.45,-0.00320352389629,-0.00726339297276,0.000337956604502
65.5,-0.00317660621423,-0.00725179869032,0.000334499496965
65.55,-0.00314990683916,-0.00724018429989,0.000331077803346
65.6,-0.0031234240654,-0.00722857459126,0.000327690691237
65.65,-0.00309715597813,-0.00721706338163,0.000324338567852
65.7,-0.00307110094017,-0.00720553325447,0.000321020353411
65.75,-0.00304525728949,-0.00719398441833,0.000317735712747
65.8,-0.00301962337718,-0.00718241708039,0.000314484313814
65.85,-0.00299421253096,-0.0071708905309,0.000311266036474
65.9,-0.0029690076277,-0.00715942922194,0.00030808106017
65.95,-0.00294400714813,-0.00714795062199,0.000304929098361
66.0,-0.00291920950925,-0.007136454918,0.000301809364004
66.05,-0.00289461313724,-0.00712494230434,0.000298721665863
66.1,-0.00287021647101,-0.00711350850272,0.000295665249735
66.15,-0.00284601767548,-0.00710211572002,0.000292640491003
66.2,-0.00282201532471,-0.00709070715438,0.000289646402969
66.25,-0.00279820789663,-0.00707928300078,0.000286682680282
66.3,-0.00277459388064,-0.00706784345311,0.000283749020502
66.35,-0.00275117177752,-0.00705650389447,0.000280845312482
66.4,-0.00272793980861,-0.00704517532417,0.000277971721722
66.45,-0.00270489664137,-0.00703383244275,0.000275127978701
66.5,-0.00268204081916,-0.00702247542694,0.000272313370955
66.55,-0.00265937089364,-0.00701110446026,0.000269527723647
66.6,-0.00263688542781,-0.00699985585279,0.00026677035407
66.65,-0.00261458269285,-0.00698859797385,0.000264041604664
66.7,-0.00259246143159,-0.0069773271914,0.000261340575538
66.75,-0.00257052024156,-0.00696604368985,0.000258666989208
66.8,-0.00254875773059,-0.0069547610569,0.000256020570877
66.85,-0.00252718498703,-0.00694359176303,0.000253401238959
66.9,-0.0025057877902,-0.0069324108298,0.000250809106398
66.95,-0.00248456478982,-0.00692121842613,0.000248243943866
67.0,-0.00246351464545,-0.00691002625305,0.000245705106794
67.05,-0.00244263601264,-0.00689884810549,0.00024319243724
67.1,-0.00242192740643,-0.0068877723843,0.000240705338552
67.15,-0.00240138754258,-0.00687668636434,0.000238244079299
67.2,-0.00238101512346,-0.00686559021052,0.000235807863612
67.25,-0.00236080885798,-0.00685448409699,0.000233396439562
67.3,-0.00234076746429,-0.00684339877558,0.000231009557696
67.35,-0.00232088951033,-0.00683241037285,0.000228647145056
67.4,-0.00230117376781,-0.00682141297783,0.000226309298427
67.45,-0.00228161898908,-0.00681040675129,0.000223995809637
67.5,-0.00226222393539,-0.00679939185254,0.000221706095872
67.55,-0.00224298737512,-0.00678839901653,0.000219440012073
67.6,-0.00222390793486,-0.00677750583356,0.000217197019399
67.65,-0.00220498442987,-0.00676661301082,0.000214977358677
67.7,-0.00218621565284,-0.00675571261574,0.00021278031168
67.75,-0.00216760041016,-0.0067448048136,0.000210605650027
67.8,-0.00214913751663,-0.0067339143257,0.000208453147603
67.85,-0.00213083630669,-0.00672312694346,0.000206322736886
67.9,-0.00211268478832,-0.00671233310052,0.000204214506118
67.95,-0.00209468181027,-0.00670153294914,0.000202128266498
68.0,-0.00207682622941,-0.00669072664024,0.000200063491194
68.05,-0.00205911690924,-0.00667992667263,0.000198020048398
68.1,-0.00204155260139,-0.00666924193047,0.000195997448985
68.15,-0.0020241321987,-0.00665855189924,0.000193995911123
68.2,-0.00200685459315,-0.00664785672755,0.000192014785041
68.25,-0.00198971868259,-0.00663715657148,0.000190053863883
68.3,-0.00197272337257,-0.00662645158636,0.000188112942862
68.35,-0.00195586757627,-0.00661586723363,0.000186191944152
68.4,-0.00193915001428,-0.00660528544187,0.000184290974959
68.45,-0.00192256972073,-0.00659469965524,0.000182409851172
68.5,-0.00190612563668,-0.00658411757178,0.000180548096799
68.55,-0.0018898167037,-0.00657353556591,0.000178705593094
68.6,-0.00187364187408,-0.00656304884933,0.0001768818843
68.65,-0.00185759993871,-0.00655259078151,0.000175077190826
68.7,-0.00184168994689,-0.00654212982558,0.000173290915834
68.75,-0.00182591087793,-0.00653166612887,0.000171522872112
68.8,-0.00181026171822,-0.00652119983799,0.00016977287434
68.85,-0.00179475043054,-0.00651079676912,0.000168040851793
68.9,-0.00177936673929,-0.00650045504196,0.000166326896063
68.95,-0.00176410970685,-0.00649011152824,0.000164630846098
69.0,-0.00174897835459,-0.00647976636269,0.000162952271853
69.05,-0.00173397170973,-0.00646941968399,0.000161291065034
69.1,-0.00171908880644,-0.00645909733526,0.000159646813561
69.15,-0.00170432858123,-0.00644888522465,0.000158019709432
69.2,-0.00168969009655,-0.00643867297053,0.00015640922106
69.25,-0.00167517240861,-0.00642846009476,0.000154815179143
69.3,-0.00166077458056,-0.00641824673442,0.000153237416043
69.35,-0.00164649568207,-0.00640803302587,0.000151675867571
69.4,-0.00163233478957,-0.00639792343796,0.000150130598908
69.45,-0.00161829083953,-0.0063878356081,0.000148601489962
69.5,-0.00160436299344,-0.00637774813379,0.000147088143246
69.55,-0.00159055034972,-0.00636766114492,0.000145590460763
69.6,-0.00157685201322,-0.00635757476951,0.000144108070314
69.65,-0.00156326709433,-0.00634753805818,0.000142641132646
69.7,-0.00154979460516,-0.00633757764062,0.000141189183412
69.75,-0.00153643370177,-0.00632761851982,0.000139752065495
69.8,-0.00152318351569,-0.00631766082369,0.000138329627396
69.85,-0.00151005073095,-0.00630770467942,0.000136921811016
69.9,-0.00149702680269,-0.00629775023975,0.000135528675646
69.95,-0.00148411088335,-0.00628790613003,0.000134150095153
70.0,-0.00147130199832,-0.00627808211067,0.000132785736782
70.05,-0.00145859937576,-0.00626826730718,0.000131435503683
70.1,-0.00144600218392,-0.00625845497943,0.000130099060225
70.15,-0.00143350960031,-0.00624864524871,0.000128776551371
70.2,-0.00142112080892,-0.00623887550235,0.000127467545151
70.25,-0.001408834912,-0.00622919205662,0.000126171915119
70.3,-0.00139665112749,-0.00621951182615,0.000124889521569
70.35,-0.00138456865793,-0.00620983492805,0.00012362031193
70.4,-0.00137258671158,-0.00620016147715,0.000122364339102
70.45,-0.00136070450274,-0.00619049158411,0.000121121489152
70.5,-0.00134892125119,-0.00618090268065,0.000119891445625
70.55,-0.00133723608003,-0.00617135918192,0.000118674142372
70.6,-0.00132564826303,-0.00616181982051,0.00011746927034
70.65,-0.00131415703759,-0.00615229089233,0.00011627696041
70.7,-0.00130276164399,-0.00614276985644,0.000115096822966
70.75,-0.0012914613286,-0.00613325329789,0.000113928733617
70.8,-0.00128025534485,-0.00612384783507,0.000112772569006
70.85,-0.00126914918469,-0.00611445762507,0.000111628296609
70.9,-0.00125813570583,-0.00610507247054,0.000110495957414
70.95,-0.00124721418171,-0.00609569247237,0.000109375448541
71.0,-0.00123638389082,-0.00608631773033,0.000108266484228
71.05,-0.00122564411632,-0.00607695865356,0.000107168992456
71.1,-0.00121499408808,-0.00606770961094,0.000106082707241
71.15,-0.0012044331059,-0.00605846634522,0.000105007746126
71.2,-0.00119396047011,-0.00604922895264,0.000103943756902
71.25,-0.00118357548541,-0.00603999753301,0.000102890627051
71.3,-0.00117327746136,-0.00603077218543,0.000101848245211
71.35,-0.00116306571237,-0.00602157257941,0.000100816568802
71.4,-0.00115293949951,-0.00601247252313,9.97956491494e-05
71.45,-0.001142898158,-0.00600337902608,9.87853922392e-05
71.5,-0.00113294101895,-0.00599429280374,9.77855400795e-05
71.55,-0.00112306741759,-0.00598522300232,9.67960277555e-05
71.6,-0.00111327669006,-0.00597616004673,9.58166085876e-05
71.65,-0.00110356818113,-0.00596712187156,9.48473896492e-05
71.7,-0.0010939411871,-0.00595818363328,9.38880603767e-05
71.75,-0.00108439507129,-0.0059492526968,9.29385181881e-05
71.8,-0.00107492919395,-0.00594032915103,9.19986625802e-05
71.85,-0.00106554824493,-0.00593141308416,9.10684551808e-05
71.9,-0.0010562461681,-0.00592250460188,9.01479356339e-05
71.95,-0.00104702233901,-0.00591360890258,8.92370204081e-05
72.0,-0.00103787609294,-0.00590482441727,8.83354828329e-05
72.05,-0.00102880681766,-0.00589604793348,8.74432640557e-05
72.1,-0.00101981390327,-0.00588727953177,8.65601408326e-05
72.15,-0.00101089674395,-0.00587852238915,8.5686210015e-05
72.2,-0.00100205473738,-0.00586977967536,8.48211847837e-05
72.25,-0.000993287284006,-0.00586104529651,8.39649740308e-05
72.3,-0.000984593790952,-0.00585240678598,8.31174872651e-05
72.35,-0.000975973598199,-0.00584379581719,8.2278699853e-05
72.4,-0.00096742615598,-0.00583519357282,8.14486429631e-05
72.45,-0.000958950885764,-0.0058266001258,8.06272412748e-05
72.5,-0.000950547213154,-0.00581801554812,7.98142846541e-05
72.55,-0.000942214567623,-0.00580943991323,7.90097205104e-05
72.6,-0.000933952382776,-0.00580092398122,7.82133474637e-05
72.65,-0.000925760042236,-0.00579247064231,7.74252607113e-05
72.7,-0.000917637007269,-0.00578402660077,7.66451986228e-05
72.75,-0.000909582724678,-0.00577559192719,7.58730787399e-05
72.8,-0.000901596645231,-0.00576716669142,7.51088194585e-05
72.85,-0.000893682689841,-0.00575875096261,7.43523898991e-05
72.9,-0.000885835766649,-0.0057503479095,7.36038228555e-05
72.95,-0.000878055305203,-0.00574205325834,7.28630553256e-05
73.0,-0.000870340775631,-0.00573376845152,7.21298974454e-05
73.05,-0.000862691650659,-0.00572550101794,7.14043018575e-05
73.1,-0.000855107404452,-0.00571724595042,7.06860870665e-05
73.15,-0.000847587516494,-0.005709000929,6.99753327214e-05
73.2,-0.00084013147104,-0.00570076601331,6.92718049268e-05
73.25,-0.000832738755812,-0.00569258529554,6.85754294695e-05
73.3,-0.000825408818128,-0.00568447031319,6.78861389728e-05
73.35,-0.000818141168155,-0.00567636573121,6.72039037738e-05
73.4,-0.000810935305843,-0.00566827160692,6.65287534959e-05
73.45,-0.000803790734906,-0.00566018799517,6.58606271111e-05
73.5,-0.000796706962656,-0.00565211494991,6.51993534628e-05
73.55,-0.000789683499821,-0.00564405252621,6.4544890071e-05
73.6,-0.000782719860722,-0.00563607053264,6.38970729039e-05
73.65,-0.000775815515076,-0.0056281269587,6.32559808226e-05
73.7,-0.000768970005915,-0.00562020287482,6.26213997548e-05
73.75,-0.000762182856529,-0.00561228973523,6.19932631399e-05
73.8,-0.000755453596184,-0.0056043875912,6.13715047634e-05
73.85,-0.00074878549965,-0.00559649649334,6.07560998571e-05
73.9,-0.000742174290174,-0.00558861650419,6.01470756666e-05
73.95,-0.00073561950843,-0.00558082808263,5.95443773361e-05
74.0,-0.000729120651335,-0.00557306519972,5.89478569666e-05
74.05,-0.000722677289349,-0.00556531364942,5.83574732512e-05
74.1,-0.000716288973989,-0.0055575734759,5.77730780656e-05
74.15,-0.00070995525993,-0.00554984472418,5.7194736904e-05
74.2,-0.000703675705271,-0.00554212743638,5.66222590841e-05
74.25,-0.000697449871176,-0.00553442165628,5.60555844206e-05
74.3,-0.000691277322032,-0.00552680360975,5.54946533531e-05
74.35,-0.000685157583025,-0.00551921324442,5.49394496911e-05
74.4,-0.00067909024558,-0.00551163458617,5.43899953987e-05
74.45,-0.000673074884628,-0.00550406767257,5.3846241081e-05
74.5,-0.000667111078225,-0.00549651254043,5.33080472985e-05
74.55,-0.000661198407433,-0.00548897352125,5.27753798028e-05
74.6,-0.000655336455392,-0.00548145151124,5.22481050988e-05
74.65,-0.000649524808062,-0.00547399871325,5.17262828955e-05
74.7,-0.000643763021234,-0.00546659029605,5.12097458767e-05
74.75,-0.000638050702902,-0.00545919391718,5.06984378617e-05
74.8,-0.000632387450171,-0.0054518096106,5.01923051703e-05
74.85,-0.000626775995452,-0.00544443740964,4.96913280168e-05
74.9,-0.00062121275006,-0.00543707735743,4.91955291451e-05
74.95,-0.000615697320944,-0.00542972948395,4.87048641739e-05
75.0,-0.000610229317974,-0.0054224178584,4.82192072706e-05
75.05,-0.000604808329322,-0.00541518160847,4.77385311741e-05
75.1,-0.000599433976744,-0.00540795767587,4.7262714425e-05
75.15,-0.000594105879312,-0.00540074608884,4.67918110703e-05
75.2,-0.000588823659045,-0.00539355306947,4.63256655844e-05
75.25,-0.000583586939333,-0.005386374779,4.58642293707e-05
75.3,-0.000578395347246,-0.00537920892607,4.54074542173e-05
75.35,-0.000573248513134,-0.00537205553651,4.49553225018e-05
75.4,-0.000568146070144,-0.00536497568489,4.45078549892e-05
75.45,-0.00056308762448,-0.00535793191265,4.40650159956e-05
75.5,-0.000558072828316,-0.00535090071282,4.36266900685e-05
75.55,-0.000553101323612,-0.00534388210691,4.31928496305e-05
75.6,-0.000548172755025,-0.00533687611558,4.2763385756e-05
75.65,-0.00054328676981,-0.00532988276003,4.23383476227e-05
75.7,-0.00053844301796,-0.00532290205927,4.19175947844e-05
75.75,-0.000533641152001,-0.00531593403346,4.15010833705e-05
75.8,-0.000528880827076,-0.00530905793486,4.10887699663e-05
75.85,-0.000524164289926,-0.00530219732929,4.06806432075e-05
75.9,-0.000519488547564,-0.00529534949304,4.02767199729e-05
75.95,-0.000514853264239,-0.00528851444102,3.98769643816e-05
76.0,-0.000510258106727,-0.00528169218747,3.94812738591e-05
76.05,-0.000505702744258,-0.00527488412254,3.90896237166e-05
76.1,-0.000501186848323,-0.00526809658148,3.87019156775e-05
76.15,-0.000496710091722,-0.00526132189615,3.8318194705e-05
76.2,-0.000492272151222,-0.00525463910696,3.79383339438e-05
76.25,-0.000487872678171,-0.00524796953854,3.75622978743e-05
76.3,-0.000483511368941,-0.00524131288347,3.71900453562e-05
76.35,-0.000479187908036,-0.00523466915282,3.68215623794e-05
76.4,-0.000474901982371,-0.00522803835675,3.64568663787e-05
76.45,-0.000470653281283,-0.00522142050396,3.60959251311e-05
76.5,-0.000466441496474,-0.00521481560258,3.57386460393e-05
76.55,-0.000462266321941,-0.00520822366121,3.53850070018e-05
76.6,-0.000458127454026,-0.00520170558924,3.5034919268e-05
76.65,-0.000454024568965,-0.00519521628378,3.46884267898e-05
76.7,-0.000449957378404,-0.00518874344833,3.43454134645e-05
76.75,-0.000445925585447,-0.00518228833188,3.40058438295e-05
76.8,-0.00044192889529,-0.00517584623314,3.36696828164e-05
76.85,-0.000437969204915,-0.00516941715719,3.33369179768e-05
76.9,-0.000434043994272,-0.00516300111577,3.30075653801e-05
76.95,-0.000430152976678,-0.00515659811164,3.26815960869e-05
77.0,-0.000426295867644,-0.00515023351898,3.23589264908e-05
77.05,-0.00042247236985,-0.00514393059045,3.2039538947e-05
77.1,-0.000418682207486,-0.00513764070872,3.17233527015e-05
77.15,-0.000414925102917,-0.00513136387494,3.14104048347e-05
77.2,-0.000411200780691,-0.00512510008866,3.11005917534e-05
77.25,-0.000407508967414,-0.0051188493502,3.07938814935e-05
77.3,-0.000403849391799,-0.00511261165946,3.04902424229e-05
77.35,-0.000400221784645,-0.00510638701594,3.01896634914e-05
77.4,-0.000396625878845,-0.00510017541837,2.98921594304e-05
77.45,-0.000393061409382,-0.00509402098387,2.95977042581e-05
77.5,-0.000389528097322,-0.00508790674953,2.9306224772e-05
77.55,-0.000386025688361,-0.00508180554798,2.90177023212e-05
77.6,-0.000382553923933,-0.00507572478767,2.87320644956e-05
77.65,-0.00037911254644,-0.00506965838649,2.84493452391e-05
77.7,-0.000375701301176,-0.00506360501851,2.81694509607e-05
77.75,-0.000372319935544,-0.00505756467888,2.78923529139e-05
77.8,-0.000368968198907,-0.00505153736239,2.76180226499e-05
77.85,-0.000365647669911,-0.00504552306344,2.73464503613e-05
77.9,-0.000362356239527,-0.0050395631937,2.7077649628e-05
77.95,-0.000359093649485,-0.00503364346576,2.68115991289e-05
78.0,-0.000355859663138,-0.00502773672752,2.65482298501e-05
78.05,-0.000352654040276,-0.0050218429703,2.62875259082e-05
78.1,-0.000349476542566,-0.00501596218488,2.60294219012e-05
78.15,-0.000346326933505,-0.00501009436233,2.5773948642e-05
78.2,-0.000343204978472,-0.00500424045041,2.55210215157e-05
78.25,-0.000340110444524,-0.00499840642269,2.52706146874e-05
78.3,-0.000337043099831,-0.00499258534141,2.50227026928e-05
78.35,-0.000334002715229,-0.00498679520608,2.47772768309e-05
78.4,-0.000330989053585,-0.0049810657824,2.45343509755e-05
78.45,-0.000328001891798,-0.00497534925357,2.42939038179e-05
78.5,-0.000325041006372,-0.00496964560623,2.4055873718e-05
78.55,-0.000322106175542,-0.00496395482734,2.38202464671e-05
78.6,-0.000319197179284,-0.0049582769034,2.35869629826e-05
78.65,-0.000316313799286,-0.00495261182116,2.33560513653e-05
78.7,-0.000313455818979,-0.00494695956621,2.31274351169e-05
78.75,-0.000310623023469,-0.00494132012471,2.29010909849e-05
78.8,-0.000307815199556,-0.00493569348254,2.26769959576e-05
78.85,-0.000305033660138,-0.00493011726917,2.24551423253e-05
78.9,-0.000302276631047,-0.00492457921139,2.22355431324e-05
78.95,-0.000299543908903,-0.00491905388846,2.2018178929e-05
79.0,-0.000296835287853,-0.0049135412831,2.18029940231e-05
79.05,-0.00029415056365,-0.00490804137835,2.15899757075e-05
79.1,-0.000291489533666,-0.0049025587591,2.13790706004e-05
79.15,-0.000288851996393,-0.00489709264614,2.11703044069e-05
79.2,-0.000286237752036,-0.00489163919564,2.09636080081e-05
79.25,-0.000283646602755,-0.00488619838983,2.07589604849e-05
79.3,-0.000281078352281,-0.00488077021071,2.05563411345e-05
79.35,-0.0002785328059,-0.00487538760253,2.03557431237e-05
79.4,-0.000276009761467,-0.00487004486996,2.01571783178e-05
79.45,-0.000273509030869,-0.00486471467832,1.99606293065e-05
79.5,-0.000271030424248,-0.00485939700688,1.97660457583e-05
79.55,-0.000268573753237,-0.00485409183517,1.95734163061e-05
79.6,-0.000266138830974,-0.00484879914237,1.93826927057e-05
79.65,-0.000263725472073,-0.00484351890788,1.91938983494e-05
79.7,-0.000261333492644,-0.00483825111019,1.90069706717e-05
79.75,-0.000258962710249,-0.00483300197477,1.88218908555e-05
79.8,-0.000256612943345,-0.00482776663206,1.86386403597e-05
79.85,-0.000254285283097,-0.00482254872982,1.84572131507e-05
79.9,-0.000251978250721,-0.00481739562082,1.82776197606e-05
79.95,-0.000249691670592,-0.00481225482464,1.80998449128e-05
80.0,-0.000247425368037,-0.00480712631741,1.79238431093e-05
80.05,-0.000245179169771,-0.00480201007551,1.77496041813e-05
80.1,-0.000242952903897,-0.00479690607499,1.75770845173e-05
80.15,-0.000240746399888,-0.00479181429214,1.7406305466e-05
80.2,-0.000238559488602,-0.00478673470244,1.72372104242e-05
80.25,-0.000236392002237,-0.0047816672818,1.70697824589e-05
80.3,-0.000234243774344,-0.00477661200597,1.69040048112e-05
80.35,-0.00023211463981,-0.00477156885051,1.67398721248e-05
80.4,-0.000230004434862,-0.00476654752384,1.65773933388e-05
80.45,-0.000227912991964,-0.00476158322153,1.64165555691e-05
80.5,-0.000225840150943,-0.00475663092709,1.6257317565e-05
80.55,-0.000223785752121,-0.00475169061434,1.60996702331e-05
80.6,-0.000221749637114,-0.00474676423711,1.59435741443e-05
80.65,-0.000219731648655,-0.00474185597649,1.57890488124e-05
80.7,-0.00021773163045,-0.00473695963278,1.56360430882e-05
80.75,-0.000215749427939,-0.00473207517936,1.54845417315e-05
80.8,-0.00021378488781,-0.00472720258944,1.53345296588e-05
80.85,-0.00021183891667,-0.00472234183607,1.5186002129e-05
80.9,-0.000209910284609,-0.00471749289544,1.50389673807e-05
80.95,-0.000207998842324,-0.00471265573969,1.48934131606e-05
81.0,-0.000206104441724,-0.00470787040609,1.47493022883e-05
81.05,-0.000204226929429,-0.00470310861237,1.46066276127e-05
81.1,-0.00020236616279,-0.00469835847958,1.44653530419e-05
81.15,-0.000200521997422,-0.00469361997915,1.43254963716e-05
81.2,-0.000198694290128,-0.00468889308189,1.41870112426e-05
81.25,-0.000196882898864,-0.00468418157051,1.40498839384e-05
81.3,-0.000195087682486,-0.00467948519657,1.3914100921e-05
81.35,-0.000193308501025,-0.0046748003528,1.37796580321e-05
81.4,-0.000191545215906,-0.00467012700981,1.36465628431e-05
81.45,-0.000189797689689,-0.00466546513775,1.35148043423e-05
81.5,-0.00018806578606,-0.00466081470665,1.33843488964e-05
81.55,-0.000186349369812,-0.00465617568674,1.3255189245e-05
81.6,-0.000184648306848,-0.00465158838864,1.31272931481e-05
81.65,-0.000182962458534,-0.00464702118855,1.30006777154e-05
81.7,-0.000181291695698,-0.00464246526733,1.28753005856e-05
81.75,-0.000179635887623,-0.00463792059439,1.27511494089e-05
81.8,-0.000177994904664,-0.00463338713901,1.26282119612e-05
81.85,-0.000176369499653,-0.0046288648704,1.2506484534e-05
81.9,-0.000174758646624,-0.00462435376036,1.23859741058e-05
81.95,-0.000173162219354,-0.00461985377743,1.22666707803e-05
82.0,-0.000171580092656,-0.00461536489003,1.21485441275e-05
82.05,-0.000170012142368,-0.00461088706683,1.20315876523e-05
82.1,-0.000168458245351,-0.0046064202763,1.19157721846e-05
82.15,-0.000166918279474,-0.00460197192836,1.18011125841e-05
82.2,-0.0001653921232,-0.00459754742185,1.16875709241e-05
82.25,-0.000163879653097,-0.00459316782351,1.15751365965e-05
82.3,-0.000162380750866,-0.00458879910338,1.14637984847e-05
82.35,-0.000160895298473,-0.00458444122916,1.13535533077e-05
82.4,-0.000159423178863,-0.00458009416836,1.124440748e-05
82.45,-0.00015796427595,-0.00457575788819,1.11363521036e-05
82.5,-0.00015651847461,-0.00457143235575,1.10293596377e-05
82.55,-0.000155085660664,-0.00456711753839,1.09234242692e-05
82.6,-0.000153665720883,-0.00456281340331,1.08185195975e-05
82.65,-0.00015225854297,-0.00455851991795,1.07146591952e-05
82.7,-0.000150864015565,-0.00455423704929,1.06118086508e-05
82.75,-0.000149482028227,-0.00454996628901,1.05099579602e-05
82.8,-0.000148112471354,-0.00454571174139,1.04090972326e-05
82.85,-0.00014675596947,-0.00454146934895,1.03092236244e-05
82.9,-0.000145411665874,-0.0045372793594,1.02103432654e-05
82.95,-0.000144079452413,-0.00453309984843,1.01124484028e-05
83.0,-0.000142759224338,-0.00452893072793,1.00155139721e-05
83.05,-0.000141450876903,-0.00452477196417,9.91953476952e-06
83.1,-0.000140154306232,-0.00452062352332,9.82448689445e-06
83.15,-0.000138869409312,-0.00451648537175,9.73038274543e-06
83.2,-0.000137596083993,-0.00451235747548,9.63719114473e-06
83.25,-0.000136334228972,-0.00450823980087,9.5449030779e-06
83.3,-0.00013508374379,-0.00450413231424,9.45350962175e-06
83.35,-0.000133844528828,-0.00450003498191,9.36300822467e-06
83.4,-0.000132616485301,-0.00449594777008,9.27340432945e-06
83.45,-0.000131399515252,-0.00449187064472,9.18469075062e-06
83.5,-0.000130193521545,-0.00448780357177,9.09684492433e-06
83.55,-0.000128998407853,-0.00448374867193,9.00986220355e-06
83.6,-0.000127814077134,-0.00447974240734,8.92372119065e-06
83.65,-0.000126640434143,-0.00447575097599,8.83843330465e-06
83.7,-0.000125477385167,-0.00447177222617,8.75397027154e-06
83.75,-0.000124324837023,-0.00446780332951,8.67032398506e-06
83.8,-0.000123182697433,-0.00446384425169,8.58748640221e-06
83.85,-0.000122051484851,-0.00445989495836,8.50545526717e-06
83.9,-0.00012093048675,-0.004455955417,8.42423558995e-06
83.95,-0.000119819613334,-0.00445202559296,8.34382090471e-06
84.0,-0.00011871877556,-0.00444810545158,8.26419077406e-06
84.05,-0.000117627885131,-0.00444419495841,8.18534103597e-06
84.1,-0.000116546854496,-0.00444029407897,8.10725209845e-06
84.15,-0.000115475596835,-0.00443640277895,8.02993432108e-06
84.2,-0.000114414026067,-0.00443252102382,7.95336210211e-06
84.25,-0.000113362056831,-0.00442864877934,7.87752812646e-06
84.3,-0.000112319604487,-0.00442480078163,7.80242515255e-06
84.35,-0.000111286583118,-0.00442099255704,7.72805150203e-06
84.4,-0.000110262909875,-0.00441719371055,7.65441173231e-06
84.45,-0.000109248502314,-0.00441340420719,7.58150002359e-06
84.5,-0.000108243278684,-0.00440962401197,7.50929786013e-06
84.55,-0.000107247157926,-0.00440585309013,7.43780151342e-06
84.6,-0.000106260059666,-0.00440209140687,7.36699323343e-06
84.65,-0.000105281904208,-0.00439833892762,7.29688248578e-06
84.7,-0.000104312612533,-0.00439459561759,7.22744605766e-06
84.75,-0.00010335210629,-0.00439086144226,7.1586773521e-06
84.8,-0.000102400307791,-0.00438713636717,7.09056983824e-06
84.85,-0.000101457647047,-0.00438342035789,7.02312176217e-06
84.9,-0.000100523530788,-0.00437971338152,6.95633736844e-06
84.95,-9.95978834329e-05,-0.00437601540343,6.89021142571e-06
85.0,-9.8680630045e-05,-0.00437232638902,6.82472716332e-06
85.05,-9.77716963206e-05,-0.0043686463039,6.75988124831e-06
85.1,-9.68710085887e-05,-0.0043649903954,6.69565760333e-06
85.15,-9.59784921638e-05,-0.00436136596467,6.63206513938e-06
85.2,-9.50940750977e-05,-0.00435775532397,6.56908273919e-06
85.25,-9.42176854706e-05,-0.00435415344774,6.50670447673e-06
85.3,-9.33492521385e-05,-0.00435056030139,6.44492445986e-06
85.35,-9.24887045636e-05,-0.0043469758504,6.38374113791e-06
85.4,-9.16359728094e-05,-0.00434340006025,6.32315841e-06
85.45,-9.07909875373e-05,-0.00433983289632,6.26317156443e-06
85.5,-8.99536800004e-05,-0.00433627432402,6.20376539956e-06
85.55,-8.91239820371e-05,-0.00433272430899,6.14493692772e-06
85.6,-8.83018260683e-05,-0.00432918281687,6.0866715756e-06
85.65,-8.74871450911e-05,-0.00432564981351,6.02897725374e-06
85.7,-8.66798726777e-05,-0.0043221252646,5.97183487223e-06
85.75,-8.58799429664e-05,-0.00431860913613,5.9152390674e-06
85.8,-8.50872906595e-05,-0.00431510552505,5.85918452893e-06
85.85,-8.43022722045e-05,-0.00431161295899,5.80366991102e-06
85.9,-8.35243938383e-05,-0.00430812872708,5.74869881683e-06
85.95,-8.27535920553e-05,-0.00430467100494,5.6942670067e-06
86.0,-8.19898024918e-05,-0.00430123607598,5.64036092219e-06
86.05,-8.12329632767e-05,-0.00429780933802,5.58697780356e-06
86.1,-8.04830125579e-05,-0.00429439075688,5.53410443736e-06
86.15,-7.97398890124e-05,-0.00429098029858,5.48174805213e-06
86.2,-7.90035318454e-05,-0.00428757792902,5.42989132665e-06
86.25,-7.82738807818e-05,-0.00428418361435,5.37852941905e-06
86.3,-7.75508760647e-05,-0.00428079732083,5.32765753553e-06
86.35,-7.68344584506e-05,-0.00427741901478,5.27727447005e-06
86.4,-7.61245692059e-05,-0.00427404866252,5.22738352139e-06
86.45,-7.54211501034e-05,-0.00427068623036,5.17798086952e-06
86.5,-7.47241434172e-05,-0.00426733168466,5.12905402074e-06
86.55,-7.40334919177e-05,-0.00426398499199,5.08060057748e-06
86.6,-7.33491388684e-05,-0.00426064611894,5.03260856215e-06
86.65,-7.26710280214e-05,-0.00425731525433,4.98508458586e-06
86.7,-7.199910361e-05,-0.00425399924398,4.93801293491e-06
86.75,-7.13333101828e-05,-0.0042506909693,4.89138926916e-06
86.8,-7.06735929421e-05,-0.00424739039721,4.84520926393e-06
86.85,-7.00202474918e-05,-0.00424411076955,4.79947185696e-06
86.9,-6.93728622151e-05,-0.00424085563858,4.75418024271e-06
86.95,-6.87313841675e-05,-0.00423760807363,4.70933092697e-06
87.0,-6.80957605476e-05,-0.00423436804143,4.66491257628e-06
87.05,-6.74659390095e-05,-0.00423113550894,4.62092303897e-06
87.1,-6.68418676597e-05,-0.00422791044316,4.57735144967e-06
87.15,-6.62234950529e-05,-0.00422469281128,4.53420384957e-06
87.2,-6.56107701899e-05,-0.00422148258044,4.49146597344e-06
87.25,-6.5003642512e-05,-0.00421827971803,4.44913387663e-06
87.3,-6.44020618983e-05,-0.00421508620891,4.40720365333e-06
87.35,-6.38059786192e-05,-0.00421190464558,4.36567437171e-06
87.4,-6.32153433228e-05,-0.0042087303675,4.32454883467e-06
87.45,-6.26301071867e-05,-0.00420556334217,4.28382393963e-06
87.5,-6.20502218121e-05,-0.00420240353717,4.2434894071e-06
87.55,-6.14756392198e-05,-0.00419925092028,4.20354330915e-06
87.6,-6.09063118473e-05,-0.00419610545933,4.16397579074e-06
87.65,-6.0342192545e-05,-0.00419296712237,4.12479237595e-06
87.7,-5.97832345738e-05,-0.00418983587737,4.08598011586e-06
87.75,-5.92293916006e-05,-0.00418671169257,4.0475354495e-06
87.8,-5.86806176951e-05,-0.00418359453627,4.00945485078e-06
87.85,-5.81371578694e-05,-0.00418050917277,3.97173749262e-06
87.9,-5.7598669766e-05,-0.00417743354536,3.93438609861e-06
87.95,-5.70651092386e-05,-0.00417436481682,3.89739779223e-06
88.0,-5.65364320392e-05,-0.0041713029554,3.86076324492e-06
88.05,-5.60125943046e-05,-0.00416824792956,3.82448072583e-06
88.1,-5.54935525539e-05,-0.00416519970785,3.78854129151e-06
88.15,-5.49792636845e-05,-0.00416215825899,3.75294999054e-06
88.2,-5.44696849702e-05,-0.00415912875786,3.71769506374e-06
88.25,-5.39647739634e-05,-0.00415610792997,3.68277330796e-06
88.3,-5.34644886479e-05,-0.00415309379692,3.64818154152e-06
88.35,-5.29687874104e-05,-0.00415008632772,3.61391903255e-06
88.4,-5.24776290011e-05,-0.00414708549146,3.57998813352e-06
88.45,-5.19909725308e-05,-0.00414409125724,3.54638632133e-06
88.5,-5.15087774682e-05,-0.00414110359426,3.51310513069e-06
88.55,-5.10310036355e-05,-0.00413812247189,3.48014300922e-06
88.6,-5.05576112067e-05,-0.00413514785962,3.44749184097e-06
88.65,-5.00885607039e-05,-0.00413217972709,3.41515624198e-06
88.7,-4.96238129955e-05,-0.00412921804393,3.38312553323e-06
88.75,-4.91633292921e-05,-0.00412626278002,3.35139680743e-06
88.8,-4.87070711439e-05,-0.0041233139053,3.31996718554e-06
88.85,-4.82552415957e-05,-0.00412037789916,3.28883602284e-06
88.9,-4.78075568905e-05,-0.00411746619511,3.25800549861e-06
88.95,-4.73639789779e-05,-0.00411456793706,3.22747344597e-06
89.0,-4.69244711182e-05,-0.00411167593098,3.19723213187e-06
89.05,-4.6488996605e-05,-0.00410879014697,3.16728016088e-06
89.1,-4.60575190541e-05,-0.00410591055518,3.1376101638e-06
89.15,-4.56300024e-05,-0.00410303712597,3.10822635861e-06
89.2,-4.52064108943e-05,-0.00410016982969,3.07911904286e-06
89.25,-4.4786709102e-05,-0.00409730863691,3.05028558686e-06
89.3,-4.43708618992e-05,-0.0040944535183,3.02172338644e-06
89.35,-4.39588344707e-05,-0.00409160444467,2.99343187078e-06
89.4,-4.35505923077e-05,-0.00408876138688,2.96541302368e-06
89.45,-4.3146101205e-05,-0.00408592431585,2.9376647902e-06
89.5,-4.27453272583e-05,-0.00408309320259,2.91018019256e-06
89.55,-4.23482368617e-05,-0.00408026801829,2.8829579786e-06
89.6,-4.19547967049e-05,-0.00407744873426,2.85599145835e-06
89.65,-4.15649737711e-05,-0.00407463532194,2.82928448867e-06
89.7,-4.11787353345e-05,-0.00407183072572,2.80282825509e-06
89.75,-4.07960489174e-05,-0.00406903598414,2.77662038729e-06
89.8,-4.04168823157e-05,-0.00406624704463,2.75065853989e-06
89.85,-4.0041403773e-05,-0.00406346387896,2.72494220919e-06
89.9,-3.96693776781e-05,-0.00406068645958,2.69947321724e-06
89.95,-3.9300772784e-05,-0.00405791475839,2.67424970907e-06
90.0,-3.89355581196e-05,-0.00405514874739,2.64926534797e-06
90.05,-3.85737029871e-05,-0.00405240254368,2.62451900916e-06
90.1,-3.82151764941e-05,-0.00404967051854,2.60000469298e-06
90.15,-3.78599486775e-05,-0.00404694407174,2.57572589356e-06
90.2,-3.75079896568e-05,-0.00404422317554,2.55167459921e-06
90.25,-3.71592698149e-05,-0.0040415078024,2.52784865853e-06
90.3,-3.68137597966e-05,-0.00403879792487,2.50424594086e-06
90.35,-3.64714305063e-05,-0.00403609795917,2.4808660003e-06
90.4,-3.61322530523e-05,-0.00403340537563,2.45771051661e-06
90.45,-3.57961988308e-05,-0.00403071821992,2.43477781699e-06
90.5,-3.54632395144e-05,-0.00402803646486,2.41206214413e-06
90.55,-3.51333470264e-05,-0.00402536008344,2.38956248572e-06
90.6,-3.48064935387e-05,-0.00402268904874,2.36727332183e-06
90.65,-3.44826514695e-05,-0.00402002333403,2.34519787408e-06
90.7,-3.41617934816e-05,-0.00401736291257,2.32332886072e-06
90.75,-3.384389248e-05,-0.00401470775787,2.30166433547e-06
90.8,-3.352892161e-05,-0.00401205784349,2.28020237071e-06
90.85,-3.32170202581e-05,-0.00400941314316,2.2589425727e-06
90.9,-3.29079927851e-05,-0.00400677363114,2.23788647551e-06
90.95,-3.2601813093e-05,-0.00400413928129,2.2170325649e-06
91.0,-3.2298455315e-05,-0.00400151006754,2.19637561072e-06
91.05,-3.19978938139e-05,-0.00399888596403,2.17591470316e-06
91.1,-3.170010318e-05,-0.00399626694495,2.15564482769e-06
91.15,-3.14050582294e-05,-0.0039936529847,2.13556892954e-06
91.2,-3.11127340019e-05,-0.00399104489014,2.11568038938e-06
91.25,-3.08231057507e-05,-0.00398844783871,2.09597744753e-06
91.3,-3.05361488966e-05,-0.00398586203853,2.0764583697e-06
91.35,-3.02518388764e-05,-0.00398329534594,2.05712285162e-06
91.4,-2.90408279012e-05,-0.00398073357605,2.03797228869e-06
91.45,-2.73755182114e-05,-0.00397817406574,2.01900380837e-06
91.5,-2.71205906448e-05,-0.00397561551077,2.00021197548e-06
91.55,-2.6868015215e-05,-0.0039730619095,1.98159828087e-06
91.6,-2.66177705242e-05,-0.00397051323568,1.96315816332e-06
91.65,-2.63698353651e-05,-0.00396796946326,1.94489431051e-06
91.7,-2.61241887189e-05,-0.00396543056622,1.92680069959e-06
91.75,-2.58808097539e-05,-0.00396289651875,1.90887573203e-06
91.8,-2.56396778236e-05,-0.00396036729516,1.89111782457e-06
91.85,-2.54008994072e-05,-0.00395784533253,1.87352666589e-06
91.9,-2.51643247703e-05,-0.0039553319361,1.85610354712e-06
91.95,-2.49299338195e-05,-0.0039528233014,1.83884723294e-06
92.0,-2.46977066726e-05,-0.00395031940304,1.82175339999e-06
92.05,-2.44676236239e-05,-0.00394782021583,1.80482130797e-06
92.1,-2.42396651436e-05,-0.00394532571466,1.78804681167e-06
92.15,-2.40138118757e-05,-0.00394283587459,1.77143236804e-06
92.2,-2.37900446372e-05,-0.00394035067075,1.75497250028e-06
92.25,-2.35683444157e-05,-0.00393787007845,1.73866576109e-06
92.3,-2.33486923686e-05,-0.00393539407313,1.72251071695e-06
92.35,-2.31310698214e-05,-0.00393292263034,1.70650709272e-06
92.4,-2.29154582665e-05,-0.00393045572573,1.69065606931e-06
92.45,-2.27018393614e-05,-0.00392799333506,1.67495652487e-06
92.5,-2.24901949278e-05,-0.00392553543419,1.65940452983e-06
92.55,-2.22805069494e-05,-0.00392308199912,1.64399941817e-06
92.6,-2.20727575711e-05,-0.003920633006,1.62873742225e-06
92.65,-2.18669290975e-05,-0.0039181884311,1.61362078812e-06
92.7,-2.16630039915e-05,-0.00391575748026,1.59864453486e-06
92.75,-2.14609646791e-05,-0.00391334544427,1.58380738697e-06
92.8,-2.12607939689e-05,-0.00391093897122,1.56910804023e-06
92.85,-2.1062580049e-05,-0.00390853681602,1.55454625203e-06
92.9,-2.08661986789e-05,-0.00390613895556,1.54012310461e-06
92.95,-2.06716331293e-05,-0.00390374536651,1.52583758233e-06
93.0,-2.04788668202e-05,-0.00390135602563,1.51168611173e-06
93.05,-2.02878833203e-05,-0.00389897090988,1.49766809219e-06
93.1,-2.00986663451e-05,-0.00389658999628,1.48378009744e-06
93.15,-1.99111997559e-05,-0.00389421326205,1.47002417958e-06
93.2,-1.97254675589e-05,-0.00389184068444,1.45639580686e-06
93.25,-1.95414539032e-05,-0.0038894722409,1.44289379104e-06
93.3,-1.93591430802e-05,-0.00388710790895,1.42951695509e-06
93.35,-1.91785195219e-05,-0.00388474822403,1.41626508322e-06
93.4,-1.89995677968e-05,-0.00388239818334,1.4031391685e-06
93.45,-1.88222725806e-05,-0.00388005220133,1.39013829848e-06
93.5,-1.86466187222e-05,-0.00387771025585,1.3772592237e-06
93.55,-1.84725912064e-05,-0.00387537232491,1.36450140305e-06
93.6,-1.83001751527e-05,-0.00387303838661,1.35186172089e-06
93.65,-1.8129355814e-05,-0.0038707084192,1.33934205278e-06
93.7,-1.79601185761e-05,-0.00386838240101,1.32693827568e-06
93.75,-1.77924489558e-05,-0.00386606031052,1.31464931265e-06
93.8,-1.76263326002e-05,-0.00386374212632,1.30247409691e-06
93.85,-1.74618425512e-05,-0.00386142782712,1.29041243737e-06
93.9,-1.72988757306e-05,-0.00385911739197,1.27846524388e-06
93.95,-1.71374181945e-05,-0.00385681079975,1.26663168481e-06
94.0,-1.69774561242e-05,-0.00385450802948,1.25490880497e-06
94.05,-1.68189758253e-05,-0.00385220906027,1.24329611679e-06
94.1,-1.66619637265e-05,-0.00384991387138,1.23179078677e-06
94.15,-1.65064063787e-05,-0.00384762244217,1.22039452917e-06
94.2,-1.63522904538e-05,-0.00384533475209,1.20910359234e-06
94.25,-1.61996027436e-05,-0.00384306466568,1.19791700012e-06
94.3,-1.60483300011e-05,-0.00384080717779,1.18683381448e-06
94.35,-1.58984592989e-05,-0.00383855336615,1.17585385825e-06
94.4,-1.57499777869e-05,-0.0038363032104,1.16497796455e-06
94.45,-1.56028727309e-05,-0.00383405669028,1.15420537972e-06
94.5,-1.54571315111e-05,-0.00383181378564,1.14353341492e-06
94.55,-1.53127416217e-05,-0.00382957447644,1.13296162984e-06
94.6,-1.51696906696e-05,-0.00382733874279,1.12248744637e-06
94.65,-1.50279663731e-05,-0.00382510656488,1.1121124305e-06
94.7,-1.48875565616e-05,-0.00382287792301,1.10183316732e-06
94.75,-1.47484491741e-05,-0.00382065279761,1.091648771e-06
94.8,-1.46106322583e-05,-0.00381843116923,1.08155836399e-06
94.85,-1.4474166305e-05,-0.0038162130185,1.0715617958e-06
94.9,-1.4338965818e-05,-0.00381400307323,1.06165983007e-06
94.95,-1.4205019165e-05,-0.00381179785579,1.05185178838e-06
95.0,-1.4072314835e-05,-0.00380959607221,1.04213522553e-06
95.05,-1.39408414272e-05,-0.00380739770343,1.03250974423e-06
95.1,-1.38105876435e-05,-0.00380520273048,1.02297299886e-06
95.15,-1.36815422881e-05,-0.00380301113454,1.01352642045e-06
95.2,-1.35536942659e-05,-0.00380082289685,1.00416690061e-06
95.25,-1.34270325825e-05,-0.00379863799878,9.94893635761e-07
95.3,-1.33015463424e-05,-0.00379645642181,9.857058298e-07
95.35,-1.31772247487e-05,-0.00379427814752,9.76603349189e-07
95.4,-1.30540571023e-05,-0.0037921031576,9.67586893447e-07
95.45,-1.29320328006e-05,-0.0037899314338,9.58655844098e-07
95.5,-1.28111413371e-05,-0.00378776295798,9.49807975247e-07
95.55,-1.26913723002e-05,-0.00378559771213,9.41042928388e-07
95.6,-1.25727153726e-05,-0.00378343567831,9.32358569238e-07
95.65,-1.24551603302e-05,-0.00378127683874,9.23756205548e-07
95.7,-1.23386970416e-05,-0.00377912117567,9.15233007687e-07
95.75,-1.22233154672e-05,-0.00377697005023,9.06788246606e-07
95.8,-1.21090056526e-05,-0.00377482718905,8.98421201032e-07
95.85,-1.19958176689e-05,-0.00377268746666,8.9013175623e-07
95.9,-1.18836806174e-05,-0.00377055086578,8.81920552899e-07
95.95,-1.17725848357e-05,-0.00376842025377,8.73787030371e-07
96.0,-1.16625206838e-05,-0.00376630407307,8.65729174973e-07
96.05,-1.15534786868e-05,-0.00376419094972,8.57746660386e-07
96.1,-1.14454494444e-05,-0.00376208086654,8.49837543762e-07
96.15,-1.13384236416e-05,-0.00375997380647,8.42003019593e-07
96.2,-1.12323920475e-05,-0.0037578697525,8.34240511139e-07
96.25,-1.11273455152e-05,-0.00375576868777,8.26549356274e-07
96.3,-1.10232749804e-05,-0.0037536705955,8.18928898996e-07
96.35,-1.09201714613e-05,-0.00375157545902,8.11379033686e-07
96.4,-1.08180260572e-05,-0.00374948613317,8.03900346807e-07
96.45,-1.07168299383e-05,-0.00374740278672,7.96492331652e-07
96.5,-1.06165743548e-05,-0.00374532235985,7.89153145942e-07
96.55,-1.05172506469e-05,-0.00374324483615,7.81882496742e-07
96.6,-1.04188502334e-05,-0.00374117019929,7.74678615602e-07
96.65,-1.0321364611e-05,-0.00373909843305,7.67542593888e-07
96.7,-1.02247853538e-05,-0.00373702952129,7.60472085223e-07
96.75,-1.01291041122e-05,-0.00373496344799,7.53466488459e-07
96.8,-1.00343126124e-05,-0.00373290019721,7.46525207994e-07
96.85,-9.94045233366e-06,-0.00373083975311,7.39648149912e-07
96.9,-9.84746449517e-06,-0.00372878210008,7.32835851204e-07
96.95,-9.75534106119e-06,-0.00372672722243,7.26087850563e-07
97.0,-9.66407406892e-06,-0.00372467510457,7.19402469089e-07
97.05,-9.57365562792e-06,-0.00372262573102,7.12779442101e-07
97.1,-9.48407791944e-06,-0.00372057908638,7.06217159766e-07
97.15,-9.39533319578e-06,-0.00371853515537,6.99716619287e-07
97.2,-9.30741377968e-06,-0.00371649392275,6.93275683891e-07
97.25,-9.22031206368e-06,-0.00371445537342,6.86893807752e-07
97.3,-9.13402050948e-06,-0.00371242530149,6.80570450064e-07
97.35,-9.04853163028e-06,-0.00371039847689,6.74305530597e-07
97.4,-8.96383802324e-06,-0.00370837430519,6.68099541208e-07
97.45,-8.87993235462e-06,-0.00370635277148,6.61952063328e-07
97.5,-8.79680735745e-06,-0.00370433386095,6.55861568304e-07
97.55,-8.71445583087e-06,-0.00370231755888,6.18770024477e-07
97.6,-8.63287020349e-06,-0.00370030427101,6.09623770189e-07
97.65,-8.55204380836e-06,-0.00369829360223,6.04016348886e-07
97.7,-8.47196968884e-06,-0.00369628549066,5.98460284446e-07
97.75,-8.39264090236e-06,-0.00369427992202,5.9295510745e-07
97.8,-8.31405056959e-06,-0.00369227688215,5.87500352782e-07
97.85,-8.23623303471e-06,-0.00369027635694,5.82095972016e-07
97.9,-8.15913957079e-06,-0.00368828671575,5.76742440838e-07
97.95,-8.08276344228e-06,-0.00368630945629,5.71439414792e-07
98.0,-8.00709803781e-06,-0.00368433467485,5.66185525622e-07
98.05,-7.93213679941e-06,-0.0036823623574,5.60980266879e-07
98.1,-7.85787322882e-06,-0.00368039249003,5.55822649392e-07
98.15,-7.78430088701e-06,-0.00367842505891,5.50713529601e-07
98.2,-7.71141339361e-06,-0.00367646005027,5.4565115862e-07
98.25,-7.63920442643e-06,-0.00367449745045,5.40635109719e-07
98.3,-7.5676677209e-06,-0.00367253724588,5.35664960071e-07
98.35,-7.49679706955e-06,-0.00367057942304,5.30740666756e-07
98.4,-7.42658632157e-06,-0.00366862396853,5.25862664708e-07
98.45,-7.35702938223e-06,-0.00366667086898,5.21030632079e-07
98.5,-7.28812021243e-06,-0.00366472011112,5.16243323941e-07
98.55,-7.21985282813e-06,-0.00366277168178,5.11500279981e-07
98.6,-7.15222129995e-06,-0.00366082556785,5.06800599711e-07
98.65,-7.08521975258e-06,-0.00365888175632,5.02145065446e-07
98.7,-7.0188423644e-06,-0.00365694023424,4.9753208394e-07
98.75,-6.95308336691e-06,-0.00365500098875,4.92961267459e-07
98.8,-6.88793704431e-06,-0.00365306781753,4.88432231801e-07
98.85,-6.82343182488e-06,-0.00365113938236,4.53085628185e-07
98.9,-6.75952698016e-06,-0.0036492136102,4.45492387386e-07
98.95,-6.69621727309e-06,-0.0036472901169,4.41401396565e-07
99.0,-6.63349724248e-06,-0.00364536884354,4.37348268815e-07
99.05,-6.57136143875e-06,-0.00364344977771,4.33332611585e-07
99.1,-6.50980446209e-06,-0.00364153290704,4.29353630691e-07
99.15,-6.448820962e-06,-0.00363961821928,4.25412066169e-07
99.2,-6.38840563692e-06,-0.0036377057022,4.2150649163e-07
99.25,-6.3285532337e-06,-0.00363579534369,4.17636579684e-07
99.3,-6.26925854723e-06,-0.0036338871317,4.1380200592e-07
99.35,-6.21051641997e-06,-0.00363198105426,4.10002448878e-07
99.4,-6.15232174155e-06,-0.00363007709946,4.06238615876e-07
99.45,-6.09466944834e-06,-0.00362818029224,4.02510265618e-07
99.5,-6.03755451317e-06,-0.00362628629009,3.98816390688e-07
99.55,-5.98097196363e-06,-0.0036243943882,3.95156634291e-07
99.6,-5.92491687419e-06,-0.00362250457485,3.91530273132e-07
99.65,-5.86938436436e-06,-0.00362061683838,3.87937982959e-07
99.7,-5.81436959835e-06,-0.0036187311672,3.84378463932e-07
99.75,-5.75986778461e-06,-0.00361684754981,3.80851418375e-07
99.8,-5.70587417545e-06,-0.00361496597477,3.77356551313e-07
99.85,-5.65241231475e-06,-0.00361308643071,3.73893570448e-07
99.9,-5.59944873575e-06,-0.00361120890642,3.70463121659e-07
99.95,-5.54697882825e-06,-0.00360933339065,3.67064985737e-07
100.0,-5.49499802422e-06,-0.00360745987223,3.63698243272e-07
