"time","AMPA","NMDA","GABAa"
0.0,0.0,0.0,0.0
0.05,0.0,0.0,0.0
0.1,0.0,0.0,0.0
0.15,0.0,0.0,0.0
0.2,0.0,0.0,0.0
0.25,0.0,0.0,0.0
0.3,0.0,0.0,0.0
0.35,0.0,0.0,0.0
0.4,0.0,0.0,0.0
0.45,0.0,0.0,0.0
0.5,0.0,0.0,0.0
0.55,0.0,0.0,0.0
0.6,0.0,0.0,0.0
0.65,0.0,0.0,0.0
0.7,0.0,0.0,0.0
0.75,0.0,0.0,0.0
0.8,0.0,0.0,0.0
0.85,0.0,0.0,0.0
0.9,0.0,0.0,0.0
0.95,0.0,0.0,0.0
1.0,0.0,0.0,0.0
1.05,0.0,0.0,0.0
1.1,0.0,0.0,0.0
1.15,0.0,0.0,0.0
1.2,0.0,0.0,0.0
1.25,0.0,0.0,0.0
1.3,0.0,0.0,0.0
1.35,0.0,0.0,0.0
1.4,0.0,0.0,0.0
1.45,0.0,0.0,0.0
1.5,0.0,0.0,0.0
1.55,0.0,0.0,0.0
1.6,0.0,0.0,0.0
1.65,0.0,0.0,0.0
1.7,0.0,0.0,0.0
1.75,0.0,0.0,0.0
1.8,0.0,0.0,0.0
1.85,0.0,0.0,0.0
1.9,0.0,0.0,0.0
1.95,0.0,0.0,0.0
2.0,0.0,0.0,0.0
2.05,0.0,0.0,0.0
2.1,0.0,0.0,0.0
2.15,0.0,0.0,0.0
2.2,0.0,0.0,0.0
2.25,0.0,0.0,0.0
2.3,0.0,0.0,0.0
2.35,0.0,0.0,0.0
2.4,0.0,0.0,0.0
2.45,0.0,0.0,0.0
2.5,0.0,0.0,0.0
2.55,0.0,0.0,0.0
2.6,0.0,0.0,0.0
2.65,0.0,0.0,0.0
2.7,0.0,0.0,0.0
2.75,0.0,0.0,0.0
2.8,0.0,0.0,0.0
2.85,0.0,0.0,0.0
2.9,0.0,0.0,0.0
2.95,0.0,0.0,0.0
3.0,0.0,0.0,0.0
3.05,0.0,0.0,0.0
3.1,0.0,0.0,0.0
3.15,0.0,0.0,0.0
3.2,0.0,0.0,0.0
3.25,0.0,0.0,0.0
3.3,0.0,0.0,0.0
3.35,0.0,0.0,0.0
3.4,0.0,0.0,0.0
3.45,0.0,0.0,0.0
3.5,0.0,0.0,0.0
3.55,0.0,0.0,0.0
3.6,0.0,0.0,0.0
3.65,0.0,0.0,0.0
3.7,0.0,0.0,0.0
3.75,0.0,0.0,0.0
3.8,0.0,0.0,0.0
3.85,0.0,0.0,0.0
3.9,0.0,0.0,0.0
3.95,0.0,0.0,0.0
4.0,0.0,0.0,0.0
4.05,0.0,0.0,0.0
4.1,0.0,0.0,0.0
4.15,0.0,0.0,0.0
4.2,0.0,0.0,0.0
4.25,0.0,0.0,0.0
4.3,0.0,0.0,0.0
4.35,0.0,0.0,0.0
4.4,0.0,0.0,0.0
4.45,0.0,0.0,0.0
4.5,0.0,0.0,0.0
4.55,0.0,0.0,0.0
4.6,0.0,0.0,0.0
4.65,0.0,0.0,0.0
4.7,0.0,0.0,0.0
4.75,0.0,0.0,0.0
4.8,0.0,0.0,0.0
4.85,0.0,0.0,0.0
4.9,0.0,0.0,0.0
4.95,0.0,0.0,0.0
5.0,0.0,0.0,0.0
5.05,0.0,0.0,0.0
5.1,0.0,0.0,0.0
5.15,0.0,0.0,0.0
5.2,0.0,0.0,0.0
5.25,0.0,0.0,0.0
5.3,0.0,0.0,0.0
5.35,0.0,0.0,0.0
5.4,0.0,0.0,0.0
5.45,0.0,0.0,0.0
5.5,0.0,0.0,0.0
5.55,0.0,0.0,0.0
5.6,0.0,0.0,0.0
5.65,0.0,0.0,0.0
5.7,0.0,0.0,0.0
5.75,0.0,0.0,0.0
5.8,0.0,0.0,0.0
5.85,0.0,0.0,0.0
5.9,0.0,0.0,0.0
5.95,0.0,0.0,0.0
6.0,0.0,0.0,0.0
6.05,0.0,0.0,0.0
6.1,0.0,0.0,0.0
6.15,0.0,0.0,0.0
6.2,0.0,0.0,0.0
6.25,0.0,0.0,0.0
6.3,0.0,0.0,0.0
6.35,0.0,0.0,0.0
6.4,0.0,0.0,0.0
6.45,0.0,0.0,0.0
6.5,0.0,0.0,0.0
6.55,0.0,0.0,0.0
6.6,0.0,0.0,0.0
6.65,0.0,0.0,0.0
6.7,0.0,0.0,0.0
6.75,0.0,0.0,0.0
6.8,0.0,0.0,0.0
6.85,0.0,0.0,0.0
6.9,0.0,0.0,0.0
6.95,0.0,0.0,0.0
7.0,0.0,0.0,0.0
7.05,0.0,0.0,0.0
7.1,0.0,0.0,0.0
7.15,0.0,0.0,0.0
7.2,0.0,0.0,0.0
7.25,0.0,0.0,0.0
7.3,0.0,0.0,0.0
7.35,0.0,0.0,0.0
7.4,0.0,0.0,0.0
7.45,0.0,0.0,0.0
7.5,0.0,0.0,0.0
7.55,0.0,0.0,0.0
7.6,0.0,0.0,0.0
7.65,0.0,0.0,0.0
7.7,0.0,0.0,0.0
7.75,0.0,0.0,0.0
7.8,0.0,0.0,0.0
7.85,0.0,0.0,0.0
7.9,0.0,0.0,0.0
7.95,0.0,0.0,0.0
8.0,0.0,0.0,0.0
8.05,0.0,0.0,0.0
8.1,0.0,0.0,0.0
8.15,0.0,0.0,0.0
8.2,0.0,0.0,0.0
8.25,0.0,0.0,0.0
8.3,0.0,0.0,0.0
8.35,0.0,0.0,0.0
8.4,0.0,0.0,0.0
8.45,0.0,0.0,0.0
8.5,0.0,0.0,0.0
8.55,0.0,0.0,0.0
8.6,0.0,0.0,0.0
8.65,0.0,0.0,0.0
8.7,0.0,0.0,0.0
8.75,0.0,0.0,0.0
8.8,0.0,0.0,0.0
8.85,0.0,0.0,0.0
8.9,0.0,0.0,0.0
8.95,0.0,0.0,0.0
9.0,0.0,0.0,0.0
9.05,0.0,0.0,0.0
9.1,0.0,0.0,0.0
9.15,0.0,0.0,0.0
9.2,0.0,0.0,0.0
9.25,0.0,0.0,0.0
9.3,0.0,0.0,0.0
9.35,0.0,0.0,0.0
9.4,0.0,0.0,0.0
9.45,0.0,0.0,0.0
9.5,0.0,0.0,0.0
9.55,0.0,0.0,0.0
9.6,0.0,0.0,0.0
9.65,0.0,0.0,0.0
9.7,0.0,0.0,0.0
9.75,0.0,0.0,0.0
9.8,0.0,0.0,0.0
9.85,0.0,0.0,0.0
9.9,0.0,0.0,0.0
9.95,0.0,0.0,0.0
10.0,0.0,0.0,0.0
10.05,0.0,0.0,0.0
10.1,0.0,0.0,0.0
10.15,0.0,0.0,0.0
10.2,0.0,0.0,0.0
10.25,0.0,0.0,0.0
10.3,0.0,0.0,0.0
10.35,0.0,0.0,0.0
10.4,0.0,0.0,0.0
10.45,0.0,0.0,0.0
10.5,0.0,0.0,0.0
10.55,0.0,0.0,0.0
10.6,0.0,0.0,0.0
10.65,0.0,0.0,0.0
10.7,0.0,0.0,0.0
10.75,0.0,0.0,0.0
10.8,0.0,0.0,0.0
10.85,0.0,0.0,0.0
10.9,0.0,0.0,0.0
10.95,0.0,0.0,0.0
11.0,0.0,0.0,0.0
11.05,0.0,0.0,0.0
11.1,0.0,0.0,0.0
11.15,0.0,0.0,0.0
11.2,0.0,0.0,0.0
11.25,0.0,0.0,0.0
11.3,0.0,0.0,0.0
11.35,0.0,0.0,0.0
11.4,0.0,0.0,0.0
11.45,0.0,0.0,0.0
11.5,0.0,0.0,0.0
11.55,0.0,0.0,0.0
11.6,0.0,0.0,0.0
11.65,0.0,0.0,0.0
11.7,0.0,0.0,0.0
11.75,0.0,0.0,0.0
11.8,0.0,0.0,0.0
11.85,0.0,0.0,0.0
11.9,0.0,0.0,0.0
11.95,0.0,0.0,0.0
12.0,0.0,0.0,0.0
12.05,0.0,0.0,0.0
12.1,0.0,0.0,0.0
12.15,0.0,0.0,0.0
12.2,0.0,0.0,0.0
12.25,0.0,0.0,0.0
12.3,0.0,0.0,0.0
12.35,0.0,0.0,0.0
12.4,0.0,0.0,0.0
12.45,0.0,0.0,0.0
12.5,0.0,0.0,0.0
12.55,0.0,0.0,0.0
12.6,0.0,0.0,0.0
12.65,0.0,0.0,0.0
12.7,0.0,0.0,0.0
12.75,0.0,0.0,0.0
12.8,0.0,0.0,0.0
12.85,0.0,0.0,0.0
12.9,0.0,0.0,0.0
12.95,0.0,0.0,0.0
13.0,0.0,0.0,0.0
13.05,0.0,0.0,0.0
13.1,0.0,0.0,0.0
13.15,0.0,0.0,0.0
13.2,0.0,0.0,0.0
13.25,0.0,0.0,0.0
13.3,0.0,0.0,0.0
13.35,0.0,0.0,0.0
13.4,0.0,0.0,0.0
13.45,0.0,0.0,0.0
13.5,0.0,0.0,0.0
13.55,0.0,0.0,0.0
13.6,0.0,0.0,0.0
13.65,0.0,0.0,0.0
13.7,0.0,0.0,0.0
13.75,0.0,0.0,0.0
13.8,0.0,0.0,0.0
13.85,0.0,0.0,0.0
13.9,0.0,0.0,0.0
13.95,0.0,0.0,0.0
14.0,0.0,0.0,0.0
14.05,0.0,0.0,0.0
14.1,0.0,0.0,0.0
14.15,0.0,0.0,0.0
14.2,0.0,0.0,0.0
14.25,0.0,0.0,0.0
14.3,0.0,0.0,0.0
14.35,0.0,0.0,0.0
14.4,0.0,0.0,0.0
14.45,0.0,0.0,0.0
14.5,0.0,0.0,0.0
14.55,0.0,0.0,0.0
14.6,0.0,0.0,0.0
14.65,0.0,0.0,0.0
14.7,0.0,0.0,0.0
14.75,0.0,0.0,0.0
14.8,0.0,0.0,0.0
14.85,0.0,0.0,0.0
14.9,0.0,0.0,0.0
14.95,0.0,0.0,0.0
15.0,0.0,0.0,0.0
15.05,0.0,0.0,0.0
15.1,0.0,0.0,0.0
15.15,0.0,0.0,0.0
15.2,0.0,0.0,0.0
15.25,0.0,0.0,0.0
15.3,0.0,0.0,0.0
15.35,0.0,0.0,0.0
15.4,0.0,0.0,0.0
15.45,0.0,0.0,0.0
15.5,0.0,0.0,0.0
15.55,0.0,0.0,0.0
15.6,0.0,0.0,0.0
15.65,0.0,0.0,0.0
15.7,0.0,0.0,0.0
15.75,0.0,0.0,0.0
15.8,0.0,0.0,0.0
15.85,0.0,0.0,0.0
15.9,0.0,0.0,0.0
15.95,0.0,0.0,0.0
16.0,0.0,0.0,0.0
16.05,0.0,0.0,0.0
16.1,0.0,0.0,0.0
16.15,0.0,0.0,0.0
16.2,0.0,0.0,0.0
16.25,0.0,0.0,0.0
16.3,0.0,0.0,0.0
16.35,0.0,0.0,0.0
16.4,0.0,0.0,0.0
16.45,0.0,0.0,0.0
16.5,0.0,0.0,0.0
16.55,0.0,0.0,0.0
16.6,0.0,0.0,0.0
16.65,0.0,0.0,0.0
16.7,0.0,0.0,0.0
16.75,0.0,0.0,0.0
16.8,0.0,0.0,0.0
16.85,0.0,0.0,0.0
16.9,0.0,0.0,0.0
16.95,0.0,0.0,0.0
17.0,0.0,0.0,0.0
17.05,0.0,0.0,0.0
17.1,0.0,0.0,0.0
17.15,0.0,0.0,0.0
17.2,0.0,0.0,0.0
17.25,0.0,0.0,0.0
17.3,0.0,0.0,0.0
17.35,0.0,0.0,0.0
17.4,0.0,0.0,0.0
17.45,0.0,0.0,0.0
17.5,0.0,0.0,0.0
17.55,0.0,0.0,0.0
17.6,0.0,0.0,0.0
17.65,0.0,0.0,0.0
17.7,0.0,0.0,0.0
17.75,0.0,0.0,0.0
17.8,0.0,0.0,0.0
17.85,0.0,0.0,0.0
17.9,0.0,0.0,0.0
17.95,0.0,0.0,0.0
18.0,0.0,0.0,0.0
18.05,0.0,0.0,0.0
18.1,0.0,0.0,0.0
18.15,0.0,0.0,0.0
18.2,0.0,0.0,0.0
18.25,0.0,0.0,0.0
18.3,0.0,0.0,0.0
18.35,0.0,0.0,0.0
18.4,0.0,0.0,0.0
18.45,0.0,0.0,0.0
18.5,0.0,0.0,0.0
18.55,0.0,0.0,0.0
18.6,0.0,0.0,0.0
18.65,0.0,0.0,0.0
18.7,0.0,0.0,0.0
18.75,0.0,0.0,0.0
18.8,0.0,0.0,0.0
18.85,0.0,0.0,0.0
18.9,0.0,0.0,0.0
18.95,0.0,0.0,0.0
19.0,0.0,0.0,0.0
19.05,0.0,0.0,0.0
19.1,0.0,0.0,0.0
19.15,0.0,0.0,0.0
19.2,0.0,0.0,0.0
19.25,0.0,0.0,0.0
19.3,0.0,0.0,0.0
19.35,0.0,0.0,0.0
19.4,0.0,0.0,0.0
19.45,0.0,0.0,0.0
19.5,0.0,0.0,0.0
19.55,0.0,0.0,0.0
19.6,0.0,0.0,0.0
19.65,0.0,0.0,0.0
19.7,0.0,0.0,0.0
19.75,0.0,0.0,0.0
19.8,0.0,0.0,0.0
19.85,0.0,0.0,0.0
19.9,0.0,0.0,0.0
19.95,0.0,0.0,0.0
20.0,0.0,0.0,0.0
20.05,0.0,0.0,0.0
20.1,0.0,0.0,0.0
20.15,0.0,0.0,0.0
20.2,0.0,0.0,0.0
20.25,0.0,0.0,0.0
20.3,0.0,0.0,0.0
20.35,0.0,0.0,0.0
20.4,0.0,0.0,0.0
20.45,0.0,0.0,0.0
20.5,0.0,0.0,0.0
20.55,0.0,0.0,0.0
20.6,0.0,0.0,0.0
20.65,0.0,0.0,0.0
20.7,0.0,0.0,0.0
20.75,0.0,0.0,0.0
20.8,0.0,0.0,0.0
20.85,0.0,0.0,0.0
20.9,0.0,0.0,0.0
20.95,0.0,0.0,0.0
21.0,0.0,0.0,0.0
21.05,0.0,0.0,0.0
21.1,0.0,0.0,0.0
21.15,0.0,0.0,0.0
21.2,0.0,0.0,0.0
21.25,0.0,0.0,0.0
21.3,0.0,0.0,0.0
21.35,0.0,0.0,0.0
21.4,0.0,0.0,0.0
21.45,0.0,0.0,0.0
21.5,0.0,0.0,0.0
21.55,0.0,0.0,0.0
21.6,0.0,0.0,0.0
21.65,0.0,0.0,0.0
21.7,0.0,0.0,0.0
21.75,0.0,0.0,0.0
21.8,0.0,0.0,0.0
21.85,0.0,0.0,0.0
21.9,0.0,0.0,0.0
21.95,0.0,0.0,0.0
22.0,0.0,0.0,0.0
22.05,0.0,0.0,0.0
22.1,0.0,0.0,0.0
22.15,0.0,0.0,0.0
22.2,0.0,0.0,0.0
22.25,0.0,0.0,0.0
22.3,0.0,0.0,0.0
22.35,0.0,0.0,0.0
22.4,0.0,0.0,0.0
22.45,0.0,0.0,0.0
22.5,0.0,0.0,0.0
22.55,0.0,0.0,0.0
22.6,0.0,0.0,0.0
22.65,0.0,0.0,0.0
22.7,0.0,0.0,0.0
22.75,0.0,0.0,0.0
22.8,0.0,0.0,0.0
22.85,0.0,0.0,0.0
22.9,0.0,0.0,0.0
22.95,0.0,0.0,0.0
23.0,0.0,0.0,0.0
23.05,0.0,0.0,0.0
23.1,0.0,0.0,0.0
23.15,0.0,0.0,0.0
23.2,0.0,0.0,0.0
23.25,0.0,0.0,0.0
23.3,0.0,0.0,0.0
23.35,0.0,0.0,0.0
23.4,0.0,0.0,0.0
23.45,0.0,0.0,0.0
23.5,0.0,0.0,0.0
23.55,0.0,0.0,0.0
23.6,0.0,0.0,0.0
23.65,0.0,0.0,0.0
23.7,0.0,0.0,0.0
23.75,0.0,0.0,0.0
23.8,0.0,0.0,0.0
23.85,0.0,0.0,0.0
23.9,0.0,0.0,0.0
23.95,0.0,0.0,0.0
24.0,0.0,0.0,0.0
24.05,0.0,0.0,0.0
24.1,0.0,0.0,0.0
24.15,0.0,0.0,0.0
24.2,0.0,0.0,0.0
24.25,0.0,0.0,0.0
24.3,0.0,0.0,0.0
24.35,0.0,0.0,0.0
24.4,0.0,0.0,0.0
24.45,0.0,0.0,0.0
24.5,0.0,0.0,0.0
24.55,0.0,0.0,0.0
24.6,0.0,0.0,0.0
24.65,0.0,0.0,0.0
24.7,0.0,0.0,0.0
24.75,0.0,0.0,0.0
24.8,0.0,0.0,0.0
24.85,0.0,0.0,0.0
24.9,0.0,0.0,0.0
24.95,0.0,0.0,0.0
25.0,0.0,0.0,0.0
25.05,0.0,0.0,0.0
25.1,0.0,0.0,0.0
25.15,0.0,0.0,0.0
25.2,0.0,0.0,0.0
25.25,0.0,0.0,0.0
25.3,0.0,0.0,0.0
25.35,0.0,0.0,0.0
25.4,0.0,0.0,0.0
25.45,0.0,0.0,0.0
25.5,0.0,0.0,0.0
25.55,0.0,0.0,0.0
25.6,0.0,0.0,0.0
25.65,0.0,0.0,0.0
25.7,0.0,0.0,0.0
25.75,0.0,0.0,0.0
25.8,0.0,0.0,0.0
25.85,0.0,0.0,0.0
25.9,0.0,0.0,0.0
25.95,0.0,0.0,0.0
26.0,0.0,0.0,0.0
26.05,0.0,0.0,0.0
26.1,0.0,0.0,0.0
26.15,0.0,0.0,0.0
26.2,0.0,0.0,0.0
26.25,0.0,0.0,0.0
26.3,0.0,0.0,0.0
26.35,0.0,0.0,0.0
26.4,0.0,0.0,0.0
26.45,0.0,0.0,0.0
26.5,0.0,0.0,0.0
26.55,0.0,0.0,0.0
26.6,0.0,0.0,0.0
26.65,0.0,0.0,0.0
26.7,0.0,0.0,0.0
26.75,0.0,0.0,0.0
26.8,0.0,0.0,0.0
26.85,0.0,0.0,5.70432590052e-18
26.9,0.0,0.0,7.70856400236e-06
26.95,0.0,0.0,1.36582583061e-05
27.0,0.0,0.0,1.82504010673e-05
27.05,0.0,0.0,2.95033074685e-05
27.1,0.0,0.0,3.81886201959e-05
27.15,0.0,0.0,4.48921844195e-05
27.2,0.0,0.0,5.00661751877e-05
27.25,0.0,0.0,6.1768160088e-05
27.3,0.0,0.0,7.08000775973e-05
27.35,0.0,0.0,7.7771155759e-05
27.4,0.0,0.0,8.31515974125e-05
27.45,0.0,0.0,8.73043638846e-05
27.5,0.0,0.0,9.0509575112e-05
27.55,0.0,0.0,9.29834169707e-05
27.6,0.0,0.0,9.48927919539e-05
27.65,0.0,0.0,9.63664953539e-05
27.7,0.0,0.0,9.75039353798e-05
27.75,0.0,0.0,0.000113798946761
27.8,0.0,0.0,0.000134084474184
27.85,0.0,0.0,0.00014968521303
27.9,0.0,0.0,0.000161425964925
27.95,0.0,0.0,0.000170421923516
28.0,0.0,0.0,0.000177243740536
28.05,0.0,0.0,0.000182143949271
28.1,0.0,0.0,0.000193504605083
28.15,0.0,0.0,0.000202144211215
28.2,0.0,0.0,0.000208628558971
28.25,0.0,0.0,0.0002132063864
28.3,0.0,0.0,0.000216548318481
28.35,0.0,0.0,0.000218938068556
28.4,0.0,0.0,0.000220594879271
28.45,0.0,0.0,0.000221687410797
28.5,0.0,0.0,0.00022234606481
28.55,0.0,0.0,0.000222671778404
28.6,0.0,0.0,0.000222741880328
28.65,0.0,0.0,0.000222616323569
28.7,0.0,0.0,0.0002222289194
28.75,0.0,0.0,0.000221096841068
28.8,0.0,0.0,0.0002196161275
28.85,0.0,0.0,0.000218103503284
28.9,0.0,0.0,0.00021656980048
28.95,0.0,0.0,0.000215022854149
29.0,0.0,0.0,0.000221177465744
29.05,0.0,0.0,0.000225515053579
29.1,0.0,0.0,0.000228209024301
29.15,0.0,0.0,0.000229871993862
29.2,0.0,0.0,0.000230742892269
29.25,0.0,0.0,0.000231006985674
29.3,0.0,0.0,0.000230805955652
29.35,0.0,0.0,0.000237957841504
29.4,0.0,0.0,0.000243080167073
29.45,0.0,0.0,0.000246639338127
29.5,0.0,0.0,0.000248995491689
29.55,0.0,0.0,0.000250426859957
29.6,0.0,0.0,0.000251147985531
29.65,0.0,0.0,0.000251324085302
29.7,0.0,0.0,0.000251082888206
29.75,0.0,0.0,0.000250523758151
29.8,0.0,0.0,0.000249722187396
29.85,0.0,0.0,0.00024873653414
29.9,0.0,0.0,0.000247612305954
29.95,0.0,0.0,0.000246327946847
30.0,0.0,0.0,0.000244679064497
30.05,0.0,0.0,0.000242986689558
30.1,0.0,0.0,0.000241264558669
30.15,0.0,0.0,0.00023952292728
30.2,0.0,0.0,0.000237769897134
30.25,0.0,0.0,0.000236012428156
30.3,0.0,0.0,0.000234198579204
30.35,0.0,0.0,0.000232100447484
30.4,0.0,0.0,0.000230021093982
30.45,0.0,0.0,0.000227960141013
30.5,0.0,0.0,0.000225917731731
30.55,0.0,0.0,0.000223893609413
30.6,0.0,0.0,0.000221887654107
30.65,0.0,0.0,0.00021989945121
30.7,0.0,0.0,0.000217928846046
30.75,0.0,0.0,0.000215976360288
30.8,0.0,0.0,0.000214041385081
30.85,0.0,0.0,0.000212123837071
30.9,0.0,0.0,0.00021022345106
30.95,0.0,0.0,0.000208339881871
31.0,0.0,0.0,0.000206473260335
31.05,0.0,0.0,0.000204623351825
31.1,0.0,0.0,0.000202790046715
31.15,0.0,0.0,0.000200972966085
31.2,0.0,0.0,0.000199171968572
31.25,0.0,0.0,0.000197387530949
31.3,0.0,0.0,0.000195619096764
31.35,0.0,0.0,0.000193866589839
31.4,0.0,0.0,0.000192129767799
31.45,0.0,0.0,0.000190408315177
31.5,0.0,0.0,0.000188702351544
31.55,0.0,0.0,0.000187011662468
31.6,0.0,0.0,0.000185336147755
31.65,0.0,0.0,0.000183675461102
31.7,0.0,0.0,0.00018202947331
31.75,0.0,0.0,0.000180398620118
31.8,0.0,0.0,0.000178782392967
31.85,0.0,0.0,0.000177180722236
31.9,0.0,0.0,0.000175593386411
31.95,0.0,0.0,0.000174020097176
32.0,0.0,0.0,0.000172460963811
32.05,0.0,0.0,0.000170915790339
32.1,0.0,0.0,0.000169384485192
32.15,0.0,0.0,0.00016786673187
32.2,0.0,0.0,0.000166362412296
32.25,0.0,0.0,0.000164871924706
32.3,0.0,0.0,0.00016339480431
32.35,0.0,0.0,0.00016193098748
32.4,0.0,0.0,0.000160480271768
32.45,0.0,0.0,0.000159042393673
32.5,0.0,0.0,0.000157617453068
32.55,0.0,0.0,0.000156205270846
32.6,0.0,0.0,0.000154805763318
32.65,0.0,0.0,0.000153418641225
32.7,0.0,0.0,0.000152043796654
32.75,0.0,0.0,0.000150681593564
32.8,0.0,0.0,0.00014933160717
32.85,0.0,0.0,0.00014799377932
32.9,0.0,0.0,0.00014666792499
32.95,0.0,0.0,0.000145353803358
33.0,0.0,0.0,0.000144051505702
33.05,0.0,0.0,0.00014276086833
33.1,0.0,0.0,0.000141481814756
33.15,0.0,0.0,0.000140214080618
33.2,0.0,0.0,0.00013895756729
33.25,0.0,0.0,0.000137712607405
33.3,0.0,0.0,0.00013647881274
33.35,0.0,0.0,0.000135256130147
33.4,0.0,0.0,0.000134044390527
33.45,0.0,0.0,0.000132843373786
33.5,0.0,0.0,0.000131653163347
33.55,0.0,0.0,0.000130473609603
33.6,0.0,0.0,0.000129304642654
33.65,0.0,0.0,0.000128146020891
33.7,0.0,0.0,0.000126997654175
33.75,0.0,0.0,0.000125859846512
33.8,0.0,0.0,0.000124732243092
33.85,0.0,0.0,0.00012361479534
33.9,0.0,0.0,0.000122507348713
33.95,0.0,0.0,0.00012140970206
34.0,0.0,0.0,0.000120321931622
34.05,0.0,0.0,0.000119243900671
34.1,0.0,0.0,0.000118175545322
34.15,0.0,0.0,0.000117116644761
34.2,0.0,0.0,0.000116067116607
34.25,0.0,0.0,0.000115027238701
34.3,0.0,0.0,0.00011399668677
34.35,0.0,0.0,0.000112975416422
34.4,0.0,0.0,0.000111963286414
34.45,0.0,0.0,0.000110960112907
34.5,0.0,0.0,0.000109965965581
34.55,0.0,0.0,0.000108980719477
34.6,0.0,0.0,0.000108004316206
34.65,0.0,0.0,0.000107036553961
34.7,0.0,0.0,0.000106077357452
34.75,0.0,0.0,0.000105126980604
34.8,2.15993889441e-16,4.1844640203e-17,0.000104185127057
34.85,7.98808329398e-05,9.70423031537e-07,0.000103251756237
34.9,0.000154795669012,1.95606003211e-06,0.000102326739059
34.95,0.000225014975925,2.97036566603e-06,0.000101409907507
35.0,0.000290858642113,4.02891741491e-06,0.000100501325263
35.05,0.000352584904326,5.15252804293e-06,9.96008781231e-05
35.1,0.000410455746042,6.34686511077e-06,9.87085127247e-05
35.15,0.000464716135727,7.63452100029e-06,9.78240446289e-05
35.2,0.000515579515886,9.02712329454e-06,9.69474050263e-05
35.25,0.000563276984045,1.05352943841e-05,9.60788259877e-05
35.3,0.000607981383207,1.2180195775e-05,9.52180366588e-05
35.35,0.000649906537145,1.39660854472e-05,9.43649999594e-05
35.4,0.000689200848768,1.59146021953e-05,9.35195979134e-05
35.45,0.000726049451571,1.80382251007e-05,9.26816769661e-05
35.5,0.000760591125661,2.03444527274e-05,9.18512953192e-05
35.55,0.000792977848746,2.28575761171e-05,9.10283485971e-05
35.6,0.000823341679847,2.55800565682e-05,9.02127880308e-05
35.65,0.000851806773347,2.8531820956e-05,8.94044450558e-05
35.7,0.000878498043473,3.17274239604e-05,8.86032567847e-05
35.75,0.000903516346367,3.516872882e-05,8.78094353144e-05
35.8,0.000903516346367,3.70062778302e-05,8.70227331028e-05
35.85,0.000894975715403,3.88583641411e-05,8.6243116261e-05
35.9,0.000886515592469,4.07122499113e-05,8.54704769671e-05
35.95,0.000878135221,4.25635445312e-05,8.47046748826e-05
36.0,0.000869833851517,4.4410669813e-05,8.39457631998e-05
36.05,0.000861610741559,4.62481814317e-05,8.31936465266e-05
36.1,0.00085346515562,4.80735179727e-05,8.24482802916e-05
36.15,0.000845396365081,4.98841846522e-05,8.17095104383e-05
36.2,0.00083740364815,5.16775958163e-05,8.09772794921e-05
36.25,0.000829486289792,5.34510805986e-05,8.02517812949e-05
36.3,0.000821643581674,5.52018883167e-05,7.95327896102e-05
36.35,0.000813874822093,5.69279880194e-05,7.88202734659e-05
36.4,0.000806179315925,5.8628767402e-05,7.81141343202e-05
36.45,0.000798556374553,6.03011124382e-05,7.74142439134e-05
36.5,0.000791005315814,6.19435845855e-05,7.67206508597e-05
36.55,0.000783525463936,6.35567432073e-05,7.60332679771e-05
36.6,0.000776116149476,6.51378341778e-05,7.53520545305e-05
36.65,0.000768776709266,6.66861075324e-05,7.46768697228e-05
36.7,0.000761506486349,6.82008026044e-05,7.40076610263e-05
36.75,0.000754304829926,6.96811500297e-05,7.3344605599e-05
36.8,0.000747171095295,7.11271682794e-05,7.26874966764e-05
36.85,0.00074010834251,7.25387587295e-05,7.20363059521e-05
36.9,0.000733112166575,7.39142854913e-05,7.13909433657e-05
36.95,0.000726181941843,7.52542306705e-05,7.07512916967e-05
37.0,0.000719317048525,7.65592379151e-05,7.0117395375e-05
37.05,0.000712516872636,7.78278866764e-05,6.94891747223e-05
37.1,0.000705780805942,7.9061483841e-05,6.88665925097e-05
37.15,0.000699108245907,8.02598970876e-05,6.82495200581e-05
37.2,0.000692498595635,8.14223110712e-05,6.76379093609e-05
37.25,0.000685951263825,8.2550267442e-05,6.70319223283e-05
37.3,0.000679465664711,8.36442777529e-05,6.64313699918e-05
37.35,0.000673041218017,8.47039700721e-05,6.58362264814e-05
37.4,0.0006666773489,8.57298297504e-05,6.52464094879e-05
37.45,0.000660373487905,8.67223405518e-05,6.46618118798e-05
37.5,0.00065412907091,8.76820495598e-05,6.40824742632e-05
37.55,0.000647943539079,8.86094827815e-05,6.35083238175e-05
37.6,0.00064181633881,8.95051477494e-05,6.2939326518e-05
37.65,0.00063574692169,9.03695338958e-05,6.23753647609e-05
37.7,0.000629734744443,9.12031147044e-05,6.18163946715e-05
37.75,0.000623779268885,9.2006347472e-05,6.12625642245e-05
37.8,0.000617879961873,9.27808429511e-05,6.07137007158e-05
37.85,0.000691920186886,9.86798707542e-05,6.01697805019e-05
37.9,0.000761049471366,0.000104988909632,5.96307283579e-05
37.95,0.000825537765637,0.000111706782674,5.90964463731e-05
38.0,0.000885704445592,0.000118850606959,5.85669716585e-05
38.05,0.000941807240241,0.000126463318747,5.80422376611e-05
38.1,0.000994107630078,0.000134512486451,5.75222132847e-05
38.15,0.00104285008529,0.000143055429057,5.70067910477e-05
38.2,0.00108824755479,0.000152087598202,5.64959308513e-05
38.25,0.0011305306471,0.000161600728225,5.59897679345e-05
38.3,0.00116987172084,0.000171636544523,5.54881444574e-05
38.35,0.0012064841199,0.000182154650927,5.49910388116e-05
38.4,0.00124051577183,0.000193192783209,5.44983822468e-05
38.45,0.00127215133921,0.000204751533696,5.40100852791e-05
38.5,0.00130152913563,0.000216800819431,5.35261818256e-05
38.55,0.00132880067667,0.000229393727622,5.30466110614e-05
38.6,0.00135409756354,0.000242486111094,5.25713445667e-05
38.65,0.00137754349712,0.000256116505245,5.21002841107e-05
38.7,0.00139926294235,0.000270307189568,5.16333930459e-05
38.75,0.00141935631034,0.000285041753505,5.11707949714e-05
38.8,0.00141447782452,0.000292918711849,5.07123456325e-05
38.85,0.00140110724948,0.000300782192046,5.02580252804e-05
38.9,0.00138786271181,0.000308689183498,4.98077710821e-05
38.95,0.00137474302709,0.000316743204548,4.93615012557e-05
39.0,0.00136174702199,0.000325081121508,4.89192467989e-05
39.05,0.00134887353417,0.000333886302016,4.8480952122e-05
39.1,0.00133612141217,0.000343411892924,4.80465912512e-05
39.15,0.00132348951532,0.000354020739698,4.76160744103e-05
39.2,0.00131097671364,0.000366261550062,4.7189368106e-05
39.25,0.00129858188772,0.000381012742768,4.67665852995e-05
39.3,0.00128630392865,0.000399777895028,4.63475941518e-05
39.35,0.0012741417379,0.000425355384787,4.59323766139e-05
39.4,0.00126209422723,0.000463479191025,4.55208752608e-05
39.45,0.0012501603186,0.000527039537608,4.51130153494e-05
39.5,0.00123833894405,0.00064392682843,4.47088252095e-05
39.55,0.00122662904566,0.000824984059681,4.43082540359e-05
39.6,0.00121502957539,0.000932216244154,4.39112780904e-05
39.65,0.00120353949504,0.000954142007143,4.35178153237e-05
39.7,0.00119215777611,0.000958006621357,4.31278351253e-05
39.75,0.00118088339978,0.000958369028988,4.27414407339e-05
39.8,0.00116971535675,0.000957643793052,4.23585116576e-05
39.85,0.00115865843759,0.000956244568645,4.19790314011e-05
39.9,0.00114770574619,0.000954117030607,4.16029474817e-05
39.95,0.00113685630308,0.000951016277448,4.12301915894e-05
40.0,0.00112610913796,0.00094653470915,4.08607896158e-05
40.05,0.00111546328961,0.000940062966636,4.04946951284e-05
40.1,0.00110491780585,0.000930725398223,4.0131886432e-05
40.15,0.00109447174337,0.00091732704646,3.97722885392e-05
40.2,0.00108412416773,0.000898350333937,3.94158734743e-05
40.25,0.00107387415323,0.000872086220735,3.90627355901e-05
40.3,0.00106372078283,0.000836974009061,3.87127647655e-05
40.35,0.0010536631481,0.000792232382056,3.83659459249e-05
40.4,0.00104370034911,0.000738707618284,3.80222311027e-05
40.45,0.00103383149436,0.00067899039242,3.76815578683e-05
40.5,0.0010240557007,0.000615390864083,3.73439498847e-05
40.55,0.00101437209327,0.00054838097283,3.70093647159e-05
40.6,0.00100477980538,0.000477817936253,3.66777825339e-05
40.65,0.000995277978481,0.000405272075368,3.63491348056e-05
40.7,0.000985865762059,0.000335467831227,3.60233959629e-05
40.75,0.000976542313573,0.000274751669899,3.57006522378e-05
40.8,0.000967306798375,0.000227050430582,3.53808029873e-05
40.85,0.000958163178088,0.000192099328785,3.50638344332e-05
40.9,0.000949105749894,0.000167313296405,3.47497027384e-05
40.95,0.000940133703813,0.000149899663384,3.44383508454e-05
41.0,0.00093124623745,0.000137702484894,3.41298003808e-05
41.05,0.000922442555925,0.000129208584986,3.38240125609e-05
41.1,0.000913721871803,0.000123396790416,3.35209692644e-05
41.15,0.000905083405024,0.000119567820693,3.32206078565e-05
41.2,0.000896526382833,0.000117238951242,3.29229049698e-05
41.25,0.000888050039716,0.00011606839454,3.26279394146e-05
41.3,0.000879653617325,0.000115806453378,3.233561921e-05
41.35,0.000871336364419,0.00011627243386,3.20459317637e-05
41.4,0.000863097536795,0.000117326026344,3.17588370115e-05
41.45,0.000854936397218,0.000118861911823,3.1474282807e-05
41.5,0.000846852215363,0.000120795000827,3.11922889151e-05
41.55,0.000838844267746,0.000123060646599,3.09128198904e-05
41.6,0.000830911837661,0.00012560136372,3.06358591712e-05
41.65,0.000823054215117,0.000128373523061,3.03613495137e-05
41.7,0.000815270696777,0.000131339741532,3.00892695616e-05
41.75,0.000807560585891,0.000134467846054,2.98196913422e-05
41.8,0.000799923192242,0.000137730024134,2.95525307911e-05
41.85,0.000792361791928,0.000141102223178,2.92877763999e-05
41.9,0.000784871668953,0.000144563661044,2.90253915528e-05
41.95,0.000777452153496,0.000148095638619,2.87653285913e-05
42.0,0.000770102582009,0.000151681893387,2.85076055795e-05
42.05,0.00076282229716,0.000155308103844,2.82521901225e-05
42.1,0.000755610647771,0.00015896156823,2.79990670842e-05
42.15,0.000748466988765,0.000162630975264,2.77481841475e-05
42.2,0.000741390681105,0.000166306213651,2.74995217944e-05
42.25,0.000734381091742,0.000169978211001,2.72531458528e-05
42.3,0.000727437593553,0.000173638797243,2.70089794937e-05
42.35,0.000720559565294,0.00017728059638,2.67670121991e-05
42.4,0.000713746391536,0.000180896931091,2.65272105048e-05
42.45,0.00070699746262,0.000184481745604,2.62895308542e-05
42.5,0.000700312174595,0.00018802985389,2.60539897565e-05
42.55,0.000693689929169,0.000191540163,2.58205576052e-05
42.6,0.000687130133655,0.000195004720268,2.55892205667e-05
42.65,0.000680632200922,0.000198419411529,2.5359930827e-05
42.7,0.000674195549336,0.000201787224833,2.5132670548e-05
42.75,0.000667819602715,0.000205098938445,2.49074998916e-05
42.8,0.000661503790277,0.000208357241165,2.46843486416e-05
42.85,0.000655250821223,0.000211556853649,2.44632071853e-05
42.9,0.000649056795614,0.000214700633169,2.42440449386e-05
42.95,0.000642921159538,0.000217782619953,2.40268220938e-05
43.0,0.000636843364266,0.00022080772059,2.38115537392e-05
43.05,0.000630822866212,0.000223772304809,2.35982128165e-05
43.1,0.000624859126879,0.000226675696493,2.33867866827e-05
43.15,0.000618951612814,0.000229520233813,2.31772316392e-05
43.2,0.000613099795561,0.000232307389443,2.29695313829e-05
43.25,0.000607303151611,0.000235035794315,2.27637408981e-05
43.3,0.000601561162363,0.00023770681582,2.25597960117e-05
43.35,0.00059587331407,0.000240322027344,2.23576879384e-05
43.4,0.0005902390978,0.000242883654554,2.21573887265e-05
43.45,0.000584658009389,0.000245393222133,2.19588619945e-05
43.5,0.000579129549393,0.00024785255172,2.1762121532e-05
43.55,0.000573653223051,0.000250263823346,2.15671426096e-05
43.6,0.000568228540234,0.000252629377297,2.13739136726e-05
43.65,0.000562855015408,0.000254951715654,2.11823947833e-05
43.7,0.000557532167587,0.000257233507354,2.09925710419e-05
43.75,0.000552259520292,0.000259477592643,2.08044927002e-05
43.8,0.000547036601508,0.000261686987737,2.06181011084e-05
43.85,0.000541865651634,0.000263864900271,2.04333882375e-05
43.9,0.000536743445581,0.000266014761382,2.02503285413e-05
43.95,0.000531669525285,0.00026814020042,2.00688887698e-05
44.0,0.000526643436971,0.000270246626213,1.98890815258e-05
44.05,0.000521664731115,0.000272337653891,1.97108842081e-05
44.1,0.000516732962401,0.000274416796978,1.95342862567e-05
44.15,0.000511847689686,0.000276488792349,1.93592511712e-05
44.2,0.000507008475958,0.000278558761493,1.91857653342e-05
44.25,0.000502214888297,0.000280632668936,1.90138746724e-05
44.3,0.000497466497841,0.000282718518034,1.88435255841e-05
44.35,0.000492762879743,0.00028482056456,1.8674710731e-05
44.4,0.000488103613136,0.000286946135413,1.85074067659e-05
44.45,0.000483488281097,0.000289103385816,1.83415833005e-05
44.5,0.000478916470607,0.000291301458724,1.81772518528e-05
44.55,0.000474387772518,0.00029355174225,1.80143917671e-05
44.6,0.000469901781514,0.00029586555917,1.7852993392e-05
44.65,0.000465458096078,0.000298255433045,1.76930233688e-05
44.7,0.000461056318454,0.000300736962191,1.75344692523e-05
44.75,0.000456696054613,0.000303328413015,1.7377373016e-05
44.8,0.000452376914218,0.00030605139823,1.72216856717e-05
44.85,0.000448100749989,0.000308931785689,1.7067400513e-05
44.9,0.000443864894908,0.000312001432122,1.69144962018e-05
44.95,0.000439668970174,0.000315298855681,1.67629449656e-05
45.0,0.000435512600535,0.000318874500133,1.66127573308e-05
45.05,0.000431395414251,0.000322788015814,1.64639144196e-05
45.1,0.000427317043067,0.000327119234434,1.63164074114e-05
45.15,0.000423277122174,0.000331975958919,1.61702058185e-05
45.2,0.00041927529018,0.000337502307419,1.60252982668e-05
45.25,0.00041531118908,0.0003438981363,1.58817231174e-05
45.3,0.000411384464221,0.000351456706996,1.57394355983e-05
45.35,0.000407494764272,0.000360609181146,1.55984295803e-05
45.4,0.000403641741194,0.000372038087843,1.5458685562e-05
45.45,0.000399825050208,0.000386872502895,1.5320178161e-05
45.5,0.000396044349764,0.000407116137808,1.5182916998e-05
45.55,0.000392299301515,0.00043662110392,1.50468848197e-05
45.6,0.000388589570279,0.000483451559687,1.49120735649e-05
45.65,0.000384914824019,0.000565052030862,1.47784553698e-05
45.7,0.000381274733807,0.000706523461908,1.46460198393e-05
45.75,0.000377668973798,0.000854521979401,1.45148020328e-05
45.8,0.000374097221198,0.000906951699054,1.43847610319e-05
45.85,0.00037056100813,0.00091747966249,1.42558912347e-05
45.9,0.000367058129081,0.00091951429415,1.41281748184e-05
45.95,0.000363588270797,0.000919334916618,1.40015885853e-05
46.0,0.00036015112296,0.000918143184103,1.38761413278e-05
46.05,0.000356746378156,0.00091608614825,1.37518172779e-05
46.1,0.000353373731854,0.000912967358936,1.3628609068e-05
46.15,0.000350032882371,0.000908370020024,1.35064912326e-05
46.2,0.000346723530851,0.000901641999592,1.33854542713e-05
46.25,0.000343445381238,0.000891832035887,1.32655302258e-05
46.3,0.00034019814025,0.000877637942187,1.31466816997e-05
46.35,0.000336981517349,0.00085742685131,1.30289035732e-05
46.4,0.000333795224721,0.000829413002928,1.29121795575e-05
46.45,0.000330638977249,0.000792092604356,1.27964884514e-05
46.5,0.000327512492484,0.000744993529947,1.26818382907e-05
46.55,0.000324415490627,0.000689539347659,1.25682146645e-05
46.6,0.000321347694498,0.000628546880417,1.24556108391e-05
46.65,0.000318308829513,0.000563788789657,1.23440035411e-05
46.7,0.000315298623664,0.000495355707891,1.22333840875e-05
46.75,0.000312316807489,0.000423620475473,1.21237817626e-05
46.8,0.000309363114053,0.000351602255266,1.20151623882e-05
46.85,0.000306438810357,0.000285364052108,1.19075212855e-05
46.9,0.000303542072531,0.000230721671494,1.18008435674e-05
46.95,0.00030067264153,0.000189473656053,1.16951098577e-05
47.0,0.000297830260731,0.000159747013492,1.15903275005e-05
47.05,0.000295014675918,0.000138587956915,1.1486483325e-05
47.1,0.000292225635252,0.000123449343484,1.13835711775e-05
47.15,0.000289462889257,0.000112510751436,1.12815697873e-05
47.2,0.00028672619079,0.000104537893749,1.1180471219e-05
47.25,0.000284015295026,9.86958013522e-05,1.10803022362e-05
47.3,0.00028132995943,9.44133657021e-05,1.09810316027e-05
47.35,0.000278669943742,9.12932456277e-05,1.08826550421e-05
47.4,0.00027603500995,8.90561814786e-05,1.07851589488e-05
47.45,0.000273424922273,8.74987519066e-05,1.06885256141e-05
47.5,0.00027083944714,8.6468776718e-05,1.05927617502e-05
47.55,0.000268278353167,8.58536985515e-05,1.04978553199e-05
47.6,0.000265741411136,8.55712152421e-05,1.04038006988e-05
47.65,0.000263228393981,8.55523498668e-05,1.03105784474e-05
47.7,0.000260739076759,8.57453914481e-05,1.02181813131e-05
47.75,0.000258273236637,8.6112616559e-05,1.01266337559e-05
47.8,0.000255830652871,8.66170444204e-05,1.00359072281e-05
47.85,0.000253412373219,8.72361040424e-05,9.9459978215e-06
47.9,0.000251016889416,8.79454068686e-05,9.85689310141e-06
47.95,0.00024864398724,8.87295375401e-05,9.76857688332e-06
48.0,0.000246293454477,8.95747803777e-05,9.68105530165e-06
48.05,0.000243965080897,9.04676793461e-05,9.59431735528e-06
48.1,0.000241658658244,9.13986215641e-05,9.50835790401e-06
48.15,0.000239373980209,9.23595422986e-05,9.42315918126e-06
48.2,0.000237110842415,9.33436620607e-05,9.33871455876e-06
48.25,0.000234869042401,9.43452696599e-05,9.25504639136e-06
48.3,0.000232648379603,9.53599251694e-05,9.17212858829e-06
48.35,0.000230448655333,9.63839843574e-05,9.08995757771e-06
48.4,0.000228269672766,9.74132365194e-05,9.00852199526e-06
48.45,0.000226111236922,9.84447678803e-05,8.92780704939e-06
48.5,0.000223973154645,9.94760919646e-05,8.84781834652e-06
48.55,0.000221855234591,0.000100505079749,8.76854583238e-06
48.6,0.000219757287206,0.000101529901894,8.6899848092e-06
48.65,0.000217679124716,0.000102548980326,8.61211903953e-06
48.7,0.000215620561102,0.000103561347543,8.5349424656e-06
48.75,0.00021358141209,0.000104567273736,8.45847551819e-06
48.8,0.000211561495134,0.000105564082591,8.38269435216e-06
48.85,0.000209561676688,0.00010655086735,8.30759570306e-06
48.9,0.000207580709477,0.000107526831525,8.23316918467e-06
48.95,0.000205618416348,0.000108491765967,8.15940127852e-06
49.0,0.00020367462181,0.000109447292,8.0862971085e-06
49.05,0.000201749152011,0.000110390320428,8.01384748569e-06
49.1,0.000199841834732,0.000111320329655,7.94204811666e-06
49.15,0.000197952499362,0.000112238180336,7.87088416149e-06
49.2,0.000196080976892,0.000113144889374,7.80035008381e-06
49.25,0.000194227099894,0.00011403752116,7.73046455593e-06
49.3,0.000192390702509,0.000114916242959,7.66120578503e-06
49.35,0.000190571620432,0.000115784356891,7.59257078765e-06
49.4,0.000188769690896,0.00011663758857,7.52455007149e-06
49.45,0.00018698475266,0.000117477316485,7.45713128158e-06
49.5,0.000185216645992,0.000118305613118,7.39031910082e-06
49.55,0.000183465212658,0.00011911838208,7.32410513118e-06
49.6,0.000181730295906,0.000119919449315,7.25848544874e-06
49.65,0.000180011740452,0.000120706336118,7.19344649085e-06
49.7,0.000178309392469,0.000121479139098,7.12898319762e-06
49.75,0.000176623099569,0.000122239967913,7.0651126343e-06
49.8,0.000174952710792,0.000122985035233,7.00181488372e-06
49.85,0.000173298942662,0.000123719672762,6.93908721922e-06
49.9,0.000171660763732,0.000124437737732,6.87692096547e-06
49.95,0.000170038027506,0.000125145962476,6.8153048309e-06
50.0,0.000168430588858,0.000125837519567,6.75424309535e-06
50.05,0.000166838304021,0.00012651927262,6.69372808359e-06
50.1,0.000165261030575,0.000127184507487,6.63375620944e-06
50.15,0.000163698627434,0.000127840051051,6.57431507757e-06
50.2,0.000162150954833,0.000128479804506,6.51540006358e-06
50.25,0.000160617874317,0.000129108842061,6.45702676394e-06
50.3,0.000159099248726,0.000129723668368,6.39917697573e-06
50.35,0.000157594942187,0.000130326137742,6.34184820696e-06
50.4,0.000156104820098,0.000130916579675,6.28503252899e-06
50.45,0.00015462874912,0.00013149242007,6.22871962209e-06
50.5,0.000153166597161,0.000132059007725,6.17291339774e-06
50.55,0.000151718233368,0.000132610978187,6.11760684132e-06
50.6,0.000150283528114,0.000133151388739,6.06279667529e-06
50.65,0.000148862352984,0.00013368040687,6.00847157119e-06
50.7,0.00014745458077,0.000134195433683,5.95462730263e-06
50.75,0.000146060085454,0.000134700734717,5.90127812369e-06
50.8,0.000144678742198,0.000135193670934,5.84840739819e-06
50.85,0.000143311143537,0.000135673216029,5.7960128486e-06
50.9,0.000141956436508,0.000136143713081,5.74408722868e-06
50.95,0.000140614499964,0.000136602127815,5.69262110694e-06
51.0,0.000139285213892,0.000137048046887,5.64161805817e-06
51.05,0.000137968459402,0.000137484489732,5.59107167151e-06
51.1,0.000136664118719,0.000137909945179,5.54097895151e-06
51.15,0.000135372075171,0.000138323144944,5.49132954472e-06
51.2,0.000134092213177,0.000138725351099,5.44211958854e-06
51.25,0.000132824418241,0.000139118818972,5.3933621102e-06
51.3,0.000131568576937,0.000139500557023,5.34504190538e-06
51.35,0.000130324576905,0.000139870763058,5.29715689257e-06
51.4,0.000129092306833,0.000140231457131,5.24970044921e-06
51.45,0.000127871656455,0.000140582935169,5.20266395556e-06
51.5,0.000126662516538,0.000140923375537,5.15605067875e-06
51.55,0.00012546477887,0.000141252964279,5.10985475968e-06
51.6,0.000124278336255,0.000141572837749,5.06407346072e-06
51.65,0.0001231030825,0.000141884633156,5.01869731952e-06
51.7,0.00012193891241,0.000142186041488,4.97372280594e-06
51.75,0.00012078572177,0.000142477237874,4.92916182597e-06
51.8,0.000119643407348,0.00014275839424,4.8850004839e-06
51.85,0.000118512459144,0.000143031188656,4.84123687739e-06
51.9,0.000117392171792,0.000143295688197,4.79786495387e-06
51.95,0.00011628244511,0.00014355058034,4.75487683548e-06
52.0,0.000115183179851,0.000143796027005,4.71227550815e-06
52.05,0.000114094277699,0.000144032187327,4.67005561708e-06
52.1,0.000113015641257,0.000144259217893,4.62821466025e-06
52.15,0.000111947174043,0.000144479588259,4.58674398975e-06
52.2,0.000110888780477,0.000144691238117,4.54564037924e-06
52.25,0.000109840365875,0.000144894147368,4.50491471001e-06
52.3,0.000108801836438,0.000145088463081,4.46455428231e-06
52.35,0.000107773099249,0.00014527433015,4.42455735753e-06
52.4,0.000106754062257,0.00014545189108,4.38491840406e-06
52.45,0.000105744634278,0.000145621579504,4.34563022206e-06
52.5,0.000104744724979,0.00014578530107,4.30669554049e-06
52.55,0.000103754244874,0.000145941153088,4.2681094654e-06
52.6,0.000102773105317,0.000146089190841,4.22986971013e-06
52.65,0.00010180121849,0.000146229546178,4.19196837109e-06
52.7,0.0001008384974,0.000146362348927,4.15440249962e-06
52.75,9.9884855868e-05,0.000146487726813,4.11718204046e-06
52.8,9.89402085223e-05,0.00014660580519,4.08029538694e-06
52.85,9.80049605748e-05,0.000146716707583,4.04374095007e-06
52.9,9.70785287171e-05,0.000146820558726,4.00751367434e-06
52.95,9.61608301011e-05,0.000146918709736,3.9716069796e-06
53.0,9.52517826544e-05,0.000147010104188,3.93602335992e-06
53.05,9.43513050735e-05,0.000147094746481,3.90075834258e-06
53.1,9.3459316816e-05,0.000147172750976,3.86580983773e-06
53.15,9.25757380943e-05,0.000147244230172,3.83117062201e-06
53.2,9.17004898677e-05,0.00014730929487,3.79683800057e-06
53.25,9.0833493836e-05,0.000147368054087,3.76282106222e-06
53.3,8.99746724325e-05,0.000147420614813,3.72910919924e-06
53.35,8.91239488171e-05,0.000147467082504,3.69570095943e-06
53.4,8.82812468692e-05,0.000147507560898,3.66259172238e-06
53.45,8.74464911817e-05,0.000147542152119,3.6297754743e-06
53.5,8.66196070537e-05,0.000147570956734,3.59725449459e-06
53.55,8.58005204843e-05,0.000147594073588,3.56502469549e-06
53.6,8.49891581657e-05,0.000147611599981,3.53308416703e-06
53.65,8.41854474772e-05,0.000147623631641,3.50142630755e-06
53.7,8.33893164782e-05,0.000147630262869,3.47004865414e-06
53.75,8.26006939026e-05,0.000147631586459,3.43895951336e-06
53.8,8.18195091518e-05,0.000147627693472,3.40814919047e-06
53.85,8.10460973191e-05,0.000147618998391,3.37761635826e-06
53.9,8.02799760324e-05,0.000147605265583,3.347356794e-06
53.95,7.95210767797e-05,0.000147586540419,3.31736500149e-06
54.0,7.87693316904e-05,0.000147563235142,3.28764306396e-06
54.05,7.802467353e-05,0.000147535271309,3.25818724547e-06
54.1,7.72870356931e-05,0.000147502572352,3.22899580043e-06
54.15,7.65563521986e-05,0.000147465220149,3.2000626954e-06
54.2,7.58325576832e-05,0.000147423295374,3.17138567943e-06
54.25,7.51155873957e-05,0.00014737687743,3.14297234414e-06
54.3,7.44053771916e-05,0.000147326044231,3.11481382922e-06
54.35,7.37018635274e-05,0.000147270872625,3.08690892169e-06
54.4,7.30049834544e-05,0.000147211438224,3.05925376227e-06
54.45,7.2314674614e-05,0.000147147815492,3.03184332779e-06
54.5,7.16308752317e-05,0.000147080077793,3.0046795222e-06
54.55,7.09535241116e-05,0.000147008297241,2.97775893109e-06
54.6,7.02825606313e-05,0.000146932544853,2.95107995913e-06
54.65,6.96179247364e-05,0.000146852890517,2.92463709215e-06
54.7,6.8959556935e-05,0.000146769403112,2.89842827295e-06
54.75,6.83073982928e-05,0.000146682407306,2.87246043976e-06
54.8,6.76613904278e-05,0.000146591845237,2.84672549484e-06
54.85,6.70218104485e-05,0.000146497685666,2.82122232963e-06
54.9,6.63882594527e-05,0.000146399994982,2.79594741699e-06
54.95,6.57606807839e-05,0.000146298836347,2.77089616613e-06
55.0,6.5139018316e-05,0.000146194272,2.74607031708e-06
55.05,6.45232164486e-05,0.000146086363121,2.72146674934e-06
55.1,6.39132201018e-05,0.000145975169967,2.69708400487e-06
55.15,6.3308974712e-05,0.000145860751845,2.67291704411e-06
55.2,6.27104262264e-05,0.000145743167212,2.64896398692e-06
55.25,6.21175210984e-05,0.000145622473618,2.62523117435e-06
55.3,6.15302062831e-05,0.000145498727525,2.60171120564e-06
55.35,6.09484292326e-05,0.00014537198465,2.57840306763e-06
55.4,6.0372137891e-05,0.000145242299824,2.55530353677e-06
55.45,5.98012806902e-05,0.000145109727063,2.53240841737e-06
55.5,5.92358065452e-05,0.000144974495044,2.50971929973e-06
55.55,5.86756648495e-05,0.000144836784432,2.4872333319e-06
55.6,5.8120805471e-05,0.000144696345502,2.46494918135e-06
55.65,5.75711787469e-05,0.000144553228938,2.44286224226e-06
55.7,5.70267354801e-05,0.00014440748471,2.42097079631e-06
55.75,5.64874269342e-05,0.000144259162017,2.39928063879e-06
55.8,5.59532048296e-05,0.000144108309122,2.37778500591e-06
55.85,5.54242983238e-05,0.00014395538808,2.35648297171e-06
55.9,5.49003775411e-05,0.000143800614755,2.33537159009e-06
55.95,5.43813956286e-05,0.000143643481929,2.31444702648e-06
56.0,5.38673061725e-05,0.000143484034762,2.2937107343e-06
56.05,5.33580631935e-05,0.000143322317647,2.27316010707e-06
56.1,5.28536211429e-05,0.000143158374317,2.25279392695e-06
56.15,5.23539348987e-05,0.000142992247823,2.23260798452e-06
56.2,5.18589597614e-05,0.000142823980612,2.21260070938e-06
56.25,5.13686514502e-05,0.00014265361448,2.192777398e-06
56.3,5.08829660993e-05,0.000142481190422,2.17313186877e-06
56.35,5.04018602534e-05,0.000142306748911,2.1536632754e-06
56.4,4.99252908646e-05,0.00014213032978,2.13436892538e-06
56.45,4.94532152883e-05,0.000141951972278,2.11524531416e-06
56.5,4.8985591279e-05,0.000141771715099,2.09629377007e-06
56.55,4.85223769875e-05,0.00014159070939,2.07751191097e-06
56.6,4.80635309564e-05,0.00014140803692,2.05889862382e-06
56.65,4.76090121166e-05,0.000141223601601,2.04045006154e-06
56.7,4.71587797842e-05,0.000141037439525,2.02216478886e-06
56.75,4.67127936562e-05,0.000140849586228,2.00404764639e-06
56.8,4.62710138073e-05,0.000140660076559,1.98609298457e-06
56.85,4.58336297413e-05,0.000140468944929,1.96830002996e-06
56.9,4.54003686645e-05,0.00014027622668,1.95066632178e-06
56.95,4.49711918317e-05,0.000140081955143,1.93318865711e-06
57.0,4.45460608603e-05,0.000139886247955,1.91586824995e-06
57.05,4.41249377274e-05,0.000139689374127,1.89870292321e-06
57.1,4.37077847661e-05,0.000139492026585,1.88169165963e-06
57.15,4.32945646624e-05,0.000139293761675,1.86483094323e-06
57.2,4.28852404515e-05,0.000139094126395,1.84811946229e-06
57.25,4.24797755151e-05,0.000138893150866,1.83156164081e-06
57.3,4.20781335779e-05,0.000138690864621,1.81515231545e-06
57.35,4.16802787043e-05,0.000138487296823,1.79889077935e-06
57.4,4.12861752953e-05,0.000138282476176,1.78277478353e-06
57.45,4.08957880855e-05,0.000138076430965,1.76680140074e-06
57.5,4.05090821398e-05,0.000137869189077,1.7509717405e-06
57.55,4.01260228505e-05,0.00013766077792,1.73528381308e-06
57.6,3.97465759339e-05,0.000137452119816,1.7197366888e-06
57.65,3.93707074279e-05,0.000137242996433,1.70432715428e-06
57.7,3.89983836882e-05,0.000137032803313,1.6890540107e-06
57.75,3.8629571386e-05,0.000136821566028,1.67392130128e-06
57.8,3.82642375047e-05,0.000136609309645,1.65892430711e-06
57.85,3.79025387563e-05,0.000136396058919,1.64406238215e-06
57.9,3.75442495515e-05,0.000136181839414,1.62933347098e-06
57.95,3.71893378495e-05,0.000135966675106,1.61473489832e-06
58.0,3.68377719096e-05,0.000135750589635,1.60026767817e-06
58.05,3.64895202884e-05,0.000135533983624,1.58592999207e-06
58.1,3.61445518368e-05,0.00013531774786,1.57172099035e-06
58.15,3.58028356976e-05,0.000135100677586,1.5576377362e-06
58.2,3.54643413027e-05,0.000134882794797,1.54367913398e-06
58.25,3.51290383701e-05,0.000134664121145,1.52984887893e-06
58.3,3.47968969015e-05,0.000134444677848,1.51614265827e-06
58.35,3.44678871798e-05,0.000134224485863,1.50255988158e-06
58.4,3.4141979766e-05,0.000134003565813,1.48909867034e-06
58.45,3.38191454971e-05,0.00013378193802,1.47575657952e-06
58.5,3.34993554832e-05,0.000133560240298,1.46253453587e-06
58.55,3.3182581105e-05,0.00013333926368,1.44943087741e-06
58.6,3.28687940116e-05,0.000133117774677,1.43644482762e-06
58.65,3.25579661173e-05,0.000132895673882,1.42357370247e-06
58.7,3.22500696e-05,0.00013267297988,1.4108165006e-06
58.75,3.1945076898e-05,0.000132449710963,1.39817659921e-06
58.8,3.16429607079e-05,0.000132225885051,1.38565005671e-06
58.85,3.13438506242e-05,0.000132001519843,1.37323633351e-06
58.9,3.10475600937e-05,0.000131776633732,1.36093371277e-06
58.95,3.075406262e-05,0.000131552659064,1.34873995989e-06
59.0,3.04633319548e-05,0.000131328517721,1.33665592186e-06
59.05,3.01753420957e-05,0.000131103921023,1.32468007976e-06
59.1,2.98900672837e-05,0.000130878885117,1.31281172389e-06
59.15,2.96074820012e-05,0.000130653425889,1.30104840122e-06
59.2,2.93275609696e-05,0.000130427559011,1.28938919659e-06
59.25,2.90502791468e-05,0.000130201299905,1.27783719653e-06
59.3,2.87756117256e-05,0.000129974663671,1.2663887987e-06
59.35,2.85035341311e-05,0.000129748591138,1.25504350994e-06
59.4,2.82340220184e-05,0.000129523004887,1.24379976118e-06
59.45,2.7967051271e-05,0.000129297099311,1.23265551017e-06
59.5,2.7702597998e-05,0.000129070888474,1.22161153097e-06
59.55,2.74406385326e-05,0.000128844386184,1.2106664354e-06
59.6,2.71811494296e-05,0.000128617606041,1.19981957485e-06
59.65,2.69241074633e-05,0.000128390561423,1.18906870742e-06
59.7,2.6669489626e-05,0.000128163265525,1.17841299672e-06
59.75,2.64172731253e-05,0.000127936453083,1.16785526361e-06
59.8,2.61674353824e-05,0.000127710469102,1.15739221581e-06
59.85,2.59200835666e-05,0.000127484284739,1.14702340261e-06
59.9,2.56750634061e-05,0.000127257912949,1.13674738998e-06
59.95,2.54323529894e-05,0.000127031365693,1.12656231144e-06
60.0,2.51919306104e-05,0.00012680465476,1.11646887444e-06
60.05,2.49537747659e-05,0.000126577982886,1.10646581028e-06
60.1,2.47178641545e-05,0.000126351397183,1.09655252615e-06
60.15,2.4484177674e-05,0.000126125410263,1.08672697314e-06
60.2,2.42526944201e-05,0.000125900363417,1.07698838683e-06
60.25,2.4023393684e-05,0.000125675221854,1.0673393453e-06
60.3,2.37962549513e-05,0.00012544999601,1.05777683962e-06
60.35,2.35712578994e-05,0.000125224696196,1.04830045788e-06
60.4,2.33483823961e-05,0.000124999332545,1.03890888948e-06
60.45,2.3127608498e-05,0.000124773915036,1.02960042858e-06
60.5,2.29089164484e-05,0.000124548453504,1.02037572173e-06
60.55,2.26922866758e-05,0.000124323831538,1.01123360945e-06
60.6,2.24776997919e-05,0.000124100096373,1.00217354994e-06
60.65,2.22651365901e-05,0.000123876356321,9.93193670628e-07
60.7,2.20545780438e-05,0.000123652620427,9.84293272898e-07
60.75,2.18460053048e-05,0.000123428897587,9.75474712933e-07
60.8,2.16393997014e-05,0.000123205196488,9.66735240788e-07
60.85,2.1434849858e-05,0.000122981525713,9.58074479991e-07
60.9,2.12322281983e-05,0.000122757894336,9.4949123275e-07
60.95,2.10315166023e-05,0.00012253541489,9.40983940044e-07
61.0,2.08326971199e-05,0.000122313667718,9.32553192787e-07
61.05,2.0635751969e-05,0.000122091994151,9.24197931268e-07
61.1,2.04406635341e-05,0.000121870401911,9.15917660344e-07
61.15,2.02474143646e-05,0.000121648898586,9.07710668601e-07
61.2,2.00559871734e-05,0.000121427491652,8.99576317554e-07
61.25,1.98663648353e-05,0.000121206188459,8.91516760593e-07
61.3,1.96785303856e-05,0.000120984996177,8.83529484457e-07
61.35,1.94924670184e-05,0.00012076528906,8.75614145076e-07
61.4,1.93081580853e-05,0.000120546109658,8.67769647751e-07
61.45,1.91255870937e-05,0.000120327070984,8.59994567645e-07
61.5,1.89447377058e-05,0.000120108179634,8.52289444812e-07
61.55,1.87655937366e-05,0.00011988953289,8.44653310749e-07
61.6,1.85881391529e-05,0.000119671321301,8.37085712929e-07
61.65,1.84123580717e-05,0.000119453306735,8.29585087238e-07
61.7,1.82382347586e-05,0.000119235465816,8.22150850144e-07
61.75,1.8065753627e-05,0.000119019423351,8.14784969698e-07
61.8,1.78948992361e-05,0.000118803701504,8.07485148951e-07
61.85,1.77257448748e-05,0.000118588179125,8.0025107345e-07
61.9,1.75581850425e-05,0.000118372862277,7.93081742712e-07
61.95,1.7392204755e-05,0.000118157756399,7.85975854535e-07
62.0,1.7227789168e-05,0.000117942866841,7.78933902492e-07
62.05,1.70649235766e-05,0.000117728198838,7.71955001436e-07
62.1,1.69035934134e-05,0.000117513863132,7.65038737791e-07
62.15,1.67437842475e-05,0.000117301378886,7.58183682063e-07
62.2,1.65854817833e-05,0.000117089138922,7.51389300944e-07
62.25,1.64286718588e-05,0.000116877147989,7.44657393097e-07
62.3,1.6273340445e-05,0.000116665410705,7.3798585927e-07
62.35,1.6119473644e-05,0.000116453931626,7.31374412073e-07
62.4,1.59670576882e-05,0.000116242715217,7.24822137134e-07
62.45,1.58160789392e-05,0.000116031765866,7.1832784433e-07
62.5,1.5666523886e-05,0.000115821337558,7.11891984752e-07
62.55,1.55183791444e-05,0.000115612635891,7.05513749439e-07
62.6,1.53716314555e-05,0.00011540422085,6.99192760408e-07
62.65,1.52262676848e-05,0.000115196096368,6.92927711201e-07
62.7,1.50822748206e-05,0.000114988266315,6.86718114412e-07
62.75,1.49396399734e-05,0.000114780734481,6.80565613894e-07
62.8,1.47983503743e-05,0.000114573504545,6.74468291076e-07
62.85,1.46584666301e-05,0.000114366580132,6.68425883303e-07
62.9,1.45199014964e-05,0.000114160252581,6.62437554901e-07
62.95,1.43826425815e-05,0.000113955622837,6.56502218181e-07
63.0,1.42466776101e-05,0.00011375131576,6.5062028541e-07
63.05,1.41119944217e-05,0.000113547363233,6.44791017249e-07
63.1,1.39785809697e-05,0.000113344001146,6.39014068252e-07
63.15,1.38464253203e-05,0.000113141056031,6.33288244405e-07
63.2,1.37155156516e-05,0.000112938447075,6.27613100252e-07
63.25,1.35858402522e-05,0.000112736177218,6.21990138161e-07
63.3,1.34573875207e-05,0.000112534444419,6.16417604691e-07
63.35,1.33301459642e-05,0.000112334501293,6.10895259793e-07
63.4,1.32041041975e-05,0.000112134911364,6.05422339719e-07
63.45,1.30792509419e-05,0.000111935677204,5.99997850396e-07
63.5,1.29555750246e-05,0.000111736801337,5.94622168606e-07
63.55,1.28330653774e-05,0.000111538286216,5.89294618647e-07
63.6,1.27117110357e-05,0.000111340134237,5.84014884803e-07
63.65,1.25915011378e-05,0.00011114234774,5.78781875827e-07
63.7,1.24724249236e-05,0.000110944929018,5.73595184605e-07
63.75,1.23544717339e-05,0.000110749429045,5.68456184197e-07
63.8,1.22376310093e-05,0.000110554362446,5.63363272077e-07
63.85,1.21219528694e-05,0.000110359675234,5.58316228859e-07
63.9,1.20073651664e-05,0.000110165369715,5.53314356529e-07
63.95,1.1893857653e-05,0.000109971447798,5.48356746572e-07
64.0,1.1781420178e-05,0.000109777911353,5.43443743342e-07
64.05,1.16700426852e-05,0.000109584762185,5.38574729294e-07
64.1,1.15597152124e-05,0.000109392002057,5.33749415884e-07
64.15,1.14504278911e-05,0.000109200737823,5.28966805789e-07
64.2,1.13421709448e-05,0.000109010332138,5.24226526932e-07
64.25,1.12349346889e-05,0.000108820325135,5.19529834198e-07
64.3,1.11287095293e-05,0.000108630718274,5.14875262988e-07
64.35,1.10234859619e-05,0.000108441512993,5.10262612797e-07
64.4,1.09192545716e-05,0.00010825271068,5.0569124569e-07
64.45,1.08160060316e-05,0.000108064312686,5.01160331346e-07
64.5,1.07137311021e-05,0.000107876320328,4.96670184481e-07
64.55,1.06124206304e-05,0.000107689216935,4.92220240701e-07
64.6,1.05120655491e-05,0.000107503764379,4.87810236297e-07
64.65,1.0412656876e-05,0.000107318885853,4.83439259783e-07
64.7,1.0314185713e-05,0.000107134422865,4.79106971109e-07
64.75,1.02166432454e-05,0.000106950376424,4.74814517152e-07
64.8,1.0120020741e-05,0.000106766747482,4.70560559369e-07
64.85,1.00243596466e-05,0.000106583536966,4.66344914513e-07
64.9,9.92960029894e-06,0.000106400746046,4.62166999555e-07
64.95,9.835734224e-06,0.00010621837557,4.58026055638e-07
65.0,9.74275302705e-06,0.000106037577057,4.53922370392e-07
65.05,9.65064839201e-06,0.000105857540568,4.49855427998e-07
65.1,9.55941208071e-06,0.00010567793059,4.45824987446e-07
65.15,9.46903593208e-06,0.000105498747752,4.41830215701e-07
65.2,9.37951186154e-06,0.000105319992661,4.37870801978e-07
65.25,9.29083186022e-06,0.000105141665888,4.33947794445e-07
65.3,9.20298799425e-06,0.000104963767957,4.30059969766e-07
65.35,9.11597240411e-06,0.000104786299371,4.26207160466e-07
65.4,9.02977730388e-06,0.000104609364126,4.22388833697e-07
65.45,8.94439498058e-06,0.00010443420073,4.18604295915e-07
65.5,8.8598177935e-06,0.000104259471396,4.14853809993e-07
65.55,8.77603817352e-06,0.00010408517643,4.11136904511e-07
65.6,8.6930486224e-06,0.000103911316116,4.074533592e-07
65.65,8.6108417122e-06,0.000103737890706,4.03802412724e-07
65.7,8.52941008453e-06,0.000103564900436,4.00183781047e-07
65.75,8.44874644998e-06,0.000103392345513,3.96598422123e-07
65.8,8.36884358745e-06,0.000103220226101,3.93045217906e-07
65.85,8.28973577168e-06,0.000103048794983,3.89524015336e-07
65.9,8.21137366362e-06,0.000102878948348,3.86034327426e-07
65.95,8.13375025557e-06,0.000102709540811,3.82575520325e-07
66.0,8.05685860547e-06,0.000102540572373,3.79147834281e-07
66.05,7.98069183625e-06,0.000102372043009,3.75750838449e-07
66.1,7.90524313527e-06,0.000102204045584,3.72384331516e-07
66.15,7.83050575367e-06,0.000102036721337,3.69047617676e-07
66.2,7.75647300583e-06,0.000101869846956,3.65740437339e-07
66.25,7.68313826874e-06,0.000101703412254,3.62463666007e-07
66.3,7.61049498142e-06,0.000101537531489,3.59216281866e-07
66.35,7.53853664435e-06,0.000101373330765,3.55998145028e-07
66.4,7.46725681891e-06,0.000101209571847,3.5280881042e-07
66.45,7.39664912679e-06,0.000101046254459,3.49647698746e-07
66.5,7.32670724941e-06,0.00010088337831,3.46515029578e-07
66.55,7.25742492743e-06,0.000100720943087,3.4341040915e-07
66.6,7.18879596011e-06,0.000100558948458,3.40333653479e-07
66.65,7.12081420484e-06,0.000100397394073,3.37284126644e-07
66.7,7.05347357655e-06,0.000100236279571,3.34261591399e-07
66.75,6.98676804719e-06,0.000100075604573,3.31266847892e-07
66.8,6.92069164518e-06,9.99163584553e-05,3.28298962255e-07
66.85,6.85527271436e-06,9.97578710267e-05,3.2535780664e-07
66.9,6.79047045335e-06,9.9599824294e-05,3.22442974281e-07
66.95,6.72627906706e-06,9.94422177387e-05,3.19553935743e-07
67.0,6.66269281468e-06,9.92850508317e-05,3.16690891696e-07
67.05,6.59970600918e-06,9.91283230231e-05,3.13853482269e-07
67.1,6.53731301675e-06,9.89720337505e-05,3.11041539312e-07
67.15,6.47550825639e-06,9.88161824363e-05,3.08254481637e-07
67.2,6.41428619936e-06,9.86607684943e-05,3.05492092418e-07
67.25,6.35364136868e-06,9.85060228928e-05,3.02755102935e-07
67.3,6.29356833871e-06,9.83527423903e-05,3.00042659697e-07
67.35,6.23406173461e-06,9.81998994167e-05,2.97354645859e-07
67.4,6.1751162319e-06,9.80474932656e-05,2.94690689667e-07
67.45,6.11672655597e-06,9.7895523221e-05,2.92050307251e-07
67.5,6.05888748163e-06,9.77439885588e-05,2.89433682013e-07
67.55,6.00159383264e-06,9.75928885379e-05,2.86840485051e-07
67.6,5.94484048127e-06,9.74422617737e-05,2.84270562692e-07
67.65,5.88862234781e-06,9.72922922863e-05,2.81723383768e-07
67.7,5.83293440016e-06,9.7142813639e-05,2.79198750114e-07
67.75,5.77777165336e-06,9.69941672527e-05,2.76697330072e-07
67.8,5.72312916919e-06,9.68467647699e-05,2.74218343609e-07
67.85,5.66903038682e-06,9.66997948565e-05,2.71761683936e-07
67.9,5.61544156517e-06,9.65532567756e-05,2.69327011296e-07
67.95,5.56235791196e-06,9.64071496323e-05,2.66913883465e-07
68.0,5.50977467976e-06,9.62614725261e-05,2.64522468059e-07
68.05,5.45768716563e-06,9.61162245431e-05,2.62152464487e-07
68.1,5.40609071065e-06,9.59714047622e-05,2.59803732299e-07
68.15,5.35498069955e-06,9.58270122535e-05,2.57475786045e-07
68.2,5.30435256029e-06,9.56830460832e-05,2.55168444618e-07
68.25,5.25420176363e-06,9.55397045783e-05,2.52882318834e-07
68.3,5.2045238228e-06,9.53977504567e-05,2.50616695797e-07
68.35,5.15531429301e-06,9.52562212964e-05,2.48371477911e-07
68.4,5.10656877113e-06,9.51151160754e-05,2.46146354659e-07
68.45,5.05828289529e-06,9.49744337666e-05,2.4394092188e-07
68.5,5.01045234447e-06,9.48341733396e-05,2.41755332764e-07
68.55,4.96307283812e-06,9.46943337531e-05,2.3958931259e-07
68.6,4.91614013582e-06,9.45549139613e-05,2.37442732998e-07
68.65,4.86965003686e-06,9.44159129114e-05,2.35315150319e-07
68.7,4.8235983799e-06,9.42773295486e-05,2.33206399034e-07
68.75,4.77798104259e-06,9.4139162812e-05,2.31117037386e-07
68.8,4.7327939412e-06,9.40021592885e-05,2.29046413839e-07
68.85,4.68805645898e-06,9.38659353966e-05,2.26994439195e-07
68.9,4.64374069344e-06,9.37301262547e-05,2.24960829664e-07
68.95,4.59984268155e-06,9.35947307261e-05,2.2294521587e-07
69.0,4.5563584974e-06,9.34597476725e-05,2.20947737819e-07
69.05,4.51328425182e-06,9.33251759472e-05,2.18968144434e-07
69.1,4.4706160921e-06,9.31910144007e-05,2.17006318403e-07
69.15,4.42835020158e-06,9.30574582731e-05,2.15061854243e-07
69.2,4.38648279938e-06,9.29244212224e-05,2.13134600682e-07
69.25,4.34501014002e-06,9.2791791762e-05,2.11225067915e-07
69.3,4.30392851309e-06,9.26595687105e-05,2.09332660482e-07
69.35,4.26323424295e-06,9.25286032454e-05,2.07457296863e-07
69.4,4.2229236884e-06,9.23982518107e-05,2.05598717694e-07
69.45,4.18299324233e-06,9.22683042552e-05,2.03756585391e-07
69.5,4.14343933145e-06,9.21387593481e-05,2.01931027908e-07
69.55,4.10425841591e-06,9.20096158526e-05,2.00121815779e-07
69.6,4.06544698906e-06,9.18808725306e-05,1.98328841789e-07
69.65,4.02700157709e-06,9.17525281412e-05,1.96551735355e-07
69.7,3.98891873873e-06,9.16245814443e-05,1.94790358223e-07
69.75,3.95119506498e-06,9.14970311977e-05,1.93045176678e-07
69.8,3.91382717875e-06,9.13698761497e-05,1.9131564651e-07
69.85,3.8768311092e-06,9.12431150517e-05,1.89601693215e-07
69.9,3.84018378211e-06,9.11172765272e-05,1.87903079752e-07
69.95,3.80388192021e-06,9.09923108679e-05,1.86219497593e-07
70.0,3.76792227694e-06,9.0867736347e-05,1.84551063679e-07
70.05,3.73230163613e-06,9.07435516648e-05,1.82897568294e-07
70.1,3.69701681171e-06,9.06197555219e-05,1.8125891345e-07
70.15,3.6620646475e-06,9.04963466173e-05,1.7963476046e-07
70.2,3.62744201684e-06,9.03733236521e-05,1.7802498297e-07
70.25,3.59314582236e-06,9.02506853267e-05,1.76430007133e-07
70.3,3.55917299574e-06,9.01284303342e-05,1.74849335576e-07
70.35,3.52552049735e-06,9.00065573717e-05,1.7328290021e-07
70.4,3.49218531607e-06,8.98850651354e-05,1.71730484394e-07
70.45,3.45916446897e-06,8.97639523221e-05,1.70191806156e-07
70.5,3.42645500108e-06,8.96439725759e-05,1.68666972371e-07
70.55,3.3940539851e-06,8.95245749239e-05,1.67155791374e-07
70.6,3.36195852117e-06,8.94055534637e-05,1.6565817361e-07
70.65,3.33016573658e-06,8.92870059735e-05,1.64173809544e-07
70.7,3.29867278555e-06,8.9169027653e-05,1.62702583694e-07
70.75,3.26747684897e-06,8.90514223687e-05,1.61244885536e-07
70.8,3.23657513414e-06,8.89341887664e-05,1.59800260507e-07
70.85,3.2059808965e-06,8.88173254964e-05,1.58368646376e-07
70.9,3.17567505463e-06,8.87008312886e-05,1.5694984515e-07
70.95,3.14565489836e-06,8.85847047934e-05,1.55543599124e-07
71.0,3.11591774291e-06,8.84689446641e-05,1.54150005975e-07
71.05,3.08646092863e-06,8.83535495523e-05,1.52768890535e-07
71.1,3.05728182079e-06,8.82390148898e-05,1.51400170957e-07
71.15,3.02837780934e-06,8.81252546288e-05,1.50043564347e-07
71.2,2.99974630867e-06,8.8011855888e-05,1.48698965162e-07
71.25,2.97138475739e-06,8.78988172913e-05,1.47366729357e-07
71.3,2.94329061811e-06,8.77861374587e-05,1.46046441492e-07
71.35,2.91546137719e-06,8.76738150159e-05,1.44738044692e-07
71.4,2.88789454454e-06,8.75618485898e-05,1.43441358006e-07
71.45,2.86058765343e-06,8.74502368099e-05,1.42156145908e-07
71.5,2.83353826019e-06,8.73389783095e-05,1.4088249767e-07
71.55,2.80674394408e-06,8.72280717214e-05,1.39620253199e-07
71.6,2.78020230702e-06,8.71175156812e-05,1.38369337693e-07
71.65,2.75391097341e-06,8.70073088261e-05,1.37129492606e-07
71.7,2.7278675899e-06,8.68974497975e-05,1.35900621479e-07
71.75,2.70206982521e-06,8.67885730432e-05,1.34683049631e-07
71.8,2.67651536987e-06,8.66802634337e-05,1.33476397377e-07
71.85,2.65121518561e-06,8.6572297989e-05,1.32280612739e-07
71.9,2.62615349287e-06,8.64646753891e-05,1.31095530339e-07
71.95,2.60132805043e-06,8.63573942515e-05,1.29920934924e-07
72.0,2.57673663811e-06,8.62504531979e-05,1.2875690808e-07
72.05,2.55237705649e-06,8.61438508509e-05,1.27603303494e-07
72.1,2.52824712674e-06,8.60375858363e-05,1.26460052803e-07
72.15,2.50434469047e-06,8.59317045186e-05,1.25326919713e-07
72.2,2.48066760947e-06,8.58263553231e-05,1.24203816068e-07
72.25,2.45721376559e-06,8.57213783149e-05,1.23091039185e-07
72.3,2.43398106049e-06,8.56167340217e-05,1.21988242061e-07
72.35,2.41096741552e-06,8.55124210747e-05,1.20895377189e-07
72.4,2.38817077148e-06,8.54086897691e-05,1.19812293427e-07
72.45,2.36558908845e-06,8.53058421754e-05,1.18738794046e-07
72.5,2.34322034564e-06,8.52033221485e-05,1.17674953613e-07
72.55,2.32106254119e-06,8.51011283022e-05,1.16620638407e-07
72.6,2.299113692e-06,8.49992592546e-05,1.15575785948e-07
72.65,2.27737183353e-06,8.48977136268e-05,1.14540180279e-07
72.7,2.25583501966e-06,8.47964900453e-05,1.13513740834e-07
72.75,2.23450132251e-06,8.46955871399e-05,1.12496739339e-07
72.8,2.21336883225e-06,8.45950035402e-05,1.11488858656e-07
72.85,2.19244661379e-06,8.44947378821e-05,1.10490055368e-07
72.9,2.17172161806e-06,8.4394788857e-05,1.09500191341e-07
72.95,2.15119199169e-06,8.4295155107e-05,1.0851908678e-07
73.0,2.13085589865e-06,8.41958352789e-05,1.07546809833e-07
73.05,2.11071152013e-06,8.40968280218e-05,1.06583238287e-07
73.1,2.09075705432e-06,8.39982660541e-05,1.0562831504e-07
73.15,2.07099071632e-06,8.39006360249e-05,1.04681842724e-07
73.2,2.05141073793e-06,8.38033147621e-05,1.03743747705e-07
73.25,2.0320153675e-06,8.37063009047e-05,1.02814278323e-07
73.3,2.01280286982e-06,8.36095930922e-05,1.01893144736e-07
73.35,1.99377152591e-06,8.35131899708e-05,1.00980307264e-07
73.4,1.97491963289e-06,8.34170901903e-05,1.0007563966e-07
73.45,1.95624550385e-06,8.33212924053e-05,9.91789776057e-08
73.5,1.93774746767e-06,8.32257952758e-05,9.82903833824e-08
73.55,1.91942386889e-06,8.31305974642e-05,9.74097452973e-08
73.6,1.90127306757e-06,8.30356976378e-05,9.65370111627e-08
73.65,1.88329343912e-06,8.29410986559e-05,9.56720005971e-08
73.7,1.86548337418e-06,8.28469863613e-05,9.48146463044e-08
73.75,1.84784127846e-06,8.27532465631e-05,9.39651752504e-08
73.8,1.83036557262e-06,8.26598003051e-05,9.31233225392e-08
73.85,1.81306375296e-06,8.2566824098e-05,9.22890519064e-08
73.9,1.79592502844e-06,8.24746670433e-05,9.14622479713e-08
73.95,1.77894786639e-06,8.23827997626e-05,9.06427605572e-08
74.0,1.76213074851e-06,8.22912209243e-05,8.98306465855e-08
74.05,1.74547217069e-06,8.21999291998e-05,8.90258039765e-08
74.1,1.72897064293e-06,8.21089232661e-05,8.82281850345e-08
74.15,1.71262468918e-06,8.20182018041e-05,8.74376249029e-08
74.2,1.6964328472e-06,8.19277635009e-05,8.66540620781e-08
74.25,1.68039366847e-06,8.18376070481e-05,8.58777039908e-08
74.3,1.66450571803e-06,8.1747731139e-05,8.51083085447e-08
74.35,1.64876757434e-06,8.16581344737e-05,8.43458425964e-08
74.4,1.63317782922e-06,8.15688157564e-05,8.3590200696e-08
74.45,1.61773508764e-06,8.14797736968e-05,8.28412455923e-08
74.5,1.60243796766e-06,8.13910070097e-05,8.20990293075e-08
74.55,1.58728510029e-06,8.13025144137e-05,8.1363458548e-08
74.6,1.57227512935e-06,8.12142946323e-05,8.06344897229e-08
74.65,1.55740671138e-06,8.11266309102e-05,7.99119721648e-08
74.7,1.54267851549e-06,8.10396094469e-05,7.91958496636e-08
74.75,1.5280892233e-06,8.09528570808e-05,7.84863117967e-08
74.8,1.51363752873e-06,8.08663725306e-05,7.77831373047e-08
74.85,1.49932963093e-06,8.07801545217e-05,7.70862958968e-08
74.9,1.48515660614e-06,8.0694201819e-05,7.63956911991e-08
74.95,1.47111718692e-06,8.06085131568e-05,7.57111977735e-08
75.0,1.45721011768e-06,8.05230872754e-05,7.50328631646e-08
75.05,1.4434341546e-06,8.04379229188e-05,7.43606021085e-08
75.1,1.42978806549e-06,8.03530188364e-05,7.36943747662e-08
75.15,1.41627062973e-06,8.02683737822e-05,7.3034043438e-08
75.2,1.40288063811e-06,8.01840995925e-05,7.23795567516e-08
75.25,1.38961689276e-06,8.01002337759e-05,7.17310879679e-08
75.3,1.37647820702e-06,8.00166241154e-05,7.1088434871e-08
75.35,1.36346340535e-06,7.99332693763e-05,7.04515697772e-08
75.4,1.35057132323e-06,7.98501683284e-05,6.98204046072e-08
75.45,1.33780080703e-06,7.97673197471e-05,6.91948247194e-08
75.5,1.32515071394e-06,7.96850892866e-05,6.85748735664e-08
75.55,1.31261991186e-06,7.96033497043e-05,6.79604732225e-08
75.6,1.30020727929e-06,7.95218589752e-05,6.73515872779e-08
75.65,1.28791170524e-06,7.94406158749e-05,6.67480898844e-08
75.7,1.27573208913e-06,7.9359619185e-05,6.61499340914e-08
75.75,1.26366734069e-06,7.92788676924e-05,6.55572782473e-08
75.8,1.25171637986e-06,7.91983601868e-05,6.49699375407e-08
75.85,1.23988433309e-06,7.91180954646e-05,6.43878866706e-08
75.9,1.22816382079e-06,7.90380723553e-05,6.38110451388e-08
75.95,1.21655379483e-06,7.89582896647e-05,6.32393081705e-08
76.0,1.20505321689e-06,7.88787462046e-05,6.26727154783e-08
76.05,1.19366105839e-06,7.87994407907e-05,6.21111958439e-08
76.1,1.18237630036e-06,7.87203722444e-05,6.15547159908e-08
76.15,1.17119793339e-06,7.86415393918e-05,6.10031609027e-08
76.2,1.16012495752e-06,7.85629410648e-05,6.04564876698e-08
76.25,1.14915638215e-06,7.84845761005e-05,5.99148410117e-08
76.3,1.13829122597e-06,7.8406443339e-05,5.93780520236e-08
76.35,1.12752851685e-06,7.83285416267e-05,5.8846097582e-08
76.4,1.11686729179e-06,7.82512178958e-05,5.83189041171e-08
76.45,1.10630659677e-06,7.81743346633e-05,5.7796375872e-08
76.5,1.09584548674e-06,7.80976790552e-05,5.72785491413e-08
76.55,1.08548302551e-06,7.80212499205e-05,5.67653588362e-08
76.6,1.07521828563e-06,7.79450461138e-05,5.62567745445e-08
76.65,1.06505034836e-06,7.78690664947e-05,5.57526911491e-08
76.7,1.05497830357e-06,7.77933649311e-05,5.52530694334e-08
76.75,1.04500124965e-06,7.77180639759e-05,5.47580416612e-08
76.8,1.03511829344e-06,7.76430076439e-05,5.4267453465e-08
76.85,1.02533367428e-06,7.75681718059e-05,5.37812837117e-08
76.9,1.01564128958e-06,7.74935553618e-05,5.32994651635e-08
76.95,1.00604027257e-06,7.74191571934e-05,5.28219103051e-08
77.0,9.96529764596e-07,7.73449761883e-05,5.23486523073e-08
77.05,9.87108915067e-07,7.72710112381e-05,5.18796316835e-08
77.1,9.77776881341e-07,7.71972612402e-05,5.1414820639e-08
77.15,9.68532828673e-07,7.71237250966e-05,5.09541231039e-08
77.2,9.59375930137e-07,7.70504017152e-05,5.04975032371e-08
77.25,9.5030536655e-07,7.6977290009e-05,5.00450819185e-08
77.3,9.41320326404e-07,7.69043888943e-05,4.95967180669e-08
77.35,9.32420005795e-07,7.68318628369e-05,4.91523923681e-08
77.4,9.23603608344e-07,7.67598926773e-05,4.87120433712e-08
77.45,9.14870345139e-07,7.66881298807e-05,4.82755910934e-08
77.5,9.06219434652e-07,7.661657337e-05,4.78430658506e-08
77.55,8.97650102683e-07,7.65452220724e-05,4.74144132759e-08
77.6,8.89161582282e-07,7.64740749206e-05,4.69896079671e-08
77.65,8.80753113685e-07,7.64031308522e-05,4.65685621228e-08
77.7,8.72423944247e-07,7.63323888107e-05,4.61512429867e-08
77.75,8.64173328377e-07,7.62618477445e-05,4.57377610348e-08
77.8,8.56000527468e-07,7.61915066057e-05,4.53279873285e-08
77.85,8.47909047287e-07,7.61213643523e-05,4.49219042159e-08
77.9,8.39893841228e-07,7.60514199662e-05,4.45194555352e-08
77.95,8.31954192513e-07,7.59816724152e-05,4.41205681876e-08
78.0,8.24089391079e-07,7.59121206724e-05,4.37252698798e-08
78.05,8.16298733512e-07,7.58427637153e-05,4.33335109242e-08
78.1,8.08581522984e-07,7.57736005268e-05,4.29452681048e-08
78.15,8.00937069195e-07,7.57046300944e-05,4.25604611773e-08
78.2,7.93364688312e-07,7.56358666888e-05,4.21790602046e-08
78.25,7.85863702904e-07,7.55674683874e-05,4.18011661542e-08
78.3,7.78433441887e-07,7.54993202877e-05,4.14266611851e-08
78.35,7.71073240463e-07,7.54313617553e-05,4.10555291646e-08
78.4,7.63782440063e-07,7.53638274404e-05,4.06877187649e-08
78.45,7.56560388286e-07,7.52967125698e-05,4.03231631786e-08
78.5,7.49406438843e-07,7.52297842718e-05,3.99618877276e-08
78.55,7.42319951499e-07,7.51630415519e-05,3.96038470009e-08
78.6,7.35300292019e-07,7.50964834207e-05,3.92490197808e-08
78.65,7.28346832111e-07,7.50301088939e-05,3.88973327294e-08
78.7,7.21458949366e-07,7.49639169924e-05,3.85487584864e-08
78.75,7.14636027212e-07,7.48979067424e-05,3.8203389329e-08
78.8,7.0787745485e-07,7.48320771736e-05,3.78611175587e-08
78.85,7.01186131407e-07,7.47664273215e-05,3.75219284314e-08
78.9,6.94557883546e-07,7.47009562419e-05,3.71857750368e-08
78.95,6.87992118521e-07,7.46356629796e-05,3.68525963177e-08
79.0,6.81488249139e-07,7.45705465849e-05,3.65224154165e-08
79.05,6.75045693704e-07,7.45056061123e-05,3.61951908309e-08
79.1,6.68663875969e-07,7.44408406214e-05,3.5870903169e-08
79.15,6.62342225085e-07,7.43762491766e-05,3.55494854053e-08
79.2,6.56080175548e-07,7.43118308472e-05,3.52309125342e-08
79.25,6.49877167151e-07,7.42475847077e-05,3.49152688908e-08
79.3,6.43732644935e-07,7.41835098361e-05,3.46024560461e-08
79.35,6.3764605914e-07,7.41196053157e-05,3.42924605249e-08
79.4,6.31616865156e-07,7.40558702347e-05,3.39852394546e-08
79.45,6.25644523473e-07,7.3992303686e-05,3.36807370329e-08
79.5,6.19728499637e-07,7.39289047675e-05,3.33789744106e-08
79.55,6.138682642e-07,7.3866066457e-05,3.30799136572e-08
79.6,6.08063292677e-07,7.38034236136e-05,3.278353705e-08
79.65,6.02313065492e-07,7.37409457039e-05,3.24897833323e-08
79.7,5.96617067943e-07,7.36786318328e-05,3.21986296506e-08
79.75,5.90974790148e-07,7.36166070164e-05,3.19101530815e-08
79.8,5.85385727001e-07,7.35548618869e-05,3.16242636675e-08
79.85,5.79852275961e-07,7.34932789322e-05,3.13409490934e-08
79.9,5.74370985851e-07,7.34318572805e-05,3.10601701765e-08
79.95,5.68941366492e-07,7.33705960515e-05,3.07818759173e-08
80.0,5.635629323e-07,7.33094943703e-05,3.05060856462e-08
80.05,5.58235202238e-07,7.3248551366e-05,3.02327646974e-08
80.1,5.52957699771e-07,7.31877661726e-05,2.99618968735e-08
80.15,5.4772995283e-07,7.31271379286e-05,2.96934261901e-08
80.2,5.42551493768e-07,7.30666657776e-05,2.94273317607e-08
80.25,5.37421859316e-07,7.30063488677e-05,2.91636840279e-08
80.3,5.32340590547e-07,7.29461863506e-05,2.8902400777e-08
80.35,5.27307232829e-07,7.28861773834e-05,2.86434707525e-08
80.4,5.22321335793e-07,7.28263211274e-05,2.83868581441e-08
80.45,5.17382453288e-07,7.27666167485e-05,2.8132516342e-08
80.5,5.1249014334e-07,7.27070634177e-05,2.78804630126e-08
80.55,5.07643968119e-07,7.26476603097e-05,2.76306664739e-08
80.6,5.02843493895e-07,7.25884066041e-05,2.73831119226e-08
80.65,4.98088291002e-07,7.25293014845e-05,2.71377481926e-08
80.7,4.93377933802e-07,7.24703441396e-05,2.68945561954e-08
80.75,4.88712000643e-07,7.24116583995e-05,2.66536003105e-08
80.8,4.84090073823e-07,7.235337541e-05,2.64148053993e-08
80.85,4.79514135944e-07,7.22952377873e-05,2.61781611751e-08
80.9,4.74981333021e-07,7.22372447369e-05,2.59436349098e-08
80.95,4.70491259699e-07,7.21793954584e-05,2.57111840051e-08
81.0,4.66043514418e-07,7.2121689156e-05,2.5480824607e-08
81.05,4.61637699379e-07,7.2064125038e-05,2.52525277603e-08
81.1,4.5727342051e-07,7.20067023171e-05,2.50262799358e-08
81.15,4.52950287427e-07,7.19494202104e-05,2.48020343713e-08
81.2,4.48667913406e-07,7.18922779397e-05,2.4579773621e-08
81.25,4.44425915342e-07,7.18353364064e-05,2.43595565235e-08
81.3,4.40223913721e-07,7.1778698025e-05,2.41413144073e-08
81.35,4.36061532582e-07,7.17222085779e-05,2.3925037871e-08
81.4,4.31938399488e-07,7.16658566733e-05,2.37106970033e-08
81.45,4.27854145488e-07,7.16096415465e-05,2.34982528725e-08
81.5,4.23808405091e-07,7.15535624375e-05,2.32877202348e-08
81.55,4.19800816227e-07,7.14976185901e-05,2.30790726271e-08
81.6,4.1583102022e-07,7.14418092524e-05,2.28722976847e-08
81.65,4.11898661755e-07,7.13861336767e-05,2.26673526701e-08
81.7,4.08003388844e-07,7.13305911197e-05,2.24642216391e-08
81.75,4.04144852799e-07,7.12751808425e-05,2.22629583662e-08
81.8,4.003227082e-07,7.12199021093e-05,2.20635000902e-08
81.85,3.96538594574e-07,7.11647541892e-05,2.18658382191e-08
81.9,3.92790151794e-07,7.11097363635e-05,2.16699454159e-08
81.95,3.89077044648e-07,7.10548479092e-05,2.14757860996e-08
82.0,3.85398941063e-07,7.10000881076e-05,2.12833737565e-08
82.05,3.81755512074e-07,7.09454562437e-05,2.1092684201e-08
82.1,3.781464318e-07,7.08910717778e-05,2.09037061328e-08
82.15,3.7457137741e-07,7.08370346374e-05,2.07164004927e-08
82.2,3.71030029099e-07,7.07831233343e-05,2.05307527089e-08
82.25,3.67522070054e-07,7.07293371609e-05,2.03468119273e-08
82.3,3.64047186432e-07,7.06756754128e-05,2.01645207887e-08
82.35,3.6060506733e-07,7.06221373903e-05,1.99838714405e-08
82.4,3.57195404757e-07,7.05687223976e-05,1.98048388987e-08
82.45,3.53817893607e-07,7.05154297428e-05,1.96273906446e-08
82.5,3.50472231632e-07,7.04622587383e-05,1.94515390038e-08
82.55,3.47158119416e-07,7.04092087004e-05,1.92772618724e-08
82.6,3.43875260348e-07,7.0356278949e-05,1.91045489225e-08
82.65,3.40623360597e-07,7.03034688082e-05,1.89333644569e-08
82.7,3.37402129084e-07,7.02507776061e-05,1.87636951577e-08
82.75,3.34211277459e-07,7.01982294892e-05,1.85955859412e-08
82.8,3.31050520071e-07,7.01459606569e-05,1.84289843849e-08
82.85,3.27921212744e-07,7.0093854526e-05,1.82638833119e-08
82.9,3.24821403749e-07,7.00418654574e-05,1.81002598888e-08
82.95,3.2175081588e-07,6.99899927905e-05,1.79380843956e-08
83.0,3.18709174524e-07,6.99382358692e-05,1.77773680971e-08
83.05,3.15696207643e-07,6.98865940406e-05,1.76180907918e-08
83.1,3.12711645745e-07,6.98350666557e-05,1.74602430408e-08
83.15,3.09755221863e-07,6.97836530694e-05,1.73037922192e-08
83.2,3.0682667153e-07,6.97323526405e-05,1.71487261556e-08
83.25,3.03925732757e-07,6.96811647315e-05,1.69950859001e-08
83.3,3.01052146006e-07,6.9630088708e-05,1.68428235422e-08
83.35,2.98205654175e-07,6.957912394e-05,1.66919325229e-08
83.4,2.95386002567e-07,6.95282698007e-05,1.51720544226e-08
83.45,2.92592938871e-07,6.9477537295e-05,1.48836975309e-08
83.5,2.89826213141e-07,6.94269152711e-05,1.47503434579e-08
83.55,2.87085577773e-07,6.93764018013e-05,1.32478472777e-08
83.6,2.84370787482e-07,6.93261939438e-05,1.29767368577e-08
83.65,2.8168159928e-07,6.92762112368e-05,1.28604547296e-08
83.7,2.79017772458e-07,6.92263350973e-05,1.27452018821e-08
83.75,2.76379068561e-07,6.91765649218e-05,1.12606803399e-08
83.8,2.73765251369e-07,6.91269115587e-05,1.10073838082e-08
83.85,2.71177442092e-07,6.90773640402e-05,1.09087796313e-08
83.9,2.68614026731e-07,6.9027920487e-05,1.08110479153e-08
83.95,2.66074776045e-07,6.89785803124e-05,1.07141810605e-08
84.0,2.63559462944e-07,6.89293429329e-05,1.06181914773e-08
84.05,2.61067862462e-07,6.88802077683e-05,1.05230513526e-08
84.1,2.58599751739e-07,6.88311742423e-05,1.04287699455e-08
84.15,2.56154910006e-07,6.87822417815e-05,1.03353229264e-08
84.2,2.53733118559e-07,6.87334098161e-05,1.02427030252e-08
84.25,2.51334160743e-07,6.86846777797e-05,7.41025838358e-09
84.3,2.48957821933e-07,6.86362058511e-05,5.66869937463e-09
84.35,2.46603889514e-07,6.85879352286e-05,5.46550141987e-09
84.4,2.44272152862e-07,6.85397642544e-05,5.41653065606e-09
84.45,2.41962403327e-07,6.84916910909e-05,5.36799331034e-09
84.5,2.39674434213e-07,6.84437151892e-05,5.3199038349e-09
84.55,2.37408040763e-07,6.83958360035e-05,5.27223989342e-09
84.6,2.35163020135e-07,6.83480529914e-05,3.85467545376e-09
84.65,2.32939171389e-07,6.83003769419e-05,3.66772676276e-09
84.7,2.30736295467e-07,6.8252797057e-05,3.63486149586e-09
84.75,2.28554195177e-07,6.82053115258e-05,3.60228713245e-09
84.8,2.26392675176e-07,6.8157919821e-05,3.57000113729e-09
84.85,2.24252662658e-07,6.81106214187e-05,3.53801922578e-09
84.9,2.2213282291e-07,6.80634158024e-05,3.50632031409e-09
84.95,2.20032966363e-07,6.8016302454e-05,3.47490193683e-09
85.0,2.17952905219e-07,6.79692808585e-05,3.44377830965e-09
85.05,2.15892453442e-07,6.79223505039e-05,3.41293001753e-09
85.1,2.13851426736e-07,6.78755108812e-05,3.38235466262e-09
85.15,2.11829642534e-07,6.78287614845e-05,3.35204986754e-09
85.2,2.09826919977e-07,6.77821018106e-05,3.32201327521e-09
85.25,2.07843079899e-07,6.77356906535e-05,3.29224254864e-09
85.3,2.05877944814e-07,6.76894759664e-05,3.26273537083e-09
85.35,2.03931338899e-07,6.76433495935e-05,3.23350610453e-09
85.4,2.02003087977e-07,6.75973110365e-05,3.2045354806e-09
85.45,2.00093019502e-07,6.75513598002e-05,3.17582124575e-09
85.5,1.98200962546e-07,6.75054953926e-05,1.77703884102e-09
85.55,1.96326747781e-07,6.74597284055e-05,1.60870597385e-09
85.6,1.94470207466e-07,6.74140483142e-05,1.59429176777e-09
85.65,1.92631175433e-07,6.73684533852e-05,1.58000513795e-09
85.7,1.90809487069e-07,6.73229431406e-05,1.56584497267e-09
85.75,1.89004979303e-07,6.72775171053e-05,1.5518101697e-09
85.8,1.87217490595e-07,6.72322427193e-05,1.53789963614e-09
85.85,1.85447787696e-07,6.71872057544e-05,1.5378996354e-10
85.9,1.83694766854e-07,6.7142263369e-05,0.0
85.95,1.81958271302e-07,6.70974050962e-05,0.0
86.0,1.8023814574e-07,6.70526292229e-05,0.0
86.05,1.78534236323e-07,6.70079352865e-05,0.0
86.1,1.76846390646e-07,6.69633228273e-05,0.0
86.15,1.75174457734e-07,6.69187913883e-05,0.0
86.2,1.73518288022e-07,6.68743405152e-05,0.0
86.25,1.71877733349e-07,6.68299697565e-05,0.0
86.3,1.70252646942e-07,6.67856786634e-05,0.0
86.35,1.686428834e-07,6.67414667897e-05,0.0
86.4,1.67048298687e-07,6.66973336919e-05,0.0
86.45,1.65468750115e-07,6.66532789293e-05,0.0
86.5,1.63904096333e-07,6.66093020638e-05,0.0
86.55,1.62354197315e-07,6.65654026599e-05,0.0
86.6,1.60818914344e-07,6.65215802846e-05,0.0
86.65,1.59298110007e-07,6.64778345078e-05,0.0
86.7,1.57791648174e-07,6.64341649017e-05,0.0
86.75,1.56299393995e-07,6.63905710413e-05,0.0
86.8,1.54821213881e-07,6.6347052504e-05,0.0
86.85,1.53357741905e-07,6.63036088699e-05,0.0
86.9,1.51908065308e-07,6.62602397246e-05,0.0
86.95,1.5047205445e-07,6.62169446531e-05,0.0
87.0,1.49049580905e-07,6.61737232428e-05,0.0
87.05,1.47640517449e-07,6.61305750839e-05,0.0
87.1,1.4624473805e-07,6.60876925087e-05,0.0
87.15,1.44862117856e-07,6.60449244409e-05,0.0
87.2,1.43492533186e-07,6.60022285206e-05,0.0
87.25,1.42135861515e-07,6.59596043417e-05,0.0
87.3,1.40791981466e-07,6.59170847889e-05,0.0
87.35,1.39460772802e-07,6.58747878467e-05,0.0
87.4,1.38142116409e-07,6.58325946655e-05,0.0
87.45,1.3683589429e-07,6.57904723433e-05,0.0
87.5,1.35541989554e-07,6.57484204792e-05,0.0
87.55,1.34260286403e-07,6.57064386754e-05,0.0
87.6,1.32990670128e-07,6.56645265361e-05,0.0
87.65,1.3173302709e-07,6.56226836682e-05,0.0
87.7,1.30487244718e-07,6.55809096809e-05,0.0
87.75,1.29253211494e-07,6.5539204186e-05,0.0
87.8,1.28030816947e-07,6.54975667976e-05,0.0
87.85,1.26820585429e-07,6.54559971321e-05,0.0
87.9,1.25621762126e-07,6.54144948109e-05,0.0
87.95,1.24434239831e-07,6.53730594552e-05,0.0
88.0,1.2325791234e-07,6.53316906886e-05,0.0
88.05,1.22092674445e-07,6.52903881369e-05,0.0
88.1,1.20938421922e-07,6.52491514283e-05,0.0
88.15,1.19795051524e-07,6.52079801933e-05,0.0
88.2,1.18662460971e-07,6.51668740648e-05,0.0
88.25,1.1754054894e-07,6.51258326779e-05,0.0
88.3,1.1642921506e-07,6.50848556699e-05,0.0
88.35,1.15328359896e-07,6.50439426806e-05,0.0
88.4,9.7830053478e-08,6.50030933517e-05,0.0
88.45,7.22809670397e-08,6.49622427577e-05,0.0
88.5,7.15974863924e-08,6.49213593473e-05,0.0
88.55,7.09204510016e-08,6.48805413039e-05,0.0
88.6,7.02498002732e-08,6.48397882423e-05,0.0
88.65,6.95854741807e-08,6.47990997802e-05,0.0
88.7,6.89274132601e-08,6.47584755378e-05,0.0
88.75,6.82755586045e-08,6.47179151376e-05,0.0
88.8,6.7629851859e-08,6.46774182051e-05,0.0
88.85,6.69905700029e-08,6.46371337152e-05,0.0
88.9,6.63573143202e-08,6.45969764383e-05,0.0
88.95,6.57300281806e-08,6.4556882229e-05,0.0
89.0,6.51086554842e-08,6.45168507158e-05,0.0
89.05,6.44931406565e-08,6.44768815298e-05,0.0
89.1,6.38834286435e-08,6.44369743044e-05,0.0
89.15,6.32794649067e-08,6.43973189353e-05,0.0
89.2,6.26811954186e-08,6.43577419323e-05,0.0
89.25,6.20885666577e-08,6.4318225915e-05,0.0
89.3,6.15015256037e-08,6.42787705218e-05,0.0
89.35,6.09200197332e-08,6.42393753936e-05,0.0
89.4,6.03439970145e-08,6.42000401736e-05,0.0
89.45,5.97734059037e-08,6.41607645077e-05,0.0
89.5,5.92081953396e-08,6.4121548044e-05,0.0
89.55,5.86483147392e-08,6.40823904331e-05,0.0
89.6,5.80937139936e-08,6.40432913281e-05,0.0
89.65,5.75443434635e-08,6.40042503843e-05,0.0
89.7,5.70001539745e-08,6.39652672593e-05,0.0
89.75,5.64610968131e-08,6.39263416133e-05,0.0
89.8,5.5927123722e-08,6.38874731086e-05,0.0
89.85,5.5398463752e-08,6.38486614099e-05,0.0
89.9,5.48747871811e-08,6.38099061852e-05,0.0
89.95,5.43560471783e-08,6.37712071039e-05,0.0
90.0,5.38421973515e-08,6.37325638372e-05,0.0
90.05,5.33331917426e-08,6.36939760591e-05,0.0
90.1,5.28289848244e-08,6.36554434454e-05,0.0
90.15,5.23295314957e-08,6.36169656744e-05,0.0
90.2,5.18347870779e-08,6.35785424264e-05,0.0
90.25,5.1344707311e-08,6.35401733841e-05,0.0
90.3,5.08592483494e-08,6.35018582321e-05,0.0
90.35,5.03783667584e-08,6.34636798063e-05,0.0
90.4,4.99020195098e-08,6.34256811984e-05,0.0
90.45,4.9430163979e-08,6.33877362392e-05,0.0
90.5,4.89627579403e-08,6.33498446156e-05,0.0
90.55,4.84997595639e-08,6.33120060164e-05,0.0
90.6,4.80411274117e-08,6.32742201327e-05,0.0
90.65,4.75868204339e-08,6.32364866578e-05,0.0
90.7,4.71367979654e-08,6.31988052867e-05,0.0
90.75,4.6691019722e-08,6.31611757171e-05,0.0
90.8,4.62494457971e-08,6.31235976482e-05,0.0
90.85,4.58122656061e-08,6.30860707817e-05,0.0
90.9,4.53792064826e-08,6.30485948219e-05,0.0
90.95,4.49502296992e-08,6.30111694745e-05,0.0
91.0,4.45252968914e-08,6.29737944471e-05,0.0
91.05,4.41043700539e-08,6.29364694492e-05,0.0
91.1,4.36874115375e-08,6.28991941926e-05,0.0
91.15,4.32743840453e-08,6.28619683907e-05,0.0
91.2,4.28652506301e-08,6.28247917592e-05,0.0
91.25,4.24599746905e-08,6.27876640156e-05,0.0
91.3,4.20585199681e-08,6.27505848792e-05,0.0
91.35,4.1660850544e-08,6.27135540716e-05,0.0
91.4,2.48590993665e-08,6.26766434487e-05,0.0
91.45,0.0,6.26398271976e-05,0.0
91.5,0.0,6.26029663236e-05,0.0
91.55,0.0,6.25661555074e-05,0.0
91.6,0.0,6.25293944406e-05,0.0
91.65,0.0,6.24926828171e-05,0.0
91.7,0.0,6.24560203329e-05,0.0
91.75,0.0,6.24194066865e-05,0.0
91.8,0.0,6.23828415784e-05,0.0
91.85,0.0,6.23463656436e-05,0.0
91.9,0.0,6.23100809681e-05,0.0
91.95,0.0,6.22738661411e-05,0.0
92.0,0.0,6.2237699344e-05,0.0
92.05,0.0,6.22015802824e-05,0.0
92.1,0.0,6.21655086637e-05,0.0
92.15,0.0,6.21294841976e-05,0.0
92.2,0.0,6.2093506596e-05,0.0
92.25,0.0,6.2057575573e-05,0.0
92.3,0.0,6.20216908447e-05,0.0
92.35,0.0,6.19858521294e-05,0.0
92.4,0.0,6.19500591475e-05,0.0
92.45,0.0,6.19143116214e-05,0.0
92.5,0.0,6.18786092757e-05,0.0
92.55,0.0,6.1842951837e-05,0.0
92.6,0.0,6.1807339034e-05,0.0
92.65,0.0,6.17717705971e-05,0.0
92.7,0.0,6.17362462592e-05,0.0
92.75,0.0,6.17007657549e-05,0.0
92.8,0.0,6.16653288207e-05,0.0
92.85,0.0,6.16299351953e-05,0.0
92.9,0.0,6.15945846193e-05,0.0
92.95,0.0,6.1559276835e-05,0.0
93.0,0.0,6.15240115869e-05,0.0
93.05,0.0,6.14887886213e-05,0.0
93.1,0.0,6.14536076863e-05,0.0
93.15,0.0,6.1418468532e-05,0.0
93.2,0.0,6.13833709103e-05,0.0
93.25,0.0,6.13483145751e-05,0.0
93.3,0.0,6.13132992818e-05,0.0
93.35,0.0,6.12783340709e-05,0.0
93.4,0.0,6.12435507759e-05,0.0
93.45,0.0,6.12088598317e-05,0.0
93.5,0.0,6.11742096273e-05,0.0
93.55,0.0,6.11395999212e-05,0.0
93.6,0.0,6.11050304733e-05,0.0
93.65,0.0,6.10705010457e-05,0.0
93.7,0.0,6.1036011402e-05,0.0
93.75,0.0,6.10015613078e-05,0.0
93.8,0.0,6.09671505302e-05,0.0
93.85,0.0,6.09327788382e-05,0.0
93.9,0.0,6.08984460024e-05,0.0
93.95,0.0,6.08642920395e-05,0.0
94.0,0.0,6.08301953443e-05,0.0
94.05,0.0,6.07961369768e-05,0.0
94.1,0.0,6.07621167107e-05,0.0
94.15,0.0,6.07281343212e-05,0.0
94.2,0.0,6.06941895853e-05,0.0
94.25,0.0,6.06602822817e-05,0.0
94.3,0.0,6.06264121907e-05,0.0
94.35,0.0,6.05925790942e-05,0.0
94.4,0.0,6.05587827758e-05,0.0
94.45,0.0,6.05250230207e-05,0.0
94.5,0.0,6.04912996156e-05,0.0
94.55,0.0,6.04576123491e-05,0.0
94.6,0.0,6.04239610111e-05,0.0
94.65,0.0,6.03903453931e-05,0.0
94.7,0.0,6.03567652883e-05,0.0
94.75,0.0,6.03232204913e-05,0.0
94.8,0.0,6.02897107983e-05,0.0
94.85,0.0,6.0256236007e-05,0.0
94.9,0.0,6.02228928919e-05,0.0
94.95,0.0,6.01896863634e-05,0.0
95.0,0.0,6.01565147789e-05,0.0
95.05,0.0,6.01233779361e-05,0.0
95.1,0.0,6.00902756342e-05,0.0
95.15,0.0,6.00572076737e-05,0.0
95.2,0.0,6.00241738568e-05,0.0
95.25,0.0,5.99911739872e-05,0.0
95.3,0.0,5.99582078699e-05,0.0
95.35,0.0,5.99252753115e-05,0.0
95.4,0.0,5.989237612e-05,0.0
95.45,0.0,5.98595101047e-05,0.0
95.5,0.0,5.98266770766e-05,0.0
95.55,0.0,5.97938768479e-05,0.0
95.6,0.0,5.97611092323e-05,0.0
95.65,0.0,5.97283740449e-05,0.0
95.7,0.0,5.9695671102e-05,0.0
95.75,0.0,5.96630002216e-05,0.0
95.8,0.0,5.96303612227e-05,0.0
95.85,0.0,5.95977539259e-05,0.0
95.9,0.0,5.95651781531e-05,0.0
95.95,0.0,5.95326337275e-05,0.0
96.0,0.0,5.95001204736e-05,0.0
96.05,0.0,5.94676382172e-05,0.0
96.1,0.0,5.94351867854e-05,0.0
96.15,0.0,5.94027660067e-05,0.0
96.2,0.0,5.93703757107e-05,0.0
96.25,0.0,5.93380157285e-05,0.0
96.3,0.0,5.93056858922e-05,0.0
96.35,0.0,5.92733860354e-05,0.0
96.4,0.0,5.9241163863e-05,0.0
96.45,0.0,5.92091073748e-05,0.0
96.5,0.0,5.91770926912e-05,0.0
96.55,0.0,5.91451079572e-05,0.0
96.6,0.0,5.91131530063e-05,0.0
96.65,0.0,5.90812276737e-05,0.0
96.7,0.0,5.90493317953e-05,0.0
96.75,0.0,5.90175365546e-05,0.0
96.8,0.0,5.89858384303e-05,0.0
96.85,0.0,5.89541694451e-05,0.0
96.9,0.0,5.89225294367e-05,0.0
96.95,0.0,5.88909182437e-05,0.0
97.0,0.0,5.8859335706e-05,0.0
97.05,0.0,5.8827781665e-05,0.0
97.1,0.0,5.87962559629e-05,0.0
97.15,0.0,5.87647584432e-05,0.0
97.2,0.0,5.87332889508e-05,0.0
97.25,0.0,5.87018473314e-05,0.0
97.3,0.0,5.86704334321e-05,0.0
97.35,0.0,5.86390471011e-05,0.0
97.4,0.0,5.86076881877e-05,0.0
97.45,0.0,5.85763565424e-05,0.0
97.5,0.0,5.85450520168e-05,0.0
97.55,0.0,5.85137744635e-05,0.0
97.6,0.0,5.84825237364e-05,0.0
97.65,0.0,5.84512996903e-05,0.0
97.7,0.0,5.84201021812e-05,0.0
97.75,0.0,5.83889310663e-05,0.0
97.8,0.0,5.83577862036e-05,0.0
97.85,0.0,5.83266674523e-05,0.0
97.9,0.0,5.82955923357e-05,0.0
97.95,0.0,5.82646773901e-05,0.0
98.0,0.0,5.82338290039e-05,0.0
98.05,0.0,5.82030067829e-05,0.0
98.1,0.0,5.81722105858e-05,0.0
98.15,0.0,5.81414402721e-05,0.0
98.2,0.0,5.81106957028e-05,0.0
98.25,0.0,5.80799767394e-05,0.0
98.3,0.0,5.8049283245e-05,0.0
98.35,0.0,5.80186150833e-05,0.0
98.4,0.0,5.79879721192e-05,0.0
98.45,0.0,5.79573542186e-05,0.0
98.5,0.0,5.79267612484e-05,0.0
98.55,0.0,5.78961930765e-05,0.0
98.6,0.0,5.78656495718e-05,0.0
98.65,0.0,5.7835130604e-05,0.0
98.7,0.0,5.78046360442e-05,0.0
98.75,0.0,5.7774165764e-05,0.0
98.8,0.0,5.77437196363e-05,0.0
98.85,0.0,5.77132975348e-05,0.0
98.9,0.0,5.76828993342e-05,0.0
98.95,0.0,5.765252491e-05,0.0
99.0,0.0,5.76221741388e-05,0.0
99.05,0.0,5.75918468981e-05,0.0
99.1,0.0,5.75615430662e-05,0.0
99.15,0.0,5.75312625226e-05,0.0
99.2,0.0,5.75010051472e-05,0.0
99.25,0.0,5.74707708214e-05,0.0
99.3,0.0,5.7440559427e-05,0.0
99.35,0.0,5.7410370847e-05,0.0
99.4,0.0,5.7380204965e-05,0.0
99.45,0.0,5.73501712263e-05,0.0
99.5,0.0,5.73202400197e-05,0.0
99.55,0.0,5.72903317637e-05,0.0
99.6,0.0,5.72604463397e-05,0.0
99.65,0.0,5.72305836301e-05,0.0
99.7,0.0,5.72007435181e-05,0.0
99.75,0.0,5.71709258881e-05,0.0
99.8,0.0,5.71411306249e-05,0.0
99.85,0.0,5.71113819522e-05,0.0
99.9,0.0,5.70817539775e-05,0.0
99.95,0.0,5.70521483515e-05,0.0
100.0,0.0,5.70225648158e-05,0.0
