"time","AMPA","NMDA","GABAa"
0.0,0.0,0.0,0.0
0.05,0.0,0.0,0.0
0.1,0.0,0.0,0.0
0.15,0.0,0.0,0.0
0.2,0.0,0.0,0.0
0.25,0.0,0.0,0.0
0.3,0.0,0.0,0.0
0.35,0.0,0.0,0.0
0.4,0.0,0.0,0.0
0.45,0.0,0.0,0.0
0.5,0.0,0.0,0.0
0.55,0.0,0.0,0.0
0.6,0.0,0.0,0.0
0.65,0.0,0.0,0.0
0.7,0.0,0.0,0.0
0.75,0.0,0.0,0.0
0.8,0.0,0.0,0.0
0.85,0.0,0.0,0.0
0.9,0.0,0.0,0.0
0.95,0.0,0.0,0.0
1.0,0.0,0.0,0.0
1.05,0.0,0.0,0.0
1.1,0.0,0.0,0.0
1.15,0.0,0.0,0.0
1.2,0.0,0.0,0.0
1.25,0.0,0.0,0.0
1.3,0.0,0.0,0.0
1.35,0.0,0.0,0.0
1.4,0.0,0.0,0.0
1.45,0.0,0.0,0.0
1.5,0.0,0.0,0.0
1.55,0.0,0.0,0.0
1.6,0.0,0.0,0.0
1.65,0.0,0.0,0.0
1.7,0.0,0.0,0.0
1.75,0.0,0.0,0.0
1.8,0.0,0.0,0.0
1.85,0.0,0.0,0.0
1.9,0.0,0.0,0.0
1.95,0.0,0.0,0.0
2.0,0.0,0.0,0.0
2.05,0.0,0.0,0.0
2.1,0.0,0.0,0.0
2.15,0.0,0.0,0.0
2.2,0.0,0.0,0.0
2.25,0.0,0.0,0.0
2.3,0.0,0.0,0.0
2.35,0.0,0.0,0.0
2.4,0.0,0.0,0.0
2.45,0.0,0.0,0.0
2.5,0.0,0.0,0.0
2.55,0.0,0.0,0.0
2.6,0.0,0.0,0.0
2.65,0.0,0.0,0.0
2.7,0.0,0.0,0.0
2.75,0.0,0.0,0.0
2.8,0.0,0.0,0.0
2.85,0.0,0.0,0.0
2.9,0.0,0.0,0.0
2.95,0.0,0.0,0.0
3.0,0.0,0.0,0.0
3.05,0.0,0.0,0.0
3.1,0.0,0.0,0.0
3.15,0.0,0.0,0.0
3.2,0.0,0.0,0.0
3.25,0.0,0.0,0.0
3.3,0.0,0.0,0.0
3.35,0.0,0.0,0.0
3.4,0.0,0.0,0.0
3.45,0.0,0.0,0.0
3.5,0.0,0.0,0.0
3.55,0.0,0.0,0.0
3.6,0.0,0.0,0.0
3.65,0.0,0.0,0.0
3.7,0.0,0.0,0.0
3.75,0.0,0.0,0.0
3.8,0.0,0.0,0.0
3.85,0.0,0.0,0.0
3.9,0.0,0.0,0.0
3.95,0.0,0.0,0.0
4.0,0.0,0.0,0.0
4.05,0.0,0.0,0.0
4.1,0.0,0.0,0.0
4.15,0.0,0.0,0.0
4.2,0.0,0.0,0.0
4.25,0.0,0.0,0.0
4.3,0.0,0.0,0.0
4.35,0.0,0.0,0.0
4.4,0.0,0.0,0.0
4.45,0.0,0.0,0.0
4.5,0.0,0.0,0.0
4.55,0.0,0.0,0.0
4.6,0.0,0.0,0.0
4.65,0.0,0.0,0.0
4.7,0.0,0.0,0.0
4.75,0.0,0.0,0.0
4.8,0.0,0.0,0.0
4.85,0.0,0.0,0.0
4.9,0.0,0.0,0.0
4.95,0.0,0.0,0.0
5.0,0.0,0.0,0.0
5.05,0.0,0.0,0.0
5.1,0.0,0.0,0.0
5.15,0.0,0.0,0.0
5.2,0.0,0.0,0.0
5.25,0.0,0.0,0.0
5.3,0.0,0.0,0.0
5.35,0.0,0.0,0.0
5.4,0.0,0.0,0.0
5.45,0.0,0.0,0.0
5.5,0.0,0.0,0.0
5.55,0.0,0.0,0.0
5.6,0.0,0.0,0.0
5.65,0.0,0.0,0.0
5.7,0.0,0.0,0.0
5.75,0.0,0.0,0.0
5.8,0.0,0.0,0.0
5.85,0.0,0.0,0.0
5.9,0.0,0.0,0.0
5.95,0.0,0.0,0.0
6.0,0.0,0.0,0.0
6.05,0.0,0.0,0.0
6.1,0.0,0.0,0.0
6.15,0.0,0.0,0.0
6.2,0.0,0.0,0.0
6.25,0.0,0.0,0.0
6.3,0.0,0.0,0.0
6.35,0.0,0.0,0.0
6.4,0.0,0.0,0.0
6.45,0.0,0.0,0.0
6.5,0.0,0.0,0.0
6.55,0.0,0.0,0.0
6.6,0.0,0.0,0.0
6.65,0.0,0.0,0.0
6.7,0.0,0.0,0.0
6.75,0.0,0.0,0.0
6.8,0.0,0.0,0.0
6.85,0.0,0.0,0.0
6.9,0.0,0.0,0.0
6.95,0.0,0.0,0.0
7.0,0.0,0.0,0.0
7.05,0.0,0.0,0.0
7.1,0.0,0.0,0.0
7.15,0.0,0.0,0.0
7.2,0.0,0.0,0.0
7.25,0.0,0.0,0.0
7.3,0.0,0.0,0.0
7.35,0.0,0.0,0.0
7.4,0.0,0.0,0.0
7.45,0.0,0.0,0.0
7.5,0.0,0.0,0.0
7.55,0.0,0.0,0.0
7.6,0.0,0.0,0.0
7.65,0.0,0.0,0.0
7.7,0.0,0.0,0.0
7.75,0.0,0.0,0.0
7.8,0.0,0.0,0.0
7.85,0.0,0.0,0.0
7.9,0.0,0.0,0.0
7.95,0.0,0.0,0.0
8.0,0.0,0.0,0.0
8.05,0.0,0.0,0.0
8.1,0.0,0.0,0.0
8.15,0.0,0.0,0.0
8.2,0.0,0.0,0.0
8.25,0.0,0.0,0.0
8.3,0.0,0.0,0.0
8.35,0.0,0.0,0.0
8.4,0.0,0.0,0.0
8.45,0.0,0.0,0.0
8.5,0.0,0.0,0.0
8.55,0.0,0.0,0.0
8.6,0.0,0.0,0.0
8.65,0.0,0.0,0.0
8.7,0.0,0.0,0.0
8.75,0.0,0.0,0.0
8.8,0.0,0.0,0.0
8.85,0.0,0.0,0.0
8.9,0.0,0.0,0.0
8.95,0.0,0.0,0.0
9.0,0.0,0.0,0.0
9.05,0.0,0.0,0.0
9.1,0.0,0.0,0.0
9.15,0.0,0.0,0.0
9.2,0.0,0.0,0.0
9.25,0.0,0.0,0.0
9.3,0.0,0.0,0.0
9.35,0.0,0.0,0.0
9.4,0.0,0.0,0.0
9.45,0.0,0.0,0.0
9.5,0.0,0.0,0.0
9.55,0.0,0.0,0.0
9.6,0.0,0.0,0.0
9.65,0.0,0.0,0.0
9.7,0.0,0.0,0.0
9.75,0.0,0.0,0.0
9.8,0.0,0.0,0.0
9.85,0.0,0.0,0.0
9.9,0.0,0.0,0.0
9.95,0.0,0.0,0.0
10.0,0.0,0.0,0.0
10.05,0.0,0.0,0.0
10.1,0.0,0.0,0.0
10.15,0.0,0.0,0.0
10.2,0.0,0.0,0.0
10.25,0.0,0.0,0.0
10.3,0.0,0.0,0.0
10.35,0.0,0.0,0.0
10.4,0.0,0.0,0.0
10.45,0.0,0.0,0.0
10.5,0.0,0.0,0.0
10.55,0.0,0.0,0.0
10.6,0.0,0.0,0.0
10.65,0.0,0.0,0.0
10.7,0.0,0.0,0.0
10.75,0.0,0.0,0.0
10.8,0.0,0.0,0.0
10.85,0.0,0.0,0.0
10.9,0.0,0.0,0.0
10.95,0.0,0.0,0.0
11.0,0.0,0.0,0.0
11.05,0.0,0.0,0.0
11.1,0.0,0.0,0.0
11.15,0.0,0.0,0.0
11.2,0.0,0.0,0.0
11.25,0.0,0.0,0.0
11.3,0.0,0.0,0.0
11.35,0.0,0.0,0.0
11.4,0.0,0.0,0.0
11.45,0.0,0.0,0.0
11.5,0.0,0.0,0.0
11.55,0.0,0.0,0.0
11.6,0.0,0.0,0.0
11.65,0.0,0.0,0.0
11.7,0.0,0.0,0.0
11.75,0.0,0.0,0.0
11.8,0.0,0.0,0.0
11.85,0.0,0.0,0.0
11.9,0.0,0.0,0.0
11.95,0.0,0.0,0.0
12.0,0.0,0.0,0.0
12.05,0.0,0.0,0.0
12.1,0.0,0.0,0.0
12.15,0.0,0.0,0.0
12.2,0.0,0.0,0.0
12.25,0.0,0.0,0.0
12.3,0.0,0.0,0.0
12.35,0.0,0.0,0.0
12.4,0.0,0.0,0.0
12.45,0.0,0.0,0.0
12.5,0.0,0.0,0.0
12.55,0.0,0.0,0.0
12.6,0.0,0.0,0.0
12.65,0.0,0.0,0.0
12.7,0.0,0.0,0.0
12.75,0.0,0.0,0.0
12.8,0.0,0.0,0.0
12.85,0.0,0.0,0.0
12.9,0.0,0.0,0.0
12.95,0.0,0.0,0.0
13.0,0.0,0.0,0.0
13.05,0.0,0.0,0.0
13.1,0.0,0.0,0.0
13.15,0.0,0.0,0.0
13.2,0.0,0.0,0.0
13.25,0.0,0.0,0.0
13.3,0.0,0.0,0.0
13.35,0.0,0.0,0.0
13.4,0.0,0.0,0.0
13.45,0.0,0.0,0.0
13.5,0.0,0.0,0.0
13.55,0.0,0.0,0.0
13.6,0.0,0.0,0.0
13.65,0.0,0.0,0.0
13.7,0.0,0.0,0.0
13.75,0.0,0.0,0.0
13.8,0.0,0.0,0.0
13.85,0.0,0.0,0.0
13.9,0.0,0.0,0.0
13.95,0.0,0.0,0.0
14.0,0.0,0.0,0.0
14.05,0.0,0.0,0.0
14.1,0.0,0.0,0.0
14.15,0.0,0.0,0.0
14.2,0.0,0.0,0.0
14.25,0.0,0.0,0.0
14.3,0.0,0.0,0.0
14.35,0.0,0.0,0.0
14.4,0.0,0.0,0.0
14.45,0.0,0.0,0.0
14.5,0.0,0.0,0.0
14.55,0.0,0.0,0.0
14.6,0.0,0.0,0.0
14.65,0.0,0.0,0.0
14.7,0.0,0.0,0.0
14.75,0.0,0.0,0.0
14.8,0.0,0.0,0.0
14.85,0.0,0.0,0.0
14.9,0.0,0.0,0.0
14.95,0.0,0.0,0.0
15.0,0.0,0.0,0.0
15.05,0.0,0.0,0.0
15.1,0.0,0.0,0.0
15.15,0.0,0.0,0.0
15.2,0.0,0.0,0.0
15.25,0.0,0.0,0.0
15.3,0.0,0.0,0.0
15.35,0.0,0.0,0.0
15.4,0.0,0.0,0.0
15.45,0.0,0.0,0.0
15.5,0.0,0.0,0.0
15.55,0.0,0.0,0.0
15.6,0.0,0.0,0.0
15.65,0.0,0.0,0.0
15.7,0.0,0.0,0.0
15.75,0.0,0.0,0.0
15.8,0.0,0.0,0.0
15.85,0.0,0.0,0.0
15.9,0.0,0.0,0.0
15.95,0.0,0.0,0.0
16.0,0.0,0.0,0.0
16.05,0.0,0.0,0.0
16.1,0.0,0.0,0.0
16.15,0.0,0.0,0.0
16.2,0.0,0.0,0.0
16.25,0.0,0.0,0.0
16.3,0.0,0.0,0.0
16.35,0.0,0.0,0.0
16.4,0.0,0.0,0.0
16.45,0.0,0.0,0.0
16.5,0.0,0.0,0.0
16.55,0.0,0.0,0.0
16.6,0.0,0.0,0.0
16.65,0.0,0.0,0.0
16.7,0.0,0.0,0.0
16.75,0.0,0.0,0.0
16.8,0.0,0.0,0.0
16.85,0.0,0.0,0.0
16.9,0.0,0.0,0.0
16.95,0.0,0.0,0.0
17.0,0.0,0.0,0.0
17.05,0.0,0.0,0.0
17.1,0.0,0.0,0.0
17.15,0.0,0.0,0.0
17.2,0.0,0.0,0.0
17.25,0.0,0.0,0.0
17.3,0.0,0.0,0.0
17.35,0.0,0.0,0.0
17.4,0.0,0.0,0.0
17.45,0.0,0.0,0.0
17.5,0.0,0.0,0.0
17.55,0.0,0.0,0.0
17.6,0.0,0.0,0.0
17.65,0.0,0.0,0.0
17.7,0.0,0.0,0.0
17.75,0.0,0.0,0.0
17.8,0.0,0.0,0.0
17.85,0.0,0.0,0.0
17.9,0.0,0.0,0.0
17.95,0.0,0.0,0.0
18.0,0.0,0.0,0.0
18.05,0.0,0.0,0.0
18.1,0.0,0.0,0.0
18.15,0.0,0.0,0.0
18.2,0.0,0.0,0.0
18.25,0.0,0.0,0.0
18.3,0.0,0.0,0.0
18.35,0.0,0.0,0.0
18.4,0.0,0.0,0.0
18.45,0.0,0.0,0.0
18.5,0.0,0.0,0.0
18.55,0.0,0.0,0.0
18.6,0.0,0.0,0.0
18.65,0.0,0.0,0.0
18.7,0.0,0.0,0.0
18.75,0.0,0.0,0.0
18.8,0.0,0.0,0.0
18.85,0.0,0.0,0.0
18.9,0.0,0.0,0.0
18.95,0.0,0.0,0.0
19.0,0.0,0.0,0.0
19.05,0.0,0.0,0.0
19.1,0.0,0.0,0.0
19.15,0.0,0.0,0.0
19.2,0.0,0.0,0.0
19.25,0.0,0.0,0.0
19.3,0.0,0.0,0.0
19.35,0.0,0.0,0.0
19.4,0.0,0.0,0.0
19.45,0.0,0.0,0.0
19.5,0.0,0.0,0.0
19.55,0.0,0.0,0.0
19.6,0.0,0.0,0.0
19.65,0.0,0.0,0.0
19.7,0.0,0.0,0.0
19.75,0.0,0.0,0.0
19.8,0.0,0.0,0.0
19.85,0.0,0.0,0.0
19.9,0.0,0.0,0.0
19.95,0.0,0.0,0.0
20.0,0.0,0.0,0.0
20.05,0.0,0.0,0.0
20.1,0.0,0.0,0.0
20.15,0.0,0.0,0.0
20.2,0.0,0.0,0.0
20.25,0.0,0.0,0.0
20.3,0.0,0.0,0.0
20.35,0.0,0.0,0.0
20.4,0.0,0.0,0.0
20.45,0.0,0.0,0.0
20.5,0.0,0.0,0.0
20.55,0.0,0.0,0.0
20.6,0.0,0.0,0.0
20.65,0.0,0.0,0.0
20.7,0.0,0.0,0.0
20.75,0.0,0.0,0.0
20.8,0.0,0.0,0.0
20.85,0.0,0.0,0.0
20.9,0.0,0.0,0.0
20.95,0.0,0.0,0.0
21.0,0.0,0.0,0.0
21.05,0.0,0.0,0.0
21.1,0.0,0.0,0.0
21.15,0.0,0.0,0.0
21.2,0.0,0.0,0.0
21.25,0.0,0.0,0.0
21.3,0.0,0.0,0.0
21.35,0.0,0.0,0.0
21.4,0.0,0.0,0.0
21.45,0.0,0.0,0.0
21.5,0.0,0.0,0.0
21.55,0.0,0.0,0.0
21.6,0.0,0.0,0.0
21.65,0.0,0.0,0.0
21.7,0.0,0.0,0.0
21.75,0.0,0.0,0.0
21.8,0.0,0.0,0.0
21.85,0.0,0.0,0.0
21.9,0.0,0.0,0.0
21.95,0.0,0.0,0.0
22.0,0.0,0.0,0.0
22.05,0.0,0.0,0.0
22.1,0.0,0.0,0.0
22.15,0.0,0.0,0.0
22.2,0.0,0.0,0.0
22.25,0.0,0.0,0.0
22.3,0.0,0.0,0.0
22.35,0.0,0.0,0.0
22.4,0.0,0.0,0.0
22.45,0.0,0.0,0.0
22.5,0.0,0.0,0.0
22.55,0.0,0.0,0.0
22.6,0.0,0.0,0.0
22.65,0.0,0.0,0.0
22.7,0.0,0.0,0.0
22.75,0.0,0.0,0.0
22.8,0.0,0.0,0.0
22.85,0.0,0.0,0.0
22.9,0.0,0.0,0.0
22.95,0.0,0.0,0.0
23.0,0.0,0.0,0.0
23.05,0.0,0.0,0.0
23.1,0.0,0.0,0.0
23.15,0.0,0.0,0.0
23.2,0.0,0.0,0.0
23.25,0.0,0.0,0.0
23.3,0.0,0.0,0.0
23.35,0.0,0.0,0.0
23.4,0.0,0.0,0.0
23.45,0.0,0.0,0.0
23.5,0.0,0.0,0.0
23.55,0.0,0.0,0.0
23.6,0.0,0.0,0.0
23.65,0.0,0.0,0.0
23.7,0.0,0.0,0.0
23.75,0.0,0.0,0.0
23.8,0.0,0.0,0.0
23.85,0.0,0.0,0.0
23.9,0.0,0.0,0.0
23.95,0.0,0.0,0.0
24.0,0.0,0.0,0.0
24.05,0.0,0.0,0.0
24.1,0.0,0.0,0.0
24.15,0.0,0.0,0.0
24.2,0.0,0.0,0.0
24.25,0.0,0.0,0.0
24.3,0.0,0.0,0.0
24.35,0.0,0.0,0.0
24.4,0.0,0.0,0.0
24.45,0.0,0.0,0.0
24.5,0.0,0.0,0.0
24.55,0.0,0.0,0.0
24.6,0.0,0.0,0.0
24.65,0.0,0.0,0.0
24.7,0.0,0.0,0.0
24.75,0.0,0.0,0.0
24.8,0.0,0.0,0.0
24.85,0.0,0.0,0.0
24.9,0.0,0.0,0.0
24.95,0.0,0.0,0.0
25.0,0.0,0.0,0.0
25.05,0.0,0.0,0.0
25.1,0.0,0.0,0.0
25.15,0.0,0.0,0.0
25.2,0.0,0.0,0.0
25.25,0.0,0.0,0.0
25.3,0.0,0.0,0.0
25.35,0.0,0.0,0.0
25.4,0.0,0.0,0.0
25.45,0.0,0.0,0.0
25.5,0.0,0.0,0.0
25.55,0.0,0.0,0.0
25.6,0.0,0.0,0.0
25.65,0.0,0.0,0.0
25.7,0.0,0.0,0.0
25.75,0.0,0.0,0.0
25.8,0.0,0.0,0.0
25.85,0.0,0.0,0.0
25.9,0.0,0.0,0.0
25.95,0.0,0.0,0.0
26.0,0.0,0.0,0.0
26.05,0.0,0.0,0.0
26.1,0.0,0.0,0.0
26.15,0.0,0.0,0.0
26.2,0.0,0.0,0.0
26.25,0.0,0.0,0.0
26.3,0.0,0.0,0.0
26.35,0.0,0.0,0.0
26.4,0.0,0.0,0.0
26.45,0.0,0.0,0.0
26.5,0.0,0.0,0.0
26.55,0.0,0.0,0.0
26.6,0.0,0.0,0.0
26.65,0.0,0.0,5.70432590052e-18
26.7,0.0,0.0,7.70856400236e-06
26.75,0.0,0.0,1.36582583061e-05
26.8,0.0,0.0,3.3667529072e-05
26.85,0.0,0.0,4.91112600784e-05
26.9,0.0,0.0,7.64482920292e-05
26.95,0.0,0.0,9.75477868966e-05
27.0,0.0,0.0,0.000113832957636
27.05,0.0,0.0,0.000134110851835
27.1,0.0,0.0,0.000149761881468
27.15,0.0,0.0,0.000161841759133
27.2,0.0,0.0,0.00017887386254
27.25,0.0,0.0,0.000199728264586
27.3,0.0,0.0,0.000215824222895
27.35,0.0,0.0,0.000228247519805
27.4,0.0,0.0,0.000237836108335
27.45,0.0,0.0,0.000245236834915
27.5,0.0,0.0,0.000250948905939
27.55,0.0,0.0,0.000255357605218
27.6,0.0,0.0,0.000258760350306
27.65,0.0,0.0,0.000261330460444
27.7,0.0,0.0,0.000263013779943
27.75,0.0,0.0,0.000264134693571
27.8,0.0,0.0,0.000264333891923
27.85,0.0,0.0,0.000264178761776
27.9,0.0,0.0,0.000263263647592
27.95,0.0,0.0,0.000262232602976
28.0,0.0,0.0,0.000261058742945
28.05,0.0,0.0,0.000259533382612
28.1,0.0,0.0,0.00025797401076
28.15,0.0,0.0,0.000256335559397
28.2,0.0,0.0,0.000254339396871
28.25,0.0,0.0,0.00025206056757
28.3,0.0,0.0,0.000249802513575
28.35,0.0,0.0,0.000247564440145
28.4,0.0,0.0,0.000245346780145
28.45,0.0,0.0,0.000243148741998
28.5,0.0,0.0,0.000240970154785
28.55,0.0,0.0,0.000246519716508
28.6,0.0,0.0,0.000250329515951
28.65,0.0,0.0,0.00025280070478
28.7,0.0,0.0,0.00025424344991
28.75,0.0,0.0,0.000254896375169
28.8,0.0,0.0,0.000254944090667
28.85,0.0,0.0,0.000254528293934
28.9,0.0,0.0,0.000253759307776
28.95,0.0,0.0,0.000260429817913
29.0,0.0,0.0,0.000265137720454
29.05,0.0,0.0,0.000268334980484
29.1,0.0,0.0,0.000270607785564
29.15,0.0,0.0,0.000273637939006
29.2,0.0,0.0,0.000275603792805
29.25,0.0,0.0,0.000276751353253
29.3,0.0,0.0,0.000277270641708
29.35,0.0,0.0,0.000277308058355
29.4,0.0,0.0,0.000276977277626
29.45,0.0,0.0,0.00027636508097
29.5,0.0,0.0,0.000275482652283
29.55,0.0,0.0,0.000274150915163
29.6,0.0,0.0,0.000272709754603
29.65,0.0,0.0,0.000271187793253
29.7,0.0,0.0,0.000269607585529
29.75,0.0,0.0,0.000267985886856
29.8,0.0,0.0,0.000266335757785
29.85,0.0,0.0,0.000264667032339
29.9,0.0,0.0,0.000262931704134
29.95,0.0,0.0,0.000260903950528
30.0,0.0,0.0,0.00025929645531
30.05,0.0,0.0,0.000262722598307
30.1,0.0,0.0,0.000265001224278
30.15,0.0,0.0,0.000266107277999
30.2,0.0,0.0,0.000266547667504
30.25,0.0,0.0,0.000266477821725
30.3,0.0,0.0,0.000266017607957
30.35,0.0,0.0,0.000265259694404
30.4,0.0,0.0,0.000264275785638
30.45,0.0,0.0,0.00026312111846
30.5,0.0,0.0,0.000262038347229
30.55,0.0,0.0,0.000263463102314
30.6,0.0,0.0,0.000264221362593
30.65,0.0,0.0,0.000264468529273
30.7,0.0,0.0,0.000264324378358
30.75,0.0,0.0,0.00026388084518
30.8,0.0,0.0,0.000263209181661
30.85,0.0,0.0,0.000262364356677
30.9,0.0,0.0,0.000261563983392
30.95,0.0,0.0,0.000263913444812
31.0,0.0,0.0,0.000265410522632
31.05,0.0,0.0,0.000265685612189
31.1,0.0,0.0,0.000265490890287
31.15,0.0,0.0,0.000264937436264
31.2,0.0,0.0,0.000264110823947
31.25,0.0,0.0,0.00026307662695
31.3,0.0,0.0,0.000262042855435
31.35,0.0,0.0,0.000264595870984
31.4,0.0,0.0,0.000266214760204
31.45,0.0,0.0,0.000267116020993
31.5,0.0,0.0,0.000267447298127
31.55,0.0,0.0,0.000267059921343
31.6,0.0,0.0,0.000266518700177
31.65,0.0,0.0,0.000269294249064
31.7,0.0,0.0,0.000271073890376
31.75,0.0,0.0,0.000272088069416
31.8,0.0,0.0,0.000272514623622
31.85,0.0,0.0,0.00027249077662
31.9,0.0,0.0,0.000272098742211
31.95,0.0,0.0,0.000271147945596
32.0,0.0,0.0,0.000270004227476
32.05,0.0,0.0,0.000268716473055
32.1,0.0,0.0,0.000267320167693
32.15,0.0,0.0,0.000265843865722
32.2,0.0,0.0,0.000264309177807
32.25,0.0,0.0,0.000262732924792
32.3,0.0,0.0,0.000261101037101
32.35,0.0,0.0,0.000259155191022
32.4,0.0,0.0,0.000257205787205
32.45,0.0,0.0,0.000255258117653
32.5,0.0,0.0,0.000253315306953
32.55,0.0,0.0,0.000251381268549
32.6,0.0,0.0,0.000249431013506
32.65,0.0,0.0,0.000247196707123
32.7,0.0,0.0,0.00024498216906
32.75,0.0,0.0,0.000242787227131
32.8,0.0,0.0,0.000240739509652
32.85,0.0,0.0,0.000243164327555
32.9,0.0,0.0,0.000244590809333
32.95,0.0,0.0,0.00024525115719
33.0,0.0,0.0,0.000245323712678
33.05,0.0,0.0,0.000244947360595
33.1,0.0,0.0,0.000244227655569
33.15,0.0,0.0,0.000243247240349
33.2,0.0,0.0,0.000242068973502
33.25,0.0,0.0,0.000240741731511
33.3,0.0,0.0,0.000239467667827
33.35,0.0,0.0,0.000241631590557
33.4,0.0,0.0,0.00024293076174
33.45,0.0,0.0,0.000243566030371
33.5,0.0,0.0,0.000243691933886
33.55,0.0,0.0,0.000243428741464
33.6,0.0,0.0,0.000242867783552
33.65,0.0,0.0,0.000242080626004
33.7,0.0,0.0,0.000241121660395
33.75,0.0,0.0,0.000240033199753
33.8,0.0,0.0,0.000238815395669
33.85,0.0,0.0,0.00023723227933
33.9,0.0,0.0,0.000235605233611
33.95,0.0,0.0,0.000233948102048
34.0,0.0,0.0,0.000232583730312
34.05,0.0,0.0,0.000238665111102
34.1,0.0,0.0,0.000243035994956
34.15,0.0,0.0,0.000246089939182
34.2,0.0,0.0,0.000248129932721
34.25,0.0,0.0,0.000249390136314
34.3,0.0,0.0,0.000250025580068
34.35,0.0,0.0,0.000249906259768
34.4,0.0,0.0,0.000249442098434
34.45,0.0,0.0,0.000248907600622
34.5,0.0,0.0,0.000250980251762
34.55,0.0,0.0,0.000252259919601
34.6,0.0,0.0,0.000252930105262
34.65,0.0,0.0,0.000253133066159
34.7,0.0,0.0,0.000252977893968
34.75,0.0,0.0,0.000252549065085
34.8,0.0,0.0,0.000251911757041
34.85,0.0,0.0,0.000251117047439
34.9,0.0,0.0,0.00025020291073
34.95,0.0,0.0,0.000249199259637
35.0,0.0,0.0,0.000248074753007
35.05,0.0,0.0,0.000246311388066
35.1,0.0,0.0,0.000244527959383
35.15,0.0,0.0,0.000242733133023
35.2,0.0,0.0,0.000240932941025
35.25,0.0,0.0,0.000239132281102
35.3,0.0,0.0,0.000237334901437
35.35,0.0,0.0,0.000235544390188
35.4,0.0,0.0,0.000233762182838
35.45,0.0,0.0,0.00023196944894
35.5,0.0,0.0,0.000229890848036
35.55,0.0,0.0,0.000227831565726
35.6,0.0,0.0,0.00022579050329
35.65,0.0,0.0,0.000223767820377
35.7,0.0,0.0,0.000221763034956
35.75,0.0,0.0,0.000219775991117
35.8,0.0,0.0,0.000217806534283
35.85,0.0,0.0,0.00021585517557
35.9,0.0,0.0,0.000213921085433
35.95,0.0,0.0,0.000212004113416
36.0,0.0,0.0,0.000210104415228
36.05,0.0,0.0,0.000208222372906
36.1,0.0,0.0,0.000206356982294
36.15,0.0,0.0,0.000204508389303
36.2,0.0,0.0,0.000202676153387
36.25,0.0,0.0,0.000200860132056
36.3,0.0,0.0,0.000199060184037
36.35,0.0,0.0,0.000197276776456
36.4,0.0,0.0,0.000195509151164
36.45,0.0,0.0,0.000193757170657
36.5,0.0,0.0,0.00019202097724
36.55,0.0,0.0,0.00019030092007
36.6,0.0,0.0,0.000188596081417
36.65,0.0,0.0,0.000186906594633
36.7,0.0,0.0,0.000185232057091
36.75,0.0,0.0,0.000183572338564
36.8,0.0,0.0,0.000181927309937
36.85,0.0,0.0,0.000180297398133
36.9,0.0,0.0,0.000178681910255
36.95,0.0,0.0,0.000177080720633
37.0,0.0,0.0,0.000175493959326
37.05,0.0,0.0,0.000173921945438
37.1,0.0,0.0,0.000172363840227
37.15,0.0,0.0,0.000170819765568
37.2,0.0,0.0,0.000169289353487
37.25,0.0,0.0,0.000167772484966
37.3,0.0,0.0,0.000166269042004
37.35,0.0,0.0,0.000164779414777
37.4,0.0,0.0,0.000163302970026
37.45,0.0,0.0,0.000161839592897
37.5,0.0,0.0,0.000160389402255
37.55,0.0,0.0,0.000158952689739
37.6,0.0,0.0,0.000157528688797
37.65,0.0,0.0,0.000156117510814
37.7,0.0,0.0,0.000154718819486
37.75,0.0,0.0,0.000153332506041
37.8,2.15993889441e-16,3.88890154326e-17,0.000151958462633
37.85,7.98808329398e-05,9.01901423363e-07,0.000150597045855
37.9,0.000154795669012,1.81818986944e-06,0.000149247676954
37.95,0.000225014975925,2.76151545069e-06,0.00014791025096
38.0,0.000290858642113,3.7463113355e-06,0.000146584876508
38.05,0.000352584904326,4.79214641417e-06,0.000145271820135
38.1,0.000410455746042,5.90393154319e-06,0.000143970381266
38.15,0.000464716135727,7.10288329638e-06,0.0001426806617
38.2,0.000515579515886,8.39900173549e-06,0.000141402354077
38.25,0.000563276984045,9.80230643952e-06,0.000140135358987
38.3,0.000607981383207,1.13321479258e-05,0.000138879577866
38.35,0.000649906537145,1.29917776555e-05,0.000137635336617
38.4,0.000689200848768,1.48003857415e-05,0.000136402106297
38.45,0.000726049451571,1.67699103556e-05,0.000135179790974
38.5,0.000760591125661,1.89060831623e-05,0.00013396848993
38.55,0.000792977848746,2.1230069355e-05,0.000132768446762
38.6,0.000823341679847,2.37439002933e-05,0.000131579021195
38.65,0.000851806773347,2.64654082532e-05,0.000130400306262
38.7,0.000878498043473,2.94066749864e-05,0.000129232021062
38.75,0.000903516346367,3.25683572751e-05,0.000128074074737
38.8,0.000903516346367,3.4238236674e-05,0.000126926377209
38.85,0.000974856548343,3.78676472833e-05,0.00012578922633
38.9,0.00104131126148,4.18908779877e-05,0.000124662138682
38.95,0.00110315019693,4.63266858241e-05,0.000123545026589
39.0,0.00116069249363,5.11990020394e-05,0.00012243798079
39.05,0.00121419564589,5.65473825616e-05,0.000121341223916
39.1,0.00126392090166,6.23720434164e-05,0.000120254170797
39.15,0.00131011250081,6.87154474915e-05,0.000119176906462
39.2,0.00135298316404,7.55917220136e-05,0.000118109174184
39.25,0.00139276327384,8.30084046029e-05,0.000117050890927
39.3,0.00142962496488,9.09981675216e-05,0.000116001974365
39.35,0.00146378135924,9.95487816453e-05,0.000114962696714
39.4,0.00149538016469,0.000108686914957,0.000113932616164
39.45,0.00152460582612,0.000118412933489,0.000112911652585
39.5,0.00155159644148,0.0001287139903,0.000111899888906
39.55,0.00157650331268,0.000139612561654,0.000110897528596
39.6,0.00159945782932,0.00015107535121,0.000109904036851
39.65,0.00162058348261,0.000163109742649,0.00010891949138
39.7,0.00164000452982,0.00017571258214,0.000107943657553
39.75,0.00165782117629,0.000188836389351,0.000106976459482
39.8,0.00165068744166,0.00019748200161,0.000106017821925
39.85,0.00163508405791,0.000205956551583,0.00010506799367
39.9,0.00161962775904,0.000214209467611,0.000104126570932
39.95,0.00160431716284,0.000222231676839,0.000103193480478
40.0,0.00158915090004,0.000230013459597,0.0001022687981
40.05,0.00157412761419,0.000237556432491,0.000101352709753
40.1,0.00155924596156,0.000244857719798,0.000100444726665
40.15,0.00154450461099,0.000251922986863,9.95449198559e-05
40.2,0.00152990224379,0.000258764054554,9.86530748902e-05
40.25,0.00151543755362,0.000265390432708,9.77691224107e-05
40.3,0.00150110924638,0.000271823301283,9.68929936519e-05
40.35,0.00148691604011,0.000278082250038,9.60249159885e-05
40.4,0.00147285666482,0.000284200571518,9.516452039e-05
40.45,0.00145892986246,0.000290206690766,9.43117399256e-05
40.5,0.00144513438672,0.000296140613127,9.34666438634e-05
40.55,0.00143146900301,0.000302049197673,9.26294021554e-05
40.6,0.00141793248829,0.000307987889141,9.17995680951e-05
40.65,0.00140452363096,0.000314023288682,9.09772065917e-05
40.7,0.00139124123079,0.000320238864549,9.01621216651e-05
40.75,0.00137808409881,0.00032673614997,8.93542499277e-05
40.8,0.00136505105717,0.000333646583959,8.85535285328e-05
40.85,0.00135214769646,0.000341148671257,8.77601652849e-05
40.9,0.00133936596893,0.000349487501464,8.69738229158e-05
40.95,0.00132670473156,0.000359021384953,8.61944402552e-05
41.0,0.001314162852,0.00037028851907,8.54220806094e-05
41.05,0.00130173920855,0.000384157549492,8.46568993028e-05
41.1,0.00128943268998,0.000402120017889,8.38984880765e-05
41.15,0.00127724219547,0.000426954115457,8.3146906253e-05
41.2,0.00126516663454,0.000464342193373,8.240197472e-05
41.25,0.00125320492688,0.000527030181126,8.16636355455e-05
41.3,0.00124135600234,0.000642596850051,8.09318312919e-05
41.35,0.00122961880078,0.000822990129484,8.02067518784e-05
41.4,0.00121799227197,0.000932264924749,7.9488089065e-05
41.45,0.00120647537554,0.000955004246078,7.87757869462e-05
41.5,0.00119506708088,0.000959026787711,7.80699033797e-05
41.55,0.001183766367,0.000959410938944,7.73705803212e-05
41.6,0.0011725722225,0.000958666485847,7.66774446503e-05
41.65,0.00116148364546,0.000957226217192,7.59905505834e-05
41.7,0.00115049964332,0.000955037632841,7.53097344245e-05
41.75,0.00113961923285,0.000951850682574,7.46349432276e-05
41.8,0.00112884144002,0.000947248079571,7.39661244988e-05
41.85,0.00111817088803,0.000940606782456,7.3303451811e-05
41.9,0.0011076009217,0.000931034126221,7.26466434541e-05
41.95,0.00109713059581,0.000917312347413,7.19956483344e-05
42.0,0.00108675897395,0.000897906167975,7.13505193298e-05
42.05,0.00107648512852,0.00087109717965,7.07113861781e-05
42.1,0.00106630814058,0.000835339879795,7.00779078728e-05
42.15,0.00105622709981,0.000789910781937,6.94501339641e-05
42.2,0.00104624110439,0.000735764134816,6.8827914845e-05
42.25,0.00103634926099,0.000675522212371,6.82112021267e-05
42.3,0.00102655068461,0.00061135256169,6.75999478331e-05
42.35,0.00101684449857,0.000543576965853,6.69943105981e-05
42.4,0.00100722983437,0.000472076248026,6.6394032958e-05
42.45,0.000997705831683,0.000398708324928,6.57990682166e-05
42.5,0.000988271638207,0.000328625254545,6.52094647008e-05
42.55,0.000978926409645,0.000268335004898,6.46253409819e-05
42.6,0.000969669309607,0.000221475191792,6.40463854035e-05
42.65,0.000960499509537,0.000187391468274,6.34726432511e-05
42.7,0.000951416188644,0.000163304173829,6.29039777941e-05
42.75,0.000942418533826,0.000146403720714,6.23403448084e-05
42.8,0.000933505739602,0.000134559541336,6.17817004474e-05
42.85,0.000924681629162,0.000126297444854,6.12281896914e-05
42.9,0.000915940698964,0.000120624948059,6.06795772362e-05
42.95,0.00090728216733,0.000116862816015,6.0135820405e-05
43.0,0.000898705259906,0.000114542218287,5.95969633649e-05
43.05,0.000890209209587,0.000113331961603,5.90631144822e-05
43.1,0.000881793256453,0.000112988482233,5.85339889242e-05
43.15,0.000873456647703,0.000113337848252,5.80096280787e-05
43.2,0.000865198637584,0.00011424022904,5.74899069836e-05
43.25,0.000857018487331,0.000115596192646,5.6974785221e-05
43.3,0.000848915465098,0.000117323833661,5.64642227179e-05
43.35,0.000840888845893,0.000119355161202,5.59583519766e-05
43.4,0.000832937911517,0.000121638989923,5.54569579453e-05
43.45,0.000825061950499,0.000124129714762,5.496000162e-05
43.5,0.000817260258032,0.000126793185449,5.44675233667e-05
43.55,0.000809532135915,0.000129597815529,5.39796222245e-05
43.6,0.000801876892484,0.000132516381609,5.34960378761e-05
43.65,0.00079429384256,0.000135526316279,5.30168081472e-05
43.7,0.000786782307381,0.000138607985528,5.25418188307e-05
43.75,0.000779341614545,0.000141744239588,5.20710329876e-05
43.8,0.000771971097952,0.000144920035884,5.1604413994e-05
43.85,0.000764673919225,0.000148122126292,5.11420829478e-05
43.9,0.000757445527158,0.000151338818738,5.06838433065e-05
43.95,0.000750285275338,0.000154559713116,5.0229659423e-05
44.0,0.000743192523402,0.00015777555718,4.97795681893e-05
44.05,0.000736166636988,0.000160981339027,4.93336601201e-05
44.1,0.000729206987673,0.000164166853055,4.88916973034e-05
44.15,0.000722312952921,0.000167325605838,4.84537143092e-05
44.2,0.000715483916025,0.000170452366692,4.80196067602e-05
44.25,0.000708719266057,0.000173546037852,4.75893408966e-05
44.3,0.000702018397808,0.000176597333926,4.71628832468e-05
44.35,0.000695380711742,0.000179606275119,4.67403444858e-05
44.4,0.000688805613936,0.000182568230552,4.63215449872e-05
44.45,0.000682292516034,0.000185481223814,4.59064521723e-05
44.5,0.000675840835189,0.000188341691829,4.54950997575e-05
44.55,0.000669449994015,0.000191150746062,4.50875704674e-05
44.6,0.000663119420538,0.000193902613165,4.46836468664e-05
44.65,0.00065684854814,0.000196599671687,4.42833605494e-05
44.7,0.000650636815514,0.000199240574805,4.38866161226e-05
44.75,0.00064448366661,0.00020182273115,4.34933827319e-05
44.8,0.000638388550592,0.000204346162522,4.31036297865e-05
44.85,0.000632354081992,0.000206811022102,4.27174584359e-05
44.9,0.000626376497148,0.000209219985889,4.23347045137e-05
44.95,0.000620455261504,0.000211570553224,4.19553382454e-05
45.0,0.000614589845506,0.000213863112217,4.15793904454e-05
45.05,0.000608779724562,0.000216098220316,4.12069367182e-05
45.1,0.000603024378992,0.000218276505154,4.08377783429e-05
45.15,0.000597323293984,0.000220398667449,4.04719441947e-05
45.2,0.000591675959547,0.000222465465505,4.01093470905e-05
45.25,0.000586081870467,0.000224477713749,3.97499588316e-05
45.3,0.000580540526264,0.000226438188355,3.93937514603e-05
45.35,0.000575051431143,0.000228346540831,3.90408174201e-05
45.4,0.000569614093956,0.000230203494137,3.86910066743e-05
45.45,0.000564228028155,0.000232010010536,3.83442920111e-05
45.5,0.000558892751751,0.000233767083642,3.80007015926e-05
45.55,0.000553607787269,0.000235478409138,3.76603045163e-05
45.6,0.000548372661709,0.000237144211806,3.73229191648e-05
45.65,0.000543186906502,0.00023876405417,3.69885719281e-05
45.7,0.000538050057469,0.000240340056861,3.66571831269e-05
45.75,0.000532961654781,0.000241876708365,3.63287269895e-05
45.8,0.000527921242917,0.000243370963028,3.60031779644e-05
45.85,0.000522930983989,0.000244826260956,3.56806205387e-05
45.9,0.000517987765604,0.000246245709931,3.53609175892e-05
45.95,0.000513091145704,0.000247626458841,3.50440442461e-05
46.0,0.00050824068637,0.000248975646433,3.47300262477e-05
46.05,0.000503435953786,0.000250289223649,3.44189267443e-05
46.1,0.000498676518198,0.000251572053706,3.411057975e-05
46.15,0.000493961953877,0.000252823778609,3.38050093838e-05
46.2,0.000489291839082,0.000254046435263,3.35021428238e-05
46.25,0.000484665756022,0.00025524153628,3.32019565169e-05
46.3,0.000480083290818,0.000256410011096,3.29044271105e-05
46.35,0.000475544033471,0.000257553628682,3.26096318201e-05
46.4,0.00047104757782,0.000258673935866,3.23174453246e-05
46.45,0.00046659352151,0.000259771555721,3.20278448945e-05
46.5,0.000462181465955,0.00026084937226,3.17408540531e-05
46.55,0.000457811016305,0.000261905591291,3.14565305151e-05
46.6,0.000453481781405,0.000262946224083,3.11747225812e-05
46.65,0.00044919337377,0.000263966966464,3.08954522942e-05
46.7,0.000444945409543,0.000264974873556,3.06186531001e-05
46.75,0.000440737508462,0.000265966718782,3.03443034728e-05
46.8,0.000436569293833,0.000266945817744,3.00723820698e-05
46.85,0.000432442553632,0.000267914170297,2.98029594606e-05
46.9,0.000428354714037,0.000268869754273,2.95359211104e-05
46.95,0.000424305409485,0.000269819904615,2.92712462461e-05
47.0,0.000420294277835,0.000270760350214,2.90089563662e-05
47.05,0.000416320960339,0.000271694896748,2.87491042182e-05
47.1,0.000412385101607,0.000272625868052,2.84915511592e-05
47.15,0.000408486349579,0.000273551396463,2.82363173347e-05
47.2,0.000404624355493,0.000274477889367,2.79833419192e-05
47.25,0.000400798773852,0.000275403048633,2.77326052391e-05
47.3,0.000397009262396,0.000276328916606,2.7484087789e-05
47.35,0.000393255482071,0.000277260283799,2.72378540644e-05
47.4,0.000389537097,0.000278194772868,2.69937993885e-05
47.45,0.000385853774452,0.000279137912736,2.67519047761e-05
47.5,0.000382205184811,0.000280089971522,2.65121898753e-05
47.55,0.000378591001553,0.000281051383315,2.62747028936e-05
47.6,0.00037501090121,0.000282029326816,2.60393171211e-05
47.65,0.000371464563346,0.000283020874851,2.58060509694e-05
47.7,0.000367951670527,0.000284032098694,2.55748488481e-05
47.75,0.000364471908294,0.000285064854534,2.53456927769e-05
47.8,0.000361024965134,0.000286120939515,2.51185649291e-05
47.85,0.000357612319632,0.000287207505519,2.48935242494e-05
47.9,0.000354231843341,0.000288323410296,2.46704750701e-05
47.95,0.000350883233955,0.000289479032653,2.44494000403e-05
48.0,0.000347566192,0.0002906731897,2.42303171169e-05
48.05,0.000344280420804,0.000291915856792,2.40132703582e-05
48.1,0.000341025626476,0.000293208997774,2.37981439602e-05
48.15,0.000337801517876,0.000294563495634,2.35849547497e-05
48.2,0.000334607806591,0.000295982656912,2.33736519208e-05
48.25,0.00033144420691,0.000297481064515,2.31642190411e-05
48.3,0.000328310435798,0.000299063949026,2.2956639818e-05
48.35,0.000325206212872,0.00030074674291,2.27509681228e-05
48.4,0.000322131260374,0.000302543387611,2.25471165221e-05
48.45,0.000319085303149,0.000304469484203,2.2345069158e-05
48.5,0.00031606806862,0.000306546297807,2.21448424421e-05
48.55,0.000313079286763,0.000308801102296,2.19464766407e-05
48.6,0.000310118690084,0.000311262172226,2.17498659168e-05
48.65,0.000307186013595,0.000313967775016,2.15550256489e-05
48.7,0.000304280994792,0.000316965816686,2.13619094041e-05
48.75,0.00030140337363,0.000320317640382,2.11705021641e-05
48.8,0.000298552892499,0.000324105623844,2.09807890387e-05
48.85,0.00029573077413,0.000328432000437,2.07928192625e-05
48.9,0.000292935258384,0.000333446019537,2.06065129275e-05
48.95,0.000290166095267,0.000339348739495,2.04218555405e-05
49.0,0.000287423037124,0.000346435158806,2.02388621008e-05
49.05,0.000284705838622,0.000355149146192,2.00575694088e-05
49.1,0.000282014256723,0.000366190972905,1.98778807368e-05
49.15,0.000279348050667,0.00038073258892,1.96998101399e-05
49.2,0.000276706981949,0.000400876469234,1.95233151814e-05
49.25,0.000274090814297,0.000430732065001,1.93483821356e-05
49.3,0.000271499313652,0.000479082672094,1.9174997394e-05
49.35,0.00026893224815,0.000565287706902,1.90032059537e-05
49.4,0.000266389388095,0.000715095438004,1.88329347841e-05
49.45,0.000263870505946,0.000857199765628,1.86641706396e-05
49.5,0.000261375376293,0.000900214705978,1.84969272283e-05
49.55,0.000258903775837,0.00090827178629,1.83312381834e-05
49.6,0.000256455483371,0.000909672016542,1.81670151025e-05
49.65,0.000254030279762,0.000909308896948,1.80042708308e-05
49.7,0.000251627947929,0.00090809071501,1.78429665841e-05
49.75,0.000249248272825,0.000906092422772,1.76830898183e-05
49.8,0.000246891041418,0.000903109462265,1.75246280959e-05
49.85,0.000244557264855,0.00089874660113,1.73676225412e-05
49.9,0.000242245487575,0.000892389690981,1.72120064094e-05
49.95,0.000239955502842,0.000883148414271,1.70577675947e-05
50.0,0.000237687105856,0.00086979255624,1.69049186256e-05
50.05,0.000235440093735,0.000850758603186,1.67534902405e-05
50.1,0.000233214265499,0.000824286607242,1.66034016454e-05
50.15,0.000231009422049,0.000788802930452,1.64546645803e-05
50.2,0.000228825366149,0.000743601525245,1.6307243599e-05
50.25,0.000226661902413,0.00068974135424,1.61611272369e-05
50.3,0.000224518837284,0.000629863070068,1.60163041271e-05
50.35,0.000222395979019,0.000565861308472,1.58728118545e-05
50.4,0.000220293137671,0.000497842472424,1.57305894186e-05
50.45,0.000218210125071,0.000425951659453,1.55896257559e-05
50.5,0.000216146754814,0.000352957542663,1.54499323164e-05
50.55,0.000214102842241,0.000285061438377,1.53115371929e-05
50.6,0.000212078204424,0.000228686481523,1.51743665453e-05
50.65,0.000210072660148,0.000186122822967,1.50384311031e-05
50.7,0.000208086029895,0.000155571089767,1.49036984709e-05
50.75,0.000206118135832,0.000133922599423,1.47701581709e-05
50.8,0.000204168801789,0.000118488217057,1.46377998146e-05
50.85,0.000202238863944,0.000107349360359,1.45066577517e-05
50.9,0.000200327118607,9.9218281588e-05,1.43766762324e-05
50.95,0.000198433394815,9.32271371294e-05,1.42478451451e-05
51.0,0.000196557523208,8.87911615307e-05,1.41201749543e-05
51.05,0.000194699336011,8.55056613083e-05,1.3993691335e-05
51.1,0.000192858667021,8.3084906637e-05,1.38683268025e-05
51.15,0.00019103535159,8.13252936329e-05,1.37440911627e-05
51.2,0.000189229226614,8.00751073111e-05,1.36209548085e-05
51.25,0.000187440130517,7.92236733906e-05,1.34989081638e-05
51.3,0.000185667903234,7.86846862455e-05,1.33779417343e-05
51.35,0.000183912386202,7.83965810942e-05,1.32580869134e-05
51.4,0.000182173422342,7.83062181481e-05,1.31392927493e-05
51.45,0.000180450856046,7.83746468142e-05,1.3021550001e-05
51.5,0.000178744533165,7.85702256321e-05,1.29048682322e-05
51.55,0.000177054300994,7.88701176356e-05,1.27892709082e-05
51.6,0.000175380008259,7.92521824101e-05,1.26746963524e-05
51.65,0.000173721505101,7.97001101347e-05,1.25611535268e-05
51.7,0.000172078643068,8.02022848918e-05,1.24486153726e-05
51.75,0.000170451275098,8.0746360475e-05,1.2337073138e-05
51.8,0.000168839255506,8.13238522841e-05,1.22265181457e-05
51.85,0.000167243275777,8.19288414293e-05,1.21169790872e-05
51.9,0.000165662340508,8.25527052413e-05,1.2008409396e-05
51.95,0.000164096308322,8.31933340632e-05,1.19008006265e-05
52.0,0.000162545039162,8.38453240543e-05,1.17941615193e-05
52.05,0.000161008394287,8.45039119406e-05,1.16885135199e-05
52.1,0.000159486236253,8.51692131528e-05,1.15838002603e-05
52.15,0.000157978428903,8.58368962056e-05,1.14800299311e-05
52.2,0.000156484837358,8.65039802894e-05,1.13771778025e-05
52.25,0.000155005327999,8.71721891744e-05,1.12752358758e-05
52.3,0.00015353976846,8.7837400381e-05,1.11741962206e-05
52.35,0.000152088027615,8.84978312204e-05,1.1074085059e-05
52.4,0.000150649975567,8.91565621139e-05,1.09748598325e-05
52.45,0.000149225483635,8.9808570903e-05,1.08765128222e-05
52.5,0.000147814424344,9.04549487274e-05,1.07790520166e-05
52.55,0.000146416671411,9.10960280341e-05,1.06824970153e-05
52.6,0.000145032099741,9.1728367996e-05,1.05867963018e-05
52.65,0.000143660585406,9.23560281332e-05,1.04919573619e-05
52.7,0.000142302005642,9.29745531133e-05,1.03979575941e-05
52.75,0.000140956238834,9.35859976666e-05,1.03047896882e-05
52.8,0.000139623164509,9.41895466098e-05,1.02124463964e-05
52.85,0.000138303354494,9.47842556382e-05,1.01209516838e-05
52.9,0.000136995985634,9.53719904893e-05,1.00302666549e-05
52.95,0.000135700941013,9.59497261064e-05,9.94038425524e-06
53.0,0.000134418104812,9.65210298433e-05,9.85131178561e-06
53.05,0.000133147362297,9.70817355074e-05,9.76306715881e-06
53.1,0.000131888599808,9.76361398258e-05,9.67560329234e-06
53.15,0.000130641704748,9.8179886103e-05,9.58892702757e-06
53.2,0.000129406565577,9.87170284683e-05,9.50301770836e-06
53.25,0.000128183071798,9.92439728542e-05,9.41786865369e-06
53.3,0.000126971113951,9.97635637671e-05,9.33347323957e-06
53.35,0.0001257705836,0.000100273920897,9.24985336845e-06
53.4,0.000124581373324,0.0001007757201,9.16697349251e-06
53.45,0.000123403376709,0.000101269785905,9.08482716444e-06
53.5,0.000122236488339,0.000101753755464,9.00342105669e-06
53.55,0.000121080603785,0.000102231883001,8.92277154033e-06
53.6,0.000119935619595,0.000102699436031,8.84283558518e-06
53.65,0.000118801433289,0.000103160006728,8.76361944378e-06
53.7,0.000117677943344,0.000103612026471,8.68510423785e-06
53.75,0.00011656504919,0.000104054312254,8.6072838614e-06
53.8,0.000115462651201,0.000104491088521,8.53015226054e-06
53.85,0.000114371222254,0.00010491793208,8.45372945261e-06
53.9,0.000113290081633,0.000105336744612,8.37798294936e-06
53.95,0.000112219132655,0.000105748876381,8.30290685838e-06
54.0,0.000111158279542,0.000106151639009,8.22850727784e-06
54.05,0.000110107427412,0.000106547198793,8.15479916976e-06
54.1,0.000109066482274,0.000106935769843,8.08174320752e-06
54.15,0.000108035351015,0.000107315183665,8.00934510552e-06
54.2,0.000107013941396,0.00010768735575,7.9375876103e-06
54.25,0.000106002162041,0.000108053063583,7.86646514141e-06
54.3,0.000104999922429,0.000108409980292,7.79597216602e-06
54.35,0.000104007132889,0.000108758794562,7.72612697859e-06
54.4,0.000103023704589,0.000109102475053,7.65689988709e-06
54.45,0.000102049549529,0.000109437716532,7.58828550628e-06
54.5,0.000101084580533,0.000109764654681,7.52028940945e-06
54.55,0.000100128711243,0.000110085631961,7.45292527087e-06
54.6,9.91818561096e-05,0.000110399983397,7.38615714871e-06
54.65,9.82439303837e-05,0.000110706363982,7.31999026554e-06
54.7,9.73148501118e-05,0.000111004901738,7.25440885288e-06
54.75,9.63945321264e-05,0.000111298314315,7.18940781058e-06
54.8,9.54828940396e-05,0.000111584872797,7.12498208203e-06
54.85,9.45803269033e-05,0.000111863902792,7.0611483871e-06
54.9,9.3686267792e-05,0.000112135527699,6.99787958931e-06
54.95,9.28006367525e-05,0.000112401624325,6.93517076693e-06
55.0,9.19233545806e-05,0.000112662022535,6.87302701356e-06
55.05,9.10543428134e-05,0.000112915319371,6.81146082654e-06
55.1,9.01935237234e-05,0.000113161622804,6.75043935752e-06
55.15,8.93408203107e-05,0.000113401045082,6.68996737956e-06
55.2,8.84961562967e-05,0.000113636223489,6.63003048135e-06
55.25,8.76594561172e-05,0.000113864934852,6.57062400173e-06
55.3,8.68306449161e-05,0.000114087039473,6.51174331927e-06
55.35,8.60096485381e-05,0.000114302643247,6.4534037148e-06
55.4,8.51963935228e-05,0.000114511850086,6.39558038744e-06
55.45,8.43908070979e-05,0.000114716403668,6.33826883908e-06
55.5,8.3592817173e-05,0.000114915659606,6.28147372491e-06
55.55,8.28023523328e-05,0.000115108837505,6.22520646663e-06
55.6,8.20193418313e-05,0.000115295972778,6.16943704312e-06
55.65,8.12437155853e-05,0.000115477162233,6.11416981662e-06
55.7,8.04754041683e-05,0.000115652501027,6.05939161621e-06
55.75,7.97143388042e-05,0.000115823394596,6.00509818187e-06
55.8,7.89604513614e-05,0.000115989379222,5.95128528996e-06
55.85,7.8214065224e-05,0.00011614974552,5.8979669061e-06
55.9,7.74747148756e-05,0.000116304585477,5.84512036399e-06
55.95,7.67423341983e-05,0.000116453987596,5.79274155266e-06
56.0,7.60168576931e-05,0.000116598039012,5.74083472665e-06
56.05,7.52982204748e-05,0.000116736825366,5.68941032461e-06
56.1,7.45863582656e-05,0.000116871124356,5.63844090928e-06
56.15,7.38812073899e-05,0.000117001331921,5.58793046746e-06
56.2,7.31827047684e-05,0.000117126482474,5.53786696182e-06
56.25,7.24907879126e-05,0.000117246657053,5.48824649903e-06
56.3,7.18053949195e-05,0.00011736193545,5.43906521894e-06
56.35,7.11264644658e-05,0.000117472396226,5.39033588518e-06
56.4,7.04539358027e-05,0.000117578116452,5.34203778232e-06
56.45,6.97877487505e-05,0.000117679172303,5.2941671532e-06
56.5,6.91278436933e-05,0.000117775768795,5.24672788618e-06
56.55,6.84741615736e-05,0.000117868191505,5.19972952146e-06
56.6,6.78266438874e-05,0.000117957177373,5.1531469833e-06
56.65,6.71852326788e-05,0.00011804175653,5.10698391534e-06
56.7,6.65498705347e-05,0.000118121999724,5.06122931629e-06
56.75,6.59205005804e-05,0.000118197976755,5.01587962792e-06
56.8,6.52970664736e-05,0.000118269756358,4.97093132231e-06
56.85,6.46798356398e-05,0.00011833740622,4.92639606455e-06
56.9,6.40684231161e-05,0.000118400994673,4.88225492216e-06
56.95,6.34627742254e-05,0.000118460587312,4.83850446134e-06
57.0,6.2862834803e-05,0.000118516319619,4.79514823581e-06
57.05,6.22685511913e-05,0.000118568308882,4.75219496464e-06
57.1,6.16798702353e-05,0.000118616494196,4.70962173032e-06
57.15,6.10967392779e-05,0.000118660937248,4.6674318629e-06
57.2,6.05191061549e-05,0.000118701698679,4.62561530797e-06
57.25,5.99469191911e-05,0.000118739318199,4.58416881352e-06
57.3,5.93801271951e-05,0.000118773629271,4.5430891553e-06
57.35,5.88186794551e-05,0.000118804404589,4.50238699439e-06
57.4,5.82625257343e-05,0.000118831701401,4.4620450278e-06
57.45,5.77116162666e-05,0.000118855576344,4.4220601173e-06
57.5,5.71659017519e-05,0.0001188760852,4.3824355107e-06
57.55,5.66253333524e-05,0.000118893282803,4.34317917667e-06
57.6,5.60898626874e-05,0.000118907222967,4.30427017017e-06
57.65,5.55594418298e-05,0.000118917959012,4.26571153464e-06
57.7,5.50340233014e-05,0.000118925543352,4.22749408102e-06
57.75,5.4513560069e-05,0.000118930027723,4.18961483722e-06
57.8,5.399800554e-05,0.000118931463088,4.1520708565e-06
57.85,5.34875808643e-05,0.000118929899647,4.11487188234e-06
57.9,5.29819676932e-05,0.000118925388227,4.07800210099e-06
57.95,5.24811208111e-05,0.0001189179775,4.04145864434e-06
58.0,5.19849954259e-05,0.000118907786999,4.00524448067e-06
58.05,5.14935471651e-05,0.000118894918032,3.96936689278e-06
58.1,5.10067320715e-05,0.000118879292327,3.93380673835e-06
58.15,5.05245066e-05,0.000118860955705,3.89856679888e-06
58.2,5.00468276129e-05,0.000118839953208,3.8636386762e-06
58.25,4.95736523769e-05,0.000118816329306,3.82901965401e-06
58.3,4.91049385587e-05,0.000118790127809,3.79470703921e-06
58.35,4.86406442219e-05,0.000118761391875,3.76070973666e-06
58.4,4.81807278226e-05,0.00011873016382,3.7270132937e-06
58.45,4.77251482063e-05,0.000118696485537,3.69361508905e-06
58.5,4.72738646039e-05,0.000118660410125,3.66051783552e-06
58.55,4.68268366284e-05,0.000118622149718,3.6277281891e-06
58.6,4.6384024271e-05,0.000118581561885,3.59522865501e-06
58.65,4.5945387898e-05,0.000118538686082,3.56302177536e-06
58.7,4.55108882468e-05,0.000118493561091,3.53109987479e-06
58.75,4.50804864229e-05,0.000118446225213,3.49946047082e-06
58.8,4.46541438961e-05,0.000118396716182,3.4681011021e-06
58.85,4.42320435483e-05,0.000118345071176,3.43702990709e-06
58.9,4.38139221182e-05,0.000118291327955,3.40623367703e-06
58.95,4.33997422143e-05,0.000118235522576,3.37571001627e-06
59.0,4.29894667955e-05,0.000118177690565,3.34546140413e-06
59.05,4.25830591673e-05,0.000118117866841,3.3154939237e-06
59.1,4.21804829792e-05,0.00011805608566,3.28579158599e-06
59.15,4.17817022208e-05,0.000117992381013,3.2563567143e-06
59.2,4.13866812194e-05,0.00011792678631,3.22718229388e-06
59.25,4.0995384636e-05,0.000117859334552,3.1982660559e-06
59.3,4.06077774629e-05,0.000117790058255,3.16960575089e-06
59.35,4.02238250202e-05,0.00011771898946,3.1412088168e-06
59.4,3.98434929529e-05,0.000117646159567,3.11306318176e-06
59.45,3.9466747228e-05,0.000117571599687,3.0851666563e-06
59.5,3.9093554131e-05,0.000117495352265,3.05752150635e-06
59.55,3.87238802635e-05,0.000117417618365,3.03013329145e-06
59.6,3.83576925399e-05,0.000117338245833,3.00298739874e-06
59.65,3.79949581848e-05,0.00011725726399,2.97608595156e-06
59.7,3.76356447296e-05,0.00011717470165,2.94942253893e-06
59.75,3.727972001e-05,0.000117090587283,2.92299508729e-06
59.8,3.69271521633e-05,0.000117004948943,2.89680154075e-06
59.85,3.65780924252e-05,0.000116917814271,2.87084869712e-06
59.9,3.62323230895e-05,0.000116829211439,2.84512552353e-06
59.95,3.58898132349e-05,0.00011673916726,2.81963001895e-06
60.0,3.55505322299e-05,0.000116647708161,2.79436425429e-06
60.05,3.52144497297e-05,0.000116555005359,2.76933331058e-06
60.1,3.48815356738e-05,0.000116461163236,2.74452383269e-06
60.15,3.45517602832e-05,0.000116366375917,2.71993776118e-06
60.2,3.4225094058e-05,0.000116270292536,2.69556923687e-06
60.25,3.39015077742e-05,0.000116172937444,2.67141636467e-06
60.3,3.35809724821e-05,0.000116074334639,2.64747726563e-06
60.35,3.32634595026e-05,0.000115974507767,2.62375815249e-06
60.4,3.29489404256e-05,0.000115873479989,2.60024894197e-06
60.45,3.26373871072e-05,0.000115771274271,2.57694780525e-06
60.5,3.23287716669e-05,0.000115667913242,2.553856635e-06
60.55,3.20230664856e-05,0.000115563419136,2.53098007495e-06
60.6,3.17202442029e-05,0.000115457813756,2.50830591941e-06
60.65,3.14202777147e-05,0.00011535111876,2.48583594194e-06
60.7,3.1123140171e-05,0.000115243355431,2.46356478764e-06
60.75,3.08288049731e-05,0.000115134544804,2.44149072451e-06
60.8,3.05372457719e-05,0.000115024707605,2.41961203536e-06
60.85,3.02485876333e-05,0.000114913864259,2.39793439817e-06
60.9,2.99626505229e-05,0.000114802035651,2.37644859753e-06
60.95,2.96794088701e-05,0.000114689241595,2.35515296203e-06
61.0,2.9398837344e-05,0.000114575501612,2.33404922144e-06
61.05,2.91209108507e-05,0.00011446097847,2.3131416198e-06
61.1,2.88456045314e-05,0.000114345680837,2.29241900195e-06
61.15,2.857289376e-05,0.000114230194458,2.27188298881e-06
61.2,2.83027541413e-05,0.000114113851204,2.25152868636e-06
61.25,2.80351615084e-05,0.000113996669044,2.23135451168e-06
61.3,2.77700919207e-05,0.000113878665685,2.21135889537e-06
61.35,2.75075216622e-05,0.000113759858574,2.19154702673e-06
61.4,2.72474272387e-05,0.000113640264789,2.17191048348e-06
61.45,2.69897853764e-05,0.000113519901274,2.15244773809e-06
61.5,2.67345730191e-05,0.000113398784725,2.13316037143e-06
61.55,2.64817673272e-05,0.00011327701623,2.11405226228e-06
61.6,2.62313456745e-05,0.000113154629083,2.09511321559e-06
61.65,2.59832856472e-05,0.000113031538137,2.07634471276e-06
61.7,2.57375650414e-05,0.000112907759073,2.05774228099e-06
61.75,2.54941618611e-05,0.000112783307393,2.03930447362e-06
61.8,2.52530543166e-05,0.000112658198371,2.02102985631e-06
61.85,2.50143458322e-05,0.000112532447055,2.00292317171e-06
61.9,2.4777887527e-05,0.000112406158228,1.98497672247e-06
61.95,2.45436582552e-05,0.000112280071671,1.9671891125e-06
62.0,2.4311637069e-05,0.00011215339836,1.94956178664e-06
62.05,2.40818032168e-05,0.000112026152271,1.93209828979e-06
62.1,2.38541361414e-05,0.000111898347094,1.9147893044e-06
62.15,2.36286154781e-05,0.000111769996447,1.89763618436e-06
62.2,2.34052210529e-05,0.000111641113704,1.88063484185e-06
62.25,2.31839328809e-05,0.000111511712083,1.86378395471e-06
62.3,2.29647311643e-05,0.00011138180461,1.84708221204e-06
62.35,2.27475962907e-05,0.000111251404117,1.83053394833e-06
62.4,2.25325088315e-05,0.000111120523154,1.8141321287e-06
62.45,2.23194495401e-05,0.000110989174178,1.79787547724e-06
62.5,2.21083993502e-05,0.000110857369464,1.78176531442e-06
62.55,2.18993393742e-05,0.000110725204391,1.76580488005e-06
62.6,2.16922509012e-05,0.000110592707669,1.74998565852e-06
62.65,2.14871153958e-05,0.000110460613876,1.73430888719e-06
62.7,2.12839144964e-05,0.000110328271702,1.71877083008e-06
62.75,2.10826300133e-05,0.000110195542436,1.70337027881e-06
62.8,2.08832439271e-05,0.000110062437164,1.68810603535e-06
62.85,2.06858417656e-05,0.000109928966802,1.67298206108e-06
62.9,2.04903004103e-05,0.000109795142611,1.65799192662e-06
62.95,2.02966023745e-05,0.000109660975171,1.64313446589e-06
63.0,2.01047303353e-05,0.000109526474904,1.62841088569e-06
63.05,1.99146671319e-05,0.000109391679297,1.61382414698e-06
63.1,1.97263957644e-05,0.000109256723718,1.5993664671e-06
63.15,1.9539899392e-05,0.000109121466203,1.58503897689e-06
63.2,1.93551613317e-05,0.00010898591652,1.57083826194e-06
63.25,1.91721650566e-05,0.000108850084325,1.55676321787e-06
63.3,1.89908941949e-05,0.000108714543469,1.54281274975e-06
63.35,1.88113325279e-05,0.000108579196036,1.52899047802e-06
63.4,1.86334639889e-05,0.000108443602321,1.51529052667e-06
63.45,1.84572726618e-05,0.000108307771295,1.50171182997e-06
63.5,1.82827427796e-05,0.000108171711792,1.48825549086e-06
63.55,1.81098587228e-05,0.000108035432478,1.47492421547e-06
63.6,1.79386050185e-05,0.000107898941829,1.46171089096e-06
63.65,1.77689663387e-05,0.000107762248283,1.44861655085e-06
63.7,1.76009274989e-05,0.00010762536012,1.43563807461e-06
63.75,1.7434473457e-05,0.000107488285524,1.4227744529e-06
63.8,1.72695893119e-05,0.000107351032555,1.41002468503e-06
63.85,1.71063457914e-05,0.000107213609146,1.39739207984e-06
63.9,1.69446410815e-05,0.000107076023525,1.38487126707e-06
63.95,1.67844607216e-05,0.000106939148388,1.3724612727e-06
64.0,1.66257903862e-05,0.000106802308158,1.36016310475e-06
64.05,1.64686158842e-05,0.000106665362237,1.34797923643e-06
64.1,1.63129231572e-05,0.0001065284408,1.3359031671e-06
64.15,1.61586982786e-05,0.000106391401815,1.32393584133e-06
64.2,1.60059274522e-05,0.000106254252248,1.31207440714e-06
64.25,1.5854597011e-05,0.000106116998984,1.30031794211e-06
64.3,1.57046934162e-05,0.000105979648802,1.28866553165e-06
64.35,1.55562032556e-05,0.000105842208373,1.27712019982e-06
64.4,1.54091132426e-05,0.000105704684204,1.26567703856e-06
64.45,1.52634102154e-05,0.00010556708276,1.2543351577e-06
64.5,1.51190811351e-05,0.000105429410404,1.24309547849e-06
64.55,1.49761130852e-05,0.000105292146835,1.23196026127e-06
64.6,1.48344932703e-05,0.000105155551947,1.22092356491e-06
64.65,1.46942090145e-05,0.000105018937478,1.20998625269e-06
64.7,1.45552477611e-05,0.000104882283176,1.19914571809e-06
64.75,1.44175970708e-05,0.000104745594813,1.18840111806e-06
64.8,1.42812446209e-05,0.000104608878066,1.17775161676e-06
64.85,1.41462489006e-05,0.000104472138522,1.16719997796e-06
64.9,1.40125257138e-05,0.000104335382014,1.15674171602e-06
64.95,1.38800631021e-05,0.000104198613939,1.1463760174e-06
65.0,1.37488492189e-05,0.000104061839608,1.13610372406e-06
65.05,1.36188723288e-05,0.000103925064221,1.12592690179e-06
65.1,1.34901208061e-05,0.00010378829285,1.11584012081e-06
65.15,1.33625831341e-05,0.000103651799608,1.10584417008e-06
65.2,1.32362479038e-05,0.000103516103526,1.09593666744e-06
65.25,1.31111038133e-05,0.000103380431813,1.08611684241e-06
65.3,1.29871396663e-05,0.000103244789193,1.07638393106e-06
65.35,1.28643443717e-05,0.000103109180308,1.0667404593e-06
65.4,1.2742706942e-05,0.000102973609678,1.05718232758e-06
65.45,1.26222164927e-05,0.000102838081794,1.04770879235e-06
65.5,1.25028622415e-05,0.000102702601071,1.03832062312e-06
65.55,1.23846335068e-05,0.000102567171831,1.02901970788e-06
65.6,1.22675197073e-05,0.000102431942198,1.01980108418e-06
65.65,1.21515103606e-05,0.000102296798626,1.01066547309e-06
65.7,1.20365950828e-05,0.000102161719628,1.00161069746e-06
65.75,1.19227635872e-05,0.000102026852665,9.92636053124e-07
65.8,1.18100056833e-05,0.000101892957742,9.8374084192e-07
65.85,1.16983697393e-05,0.00010175914409,9.74927372346e-07
65.9,1.15877861286e-05,0.000101625415743,9.66191897689e-07
65.95,1.1478244962e-05,0.000101491776389,9.5753373841e-07
66.0,1.13697364428e-05,0.00010135822965,9.4895359778e-07
66.05,1.12622508663e-05,0.000101224779065,9.40453201294e-07
66.1,1.11557786186e-05,0.000101091518776,9.32028013606e-07
66.15,1.10503101758e-05,0.000100958437337,9.2367869373e-07
66.2,1.09458361032e-05,0.000100825462851,9.15403251908e-07
66.25,1.08423470545e-05,0.000100692598625,9.07201044575e-07
66.3,1.07398337709e-05,0.000100559847908,8.99071433656e-07
66.35,1.06382870803e-05,0.00010042722254,8.91016528961e-07
66.4,1.05376978968e-05,0.000100295730597,8.83032906255e-07
66.45,1.04380572193e-05,0.000100164370317,8.75119944483e-07
66.5,1.0339356131e-05,0.000100033139994,8.67278286386e-07
66.55,1.0241585799e-05,9.99020424978e-05,8.59509508951e-07
66.6,1.01447374727e-05,9.97710806162e-05,8.51809467181e-07
66.65,1.00488024839e-05,9.96402571325e-05,8.4417876337e-07
66.7,9.95377224533e-06,9.9509574761e-05,8.36615579018e-07
66.75,9.85963825027e-06,9.93790361817e-05,8.29119325948e-07
66.8,9.76639207174e-06,9.92486440232e-05,8.21689421004e-07
66.85,9.6740737082e-06,9.91184008641e-05,8.1432779241e-07
66.9,9.58262558124e-06,9.89883094565e-05,8.07031310647e-07
66.95,9.49203951293e-06,9.88583722744e-05,7.99799408115e-07
67.0,9.4023074019e-06,9.87293871099e-05,7.92632672237e-07
67.05,9.31342122268e-06,9.86007746092e-05,7.85532544267e-07
67.1,9.22537302493e-06,9.84724158891e-05,7.78495235966e-07
67.15,9.13815493279e-06,9.834429857e-05,7.71521297788e-07
67.2,9.05175914418e-06,9.82163510136e-05,7.64609067748e-07
67.25,8.96617793007e-06,9.8088575342e-05,7.57758008295e-07
67.3,8.88140363384e-06,9.7960973634e-05,7.50967586463e-07
67.35,8.7974286706e-06,9.78335479254e-05,7.44239564516e-07
67.4,8.7142455265e-06,9.77063001785e-05,7.3757108229e-07
67.45,8.6318467581e-06,9.75792323461e-05,7.30961621038e-07
67.5,8.55022499166e-06,9.74523463396e-05,7.24411717622e-07
67.55,8.46937292254e-06,9.73256440158e-05,7.17922689251e-07
67.6,8.38928331454e-06,9.71995878557e-05,7.11491073735e-07
67.65,8.30994899927e-06,9.70744003741e-05,7.05117374149e-07
67.7,8.23136287546e-06,9.69494055104e-05,6.98800071556e-07
67.75,8.15351790844e-06,9.68246049105e-05,6.92538674669e-07
67.8,8.0764071294e-06,9.6700000183e-05,6.86332696397e-07
67.85,8.00006361544e-06,9.65755929003e-05,6.80183747324e-07
67.9,7.92443975157e-06,9.64513847796e-05,6.74089213459e-07
67.95,7.84952877497e-06,9.63273773167e-05,6.68048620703e-07
68.0,7.77532398615e-06,9.62035719727e-05,6.62062459711e-07
68.05,7.70181874836e-06,9.60799701611e-05,6.5613193432e-07
68.1,7.629006487e-06,9.59565732396e-05,6.50253880328e-07
68.15,7.55688068906e-06,9.58333825686e-05,6.44428757512e-07
68.2,7.48543490253e-06,9.57103994634e-05,6.38655177665e-07
68.25,7.41466273583e-06,9.5588440213e-05,6.32932691787e-07
68.3,7.34455785724e-06,9.54668302427e-05,6.27260854708e-07
68.35,7.27511399437e-06,9.53454342497e-05,6.21641138394e-07
68.4,7.20632493357e-06,9.52242533513e-05,6.16071153836e-07
68.45,7.13818451941e-06,9.51032886606e-05,6.10550467738e-07
68.5,7.07068665412e-06,9.4982541261e-05,6.05079528527e-07
68.55,7.00382529707e-06,9.48620121951e-05,5.99659436428e-07
68.6,6.9375944642e-06,9.4741740482e-05,5.94287299575e-07
68.65,6.87198822755e-06,9.46218079367e-05,5.88963538175e-07
68.7,6.80700071467e-06,9.4502097192e-05,5.83686883503e-07
68.75,6.74262610815e-06,9.43826091843e-05,5.78456925202e-07
68.8,6.6788586451e-06,9.42633448227e-05,5.73273256418e-07
68.85,6.61572567891e-06,9.41443245418e-05,5.68137222426e-07
68.9,6.55318783394e-06,9.40264269949e-05,5.63046639836e-07
68.95,6.49123951761e-06,9.39087611019e-05,5.58001112648e-07
69.0,6.42987518971e-06,9.37913245963e-05,5.5300105069e-07
69.05,6.36908936193e-06,9.36741181905e-05,5.48047459493e-07
69.1,6.30887659734e-06,9.35571425548e-05,5.43137696093e-07
69.15,6.24923150994e-06,9.34405427649e-05,5.38272144526e-07
69.2,6.19014876419e-06,9.33241848448e-05,5.33449645267e-07
69.25,6.1316230745e-06,9.3208060141e-05,5.28669823278e-07
69.3,6.07364920482e-06,9.30921692536e-05,5.23932306722e-07
69.35,6.01622196812e-06,9.29765127606e-05,5.19238325089e-07
69.4,5.95933622598e-06,9.28610911972e-05,5.14585882909e-07
69.45,5.9029868881e-06,9.27459050981e-05,5.09974618265e-07
69.5,5.84716891188e-06,9.26309549761e-05,5.05404905713e-07
69.55,5.79187730195e-06,9.25169946511e-05,5.0087766424e-07
69.6,5.73710710977e-06,9.24034045192e-05,4.96390478355e-07
69.65,5.68285343312e-06,9.22900536409e-05,4.91943699045e-07
69.7,5.62911141575e-06,9.21769423907e-05,4.87536266581e-07
69.75,5.5758762469e-06,9.20640711324e-05,4.83167838205e-07
69.8,5.52314316088e-06,9.19514402109e-05,4.78838074084e-07
69.85,5.47093477784e-06,9.18390499522e-05,4.74548097886e-07
69.9,5.41921853572e-06,9.17269007841e-05,4.7029608589e-07
69.95,5.3679898097e-06,9.16149929927e-05,4.66081707329e-07
70.0,5.31724401825e-06,9.15033268462e-05,4.61905304521e-07
70.05,5.26697662275e-06,9.13919025868e-05,4.57767717354e-07
70.1,5.21718312709e-06,9.12807204249e-05,4.53666738241e-07
70.15,5.16785907727e-06,9.11699224017e-05,4.49602687955e-07
70.2,5.11900006101e-06,9.10596311541e-05,4.45574597979e-07
70.25,5.07060170736e-06,9.09501770043e-05,4.41582155056e-07
70.3,5.02265968629e-06,9.08409678176e-05,4.37625048601e-07
70.35,4.97516970837e-06,9.07320036956e-05,4.3370430557e-07
70.4,4.92812752431e-06,9.06232847083e-05,4.29818259206e-07
70.45,4.88152892466e-06,9.05148109276e-05,4.25966607212e-07
70.5,4.83536973939e-06,9.04065824105e-05,4.22149662444e-07
70.55,4.78964583753e-06,9.0298599192e-05,4.18368192501e-07
70.6,4.74435312683e-06,9.019086128e-05,4.14620179798e-07
70.65,4.69948755338e-06,9.00834629848e-05,4.10905917504e-07
70.7,4.65504510124e-06,8.99763641515e-05,4.07224520458e-07
70.75,4.61102179211e-06,8.98695111041e-05,4.03575702365e-07
70.8,4.56741368497e-06,8.97629038114e-05,3.99959179372e-07
70.85,4.52423948574e-06,8.96565422287e-05,3.96375890046e-07
70.9,4.48147226695e-06,8.95506638579e-05,3.92824311088e-07
70.95,4.43910820405e-06,8.94456035394e-05,3.89304166216e-07
71.0,4.3971435083e-06,8.93407901647e-05,3.85815741359e-07
71.05,4.35557442645e-06,8.92362235895e-05,3.82359738052e-07
71.1,4.3143972404e-06,8.91319036464e-05,3.78934312361e-07
71.15,4.27360826688e-06,8.90278301754e-05,3.75539732219e-07
71.2,4.23320385711e-06,8.8924002999e-05,3.72175188654e-07
71.25,4.19318039649e-06,8.8820421935e-05,3.68840420009e-07
71.3,4.15353430427e-06,8.87170867907e-05,3.65535166864e-07
71.35,4.11426203325e-06,8.86139973623e-05,3.62260287003e-07
71.4,4.07536006947e-06,8.85111534227e-05,3.59014388236e-07
71.45,4.03682493186e-06,8.84085547478e-05,3.5579721806e-07
71.5,3.99865317198e-06,8.83062011036e-05,3.52609037796e-07
71.55,3.9608413737e-06,8.82040922398e-05,3.49450488598e-07
71.6,3.92338615289e-06,8.81022278863e-05,3.46319885236e-07
71.65,3.88628415712e-06,8.8001285168e-05,3.43217472584e-07
71.7,3.84953206539e-06,8.7900825292e-05,3.40142511295e-07
71.75,3.8131265878e-06,8.78006106831e-05,3.37094762235e-07
71.8,3.77706446528e-06,8.77006410095e-05,3.3407398831e-07
71.85,3.74136116688e-06,8.76009159308e-05,3.31080973477e-07
71.9,3.70599442467e-06,8.75014351779e-05,3.2811444537e-07
71.95,3.6709610759e-06,8.7402198392e-05,3.25174173218e-07
72.0,3.63625798745e-06,8.73032052059e-05,3.22260395851e-07
72.05,3.60188205552e-06,8.72044552394e-05,3.19373699238e-07
72.1,3.56783020541e-06,8.71059480952e-05,3.16512543196e-07
72.15,3.53409939119e-06,8.70077310855e-05,3.13677151524e-07
72.2,3.50068659548e-06,8.69098515913e-05,3.10866848509e-07
72.25,3.46758882915e-06,8.68122141943e-05,3.08081415598e-07
72.3,3.43480313106e-06,8.67148184782e-05,3.05320636105e-07
72.35,3.40232656783e-06,8.66176640197e-05,3.02585226511e-07
72.4,3.37015623355e-06,8.65212074032e-05,2.99874023961e-07
72.45,3.33828924953e-06,8.64252630087e-05,2.97186817549e-07
72.5,3.30672276404e-06,8.63295594551e-05,2.94523825546e-07
72.55,3.27545395208e-06,8.62340962558e-05,2.91885583489e-07
72.6,3.24448001512e-06,8.61388729094e-05,2.89270683757e-07
72.65,3.21379818083e-06,8.6043888923e-05,2.86679330885e-07
72.7,3.18340570288e-06,8.5949143793e-05,2.84110907319e-07
72.75,3.15329986066e-06,8.58546370151e-05,2.81565213318e-07
72.8,3.12347795906e-06,8.57603680797e-05,2.79042050843e-07
72.85,3.09395279033e-06,8.56663364717e-05,2.76542074711e-07
72.9,3.06470593982e-06,8.5572541736e-05,2.74064222151e-07
72.95,3.03573479207e-06,8.54789833457e-05,2.71608300409e-07
73.0,3.00703675609e-06,8.53856607686e-05,2.69174508972e-07
73.05,2.9786092652e-06,8.52925734634e-05,2.66763337282e-07
73.1,2.95044977672e-06,8.51997208766e-05,2.6437349887e-07
73.15,2.92255577181e-06,8.51071494311e-05,2.62005180669e-07
73.2,2.89492475521e-06,8.50154568894e-05,2.59657818275e-07
73.25,2.86755425502e-06,8.49241336131e-05,2.57331229138e-07
73.3,2.84044182253e-06,8.48330440287e-05,2.55025232267e-07
73.35,2.81358503193e-06,8.47421875391e-05,2.52740426118e-07
73.4,2.78698148015e-06,8.46515635345e-05,2.50475839391e-07
73.45,2.76062878664e-06,8.45611714106e-05,2.48231295923e-07
73.5,2.73452459314e-06,8.44710105594e-05,2.46006978029e-07
73.55,2.70866656348e-06,8.43810803658e-05,2.43803333029e-07
73.6,2.6830523834e-06,8.4291380204e-05,2.41619185177e-07
73.65,2.65767976029e-06,8.42019136529e-05,2.39454705316e-07
73.7,2.63254642305e-06,8.41128100877e-05,2.37309377621e-07
73.75,2.60765012184e-06,8.40239351481e-05,2.35183035254e-07
73.8,2.58298862791e-06,8.39352882023e-05,2.330755128e-07
73.85,2.55857251996e-06,8.38468686159e-05,2.30987357208e-07
73.9,2.53438656979e-06,8.37586758048e-05,2.28917680776e-07
73.95,2.51042861453e-06,8.36707091274e-05,2.26866322504e-07
74.0,2.48669651155e-06,8.35830923029e-05,2.24833449015e-07
74.05,2.4631881383e-06,8.34962200149e-05,2.22819469128e-07
74.1,2.4399013921e-06,8.34095725037e-05,2.20823308293e-07
74.15,2.41683418996e-06,8.33231490917e-05,2.18845122648e-07
74.2,2.3939844684e-06,8.32369490962e-05,2.16884440765e-07
74.25,2.37135018327e-06,8.31509718358e-05,2.14941110165e-07
74.3,2.34892930958e-06,8.30652166275e-05,2.13014979671e-07
74.35,2.32671984128e-06,8.29796827862e-05,2.11106549155e-07
74.4,2.30471979114e-06,8.28943696184e-05,2.09215007321e-07
74.45,2.28292719054e-06,8.28092764359e-05,2.07340207024e-07
74.5,2.26134008929e-06,8.2724402549e-05,2.05482300547e-07
74.55,2.23995655548e-06,8.26397472632e-05,2.03641661522e-07
74.6,2.2187746753e-06,8.25553098772e-05,2.01817307883e-07
74.65,2.19779255287e-06,8.24710938343e-05,2.00009382332e-07
74.7,2.17700831007e-06,8.2387226613e-05,1.98217454015e-07
74.75,2.15642008638e-06,8.23035756596e-05,1.96441383577e-07
74.8,2.13602603873e-06,8.22201402719e-05,1.94681032851e-07
74.85,2.11583491523e-06,8.21369197466e-05,1.92936858688e-07
74.9,2.09583412283e-06,8.20543185322e-05,1.91208119618e-07
74.95,2.0760218729e-06,8.19721273325e-05,1.8949468116e-07
75.0,2.05639639357e-06,8.18901493827e-05,1.87796682491e-07
75.05,2.03695592959e-06,8.18083839481e-05,1.86114465085e-07
75.1,2.01769874212e-06,8.17268302888e-05,1.84447131402e-07
75.15,1.99862310861e-06,8.16454876725e-05,1.8279481186e-07
75.2,1.97972732266e-06,8.15644529416e-05,1.8115711269e-07
75.25,1.96100969383e-06,8.14836646786e-05,1.79533906529e-07
75.3,1.94246854754e-06,8.14030857012e-05,1.77925067104e-07
75.35,1.92410222487e-06,8.13227152714e-05,1.76331011943e-07
75.4,1.90590908247e-06,8.1242552645e-05,1.74751063396e-07
75.45,1.88788749235e-06,8.11625970836e-05,1.73185098555e-07
75.5,1.87003584179e-06,8.10828478488e-05,1.71633244619e-07
75.55,1.85235253319e-06,8.10033041994e-05,1.70095813671e-07
75.6,1.8348359839e-06,8.09239653897e-05,1.68571985422e-07
75.65,1.81748462611e-06,8.08448306816e-05,1.67061879065e-07
75.7,1.80029690668e-06,8.07658993343e-05,1.65565134721e-07
75.75,1.78327128705e-06,8.06871706099e-05,1.6408163599e-07
75.8,1.76640624306e-06,8.06087121531e-05,1.62611267467e-07
75.85,1.74970900907e-06,8.05309451474e-05,1.61154410746e-07
75.9,1.7331691711e-06,8.0453378963e-05,1.59710446497e-07
75.95,1.71678525006e-06,8.03760128413e-05,1.58279262394e-07
76.0,1.70055578067e-06,8.02988460238e-05,1.56860974687e-07
76.05,1.68447931142e-06,8.02218777506e-05,1.55455868598e-07
76.1,1.66855440434e-06,8.01451072582e-05,1.5406319444e-07
76.15,1.65277963498e-06,8.00685337907e-05,1.52683061147e-07
76.2,1.63715359219e-06,7.99922529212e-05,1.51315139815e-07
76.25,1.62167487807e-06,7.99162039895e-05,1.49959324062e-07
76.3,1.60634210779e-06,7.98403502582e-05,1.48615508415e-07
76.35,1.5911539095e-06,7.976469097e-05,1.47284041624e-07
76.4,1.57610892421e-06,7.96892253638e-05,1.45964357667e-07
76.45,1.56120580565e-06,7.96139526841e-05,1.44656353883e-07
76.5,1.54644322017e-06,7.95388721764e-05,1.43360136518e-07
76.55,1.5318198466e-06,7.9463983085e-05,1.42075966245e-07
76.6,1.51733437617e-06,7.93892846519e-05,1.40803157902e-07
76.65,1.50298551236e-06,7.93147761256e-05,1.39541811045e-07
76.7,1.48877197079e-06,7.92405120472e-05,1.3829162508e-07
76.75,1.47469247913e-06,7.91665115569e-05,1.37052502782e-07
76.8,1.46074577696e-06,7.90928939199e-05,1.35824347755e-07
76.85,1.44693784679e-06,7.90197852796e-05,1.34607478733e-07
76.9,1.43326007671e-06,7.89468635523e-05,1.3340137841e-07
76.95,1.41971124355e-06,7.88741279705e-05,1.32205952962e-07
77.0,1.40629013561e-06,7.88015777678e-05,1.31021299489e-07
77.05,1.39299555251e-06,7.87292121775e-05,1.29847656229e-07
77.1,1.37982630515e-06,7.86570304313e-05,1.28684396991e-07
77.15,1.36678121554e-06,7.85850317678e-05,1.27531612764e-07
77.2,1.35385911673e-06,7.85132154252e-05,1.26389028823e-07
77.25,1.3410588527e-06,7.84415806454e-05,1.25256556312e-07
77.3,1.32837927827e-06,7.83701266717e-05,1.24134107133e-07
77.35,1.31581925897e-06,7.82988527492e-05,1.23021972585e-07
77.4,1.30337767097e-06,7.8227758121e-05,1.21919679887e-07
77.45,1.29105340095e-06,7.81568420354e-05,1.2082714329e-07
77.5,1.27884534604e-06,7.80861037427e-05,1.19744451538e-07
77.55,1.26675241371e-06,7.80155424931e-05,1.18671822362e-07
77.6,1.25477352162e-06,7.79451575355e-05,1.17608683468e-07
77.65,1.24290759763e-06,7.78749481255e-05,1.16555118013e-07
77.7,1.2311535796e-06,7.78049681699e-05,1.15510874917e-07
77.75,1.21951041537e-06,7.77352365897e-05,1.14475872973e-07
77.8,1.20797706262e-06,7.7665678769e-05,1.13450031664e-07
77.85,1.19655846865e-06,7.75964180631e-05,1.12433617219e-07
77.9,1.18524751175e-06,7.75276801093e-05,1.11426197547e-07
77.95,1.17404318042e-06,7.74591139511e-05,1.1042769428e-07
78.0,1.16294447262e-06,7.73907188358e-05,1.09438188523e-07
78.05,1.15195039569e-06,7.73224940114e-05,1.0845787927e-07
78.1,1.1410599663e-06,7.72544387255e-05,1.0748624348e-07
78.15,1.13027221029e-06,7.71865522319e-05,1.06523357155e-07
78.2,1.11958616265e-06,7.71188491589e-05,1.05568990825e-07
78.25,1.1090008674e-06,7.70514248404e-05,1.04623070271e-07
78.3,1.09851537751e-06,7.69841675167e-05,1.03685521908e-07
78.35,1.08812875482e-06,7.69170764461e-05,1.02756589049e-07
78.4,1.07784006998e-06,7.68501508863e-05,1.01835876794e-07
78.45,1.06764840232e-06,7.67833901003e-05,1.0092331352e-07
78.5,1.05755283981e-06,7.67167933533e-05,1.00018973351e-07
78.55,1.04755247896e-06,7.66503599115e-05,9.9123038153e-08
78.6,1.03764642474e-06,7.65840890407e-05,9.8235029904e-08
78.65,1.02783379051e-06,7.65179800132e-05,9.73550180634e-08
78.7,1.01811369794e-06,7.64520321021e-05,9.64827929125e-08
78.75,1.00848527693e-06,7.63862445842e-05,9.56182866199e-08
78.8,9.98947665531e-07,7.63206167386e-05,9.4761431933e-08
78.85,9.8950495495e-07,7.62551478466e-05,9.39124512243e-08
78.9,9.80151255829e-07,7.61898372113e-05,9.30709835818e-08
78.95,9.70885731692e-07,7.61246841181e-05,9.2236963547e-08
79.0,9.61707553899e-07,7.60599305103e-05,9.14104588644e-08
79.05,9.52615901569e-07,7.5995523972e-05,9.05916357469e-08
79.1,9.43609961509e-07,7.59312730287e-05,8.97800573153e-08
79.15,9.34688928144e-07,7.58671769613e-05,8.89757870508e-08
79.2,9.25852003442e-07,7.58032502634e-05,8.81786332848e-08
79.25,9.17098396847e-07,7.57395872872e-05,8.73885340241e-08
79.3,9.08427325207e-07,7.56760774691e-05,8.66054278045e-08
79.35,8.99838012708e-07,7.56127200959e-05,8.58295178591e-08
79.4,8.91329690802e-07,7.55495144548e-05,8.50604743393e-08
79.45,8.82901598142e-07,7.54864598379e-05,8.42982374204e-08
79.5,8.7455298051e-07,7.54235555399e-05,8.35428690161e-08
79.55,8.6628309076e-07,7.5360800857e-05,8.27945210338e-08
79.6,8.5809118874e-07,7.52981950861e-05,8.20527941959e-08
79.65,8.49976541236e-07,7.52357375296e-05,8.13177465198e-08
79.7,8.41938421904e-07,7.51734274917e-05,8.05892028336e-08
79.75,8.33976111205e-07,7.51113653735e-05,7.98671064798e-08
79.8,8.26088896342e-07,7.50494721913e-05,7.91514012843e-08
79.85,8.18280160578e-07,7.49877248775e-05,7.84422729883e-08
79.9,8.10545033654e-07,7.49261227594e-05,7.77394201326e-08
79.95,8.02882823838e-07,7.48646651507e-05,7.70427880419e-08
80.0,7.95292845879e-07,7.48033513676e-05,7.63524333009e-08
80.05,7.87774420942e-07,7.47421807281e-05,7.56684947424e-08
80.1,7.8032687655e-07,7.46811525509e-05,7.49906074543e-08
80.15,7.72949546524e-07,7.46202661605e-05,7.43188244604e-08
80.2,7.65641770926e-07,7.45595311302e-05,7.36529856658e-08
80.25,7.58402895997e-07,7.44993185944e-05,7.29930392892e-08
80.3,7.51232274104e-07,7.44392473301e-05,7.23389339916e-08
80.35,7.44129263679e-07,7.43793153277e-05,7.16908395275e-08
80.4,7.37093229164e-07,7.43195219103e-05,7.10484803841e-08
80.45,7.30123540956e-07,7.42598664062e-05,7.04118065917e-08
80.5,7.2321957535e-07,7.42003481463e-05,6.9780869865e-08
80.55,7.16380714484e-07,7.41409664635e-05,6.91557970876e-08
80.6,7.09606346285e-07,7.40817206915e-05,6.85362547549e-08
80.65,7.02895864413e-07,7.40226101699e-05,6.79222913271e-08
80.7,6.96248668211e-07,7.39636342397e-05,6.73137604883e-08
80.75,6.89664162651e-07,7.3904892374e-05,6.67106149142e-08
80.8,6.83141758279e-07,7.38463063746e-05,6.61128076842e-08
80.85,6.76684252915e-07,7.37878534242e-05,6.55204939425e-08
80.9,6.70287619052e-07,7.37295328848e-05,6.49334218892e-08
80.95,6.63951284659e-07,7.36713441079e-05,6.43515458554e-08
81.0,6.57674683059e-07,7.36132864477e-05,6.3774913105e-08
81.05,6.51457252885e-07,7.35553592606e-05,6.32036396007e-08
81.1,6.45298438025e-07,7.3497561904e-05,6.26374205422e-08
81.15,6.39197687576e-07,7.34398937406e-05,6.20763002189e-08
81.2,6.33154455796e-07,7.3382354135e-05,6.15201449081e-08
81.25,6.27168202054e-07,7.33250045869e-05,6.09689113587e-08
81.3,6.21238390783e-07,7.32678409991e-05,6.04225566885e-08
81.35,6.15364491434e-07,7.32108044941e-05,5.98812226884e-08
81.4,6.09545978425e-07,7.31538944426e-05,5.93446792309e-08
81.45,6.03782331101e-07,7.30971102199e-05,5.88128845777e-08
81.5,5.98073033683e-07,7.30404512041e-05,5.82858819246e-08
81.55,5.92417575224e-07,7.29840443022e-05,5.77637772537e-08
81.6,5.86815449564e-07,7.29279890781e-05,5.72462919985e-08
81.65,5.81266155287e-07,7.28720573539e-05,5.67334666363e-08
81.7,5.75769195673e-07,7.28162485074e-05,5.62251789539e-08
81.75,5.70324078658e-07,7.27605619198e-05,5.57213894227e-08
81.8,5.64930316787e-07,7.27049969755e-05,5.52220588514e-08
81.85,5.59590223744e-07,7.26495530616e-05,5.47273168271e-08
81.9,5.54300468944e-07,7.25942295782e-05,5.4236953029e-08
81.95,5.49060579342e-07,7.2539025918e-05,5.37509293113e-08
82.0,5.43870086319e-07,7.24839414762e-05,5.32692851519e-08
82.05,5.38728525647e-07,7.24289756502e-05,5.27921174112e-08
82.1,5.33635437444e-07,7.2374127839e-05,5.23191714985e-08
82.15,5.28590366136e-07,7.23193974464e-05,5.18504844074e-08
82.2,5.23592860417e-07,7.22647838783e-05,5.13859444434e-08
82.25,5.18642473207e-07,7.2210348136e-05,5.09255154801e-08
82.3,5.13738761614e-07,7.21560861953e-05,5.04691616992e-08
82.35,5.08881286895e-07,7.21019397232e-05,5.00170015345e-08
82.4,5.04069614417e-07,7.20479081321e-05,4.95688427673e-08
82.45,4.99303313617e-07,7.19939908388e-05,4.91246505349e-08
82.5,4.94581957969e-07,7.19401872626e-05,4.86844609175e-08
82.55,4.8990512494e-07,7.1886496825e-05,4.82483624386e-08
82.6,4.85272395956e-07,7.18329189494e-05,4.78161224201e-08
82.65,4.80683356367e-07,7.17794530635e-05,4.73877746714e-08
82.7,4.76137595405e-07,7.17260985972e-05,4.69632171115e-08
82.75,4.71634706154e-07,7.16728799884e-05,4.65424167232e-08
82.8,4.67174285509e-07,7.16198645903e-05,4.61253407714e-08
82.85,4.6275824679e-07,7.15669593246e-05,4.57120974961e-08
82.9,4.58383835743e-07,7.15141636375e-05,4.53025112229e-08
82.95,4.54050661175e-07,7.1461476969e-05,4.48965500894e-08
83.0,4.4975833556e-07,7.14089684257e-05,4.44942470706e-08
83.05,4.45506474999e-07,7.13568166443e-05,4.40956830709e-08
83.1,4.4129469919e-07,7.13047723583e-05,4.37006454384e-08
83.15,4.37122631391e-07,7.12528350096e-05,4.33091650728e-08
83.2,4.3298989839e-07,7.12010040423e-05,4.29211486788e-08
83.25,4.2889613047e-07,7.11492789038e-05,4.25365660813e-08
83.3,4.24840961378e-07,7.10976590445e-05,4.21553873622e-08
83.35,4.20824028291e-07,7.10461439172e-05,4.17777114459e-08
83.4,4.16844971785e-07,7.09947329768e-05,4.14033777777e-08
83.45,4.12903435804e-07,7.09434256816e-05,4.10323572378e-08
83.5,4.08999067626e-07,7.08922214931e-05,4.0664679963e-08
83.55,4.05131517835e-07,7.08411198748e-05,4.03004198943e-08
83.6,4.01300440287e-07,7.07901202921e-05,3.99393826827e-08
83.65,3.97505492082e-07,7.07392222144e-05,3.95815965681e-08
83.7,3.93746333534e-07,7.06884251137e-05,3.92269762853e-08
83.75,3.90022628139e-07,7.06377532714e-05,3.8875494256e-08
83.8,3.86334042545e-07,7.05872735469e-05,3.85271231375e-08
83.85,3.82682158991e-07,7.05368936322e-05,3.81819533397e-08
83.9,3.79064699819e-07,7.04866130135e-05,3.78398381266e-08
83.95,3.75481341532e-07,7.04364311724e-05,3.75007508848e-08
84.0,3.71931763659e-07,7.03863475934e-05,3.71647191572e-08
84.05,3.68415648732e-07,7.0336361763e-05,3.6831810521e-08
84.1,3.64932682256e-07,7.02864731696e-05,3.65018473542e-08
84.15,3.61482552682e-07,7.02366813056e-05,3.61748554664e-08
84.2,3.58064951378e-07,7.01869856656e-05,3.5850756931e-08
84.25,3.54679572605e-07,7.01373857472e-05,3.55295265434e-08
84.3,3.51326113485e-07,7.00879858674e-05,3.52111393142e-08
84.35,3.48004273978e-07,7.00386915506e-05,3.48956778717e-08
84.4,3.44713756856e-07,6.99894918562e-05,3.45830081095e-08
84.45,3.41454267675e-07,6.99403862887e-05,3.42731057047e-08
84.5,3.38225514748e-07,6.9891374355e-05,3.39659958296e-08
84.55,3.35027209122e-07,6.98424555642e-05,3.36617402451e-08
84.6,3.3185906455e-07,6.97936879897e-05,3.3360176617e-08
84.65,3.2872079747e-07,6.97452379221e-05,3.30613285334e-08
84.7,3.25612126973e-07,6.96968796874e-05,3.27651247748e-08
84.75,3.22532774784e-07,6.96486127976e-05,3.24715423059e-08
84.8,3.19482465236e-07,6.96004367672e-05,3.21805582881e-08
84.85,3.16462506775e-07,6.95523511134e-05,3.18922482381e-08
84.9,3.13471015871e-07,6.95043553617e-05,3.16064895917e-08
84.95,3.10507725005e-07,6.94564490343e-05,3.13232601196e-08
85.0,3.07572369161e-07,6.94086316561e-05,3.10425828275e-08
85.05,3.04664685806e-07,6.93609027541e-05,3.07645141605e-08
85.1,3.01784414866e-07,6.93132618572e-05,3.04889057564e-08
85.15,2.98931298701e-07,6.92657084981e-05,3.02157791732e-08
85.2,2.96105082087e-07,6.92182422113e-05,2.9945069321e-08
85.25,2.93305512189e-07,6.91708625347e-05,2.96767551472e-08
85.3,2.90532338539e-07,6.91236730675e-05,2.9410815779e-08
85.35,2.87785313017e-07,6.90765800516e-05,2.91473202332e-08
85.4,2.85064189828e-07,6.90295726612e-05,2.88861564948e-08
85.45,2.82368725478e-07,6.89826504404e-05,2.86273042477e-08
85.5,2.79698678753e-07,6.89358129358e-05,2.83707845174e-08
85.55,2.77053810703e-07,6.88890596961e-05,2.8116648891e-08
85.6,2.74433884612e-07,6.88423902719e-05,2.78647617755e-08
85.65,2.71838665985e-07,6.8795804217e-05,2.62368976865e-08
85.7,2.69267922523e-07,6.87493125558e-05,2.5848539173e-08
85.75,2.66721424104e-07,6.87029044592e-05,2.56169261198e-08
85.8,2.64198942761e-07,6.86566466386e-05,2.53873630879e-08
85.85,2.61701560528e-07,6.86105149246e-05,2.51599142025e-08
85.9,2.59227719801e-07,6.85644645679e-05,2.49344781292e-08
85.95,2.56777199353e-07,6.8518495136e-05,2.47110373311e-08
86.0,2.54349780026e-07,6.84726061989e-05,2.4489612046e-08
86.05,2.51945244718e-07,6.84267973286e-05,2.42702504341e-08
86.1,2.49563378355e-07,6.83810680989e-05,2.40528295774e-08
86.15,2.47203967883e-07,6.83354180869e-05,2.38373544825e-08
86.2,2.44866802239e-07,6.82898468718e-05,2.36237860439e-08
86.25,2.4255167234e-07,6.82443540354e-05,2.34121076517e-08
86.3,2.40258371061e-07,6.81989391618e-05,2.32023028378e-08
86.35,2.37986693215e-07,6.81536018375e-05,2.29944302084e-08
86.4,2.35736435539e-07,6.8108559504e-05,2.27883971507e-08
86.45,2.33507396674e-07,6.8063627743e-05,2.25841876373e-08
86.5,2.31299377147e-07,6.80187724595e-05,2.23818201639e-08
86.55,2.29112179354e-07,6.79739932419e-05,2.08042762152e-08
86.6,2.26945607543e-07,6.79293008921e-05,2.04647411227e-08
86.65,2.24799467795e-07,6.78846848475e-05,2.0281407675e-08
86.7,2.22673568008e-07,6.78401434387e-05,2.00996964956e-08
86.75,2.20567717881e-07,6.77956762665e-05,1.9919593452e-08
86.8,2.18481728895e-07,6.77513509226e-05,1.9741084532e-08
86.85,2.16416495846e-07,6.77071434334e-05,1.95642243277e-08
86.9,2.14370730661e-07,6.76630093802e-05,1.93889292182e-08
86.95,2.12344250393e-07,6.76189483692e-05,1.92151855678e-08
87.0,2.10336873809e-07,6.75749600085e-05,1.90430112841e-08
87.05,2.08348421373e-07,6.75310439086e-05,1.74954313247e-08
87.1,2.06378715229e-07,6.74872108276e-05,1.71855416001e-08
87.15,2.04427579188e-07,6.74434502839e-05,1.70315828111e-08
87.2,2.02494838711e-07,6.73997606372e-05,1.68789863848e-08
87.25,2.00580320895e-07,6.73561415093e-05,1.67277404525e-08
87.3,1.98683854455e-07,6.73126260734e-05,1.65778332469e-08
87.35,1.96805269711e-07,6.72692576591e-05,1.64293156908e-08
87.4,1.94944398572e-07,6.7225959019e-05,1.62821123817e-08
87.45,1.93101074523e-07,6.71827297802e-05,1.61362118697e-08
87.5,1.91275132607e-07,6.71395695719e-05,1.59916315249e-08
87.55,1.89466409415e-07,6.70964780253e-05,1.58483832526e-08
87.6,1.87674743066e-07,6.70534547735e-05,1.57064024041e-08
87.65,1.85899973199e-07,6.70104994522e-05,1.55656946656e-08
87.7,1.84141940952e-07,6.69676116989e-05,1.54262320329e-08
87.75,1.82400488955e-07,6.69247911534e-05,1.52880036587e-08
87.8,1.80675461309e-07,6.68820374578e-05,1.51509987885e-08
87.85,1.78967597976e-07,6.68393502558e-05,1.36396994771e-08
87.9,1.7727583377e-07,6.67967402295e-05,1.3364491591e-08
87.95,1.75600017403e-07,6.67541970329e-05,1.32447297338e-08
88.0,1.73939999002e-07,6.67117190713e-05,1.31260542651e-08
88.05,1.72295630097e-07,6.66693059991e-05,1.30084771122e-08
88.1,1.7066676361e-07,6.66269574727e-05,1.2891940228e-08
88.15,1.69053253839e-07,6.65846731506e-05,1.14006937554e-08
88.2,1.67454956449e-07,6.65424636901e-05,1.11455315004e-08
88.25,1.65871728454e-07,6.65003187926e-05,1.10456591109e-08
88.3,1.64303428209e-07,6.64582702241e-05,1.09466707428e-08
88.35,1.62749915395e-07,6.64165130669e-05,1.08485970025e-08
88.4,1.6121105101e-07,6.63748884779e-05,1.07513911782e-08
88.45,1.59686697351e-07,6.63333264339e-05,1.06550457081e-08
88.5,1.58176718006e-07,6.62918266001e-05,1.05595770854e-08
88.55,1.56680977841e-07,6.62503886436e-05,1.04649972221e-08
88.6,1.55199342989e-07,6.62090122333e-05,1.03712540701e-08
88.65,1.53731680837e-07,6.61676970402e-05,1.02783403425e-08
88.7,1.52277860012e-07,6.61264427376e-05,1.01862488146e-08
88.75,1.50837750377e-07,6.60852490003e-05,1.00949723233e-08
88.8,1.49411223009e-07,6.60441155053e-05,1.00045037668e-08
88.85,1.47998889826e-07,6.60031505132e-05,9.91487111702e-09
88.9,1.46599869964e-07,6.59622454934e-05,9.82603168283e-09
88.95,1.45214038312e-07,6.59214001248e-05,9.73797855308e-09
89.0,1.43841270933e-07,6.58806140885e-05,9.6507268016e-09
89.05,1.42481445047e-07,6.58398870672e-05,9.56428731508e-09
89.1,1.41134439028e-07,6.57992187452e-05,9.47861252508e-09
89.15,1.39800132385e-07,6.57586088092e-05,9.39369577188e-09
89.2,1.38478405759e-07,6.57180569477e-05,9.30953045261e-09
89.25,1.37169140908e-07,6.5677562851e-05,9.22611002074e-09
89.3,1.35872220695e-07,6.56371262113e-05,9.14342798551e-09
89.35,1.34587529085e-07,6.55967467227e-05,7.6869227413e-09
89.4,1.33314951125e-07,6.55564348011e-05,7.46515536719e-09
89.45,1.32054372943e-07,6.5516180433e-05,7.3982523874e-09
89.5,1.30805681732e-07,6.54759821081e-05,7.33196174419e-09
89.55,1.29568765741e-07,6.543583953e-05,7.26629443299e-09
89.6,1.28343514267e-07,6.53957524041e-05,7.20120801632e-09
89.65,1.27129817644e-07,6.53557204377e-05,7.13669743562e-09
89.7,1.25927567235e-07,6.53157433398e-05,7.07275767551e-09
89.75,1.24736655418e-07,6.52758208213e-05,7.00938376339e-09
89.8,1.23556975581e-07,6.52359525948e-05,6.94657076898e-09
89.85,1.22389033755e-07,6.51962463389e-05,5.50852400792e-09
89.9,1.21232101501e-07,6.51566048446e-05,5.30613441304e-09
89.95,1.20086075359e-07,6.51170181594e-05,5.25857323953e-09
90.0,1.18950852836e-07,6.50774847952e-05,5.21145152512e-09
90.05,1.17826332399e-07,6.50380044717e-05,5.16478036554e-09
90.1,1.16712413468e-07,6.49985769105e-05,5.11852201358e-09
90.15,1.15608996402e-07,6.4959201835e-05,5.07267287495e-09
90.2,1.14515982497e-07,6.49198789702e-05,5.02722938601e-09
90.25,1.13433273969e-07,6.48806080429e-05,4.98218801354e-09
90.3,1.12360773953e-07,6.48413887812e-05,4.93754525445e-09
90.35,1.11298386492e-07,6.48022952092e-05,4.89329763555e-09
90.4,1.10246016524e-07,6.47632853093e-05,4.84944171332e-09
90.45,1.09203569883e-07,6.4724326629e-05,4.80597407364e-09
90.5,1.0817095328e-07,6.46854523643e-05,4.7629080691e-09
90.55,1.07148074303e-07,6.46467904892e-05,1.96918833069e-09
90.6,1.06134841405e-07,6.46082002955e-05,1.64556948753e-09
90.65,1.05131163897e-07,6.45696624109e-05,1.63082824464e-09
90.7,1.0413695194e-07,6.45311742049e-05,1.61621743645e-09
90.75,1.03152116535e-07,6.44927354167e-05,1.60173592673e-09
90.8,1.02176569519e-07,6.44543457871e-05,1.58738258895e-09
90.85,1.01210729358e-07,6.44160050585e-05,1.57315630621e-09
90.9,1.00253993664e-07,6.43777129765e-05,1.55905597113e-09
90.95,9.93062768775e-08,6.43394692867e-05,1.54508048567e-09
91.0,9.83674942428e-08,6.43012737358e-05,1.54508048456e-10
91.05,9.74375617965e-08,6.42631365004e-05,0.0
91.1,9.65163963618e-08,6.42250478835e-05,0.0
91.15,9.5603915541e-08,6.41870064598e-05,0.0
91.2,9.4700037708e-08,6.41490119847e-05,0.0
91.25,9.38046820015e-08,6.4111064215e-05,0.0
91.3,9.29177683175e-08,6.40731629091e-05,0.0
91.35,9.20392173023e-08,6.40353817278e-05,0.0
91.4,7.47611188763e-08,6.3997678902e-05,0.0
91.45,4.9430163979e-08,6.39599585737e-05,0.0
91.5,4.89627579403e-08,6.39221897767e-05,0.0
91.55,4.84997595639e-08,6.38844693377e-05,0.0
91.6,4.80411274117e-08,6.38467969847e-05,0.0
91.65,4.75868204339e-08,6.38091724478e-05,0.0
91.7,4.71367979654e-08,6.3771595459e-05,0.0
91.75,4.6691019722e-08,6.37340657519e-05,0.0
91.8,4.62494457971e-08,6.3696583062e-05,0.0
91.85,4.58122656061e-08,6.3659188374e-05,0.0
91.9,4.53792064826e-08,6.36219037599e-05,0.0
91.95,4.49502296992e-08,6.35846657308e-05,0.0
92.0,4.45252968914e-08,6.35474740259e-05,0.0
92.05,4.41043700539e-08,6.35103283862e-05,0.0
92.1,4.36874115375e-08,6.34732285546e-05,0.0
92.15,4.32743840453e-08,6.34361742755e-05,0.0
92.2,4.28652506301e-08,6.33991652953e-05,0.0
92.25,4.24599746905e-08,6.33622013618e-05,0.0
92.3,4.20585199681e-08,6.33252822248e-05,0.0
92.35,4.1660850544e-08,6.32884076357e-05,0.0
92.4,2.48590993662e-08,6.32515773475e-05,0.0
92.45,0.0,6.321472783e-05,0.0
92.5,0.0,6.31778282677e-05,0.0
92.55,0.0,6.31409749968e-05,0.0
92.6,0.0,6.31041677418e-05,0.0
92.65,0.0,6.30674062291e-05,0.0
92.7,0.0,6.30306901872e-05,0.0
92.75,0.0,6.29940193467e-05,0.0
92.8,0.0,6.295739344e-05,0.0
92.85,0.0,6.29208532405e-05,0.0
92.9,0.0,6.28844522859e-05,0.0
92.95,0.0,6.28482388154e-05,0.0
93.0,0.0,6.28120698701e-05,0.0
93.05,0.0,6.27759450495e-05,0.0
93.1,0.0,6.27398640904e-05,0.0
93.15,0.0,6.27038267314e-05,0.0
93.2,0.0,6.26678327131e-05,0.0
93.25,0.0,6.2631881778e-05,0.0
93.3,0.0,6.25959736706e-05,0.0
93.35,0.0,6.25601174906e-05,0.0
93.4,0.0,6.25243971746e-05,0.0
93.45,0.0,6.24887192711e-05,0.0
93.5,0.0,6.24530835289e-05,0.0
93.55,0.0,6.24174896986e-05,0.0
93.6,0.0,6.23819375326e-05,0.0
93.65,0.0,6.23464267853e-05,0.0
93.7,0.0,6.23109572127e-05,0.0
93.75,0.0,6.22755285728e-05,0.0
93.8,0.0,6.22401406254e-05,0.0
93.85,0.0,6.2204793132e-05,0.0
93.9,0.0,6.21694858558e-05,0.0
93.95,0.0,6.2134218562e-05,0.0
94.0,0.0,6.20989910173e-05,0.0
94.05,0.0,6.20638029903e-05,0.0
94.1,0.0,6.20286542512e-05,0.0
94.15,0.0,6.19935445719e-05,0.0
94.2,0.0,6.19584737262e-05,0.0
94.25,0.0,6.19234414894e-05,0.0
94.3,0.0,6.18884476384e-05,0.0
94.35,0.0,6.18535012609e-05,0.0
94.4,0.0,6.18186859268e-05,0.0
94.45,0.0,6.17839086577e-05,0.0
94.5,0.0,6.17491692342e-05,0.0
94.55,0.0,6.17144674381e-05,0.0
94.6,0.0,6.16798030532e-05,0.0
94.65,0.0,6.16451758645e-05,0.0
94.7,0.0,6.1610585659e-05,0.0
94.75,0.0,6.15760322249e-05,0.0
94.8,0.0,6.15415153524e-05,0.0
94.85,0.0,6.15070348328e-05,0.0
94.9,0.0,6.14726701309e-05,0.0
94.95,0.0,6.14383630782e-05,0.0
95.0,0.0,6.1404092094e-05,0.0
95.05,0.0,6.13698569731e-05,0.0
95.1,0.0,6.13356575112e-05,0.0
95.15,0.0,6.1301493506e-05,0.0
95.2,0.0,6.12673647566e-05,0.0
95.25,0.0,6.12332710635e-05,0.0
95.3,0.0,6.11992122286e-05,0.0
95.35,0.0,6.11651880556e-05,0.0
95.4,0.0,6.11311983492e-05,0.0
95.45,0.0,6.1097242916e-05,0.0
95.5,0.0,6.10633215637e-05,0.0
95.55,0.0,6.10294951521e-05,0.0
95.6,0.0,6.09957945995e-05,0.0
95.65,0.0,6.09621277445e-05,0.0
95.7,0.0,6.09284943967e-05,0.0
95.75,0.0,6.08948943672e-05,0.0
95.8,0.0,6.08613274682e-05,0.0
95.85,0.0,6.08277935137e-05,0.0
95.9,0.0,6.07943716331e-05,0.0
95.95,0.0,6.07610039367e-05,0.0
96.0,0.0,6.07276689605e-05,0.0
96.05,0.0,6.06943665209e-05,0.0
96.1,0.0,6.06610964352e-05,0.0
96.15,0.0,6.06278585226e-05,0.0
96.2,0.0,6.05946526032e-05,0.0
96.25,0.0,6.05614784987e-05,0.0
96.3,0.0,6.05283360321e-05,0.0
96.35,0.0,6.04952250276e-05,0.0
96.4,0.0,6.04621935287e-05,0.0
96.45,0.0,6.04292445223e-05,0.0
96.5,0.0,6.03963267814e-05,0.0
96.55,0.0,6.03634401325e-05,0.0
96.6,0.0,6.03305844033e-05,0.0
96.65,0.0,6.02977594227e-05,0.0
96.7,0.0,6.02649650211e-05,0.0
96.75,0.0,6.02322010299e-05,0.0
96.8,0.0,6.0199467282e-05,0.0
96.85,0.0,6.01667636113e-05,0.0
96.9,0.0,6.01340898531e-05,0.0
96.95,0.0,6.01014458439e-05,0.0
97.0,0.0,6.00688314215e-05,0.0
97.05,0.0,6.00362464247e-05,0.0
97.1,0.0,6.00036906936e-05,0.0
97.15,0.0,5.99711640696e-05,0.0
97.2,0.0,5.99386663951e-05,0.0
97.25,0.0,5.99061975139e-05,0.0
97.3,0.0,5.98737572707e-05,0.0
97.35,0.0,5.98413455115e-05,0.0
97.4,0.0,5.98090100964e-05,0.0
97.45,0.0,5.97767540199e-05,0.0
97.5,0.0,5.97445262929e-05,0.0
97.55,0.0,5.9712326763e-05,0.0
97.6,0.0,5.96801552786e-05,0.0
97.65,0.0,5.96480116896e-05,0.0
97.7,0.0,5.96158958468e-05,0.0
97.75,0.0,5.95838076022e-05,0.0
97.8,0.0,5.95517468089e-05,0.0
97.85,0.0,5.9519713321e-05,0.0
97.9,0.0,5.94877247823e-05,0.0
97.95,0.0,5.94558433503e-05,0.0
98.0,0.0,5.942398911e-05,0.0
98.05,0.0,5.93921619169e-05,0.0
98.1,0.0,5.93603616276e-05,0.0
98.15,0.0,5.93285880996e-05,0.0
98.2,0.0,5.92968411916e-05,0.0
98.25,0.0,5.92651207633e-05,0.0
98.3,0.0,5.92334266755e-05,0.0
98.35,0.0,5.920175879e-05,0.0
98.4,0.0,5.91701169695e-05,0.0
98.45,0.0,5.9138501078e-05,0.0
98.5,0.0,5.91070443349e-05,0.0
98.55,0.0,5.90756153116e-05,0.0
98.6,0.0,5.90442120067e-05,0.0
98.65,0.0,5.90128342846e-05,0.0
98.7,0.0,5.89814820104e-05,0.0
98.75,0.0,5.89501550508e-05,0.0
98.8,0.0,5.89188532729e-05,0.0
98.85,0.0,5.88875765452e-05,0.0
98.9,0.0,5.88563424533e-05,0.0
98.95,0.0,5.88252129153e-05,0.0
99.0,0.0,5.87941083501e-05,0.0
99.05,0.0,5.87630286269e-05,0.0
99.1,0.0,5.87319736161e-05,0.0
99.15,0.0,5.87009431888e-05,0.0
99.2,0.0,5.86699372172e-05,0.0
99.25,0.0,5.86389555746e-05,0.0
99.3,0.0,5.86079981351e-05,0.0
99.35,0.0,5.85770647737e-05,0.0
99.4,0.0,5.85461553663e-05,0.0
99.45,0.0,5.85153543819e-05,0.0
99.5,0.0,5.84845890426e-05,0.0
99.55,0.0,5.84538475962e-05,0.0
99.6,0.0,5.84231299196e-05,0.0
99.65,0.0,5.83924358904e-05,0.0
99.7,0.0,5.83617653872e-05,0.0
99.75,0.0,5.83311182895e-05,0.0
99.8,0.0,5.83004944777e-05,0.0
99.85,0.0,5.82698938331e-05,0.0
99.9,0.0,5.82393162379e-05,0.0
99.95,0.0,5.82087615751e-05,0.0
100.0,0.0,5.81782297288e-05,0.0
