"time","AMPA","NMDA","GABAa"
0.0,0.0,0.0,0.0
0.05,0.0,0.0,0.0
0.1,0.0,0.0,0.0
0.15,0.0,0.0,0.0
0.2,0.0,0.0,0.0
0.25,0.0,0.0,0.0
0.3,0.0,0.0,0.0
0.35,0.0,0.0,0.0
0.4,0.0,0.0,0.0
0.45,0.0,0.0,0.0
0.5,0.0,0.0,0.0
0.55,0.0,0.0,0.0
0.6,0.0,0.0,0.0
0.65,0.0,0.0,0.0
0.7,0.0,0.0,0.0
0.75,0.0,0.0,0.0
0.8,0.0,0.0,0.0
0.85,0.0,0.0,0.0
0.9,0.0,0.0,0.0
0.95,0.0,0.0,0.0
1.0,0.0,0.0,0.0
1.05,0.0,0.0,0.0
1.1,0.0,0.0,0.0
1.15,0.0,0.0,0.0
1.2,0.0,0.0,0.0
1.25,0.0,0.0,0.0
1.3,0.0,0.0,0.0
1.35,0.0,0.0,0.0
1.4,0.0,0.0,0.0
1.45,0.0,0.0,0.0
1.5,0.0,0.0,0.0
1.55,0.0,0.0,0.0
1.6,0.0,0.0,0.0
1.65,0.0,0.0,0.0
1.7,0.0,0.0,0.0
1.75,0.0,0.0,0.0
1.8,0.0,0.0,0.0
1.85,0.0,0.0,0.0
1.9,0.0,0.0,0.0
1.95,0.0,0.0,0.0
2.0,0.0,0.0,0.0
2.05,0.0,0.0,0.0
2.1,0.0,0.0,0.0
2.15,0.0,0.0,0.0
2.2,0.0,0.0,0.0
2.25,0.0,0.0,0.0
2.3,0.0,0.0,0.0
2.35,0.0,0.0,0.0
2.4,0.0,0.0,0.0
2.45,0.0,0.0,0.0
2.5,0.0,0.0,0.0
2.55,0.0,0.0,0.0
2.6,0.0,0.0,0.0
2.65,0.0,0.0,0.0
2.7,0.0,0.0,0.0
2.75,0.0,0.0,0.0
2.8,0.0,0.0,0.0
2.85,0.0,0.0,0.0
2.9,0.0,0.0,0.0
2.95,0.0,0.0,0.0
3.0,0.0,0.0,0.0
3.05,0.0,0.0,0.0
3.1,0.0,0.0,0.0
3.15,0.0,0.0,0.0
3.2,0.0,0.0,0.0
3.25,0.0,0.0,0.0
3.3,0.0,0.0,0.0
3.35,0.0,0.0,0.0
3.4,0.0,0.0,0.0
3.45,0.0,0.0,0.0
3.5,0.0,0.0,0.0
3.55,0.0,0.0,0.0
3.6,0.0,0.0,0.0
3.65,0.0,0.0,0.0
3.7,0.0,0.0,0.0
3.75,0.0,0.0,0.0
3.8,0.0,0.0,0.0
3.85,0.0,0.0,0.0
3.9,0.0,0.0,0.0
3.95,0.0,0.0,0.0
4.0,0.0,0.0,0.0
4.05,0.0,0.0,0.0
4.1,0.0,0.0,0.0
4.15,0.0,0.0,0.0
4.2,0.0,0.0,0.0
4.25,0.0,0.0,0.0
4.3,0.0,0.0,0.0
4.35,0.0,0.0,0.0
4.4,0.0,0.0,0.0
4.45,0.0,0.0,0.0
4.5,0.0,0.0,0.0
4.55,0.0,0.0,0.0
4.6,0.0,0.0,0.0
4.65,0.0,0.0,0.0
4.7,0.0,0.0,0.0
4.75,0.0,0.0,0.0
4.8,0.0,0.0,0.0
4.85,0.0,0.0,0.0
4.9,0.0,0.0,0.0
4.95,0.0,0.0,0.0
5.0,0.0,0.0,0.0
5.05,0.0,0.0,0.0
5.1,0.0,0.0,0.0
5.15,0.0,0.0,0.0
5.2,0.0,0.0,0.0
5.25,0.0,0.0,0.0
5.3,0.0,0.0,0.0
5.35,0.0,0.0,0.0
5.4,0.0,0.0,0.0
5.45,0.0,0.0,0.0
5.5,0.0,0.0,0.0
5.55,0.0,0.0,0.0
5.6,0.0,0.0,0.0
5.65,0.0,0.0,0.0
5.7,0.0,0.0,0.0
5.75,0.0,0.0,0.0
5.8,0.0,0.0,0.0
5.85,0.0,0.0,0.0
5.9,0.0,0.0,0.0
5.95,0.0,0.0,0.0
6.0,0.0,0.0,0.0
6.05,0.0,0.0,0.0
6.1,0.0,0.0,0.0
6.15,0.0,0.0,0.0
6.2,0.0,0.0,0.0
6.25,0.0,0.0,0.0
6.3,0.0,0.0,0.0
6.35,0.0,0.0,0.0
6.4,0.0,0.0,0.0
6.45,0.0,0.0,0.0
6.5,0.0,0.0,0.0
6.55,0.0,0.0,0.0
6.6,0.0,0.0,0.0
6.65,0.0,0.0,0.0
6.7,0.0,0.0,0.0
6.75,0.0,0.0,0.0
6.8,0.0,0.0,0.0
6.85,0.0,0.0,0.0
6.9,0.0,0.0,0.0
6.95,0.0,0.0,0.0
7.0,0.0,0.0,0.0
7.05,0.0,0.0,0.0
7.1,0.0,0.0,0.0
7.15,0.0,0.0,0.0
7.2,0.0,0.0,0.0
7.25,0.0,0.0,0.0
7.3,0.0,0.0,0.0
7.35,0.0,0.0,0.0
7.4,0.0,0.0,0.0
7.45,0.0,0.0,0.0
7.5,0.0,0.0,0.0
7.55,0.0,0.0,0.0
7.6,0.0,0.0,0.0
7.65,0.0,0.0,0.0
7.7,0.0,0.0,0.0
7.75,0.0,0.0,0.0
7.8,0.0,0.0,0.0
7.85,0.0,0.0,0.0
7.9,0.0,0.0,0.0
7.95,0.0,0.0,0.0
8.0,0.0,0.0,0.0
8.05,0.0,0.0,0.0
8.1,0.0,0.0,0.0
8.15,0.0,0.0,0.0
8.2,0.0,0.0,0.0
8.25,0.0,0.0,0.0
8.3,0.0,0.0,0.0
8.35,0.0,0.0,0.0
8.4,0.0,0.0,0.0
8.45,0.0,0.0,0.0
8.5,0.0,0.0,0.0
8.55,0.0,0.0,0.0
8.6,0.0,0.0,0.0
8.65,0.0,0.0,0.0
8.7,0.0,0.0,0.0
8.75,0.0,0.0,0.0
8.8,0.0,0.0,0.0
8.85,0.0,0.0,0.0
8.9,0.0,0.0,0.0
8.95,0.0,0.0,0.0
9.0,0.0,0.0,0.0
9.05,0.0,0.0,0.0
9.1,0.0,0.0,0.0
9.15,0.0,0.0,0.0
9.2,0.0,0.0,0.0
9.25,0.0,0.0,0.0
9.3,0.0,0.0,0.0
9.35,0.0,0.0,0.0
9.4,0.0,0.0,0.0
9.45,0.0,0.0,0.0
9.5,0.0,0.0,0.0
9.55,0.0,0.0,0.0
9.6,0.0,0.0,0.0
9.65,0.0,0.0,0.0
9.7,0.0,0.0,0.0
9.75,0.0,0.0,0.0
9.8,0.0,0.0,0.0
9.85,0.0,0.0,0.0
9.9,0.0,0.0,0.0
9.95,0.0,0.0,0.0
10.0,0.0,0.0,0.0
10.05,0.0,0.0,0.0
10.1,0.0,0.0,0.0
10.15,0.0,0.0,0.0
10.2,0.0,0.0,0.0
10.25,0.0,0.0,0.0
10.3,0.0,0.0,0.0
10.35,0.0,0.0,0.0
10.4,0.0,0.0,0.0
10.45,0.0,0.0,0.0
10.5,0.0,0.0,0.0
10.55,0.0,0.0,0.0
10.6,0.0,0.0,0.0
10.65,0.0,0.0,0.0
10.7,0.0,0.0,0.0
10.75,0.0,0.0,0.0
10.8,0.0,0.0,0.0
10.85,0.0,0.0,0.0
10.9,0.0,0.0,0.0
10.95,0.0,0.0,0.0
11.0,0.0,0.0,0.0
11.05,0.0,0.0,0.0
11.1,0.0,0.0,0.0
11.15,0.0,0.0,0.0
11.2,0.0,0.0,0.0
11.25,0.0,0.0,0.0
11.3,0.0,0.0,0.0
11.35,0.0,0.0,0.0
11.4,0.0,0.0,0.0
11.45,0.0,0.0,0.0
11.5,0.0,0.0,0.0
11.55,0.0,0.0,0.0
11.6,0.0,0.0,0.0
11.65,0.0,0.0,0.0
11.7,0.0,0.0,0.0
11.75,0.0,0.0,0.0
11.8,0.0,0.0,0.0
11.85,0.0,0.0,0.0
11.9,0.0,0.0,0.0
11.95,0.0,0.0,0.0
12.0,0.0,0.0,0.0
12.05,0.0,0.0,0.0
12.1,0.0,0.0,0.0
12.15,0.0,0.0,0.0
12.2,0.0,0.0,0.0
12.25,0.0,0.0,0.0
12.3,0.0,0.0,0.0
12.35,0.0,0.0,0.0
12.4,0.0,0.0,0.0
12.45,0.0,0.0,0.0
12.5,0.0,0.0,0.0
12.55,0.0,0.0,0.0
12.6,0.0,0.0,0.0
12.65,0.0,0.0,0.0
12.7,0.0,0.0,0.0
12.75,0.0,0.0,0.0
12.8,0.0,0.0,0.0
12.85,0.0,0.0,0.0
12.9,0.0,0.0,0.0
12.95,0.0,0.0,0.0
13.0,0.0,0.0,0.0
13.05,0.0,0.0,0.0
13.1,0.0,0.0,0.0
13.15,0.0,0.0,0.0
13.2,0.0,0.0,0.0
13.25,0.0,0.0,0.0
13.3,0.0,0.0,0.0
13.35,0.0,0.0,0.0
13.4,0.0,0.0,0.0
13.45,0.0,0.0,0.0
13.5,0.0,0.0,0.0
13.55,0.0,0.0,0.0
13.6,0.0,0.0,0.0
13.65,0.0,0.0,0.0
13.7,0.0,0.0,0.0
13.75,0.0,0.0,0.0
13.8,0.0,0.0,0.0
13.85,0.0,0.0,0.0
13.9,0.0,0.0,0.0
13.95,0.0,0.0,0.0
14.0,0.0,0.0,0.0
14.05,0.0,0.0,0.0
14.1,0.0,0.0,0.0
14.15,0.0,0.0,0.0
14.2,0.0,0.0,0.0
14.25,0.0,0.0,0.0
14.3,0.0,0.0,0.0
14.35,0.0,0.0,0.0
14.4,0.0,0.0,0.0
14.45,0.0,0.0,0.0
14.5,0.0,0.0,0.0
14.55,0.0,0.0,0.0
14.6,0.0,0.0,0.0
14.65,0.0,0.0,0.0
14.7,0.0,0.0,0.0
14.75,0.0,0.0,0.0
14.8,0.0,0.0,0.0
14.85,0.0,0.0,0.0
14.9,0.0,0.0,0.0
14.95,0.0,0.0,0.0
15.0,0.0,0.0,0.0
15.05,0.0,0.0,0.0
15.1,0.0,0.0,0.0
15.15,0.0,0.0,0.0
15.2,0.0,0.0,0.0
15.25,0.0,0.0,0.0
15.3,0.0,0.0,0.0
15.35,0.0,0.0,0.0
15.4,0.0,0.0,0.0
15.45,0.0,0.0,0.0
15.5,0.0,0.0,0.0
15.55,0.0,0.0,0.0
15.6,0.0,0.0,0.0
15.65,0.0,0.0,0.0
15.7,0.0,0.0,0.0
15.75,0.0,0.0,0.0
15.8,0.0,0.0,0.0
15.85,0.0,0.0,0.0
15.9,0.0,0.0,0.0
15.95,0.0,0.0,0.0
16.0,0.0,0.0,0.0
16.05,0.0,0.0,0.0
16.1,0.0,0.0,0.0
16.15,0.0,0.0,0.0
16.2,0.0,0.0,0.0
16.25,0.0,0.0,0.0
16.3,0.0,0.0,0.0
16.35,0.0,0.0,0.0
16.4,0.0,0.0,0.0
16.45,0.0,0.0,0.0
16.5,0.0,0.0,0.0
16.55,0.0,0.0,0.0
16.6,0.0,0.0,0.0
16.65,0.0,0.0,0.0
16.7,0.0,0.0,0.0
16.75,0.0,0.0,0.0
16.8,0.0,0.0,0.0
16.85,0.0,0.0,0.0
16.9,0.0,0.0,0.0
16.95,0.0,0.0,0.0
17.0,0.0,0.0,0.0
17.05,0.0,0.0,0.0
17.1,0.0,0.0,0.0
17.15,0.0,0.0,0.0
17.2,0.0,0.0,0.0
17.25,0.0,0.0,0.0
17.3,0.0,0.0,0.0
17.35,0.0,0.0,0.0
17.4,0.0,0.0,0.0
17.45,0.0,0.0,0.0
17.5,0.0,0.0,0.0
17.55,0.0,0.0,0.0
17.6,0.0,0.0,0.0
17.65,0.0,0.0,0.0
17.7,0.0,0.0,0.0
17.75,0.0,0.0,0.0
17.8,0.0,0.0,0.0
17.85,0.0,0.0,0.0
17.9,0.0,0.0,0.0
17.95,0.0,0.0,0.0
18.0,0.0,0.0,0.0
18.05,0.0,0.0,0.0
18.1,0.0,0.0,0.0
18.15,0.0,0.0,0.0
18.2,0.0,0.0,0.0
18.25,0.0,0.0,0.0
18.3,0.0,0.0,0.0
18.35,0.0,0.0,0.0
18.4,0.0,0.0,0.0
18.45,0.0,0.0,0.0
18.5,0.0,0.0,0.0
18.55,0.0,0.0,0.0
18.6,0.0,0.0,0.0
18.65,0.0,0.0,0.0
18.7,0.0,0.0,0.0
18.75,0.0,0.0,0.0
18.8,0.0,0.0,0.0
18.85,0.0,0.0,0.0
18.9,0.0,0.0,0.0
18.95,0.0,0.0,0.0
19.0,0.0,0.0,0.0
19.05,0.0,0.0,0.0
19.1,0.0,0.0,0.0
19.15,0.0,0.0,0.0
19.2,0.0,0.0,0.0
19.25,0.0,0.0,0.0
19.3,0.0,0.0,0.0
19.35,0.0,0.0,0.0
19.4,0.0,0.0,0.0
19.45,0.0,0.0,0.0
19.5,0.0,0.0,0.0
19.55,0.0,0.0,0.0
19.6,0.0,0.0,0.0
19.65,0.0,0.0,0.0
19.7,0.0,0.0,0.0
19.75,0.0,0.0,0.0
19.8,0.0,0.0,0.0
19.85,0.0,0.0,0.0
19.9,0.0,0.0,0.0
19.95,0.0,0.0,0.0
20.0,0.0,0.0,0.0
20.05,0.0,0.0,0.0
20.1,0.0,0.0,0.0
20.15,0.0,0.0,0.0
20.2,0.0,0.0,0.0
20.25,0.0,0.0,0.0
20.3,0.0,0.0,0.0
20.35,0.0,0.0,0.0
20.4,0.0,0.0,0.0
20.45,0.0,0.0,0.0
20.5,0.0,0.0,0.0
20.55,0.0,0.0,0.0
20.6,0.0,0.0,0.0
20.65,0.0,0.0,0.0
20.7,0.0,0.0,0.0
20.75,0.0,0.0,0.0
20.8,0.0,0.0,0.0
20.85,0.0,0.0,0.0
20.9,0.0,0.0,0.0
20.95,0.0,0.0,0.0
21.0,0.0,0.0,0.0
21.05,0.0,0.0,0.0
21.1,0.0,0.0,0.0
21.15,0.0,0.0,0.0
21.2,0.0,0.0,0.0
21.25,0.0,0.0,0.0
21.3,0.0,0.0,0.0
21.35,0.0,0.0,0.0
21.4,0.0,0.0,0.0
21.45,0.0,0.0,0.0
21.5,0.0,0.0,0.0
21.55,0.0,0.0,0.0
21.6,0.0,0.0,0.0
21.65,0.0,0.0,0.0
21.7,0.0,0.0,0.0
21.75,0.0,0.0,0.0
21.8,0.0,0.0,0.0
21.85,0.0,0.0,0.0
21.9,0.0,0.0,0.0
21.95,0.0,0.0,0.0
22.0,0.0,0.0,0.0
22.05,0.0,0.0,0.0
22.1,0.0,0.0,0.0
22.15,0.0,0.0,0.0
22.2,0.0,0.0,0.0
22.25,0.0,0.0,0.0
22.3,0.0,0.0,0.0
22.35,0.0,0.0,0.0
22.4,0.0,0.0,0.0
22.45,0.0,0.0,0.0
22.5,0.0,0.0,0.0
22.55,0.0,0.0,0.0
22.6,0.0,0.0,0.0
22.65,0.0,0.0,0.0
22.7,0.0,0.0,0.0
22.75,0.0,0.0,0.0
22.8,0.0,0.0,0.0
22.85,0.0,0.0,0.0
22.9,0.0,0.0,0.0
22.95,0.0,0.0,0.0
23.0,0.0,0.0,0.0
23.05,0.0,0.0,0.0
23.1,0.0,0.0,0.0
23.15,0.0,0.0,0.0
23.2,0.0,0.0,0.0
23.25,0.0,0.0,0.0
23.3,0.0,0.0,0.0
23.35,0.0,0.0,0.0
23.4,0.0,0.0,0.0
23.45,0.0,0.0,0.0
23.5,0.0,0.0,0.0
23.55,0.0,0.0,0.0
23.6,0.0,0.0,0.0
23.65,0.0,0.0,0.0
23.7,0.0,0.0,0.0
23.75,0.0,0.0,0.0
23.8,0.0,0.0,0.0
23.85,0.0,0.0,0.0
23.9,0.0,0.0,0.0
23.95,0.0,0.0,0.0
24.0,0.0,0.0,0.0
24.05,0.0,0.0,0.0
24.1,0.0,0.0,0.0
24.15,0.0,0.0,0.0
24.2,0.0,0.0,0.0
24.25,0.0,0.0,0.0
24.3,0.0,0.0,0.0
24.35,0.0,0.0,0.0
24.4,0.0,0.0,0.0
24.45,0.0,0.0,0.0
24.5,0.0,0.0,0.0
24.55,0.0,0.0,0.0
24.6,0.0,0.0,0.0
24.65,0.0,0.0,0.0
24.7,0.0,0.0,0.0
24.75,0.0,0.0,0.0
24.8,0.0,0.0,0.0
24.85,0.0,0.0,0.0
24.9,0.0,0.0,0.0
24.95,0.0,0.0,0.0
25.0,0.0,0.0,0.0
25.05,0.0,0.0,0.0
25.1,0.0,0.0,0.0
25.15,0.0,0.0,0.0
25.2,0.0,0.0,0.0
25.25,0.0,0.0,0.0
25.3,0.0,0.0,0.0
25.35,0.0,0.0,0.0
25.4,0.0,0.0,0.0
25.45,0.0,0.0,0.0
25.5,0.0,0.0,0.0
25.55,0.0,0.0,0.0
25.6,0.0,0.0,0.0
25.65,0.0,0.0,0.0
25.7,0.0,0.0,0.0
25.75,0.0,0.0,0.0
25.8,0.0,0.0,0.0
25.85,0.0,0.0,0.0
25.9,0.0,0.0,0.0
25.95,0.0,0.0,0.0
26.0,0.0,0.0,0.0
26.05,0.0,0.0,0.0
26.1,0.0,0.0,0.0
26.15,0.0,0.0,0.0
26.2,0.0,0.0,0.0
26.25,0.0,0.0,0.0
26.3,0.0,0.0,0.0
26.35,0.0,0.0,8.57169895827e-17
26.4,0.0,0.0,0.00011583196737
26.45,0.0,0.0,0.000205083478365
26.5,0.0,0.0,0.000273684774849
26.55,0.0,0.0,0.000326281682285
26.6,0.0,0.0,0.000366498027409
26.65,0.0,0.0,0.000397151188031
26.7,0.0,0.0,0.000420426100423
26.75,0.0,0.0,0.000438014009217
26.8,0.0,0.0,0.000451222117554
26.85,0.0,0.0,0.000574793589833
26.9,0.0,0.0,0.000782131323333
26.95,0.0,0.0,0.00116483164012
27.0,0.0,0.0,0.00145265113867
27.05,0.0,0.0,0.00177720873657
27.1,0.0,0.0,0.0020153592182
27.15,0.0,0.0,0.00218653274813
27.2,0.0,0.0,0.0023062058145
27.25,0.0,0.0,0.00238654605905
27.3,0.0,0.0,0.00243702815026
27.35,0.0,0.0,0.00246423129171
27.4,0.0,0.0,0.002470817071
27.45,0.0,0.0,0.00246519282656
27.5,0.0,0.0,0.002450603802
27.55,0.0,0.0,0.00242951403236
27.6,0.0,0.0,0.00240379052863
27.65,0.0,0.0,0.00256051782665
27.7,0.0,0.0,0.00266380384092
27.75,0.0,0.0,0.00272662367115
27.8,0.0,0.0,0.00275841651609
27.85,0.0,0.0,0.00276378096411
27.9,0.0,0.0,0.00274849221248
27.95,0.0,0.0,0.00271563176684
28.0,0.0,0.0,0.00267478623737
28.05,0.0,0.0,0.00262603722868
28.1,0.0,0.0,0.00257448061571
28.15,0.0,0.0,0.0025214152538
28.2,0.0,0.0,0.00246779511474
28.25,0.0,0.0,0.00241431318955
28.3,0.0,0.0,0.00236146704583
28.35,0.0,0.0,0.00230961071731
28.4,0.0,0.0,0.00232941778593
28.45,0.0,0.0,0.00233087465944
28.5,0.0,0.0,0.00231893885505
28.55,0.0,0.0,0.00229738300202
28.6,0.0,0.0,0.00226809432656
28.65,0.0,0.0,0.0022294082455
28.7,0.0,0.0,0.00218822764613
28.75,0.0,0.0,0.00214567404842
28.8,0.0,0.0,0.00210257087378
28.85,0.0,0.0,0.00205951912094
28.9,0.0,0.0,0.00201695045047
28.95,0.0,0.0,0.00197516848461
29.0,0.0,0.0,0.00193624714136
29.05,0.0,0.0,0.0019085345661
29.1,0.0,0.0,0.00187913336476
29.15,0.0,0.0,0.00184879588006
29.2,0.0,0.0,0.00181806936061
29.25,0.0,0.0,0.00178735757512
29.3,0.0,0.0,0.00181051924938
29.35,0.0,0.0,0.00181918918276
29.4,0.0,0.0,0.00181551059751
29.45,0.0,0.0,0.00180442573438
29.5,0.0,0.0,0.00178804927057
29.55,0.0,0.0,0.00176798244166
29.6,0.0,0.0,0.0017470599796
29.65,0.0,0.0,0.00173247704393
29.7,0.0,0.0,0.00171470048455
29.75,0.0,0.0,0.00169476739699
29.8,0.0,0.0,0.00167480464332
29.85,0.0,0.0,0.00166689717978
29.9,0.0,0.0,0.00165504391096
29.95,0.0,0.0,0.00164041530768
30.0,0.0,0.0,0.00162383679093
30.05,0.0,0.0,0.00160428604469
30.1,0.0,0.0,0.00158411407998
30.15,0.0,0.0,0.0015636838744
30.2,0.0,0.0,0.00154325931836
30.25,0.0,0.0,0.0015227171473
30.3,0.0,0.0,0.00150092198369
30.35,0.0,0.0,0.00147970691505
30.4,0.0,0.0,0.00145911861507
30.45,0.0,0.0,0.00143917920937
30.5,0.0,0.0,0.00141989827717
30.55,0.0,0.0,0.00140227884438
30.6,0.0,0.0,0.00140099948954
30.65,0.0,0.0,0.00139458172296
30.7,0.0,0.0,0.0013866210368
30.75,0.0,0.0,0.00139323315033
30.8,0.0,0.0,0.00139423004733
30.85,0.0,0.0,0.00138959595796
30.9,0.0,0.0,0.0013820647068
30.95,0.0,0.0,0.00137246989194
31.0,0.0,0.0,0.0013614433832
31.05,0.0,0.0,0.00135033278916
31.1,0.0,0.0,0.00135531144046
31.15,0.0,0.0,0.00135555530868
31.2,0.0,0.0,0.00135230160867
31.25,0.0,0.0,0.00134649852929
31.3,0.0,0.0,0.00133887017486
31.35,0.0,0.0,0.00132996552009
31.4,0.0,0.0,0.0013209123908
31.45,0.0,0.0,0.00133147478351
31.5,0.0,0.0,0.00135150482396
31.55,0.0,0.0,0.00136347084245
31.6,0.0,0.0,0.0013680238599
31.65,0.0,0.0,0.00136817890609
31.7,0.0,0.0,0.00136608642162
31.75,0.0,0.0,0.00136846892563
31.8,0.0,0.0,0.00136702072076
31.85,0.0,0.0,0.00136276620726
31.9,0.0,0.0,0.00135648590858
31.95,0.0,0.0,0.00134877276312
32.0,0.0,0.0,0.0013400770581
32.05,0.0,0.0,0.00133159026571
32.1,0.0,0.0,0.00133194536797
32.15,0.0,0.0,0.0013293650119
32.2,0.0,0.0,0.00132464376675
32.25,0.0,0.0,0.00131838983657
32.3,0.0,0.0,0.00131106305292
32.35,0.0,0.0,0.00130301385648
32.4,0.0,0.0,0.00129437672891
32.45,0.0,0.0,0.00128408147979
32.5,0.0,0.0,0.001272451382
32.55,0.0,0.0,0.00126096096405
32.6,0.0,0.0,0.0012496765578
32.65,0.0,0.0,0.00123864066578
32.7,0.0,0.0,0.00122782566245
32.75,0.0,0.0,0.00121600954966
32.8,0.0,0.0,0.00120455858338
32.85,0.0,0.0,0.00119347161218
32.9,0.0,0.0,0.00118274251158
32.95,0.0,0.0,0.00117236338074
33.0,0.0,0.0,0.00116232397927
33.05,0.0,0.0,0.00115253809608
33.1,0.0,0.0,0.00114178675765
33.15,0.0,0.0,0.00113139611992
33.2,0.0,0.0,0.00112234901203
33.25,0.0,0.0,0.00112130561677
33.3,0.0,0.0,0.00111860348352
33.35,0.0,0.0,0.00111468171347
33.4,0.0,0.0,0.00110987552481
33.45,0.0,0.0,0.00110444153909
33.5,0.0,0.0,0.00109857468828
33.55,0.0,0.0,0.00109242161305
33.6,0.0,0.0,0.00108686728956
33.65,0.0,0.0,0.00109498194741
33.7,0.0,0.0,0.00109960989641
33.75,0.0,0.0,0.00110159392449
33.8,0.0,0.0,0.00110158314957
33.85,0.0,0.0,0.00110007972371
33.9,0.0,0.0,0.00109746895408
33.95,0.0,0.0,0.00109404714138
34.0,0.0,0.0,0.00109004076439
34.05,0.0,0.0,0.00108618853246
34.1,0.0,0.0,0.00110121024413
34.15,0.0,0.0,0.00111215996041
34.2,0.0,0.0,0.00112967560865
34.25,0.0,0.0,0.00114105032333
34.3,0.0,0.0,0.00116459075544
34.35,0.0,0.0,0.00119059620961
34.4,0.0,0.0,0.00120867728364
34.45,0.0,0.0,0.00122069642098
34.5,0.0,0.0,0.00122810373919
34.55,0.0,0.0,0.00123202079831
34.6,0.0,0.0,0.00123410958881
34.65,0.0,0.0,0.00124346463745
34.7,0.0,0.0,0.00124869321526
34.75,0.0,0.0,0.00125081847332
34.8,0.0,0.0,0.00125062422034
34.85,0.0,0.0,0.00124965623804
34.9,0.0,0.0,0.00125632963181
34.95,0.0,0.0,0.00125975359544
35.0,0.0,0.0,0.00126074004181
35.05,0.0,0.0,0.00125977774937
35.1,0.0,0.0,0.00125624566962
35.15,0.0,0.0,0.00125175198465
35.2,0.0,0.0,0.00124605392786
35.25,0.0,0.0,0.00125533191
35.3,0.0,0.0,0.00125908254826
35.35,0.0,0.0,0.00125848688227
35.4,0.0,0.0,0.00125565340801
35.45,0.0,0.0,0.00125119123225
35.5,0.0,0.0,0.00124556500584
35.55,0.0,0.0,0.00123912801967
35.6,0.0,0.0,0.00123207566816
35.65,0.0,0.0,0.00122345845399
35.7,0.0,0.0,0.00121471509876
35.75,0.0,0.0,0.001205952567
35.8,0.0,0.0,0.00119724815861
35.85,0.0,0.0,0.00118859537489
35.9,0.0,0.0,0.00117887405209
35.95,0.0,0.0,0.0011693891822
36.0,0.0,0.0,0.00116015278771
36.05,0.0,0.0,0.00115117069059
36.1,0.0,0.0,0.00114244528161
36.15,0.0,0.0,0.00113397558332
36.2,0.0,0.0,0.00112564566364
36.25,0.0,0.0,0.00111635125679
36.3,0.0,0.0,0.00110735366597
36.35,0.0,0.0,0.00109863712161
36.4,0.0,0.0,0.00109018686382
36.45,0.0,0.0,0.00108346544511
36.5,0.0,0.0,0.00110287681656
36.55,0.0,0.0,0.00111599483311
36.6,0.0,0.0,0.00112429794786
36.65,0.0,0.0,0.00112893649499
36.7,0.0,0.0,0.00113079994226
36.75,0.0,0.0,0.00113057640543
36.8,0.0,0.0,0.00112879556445
36.85,0.0,0.0,0.0011258645714
36.9,0.0,0.0,0.00112293081964
36.95,0.0,0.0,0.00113009229789
37.0,0.0,0.0,0.001134110209
37.05,0.0,0.0,0.00113574897875
37.1,0.0,0.0,0.00113559961315
37.15,0.0,0.0,0.00113411654823
37.2,0.0,0.0,0.00113164876804
37.25,0.0,0.0,0.00112846405634
37.3,0.0,0.0,0.00112476685022
37.35,0.0,0.0,0.0011207132195
37.4,0.0,0.0,0.00111726918705
37.45,0.0,0.0,0.00112402267128
37.5,0.0,0.0,0.00112554380712
37.55,0.0,0.0,0.00112508734724
37.6,0.0,0.0,0.0011239990451
37.65,0.0,0.0,0.0011325736609
37.7,0.0,0.0,0.00113761570409
37.75,0.0,0.0,0.00113998130634
37.8,-1.63757724489e-14,-2.7640758506e-15,0.0011403308234
37.85,-0.00605617842357,-6.4023070296e-05,0.00113917233308
37.9,-0.0117185232643,-0.000128719709012,0.00116700741608
37.95,-0.0169866152243,-0.000194710936981,0.00121956210118
38.0,-0.0218694593374,-0.000262745577795,0.00129505215735
38.05,-0.0263761703111,-0.000333897191831,0.00139050634896
38.1,-0.030520073749,-0.000408213913574,0.00150311853031
38.15,-0.0343163962543,-0.000486819059037,0.00163138512239
38.2,-0.0377806123943,-0.000570058272949,0.00179284908253
38.25,-0.0409326029119,-0.000658141014094,0.00196247973253
38.3,-0.0437884569436,-0.000751943384331,0.00213862785603
38.35,-0.0463683083203,-0.000851227291119,0.00231973372931
38.4,-0.0486882773523,-0.000956785592908,0.00250420626724
38.45,-0.0507675890636,-0.00106881649503,0.00268790465674
38.5,-0.0526221934676,-0.00118718988769,0.00287238802811
38.55,-0.0542692337967,-0.00131273003217,0.00305893814239
38.6,-0.0557245495416,-0.0014449309633,0.00327677326194
38.65,-0.0570057607998,-0.00158407867052,0.00348435535908
38.7,-0.0581270799249,-0.00173036610656,0.00368532173586
38.75,-0.0591010775545,-0.0018831730884,0.00387971484994
38.8,-0.0584238768688,-0.0019447882256,0.00406759420278
38.85,-0.0572320938079,-0.00200423072761,0.00424144115353
38.9,-0.0560952950167,-0.00206130041043,0.0044023571356
38.95,-0.0550100071994,-0.00211599837163,0.00461572829223
39.0,-0.0539782099935,-0.00216776942449,0.00480333170238
39.05,-0.0529954525642,-0.0022167554004,0.00496836820844
39.1,-0.0520577971929,-0.00226307919971,0.00511366662775
39.15,-0.051161718694,-0.00230689990703,0.00524439656756
39.2,-0.0503043010397,-0.0023482662262,0.00542609433357
39.25,-0.0494877491426,-0.00238671101097,0.00558344404646
39.3,-0.0487084298932,-0.00242245189989,0.00576002784064
39.35,-0.0479661536197,-0.00245535091563,0.00590652126858
39.4,-0.0472570720601,-0.00248558999008,0.00602807189073
39.45,-0.0465779420335,-0.00251351292144,0.00612891134399
39.5,-0.0459259867889,-0.00253927194992,0.00621249499923
39.55,-0.0452988379589,-0.00256303944165,0.00628121226851
39.6,-0.0446944143353,-0.00258498712979,0.00633112557666
39.65,-0.0441104692008,-0.00260531562798,0.00637096484945
39.7,-0.0435454775281,-0.00262413955552,0.00640225034411
39.75,-0.0429980954842,-0.00264155521567,0.00642621828662
39.8,-0.0424671302499,-0.00265764396909,0.00644388860765
39.85,-0.0419517261791,-0.00267257940785,0.00645610218977
39.9,-0.0414507102121,-0.00268634071163,0.00646290363314
39.95,-0.0409631714767,-0.00269899410067,0.00646316662584
40.0,-0.040488176152,-0.00271073768861,0.00652552156952
40.05,-0.0400292469529,-0.00272085690565,0.00656870049288
40.1,-0.0395845162061,-0.0027297383977,0.00659664840135
40.15,-0.0391524636872,-0.00273740383785,0.00661521221048
40.2,-0.0387320143675,-0.00274403723779,0.00671627759256
40.25,-0.0383278278947,-0.00274891248087,0.00678473321587
40.3,-0.0379372357901,-0.00275232473293,0.00682082922244
40.35,-0.0375577304075,-0.00275463034629,0.00683763307902
40.4,-0.0371877254787,-0.00275604129693,0.00683947532459
40.45,-0.0368259768628,-0.00275672265463,0.00682975057794
40.5,-0.0364715059657,-0.00275680533441,0.00681106810175
40.55,-0.036123537409,-0.00275639210495,0.00678547216379
40.6,-0.0357814538835,-0.00275556384928,0.00675455805242
40.65,-0.0354447607969,-0.00275438445526,0.00671955861741
40.7,-0.0351130582789,-0.00275290469967,0.00668144036598
40.75,-0.0347860205133,-0.00275116509643,0.00664093508128
40.8,-0.0344633782399,-0.00274919835359,0.00660359637601
40.85,-0.0341453517616,-0.00274698467172,0.00662493011121
40.9,-0.0338348397474,-0.00274398757256,0.00662981235614
40.95,-0.0335306798259,-0.00274037878142,0.00662160369861
41.0,-0.033231950777,-0.0027362951072,0.00659658583883
41.05,-0.0329375823961,-0.00273190560365,0.00656457326768
41.1,-0.0326470768896,-0.00272728489256,0.00652731520754
41.15,-0.0323600530348,-0.00272251208868,0.00648542468756
41.2,-0.0320761796703,-0.00271765777032,0.00643362658507
41.25,-0.031794874052,-0.00271277980732,0.00638014883279
41.3,-0.0315160003986,-0.0027078986101,0.00632951296319
41.35,-0.0312396562618,-0.00270299226731,0.00636162230279
41.4,-0.0309699016695,-0.00269729435023,0.00637191201218
41.45,-0.0307054266925,-0.0026910990607,0.00636561994091
41.5,-0.0304452439987,-0.00268451073269,0.00634678341358
41.55,-0.0301886150866,-0.00267764415306,0.00631850990746
41.6,-0.0299349876678,-0.00267059431029,0.00628320202261
41.65,-0.029683951129,-0.00266353000598,0.00624269519154
41.7,-0.0294352020815,-0.00265640644656,0.00619841896045
41.75,-0.029188519981,-0.00264926241058,0.0061514338439
41.8,-0.0289437439786,-0.00264216856333,0.00610214681749
41.85,-0.0287008820026,-0.00263516893902,0.00605000306636
41.9,-0.0284596346126,-0.00262823694475,0.00604109915871
41.95,-0.0282219207861,-0.00262097421418,0.00602067610824
42.0,-0.0279871269351,-0.00261358119558,0.00599162332804
42.05,-0.0277547962193,-0.00260607372621,0.00595615816597
42.1,-0.0275245941337,-0.0025984970899,0.00591599020731
42.15,-0.0272962761394,-0.00259095300631,0.0058724196098
42.2,-0.0270696642172,-0.00258347379919,0.00582997218632
42.25,-0.0268447826503,-0.00257599962852,0.00587212780105
42.3,-0.0266251517064,-0.00256779898888,0.0058903376261
42.35,-0.0264095940023,-0.00255915953193,0.00588413998372
42.4,-0.02619697586,-0.0025502208457,0.0058649256041
42.45,-0.0259866859491,-0.00254117353878,0.0058360080801
42.5,-0.0257782763019,-0.00253210532309,0.00579992736587
42.55,-0.0255714255196,-0.00252301983611,0.00575861998459
42.6,-0.0253659047305,-0.0025140820958,0.00571357392908
42.65,-0.025161553174,-0.00250522853725,0.00566591606336
42.7,-0.0249582649134,-0.00249649168045,0.00562057181599
42.75,-0.0247561269415,-0.00248793264265,0.00564044886846
42.8,-0.0245576204306,-0.00247887404178,0.00564588111205
42.85,-0.0243622083787,-0.00246952133958,0.00571776472133
42.9,-0.0241721613684,-0.00245929565182,0.00575207535852
42.95,-0.0239858975578,-0.00244850792487,0.00576308462537
43.0,-0.0238024381298,-0.00243745266823,0.00575654832908
43.05,-0.0236210651685,-0.0024261984047,0.00573688677726
43.1,-0.0234412545941,-0.00241496786707,0.00571130956655
43.15,-0.0232627673577,-0.00240370818413,0.00574510501657
43.2,-0.0230876755481,-0.00239202298215,0.00575556441417
43.25,-0.0229150557791,-0.00238002441887,0.00574273779365
43.3,-0.0227440320118,-0.00236800372278,0.00571751327672
43.35,-0.022574147876,-0.00235601123951,0.0056831840734
43.4,-0.0224050799759,-0.00234416605166,0.00564225279202
43.45,-0.0222366077927,-0.00233250733522,0.00559662078389
43.5,-0.0220685832732,-0.00232106211175,0.00554774240913
43.55,-0.0219009165359,-0.002309881987,0.00549670871293
43.6,-0.0217335558201,-0.00229894648265,0.00544435043991
43.65,-0.0215664816537,-0.00228830085693,0.00539128316256
43.7,-0.0213996933236,-0.00227791527932,0.00533753530172
43.75,-0.0212331936631,-0.0022678105504,0.00527802833592
43.8,-0.0210668237778,-0.00225803218902,0.00521868085293
43.85,-0.0209007242173,-0.00224854222794,0.00515440255209
43.9,-0.0207346639073,-0.00223944588699,0.00509141659677
43.95,-0.0205687173687,-0.00223062974017,0.00503331307833
44.0,-0.020403064599,-0.00222215945145,0.00503496958326
44.05,-0.0202395256642,-0.00221346044145,0.00502260418575
44.1,-0.0200776315572,-0.00220467071128,0.00499935809276
44.15,-0.0199170276362,-0.00219593036448,0.00496693660176
44.2,-0.0197574279936,-0.00218722719977,0.00496993745742
44.25,-0.0195998515242,-0.00217838641633,0.00495845289043
44.3,-0.0194438322602,-0.0021694387848,0.00493617886059
44.35,-0.0192890343744,-0.00216051450064,0.00490596537207
44.4,-0.0191352171347,-0.00215169174601,0.00486997934823
44.45,-0.0189822135686,-0.00214295174541,0.00482987078962
44.5,-0.0188299094995,-0.00213444564145,0.0047869017486
44.55,-0.0186782317736,-0.00212607398394,0.00474202241737
44.6,-0.0185271366727,-0.00211791767471,0.0046959551186
44.65,-0.0183766011606,-0.00210997800067,0.00464924471191
44.7,-0.0182266192835,-0.0021022042855,0.00460556469379
44.75,-0.0180772819771,-0.00209466965997,0.00461779448947
44.8,-0.0179300550297,-0.00208685455432,0.0046156789035
44.85,-0.0177846032902,-0.00207887833203,0.0046028034224
44.9,-0.0176405232246,-0.00207091423451,0.0045819195057
44.95,-0.0174975880178,-0.00206292435856,0.0045547407706
45.0,-0.0173556248615,-0.00205502498509,0.00451806164361
45.05,-0.0172143886746,-0.00204727504182,0.00447861869652
45.1,-0.0170738138548,-0.00203964634262,0.00443732069787
45.15,-0.0169338599288,-0.00203225340531,0.00439458308539
45.2,-0.0167944975095,-0.00202501890621,0.00434603994233
45.25,-0.0166555954814,-0.00201798235199,0.00429749837475
45.3,-0.016517166344,-0.00201123450512,0.0042492130392
45.35,-0.0163792286495,-0.00200467632979,0.00420137903137
45.4,-0.016241804693,-0.00199830520357,0.00415413158433
45.45,-0.0161049189115,-0.00199219832559,0.00410756176504
45.5,-0.0159685959535,-0.00198627601678,0.00406924167312
45.55,-0.015833032356,-0.00198046795571,0.00410036014359
45.6,-0.0156997900816,-0.00197428827698,0.00411431586179
45.65,-0.0155684231341,-0.00196788406539,0.00411527639446
45.7,-0.0154385997024,-0.0019613070499,0.00410607853353
45.75,-0.0153100656523,-0.00195466811735,0.00408467640012
45.8,-0.0151825342068,-0.00194809497276,0.00405812755454
45.85,-0.0150559595826,-0.00194156207481,0.00402785830349
45.9,-0.014930179749,-0.00193512289625,0.00399495957708
45.95,-0.0148051360851,-0.00192884271152,0.00396025530036
46.0,-0.0146807905022,-0.00192266600521,0.00392636426526
46.05,-0.0145571606462,-0.00191659014949,0.00396555456083
46.1,-0.0144357397778,-0.00191016307823,0.0039852801043
46.15,-0.0143160729641,-0.00190344542788,0.00399175174261
46.2,-0.0141978516806,-0.00189654530045,0.0040720006674
46.25,-0.0140825074261,-0.00188901832198,0.00412178806298
46.3,-0.0139693515043,-0.00188099622965,0.00415113715041
46.35,-0.0138579238405,-0.00187270914436,0.00421395903079
46.4,-0.0137488222943,-0.00186389467629,0.00425000769712
46.45,-0.0136414674916,-0.00185476668734,0.00426578863483
46.5,-0.0135354300133,-0.00184548278059,0.00426587582244
46.55,-0.0134303877395,-0.00183614798883,0.00424553689692
46.6,-0.0133259457656,-0.00182692173054,0.00421966642871
46.65,-0.0132220021183,-0.00181783017205,0.00424425627704
46.7,-0.0131194736155,-0.00180853194813,0.0042497982075
46.75,-0.0130179844079,-0.00179915530044,0.00424113557397
46.8,-0.0129172620418,-0.00178980858852,0.00422197924009
46.85,-0.0128171776663,-0.00178056696406,0.00419516668692
46.9,-0.0127175308929,-0.00177147456655,0.00416595142569
46.95,-0.0126182850419,-0.00176255827795,0.0041706413995
47.0,-0.0125200252772,-0.00175357134778,0.00423641510194
47.05,-0.0124237680861,-0.00174411773668,0.00426972186496
47.1,-0.0123289089045,-0.00173440461427,0.00428193612954
47.15,-0.0122350627544,-0.00172462833719,0.00427785199487
47.2,-0.0121419410493,-0.00171482756122,0.00425812421521
47.25,-0.0120492811596,-0.00170521368244,0.00423019983166
47.3,-0.0119569519476,-0.00169572616716,0.00419610212113
47.35,-0.0118648618868,-0.00168650257734,0.00415399284277
47.4,-0.011772895095,-0.00167750854013,0.00410943454794
47.45,-0.0116810280065,-0.00166882443764,0.00406340868533
47.5,-0.0115892542992,-0.00166039370835,0.00401664511632
47.55,-0.0114975788086,-0.00165227796366,0.00396969582363
47.6,-0.0114060153866,-0.00164440278665,0.00392259326712
47.65,-0.0113145774281,-0.00163685099671,0.00387223806198
47.7,-0.0112232319908,-0.00162954250302,0.00382283986613
47.75,-0.0111320102888,-0.00162256165654,0.00377450876852
47.8,-0.0110409433189,-0.00161582449139,0.00372731202166
47.85,-0.0109501173416,-0.00160933989316,0.00368129098847
47.9,-0.0108595067011,-0.00160313176552,0.0036362565875
47.95,-0.0107691380761,-0.00159713221848,0.0035883212976
48.0,-0.0106789818393,-0.00159140097316,0.00353457873247
48.05,-0.0105889687496,-0.00158596615546,0.00348262311056
48.1,-0.0104991391699,-0.00158077636273,0.00343235282836
48.15,-0.0104095302142,-0.00157584271855,0.00338368573725
48.2,-0.0103201760312,-0.00157117958012,0.0033365411238
48.25,-0.010231108513,-0.00156672711884,0.00329084204378
48.3,-0.0101423570657,-0.00156247609188,0.00324651449888
48.35,-0.0100539488138,-0.0015584406529,0.00320349460681
48.4,-0.00996590862513,-0.00155462106126,0.00316171611047
48.45,-0.00987825965244,-0.00155097482588,0.00312112288266
48.5,-0.00979102320509,-0.00154749439237,0.00308166215215
48.55,-0.00970421892951,-0.00154417253131,0.00304328194362
48.6,-0.00961786488904,-0.00154102088726,0.00300592372856
48.65,-0.00953197739796,-0.001538036731,0.00296954401588
48.7,-0.00944657163657,-0.00153518923511,0.00293409794254
48.75,-0.00936166143336,-0.00153247253209,0.00289954285227
48.8,-0.00927725939565,-0.00152988102954,0.00286833336477
48.85,-0.00919345324333,-0.0015273939428,0.00286170240083
48.9,-0.00911049129857,-0.00152485902295,0.00284966964739
48.95,-0.00902829708879,-0.00152233232669,0.0028336425814
49.0,-0.00894681401808,-0.00151983029829,0.00281721832675
49.05,-0.0088660302138,-0.00151734416103,0.00282099323893
49.1,-0.00878617273587,-0.00151475106216,0.00281748505645
49.15,-0.00870714200475,-0.00151209738142,0.00281062385747
49.2,-0.00862888756317,-0.00150940503519,0.00283172177422
49.25,-0.00855171347932,-0.00150650370818,0.00284357430961
49.3,-0.0084754939436,-0.00150348229561,0.00287962634159
49.35,-0.0084004775646,-0.00150018127642,0.00290292002869
49.4,-0.00832649673591,-0.00149666895264,0.00294208135946
49.45,-0.00825370086323,-0.00149285592927,0.00296540524859
49.5,-0.00818189212752,-0.00148883723244,0.00297669649178
49.55,-0.00811092224904,-0.00148474304505,0.00297888968168
49.6,-0.00804068032368,-0.00148057933996,0.00297425166961
49.65,-0.007971084417,-0.00147638439729,0.00296452610777
49.7,-0.00790207412315,-0.00147218959221,0.00295104515785
49.75,-0.00783360531438,-0.00146807677844,0.00293483145196
49.8,-0.0077656458961,-0.00146400507262,0.00291650097875
49.85,-0.00769821015655,-0.00145998616584,0.00289369280871
49.9,-0.00763121217856,-0.00145604709709,0.00287014258811
49.95,-0.00756464410267,-0.00145224275994,0.00284617866388
50.0,-0.00749850135691,-0.00144852881568,0.00282406792779
50.05,-0.00743280165803,-0.00144488992606,0.00282282255091
50.1,-0.00736774317719,-0.00144120350636,0.00281552072792
50.15,-0.00730325992906,-0.00143753205859,0.00280352214018
50.2,-0.00723930146462,-0.00143390440895,0.00278524875815
50.25,-0.00717580512976,-0.00143033107629,0.00276457011109
50.3,-0.00711274662368,-0.0014268263795,0.00273942305851
50.35,-0.00705008391064,-0.00142341660659,0.002713281515
50.4,-0.00698780819461,-0.00142014797781,0.00268374950253
50.45,-0.00692588946357,-0.00141700385084,0.00265611729042
50.5,-0.0068643461465,-0.00141396734237,0.00265618134949
50.55,-0.00680342203965,-0.00141087844256,0.00264933520527
50.6,-0.00674304844949,-0.00140777806932,0.00263737029384
50.65,-0.00668317517453,-0.00140472171488,0.00262166257648
50.7,-0.00662376584998,-0.00140172306592,0.0026032625186
50.75,-0.00656479472754,-0.00139878047219,0.00258296698665
50.8,-0.00650624378607,-0.0013959049774,0.0025613838238
50.85,-0.00644813301785,-0.00139310407997,0.00253897117314
50.9,-0.00639042155237,-0.00139038264035,0.00251607464884
50.95,-0.0063331045201,-0.00138777625302,0.00249407324288
51.0,-0.00627618821362,-0.00138525295399,0.00251622730711
51.05,-0.00622002424214,-0.00138255588958,0.00252417172407
51.1,-0.00616448543415,-0.00137976735244,0.0025236486368
51.15,-0.00610949542207,-0.00137693651312,0.00251680365615
51.2,-0.00605499790579,-0.0013741000528,0.00250528378392
51.25,-0.00600095173433,-0.00137131538041,0.00249180868783
51.3,-0.00594733815139,-0.00136857130899,0.00250989625274
51.35,-0.00589439194188,-0.00136568348864,0.00251734813739
51.4,-0.00584202139225,-0.0013627130131,0.00251680179942
51.45,-0.00579015843605,-0.0013597057791,0.00251009880513
51.5,-0.00573875153364,-0.00135670705707,0.00249629714043
51.55,-0.00568774452531,-0.00135377827927,0.00247943511228
51.6,-0.00563711287041,-0.00135090497063,0.00246040304729
51.65,-0.00558683940482,-0.00134809927457,0.00243988087523
51.7,-0.00553691247841,-0.0013453694935,0.00241838515674
51.75,-0.00548732451952,-0.00134272100884,0.00239630087607
51.8,-0.00543807090583,-0.0013401737407,0.00237392048672
51.85,-0.00538917603494,-0.00133772890709,0.00235146015463
51.9,-0.00534061150633,-0.00133536908922,0.00232907953119
51.95,-0.00529237744059,-0.00133309371073,0.00230659327622
52.0,-0.00524447265242,-0.00133090320511,0.00228183967342
52.05,-0.00519688165585,-0.00132880987918,0.00225758728597
52.1,-0.00514960775882,-0.00132681070883,0.00223385161321
52.15,-0.00510265416097,-0.00132490258968,0.00221064231233
52.2,-0.00505602391691,-0.00132310292161,0.00218796328412
52.25,-0.00500971984928,-0.00132138855338,0.00216557746337
52.3,-0.00496374316793,-0.00131975574958,0.00214118322696
52.35,-0.00491808052905,-0.00131821521096,0.0021174339483
52.4,-0.00487273559446,-0.00131676310924,0.00209430071519
52.45,-0.00482771161744,-0.00131539697288,0.00207175402433
52.5,-0.00478301145462,-0.00131411529384,0.00204977416102
52.55,-0.00473863764087,-0.00131291156096,0.00202833405051
52.6,-0.00469459236434,-0.00131178258284,0.0020074063024
52.65,-0.00465087747553,-0.00131072533342,0.00198696891402
52.7,-0.00460749453342,-0.00130973692236,0.00196700283932
52.75,-0.00456444483493,-0.00130881457875,0.00194748644146
52.8,-0.00452172941096,-0.00130795566519,0.00192840536471
52.85,-0.00447937146518,-0.00130715763766,0.00190973893443
52.9,-0.00443734872197,-0.00130641810447,0.00189147048692
52.95,-0.00439566155926,-0.0013057347542,0.00187358216807
53.0,-0.00435431015008,-0.00130510538705,0.00185606444588
53.05,-0.00431329451739,-0.00130452786895,0.00183890065461
53.1,-0.00427261450129,-0.00130400017044,0.00182207337618
53.15,-0.00423226976311,-0.00130352037023,0.00180556962896
53.2,-0.00419225981718,-0.00130308663036,0.00178937871267
53.25,-0.00415258404952,-0.00130269718334,0.00177348719359
53.3,-0.00411324170906,-0.00130235034674,0.00175788790357
53.35,-0.00407423194651,-0.00130204448841,0.00174256759135
53.4,-0.00403555378725,-0.00130177805958,0.00172751624969
53.45,-0.00399720615376,-0.00130154957654,0.00171272257237
53.5,-0.00395918786376,-0.00130135762729,0.00169818257442
53.55,-0.00392149767197,-0.00130120083116,0.00168388549744
53.6,-0.00388413423914,-0.00130107787557,0.00166981963055
53.65,-0.00384709613196,-0.00130098752081,0.00165597707784
53.7,-0.0038103818463,-0.00130092857856,0.0016423518143
53.75,-0.0037739898198,-0.00130089990135,0.00162893510095
53.8,-0.0037379184217,-0.0013009003971,0.00161572375237
53.85,-0.00370218448451,-0.00130092899835,0.00160270881722
53.9,-0.00366676738368,-0.00130098471375,0.00158988420626
53.95,-0.0036316653455,-0.00130106657102,0.00157724239998
54.0,-0.0035968765451,-0.00130117781037,0.0015647824623
54.05,-0.00356239913558,-0.00130131349125,0.00155249709697
54.1,-0.00352823122786,-0.0013014726158,0.00154037796779
54.15,-0.00349437088489,-0.00130165436702,0.00152842011596
54.2,-0.00346081613944,-0.00130185796003,0.00151662018663
54.25,-0.00342756500292,-0.00130208263304,0.00150497220545
54.3,-0.00339461545546,-0.00130232766142,0.001493475216
54.35,-0.00336196546958,-0.00130259233011,0.00148212283671
54.4,-0.00332961298765,-0.00130287596304,0.00147091116894
54.45,-0.00329755593449,-0.00130317790925,0.00145983496033
54.5,-0.00326579221298,-0.00130349755001,0.00144889496159
54.55,-0.00323431973076,-0.00130383426608,0.00143808594898
54.6,-0.00320313637567,-0.00130419812848,0.00142740166369
54.65,-0.00317223999362,-0.00130458049516,0.00141683896666
54.7,-0.0031416284511,-0.00130497853952,0.00140639602947
54.75,-0.00311129960381,-0.00130539173536,0.00139606856416
54.8,-0.00308125129647,-0.00130581958266,0.00138585687235
54.85,-0.00305149663202,-0.00130626158224,0.00137575616843
54.9,-0.00302201788039,-0.00130671728023,0.00136576395392
54.95,-0.00299281288697,-0.00130718622148,0.00135587637273
55.0,-0.00296387949118,-0.00130766797399,0.00134609509206
55.05,-0.0029352155484,-0.00130816209855,0.00133641618911
55.1,-0.00290681890866,-0.00130866817937,0.00132683472942
55.15,-0.00287868741383,-0.00130918582932,0.00131734856323
55.2,-0.00285081890899,-0.00130971467449,0.00130795681805
55.25,-0.00282321124766,-0.00131025434708,0.00129865626652
55.3,-0.0027958622834,-0.00131080869807,0.0012894479123
55.35,-0.00276876987097,-0.00131138542353,0.00128032805106
55.4,-0.00274193188236,-0.00131197212477,0.00127129496145
55.45,-0.00271534619324,-0.00131256847509,0.00126234568243
55.5,-0.00268901068207,-0.00131317705472,0.00125348236406
55.55,-0.00266292324632,-0.00131379610733,0.00124470193672
55.6,-0.00263708178726,-0.0013144238883,0.00123600035442
55.65,-0.00261148420713,-0.0013150601181,0.00122737613165
55.7,-0.00258612841747,-0.00131570452591,0.00121882894916
55.75,-0.00256101234323,-0.00131635684314,0.00121035627216
55.8,-0.00253613391547,-0.00131701681559,0.00120195948606
55.85,-0.00817828322952,-0.00139784060543,0.00119363552015
55.9,-0.0134454037118,-0.00148593177652,0.00119919035959
55.95,-0.0183371660621,-0.00158146519791,0.00121704516552
56.0,-0.0228618498532,-0.00168490876299,0.00124571292558
56.05,-0.0270276663014,-0.00179728145862,0.00128380432034
56.1,-0.0308466699771,-0.00191825852087,0.00133002780273
56.15,-0.0343326621004,-0.00204898200559,0.0013831907849
56.2,-0.0374996235784,-0.00218970371605,0.00144220293712
56.25,-0.0403646568373,-0.00234052181536,0.00150605919633
56.3,-0.0429423295943,-0.00250236295853,0.00157385620164
56.35,-0.045251108672,-0.0026747823552,0.00164476666833
56.4,-0.0473058616444,-0.00285867434562,0.00171804953045
56.45,-0.0491244352971,-0.0030541935498,0.00179303956456
56.5,-0.0507219773723,-0.00326100272854,0.00186914695593
56.55,-0.0521146317944,-0.00347999894558,0.00194584533936
56.6,-0.0533173030362,-0.00371053400084,0.00202266335947
56.65,-0.054344258873,-0.00395302695945,0.00209919625611
56.7,-0.0552096407952,-0.00420755306563,0.00217509008199
56.75,-0.0559258485599,-0.00447328921818,0.00225003573253
56.8,-0.0551199684494,-0.00462692918242,0.00232377177185
56.85,-0.0538420607335,-0.00477800043182,0.00239307217145
56.9,-0.052614937646,-0.00492531645042,0.00245718392368
56.95,-0.0514359669511,-0.00506891864721,0.00251640315812
57.0,-0.0503027092083,-0.00520853524218,0.0025710137276
57.05,-0.049212835117,-0.00534417359421,0.00262127679942
57.1,-0.0481641521857,-0.00547581828134,0.00266743520696
57.15,-0.0471545961413,-0.00560344490705,0.00270972200136
57.2,-0.0461822233103,-0.00572701629012,0.00274835889744
57.25,-0.0452452033676,-0.00584648370281,0.00278354961254
57.3,-0.0443418119541,-0.00596191437383,0.00281549452042
57.35,-0.043470450526,-0.00607339404063,0.00284436920843
57.4,-0.0426295540516,-0.00618093076803,0.00287034980947
57.45,-0.0418176996174,-0.00628452662855,0.00289359285376
57.5,-0.0410335170982,-0.00638433009148,0.00291426047449
57.55,-0.0402756888026,-0.00648045885907,0.0029324970402
57.6,-0.0395430150884,-0.00657291181584,0.00294843042405
57.65,-0.0388343387235,-0.00666177758225,0.00296218943573
57.7,-0.0381485649865,-0.0067472347068,0.00297389843504
57.75,-0.0374846756492,-0.0068293221154,0.00298366747531
57.8,-0.0368416688852,-0.00690808630343,0.0029916144256
57.85,-0.0362187974907,-0.00698360378638,0.00299783762182
57.9,-0.035615008365,-0.00705619044905,0.00300243262839
57.95,-0.035029447542,-0.00712564136135,0.00300549073976
58.0,-0.0344613258908,-0.00719236419073,0.00300710767596
58.05,-0.0339099050815,-0.00725616833099,0.00300736088388
58.1,-0.0333744727692,-0.00731736888958,0.00300632223894
58.15,-0.0328543368004,-0.00737597762892,0.0030040673026
58.2,-0.0323488665241,-0.0074320366567,0.00300066717602
58.25,-0.0318574505077,-0.00748566385899,0.00299618532986
58.3,-0.0313795070982,-0.00753703571807,0.00299069137087
58.35,-0.0309144724008,-0.00758620500966,0.00298424190748
58.4,-0.030461831131,-0.00763322055742,0.00297689234289
58.45,-0.0300210828724,-0.00767816717837,0.0029686933591
58.5,-0.0295917511911,-0.0077211281247,0.0029597047354
58.55,-0.029173383068,-0.00776219049953,0.00294997129959
58.6,-0.0287655468087,-0.0078014142956,0.00293953289431
58.65,-0.0283678310655,-0.00783889103714,0.00292843287271
58.7,-0.0279798508132,-0.00787474506155,0.00291671420836
58.75,-0.0276012241797,-0.00790896807616,0.00290441425835
58.8,-0.0272315953224,-0.00794161237825,0.00289157660736
58.85,-0.0268707597998,-0.0079727265054,0.00287823217822
58.9,-0.0265182550266,-0.00800246914899,0.00286441466996
58.95,-0.0261737774268,-0.00803087198124,0.00285015238612
59.0,-0.0258370263803,-0.00805788960685,0.0028354847469
59.05,-0.0255077223577,-0.00808368061658,0.00282043691169
59.1,-0.0251856018847,-0.00810829848695,0.00280502978315
59.15,-0.0248704035926,-0.00813164663192,0.00278928970624
59.2,-0.0245618844031,-0.00815403782957,0.00277324343717
59.25,-0.0242598134394,-0.00817523979287,0.00275691122687
59.3,-0.023963964889,-0.00819550483303,0.00274032158893
59.35,-0.0236741288862,-0.00821471162511,0.00272349100886
59.4,-0.0233900990827,-0.00823304830391,0.00270643978043
59.45,-0.0231116837081,-0.00825039122421,0.00268918370109
59.5,-0.022838694397,-0.0082669741577,0.00267174895641
59.55,-0.0225709557242,-0.00828259661971,0.00265414907899
59.6,-0.0223082989857,-0.00829754974025,0.00263639461087
59.65,-0.0220505573661,-0.00831165473713,0.00261850121914
59.7,-0.0217975787271,-0.0083250121819,0.00260048522901
59.75,-0.0215492118487,-0.00833772704169,0.00258235812402
59.8,-0.0213053159337,-0.00834967584078,0.00256413841313
59.85,-0.0210658607742,-0.00836101147504,0.00254583448868
59.9,-0.0208306045147,-0.00837175904979,0.00252745853352
59.95,-0.0205994238759,-0.00838183500533,0.00250901885856
60.0,-0.0203721995653,-0.00839132241129,0.0024905333511
60.05,-0.0201488153626,-0.0084003373483,0.00247200916978
60.1,-0.0199291622994,-0.00840876293748,0.00245345056216
60.15,-0.0197131351619,-0.00841662216117,0.00243486629829
60.2,-0.019500632995,-0.0084240181376,0.00241626689305
60.25,-0.0192915569352,-0.00843096753286,0.00239765819558
60.3,-0.0190858147555,-0.00843741357112,0.00237905293715
60.35,-0.0188833173901,-0.00844337715994,0.00236045465873
60.4,-0.018683979096,-0.00844887811655,0.00234187015877
60.45,-0.0184877174571,-0.00845404834825,0.00232330345531
60.5,-0.0182944511721,-0.00845879604341,0.00230476774196
60.55,-0.0181041053153,-0.00846312845722,0.00228626582722
60.6,-0.0179166067066,-0.0084670615847,0.00226779843614
60.65,-0.0177318847117,-0.00847061064345,0.00224937058726
60.7,-0.0175498713165,-0.00847379004275,0.00223098906329
60.75,-0.0173705010895,-0.00847669809587,0.00221265624847
60.8,-0.0171937095464,-0.00847926146886,0.0021943815099
60.85,-0.0170195218609,-0.00848148910558,0.00217616551591
60.9,-0.0168477919417,-0.00848339302688,0.00215801223482
60.95,-0.0166784633811,-0.00848498434158,0.00213992310128
61.0,-0.0165114816577,-0.00848627362534,0.00212190788872
61.05,-0.0163467943824,-0.00848727080678,0.00210396725741
61.1,-0.0161843508588,-0.00848798535197,0.00208609993938
61.15,-0.0160241019441,-0.00848842632131,0.00206830871376
61.2,-0.0158660001401,-0.00848863121931,0.00205059807045
61.25,-0.0157099990602,-0.00848859332369,0.00203296860672
61.3,-0.0155560545411,-0.00848830266078,0.00201542716355
61.35,-0.0154041237983,-0.00848776799403,0.00199797293681
61.4,-0.0152541652955,-0.0084870085749,0.00198060807037
61.45,-0.0151061387263,-0.00848601772423,0.00196333254408
61.5,-0.0149600050718,-0.00848480190966,0.00194615403979
61.55,-0.0148157267253,-0.00848337317865,0.00192907193974
61.6,-0.0146732671045,-0.00848173856397,0.00191208392424
61.65,-0.0145325905888,-0.00847989651241,0.00189519144113
61.7,-0.0143936626707,-0.0084778523694,0.00187839755121
61.75,-0.014256449919,-0.00847561120681,0.00186170173841
61.8,-0.0141209198174,-0.00847317789553,0.00184510934143
61.85,-0.0139871108265,-0.00847055701697,0.00182861871773
61.9,-0.0138549205603,-0.00846775322865,0.00181223102229
61.95,-0.0137243193038,-0.00846477074574,0.00179594539947
62.0,-0.0135952781109,-0.00846161362869,0.00177976808763
62.05,-0.0134677690053,-0.00845828567138,0.00176369776937
62.1,-0.0133417647028,-0.00845479053794,0.00174773160217
62.15,-0.0132172385416,-0.00845113179563,0.00173187022003
62.2,-0.0130941645708,-0.00844731286255,0.00171611576686
62.25,-0.0129725175718,-0.00844333698897,0.00170046714742
62.3,-0.0128522729342,-0.00843920731886,0.00168492864124
62.35,-0.0127334067976,-0.00843492680464,0.00166949817792
62.4,-0.0126158958348,-0.00843049832103,0.00165417621415
62.45,-0.0124997173108,-0.00842592462716,0.00163896145055
62.5,-0.0123848490113,-0.00842120840151,0.00162385908301
62.55,-0.0122712694163,-0.00841635213608,0.00160886743334
62.6,-0.0121589574759,-0.00841135825837,0.00159398345303
62.65,-0.0120478925583,-0.0084062291588,0.00157920728384
62.7,-0.011938054529,-0.00840100071258,0.00156454046181
62.75,-0.011829423363,-0.00839564831157,0.00154998163872
62.8,-0.0117219800612,-0.00839016940489,0.00153553430498
62.85,-0.0116157640264,-0.00838456596842,0.00152119620337
62.9,-0.0115106975079,-0.00837885168428,0.00150696743404
62.95,-0.0114067626275,-0.00837302001761,0.00149284647685
63.0,-0.0113039419219,-0.00836706970127,0.00147883773445
63.05,-0.0112022184589,-0.00836100439599,0.00146493935904
63.1,-0.0111015756285,-0.00835483481446,0.00145114826908
63.15,-0.011001997067,-0.00834855164038,0.00143746430505
63.2,-0.0109034668312,-0.00834215648358,0.00142388857961
63.25,-0.0108059693616,-0.00833565088227,0.00141041954334
63.3,-0.0107094894035,-0.0083290478387,0.00139706012858
63.35,-0.0106140117498,-0.0083223871425,0.00138380807123
63.4,-0.0105195218855,-0.00831562209946,0.00137066317046
63.45,-0.0104260055494,-0.00830875405287,0.00135762379918
63.5,-0.0103334487496,-0.00830178433066,0.0013446937297
63.55,-0.0102418378874,-0.00829471415465,0.00133187106011
63.6,-0.0101511596089,-0.00828754473889,0.00131915277346
63.65,-0.0100614007741,-0.00828027731001,0.001306538511
63.7,-0.00997254851442,-0.00827291306283,0.00129402908359
63.75,-0.00988459025379,-0.00826545314137,0.00128162288921
63.8,-0.00979751364441,-0.0082579613842,0.00126932240416
63.85,-0.0097113545606,-0.00825038929786,0.00125712542747
63.9,-0.00962605181925,-0.00824272652227,0.00124503159688
63.95,-0.0095415938606,-0.00823497407323,0.00123303926133
64.0,-0.00945796932782,-0.00822713296365,0.00122115167859
64.05,-0.00937516717021,-0.00821920411969,0.00120936695843
64.1,-0.00929317652176,-0.00821118847019,0.00119768220336
64.15,-0.00921198667615,-0.00820308696484,0.00118609693418
64.2,-0.00913158713595,-0.00819497187538,0.00117461173788
64.25,-0.00905196697158,-0.00818678700066,0.00116322509996
64.3,-0.00897311640541,-0.00817852040752,0.0011519390863
64.35,-0.00889502559703,-0.00817017290917,0.00114075148912
64.4,-0.00881768485752,-0.00816175224896,0.00112966185533
64.45,-0.00874108465457,-0.00815325967595,0.00111866856264
64.5,-0.00866521561225,-0.00814468867059,0.00110777444558
64.55,-0.00859006862756,-0.00813609714879,0.00109697766814
64.6,-0.0085156341504,-0.00812747514135,0.00108627556011
64.65,-0.00844190354314,-0.0081187802069,0.00107566754637
64.7,-0.00836886813469,-0.00811001117935,0.0010651540471
64.75,-0.00829651943918,-0.00810116876921,0.00105473350241
64.8,-0.00822484910605,-0.00809225369167,0.00104440771521
64.85,-0.00815388972998,-0.00808326660813,0.00103417458063
64.9,-0.00808359162915,-0.00807429716398,0.001024033607
64.95,-0.00801394623829,-0.00806526791384,0.00101398331097
65.0,-0.00794494615446,-0.00805617003942,0.00100402611713
65.05,-0.00787658382887,-0.00804700413235,0.000994160266752
65.1,-0.00780885182288,-0.00803777079432,0.000984383179117
65.15,-0.00774174279161,-0.00802847065188,0.00097469426666
65.2,-0.00767524951804,-0.00801916077692,0.000965093823104
65.25,-0.00760936436707,-0.00800983316944,0.000955580423725
65.3,-0.00754408058135,-0.00800044173029,0.000946155592642
65.35,-0.00747939135622,-0.00799098700082,0.000936817342399
65.4,-0.00741528997776,-0.00798146953806,0.000927565131273
65.45,-0.00735176984584,-0.00797188988955,0.000918397459284
65.5,-0.00728882445552,-0.00796229770852,0.000909316489437
65.55,-0.00722644693811,-0.00795270393885,0.000900320625779
65.6,-0.00716463120673,-0.00794305065129,0.000891407439741
65.65,-0.00710337108063,-0.00793333837022,0.000882576331147
65.7,-0.00704266048003,-0.00792356761266,0.000873827499614
65.75,-0.00698249343642,-0.00791373887418,0.000865159525213
65.8,-0.00692286406422,-0.00790391635978,0.000856573749904
65.85,-0.0068638003579,-0.00789408568188,0.000848068385752
65.9,-0.00680526181582,-0.00788420214176,0.000839642869836
65.95,-0.00674724285643,-0.00787427496291,0.000831295786505
66.0,-0.0066897379465,-0.0078642933666,0.000823029040567
66.05,-0.0066327417111,-0.0078542577694,0.000814841070781
66.1,-0.00657624884275,-0.00784427269751,0.000806729645627
66.15,-0.00652025344551,-0.00783425866682,0.000798694254467
66.2,-0.00646475063937,-0.00782419297621,0.000790734989645
66.25,-0.00640973535418,-0.00781407604498,0.000782850515795
66.3,-0.00635520258482,-0.00780390830016,0.00077504199799
66.35,-0.0063011474255,-0.00779372014235,0.000767307706366
66.4,-0.00624756461181,-0.00778357024896,0.000759647152233
66.45,-0.00619444946274,-0.00777337169443,0.000752058997959
66.5,-0.00614179726962,-0.00776312488006,0.000744544919227
66.55,-0.0060896034225,-0.00775283016174,0.000737103461686
66.6,-0.00603786336473,-0.00774248790606,0.000729732565867
66.65,-0.00598657258414,-0.00773219042474,0.000722431653789
66.7,-0.0059357260697,-0.00772187544961,0.000715200878422
66.75,-0.00588531970543,-0.00771151499268,0.000708038961464
66.8,-0.00583534917628,-0.00770110942382,0.000700946919977
66.85,-0.00578583916204,-0.00769065907998,0.000693923153988
66.9,-0.00573675596366,-0.007680208457,0.000686967147596
66.95,-0.0056880950384,-0.00766979273048,0.000680077723877
67.0,-0.00563985243573,-0.00765933426273,0.000673256349661
67.05,-0.00559202417022,-0.00764883336094,0.000666501677554
67.1,-0.00554460629873,-0.00763829034262,0.00065981181395
67.15,-0.00549759491315,-0.00762770854744,0.000653186205626
67.2,-0.00545098585058,-0.00761720672237,0.000646624934666
67.25,-0.0054047753286,-0.00760666462199,0.000640126845168
67.3,-0.00535895959887,-0.00759608256955,0.000633692828389
67.35,-0.00531353497757,-0.00758546085898,0.000627321410555
67.4,-0.0052684978161,-0.00757479979776,0.000621012089875
67.45,-0.00522384451191,-0.00756420450174,0.00061476372701
67.5,-0.00517957097524,-0.00755360544662,0.000608577707516
67.55,-0.00513567393199,-0.00754296876485,0.000602452760925
67.6,-0.00509214992756,-0.00753229757141,0.000596387152129
67.65,-0.0050489955293,-0.00752159818344,0.000590380359019
67.7,-0.00500620733317,-0.00751092618102,0.000584432399543
67.75,-0.00496378158672,-0.0075002812559,0.000578542264405
67.8,-0.00492171513892,-0.00748960096016,0.00057271071888
67.85,-0.00488002913632,-0.00747888555531,0.000566936410492
67.9,-0.00483869548895,-0.00746813540486,0.000561218872596
67.95,-0.00479771103019,-0.00745738964695,0.00055555705575
68.0,-0.00475707227858,-0.00744669938359,0.000549952175899
68.05,-0.0047167762432,-0.00743597592495,0.000544403081071
68.1,-0.0046768198782,-0.00742521952158,0.000538908185304
68.15,-0.0046372001607,-0.00741443044165,0.000533466998436
68.2,-0.00459791410168,-0.00740362558099,0.000528079517264
68.25,-0.00455895846294,-0.0073929012498,0.000522744801876
68.3,-0.00452033036373,-0.00738214575942,0.000517463540302
68.35,-0.00448202693296,-0.00737135934549,0.000512234494974
68.4,-0.00444404532307,-0.00736054225552,0.000507057222901
68.45,-0.00440638271744,-0.00734969473449,0.000501930761522
68.5,-0.00436903632492,-0.00733894316124,0.000496856153788
68.55,-0.00433200292069,-0.00732816612973,0.000491832420331
68.6,-0.00429528003142,-0.00731736008125,0.000486858082733
68.65,-0.00425886496086,-0.00730652526095,0.000481932685247
68.7,-0.00422275504099,-0.00729566191229,0.000477056212402
68.75,-0.00418694763549,-0.00728487856962,0.000472227768294
68.8,-0.00415143970656,-0.00727408992195,0.000467448024625
68.85,-0.00411624945473,-0.00726327412421,0.00046271582537
68.9,-0.00408135335467,-0.00725243148007,0.000458030763961
68.95,-0.00404674889027,-0.00724156950318,0.000453391959737
69.0,-0.00401243355427,-0.00723077781412,0.000448800345557
69.05,-0.00397840450318,-0.00721999998052,0.00044425502037
69.1,-0.00394465946639,-0.0072091968526,0.000439754646239
69.15,-0.00391119603025,-0.00719837915479,0.000435298801369
69.2,-0.00387801178748,-0.00718753730315,0.000430887464259
69.25,-0.00384510437423,-0.00717674536797,0.000426519816216
69.3,-0.00381247111501,-0.00716598597717,0.000422196447871
69.35,-0.00378010982852,-0.00715520303692,0.000417916313303
69.4,-0.00374801822632,-0.00714439675824,0.000413679032045
69.45,-0.00371619404189,-0.00713356735048,0.000409483800304
69.5,-0.003684635027,-0.00712277245561,0.00040533145086
69.55,-0.00365333867348,-0.00711202888646,0.000401221154521
69.6,-0.00362230287901,-0.00710126341414,0.000397151702362
69.65,-0.00359152546438,-0.00709047624985,0.000393122705968
69.7,-0.0035610042706,-0.00707966760377,0.000389134136535
69.75,-0.00353073716137,-0.00706887717312,0.000385185247595
69.8,-0.00350072176655,-0.00705815753179,0.000381276559231
69.85,-0.00347097340537,-0.00704741760934,0.000377407127323
69.9,-0.00344147232227,-0.0070366576687,0.000373576605251
69.95,-0.00341221646961,-0.00702587790624,0.000369784260702
70.0,-0.00338320381556,-0.00701509878892,0.000366030839422
70.05,-0.00335443214252,-0.00700441107821,0.000362315579867
70.1,-0.0033258994951,-0.00699370469387,0.000358637391578
70.15,-0.0032976039013,-0.0069829798344,0.000354995917998
70.2,-0.00326954340652,-0.00697223669746,0.000351391127466
70.25,-0.00324171607565,-0.00696147547396,0.000347822340446
70.3,-0.00321411998829,-0.00695082592265,0.000344289990535
70.35,-0.00318675290107,-0.00694016040733,0.000340793275172
70.4,-0.00315961311158,-0.00692947792798,0.000337331849178
70.45,-0.00313269875705,-0.0069187819697,0.000333905046537
70.5,-0.00310600798441,-0.00690807821539,0.000330513536564
70.55,-0.00307953895617,-0.00689746411955,0.000327156602672
70.6,-0.00305328956078,-0.00688685856006,0.000323833300936
70.65,-0.00302725814051,-0.00687624430147,0.000320543286206
70.7,-0.0030014429066,-0.00686561862408,0.000317286526782
70.75,-0.00297584209119,-0.0068549778373,0.000314062405562
70.8,-0.00295045394445,-0.00684440203995,0.000310871309954
70.85,-0.00292529110208,-0.00683386178155,0.000307712503508
70.9,-0.00290033704896,-0.00682330752395,0.000304585681234
70.95,-0.00287559009044,-0.00681273944394,0.000301490237866
71.0,-0.00285104854418,-0.0068021577231,0.000298426773393
71.05,-0.00282671074712,-0.00679161328969,0.00029539463578
71.1,-0.00280257484105,-0.00678113426671,0.000292392960764
71.15,-0.00277863924999,-0.00677064261453,0.000289421442012
71.2,-0.00275490235146,-0.00676013851117,0.000286480046488
71.25,-0.00273136253776,-0.00674962212918,0.000283568213198
71.3,-0.00270801821285,-0.00673911192943,0.000280686288796
71.35,-0.00268486763652,-0.0067287001666,0.000277833596208
71.4,-0.00266190926543,-0.00671827711645,0.000275009864345
71.45,-0.00263914154843,-0.00670784294796,0.000272214543951
71.5,-0.0026165629455,-0.00669739783443,0.000269448174042
71.55,-0.00259417193338,-0.00668694193341,0.000266710163314
71.6,-0.00257196699933,-0.00667658492224,0.000263999703265
71.65,-0.00254994639427,-0.00666623614183,0.000261316556786
71.7,-0.00252810874831,-0.00665587753855,0.000258660675516
71.75,-0.00250645258805,-0.00664550927731,0.000256031550575
71.8,-0.00248497645059,-0.00663513152687,0.000253429492639
71.85,-0.00246369119996,-0.00662481310201,0.000250853868193
71.9,-0.00244258265665,-0.00661454405767,0.000248304461846
71.95,-0.0024216494713,-0.00660426649279,0.000245780765823
72.0,-0.00240089023485,-0.00659399175179,0.000243283264629
72.05,-0.00238030354217,-0.00658370916766,0.000240811423801
72.1,-0.00235988800849,-0.00657344211566,0.000238364511313
72.15,-0.00233964211733,-0.00656327304203,0.0002359422999
72.2,-0.00231956452752,-0.00655310346577,0.000233544755706
72.25,-0.00229965388382,-0.00654292676778,0.000231171418177
72.3,-0.002279908847,-0.00653274310773,0.000228822565878
72.35,-0.00226032809062,-0.00652255263513,0.000226497624946
72.4,-0.00224091029705,-0.00651245395152,0.00022419637343
72.45,-0.00222165396031,-0.0065023755218,0.00022191838804
72.5,-0.00220255787635,-0.00649229114772,0.000219664092047
72.55,-0.00218362076397,-0.00648220097256,0.000217432999953
72.6,-0.00216484135068,-0.0064721051437,0.000215224449249
72.65,-0.00214621837193,-0.00646204691157,0.000213038215631
72.7,-0.00212775043157,-0.00645206411175,0.000210874289771
72.75,-0.00210943632674,-0.00644207650073,0.000208732248416
72.8,-0.00209127482572,-0.00643208423002,0.000206612341762
72.85,-0.00207327506944,-0.00642208744192,0.000204514050384
72.9,-0.00205542528722,-0.00641208632206,0.000202437173813
72.95,-0.00203772427915,-0.00640218590571,0.00020038130361
73.0,-0.00202017067152,-0.00639229938776,0.000198346858008
73.05,-0.00200276337436,-0.00638240933327,0.00019633338536
73.1,-0.00198550121921,-0.00637251588142,0.000194340286286
73.15,-0.00196838304494,-0.00636261917801,0.000192367357099
73.2,-0.00195140769929,-0.00635275763522,0.00019041457045
73.25,-0.00193457391772,-0.00634297617272,0.000188481565344
73.3,-0.00191788059887,-0.00633319223554,0.000186568562442
73.35,-0.00190132662149,-0.00632340595775,0.000184675091713
73.4,-0.00188491087181,-0.00631361747781,0.000182800970082
73.45,-0.0018686322445,-0.00630382693338,0.000180945827829
73.5,-0.00185248964198,-0.00629412756525,0.000179110018725
73.55,-0.00183648182332,-0.0062844643658,0.00017729316707
73.6,-0.00182060777306,-0.00627479984573,0.000175494722195
73.65,-0.00180486642163,-0.0062651344367,0.000173714499313
73.7,-0.00178925670733,-0.00625547739896,0.000171952472936
73.75,-0.00177377757069,-0.00624582652801,0.000170208301783
73.8,-0.00175842788025,-0.00623628619622,0.000168482200691
73.85,-0.00174321531963,-0.00622674553499,0.000166773743735
73.9,-0.00172812998553,-0.00621720470574,0.000165082765671
73.95,-0.00171317086191,-0.00620766383672,0.000163408931842
74.0,-0.00169833693985,-0.00619812305848,0.00016175256098
74.05,-0.0016836272196,-0.0061886217688,0.000160113293572
74.1,-0.00166904060685,-0.00617919845725,0.000158490654125
74.15,-0.00165457614411,-0.00616977590196,0.000156884471396
74.2,-0.00164023285503,-0.00616035422953,0.000155294721711
74.25,-0.00162600977099,-0.00615093356335,0.000153721095416
74.3,-0.00161190593017,-0.00614151402884,0.000152163775002
74.35,-0.00159792037905,-0.00613215846497,0.00015062237628
74.4,-0.00158405206128,-0.0061228569174,0.000149096764604
74.45,-0.00157030007906,-0.00611355713691,0.000147586631657
74.5,-0.00155666350155,-0.0061042592448,0.000146092264866
74.55,-0.00154314140616,-0.00609496335368,0.000144613339128
74.6,-0.00152973287667,-0.00608566957859,0.000143149411623
74.65,-0.00151643700283,-0.00607645523088,0.000141700330978
74.7,-0.00150325277059,-0.0060672797627,0.000140266091504
74.75,-0.00149017933214,-0.00605810702178,0.000138846406606
74.8,-0.00147721579986,-0.00604893712406,0.000137441440763
74.85,-0.00146436861188,-0.00603977017921,0.000136050846638
74.9,-0.00145162943715,-0.0060306063265,0.000134674488877
74.95,-0.00143899741011,-0.00602152819257,0.00013331209404
75.0,-0.00142647156486,-0.00601248665943,0.000131963936943
75.05,-0.00141405109612,-0.0060034554724,0.000130629717295
75.1,-0.00140173515653,-0.00599442806466,0.000129309035312
75.15,-0.00138952290802,-0.00598540454559,0.000128001753935
75.2,-0.00137741351876,-0.00597639177174,0.000126707853503
75.25,-0.0013654061599,-0.00596746417041,0.000125427081554
75.3,-0.00135349991321,-0.00595857240989,0.000124159600829
75.35,-0.00134169401011,-0.0059496851955,0.000122905091302
75.4,-0.00132998764576,-0.00594080262962,0.0001216634299
75.45,-0.00131838002129,-0.00593192481382,0.00012043436937
75.5,-0.00130687034348,-0.00592305185113,0.00011921814403
75.55,-0.0012954578259,-0.00591424894634,0.000118014488408
75.6,-0.00128414160295,-0.0059054942228,0.000116823053117
75.65,-0.00127292093363,-0.00589674485301,0.000115643709469
75.7,-0.00126179504991,-0.0058880009357,0.000114476439542
75.75,-0.00125076318977,-0.00587926256705,0.00011332101465
75.8,-0.00123982459656,-0.00587052984448,0.000112177568919
75.85,-0.00122898466177,-0.00586184502252,0.000111045818782
75.9,-0.00121823631344,-0.00585323015474,0.00010992566348
75.95,-0.00120757883544,-0.005844621425,0.00010881687663
76.0,-0.00119701149685,-0.00583601892592,0.000107719669848
76.05,-0.00118653357289,-0.0058274227436,0.000106633803198
76.1,-0.00117614434389,-0.00581883296568,0.000105558949926
76.15,-0.00116584309503,-0.00581025932543,0.00010449499816
76.2,-0.00115562906721,-0.00580178683729,0.000103441939047
76.25,-0.00114550156241,-0.00579332119703,0.000102399565267
76.3,-0.00113545988336,-0.00578486249165,0.000101367997967
76.35,-0.0011255033384,-0.00577641080333,0.000100346980876
76.4,-0.00111563124075,-0.00576796621625,9.93364136251e-05
76.45,-0.00110584290869,-0.00575952881377,9.83360944622e-05
76.5,-0.00109613766543,-0.0057511686702,9.73462148427e-05
76.55,-0.00108651476957,-0.00574285818203,9.63665683618e-05
76.6,-0.00107697358157,-0.00573455529275,9.53968560757e-05
76.65,-0.0010675134413,-0.00572626008302,9.44369768716e-05
76.7,-0.00105813369352,-0.00571797639844,9.3486916267e-05
76.75,-0.00104883368659,-0.0057097056609,9.25464878895e-05
76.8,-0.00103961277307,-0.00570145855926,9.1615801731e-05
76.85,-0.00103047541806,-0.00569330381441,9.06946328737e-05
76.9,-0.00102141574611,-0.00568515730947,8.97828899953e-05
76.95,-0.00101243312915,-0.00567701911737,8.8880390743e-05
77.0,-0.00100352694365,-0.00566888931191,8.79873081657e-05
77.05,-0.000994696571206,-0.00566076796146,8.71034465204e-05
77.1,-0.000985941397814,-0.00565265513554,8.62285391286e-05
77.15,-0.000977260813739,-0.00564460099221,8.53624948208e-05
77.2,-0.00096865416044,-0.00563660337822,8.45053085227e-05
77.25,-0.000960120857304,-0.00562861462998,8.36568089123e-05
77.3,-0.000951660309461,-0.00562063481568,8.28170952148e-05
77.35,-0.000943271926812,-0.00561266399953,8.1985958335e-05
77.4,-0.000934955123447,-0.00560470224719,8.11633165389e-05
77.45,-0.000926709317845,-0.00559674962358,8.03490052565e-05
77.5,-0.000918533932706,-0.00558887686033,7.9543181202e-05
77.55,-0.000910428339327,-0.00558103844356,7.87456759287e-05
77.6,-0.000902391995018,-0.00557320945796,7.79562448675e-05
77.65,-0.00089442433652,-0.0055653899656,7.71748057003e-05
77.7,-0.000886524804797,-0.00555758002787,7.64013469089e-05
77.75,-0.000878692845118,-0.00554977970428,7.5635716334e-05
77.8,-0.000870927906802,-0.00554198905492,7.4878003969e-05
77.85,-0.000863233757617,-0.00553428564067,7.41280210531e-05
77.9,-0.000855605405299,-0.0055266080248,7.33857021026e-05
77.95,-0.000848042339054,-0.00551894036978,7.26508947358e-05
78.0,-0.000840544026804,-0.00551128273117,7.1923740772e-05
78.05,-0.000833109940801,-0.00550364244965,7.12040806006e-05
78.1,-0.000825739554904,-0.00549601462791,7.04916969315e-05
78.15,-0.00081843234829,-0.00548839699269,6.97865156941e-05
78.2,-0.000811187804784,-0.00548086132052,6.90885267321e-05
78.25,-0.000804005364083,-0.00547336389412,6.83975998079e-05
78.3,-0.000796884538082,-0.00546587690945,6.77138135764e-05
78.35,-0.000789824823496,-0.00545840041319,6.70369974536e-05
78.4,-0.000782825720675,-0.00545093445311,6.63670849779e-05
78.45,-0.000775886733738,-0.00544347907628,6.57039419516e-05
78.5,-0.000769007370454,-0.00543603433028,6.50476968984e-05
78.55,-0.000762187142586,-0.00542865059754,6.43982057426e-05
78.6,-0.000755425527022,-0.00542131604301,6.37552776261e-05
78.65,-0.000748722057828,-0.00541399232782,6.31188434856e-05
78.7,-0.000742076258376,-0.00540667949552,6.24888942816e-05
78.75,-0.000735487655718,-0.00539937758806,6.18653059504e-05
78.8,-0.000728955780403,-0.00539208664778,6.12481524894e-05
78.85,-0.000722483777355,-0.00538480671399,6.06372799019e-05
78.9,-0.000716067504968,-0.00537755445096,6.00326285035e-05
78.95,-0.000709706478805,-0.00537038304778,5.94340811419e-05
79.0,-0.000703400249711,-0.00536322284643,5.88417535832e-05
79.05,-0.000697148367777,-0.00535607388139,5.82555156698e-05
79.1,-0.00069095038641,-0.0053489361877,5.76751897687e-05
79.15,-0.000684805862251,-0.00534180980183,5.71007155983e-05
79.2,-0.00067871435531,-0.00533469475965,5.65320852614e-05
79.25,-0.000672675429007,-0.00532759109554,5.59691868019e-05
79.3,-0.000666688650018,-0.00532055229363,5.54120874446e-05
79.35,-0.000660753555537,-0.00531355544693,5.48606530614e-05
79.4,-0.000654869732815,-0.00530657012911,5.43148277324e-05
79.45,-0.000649036759157,-0.00529959637076,5.37745020624e-05
79.5,-0.000643254215024,-0.00529263420282,5.32397816731e-05
79.55,-0.000637521684263,-0.00528568785301,5.27105490931e-05
79.6,-0.00063183875286,-0.00527875819068,5.21866440275e-05
79.65,-0.000626205009688,-0.00527184021738,5.16680123752e-05
79.7,-0.000620620047941,-0.00526500654047,5.11546472574e-05
79.75,-0.000615083429756,-0.0052582002009,5.06464527589e-05
79.8,-0.000609594770339,-0.00525140716652,5.01434876176e-05
79.85,-0.000604156691976,-0.00524462598019,4.96456262296e-05
79.9,-0.000598765724113,-0.00523785667642,4.91528201259e-05
79.95,-0.000593421476871,-0.00523109927856,4.86649705606e-05
80.0,-0.000588123563302,-0.00522435381025,4.81821733714e-05
80.05,-0.000582871599577,-0.00521762029209,4.77043225048e-05
80.1,-0.000577665204753,-0.00521097303899,4.72312730116e-05
80.15,-0.000572503969151,-0.00520434245809,4.67629807666e-05
80.2,-0.000567387533919,-0.00519772392141,4.62994373458e-05
80.25,-0.000562315527375,-0.00519111744788,4.58405514691e-05
80.3,-0.000557287580646,-0.00518452305664,4.53863786059e-05
80.35,-0.000552303327798,-0.00517794076454,4.49368052932e-05
80.4,-0.000547362405647,-0.00517137058909,4.44917878351e-05
80.45,-0.000542464453809,-0.00516481254719,4.40512371162e-05
80.5,-0.000537609114636,-0.00515832560372,4.36152401539e-05
80.55,-0.000532796007541,-0.00515186829368,4.3183705116e-05
80.6,-0.000528024792587,-0.00514542318355,4.27564992274e-05
80.65,-0.000523295120888,-0.00513899028767,4.23335784281e-05
80.7,-0.000518606646252,-0.00513256961993,4.19149374925e-05
80.75,-0.000513959025198,-0.00512616119304,4.15004940442e-05
80.8,-0.000509351916869,-0.00511976501992,4.10902985583e-05
80.85,-0.000504787505822,-0.00511338111141,4.06842485717e-05
80.9,-0.000500262885617,-0.00510703645793,4.02823048466e-05
80.95,-0.000495777706152,-0.00510075095943,3.98843896486e-05
81.0,-0.000491331643105,-0.00509447777852,3.9490581196e-05
81.05,-0.000486924369903,-0.00508821826986,3.91007929926e-05
81.1,-0.000482555562226,-0.00508197863516,3.87149066815e-05
81.15,-0.000478224897157,-0.00507575135465,3.8332882804e-05
81.2,-0.000473932055615,-0.00506953643602,3.79547168618e-05
81.25,-0.000469676721025,-0.00506333793514,3.75803344948e-05
81.3,-0.000465458578581,-0.00505715562363,3.7209781744e-05
81.35,-0.00046127731606,-0.00505103558443,3.68429661481e-05
81.4,-0.000457132604609,-0.00504494928914,3.64798553275e-05
81.45,-0.000453024146233,-0.00503887539906,3.61203753308e-05
81.5,-0.000448951636954,-0.00503281391794,3.57645978929e-05
81.55,-0.000444914775254,-0.00502676484733,3.5412444908e-05
81.6,-0.000440913261934,-0.00502072818901,3.50638093757e-05
81.65,-0.000436946800074,-0.00501470394555,3.47186556008e-05
81.7,-0.000433015095079,-0.0050086921191,3.4376979734e-05
81.75,-0.000429117854687,-0.00500269271087,3.40387146487e-05
81.8,-0.000425254788901,-0.00499675777499,3.37039021772e-05
81.85,-0.000421427698171,-0.00499085179497,3.33724614608e-05
81.9,-0.000417634159009,-0.00498495823585,3.30443594554e-05
81.95,-0.000413873889175,-0.00497907709593,3.27195305459e-05
82.0,-0.000410146608617,-0.00497320837364,3.23980399353e-05
82.05,-0.000406452039553,-0.00496735206541,3.20798170957e-05
82.1,-0.000402789906352,-0.00496150816791,3.17647653161e-05
82.15,-0.000399159935505,-0.00495567667849,3.14528524746e-05
82.2,-0.000395561855655,-0.00494985759414,3.11440752973e-05
82.25,-0.000391995397607,-0.00494408506322,3.08383731833e-05
82.3,-0.000388460280567,-0.00493835671162,3.05357863467e-05
82.35,-0.000384956244753,-0.00493264074008,3.02362384616e-05
82.4,-0.000381483027627,-0.00492693714257,2.99397008615e-05
82.45,-0.00037804036872,-0.00492124591269,2.96461143065e-05
82.5,-0.000374628009605,-0.00491556704418,2.93555380839e-05
82.55,-0.000371245693953,-0.00490990052895,2.90679085007e-05
82.6,-0.00036789316744,-0.00490425363451,2.87831381326e-05
82.65,-0.000364570176785,-0.00489862038848,2.85011982178e-05
82.7,-0.000361276471512,-0.00489299948725,2.82220860105e-05
82.75,-0.000358011803318,-0.00488745250426,2.79457467891e-05
82.8,-0.000354775910314,-0.00488192710368,2.76722176797e-05
82.85,-0.000351570312389,-0.00487641401488,2.74014293056e-05
82.9,-0.00034839297673,-0.00487091323309,2.71333559074e-05
82.95,-0.000345243663639,-0.00486542474729,2.68679439801e-05
83.0,-0.000342122135301,-0.00485994854661,2.66052474363e-05
83.05,-0.00033902815584,-0.00485448461853,2.63452087343e-05
83.1,-0.000335961491238,-0.00484903295075,2.60877488179e-05
83.15,-0.000332921909308,-0.00484359353152,2.58328416634e-05
83.2,-0.000329909179713,-0.00483816796852,2.5580484938e-05
83.25,-0.000326923069751,-0.00483281350336,2.53306298747e-05
83.3,-0.000323963347379,-0.00482747130758,2.5083308963e-05
83.35,-0.000321029790965,-0.00482214128416,2.48384600133e-05
83.4,-0.000318122177712,-0.00481682341859,2.45960598263e-05
83.45,-0.000315240286601,-0.00481151769604,2.43560600807e-05
83.5,-0.000312383898368,-0.00480622410179,2.41185098284e-05
83.55,-0.000309552795545,-0.00480094261968,2.38833570869e-05
83.6,-0.000306746762387,-0.00479567323371,2.36505303643e-05
83.65,-0.000303965584854,-0.00479041592843,2.34200062406e-05
83.7,-0.000301209050626,-0.00478517068811,2.31917827724e-05
83.75,-0.000298476949097,-0.00477997868144,2.29658153243e-05
83.8,-0.00029576906115,-0.00477481537444,2.27421343549e-05
83.85,-0.000293086648871,-0.00476966405303,2.25206833832e-05
83.9,-0.000290428014032,-0.00476452470396,2.23014415648e-05
83.95,-0.000287792953347,-0.00475939730889,2.20843652507e-05
84.0,-0.000285181265154,-0.00475428184959,2.18694990805e-05
84.05,-0.000282592749448,-0.00474917830651,2.16567960838e-05
84.1,-0.00028002720782,-0.00474409118414,2.14461915943e-05
84.15,-0.000277484443005,-0.00473901971479,2.12376645999e-05
84.2,-0.000274964259416,-0.00473396011885,2.10312135481e-05
84.25,-0.000272466463428,-0.00472891237657,2.08267981127e-05
84.3,-0.000269990862971,-0.00472393671956,2.06244446234e-05
84.35,-0.00026753725685,-0.0047189750972,2.04241043333e-05
84.4,-0.000265105461369,-0.00471402524655,2.02257576707e-05
84.45,-0.000262695289309,-0.00470908714607,2.00293651928e-05
84.5,-0.000260306554955,-0.00470416077434,1.9834967528e-05
84.55,-0.000257939074124,-0.00469924610877,1.96425222197e-05
84.6,-0.000255592664113,-0.00469434312693,1.94519707571e-05
84.65,-0.000253267143686,-0.00468945180685,1.92632941572e-05
84.7,-0.000250962333075,-0.00468457212637,1.90764910996e-05
84.75,-0.000248678053983,-0.00467970406285,1.88915251459e-05
84.8,-0.000246414129556,-0.00467484759376,1.8708420318e-05
84.85,-0.000244171604649,-0.00467004279177,1.85271310149e-05
84.9,-0.000241949053769,-0.00466526185285,1.83476416007e-05
84.95,-0.000239746308308,-0.0046604924048,1.81699158901e-05
85.0,-0.000237563197602,-0.00465573442352,1.79939908763e-05
85.05,-0.000235399552398,-0.00465098788385,1.78198281811e-05
85.1,-0.000233255204815,-0.00464625276083,1.76473748576e-05
85.15,-0.000231129988323,-0.00464152902988,1.74766138154e-05
85.2,-0.000229023737754,-0.00463681666628,1.73075439867e-05
85.25,-0.000226936289296,-0.00463211564492,1.7140132442e-05
85.3,-0.000224867480466,-0.00462742594075,1.69744011043e-05
85.35,-0.00022281715013,-0.004622747528,1.6810308728e-05
85.4,-0.000220785138461,-0.00461808245524,1.66478401327e-05
85.45,-0.000218771283921,-0.00461347622093,1.64869636048e-05
85.5,-0.000216775427828,-0.00460888119837,1.63277130908e-05
85.55,-0.000214797415301,-0.00460429732356,1.61700537509e-05
85.6,-0.000212837091839,-0.00459972651865,1.60139376626e-05
85.65,-0.000210894304054,-0.00459517289858,1.58593494598e-05
85.7,-0.000208968899525,-0.00459063036043,1.57062883613e-05
85.75,-0.00020706072754,-0.0045860988769,1.55547245989e-05
85.8,-0.000205169638622,-0.00458158273148,1.54046781818e-05
85.85,-0.000203296500213,-0.00457708039377,1.52561118405e-05
85.9,-0.000201440129491,-0.00457258904445,1.51090119504e-05
85.95,-0.000199600380944,-0.00456810865562,1.49633494022e-05
86.0,-0.000197777110256,-0.00456363919951,1.48191549006e-05
86.05,-0.000195970174314,-0.00455921553245,1.46763970801e-05
86.1,-0.000194179425737,-0.00455481481209,1.45350334371e-05
86.15,-0.000192404726258,-0.00455042489682,1.43950497261e-05
86.2,-0.000190645936382,-0.0045460457578,1.42564452775e-05
86.25,-0.00018890291777,-0.00454167736588,1.41191931753e-05
86.3,-0.000187175533221,-0.00453731969206,1.39833116852e-05
86.35,-0.000185463646679,-0.00453297270672,1.38487670363e-05
86.4,-0.000183767123207,-0.00452863638048,1.37155469255e-05
86.45,-0.000182085828984,-0.00452431068389,1.35836250313e-05
86.5,-0.000180419631296,-0.0045199955876,1.34530293295e-05
86.55,-0.00017876839854,-0.00451569106155,1.33237314487e-05
86.6,-0.000177132000201,-0.00451139707584,1.31956921153e-05
86.65,-0.000175510306839,-0.00450711360093,1.30688988567e-05
86.7,-0.000173903190091,-0.00450287634768,1.29433511788e-05
86.75,-0.000172310517963,-0.00449865803897,1.2819025512e-05
86.8,-0.000170732166481,-0.00449445010804,1.26959381891e-05
86.85,-0.000169168855994,-0.00449025252398,1.25740586439e-05
86.9,-0.000167619600655,-0.00448606525877,1.24533758074e-05
86.95,-0.000166084277691,-0.0044818882816,1.23338658723e-05
87.0,-0.000164562765345,-0.00447772156182,1.22155543323e-05
87.05,-0.000163054942885,-0.00447356506812,1.20984155177e-05
87.1,-0.000161560690582,-0.00446941876938,1.19824138563e-05
87.15,-0.000160079889697,-0.00446528996896,1.18675381102e-05
87.2,-0.000158612422089,-0.00446117178889,1.17537879818e-05
87.25,-0.000157158170986,-0.00445706372602,1.16411414704e-05
87.3,-0.000155717020617,-0.00445296784392,1.15296138204e-05
87.35,-0.000154288856076,-0.00444889361896,1.14191773886e-05
87.4,-0.000152873560764,-0.00444486420231,1.13098226562e-05
87.45,-0.000151471022255,-0.0044408447467,1.12015280225e-05
87.5,-0.0001500811287,-0.00443683522028,1.1094316719e-05
87.55,-0.000148703769197,-0.00443283559066,1.09881655109e-05
87.6,-0.000147338833766,-0.00442884582563,1.08830421675e-05
87.65,-0.000145986213348,-0.00442486589329,1.0778936557e-05
87.7,-0.000144645799794,-0.00442089576169,1.06758484257e-05
87.75,-0.000143317485869,-0.00441693539875,1.05737578631e-05
87.8,-0.000142001165234,-0.0044129847725,1.04726787913e-05
87.85,-0.000140697435591,-0.00440904385057,1.03725861604e-05
87.9,-0.000139405475599,-0.00440511260301,1.02734709987e-05
87.95,-0.000138125181779,-0.00440119099761,1.01753138247e-05
88.0,-0.000136856451521,-0.00439727900229,1.00781358269e-05
88.05,-0.000135599183087,-0.00439337658449,9.98191598469e-06
88.1,-0.000134353275592,-0.00438951156291,9.88662510241e-06
88.15,-0.000133118625993,-0.00438566704262,9.79225454699e-06
88.2,-0.000131895136454,-0.00438183195886,9.69880394791e-06
88.25,-0.000130682708686,-0.00437800627889,9.60625528651e-06
88.3,-0.000129481245228,-0.00437418997012,9.51462127992e-06
88.35,-0.000128290649445,-0.00437038299964,9.42387923874e-06
88.4,-0.000127110825515,-0.00436658533473,9.33402107433e-06
88.45,-0.000125941678426,-0.0043627969427,9.24502915346e-06
88.5,-0.000124783113969,-0.00435901779097,9.15692279387e-06
88.55,-0.000123635038735,-0.00435524784658,9.0696829628e-06
88.6,-0.000122497360106,-0.00435148707672,8.98328319778e-06
88.65,-0.000121369986244,-0.00434774028588,8.89771527351e-06
88.7,-0.000120252825893,-0.00434400537677,8.81297914901e-06
88.75,-0.000119145788664,-0.00434027955968,8.72905854035e-06
88.8,-0.000118048785047,-0.00433656280201,8.64596507264e-06
88.85,-0.000116962310819,-0.0043328752569,8.56367819689e-06
88.9,-0.000115885679896,-0.00432921945078,8.48219099553e-06
88.95,-0.000114818805801,-0.00432557257726,8.40148741199e-06
89.0,-0.000113761602255,-0.00432193460324,8.32158505705e-06
89.05,-0.000112713983715,-0.00431830549526,8.24246669019e-06
89.1,-0.000111675865365,-0.00431468522004,8.16410831716e-06
89.15,-0.000110647163103,-0.0043110737446,8.0865025161e-06
89.2,-0.000109627793546,-0.00430747103596,8.0096492735e-06
89.25,-0.00010861767402,-0.00430387706108,7.93353382677e-06
89.3,-0.000107616722555,-0.00430029178705,7.85816679521e-06
89.35,-0.000106624857882,-0.00429671518073,7.78352955581e-06
89.4,-0.000105641999423,-0.00429314720922,7.70961554182e-06
89.45,-0.000104668067286,-0.0042895878396,7.63641030104e-06
89.5,-0.000103702982262,-0.00428603703913,7.56392990124e-06
89.55,-0.000102746665822,-0.00428249477475,7.49215873223e-06
89.6,-0.000101799040105,-0.00427896101358,7.42107504316e-06
89.65,-0.000100860027915,-0.00427543587228,7.35067214546e-06
89.7,-9.99295526444e-05,-0.0042719524909,7.28095009564e-06
89.75,-9.90075363233e-05,-0.0042684775676,7.21189587664e-06
89.8,-9.80939048427e-05,-0.00426501097471,7.14351901246e-06
89.85,-9.71890693659e-05,-0.00426155267915,7.07580262256e-06
89.9,-9.62924608221e-05,-0.00425810264951,7.00874078779e-06
89.95,-9.54040060767e-05,-0.00425466085294,6.94232041687e-06
90.0,-9.45236326204e-05,-0.00425122725672,6.87655616382e-06
90.05,-9.36512685689e-05,-0.0042478018279,6.81143388386e-06
90.1,-9.27868426528e-05,-0.00424438453368,6.7469338481e-06
90.15,-9.19302842121e-05,-0.00424097781274,6.68305002026e-06
90.2,-9.1081523118e-05,-0.00423758410658,6.61978249798e-06
90.25,-9.02404897727e-05,-0.00423419845271,6.55711920013e-06
90.3,-8.94071153297e-05,-0.00423082081866,6.49506899653e-06
90.35,-8.85813315364e-05,-0.00422745574598,6.43361658716e-06
90.4,-8.7763070591e-05,-0.00422410062536,6.3727566573e-06
90.45,-8.69522653559e-05,-0.00422075344061,6.3124773591e-06
90.5,-8.61488493302e-05,-0.00421741415938,6.25279206206e-06
90.55,-8.53527565884e-05,-0.00421409733219,6.1936879495e-06
90.6,-8.45639204841e-05,-0.00421080470836,6.13514734066e-06
90.65,-8.37822766797e-05,-0.00420751985044,6.07716471321e-06
90.7,-8.30077609708e-05,-0.00420424272601,6.01974018165e-06
90.75,-8.22403097076e-05,-0.00420097330265,5.96286277446e-06
90.8,-8.14798597884e-05,-0.0041977115481,5.90654059522e-06
90.85,-8.07267520926e-05,-0.00419445742994,5.85075976778e-06
90.9,-7.99805132986e-05,-0.00419121091719,5.79551547709e-06
90.95,-7.92410820406e-05,-0.00418797197768,5.74079697659e-06
91.0,-7.85083974817e-05,-0.0041847405794,5.68661646185e-06
91.05,-7.77823993133e-05,-0.00418151669016,5.63296231366e-06
91.1,-7.70630277468e-05,-0.00417830027797,5.57981829257e-06
91.15,-7.63502235097e-05,-0.00417509131103,5.52717948076e-06
91.2,-7.56439278421e-05,-0.00417188975766,5.47504602214e-06
91.25,-7.49440824938e-05,-0.00416869558617,5.42340797736e-06
91.3,-7.42506297182e-05,-0.00416550876502,5.37227275574e-06
91.35,-7.35635122709e-05,-0.00416232926255,5.32162777491e-06
91.4,-7.1964749294e-05,-0.00415915704732,5.27146869151e-06
91.45,-6.99207994143e-05,-0.00415598936055,5.22178203893e-06
91.5,-6.92735760056e-05,-0.00415284207266,5.17257725566e-06
91.55,-6.86322673909e-05,-0.00414971335765,5.12384972457e-06
91.6,-6.79968209822e-05,-0.00414659187123,5.0755846272e-06
91.65,-6.73671842445e-05,-0.0041434778004,5.02777751332e-06
91.7,-6.67433050934e-05,-0.00414037791385,4.98042853775e-06
91.75,-6.61251317472e-05,-0.00413728517383,4.93352870895e-06
91.8,-6.55126130325e-05,-0.00413419954806,4.88708478877e-06
91.85,-6.4906022591e-05,-0.00413112353043,4.84108535306e-06
91.9,-6.43049793739e-05,-0.00412805845371,4.79552648279e-06
91.95,-6.37094335421e-05,-0.00412500040902,4.7503993549e-06
92.0,-6.31193357738e-05,-0.00412194936432,4.70571411483e-06
92.05,-6.25346371776e-05,-0.00411890528749,4.66146120162e-06
92.1,-6.19552892863e-05,-0.00411586814656,4.61762722935e-06
92.15,-6.13812440539e-05,-0.00411283790981,4.57420817978e-06
92.2,-6.08124538523e-05,-0.00410981454563,4.53120422311e-06
92.25,-6.02488714686e-05,-0.00410679802245,4.48860718408e-06
92.3,-5.96904501009e-05,-0.00410378830883,4.44642324503e-06
92.35,-5.91371433564e-05,-0.00410078537333,4.40464204202e-06
92.4,-5.8588905246e-05,-0.00409778918469,4.36326002915e-06
92.45,-5.80456901819e-05,-0.00409479971173,4.32226919494e-06
92.5,-5.7507452974e-05,-0.00409182381947,4.2816788e-06
92.55,-5.69741482058e-05,-0.00408887367743,4.24148028366e-06
92.6,-5.64457316276e-05,-0.00408593012215,4.20166146796e-06
92.65,-5.59221592418e-05,-0.00408299312272,4.16221872152e-06
92.7,-5.54033874355e-05,-0.00408006264829,4.12315222386e-06
92.75,-5.48893729774e-05,-0.00407713866809,4.08445456035e-06
92.8,-5.43800730137e-05,-0.00407422115152,4.04613138078e-06
92.85,-5.38757143119e-05,-0.00407131006794,4.00817327828e-06
92.9,-5.33759802522e-05,-0.00406840538769,3.9705770505e-06
92.95,-5.28808291736e-05,-0.0040655070804,3.93333543014e-06
93.0,-5.23902197789e-05,-0.00406261511587,3.89645686744e-06
93.05,-5.1904111134e-05,-0.00405972946386,3.85993349544e-06
93.1,-5.14224626626e-05,-0.00405685009427,3.82375427851e-06
93.15,-5.09452341436e-05,-0.00405397697724,3.78791593668e-06
93.2,-5.04723857084e-05,-0.00405111523404,3.75241865785e-06
93.25,-5.00038777531e-05,-0.00404826162592,3.71725573341e-06
93.3,-4.95396710768e-05,-0.00404541419649,3.68243233424e-06
93.35,-4.90797268562e-05,-0.00404257348652,3.64793992207e-06
93.4,-4.86240065991e-05,-0.00403974459949,3.61377560579e-06
93.45,-4.817247207e-05,-0.00403692181615,3.57993280952e-06
93.5,-4.77250854625e-05,-0.00403410510718,3.54641924564e-06
93.55,-4.72818093035e-05,-0.00403129444318,3.51322777529e-06
93.6,-4.68426064489e-05,-0.00402849284269,3.48034837493e-06
93.65,-4.64074396729e-05,-0.00402571773349,3.44777815205e-06
93.7,-4.59762725441e-05,-0.00402294854991,3.41551728684e-06
93.75,-4.55490689042e-05,-0.00402018526292,3.38355967679e-06
93.8,-4.51257929128e-05,-0.00401742784365,3.3519100413e-06
93.85,-4.47066324685e-05,-0.00401467626322,3.32056062642e-06
93.9,-4.42913245602e-05,-0.00401193049359,3.28950881718e-06
93.95,-4.38798343506e-05,-0.00400919050615,3.2587486304e-06
94.0,-4.34721273088e-05,-0.00400645627248,3.22828710424e-06
94.05,-4.30681692087e-05,-0.00400372776411,3.19811775793e-06
94.1,-4.2667926126e-05,-0.00400100495274,3.16823148427e-06
94.15,-4.22713644348e-05,-0.00399828781028,3.13862560102e-06
94.2,-4.18784508058e-05,-0.00399557630876,3.10930029894e-06
94.25,-4.14891522043e-05,-0.00399287042026,3.08025004133e-06
94.3,-4.11034358867e-05,-0.00399017011703,3.05147914302e-06
94.35,-4.07212693994e-05,-0.00398747537134,3.02298056338e-06
94.4,-4.03426205749e-05,-0.00398478615562,2.99475193921e-06
94.45,-3.99674575302e-05,-0.00398210244243,2.96678784116e-06
94.5,-3.95957486639e-05,-0.00397942420445,2.9390946943e-06
94.55,-3.92274626548e-05,-0.00397675141438,2.91166661588e-06
94.6,-3.88625684585e-05,-0.00397408404507,2.88449533142e-06
94.65,-3.85010353051e-05,-0.00397142206956,2.85757841555e-06
94.7,-3.81428326972e-05,-0.0039687684044,2.83091605835e-06
94.75,-3.77879303707e-05,-0.00396612407913,2.80450324169e-06
94.8,-3.74362983182e-05,-0.00396348508259,2.77834391876e-06
94.85,-3.70880921981e-05,-0.00396087036137,2.75243169453e-06
94.9,-3.67430931133e-05,-0.00395826795752,2.72676452014e-06
94.95,-3.64012721387e-05,-0.00395567208858,2.70133743316e-06
95.0,-3.60626004151e-05,-0.00395308142768,2.67615629916e-06
95.05,-3.57270493557e-05,-0.00395049594822,2.65121577418e-06
95.1,-3.53945906267e-05,-0.00394791562376,2.62650833612e-06
95.15,-3.50651961451e-05,-0.00394534042804,2.60203178847e-06
95.2,-3.47388380773e-05,-0.00394277033494,2.57778631613e-06
95.25,-3.44154888367e-05,-0.0039402053184,2.55376735538e-06
95.3,-3.40951210812e-05,-0.0039376453525,2.52997850969e-06
95.35,-3.3777707712e-05,-0.00393509041138,2.50641396772e-06
95.4,-3.34632218709e-05,-0.00393254046933,2.48307179561e-06
95.45,-3.3151636938e-05,-0.00392999550076,2.45994751677e-06
95.5,-3.28429265303e-05,-0.00392745548021,2.43704648347e-06
95.55,-3.25370644995e-05,-0.00392492038225,2.41436384266e-06
95.6,-3.22340249297e-05,-0.0039223901816,2.39189275737e-06
95.65,-3.19337821355e-05,-0.00391986485314,2.3696312401e-06
95.7,-3.16363106601e-05,-0.0039173443719,2.34757947189e-06
95.75,-3.13415852733e-05,-0.00391482871295,2.32573330908e-06
95.8,-3.10495809696e-05,-0.00391231785154,2.30409604571e-06
95.85,-3.07604266927e-05,-0.00390981176294,2.28266240154e-06
95.9,-3.04739411369e-05,-0.00390731042301,2.26143062759e-06
95.95,-3.01901000035e-05,-0.00390481380728,2.24039665865e-06
96.0,-2.99088792104e-05,-0.00390232189143,2.21956538094e-06
96.05,-2.96302548905e-05,-0.00389983465115,2.19893238609e-06
96.1,-2.93542033893e-05,-0.00389735206227,2.17849145851e-06
96.15,-2.9080701263e-05,-0.00389487806108,2.15824079908e-06
96.2,-2.88097250607e-05,-0.00389242446363,2.13818062307e-06
96.25,-2.8541251793e-05,-0.00388998140155,2.11830716037e-06
96.3,-2.827525859e-05,-0.00388754288669,2.09862343077e-06
96.35,-2.8011722843e-05,-0.00388510889516,2.0791246339e-06
96.4,-2.7750622145e-05,-0.00388268232555,2.05980918531e-06
96.45,-2.74919342627e-05,-0.00388026334236,2.04067339574e-06
96.5,-2.72356371607e-05,-0.0038778488248,2.02172172936e-06
96.55,-2.6981709029e-05,-0.00387543874929,2.00295017904e-06
96.6,-2.67301282528e-05,-0.00387303309239,1.98435309126e-06
96.65,-2.648087341e-05,-0.00387063183083,1.96592883513e-06
96.7,-2.62339232703e-05,-0.00386823494148,1.94767757864e-06
96.75,-2.5989256793e-05,-0.00386584240125,1.92959590157e-06
96.8,-2.5746853126e-05,-0.00386345418722,1.91168655427e-06
96.85,-2.55068190749e-05,-0.00386107027651,1.89394517303e-06
96.9,-2.52690041831e-05,-0.00385869064673,1.87637032362e-06
96.95,-2.50333881902e-05,-0.00385631527527,1.85895864967e-06
97.0,-2.4799951017e-05,-0.00385394413963,1.84171422199e-06
97.05,-2.45686727644e-05,-0.00385157721733,1.82463339914e-06
97.1,-2.43395337113e-05,-0.00384921448606,1.80771103963e-06
97.15,-2.41125143132e-05,-0.00384685592365,1.79094566625e-06
97.2,-2.38875952006e-05,-0.00384450150804,1.77433744043e-06
97.25,-2.3664757178e-05,-0.00384215121726,1.75788325464e-06
97.3,-2.34439812216e-05,-0.00383980502946,1.74158562265e-06
97.35,-2.32252484785e-05,-0.00383746292288,1.72544057716e-06
97.4,-2.30085402648e-05,-0.00383512487584,1.7094468193e-06
97.45,-2.27938380645e-05,-0.00383279086683,1.69360129912e-06
97.5,-2.25811235274e-05,-0.00383046087442,1.67790773305e-06
97.55,-2.23703784684e-05,-0.00382813487725,1.66236281126e-06
97.6,-2.21615848657e-05,-0.00382581285407,1.64696185701e-06
97.65,-2.19547248591e-05,-0.00382350543506,1.63170353179e-06
97.7,-2.17497805542e-05,-0.00382120808873,1.61658802604e-06
97.75,-2.15467344929e-05,-0.0038189200972,1.60161250043e-06
97.8,-2.13455692588e-05,-0.00381663720234,1.58677925859e-06
97.85,-2.11463733027e-05,-0.00381435817219,1.57208469342e-06
97.9,-2.0949021801e-05,-0.00381208406205,1.55752762742e-06
97.95,-2.07534978649e-05,-0.00380981861771,1.54310528878e-06
98.0,-2.05597847322e-05,-0.00380755698922,1.52882107533e-06
98.05,-2.03678658251e-05,-0.00380529915589,1.51467197673e-06
98.1,-2.01777247146e-05,-0.00380304509717,1.50065373703e-06
98.15,-1.99893451196e-05,-0.00380079479264,1.4867651418e-06
98.2,-1.98027109053e-05,-0.00379854822199,1.47300633677e-06
98.25,-1.96178060821e-05,-0.00379630536501,1.45937475373e-06
98.3,-1.94346148044e-05,-0.0037940662016,1.44587249105e-06
98.35,-1.92531213692e-05,-0.00379183071173,1.43249626642e-06
98.4,-1.90733102151e-05,-0.00378959887549,1.41924501265e-06
98.45,-1.88951659206e-05,-0.00378737067307,1.40611620854e-06
98.5,-1.87186732032e-05,-0.00378514608481,1.3931129505e-06
98.55,-1.85438169182e-05,-0.00378292509107,1.38023250134e-06
98.6,-1.83705820576e-05,-0.00378070767233,1.36747098862e-06
98.65,-1.81989537483e-05,-0.00377849380923,1.35482731133e-06
98.7,-1.80289172516e-05,-0.0037762834825,1.34230160782e-06
98.75,-1.78604579618e-05,-0.00377407667296,1.32989154329e-06
98.8,-1.76935614047e-05,-0.00377187336154,1.31759903531e-06
98.85,-1.75283008353e-05,-0.00376967352924,1.30542109817e-06
98.9,-1.73645727174e-05,-0.00376747715742,1.2933567647e-06
98.95,-1.72023629908e-05,-0.00376528422728,1.2814037425e-06
99.0,-1.70416577223e-05,-0.00376309472017,1.26956485847e-06
99.05,-1.68824431045e-05,-0.00376090861745,1.25783762324e-06
99.1,-1.67247054546e-05,-0.00375872590062,1.24621851274e-06
99.15,-1.65684312133e-05,-0.00375654655131,1.23470652844e-06
99.2,-1.64136069438e-05,-0.00375437055125,1.22330180122e-06
99.25,-1.62602193309e-05,-0.00375220126143,1.21200220798e-06
99.3,-1.61082551618e-05,-0.00375004835697,1.20080950432e-06
99.35,-1.59577012166e-05,-0.00374790367492,1.18972100092e-06
99.4,-1.5808544595e-05,-0.00374576226961,1.17873581008e-06
99.45,-1.56607724607e-05,-0.00374362923068,1.16785184628e-06
99.5,-1.55143720678e-05,-0.00374150014816,1.15707169447e-06
99.55,-1.53693308087e-05,-0.00373937430127,1.14639309004e-06
99.6,-1.52256361933e-05,-0.00373725167214,1.13581282457e-06
99.65,-1.50832758445e-05,-0.00373513224301,1.12532999131e-06
99.7,-1.49422374972e-05,-0.00373301599622,1.11494471285e-06
99.75,-1.48025089975e-05,-0.00373090291418,1.10465505742e-06
99.8,-1.46640783011e-05,-0.00372879297945,1.09446262533e-06
99.85,-1.45270060723e-05,-0.00372668617461,1.08436494391e-06
99.9,-1.43912064551e-05,-0.00372458248257,1.07436121706e-06
99.95,-1.42566677509e-05,-0.00372248188615,1.06444954771e-06
100.0,-1.41233783669e-05,-0.00372038436825,1.05463229123e-06
