"time","AMPA","NMDA","GABAa"
0.0,0.0,0.0,0.0
0.05,0.0,0.0,0.0
0.1,0.0,0.0,0.0
0.15,0.0,0.0,0.0
0.2,0.0,0.0,0.0
0.25,0.0,0.0,0.0
0.3,0.0,0.0,0.0
0.35,0.0,0.0,0.0
0.4,0.0,0.0,0.0
0.45,0.0,0.0,0.0
0.5,0.0,0.0,0.0
0.55,0.0,0.0,0.0
0.6,0.0,0.0,0.0
0.65,0.0,0.0,0.0
0.7,0.0,0.0,0.0
0.75,0.0,0.0,0.0
0.8,0.0,0.0,0.0
0.85,0.0,0.0,0.0
0.9,0.0,0.0,0.0
0.95,0.0,0.0,0.0
1.0,0.0,0.0,0.0
1.05,0.0,0.0,0.0
1.1,0.0,0.0,0.0
1.15,0.0,0.0,0.0
1.2,0.0,0.0,0.0
1.25,0.0,0.0,0.0
1.3,0.0,0.0,0.0
1.35,0.0,0.0,0.0
1.4,0.0,0.0,0.0
1.45,0.0,0.0,0.0
1.5,0.0,0.0,0.0
1.55,0.0,0.0,0.0
1.6,0.0,0.0,0.0
1.65,0.0,0.0,0.0
1.7,0.0,0.0,0.0
1.75,0.0,0.0,0.0
1.8,0.0,0.0,0.0
1.85,0.0,0.0,0.0
1.9,0.0,0.0,0.0
1.95,0.0,0.0,0.0
2.0,0.0,0.0,0.0
2.05,0.0,0.0,0.0
2.1,0.0,0.0,0.0
2.15,0.0,0.0,0.0
2.2,0.0,0.0,0.0
2.25,0.0,0.0,0.0
2.3,0.0,0.0,0.0
2.35,0.0,0.0,0.0
2.4,0.0,0.0,0.0
2.45,0.0,0.0,0.0
2.5,0.0,0.0,0.0
2.55,0.0,0.0,0.0
2.6,0.0,0.0,0.0
2.65,0.0,0.0,0.0
2.7,0.0,0.0,0.0
2.75,0.0,0.0,0.0
2.8,0.0,0.0,0.0
2.85,0.0,0.0,0.0
2.9,0.0,0.0,0.0
2.95,0.0,0.0,0.0
3.0,0.0,0.0,0.0
3.05,0.0,0.0,0.0
3.1,0.0,0.0,0.0
3.15,0.0,0.0,0.0
3.2,0.0,0.0,0.0
3.25,0.0,0.0,0.0
3.3,0.0,0.0,0.0
3.35,0.0,0.0,0.0
3.4,0.0,0.0,0.0
3.45,0.0,0.0,0.0
3.5,0.0,0.0,0.0
3.55,0.0,0.0,0.0
3.6,0.0,0.0,0.0
3.65,0.0,0.0,0.0
3.7,0.0,0.0,0.0
3.75,0.0,0.0,0.0
3.8,0.0,0.0,0.0
3.85,0.0,0.0,0.0
3.9,0.0,0.0,0.0
3.95,0.0,0.0,0.0
4.0,0.0,0.0,0.0
4.05,0.0,0.0,0.0
4.1,0.0,0.0,0.0
4.15,0.0,0.0,0.0
4.2,0.0,0.0,0.0
4.25,0.0,0.0,0.0
4.3,0.0,0.0,0.0
4.35,0.0,0.0,0.0
4.4,0.0,0.0,0.0
4.45,0.0,0.0,0.0
4.5,0.0,0.0,0.0
4.55,0.0,0.0,0.0
4.6,0.0,0.0,0.0
4.65,0.0,0.0,0.0
4.7,0.0,0.0,0.0
4.75,0.0,0.0,0.0
4.8,0.0,0.0,0.0
4.85,0.0,0.0,0.0
4.9,0.0,0.0,0.0
4.95,0.0,0.0,0.0
5.0,0.0,0.0,0.0
5.05,0.0,0.0,0.0
5.1,0.0,0.0,0.0
5.15,0.0,0.0,0.0
5.2,0.0,0.0,0.0
5.25,0.0,0.0,0.0
5.3,0.0,0.0,0.0
5.35,0.0,0.0,0.0
5.4,0.0,0.0,0.0
5.45,0.0,0.0,0.0
5.5,0.0,0.0,0.0
5.55,0.0,0.0,0.0
5.6,0.0,0.0,0.0
5.65,0.0,0.0,0.0
5.7,0.0,0.0,0.0
5.75,0.0,0.0,0.0
5.8,0.0,0.0,0.0
5.85,0.0,0.0,0.0
5.9,0.0,0.0,0.0
5.95,0.0,0.0,0.0
6.0,0.0,0.0,0.0
6.05,0.0,0.0,0.0
6.1,0.0,0.0,0.0
6.15,0.0,0.0,0.0
6.2,0.0,0.0,0.0
6.25,0.0,0.0,0.0
6.3,0.0,0.0,0.0
6.35,0.0,0.0,0.0
6.4,0.0,0.0,0.0
6.45,0.0,0.0,0.0
6.5,0.0,0.0,0.0
6.55,0.0,0.0,0.0
6.6,0.0,0.0,0.0
6.65,0.0,0.0,0.0
6.7,0.0,0.0,0.0
6.75,0.0,0.0,0.0
6.8,0.0,0.0,0.0
6.85,0.0,0.0,0.0
6.9,0.0,0.0,0.0
6.95,0.0,0.0,0.0
7.0,0.0,0.0,0.0
7.05,0.0,0.0,0.0
7.1,0.0,0.0,0.0
7.15,0.0,0.0,0.0
7.2,0.0,0.0,0.0
7.25,0.0,0.0,0.0
7.3,0.0,0.0,0.0
7.35,0.0,0.0,0.0
7.4,0.0,0.0,0.0
7.45,0.0,0.0,0.0
7.5,0.0,0.0,0.0
7.55,0.0,0.0,0.0
7.6,0.0,0.0,0.0
7.65,0.0,0.0,0.0
7.7,0.0,0.0,0.0
7.75,0.0,0.0,0.0
7.8,0.0,0.0,0.0
7.85,0.0,0.0,0.0
7.9,0.0,0.0,0.0
7.95,0.0,0.0,0.0
8.0,0.0,0.0,0.0
8.05,0.0,0.0,0.0
8.1,0.0,0.0,0.0
8.15,0.0,0.0,0.0
8.2,0.0,0.0,0.0
8.25,0.0,0.0,0.0
8.3,0.0,0.0,0.0
8.35,0.0,0.0,0.0
8.4,0.0,0.0,0.0
8.45,0.0,0.0,0.0
8.5,0.0,0.0,0.0
8.55,0.0,0.0,0.0
8.6,0.0,0.0,0.0
8.65,0.0,0.0,0.0
8.7,0.0,0.0,0.0
8.75,0.0,0.0,0.0
8.8,0.0,0.0,0.0
8.85,0.0,0.0,0.0
8.9,0.0,0.0,0.0
8.95,0.0,0.0,0.0
9.0,0.0,0.0,0.0
9.05,0.0,0.0,0.0
9.1,0.0,0.0,0.0
9.15,0.0,0.0,0.0
9.2,0.0,0.0,0.0
9.25,0.0,0.0,0.0
9.3,0.0,0.0,0.0
9.35,0.0,0.0,0.0
9.4,0.0,0.0,0.0
9.45,0.0,0.0,0.0
9.5,0.0,0.0,0.0
9.55,0.0,0.0,0.0
9.6,0.0,0.0,0.0
9.65,0.0,0.0,0.0
9.7,0.0,0.0,0.0
9.75,0.0,0.0,0.0
9.8,0.0,0.0,0.0
9.85,0.0,0.0,0.0
9.9,0.0,0.0,0.0
9.95,0.0,0.0,0.0
10.0,0.0,0.0,0.0
10.05,0.0,0.0,0.0
10.1,0.0,0.0,0.0
10.15,0.0,0.0,0.0
10.2,0.0,0.0,0.0
10.25,0.0,0.0,0.0
10.3,0.0,0.0,0.0
10.35,0.0,0.0,0.0
10.4,0.0,0.0,0.0
10.45,0.0,0.0,0.0
10.5,0.0,0.0,0.0
10.55,0.0,0.0,0.0
10.6,0.0,0.0,0.0
10.65,0.0,0.0,0.0
10.7,0.0,0.0,0.0
10.75,0.0,0.0,0.0
10.8,0.0,0.0,0.0
10.85,0.0,0.0,0.0
10.9,0.0,0.0,0.0
10.95,0.0,0.0,0.0
11.0,0.0,0.0,0.0
11.05,0.0,0.0,0.0
11.1,0.0,0.0,0.0
11.15,0.0,0.0,0.0
11.2,0.0,0.0,0.0
11.25,0.0,0.0,0.0
11.3,0.0,0.0,0.0
11.35,0.0,0.0,0.0
11.4,0.0,0.0,0.0
11.45,0.0,0.0,0.0
11.5,0.0,0.0,0.0
11.55,0.0,0.0,0.0
11.6,0.0,0.0,0.0
11.65,0.0,0.0,0.0
11.7,0.0,0.0,0.0
11.75,0.0,0.0,0.0
11.8,0.0,0.0,0.0
11.85,0.0,0.0,0.0
11.9,0.0,0.0,0.0
11.95,0.0,0.0,0.0
12.0,0.0,0.0,0.0
12.05,0.0,0.0,0.0
12.1,0.0,0.0,0.0
12.15,0.0,0.0,0.0
12.2,0.0,0.0,0.0
12.25,0.0,0.0,0.0
12.3,0.0,0.0,0.0
12.35,0.0,0.0,0.0
12.4,0.0,0.0,0.0
12.45,0.0,0.0,0.0
12.5,0.0,0.0,0.0
12.55,0.0,0.0,0.0
12.6,0.0,0.0,0.0
12.65,0.0,0.0,0.0
12.7,0.0,0.0,0.0
12.75,0.0,0.0,0.0
12.8,0.0,0.0,0.0
12.85,0.0,0.0,0.0
12.9,0.0,0.0,0.0
12.95,0.0,0.0,0.0
13.0,0.0,0.0,0.0
13.05,0.0,0.0,0.0
13.1,0.0,0.0,0.0
13.15,0.0,0.0,0.0
13.2,0.0,0.0,0.0
13.25,0.0,0.0,0.0
13.3,0.0,0.0,0.0
13.35,0.0,0.0,0.0
13.4,0.0,0.0,0.0
13.45,0.0,0.0,0.0
13.5,0.0,0.0,0.0
13.55,0.0,0.0,0.0
13.6,0.0,0.0,0.0
13.65,0.0,0.0,0.0
13.7,0.0,0.0,0.0
13.75,0.0,0.0,0.0
13.8,0.0,0.0,0.0
13.85,0.0,0.0,0.0
13.9,0.0,0.0,0.0
13.95,0.0,0.0,0.0
14.0,0.0,0.0,0.0
14.05,0.0,0.0,0.0
14.1,0.0,0.0,0.0
14.15,0.0,0.0,0.0
14.2,0.0,0.0,0.0
14.25,0.0,0.0,0.0
14.3,0.0,0.0,0.0
14.35,0.0,0.0,0.0
14.4,0.0,0.0,0.0
14.45,0.0,0.0,0.0
14.5,0.0,0.0,0.0
14.55,0.0,0.0,0.0
14.6,0.0,0.0,0.0
14.65,0.0,0.0,0.0
14.7,0.0,0.0,0.0
14.75,0.0,0.0,0.0
14.8,0.0,0.0,0.0
14.85,0.0,0.0,0.0
14.9,0.0,0.0,0.0
14.95,0.0,0.0,0.0
15.0,0.0,0.0,0.0
15.05,0.0,0.0,0.0
15.1,0.0,0.0,0.0
15.15,0.0,0.0,0.0
15.2,0.0,0.0,0.0
15.25,0.0,0.0,0.0
15.3,0.0,0.0,0.0
15.35,0.0,0.0,0.0
15.4,0.0,0.0,0.0
15.45,0.0,0.0,0.0
15.5,0.0,0.0,0.0
15.55,0.0,0.0,0.0
15.6,0.0,0.0,0.0
15.65,0.0,0.0,0.0
15.7,0.0,0.0,0.0
15.75,0.0,0.0,0.0
15.8,0.0,0.0,0.0
15.85,0.0,0.0,0.0
15.9,0.0,0.0,0.0
15.95,0.0,0.0,0.0
16.0,0.0,0.0,0.0
16.05,0.0,0.0,0.0
16.1,0.0,0.0,0.0
16.15,0.0,0.0,0.0
16.2,0.0,0.0,0.0
16.25,0.0,0.0,0.0
16.3,0.0,0.0,0.0
16.35,0.0,0.0,0.0
16.4,0.0,0.0,0.0
16.45,0.0,0.0,0.0
16.5,0.0,0.0,0.0
16.55,0.0,0.0,0.0
16.6,0.0,0.0,0.0
16.65,0.0,0.0,0.0
16.7,0.0,0.0,0.0
16.75,0.0,0.0,0.0
16.8,0.0,0.0,0.0
16.85,0.0,0.0,0.0
16.9,0.0,0.0,0.0
16.95,0.0,0.0,0.0
17.0,0.0,0.0,0.0
17.05,0.0,0.0,0.0
17.1,0.0,0.0,0.0
17.15,0.0,0.0,0.0
17.2,0.0,0.0,0.0
17.25,0.0,0.0,0.0
17.3,0.0,0.0,0.0
17.35,0.0,0.0,0.0
17.4,0.0,0.0,0.0
17.45,0.0,0.0,0.0
17.5,0.0,0.0,0.0
17.55,0.0,0.0,0.0
17.6,0.0,0.0,0.0
17.65,0.0,0.0,0.0
17.7,0.0,0.0,0.0
17.75,0.0,0.0,0.0
17.8,0.0,0.0,0.0
17.85,0.0,0.0,0.0
17.9,0.0,0.0,0.0
17.95,0.0,0.0,0.0
18.0,0.0,0.0,0.0
18.05,0.0,0.0,0.0
18.1,0.0,0.0,0.0
18.15,0.0,0.0,0.0
18.2,0.0,0.0,0.0
18.25,0.0,0.0,0.0
18.3,0.0,0.0,0.0
18.35,0.0,0.0,0.0
18.4,0.0,0.0,0.0
18.45,0.0,0.0,0.0
18.5,0.0,0.0,0.0
18.55,0.0,0.0,0.0
18.6,0.0,0.0,0.0
18.65,0.0,0.0,0.0
18.7,0.0,0.0,0.0
18.75,0.0,0.0,0.0
18.8,0.0,0.0,0.0
18.85,0.0,0.0,0.0
18.9,0.0,0.0,0.0
18.95,0.0,0.0,0.0
19.0,0.0,0.0,0.0
19.05,0.0,0.0,0.0
19.1,0.0,0.0,0.0
19.15,0.0,0.0,0.0
19.2,0.0,0.0,0.0
19.25,0.0,0.0,0.0
19.3,0.0,0.0,0.0
19.35,0.0,0.0,0.0
19.4,0.0,0.0,0.0
19.45,0.0,0.0,0.0
19.5,0.0,0.0,0.0
19.55,0.0,0.0,0.0
19.6,0.0,0.0,0.0
19.65,0.0,0.0,0.0
19.7,0.0,0.0,0.0
19.75,0.0,0.0,0.0
19.8,0.0,0.0,0.0
19.85,0.0,0.0,0.0
19.9,0.0,0.0,0.0
19.95,0.0,0.0,0.0
20.0,0.0,0.0,0.0
20.05,0.0,0.0,0.0
20.1,0.0,0.0,0.0
20.15,0.0,0.0,0.0
20.2,0.0,0.0,0.0
20.25,0.0,0.0,0.0
20.3,0.0,0.0,0.0
20.35,0.0,0.0,0.0
20.4,0.0,0.0,0.0
20.45,0.0,0.0,0.0
20.5,0.0,0.0,0.0
20.55,0.0,0.0,0.0
20.6,0.0,0.0,0.0
20.65,0.0,0.0,0.0
20.7,0.0,0.0,0.0
20.75,0.0,0.0,0.0
20.8,0.0,0.0,0.0
20.85,0.0,0.0,0.0
20.9,0.0,0.0,0.0
20.95,0.0,0.0,0.0
21.0,0.0,0.0,0.0
21.05,0.0,0.0,0.0
21.1,0.0,0.0,0.0
21.15,0.0,0.0,0.0
21.2,0.0,0.0,0.0
21.25,0.0,0.0,0.0
21.3,0.0,0.0,0.0
21.35,0.0,0.0,0.0
21.4,0.0,0.0,0.0
21.45,0.0,0.0,0.0
21.5,0.0,0.0,0.0
21.55,0.0,0.0,0.0
21.6,0.0,0.0,0.0
21.65,0.0,0.0,0.0
21.7,0.0,0.0,0.0
21.75,0.0,0.0,0.0
21.8,0.0,0.0,0.0
21.85,0.0,0.0,0.0
21.9,0.0,0.0,0.0
21.95,0.0,0.0,0.0
22.0,0.0,0.0,0.0
22.05,0.0,0.0,0.0
22.1,0.0,0.0,0.0
22.15,0.0,0.0,0.0
22.2,0.0,0.0,0.0
22.25,0.0,0.0,0.0
22.3,0.0,0.0,0.0
22.35,0.0,0.0,0.0
22.4,0.0,0.0,0.0
22.45,0.0,0.0,0.0
22.5,0.0,0.0,0.0
22.55,0.0,0.0,0.0
22.6,0.0,0.0,0.0
22.65,0.0,0.0,0.0
22.7,0.0,0.0,0.0
22.75,0.0,0.0,0.0
22.8,0.0,0.0,0.0
22.85,0.0,0.0,0.0
22.9,0.0,0.0,0.0
22.95,0.0,0.0,0.0
23.0,0.0,0.0,0.0
23.05,0.0,0.0,0.0
23.1,0.0,0.0,0.0
23.15,0.0,0.0,0.0
23.2,0.0,0.0,0.0
23.25,0.0,0.0,0.0
23.3,0.0,0.0,0.0
23.35,0.0,0.0,0.0
23.4,0.0,0.0,0.0
23.45,0.0,0.0,0.0
23.5,0.0,0.0,0.0
23.55,0.0,0.0,0.0
23.6,0.0,0.0,0.0
23.65,0.0,0.0,0.0
23.7,0.0,0.0,0.0
23.75,0.0,0.0,0.0
23.8,0.0,0.0,0.0
23.85,0.0,0.0,0.0
23.9,0.0,0.0,0.0
23.95,0.0,0.0,0.0
24.0,0.0,0.0,0.0
24.05,0.0,0.0,0.0
24.1,0.0,0.0,0.0
24.15,0.0,0.0,0.0
24.2,0.0,0.0,0.0
24.25,0.0,0.0,0.0
24.3,0.0,0.0,0.0
24.35,0.0,0.0,0.0
24.4,0.0,0.0,0.0
24.45,0.0,0.0,0.0
24.5,0.0,0.0,0.0
24.55,0.0,0.0,0.0
24.6,0.0,0.0,0.0
24.65,0.0,0.0,0.0
24.7,0.0,0.0,0.0
24.75,0.0,0.0,0.0
24.8,0.0,0.0,0.0
24.85,0.0,0.0,0.0
24.9,0.0,0.0,0.0
24.95,0.0,0.0,0.0
25.0,0.0,0.0,0.0
25.05,0.0,0.0,0.0
25.1,0.0,0.0,0.0
25.15,0.0,0.0,0.0
25.2,0.0,0.0,0.0
25.25,0.0,0.0,0.0
25.3,0.0,0.0,0.0
25.35,0.0,0.0,0.0
25.4,0.0,0.0,0.0
25.45,0.0,0.0,0.0
25.5,0.0,0.0,0.0
25.55,0.0,0.0,0.0
25.6,0.0,0.0,0.0
25.65,0.0,0.0,0.0
25.7,0.0,0.0,0.0
25.75,0.0,0.0,0.0
25.8,0.0,0.0,0.0
25.85,0.0,0.0,0.0
25.9,0.0,0.0,0.0
25.95,0.0,0.0,0.0
26.0,0.0,0.0,0.0
26.05,0.0,0.0,0.0
26.1,0.0,0.0,0.0
26.15,0.0,0.0,0.0
26.2,0.0,0.0,0.0
26.25,0.0,0.0,0.0
26.3,0.0,0.0,0.0
26.35,0.0,0.0,0.0
26.4,0.0,0.0,0.0
26.45,0.0,0.0,0.0
26.5,0.0,0.0,0.0
26.55,0.0,0.0,0.0
26.6,0.0,0.0,0.0
26.65,0.0,0.0,0.0
26.7,0.0,0.0,0.0
26.75,0.0,0.0,0.0
26.8,0.0,0.0,0.0
26.85,0.0,0.0,0.0
26.9,0.0,0.0,5.70432590052e-18
26.95,0.0,0.0,7.70856400236e-06
27.0,0.0,0.0,1.36582583061e-05
27.05,0.0,0.0,2.59589650697e-05
27.1,0.0,0.0,4.31615657746e-05
27.15,0.0,0.0,5.64390212633e-05
27.2,0.0,0.0,7.4395491888e-05
27.25,0.0,0.0,8.82547953836e-05
27.3,0.0,0.0,9.89517805051e-05
27.35,0.0,0.0,0.000114916558481
27.4,0.0,0.0,0.000127238609083
27.45,0.0,0.0,0.000144457638307
27.5,0.0,0.0,0.000157747758459
27.55,0.0,0.0,0.000168005408663
27.6,0.0,0.0,0.000175922514062
27.65,0.0,0.0,0.000182033143129
27.7,0.0,0.0,0.000186749462212
27.75,0.0,0.0,0.000198098201831
27.8,0.0,0.0,0.000206857473892
27.85,0.0,0.0,0.000213618096681
27.9,0.0,0.0,0.000218779915297
27.95,0.0,0.0,0.000222463589371
28.0,0.0,0.0,0.000225184663274
28.05,0.0,0.0,0.000226863024957
28.1,0.0,0.0,0.000227727510452
28.15,0.0,0.0,0.000228143229533
28.2,0.0,0.0,0.000235678750412
28.25,0.0,0.0,0.000241237134656
28.3,0.0,0.0,0.000245215597601
28.35,0.0,0.0,0.000247732769454
28.4,0.0,0.0,0.000249302565436
28.45,0.0,0.0,0.000249900136977
28.5,0.0,0.0,0.00024998432032
28.55,0.0,0.0,0.00024967589824
28.6,0.0,0.0,0.000249067825208
28.65,0.0,0.0,0.000248231512643
28.7,0.0,0.0,0.000254874924708
28.75,0.0,0.0,0.000259341726914
28.8,0.0,0.0,0.000262366206705
28.85,0.0,0.0,0.000264281507524
28.9,0.0,0.0,0.000265344184299
28.95,0.0,0.0,0.000265753041948
29.0,0.0,0.0,0.000265660451738
29.05,0.0,0.0,0.000265184721484
29.1,0.0,0.0,0.000264416913674
29.15,0.0,0.0,0.000263370791735
29.2,0.0,0.0,0.00026186951463
29.25,0.0,0.0,0.000260499253912
29.3,0.0,0.0,0.000260530209083
29.35,0.0,0.0,0.000260159484219
29.4,0.0,0.0,0.000259482007518
29.45,0.0,0.0,0.000258571766529
29.5,0.0,0.0,0.000257484886017
29.55,0.0,0.0,0.000256265326424
29.6,0.0,0.0,0.000254946533996
29.65,0.0,0.0,0.000253498282226
29.7,0.0,0.0,0.000251709859947
29.75,0.0,0.0,0.000250117729461
29.8,0.0,0.0,0.000250581386764
29.85,0.0,0.0,0.000250561986498
29.9,0.0,0.0,0.0002501728893
29.95,0.0,0.0,0.000249502246405
30.0,0.0,0.0,0.000248617197795
30.05,0.0,0.0,0.000247569917714
30.1,0.0,0.0,0.000246400647552
30.15,0.0,0.0,0.000245140418757
30.2,0.0,0.0,0.000243813966927
30.25,0.0,0.0,0.00024242831063
30.3,0.0,0.0,0.000240708593218
30.35,0.0,0.0,0.000238970210056
30.4,0.0,0.0,0.000237220878296
30.45,0.0,0.0,0.000235467148356
30.5,0.0,0.0,0.000233903057077
30.55,0.0,0.0,0.000235213604281
30.6,0.0,0.0,0.000243581687332
30.65,0.0,0.0,0.000249890188895
30.7,0.0,0.0,0.00025710807669
30.75,0.0,0.0,0.00026236476424
30.8,0.0,0.0,0.000265823684475
30.85,0.0,0.0,0.00026813314066
30.9,0.0,0.0,0.000269743409601
30.95,0.0,0.0,0.00027387702094
31.0,0.0,0.0,0.000279359694963
31.05,0.0,0.0,0.000283327547266
31.1,0.0,0.0,0.000286128540442
31.15,0.0,0.0,0.000288031257212
31.2,0.0,0.0,0.000289243431495
31.25,0.0,0.0,0.000289924524809
31.3,0.0,0.0,0.000290198552245
31.35,0.0,0.0,0.000290160166397
31.4,0.0,0.0,0.000289882863518
31.45,0.0,0.0,0.000289423536824
31.5,0.0,0.0,0.000288804793367
31.55,0.0,0.0,0.000287728190897
31.6,0.0,0.0,0.000286291755943
31.65,0.0,0.0,0.000284795429613
31.7,0.0,0.0,0.0002831415404
31.75,0.0,0.0,0.000284919157672
31.8,0.0,0.0,0.000285903969759
31.85,0.0,0.0,0.000286508467756
31.9,0.0,0.0,0.000288507392034
31.95,0.0,0.0,0.000289402150666
32.0,0.0,0.0,0.000289399946325
32.05,0.0,0.0,0.000288944819312
32.1,0.0,0.0,0.000288144193684
32.15,0.0,0.0,0.000287317637577
32.2,0.0,0.0,0.000287965458329
32.25,0.0,0.0,0.000288079375671
32.3,0.0,0.0,0.000287784638955
32.35,0.0,0.0,0.000287177878725
32.4,0.0,0.0,0.00028633364331
32.45,0.0,0.0,0.0002853097577
32.5,0.0,0.0,0.000284150576663
32.55,0.0,0.0,0.000282890278116
32.6,0.0,0.0,0.000281555231387
32.65,0.0,0.0,0.000280165483354
32.7,0.0,0.0,0.00027871221824
32.75,0.0,0.0,0.000276936145416
32.8,0.0,0.0,0.000275149458233
32.85,0.0,0.0,0.000273344515488
32.9,0.0,0.0,0.00027124087788
32.95,0.0,0.0,0.000269146358372
33.0,0.0,0.0,0.000267063107184
33.05,0.0,0.0,0.000264992722199
33.1,0.0,0.0,0.000262936417351
33.15,0.0,0.0,0.000260882627794
33.2,0.0,0.0,0.000258545550199
33.25,0.0,0.0,0.000256229457023
33.3,0.0,0.0,0.000253933857361
33.35,0.0,0.0,0.000251658572691
33.4,0.0,0.0,0.000249403731162
33.45,0.0,0.0,0.000247169100677
33.5,0.0,0.0,0.000244954502381
33.55,0.0,0.0,0.000242759736874
33.6,0.0,0.0,0.000240810962961
33.65,0.0,0.0,0.000240822357263
33.7,0.0,0.0,0.000240408379243
33.75,0.0,0.0,0.000239669445178
33.8,0.0,0.0,0.00023868319539
33.85,0.0,0.0,0.000237509742187
33.9,0.0,0.0,0.000236324669096
33.95,0.0,0.0,0.000239458282069
34.0,0.0,0.0,0.000241503648961
34.05,0.0,0.0,0.000242712591228
34.1,0.0,0.0,0.000243279275049
34.15,0.0,0.0,0.000243353318994
34.2,0.0,0.0,0.00024305099231
34.25,0.0,0.0,0.000242646775018
34.3,0.0,0.0,0.000245001923596
34.35,0.0,0.0,0.000246509606468
34.4,0.0,0.0,0.000247366189891
34.45,0.0,0.0,0.000247722956728
34.5,0.0,0.0,0.000247696492964
34.55,0.0,0.0,0.000247376912938
34.6,0.0,0.0,0.000246819772071
34.65,0.0,0.0,0.000245917266604
34.7,0.0,0.0,0.000249635785848
34.75,0.0,0.0,0.000255444925328
34.8,0.0,0.0,0.000259642355974
34.85,0.0,0.0,0.000262805044002
34.9,0.0,0.0,0.000267421808273
34.95,0.0,0.0,0.00027045036832
35.0,0.0,0.0,0.000272490215989
35.05,0.0,0.0,0.000273769581892
35.1,0.0,0.0,0.000274464775605
35.15,0.0,0.0,0.000274711843878
35.2,0.0,0.0,0.000274615583115
35.25,0.0,0.0,0.000274234965999
35.3,0.0,0.0,0.000273357448972
35.35,0.0,0.0,0.000272334426128
35.4,0.0,0.0,0.000271202365962
35.45,0.0,0.0,0.000269989503708
35.5,0.0,0.0,0.000268716901713
35.55,0.0,0.0,0.000267401169968
35.6,0.0,0.0,0.000266055264247
35.65,0.0,0.0,0.00026484002331
35.7,0.0,0.0,0.000266311248514
35.75,0.0,0.0,0.000266797432524
35.8,0.0,0.0,0.000266903260809
35.85,0.0,0.0,0.000270706383299
35.9,0.0,0.0,0.000273115385764
35.95,0.0,0.0,0.000278505005066
36.0,0.0,0.0,0.000282265285484
36.05,0.0,0.0,0.000284771529886
36.1,0.0,0.0,0.000286313378739
36.15,0.0,0.0,0.0002871146103
36.2,0.0,0.0,0.000287347948119
36.25,0.0,0.0,0.000287146304027
36.3,0.0,0.0,0.00028661234929
36.35,0.0,0.0,0.000285825029608
36.4,0.0,0.0,0.000284845796018
36.45,0.0,0.0,0.000283721733705
36.5,0.0,0.0,0.000282488962575
36.55,0.0,0.0,0.000281175520049
36.6,0.0,0.0,0.000279803018152
36.65,0.0,0.0,0.000278366335445
36.7,0.0,0.0,0.000276858331732
36.75,0.0,0.0,0.000276566323053
36.8,0.0,0.0,0.000275954855051
36.85,0.0,0.0,0.000274985064152
36.9,0.0,0.0,0.000277545110743
36.95,0.0,0.0,0.00027884154811
37.0,0.0,0.0,0.000279401163722
37.05,0.0,0.0,0.000279395982097
37.1,0.0,0.0,0.000278958743457
37.15,0.0,0.0,0.000278192080163
37.2,0.0,0.0,0.000277175351297
37.25,0.0,0.0,0.000275968938337
37.3,0.0,0.0,0.000274620092564
37.35,0.0,0.0,0.000273165134907
37.4,0.0,0.0,0.000271631949638
37.45,0.0,0.0,0.000270042347969
37.5,0.0,0.0,0.000268412395019
37.55,0.0,0.0,0.00026693420256
37.6,0.0,0.0,0.000268579866015
37.65,0.0,0.0,0.000269496579899
37.7,0.0,0.0,0.000269845329062
37.75,0.0,0.0,0.000269465197426
37.8,2.15993889441e-16,3.652682599e-17,0.000268761689479
37.85,7.98808329398e-05,8.46081091287e-07,0.000267785216666
37.9,0.000154795669012,1.70366087477e-06,0.000266327318001
37.95,0.000225014975925,2.58447503938e-06,0.000264737050976
38.0,0.000290858642113,3.50174342827e-06,0.000263048366014
38.05,0.000352584904326,4.47314036172e-06,0.000261287803166
38.1,0.000410455746042,5.50255318201e-06,0.000259475803247
38.15,0.000464716135727,6.60850463172e-06,0.000257628125528
38.2,0.000515579515886,7.79961073155e-06,0.00025575735519
38.25,0.000563276984045,9.08326224014e-06,0.000254039089587
38.3,0.000607981383207,1.04757623402e-05,0.000255782764202
38.35,0.000649906537145,1.19764357087e-05,0.000256731796048
38.4,0.000689200848768,1.36005173499e-05,0.000257071329574
38.45,0.000726049451571,1.53553056381e-05,0.000256943762606
38.5,0.000760591125661,1.72439991962e-05,0.00025645892384
38.55,0.000792977848746,1.92822783447e-05,0.00025586623145
38.6,0.000823341679847,2.14679133535e-05,0.000257703978643
38.65,0.000851806773347,2.38092105497e-05,0.000258720779492
38.7,0.000878498043473,2.6312147184e-05,0.000259107932139
38.75,0.000903516346367,2.89740769101e-05,0.000259012570284
38.8,0.000903516346367,3.02750618623e-05,0.000258548230699
38.85,0.000894975715403,3.15565757252e-05,0.000257802667767
38.9,0.000886515592469,3.28071697102e-05,0.000257012985597
38.95,0.000878135221,3.40244393672e-05,0.000259454337009
39.0,0.000869833851517,3.51958754674e-05,0.000260998419658
39.05,0.000861610741559,3.63222304014e-05,0.000261852974747
39.1,0.00085346515562,3.74029741721e-05,0.000262178615024
39.15,0.000845396365081,3.84389171521e-05,0.000262098751159
39.2,0.00083740364815,3.94312071151e-05,0.000261709052792
39.25,0.000829486289792,4.03807152368e-05,0.000261057903396
39.3,0.000821643581674,4.12881689236e-05,0.000259931560651
39.35,0.000813874822093,4.21553886184e-05,0.000259105105509
39.4,0.000806179315925,4.29806571517e-05,0.000262693322734
39.45,0.000798556374553,4.37451974204e-05,0.000265177119522
39.5,0.000791005315814,4.44521244714e-05,0.000266811030062
39.55,0.000783525463936,4.51069050078e-05,0.000267770074847
39.6,0.000776116149476,4.57146733194e-05,0.000267930707811
39.65,0.000768776709266,4.6279962994e-05,0.000267712874712
39.7,0.000761506486349,4.68057335823e-05,0.00026734291904
39.75,0.000754304829926,4.72944582379e-05,0.000270978735516
39.8,0.000747171095295,4.77246446841e-05,0.000273482275139
39.85,0.00074010834251,4.81034770501e-05,0.000275285700909
39.9,0.000733112166575,4.84364118452e-05,0.000279741382232
39.95,0.000726181941843,4.87110400134e-05,0.000282621135002
40.0,0.000719317048525,4.89366466518e-05,0.000284522245583
40.05,0.000712516872636,4.91219501954e-05,0.000285670857915
40.1,0.000705780805942,4.92733116281e-05,0.000286242051913
40.15,0.000699108245907,4.93948072729e-05,0.000286369932924
40.2,0.000692498595635,4.94906798216e-05,0.000286158423777
40.25,0.000685951263825,4.95643544737e-05,0.00028568791343
40.3,0.000679465664711,4.96193322145e-05,0.000285020345185
40.35,0.000673041218017,4.96571509779e-05,0.000284170418502
40.4,0.0006666773489,4.96797866444e-05,0.00028261140065
40.45,0.000660373487905,4.96923758508e-05,0.00028097941025
40.5,0.00065412907091,4.96960017254e-05,0.000279294654573
40.55,0.000647943539079,4.96915673235e-05,0.000277572937111
40.6,0.00064181633881,4.96798312123e-05,0.000275826933971
40.65,0.00063574692169,4.96614336556e-05,0.000274065480384
40.7,0.000629734744443,4.96369258831e-05,0.000272264943256
40.75,0.000623779268885,4.96069716462e-05,0.000270167561203
40.8,0.000617879961873,4.95737626308e-05,0.000268080006396
40.85,0.000612039353946,4.95375286735e-05,0.000265979732921
40.9,0.000606253802355,4.94986307392e-05,0.000263597077837
40.95,0.000600522789712,4.94590353816e-05,0.000261235783326
41.0,0.000594845803479,4.94187805351e-05,0.000258895381719
41.05,0.000589222335915,4.93779035055e-05,0.000256575691022
41.1,0.000583651884036,4.9336439331e-05,0.00025427699806
41.15,0.000578133949568,4.92944181059e-05,0.000251998647368
41.2,0.000572668038903,4.92519576824e-05,0.000249740461712
41.25,0.00056725366306,4.92092045466e-05,0.000247502747775
41.3,0.000561890337634,4.91659852144e-05,0.000245285071924
41.35,0.000556577582759,4.91223240674e-05,0.000243087172567
41.4,0.000551314923066,4.90782445612e-05,0.000240909589781
41.45,0.000546101887637,4.9033764521e-05,0.00023875152909
41.5,0.000540938009967,4.89889043753e-05,0.000236612563076
41.55,0.000535822827921,4.89436848934e-05,0.000234492525408
41.6,0.000530755883693,4.88981256506e-05,0.000232391678224
41.65,0.000525736723768,4.88522425601e-05,0.000230309422476
41.7,0.000520764898879,4.88060531807e-05,0.000228245596183
41.75,0.000515839963969,4.87595740792e-05,0.000226200479632
41.8,0.000510961478151,4.87128182698e-05,0.000224173676513
41.85,0.000506131534079,4.86658626799e-05,0.000222164947748
41.9,0.000501347119345,4.8618761736e-05,0.000220174786932
41.95,0.000496607806094,4.85714266424e-05,0.000218202467967
42.0,0.000491913170475,4.85238685875e-05,0.000216247600222
42.05,0.000487262792608,4.84760995339e-05,0.000214310031683
42.1,0.000482656256547,4.84281307957e-05,0.000212390001926
42.15,0.000478093150238,4.83799707653e-05,0.000210486963462
42.2,0.000473573065489,4.83317103294e-05,0.000208600768252
42.25,0.00046909559793,4.828355293e-05,0.000206731672459
42.3,0.000464660346981,4.82352337503e-05,0.000204879313882
42.35,0.000460266915811,4.81867603838e-05,0.000203043474021
42.4,0.000455914911309,4.81381404439e-05,0.000201224603988
42.45,0.000451603944045,4.8089377669e-05,0.000199422040178
42.5,0.00044733362824,4.80404785865e-05,0.000197635425583
42.55,0.000443103581725,4.79914506344e-05,0.000195864621272
42.6,0.000438913425914,4.79423008717e-05,0.0001941098462
42.65,0.000434762785769,4.78930339224e-05,0.000192370600001
42.7,0.000430651289765,4.78436562646e-05,0.000190646747377
42.75,0.000426578569857,4.77941740529e-05,0.000188938522443
42.8,0.000422544261451,4.77445909955e-05,0.000187245594174
42.85,0.000418550095083,4.76949117374e-05,0.000185567762874
42.9,0.000414593579619,4.76451467906e-05,0.000183905440828
42.95,0.000410674361237,4.75952972618e-05,0.000182258021549
43.0,0.000406792089431,4.75453669178e-05,0.000180625178754
43.05,0.000402946416978,4.74953604779e-05,0.000179006785471
43.1,0.000399136999906,4.74455078578e-05,0.000177403041811
43.15,0.000395363497465,4.73957370069e-05,0.00017581349047
43.2,0.000391625572095,4.73459028046e-05,0.000174238007799
43.25,0.000387922889401,4.72960091671e-05,0.00017267680776
43.3,0.000384255118117,4.72460579074e-05,0.00017112958782
43.35,0.000380621930082,4.71960659231e-05,0.000169596165472
43.4,0.000377023000208,4.71461635196e-05,0.000168076917514
43.45,0.000373458006453,4.70962093679e-05,0.000166571289659
43.5,0.000369926629793,4.70462058834e-05,0.000165078983709
43.55,0.00036642855419,4.69961563926e-05,0.000163599883618
43.6,0.00036296346657,4.69460640756e-05,0.000162134172273
43.65,0.000359531056791,4.68959302789e-05,0.000160681431732
43.7,0.000356131017616,4.68457579976e-05,0.000159241548987
43.75,0.000352763044688,4.67955500976e-05,0.000157814719585
43.8,0.000349426836502,4.67453075776e-05,0.000156400667031
43.85,0.000346123824142,4.66950323123e-05,0.000154999224527
43.9,0.00034285194754,4.6644731094e-05,0.00015361073644
43.95,0.000339610914101,4.6594722535e-05,0.000152234696191
44.0,0.000336400433971,4.6544753136e-05,0.000150870831244
44.05,0.00033322022001,4.64947620445e-05,0.000149519035545
44.1,0.000330069987767,4.64447514574e-05,0.000148179476238
44.15,0.000326949455456,4.63947219634e-05,0.000146851771354
44.2,0.00032385834393,4.63446756634e-05,0.00014553581761
44.25,0.000320796376656,4.62946145755e-05,0.000144231793723
44.3,0.000317763279691,4.62445390734e-05,0.000142939446997
44.35,0.00031475878166,4.61944503441e-05,0.000141658624988
44.4,0.000311782613729,4.61443498112e-05,0.000140389642425
44.45,0.000308834509581,4.60942365363e-05,0.000139132036329
44.5,0.000305914205396,4.60441116155e-05,0.000137885557622
44.55,0.000303021439825,4.59939769367e-05,0.000136650109376
44.6,0.000300155953968,4.59438343175e-05,0.000135425844351
44.65,0.000297317491349,4.58936841296e-05,0.000134212413453
44.7,0.000294505797898,4.58435281261e-05,0.000133009722288
44.75,0.000291720621922,4.57935501812e-05,0.000131817934191
44.8,0.00028896171409,4.57437706793e-05,0.000130636818216
44.85,0.000366111090789,4.82789873999e-05,0.000129466235039
44.9,0.00043832021862,5.10548429441e-05,0.000128306472302
44.95,0.000505859323328,5.4076015562e-05,0.000127157106871
45.0,0.000569048053648,5.73558383739e-05,0.000126017911109
45.05,0.000628144408878,6.09236736616e-05,0.00012488879643
45.1,0.000683410137267,6.47700931023e-05,0.000123769902444
45.15,0.000735089974254,6.89301558769e-05,0.000122660910105
45.2,0.000783397131503,7.34098022315e-05,0.000121561733143
45.25,0.000828562477857,7.82139034753e-05,0.000120472520836
45.3,0.000870758629779,8.33714795388e-05,0.000119393062112
45.35,0.000910199186628,8.88726156267e-05,0.000118323229642
45.4,0.000947032328995,9.47417429375e-05,0.000117263286309
45.45,0.000981442970145,0.00010099023406,0.000116212845399
45.5,0.00101356967202,0.000107608285434,0.000115171698865
45.55,0.00104356419619,0.000114626779884,0.000114139765748
45.6,0.00107155838759,0.000122027749651,0.000113117173642
45.65,0.0010976761885,0.000129831461684,0.000112103630959
45.7,0.00112204230304,0.000138045702021,0.000111099058855
45.75,0.00114475737923,0.000146648282589,0.00011010359376
45.8,0.00114247587519,0.000151736705984,0.000109117042769
45.85,0.00113167644154,0.000156756502706,0.000108139289512
45.9,0.00112097880846,0.000161666578871,0.000107170574245
45.95,0.0011103820193,0.00016646089009,0.000106210543539
46.0,0.00109988512635,0.000171140596709,0.000105259007254
46.05,0.00108948719079,0.000175696866013,0.000104315891397
46.1,0.00107918728259,0.000180133770965,0.000103381312581
46.15,0.00106898448043,0.000184446727908,0.000102455004315
46.2,0.00105887787162,0.000188634991919,0.000101536894542
46.25,0.001048866552,0.000192698820386,0.000100627107948
46.3,0.00103894962592,0.000196638530163,9.97254682316e-05
46.35,0.00102912620608,0.000200454524269,9.88318690379e-05
46.4,0.00101939541352,0.000204149662847,9.79465299457e-05
46.45,0.00100975637749,0.000207725999289,9.70691279448e-05
46.5,0.00100020823541,0.000211181773307,9.619948926e-05
46.55,0.000990750132796,0.000214524506233,9.53375462667e-05
46.6,0.00098138122314,0.000217751127144,9.4483405542e-05
46.65,0.000972100667883,0.000220870823908,9.36368235309e-05
46.7,0.000962907636321,0.000223881027281,9.27977343774e-05
46.75,0.00095380130553,0.000226786378946,9.1966252037e-05
46.8,0.000944780860301,0.000229593940224,9.11422153826e-05
46.85,0.000935850170002,0.000232303569882,9.03255272123e-05
46.9,0.000927003664617,0.000234919360468,8.95163882065e-05
46.95,0.000918240553027,0.000237445294054,8.87145031558e-05
47.0,0.000909560051525,0.000239885301797,8.79197132419e-05
47.05,0.000900961383741,0.000242243258984,8.71319566604e-05
47.1,0.000892443780576,0.000244522981619,8.63513308155e-05
47.15,0.000884006480136,0.000246728220356,8.55776131147e-05
47.2,0.000875648727663,0.000248862675867,8.481074337e-05
47.25,0.000867369775466,0.000250929993531,8.40508257291e-05
47.3,0.000859168882861,0.000252933758469,8.32977129329e-05
47.35,0.000851045316099,0.000254880292196,8.25513161454e-05
47.4,0.000842998348308,0.000256771541035,8.18118187748e-05
47.45,0.000835027259422,0.000258610090913,8.10789510199e-05
47.5,0.000827131336121,0.000260399325068,8.03525677318e-05
47.55,0.000819309871771,0.000262145727338,7.96326124256e-05
47.6,0.000811562166356,0.000263851235973,7.89191741219e-05
47.65,0.000803887526419,0.000265517700669,7.82120493866e-05
47.7,0.000796285264999,0.000267151208165,7.75111832119e-05
47.75,0.000788754701575,0.000268755006665,7.68166707816e-05
47.8,0.000781295162001,0.000270329886424,7.61283775111e-05
47.85,0.000773909846086,0.000271883570184,7.54462222105e-05
47.9,0.000766594147654,0.00027341678469,7.4770372502e-05
47.95,0.000759347412483,0.000274932865292,7.41005818062e-05
48.0,0.000752168992479,0.000276439080371,7.34367174667e-05
48.05,0.000745058245615,0.000277934132149,7.27787278604e-05
48.1,0.000738014535878,0.000279426243087,7.21266943459e-05
48.15,0.000731037233214,0.000280916884402,7.14804309984e-05
48.2,0.000724125713467,0.000282410253179,7.08398875446e-05
48.25,0.000717279358328,0.000283913544497,7.0205150976e-05
48.3,0.000710497555282,0.00028542721385,6.95760982915e-05
48.35,0.000703779697548,0.00028696150736,6.89526552891e-05
48.4,0.000697125184032,0.000288517958102,6.83349751639e-05
48.45,0.00069053341927,0.000290103721733,6.77228325594e-05
48.5,0.000684003813376,0.000291727606068,6.71161062368e-05
48.55,0.000677535781991,0.000293393574008,6.6514749016e-05
48.6,0.000671128746231,0.000295113252038,6.59188352532e-05
48.65,0.000664782132635,0.000296895321393,6.5328195026e-05
48.7,0.000658495373116,0.000298749158477,6.47427823882e-05
48.75,0.000652267904908,0.000300689178309,6.41626768437e-05
48.8,0.000646099170523,0.000302731219743,6.35877659781e-05
48.85,0.000639991816069,0.000304891023091,6.30179819759e-05
48.9,0.00063394203243,0.000307190064836,6.24534648471e-05
48.95,0.000627949278589,0.000309653702959,6.1894008631e-05
49.0,0.000622013018599,0.000312313208389,6.13395025238e-05
49.05,0.000616132721531,0.000315207178131,6.07899034062e-05
49.1,0.000610307861427,0.000318383946828,6.02452792347e-05
49.15,0.000604537917259,0.000321905032756,5.97054747118e-05
49.2,0.000598822372874,0.000325850683247,5.91704478458e-05
49.25,0.000593160716958,0.000330332621563,5.86402712979e-05
49.3,0.000587552442985,0.000335494722613,5.81148423291e-05
49.35,0.000581997049171,0.000341546092565,5.75940989607e-05
49.4,0.000576494038438,0.000348787794704,5.7078169152e-05
49.45,0.000571042918359,0.000357680530466,5.65668646693e-05
49.5,0.000565643201124,0.000368952290536,5.60600842455e-05
49.55,0.000560294403491,0.000383833161188,5.55577884725e-05
49.6,0.000554996046748,0.000404564143914,5.5060039458e-05
49.65,0.000549747656665,0.00043560558552,5.45666952705e-05
49.7,0.000544548763457,0.000486735643407,5.40777175327e-05
49.75,0.000539398901742,0.000580100807587,5.35931726519e-05
49.8,0.000534297610497,0.000743173561376,5.31129667317e-05
49.85,0.000529247077948,0.000882867553256,5.26370431278e-05
49.9,0.000524244154109,0.000918814301116,5.21655187862e-05
49.95,0.000519288391583,0.000925040547265,5.16982216743e-05
50.0,0.000514379347162,0.000925940407316,5.12350592409e-05
50.05,0.000509516581791,0.000925424091048,5.07759954698e-05
50.1,0.000504699660525,0.000924183839675,5.03210871229e-05
50.15,0.000499928152492,0.000922244321989,4.98702044849e-05
50.2,0.000495201630858,0.000919401658163,4.94233124814e-05
50.25,0.000490519672785,0.000915287554499,4.89804718042e-05
50.3,0.000485881859397,0.000909343116853,4.85415966384e-05
50.35,0.00048128777574,0.000900753694228,4.81066352149e-05
50.4,0.00047673701075,0.000888391562155,4.76756944145e-05
50.45,0.00047222915721,0.000870791084276,4.72486170112e-05
50.5,0.000467763811722,0.000846244018172,4.68253184195e-05
50.55,0.000463340574664,0.000813095742229,4.6405765723e-05
50.6,0.000458959050161,0.000770325235311,4.59900107984e-05
50.65,0.000454618846043,0.00071841129446,4.55779350946e-05
50.7,0.000450319573819,0.000659667784118,4.51695065562e-05
50.75,0.000446060848635,0.000596352955934,4.47647806512e-05
50.8,0.000441842289245,0.000528871773763,4.43636789507e-05
50.85,0.000437665705222,0.000456964872374,4.39661541414e-05
50.9,0.000433528491656,0.000382409574328,4.35723039049e-05
50.95,0.00042943027857,0.000310738044484,4.31819845475e-05
51.0,0.000425370699448,0.00024919042505,4.27951187638e-05
51.05,0.000421349391208,0.000201739606952,4.24116764706e-05
51.1,0.000417365994169,0.000167502422089,4.20317050796e-05
51.15,0.000413420152019,0.000143375345936,4.16550962432e-05
51.2,0.000409511511782,0.000126361728525,4.1281820665e-05
51.25,0.000405639723789,0.000114250970558,4.09119290389e-05
51.3,0.000401804441646,0.000105551464878,4.05453496864e-05
51.35,0.000398005322204,9.9268949889e-05,4.01820393662e-05
51.4,0.000394242025528,9.47361471436e-05,3.98220873528e-05
51.45,0.00039051421487,9.14939778211e-05,3.94653623198e-05
51.5,0.000386821556632,8.9222363657e-05,3.91117936156e-05
51.55,0.000383163720345,8.76915956477e-05,3.87613537462e-05
51.6,0.000379540378636,8.67360355388e-05,3.84140860424e-05
51.65,0.000375951207198,8.62294524916e-05,3.80698914822e-05
51.7,0.000372395884763,8.60801763642e-05,3.77287432905e-05
51.75,0.000368874093073,8.62138464241e-05,3.73906877983e-05
51.8,0.000365385516853,8.65767642947e-05,3.70556594961e-05
51.85,0.000361931652547,8.71220498901e-05,3.67236188646e-05
51.9,0.000358510346,8.78165964007e-05,3.63946474943e-05
51.95,0.000355121291255,8.86299497991e-05,3.60686253621e-05
52.0,0.00035176418522,8.95396945054e-05,3.57454878972e-05
52.05,0.000348438727641,9.05272315556e-05,3.54252099719e-05
52.1,0.000345144621076,9.15770767092e-05,3.51078311878e-05
52.15,0.000341881570868,9.26763136989e-05,3.47932610454e-05
52.2,0.000338649285123,9.38141497831e-05,3.44814750743e-05
52.25,0.000335447474677,9.49815498405e-05,3.41725156176e-05
52.3,0.000332275853078,9.61709357774e-05,3.38663228043e-05
52.35,0.000329134136554,9.73759410938e-05,3.35628605164e-05
52.4,0.000326022043995,9.85912072288e-05,3.3262203322e-05
52.45,0.000322939296921,9.98122579767e-05,3.29642415283e-05
52.5,0.000319885619463,0.000101035350955,3.2668916122e-05
52.55,0.000316860738335,0.000102257138764,3.23762041381e-05
52.6,0.000313864382814,0.000103474878438,3.20861417698e-05
52.65,0.000310896284709,0.000104686236059,3.17986463067e-05
52.7,0.000307956178348,0.000105889222034,3.15136953846e-05
52.75,0.000305043800542,0.000107082134927,3.12313277021e-05
52.8,0.000302158890572,0.000108263514313,3.09514885413e-05
52.85,0.000299302685937,0.000109432103474,3.06741448928e-05
52.9,0.000296473405238,0.000110587372539,3.03993649068e-05
52.95,0.000293670795461,0.000111728837034,3.01270483315e-05
53.0,0.000290894605962,0.000112854960573,2.98571412329e-05
53.05,0.000288144588442,0.000113965030565,2.95896226226e-05
53.1,0.00028542049693,0.000115058419232,2.93245255784e-05
53.15,0.000282722087756,0.000116134569353,2.90617745091e-05
53.2,0.000280049119536,0.000117193271683,2.88013489751e-05
53.25,0.000277401353143,0.000118236692478,2.85432843444e-05
53.3,0.000274778551692,0.000119261843778,2.82875306085e-05
53.35,0.000272180480516,0.000120268360439,2.80340575991e-05
53.4,0.000269606907149,0.000121256551948,2.77829276008e-05
53.45,0.000267057601298,0.000122229285915,2.75340489904e-05
53.5,0.000264532334832,0.000123182773105,2.72873724758e-05
53.55,0.000262030881754,0.000124116743528,2.70428788752e-05
53.6,0.000259553018187,0.000125035753427,2.68005984194e-05
53.65,0.00025709852235,0.000125935276794,2.65604620232e-05
53.7,0.000254667174539,0.000126815906275,2.63224510062e-05
53.75,0.000252258757111,0.000127681126931,2.60865976924e-05
53.8,0.000249873054461,0.000128526293291,2.58528563774e-05
53.85,0.000247511089949,0.000129355602775,2.56211994895e-05
53.9,0.000245171390433,0.000130166569651,2.53916839525e-05
53.95,0.000242853746679,0.000130959967029,2.51642260291e-05
54.0,0.000240557951415,0.000131737190789,2.49387806698e-05
54.05,0.000238283799309,0.000132495955963,2.47153303435e-05
54.1,0.000236031086951,0.000133239502833,2.44939026794e-05
54.15,0.000233799612838,0.000133964476051,2.42744345382e-05
54.2,0.000231589177353,0.000134674598464,2.40569088474e-05
54.25,0.00022939958275,0.000135366803976,2.38413551487e-05
54.3,0.000227230633133,0.000136043757535,2.36277316716e-05
54.35,0.000225082134444,0.000136704188765,2.34160132175e-05
54.4,0.000222953894441,0.000137348219408,2.32062518107e-05
54.45,0.000220845722683,0.000137977836875,2.29983709212e-05
54.5,0.000218757430513,0.000138589253493,2.27923293767e-05
54.55,0.000216688831042,0.00013918886743,2.25881111552e-05
54.6,0.000214639739132,0.000139771010929,2.23857415077e-05
54.65,0.00021260997138,0.000140338459625,2.21851627293e-05
54.7,0.0002105993461,0.000140892200779,2.19863592168e-05
54.75,0.00020860768331,0.000141429296032,2.17893579695e-05
54.8,0.000206634804713,0.000141953832887,2.15941208119e-05
54.85,0.000204681556586,0.000142463920642,2.14006247142e-05
54.9,0.0002027467207,0.000142958300547,2.12089172231e-05
54.95,0.000200830124029,0.000143441089893,2.10189283953e-05
55.0,0.000198931595165,0.000143909982223,2.08306206024e-05
55.05,0.000197050964309,0.000144363961667,2.06439792011e-05
55.1,0.000195188063249,0.000144805617403,2.04590272693e-05
55.15,0.000193342725349,0.000145235136874,2.02757120686e-05
55.2,0.000191514785534,0.000145650531924,2.00940193388e-05
55.25,0.000189704080278,0.00014605208895,1.99139737554e-05
55.3,0.000187910447581,0.000146443883048,1.97355404285e-05
55.35,0.000186133726966,0.000146822578894,1.95586983106e-05
55.4,0.000184373759456,0.00014718816233,1.9383490856e-05
55.45,0.000182630387565,0.000147540895985,1.92098541414e-05
55.5,0.00018090345528,0.00014788457453,1.90377537771e-05
55.55,0.000179192808054,0.000148216145259,1.886717638e-05
55.6,0.000177498292783,0.000148535538649,1.86981430418e-05
55.65,0.0001758197578,0.000148842997694,1.85306055631e-05
55.7,0.00017415705286,0.000149139928914,1.83645509112e-05
55.75,0.000172510029124,0.000149427322978,1.82000016377e-05
55.8,0.000170878539148,0.000149703399318,1.80369258558e-05
55.85,0.000169263282768,0.000149968382618,1.78753043294e-05
55.9,0.00016766325256,0.000150222498684,1.77151767727e-05
55.95,0.000166078305436,0.000150465961584,1.75564847644e-05
56.0,0.000164508299652,0.000150701547704,1.73991968744e-05
56.05,0.000162953094788,0.000150926856131,1.72433008717e-05
56.1,0.00016141255174,0.000151142055355,1.70888160325e-05
56.15,0.000159886532709,0.000151347343842,1.69356983061e-05
56.2,0.000158374901183,0.000151542916716,1.67839357812e-05
56.25,0.000156877521932,0.000151728965062,1.66335490687e-05
56.3,0.000155394260991,0.000151906309703,1.64845090261e-05
56.35,0.000153924985649,0.000152075861134,1.63367980728e-05
56.4,0.000152469564442,0.000152236367675,1.61904525052e-05
56.45,0.000151027867132,0.000152388230777,1.60454189299e-05
56.5,0.000149599764706,0.000152531430397,1.59016686222e-05
56.55,0.000148185129357,0.000152666105189,1.57591904037e-05
56.6,0.000146783834476,0.000152792421284,1.56180018915e-05
56.65,0.000145395754641,0.000152910540718,1.54780628263e-05
56.7,0.000144020765603,0.000153020622955,1.53393623221e-05
56.75,0.000142658744281,0.000153122936138,1.52019192156e-05
56.8,0.000141309568743,0.000153218728394,1.50657068728e-05
56.85,0.000139973817727,0.000153306881514,1.49307092262e-05
56.9,0.000138650658131,0.000153387547776,1.47969594481e-05
56.95,0.000137339971631,0.00015346087051,1.46644087408e-05
57.0,0.000136041641007,0.000153527081124,1.45330308516e-05
57.05,0.000134755550139,0.000153586386951,1.44028155645e-05
57.1,0.000133481583995,0.000153638767848,1.42737789803e-05
57.15,0.000132219628618,0.000153684356611,1.41458843045e-05
57.2,0.000130969571121,0.000153723284066,1.40191215883e-05
57.25,0.000129731299672,0.00015375567845,1.38935080471e-05
57.3,0.000128504703489,0.00015378166479,1.37690193392e-05
57.35,0.000127289672825,0.000153801366008,1.36456407801e-05
57.4,0.000126086098963,0.000153814902732,1.35234026869e-05
57.45,0.000124893874205,0.000153822392224,1.34022604618e-05
57.5,0.000123712891859,0.000153823950321,1.32821901118e-05
57.55,0.000122543046236,0.00015381969096,1.31631823001e-05
57.6,0.000121384232635,0.000153809725863,1.30452517417e-05
57.65,0.000120236347337,0.000153794163982,1.29283648091e-05
57.7,0.000119099287593,0.000153773112765,1.28125124097e-05
57.75,0.00011797295162,0.000153746677584,1.26977102771e-05
57.8,0.000116857238586,0.000153714961162,1.25839361647e-05
57.85,0.000115752627082,0.000153678064576,1.24711766519e-05
57.9,0.000114658428169,0.000153636090959,1.23594594465e-05
57.95,0.000113574543995,0.000153589285941,1.22487437891e-05
58.0,0.000112500877627,0.000153537706502,1.21390077519e-05
58.05,0.000111437333037,0.000153481337126,1.20302428015e-05
58.1,0.000110383815098,0.000153420269783,1.19224623865e-05
58.15,0.000109340229572,0.000153354594155,1.18156357736e-05
58.2,0.000108306483107,0.000153284398784,1.17097546529e-05
58.25,0.000107282483222,0.000153209770545,1.16048334038e-05
58.3,0.000106268138305,0.000153130794115,1.15008516944e-05
58.35,0.000105263357599,0.000153047552884,1.13977972592e-05
58.4,0.000104268051201,0.000152960128783,1.12956954212e-05
58.45,0.000103282130047,0.000152868601385,1.11945089293e-05
58.5,0.00010230550591,0.000152773064425,1.10942177427e-05
58.55,0.000101338091386,0.000152673811982,1.09948140627e-05
58.6,0.000100379799894,0.000152570690394,1.08963101802e-05
58.65,9.94305456621e-05,0.000152463773931,1.07986780073e-05
58.7,9.84902437214e-05,0.000152353136001,1.07019099491e-05
58.75,9.75588099004e-05,0.000152238848663,1.06060191476e-05
58.8,9.6636160816e-05,0.00015212098214,1.05109870207e-05
58.85,9.57226922433e-05,0.000151999605643,1.04168023586e-05
58.9,9.48178344577e-05,0.000151874790412,1.03234883048e-05
58.95,9.39215065405e-05,0.000151746602401,1.02310108143e-05
59.0,9.30336283304e-05,0.000151615107021,1.01393515713e-05
59.05,9.21541204173e-05,0.000151480368773,1.00485034481e-05
59.1,9.12829041344e-05,0.000151342450989,9.9584776781e-06
59.15,9.04199015521e-05,0.000151201415411,9.8692485906e-06
59.2,8.95650354705e-05,0.000151057323127,9.78080924448e-06
59.25,8.87182294126e-05,0.000150910234126,9.69317165056e-06
59.3,8.78794076181e-05,0.000150760206859,9.60631882618e-06
59.35,8.70484950362e-05,0.000150607298981,9.52024052632e-06
59.4,8.62254173192e-05,0.000150451603665,9.43495790254e-06
59.45,8.54101008158e-05,0.000150294149006,9.35043984001e-06
59.5,8.46024725648e-05,0.000150134198799,9.26666959939e-06
59.55,8.38024602884e-05,0.000149971620016,9.18364066656e-06
59.6,8.30099923861e-05,0.00014980646521,9.10136330784e-06
59.65,8.22249979282e-05,0.000149638785602,9.01981406214e-06
59.7,8.14474066497e-05,0.00014946863192,8.93898658572e-06
59.75,8.06771489438e-05,0.000149296054001,8.85889185563e-06
59.8,7.9914155856e-05,0.000149121100387,8.7795143509e-06
59.85,7.91587546763e-05,0.000148943818992,8.70084470829e-06
59.9,7.84104742656e-05,0.000148764259593,8.62290225886e-06
59.95,7.76692477073e-05,0.000148582467826,8.54565856579e-06
60.0,7.69350087117e-05,0.000148398489073,8.46909833049e-06
60.05,7.62076916096e-05,0.000148212549182,8.3932155995e-06
60.1,7.54872313468e-05,0.000148025025295,8.31801975552e-06
60.15,7.47735634788e-05,0.000147836275468,8.24348935674e-06
60.2,7.40666241643e-05,0.00014764554054,8.16961860541e-06
60.25,7.336635016e-05,0.000147452861963,8.09641753381e-06
60.3,7.26726788153e-05,0.0001472582801,8.02387195683e-06
60.35,7.19855480662e-05,0.000147061834816,7.95197331711e-06
60.4,7.13048964302e-05,0.000146863565362,7.88073928191e-06
60.45,7.06306630006e-05,0.000146663509761,7.81014386196e-06
60.5,6.99627874416e-05,0.000146461705868,7.74017307536e-06
60.55,6.93012099824e-05,0.00014625819109,7.67082148109e-06
60.6,6.86458714122e-05,0.000146053002198,7.60209765427e-06
60.65,6.79967130752e-05,0.000145846418339,7.53398199858e-06
60.7,6.7353676865e-05,0.000145639450496,7.46646921526e-06
60.75,6.67167052196e-05,0.000145430938491,7.39956847312e-06
60.8,6.60857411165e-05,0.000145220916037,7.33326680797e-06
60.85,6.54610552111e-05,0.000145009416452,7.26755639895e-06
60.9,6.48422578907e-05,0.000144796474687,7.20245339273e-06
60.95,6.42292938181e-05,0.000144582122449,7.1379340369e-06
61.0,6.36221081742e-05,0.000144366627738,7.07398555297e-06
61.05,6.30206466533e-05,0.000144149793774,7.01060296821e-06
61.1,6.24248554584e-05,0.000143931643911,6.94779411971e-06
61.15,6.18346812963e-05,0.000143712522135,6.88554109777e-06
61.2,6.1250071373e-05,0.000143493420268,6.82383905969e-06
61.25,6.06709733889e-05,0.000143273112643,6.76269638514e-06
61.3,6.00973355345e-05,0.000143051627392,6.70210122572e-06
61.35,5.95291064853e-05,0.000142828992339,6.64204643372e-06
61.4,5.89662353978e-05,0.000142605234897,6.58254676608e-06
61.45,5.84086719049e-05,0.000142380381577,6.52358051473e-06
61.5,5.7856366111e-05,0.000142154458836,6.46513600102e-06
61.55,5.73092685883e-05,0.000141927596853,6.4072086802e-06
61.6,5.67673303719e-05,0.000141699842421,6.34980571485e-06
61.65,5.62305029557e-05,0.000141472718019,6.29291073672e-06
61.7,5.56987382882e-05,0.000141244702967,6.23651931992e-06
61.75,5.51719887679e-05,0.000141015764994,6.1806391229e-06
61.8,5.46502072397e-05,0.000140785927649,6.12525931703e-06
61.85,5.41336175244e-05,0.000140555214235,6.07037336979e-06
61.9,5.36218974283e-05,0.000140323649456,6.01599476803e-06
61.95,5.31150011896e-05,0.000140091255454,5.96210367204e-06
62.0,5.26128834754e-05,0.00013985805435,5.90868940835e-06
62.05,5.21154993769e-05,0.000139624483197,5.85574782338e-06
62.1,5.16228044064e-05,0.000139391483813,5.80328546322e-06
62.15,5.11347544924e-05,0.000139157759575,5.75128736842e-06
62.2,5.06513059766e-05,0.000138923331096,5.69974949402e-06
62.25,5.01724156092e-05,0.000138688218651,5.64867883932e-06
62.3,4.96980405459e-05,0.000138452441937,5.5980655077e-06
62.35,4.92281383435e-05,0.000138216020456,5.5479035289e-06
62.4,4.87626669565e-05,0.000137978973436,5.49820522893e-06
62.45,4.83015847332e-05,0.00013774131943,5.4489524757e-06
62.5,4.78448504122e-05,0.000137504756405,5.40013551437e-06
62.55,4.73924231187e-05,0.0001372679862,5.35175054887e-06
62.6,4.69442623606e-05,0.00013703068116,5.30380356186e-06
62.65,4.65003280254e-05,0.000136792858627,5.25628088145e-06
62.7,4.60605803765e-05,0.000136554535877,5.20917881082e-06
62.75,4.56249800495e-05,0.000136315729898,5.16250374684e-06
62.8,4.51934880488e-05,0.000136076457183,5.11624664468e-06
62.85,4.47662894652e-05,0.000135836734073,5.07040204793e-06
62.9,4.43431178577e-05,0.000135597890003,5.02498122174e-06
62.95,4.39239353832e-05,0.000135359157873,4.9799675946e-06
63.0,4.3508704553e-05,0.000135120038952,4.93535225128e-06
63.05,4.30973882298e-05,0.000134880581356,4.8911317224e-06
63.1,4.26899496236e-05,0.000134640951393,4.84731147574e-06
63.15,4.22863522895e-05,0.000134400979961,4.8038790161e-06
63.2,4.18865601235e-05,0.000134160681489,4.76083096487e-06
63.25,4.149053736e-05,0.00013392007017,4.71817316832e-06
63.3,4.10982485685e-05,0.000133680581274,4.67589736011e-06
63.35,4.07096586502e-05,0.0001334412495,4.63399855347e-06
63.4,4.03247328351e-05,0.000133201659663,4.59248704395e-06
63.45,3.99434366791e-05,0.000132961824527,4.55134768634e-06
63.5,3.95657360606e-05,0.00013272175689,4.51057233274e-06
63.55,3.91915971777e-05,0.000132481469444,4.47015781238e-06
63.6,3.88209865453e-05,0.000132240974672,4.4301091224e-06
63.65,3.8453870992e-05,0.000132000284681,4.39041484309e-06
63.7,3.80902176571e-05,0.00013176118408,4.3510718866e-06
63.75,3.77299939879e-05,0.000131522018688,4.31208559603e-06
63.8,3.73731677367e-05,0.000131282706403,4.27344841654e-06
63.85,3.7019891966e-05,0.000131043258462,4.23515579052e-06
63.9,3.66699463399e-05,0.000130803687093,4.19721712742e-06
63.95,3.63232995638e-05,0.000130564002911,4.15961858556e-06
64.0,3.59799206362e-05,0.000130324296585,4.12235271831e-06
64.05,3.56397788457e-05,0.000130085072811,4.08541662781e-06
64.1,3.53028437689e-05,0.000129847208984,4.04881488112e-06
64.15,3.49690852669e-05,0.00012960928674,4.01253704138e-06
64.2,3.46384734836e-05,0.000129371315955,3.97658028652e-06
64.25,3.43109788421e-05,0.000129133306342,3.94094949977e-06
64.3,3.39865720428e-05,0.000128895267295,3.90563777652e-06
64.35,3.36652240605e-05,0.000128657208136,3.87064095144e-06
64.4,3.33469061418e-05,0.000128419138058,3.8359676241e-06
64.45,3.30315898029e-05,0.000128182132039,3.80160514418e-06
64.5,3.27192468265e-05,0.000127945942963,3.76754670595e-06
64.55,3.24098492599e-05,0.000127709780508,3.73378966098e-06
64.6,3.21033694123e-05,0.00012747382755,3.70033818324e-06
64.65,3.17997798523e-05,0.000127237949535,3.66718273417e-06
64.7,3.14990534054e-05,0.000127002123658,3.63432073458e-06
64.75,3.12011631519e-05,0.000126766357974,3.60175664742e-06
64.8,3.09060824242e-05,0.000126530660262,3.56948416233e-06
64.85,3.06139377989e-05,0.000126296797116,3.53749947251e-06
64.9,3.0324547067e-05,0.000126063131362,3.50581043736e-06
64.95,3.00378843493e-05,0.000125829567287,3.47440549535e-06
65.0,2.97539240086e-05,0.000125596112047,3.44327842654e-06
65.05,2.94726406482e-05,0.000125362772752,3.41242681042e-06
65.1,2.91940091088e-05,0.000125129556385,3.38185446172e-06
65.15,2.89180044671e-05,0.000124896469691,3.35155266285e-06
65.2,2.86446020331e-05,0.000124664145605,3.32151905661e-06
65.25,2.8373777348e-05,0.000124433190778,3.29175772184e-06
65.3,2.81055061822e-05,0.000124202394902,3.26226289129e-06
65.35,2.78397645331e-05,0.000123971764182,3.2330310858e-06
65.4,2.75765286227e-05,0.000123741304735,3.20406948835e-06
65.45,2.73157748961e-05,0.000123511022388,3.17536753248e-06
65.5,2.70574800189e-05,0.000123280935638,3.14691953358e-06
65.55,2.68016208752e-05,0.000123051232955,3.1187232795e-06
65.6,2.65481745659e-05,0.00012282304543,3.09078225661e-06
65.65,2.62971184063e-05,0.000122595576591,3.06308849765e-06
65.7,2.60484299242e-05,0.0001223683227,3.03563984831e-06
65.75,2.58020868581e-05,0.00012214128905,3.00844003634e-06
65.8,2.55580671551e-05,0.000121914480727,2.9814837909e-06
65.85,2.53164754888e-05,0.000121687902784,2.95476793227e-06
65.9,2.50771611798e-05,0.000121461560956,2.92829902518e-06
65.95,2.4840102827e-05,0.000121235613687,2.90206741263e-06
66.0,2.46052792296e-05,0.000121011568791,2.87606789928e-06
66.05,2.43726693854e-05,0.000120787782346,2.85029846336e-06
66.1,2.4142252489e-05,0.000120564364884,2.8247622912e-06
66.15,2.39140079295e-05,0.00012034130324,2.79945210125e-06
66.2,2.36879152894e-05,0.000120118513791,2.77436592462e-06
66.25,2.34639543424e-05,0.000119896000795,2.74950716823e-06
66.3,2.32421050515e-05,0.000119673768328,2.72487101489e-06
66.35,2.30223475675e-05,0.000119452540015,2.70045455854e-06
66.4,2.2804662227e-05,0.000119232668264,2.67626379891e-06
66.45,2.25890295511e-05,0.00011901309631,2.65228991016e-06
66.5,2.23754302431e-05,0.000118793827852,2.62852814411e-06
66.55,2.21638451873e-05,0.000118574866569,2.604976653e-06
66.6,2.19542554468e-05,0.000118356216064,2.58163834891e-06
66.65,2.17466422624e-05,0.000118137879788,2.55850657701e-06
66.7,2.15409870507e-05,0.000117919861206,2.53557953787e-06
66.75,2.13372714021e-05,0.000117703332687,2.51286034518e-06
66.8,2.11354770799e-05,0.000117487720153,2.49034459635e-06
66.85,2.09356906447e-05,0.000117272441998,2.46802963546e-06
66.9,2.0737787491e-05,0.000117057501886,2.44592094584e-06
66.95,2.05417499209e-05,0.000116842902664,2.42401046128e-06
67.0,2.03475604022e-05,0.00011662864723,2.40229384227e-06
67.05,2.01552015669e-05,0.000116414887381,2.38076940008e-06
67.1,1.99646562097e-05,0.000116201525022,2.35943979616e-06
67.15,1.97759072865e-05,0.000115989994556,2.33829894845e-06
67.2,1.95889379127e-05,0.000115779070377,2.31734521239e-06
67.25,1.94037313619e-05,0.000115568510481,2.29658143369e-06
67.3,1.92202710644e-05,0.000115358317257,2.27600358867e-06
67.35,1.90385406057e-05,0.000115148493081,2.25560925002e-06
67.4,1.88585237251e-05,0.000114939040289,2.23540342911e-06
67.45,1.86802043142e-05,0.00011472996105,2.21537875399e-06
67.5,1.85035664155e-05,0.000114521257579,2.19553125863e-06
67.55,1.83285942209e-05,0.000114314562805,2.17585939967e-06
67.6,1.81552720707e-05,0.000114108358209,2.15636560948e-06
67.65,1.79835844515e-05,0.000113902680749,2.13704432947e-06
67.7,1.78135159957e-05,0.00011369739361,2.11789405664e-06
67.75,1.76450514794e-05,0.000113492498687,2.09891739176e-06
67.8,1.74781758215e-05,0.000113287997754,2.08011065748e-06
67.85,1.7312960604e-05,0.000113083892579,2.06147163538e-06
67.9,1.71493027834e-05,0.000112880185393,2.04300490553e-06
67.95,1.69871877242e-05,0.000112678485724,2.02470373046e-06
68.0,1.6826600928e-05,0.000112477238629,2.0065644855e-06
68.05,1.66675280322e-05,0.000112276399526,1.98858576012e-06
68.1,1.65099548087e-05,0.000112075969884,1.97076977735e-06
68.15,1.63538671626e-05,0.000111875951072,1.95311145701e-06
68.2,1.61992511311e-05,0.00011167634448,1.93560942547e-06
68.25,1.60460928823e-05,0.000111477151456,1.91826605964e-06
68.3,1.58943787136e-05,0.000111278373246,1.90107799868e-06
68.35,1.57440950509e-05,0.000111081409198,1.88404321512e-06
68.4,1.55952284472e-05,0.00011088508421,1.86716589482e-06
68.45,1.54477655816e-05,0.000110689182322,1.8504398802e-06
68.5,1.53016932578e-05,0.000110493704569,1.83386185856e-06
68.55,1.51569984033e-05,0.000110298736631,1.81743054076e-06
68.6,1.50136680681e-05,0.000110104296521,1.80114795851e-06
68.65,1.48716894232e-05,0.000109910283993,1.78500946887e-06
68.7,1.47310497603e-05,0.000109716699967,1.76901381644e-06
68.75,1.45917364898e-05,0.000109524537056,1.75316317355e-06
68.8,1.44537371402e-05,0.000109333390726,1.73745446863e-06
68.85,1.43171109071e-05,0.000109142679697,1.7218858487e-06
68.9,1.41817725775e-05,0.000108952405052,1.70646113935e-06
68.95,1.40477100486e-05,0.000108762567352,1.69117471298e-06
69.0,1.39149113306e-05,0.0001085731672,1.67602354202e-06
69.05,1.37833645465e-05,0.000108384205198,1.66100644827e-06
69.1,1.365305793e-05,0.000108195681918,1.64612528857e-06
69.15,1.35239798254e-05,0.000108008142915,1.63137581961e-06
69.2,1.33961186859e-05,0.000107822207459,1.61675689402e-06
69.25,1.32694630731e-05,0.000107636716634,1.60227049718e-06
69.3,1.31440016555e-05,0.000107451670759,1.58791382187e-06
69.35,1.3019723208e-05,0.000107267070153,1.5736851746e-06
69.4,1.28966166103e-05,0.000107082915116,1.55958805171e-06
69.45,1.27746708467e-05,0.000106899205855,1.54561730994e-06
69.5,1.26538750043e-05,0.000106715942613,1.5317701823e-06
69.55,1.25342182728e-05,0.000106533125634,1.51804559201e-06
69.6,1.24156899429e-05,0.000106351800283,1.50444523609e-06
69.65,1.22982794057e-05,0.000106171368704,1.49096523644e-06
69.7,1.21819761519e-05,0.000105991387446,1.47760454445e-06
69.75,1.20667697703e-05,0.000105811856577,1.46436497461e-06
69.8,1.19526499477e-05,0.000105632776103,1.45124396133e-06
69.85,1.18396656363e-05,0.00010545414603,1.43823995687e-06
69.9,1.17277463685e-05,0.000105275966676,1.42535615663e-06
69.95,1.16168821356e-05,0.00010509823794,1.41258786005e-06
70.0,1.15070630229e-05,0.000104920959758,1.39993253827e-06
70.05,1.13982792082e-05,0.000104745569038,1.3873892072e-06
70.1,1.12905209615e-05,0.00010457081651,1.37495941779e-06
70.15,1.11837786439e-05,0.000104396517865,1.36263962574e-06
70.2,1.10780427067e-05,0.000104222672898,1.35042887267e-06
70.25,1.09733036908e-05,0.000104049281391,1.33832881692e-06
70.3,1.08695522256e-05,0.000103876343064,1.3263371137e-06
70.35,1.07667790282e-05,0.000103703857643,1.31445234849e-06
70.4,1.06649749029e-05,0.000103531824844,1.30267744166e-06
70.45,1.05641307398e-05,0.000103360328026,1.29100809723e-06
70.5,1.04642375146e-05,0.000103190598376,1.279442004e-06
70.55,1.03652862875e-05,0.000103021323193,1.26797826257e-06
70.6,1.02672682025e-05,0.000102852502069,1.2566182904e-06
70.65,1.01701744863e-05,0.000102684239896,1.24535884825e-06
70.7,1.00739964483e-05,0.0001025164913,1.23419906022e-06
70.75,9.97872547877e-06,0.000102349195871,1.22314044193e-06
70.8,9.88435304909e-06,0.000102182353099,1.21218085039e-06
70.85,9.79091964078e-06,0.000102015962479,1.20131899283e-06
70.9,9.69836697999e-06,0.000101850023766,1.19055753829e-06
70.95,9.60668679002e-06,0.000101685775569,1.1798925605e-06
71.0,9.51587087164e-06,0.000101522092965,1.1693219472e-06
71.05,9.42591110244e-06,0.00010135886305,1.15884487641e-06
71.1,9.33679943608e-06,0.000101196085199,1.14846264358e-06
71.15,9.24852790156e-06,0.000101033758742,1.13817228827e-06
71.2,9.16108860254e-06,0.000100871883029,1.12797300997e-06
71.25,9.07447371667e-06,0.000100710457401,1.11786619384e-06
71.3,8.98867549485e-06,0.000100549481152,1.10784988136e-06
71.35,8.90368626056e-06,0.000100388953586,1.09792289101e-06
71.4,8.81949840921e-06,0.000100229580495,1.0880876621e-06
71.45,8.73610440744e-06,0.000100071252969,1.07834060631e-06
71.5,8.65349679246e-06,9.99133741289e-05,1.06867979317e-06
71.55,8.5716681714e-06,9.97559431891e-05,1.05910447144e-06
71.6,8.49061122067e-06,9.95991020521e-05,1.04961582509e-06
71.65,8.41031868528e-06,9.94427330375e-05,1.04021114846e-06
71.7,8.3307833782e-06,9.92868099465e-05,1.03088970996e-06
71.75,8.25199817979e-06,9.91313319489e-05,1.02165277551e-06
71.8,8.17395603707e-06,9.89762981776e-05,1.01249855517e-06
71.85,8.09669042665e-06,9.88217077721e-05,1.00342596912e-06
71.9,8.02015315844e-06,9.86686903413e-05,9.94437246702e-07
71.95,7.94433738794e-06,9.85162410416e-05,9.8552910845e-07
72.0,7.86923633473e-06,9.83642345473e-05,9.76699790047e-07
72.05,7.7948432819e-06,9.82126699156e-05,9.6794860491e-07
72.1,7.72115157546e-06,9.80615461969e-05,9.59276635102e-07
72.15,7.64815462372e-06,9.79109150232e-05,9.50681407842e-07
72.2,7.57584589674e-06,9.77608280673e-05,9.42162254504e-07
72.25,7.50421892573e-06,9.76111795569e-05,9.33720332061e-07
72.3,7.43326730252e-06,9.74619684845e-05,9.25354004615e-07
72.35,7.36298467894e-06,9.731319385e-05,9.17062285287e-07
72.4,7.29336476629e-06,9.71660282236e-05,9.08847211556e-07
72.45,7.22440133481e-06,9.70193303974e-05,9.00705786205e-07
72.5,7.15608821307e-06,9.68730675856e-05,8.92636396772e-07
72.55,7.08841928747e-06,9.67272387226e-05,8.84638415767e-07
72.6,7.0213885017e-06,9.65818427377e-05,8.76712832122e-07
72.65,6.95498985616e-06,9.64368785335e-05,8.68857385884e-07
72.7,6.88921740751e-06,9.629234503e-05,8.61071465976e-07
72.75,6.82406526806e-06,9.61482411422e-05,8.53356129792e-07
72.8,6.75952760531e-06,9.60045657581e-05,8.45709882233e-07
72.85,6.69563210303e-06,9.58613177735e-05,8.3813182136e-07
72.9,6.63233891e-06,9.57193427688e-05,8.30623809288e-07
72.95,6.56964236608e-06,9.55781029254e-05,8.23183106767e-07
73.0,6.50753686416e-06,9.54372887068e-05,8.15808240118e-07
73.05,6.44601684963e-06,9.5296898948e-05,8.08498635859e-07
73.1,6.38507681989e-06,9.51570201161e-05,8.01255197803e-07
73.15,6.3247113239e-06,9.50176365834e-05,7.94075860513e-07
73.2,6.26491496165e-06,9.48786744365e-05,7.86960065503e-07
73.25,6.20568238374e-06,9.47401324921e-05,7.79908779159e-07
73.3,6.14700829086e-06,9.46020095442e-05,7.72920635065e-07
73.35,6.08888743333e-06,9.44643043948e-05,7.65994808909e-07
73.4,6.03131461067e-06,9.43271771457e-05,7.59133002537e-07
73.45,5.97428467109e-06,9.41914089305e-05,7.52332712462e-07
73.5,5.9177925111e-06,9.40560561207e-05,7.45592591845e-07
73.55,5.861833075e-06,9.3921117471e-05,7.3891211656e-07
73.6,5.80640135444e-06,9.37865917341e-05,7.32292112633e-07
73.65,5.75149238804e-06,9.36524822183e-05,7.25730692394e-07
73.7,5.69710126086e-06,9.35189293365e-05,7.19227345426e-07
73.75,5.64322310405e-06,9.33857860378e-05,7.12782954941e-07
73.8,5.58985309435e-06,9.32530510454e-05,7.06396272125e-07
73.85,5.53701412512e-06,9.31207230912e-05,7.00066543618e-07
73.9,5.48467324103e-06,9.29888010502e-05,6.93795324787e-07
73.95,5.43282576137e-06,9.28574669889e-05,6.87580327619e-07
74.0,5.38146704929e-06,9.27274070635e-05,6.81420321194e-07
74.05,5.33059251135e-06,9.25977502511e-05,6.75314826499e-07
74.1,5.28019759714e-06,9.24684952391e-05,6.69264598464e-07
74.15,5.23027779885e-06,9.23396406994e-05,6.63267911887e-07
74.2,5.18082865092e-06,9.22111853192e-05,6.57324300285e-07
74.25,5.13184572959e-06,9.20831277856e-05,6.5143457085e-07
74.3,5.08332465255e-06,9.19554667695e-05,6.45597582255e-07
74.35,5.03526107855e-06,9.18282009503e-05,6.39812645977e-07
74.4,4.98765070698e-06,9.17013290102e-05,6.34081183518e-07
74.45,4.94048927754e-06,9.15748496083e-05,6.2840110379e-07
74.5,4.89377256984e-06,9.14487614241e-05,6.22771281817e-07
74.55,4.84749640302e-06,9.13238428292e-05,6.17191279814e-07
74.6,4.8016566354e-06,9.11995741553e-05,6.11661787734e-07
74.65,4.75624916409e-06,9.10758102241e-05,6.06181228863e-07
74.7,4.71126992467e-06,9.09524335038e-05,6.00749176867e-07
74.75,4.66671489077e-06,9.08294426381e-05,5.95366369464e-07
74.8,4.62258007377e-06,9.07068362573e-05,5.90031763558e-07
74.85,4.57888440554e-06,9.05846130005e-05,5.84744729889e-07
74.9,4.53560063336e-06,9.04627716249e-05,5.79506567611e-07
74.95,4.49272488649e-06,9.034131075e-05,5.74315365613e-07
75.0,4.45025333043e-06,9.02202290154e-05,5.69170095744e-07
75.05,4.40818216659e-06,9.00995250693e-05,5.64070357899e-07
75.1,4.36650763198e-06,8.99791975613e-05,5.59016782649e-07
75.15,4.32522599882e-06,8.98601180557e-05,5.54007928984e-07
75.2,4.28433357427e-06,8.9741597138e-05,5.49043407265e-07
75.25,4.24382670007e-06,8.96234890146e-05,5.44123891714e-07
75.3,4.20370175223e-06,8.95057529821e-05,5.39248429016e-07
75.35,4.16395514069e-06,8.9388387649e-05,5.34416444069e-07
75.4,4.12458330905e-06,8.92713916278e-05,5.29629124209e-07
75.45,4.08558273421e-06,8.91547635148e-05,5.24884722814e-07
75.5,4.04694992607e-06,8.90385019245e-05,5.20182300224e-07
75.55,4.00868142723e-06,8.89226054805e-05,5.15521490771e-07
75.6,3.9707738127e-06,8.88070728085e-05,5.10902870753e-07
75.65,3.93322368956e-06,8.8691902525e-05,5.06325123186e-07
75.7,3.89602769668e-06,8.85770932601e-05,5.01787891967e-07
75.75,3.85918250443e-06,8.84631330386e-05,4.97291793289e-07
75.8,3.82268481439e-06,8.83499427896e-05,4.92835955887e-07
75.85,3.78655028244e-06,8.82371099993e-05,4.88419854156e-07
75.9,3.75075637168e-06,8.81246333613e-05,4.84044573243e-07
75.95,3.71529988118e-06,8.80125114603e-05,4.79708516852e-07
76.0,3.68017763996e-06,8.79007428986e-05,4.75410826201e-07
76.05,3.64538650675e-06,8.77893262874e-05,4.71151167093e-07
76.1,3.6109233697e-06,8.76782602406e-05,4.66930066225e-07
76.15,3.57678514609e-06,8.75676822731e-05,4.62746319966e-07
76.2,3.5429687821e-06,8.74574614716e-05,4.5859960286e-07
76.25,3.5094712525e-06,8.73475875281e-05,4.54490478066e-07
76.3,3.47628956038e-06,8.72380590529e-05,4.50418149308e-07
76.35,3.44342073693e-06,8.7128874665e-05,4.46382136219e-07
76.4,3.41086184113e-06,8.70205370292e-05,4.42383430548e-07
76.45,3.37860995954e-06,8.69128867589e-05,4.38420573391e-07
76.5,3.34666220597e-06,8.68055768687e-05,4.34492779881e-07
76.55,3.31501572132e-06,8.66986059638e-05,4.30599744584e-07
76.6,3.28366767324e-06,8.65919726527e-05,4.26741948864e-07
76.65,3.25261525592e-06,8.64856755384e-05,4.22918292687e-07
76.7,3.22185568986e-06,8.63797723145e-05,4.19128478607e-07
76.75,3.19138622159e-06,8.62742828082e-05,4.15373021314e-07
76.8,3.16120412345e-06,8.61691257707e-05,4.11651193065e-07
76.85,3.1313223422e-06,8.60642998196e-05,4.07962554839e-07
76.9,3.10172224076e-06,8.59598036532e-05,4.04308013025e-07
76.95,3.07240117208e-06,8.58556358822e-05,4.00686234287e-07
77.0,3.0433565139e-06,8.57517951332e-05,3.97096501308e-07
77.05,3.01458566851e-06,8.56482843967e-05,3.93538534945e-07
77.1,2.98608606254e-06,8.55458891793e-05,3.9001277513e-07
77.15,2.95785514672e-06,8.54438207384e-05,3.86518216508e-07
77.2,2.92989039564e-06,8.53420741847e-05,3.83054587234e-07
77.25,2.90218930756e-06,8.52406481392e-05,3.79622357699e-07
77.3,2.87474940419e-06,8.5139541219e-05,3.76220862796e-07
77.35,2.84756823041e-06,8.50387520494e-05,3.7284970129e-07
77.4,2.82064335414e-06,8.49382792615e-05,3.69509701558e-07
77.45,2.79397236607e-06,8.48381214784e-05,3.66199645024e-07
77.5,2.76755287945e-06,8.47382773379e-05,3.62918876108e-07
77.55,2.74138252991e-06,8.46387454865e-05,3.59667139692e-07
77.6,2.71545897522e-06,8.45395245748e-05,3.56444837846e-07
77.65,2.68977989509e-06,8.44407039798e-05,3.53251051742e-07
77.7,2.66434299098e-06,8.43422437152e-05,3.50085532934e-07
77.75,2.63914598589e-06,8.42440908001e-05,3.46948711327e-07
77.8,2.61418662414e-06,8.41467651406e-05,3.43839979059e-07
77.85,2.5894756122e-06,8.4049971793e-05,3.40758969428e-07
77.9,2.56499753795e-06,8.39534820745e-05,3.37706439515e-07
77.95,2.54075021239e-06,8.38572946194e-05,3.34681275622e-07
78.0,2.51673146701e-06,8.37614080759e-05,3.31682878598e-07
78.05,2.49293915363e-06,8.36658211008e-05,3.28711015282e-07
78.1,2.46937114416e-06,8.35705323555e-05,3.25766053136e-07
78.15,2.44602533046e-06,8.34755404991e-05,3.22847152417e-07
78.2,2.42289962412e-06,8.33808604941e-05,3.19954086061e-07
78.25,2.39999195632e-06,8.32865927948e-05,3.17087246971e-07
78.3,2.37730027759e-06,8.31926184228e-05,3.14246079605e-07
78.35,2.35482255767e-06,8.30989360549e-05,3.11430248821e-07
78.4,2.3325567853e-06,8.30055443733e-05,3.08640446539e-07
78.45,2.31050096811e-06,8.29124420552e-05,3.05875654918e-07
78.5,2.28865313234e-06,8.28196277909e-05,3.03135326371e-07
78.55,2.26701132274e-06,8.27275095235e-05,3.00419247808e-07
78.6,2.2455736024e-06,8.26359663962e-05,2.97727755064e-07
78.65,2.22433805254e-06,8.25447075877e-05,2.9506008067e-07
78.7,2.20330277235e-06,8.24537317865e-05,2.92416017106e-07
78.75,2.18246587884e-06,8.23630376861e-05,2.89795923459e-07
78.8,2.16182550667e-06,8.22726239785e-05,2.87199292e-07
78.85,2.14139050963e-06,8.21824893641e-05,2.84625816434e-07
78.9,2.12114814255e-06,8.20926325992e-05,2.82076129128e-07
78.95,2.1010965952e-06,8.20030523846e-05,2.79549299844e-07
79.0,2.08123407433e-06,8.19137474338e-05,2.77044828128e-07
79.05,2.06155880346e-06,8.18247164685e-05,2.74562519228e-07
79.1,2.04206902276e-06,8.1735958215e-05,2.72102680074e-07
79.15,2.02276298888e-06,8.16475173477e-05,2.69664609253e-07
79.2,2.0036389748e-06,8.15594386282e-05,2.67248117106e-07
79.25,1.98469526967e-06,8.14716292596e-05,2.64853531814e-07
79.3,1.96593017868e-06,8.13840879777e-05,2.62480389347e-07
79.35,1.94734202288e-06,8.12971813617e-05,2.60128409773e-07
79.4,1.92892913905e-06,8.12108221372e-05,2.57798171031e-07
79.45,1.91068987956e-06,8.11247273421e-05,2.55488822949e-07
79.5,1.89262261221e-06,8.10388957131e-05,2.53199908144e-07
79.55,1.8747257201e-06,8.09533259947e-05,2.50931248629e-07
79.6,1.85699760145e-06,8.08680169366e-05,2.48683124915e-07
79.65,1.83943666953e-06,8.07829672889e-05,2.4645489596e-07
79.7,1.82204135244e-06,8.06981758113e-05,2.44246388428e-07
79.75,1.80481009303e-06,8.06137476127e-05,2.42057902254e-07
79.8,1.78774134873e-06,8.05295990681e-05,2.39889013346e-07
79.85,1.77084244128e-06,8.04457054071e-05,2.37739465866e-07
79.9,1.75410283093e-06,8.03620654447e-05,2.35609788011e-07
79.95,1.7375210207e-06,8.02786779521e-05,2.33499202781e-07
80.0,1.72109552764e-06,8.01955417117e-05,2.31407292161e-07
80.05,1.70482488268e-06,8.01126555134e-05,2.29333893481e-07
80.1,1.68870763051e-06,8.00300181523e-05,2.27279263111e-07
80.15,1.67274232946e-06,7.99476284242e-05,2.25242815181e-07
80.2,1.65692755133e-06,7.98657963346e-05,2.23224391274e-07
80.25,1.64126188135e-06,7.978449942e-05,2.21224265511e-07
80.3,1.62574391795e-06,7.97034466249e-05,2.19242050301e-07
80.35,1.61037227273e-06,7.96226367481e-05,2.17277511825e-07
80.4,1.59514557027e-06,7.95420685942e-05,2.15331132818e-07
80.45,1.58006244804e-06,7.94617409665e-05,2.13402203157e-07
80.5,1.56512155628e-06,7.93816526794e-05,2.11490340805e-07
80.55,1.55032155787e-06,7.93018025546e-05,2.09595397092e-07
80.6,1.53566112823e-06,7.92221894188e-05,2.07717606322e-07
80.65,1.52113895517e-06,7.91428161488e-05,2.05856433052e-07
80.7,1.50675373882e-06,7.90638070139e-05,2.04011732499e-07
80.75,1.49250419146e-06,7.89850318059e-05,2.02183755189e-07
80.8,1.47838903746e-06,7.89064893635e-05,2.00372146893e-07
80.85,1.46441433159e-06,7.88281785328e-05,1.98576693915e-07
80.9,1.45057135791e-06,7.8750098199e-05,1.96797837443e-07
80.95,1.43685887849e-06,7.86722472124e-05,1.95034928471e-07
81.0,1.42327566697e-06,7.85946244333e-05,1.93287617845e-07
81.05,1.40982050851e-06,7.85172287293e-05,1.91555769691e-07
81.1,1.39649219961e-06,7.84402236965e-05,1.89839598148e-07
81.15,1.38328954808e-06,7.83638323273e-05,1.88138613855e-07
81.2,1.37021137286e-06,7.82876646969e-05,1.86452684492e-07
81.25,1.35725650397e-06,7.82117846316e-05,1.84782039023e-07
81.3,1.3444237824e-06,7.81361873532e-05,1.83126353705e-07
81.35,1.33171205998e-06,7.80608108403e-05,1.81485433237e-07
81.4,1.3191201993e-06,7.79856539737e-05,1.79859680833e-07
81.45,1.3066470736e-06,7.79107156341e-05,1.78248503347e-07
81.5,1.29429156669e-06,7.78359947122e-05,1.76651581676e-07
81.55,1.28205257283e-06,7.77614901054e-05,1.7506879164e-07
81.6,1.26992899663e-06,7.76872007164e-05,1.73500328947e-07
81.65,1.25791975298e-06,7.76131254497e-05,1.71945746356e-07
81.7,1.24602376692e-06,7.75392632183e-05,1.70404922935e-07
81.75,1.23423997358e-06,7.74656129401e-05,1.68878067941e-07
81.8,1.22256731805e-06,7.73921735347e-05,1.67364885496e-07
81.85,1.21101080739e-06,7.73189439286e-05,1.65865197108e-07
81.9,1.19956323386e-06,7.72459230811e-05,1.64379371286e-07
81.95,1.18822357375e-06,7.71731099236e-05,1.62906865937e-07
82.0,1.17699081292e-06,7.7100503397e-05,1.61447389421e-07
82.05,1.16586394673e-06,7.70281024486e-05,1.60000828247e-07
82.1,1.15484197995e-06,7.6956277696e-05,1.58567361279e-07
82.15,1.14392392667e-06,7.68847919056e-05,1.57146579769e-07
82.2,1.13310881022e-06,7.68136029007e-05,1.55738373194e-07
82.25,1.12239566307e-06,7.67426509643e-05,1.54342932799e-07
82.3,1.11178352675e-06,7.66718998105e-05,1.52959988174e-07
82.35,1.10127145179e-06,7.66013483961e-05,1.51589376188e-07
82.4,1.09085849758e-06,7.65309956832e-05,1.50231433633e-07
82.45,1.08054373236e-06,7.64608406346e-05,1.48885665074e-07
82.5,1.07032623306e-06,7.63908822221e-05,1.47551803972e-07
82.55,1.0602050853e-06,7.6321119424e-05,1.46229746604e-07
82.6,1.05017938322e-06,7.62515512235e-05,1.44919656439e-07
82.65,1.04024822949e-06,7.61821766064e-05,1.4362115991e-07
82.7,1.03041073517e-06,7.61129945657e-05,1.42334156005e-07
82.75,1.02066601963e-06,7.60440301023e-05,1.41058819512e-07
82.8,1.01101321052e-06,7.5975352825e-05,1.39794903291e-07
82.85,1.00145644847e-06,7.59068655318e-05,1.38542258254e-07
82.9,9.91989772984e-07,7.58385672531e-05,1.37301192206e-07
82.95,9.82612337481e-07,7.57704569973e-05,1.36071252351e-07
83.0,9.73323303313e-07,7.57025337813e-05,1.34852195093e-07
83.05,9.64121839684e-07,7.56347966281e-05,1.33643925636e-07
83.1,9.55007123581e-07,7.55672445656e-05,1.32446593379e-07
83.15,9.45978339697e-07,7.55001669437e-05,1.31259856906e-07
83.2,9.37034680361e-07,7.54334441569e-05,1.30083623902e-07
83.25,9.2817534547e-07,7.5366903573e-05,1.28918054109e-07
83.3,9.19399542414e-07,7.53005442234e-05,1.2776292166e-07
83.35,9.10706486005e-07,7.52343651456e-05,1.26618090296e-07
83.4,9.02095398414e-07,7.51683653824e-05,1.25483841332e-07
83.45,8.93565509098e-07,7.51025439779e-05,1.24359760943e-07
83.5,8.85116054731e-07,7.50368999844e-05,1.23245626498e-07
83.55,8.7674627914e-07,7.497143246e-05,1.22141351361e-07
83.6,8.68455433236e-07,7.49061404678e-05,1.21047072072e-07
83.65,8.60242774948e-07,7.48410230733e-05,1.19962476601e-07
83.7,8.52107569158e-07,7.47761329092e-05,1.18887480577e-07
83.75,8.44049087637e-07,7.47114883192e-05,1.17822229995e-07
83.8,8.36066608979e-07,7.46470159727e-05,1.16766518426e-07
83.85,8.28163557311e-07,7.45827149512e-05,1.15720221341e-07
83.9,8.20335003548e-07,7.45185843597e-05,1.14683595841e-07
83.95,8.12580247605e-07,7.4454623286e-05,1.13656263718e-07
84.0,8.04898595954e-07,7.43908308254e-05,1.12638021505e-07
84.05,7.97289361561e-07,7.43272060792e-05,1.1162879002e-07
84.1,7.89751863826e-07,7.4263748153e-05,1.10628694052e-07
84.15,7.82285428525e-07,7.42004561553e-05,1.09637448428e-07
84.2,7.74889387747e-07,7.41373292012e-05,1.08654976038e-07
84.25,7.67563079838e-07,7.40743664102e-05,1.07681410311e-07
84.3,7.60305849342e-07,7.40119853606e-05,1.06716562585e-07
84.35,7.53117046943e-07,7.39498863701e-05,1.0576031905e-07
84.4,7.45996029407e-07,7.38879493217e-05,1.04812914678e-07
84.45,7.38942159526e-07,7.38261733342e-05,1.03874003814e-07
84.5,7.3195480606e-07,7.37645575335e-05,1.02943400501e-07
84.55,7.25033343686e-07,7.37031010515e-05,1.02021032373e-07
84.6,7.18177152937e-07,7.36418030243e-05,1.0110701348e-07
84.65,7.11385620152e-07,7.35806625911e-05,1.00201083192e-07
84.7,7.04658137417e-07,7.35196788973e-05,9.93031710361e-08
84.75,6.97994102518e-07,7.34588510931e-05,9.84133989568e-08
84.8,6.9139291888e-07,7.33981783311e-05,9.75315945316e-08
84.85,6.84857418117e-07,7.33376597697e-05,9.66576537441e-08
84.9,6.78383524077e-07,7.32772945866e-05,9.57917913432e-08
84.95,6.71970657819e-07,7.32170819465e-05,9.49336914243e-08
85.0,6.65618245823e-07,7.31570210205e-05,9.40831840354e-08
85.05,6.59325719939e-07,7.30971109855e-05,9.32402030395e-08
85.1,6.5309251734e-07,7.30373510224e-05,9.2404852669e-08
85.15,6.46918080469e-07,7.29777403151e-05,9.1576894727e-08
85.2,6.40801856993e-07,7.29182929746e-05,9.07562648062e-08
85.25,6.3474329975e-07,7.28591014498e-05,8.99430743552e-08
85.3,6.28741866704e-07,7.28000571729e-05,8.91371657916e-08
85.35,6.22797020898e-07,7.2741159342e-05,8.83384440519e-08
85.4,6.16908230404e-07,7.268240716e-05,8.75471054015e-08
85.45,6.11074968275e-07,7.26237998315e-05,8.67628611256e-08
85.5,6.05296712505e-07,7.25653365676e-05,8.59855558996e-08
85.55,5.99572945975e-07,7.25073129848e-05,8.52151292788e-08
85.6,5.93903156411e-07,7.24495120859e-05,8.44516765246e-08
85.65,5.88286836341e-07,7.23918529274e-05,8.36949799413e-08
85.7,5.82723483045e-07,7.23343347278e-05,8.29449806651e-08
85.75,5.77212598516e-07,7.22769567101e-05,8.22017805524e-08
85.8,5.71753689412e-07,7.22197886663e-05,8.14652355837e-08
85.85,5.66349097361e-07,7.2162805343e-05,8.07352588774e-08
85.9,5.60995451552e-07,7.21059602912e-05,8.00120298067e-08
85.95,5.55692273225e-07,7.20492527446e-05,7.9295284506e-08
86.0,5.50439088102e-07,7.19926819427e-05,7.85848810195e-08
86.05,5.45235426347e-07,7.19362471299e-05,7.78807641048e-08
86.1,5.40080822524e-07,7.18799475551e-05,7.71830208243e-08
86.15,5.34974815557e-07,7.18237824699e-05,7.6491452219e-08
86.2,5.29916948688e-07,7.17677511314e-05,7.58060044916e-08
86.25,5.24906769437e-07,7.17118528009e-05,7.51267707316e-08
86.3,5.19943829563e-07,7.16560867423e-05,7.44536193154e-08
86.35,5.15027685024e-07,7.16004522246e-05,7.3786470839e-08
86.4,5.10157895937e-07,7.15449485209e-05,7.31254892372e-08
86.45,5.05334026539e-07,7.14895749065e-05,7.2470433355e-08
86.5,5.00555645152e-07,7.14343306625e-05,7.18211734545e-08
86.55,4.95822324139e-07,7.13792150745e-05,7.11776590481e-08
86.6,4.91133639872e-07,7.13242274323e-05,7.05399697047e-08
86.65,4.8648917269e-07,7.12693670286e-05,6.99079235896e-08
86.7,4.81888506867e-07,7.12146331608e-05,6.92814715357e-08
86.75,4.7733123057e-07,7.11601234423e-05,6.86606986203e-08
86.8,4.72816935825e-07,7.11057610344e-05,6.80454845486e-08
86.85,4.68347559063e-07,7.10515234787e-05,6.74357567508e-08
86.9,4.63920312762e-07,7.09975556056e-05,6.68316650521e-08
86.95,4.59534801006e-07,7.09439024823e-05,6.62329890533e-08
87.0,4.55190631586e-07,7.08903721946e-05,6.56396101829e-08
87.05,4.50887415967e-07,7.08369640545e-05,6.50514822987e-08
87.1,4.46624769254e-07,7.07836773779e-05,6.44686781212e-08
87.15,4.42402310155e-07,7.07305114835e-05,6.38910314661e-08
87.2,4.38219660949e-07,7.06774656951e-05,6.33184973979e-08
87.25,4.34076447455e-07,7.06245393404e-05,6.27511536716e-08
87.3,4.29972298995e-07,7.0571766224e-05,6.21888903459e-08
87.35,4.25906848365e-07,7.05191905802e-05,6.16316410969e-08
87.4,4.21879731798e-07,7.04667327539e-05,6.10795428547e-08
87.45,4.17890588939e-07,7.04143920826e-05,6.05323941895e-08
87.5,4.13939062805e-07,7.03621679089e-05,5.99900867352e-08
87.55,4.1002479976e-07,7.03100595799e-05,5.94525783209e-08
87.6,4.06147449479e-07,7.02580664464e-05,5.89199354082e-08
87.65,4.02306664921e-07,7.02061878618e-05,5.8392006116e-08
87.7,3.98502102296e-07,7.01544231847e-05,5.78687493765e-08
87.75,3.94733421036e-07,7.01027717768e-05,5.73502362523e-08
87.8,3.91000283763e-07,7.00512330029e-05,5.68363662645e-08
87.85,3.87304291827e-07,6.99998062319e-05,5.63270787979e-08
87.9,3.8364314006e-07,6.99484908447e-05,5.5822498997e-08
87.95,3.80016501056e-07,6.98972862159e-05,5.53224427689e-08
88.0,3.76424050475e-07,6.98461917252e-05,5.48268110744e-08
88.05,3.72865467014e-07,6.97952067562e-05,5.43355653722e-08
88.1,3.6934043238e-07,6.97443306963e-05,5.38487664037e-08
88.15,3.6584863126e-07,6.96935629354e-05,5.336627536e-08
88.2,3.62389751295e-07,6.96429028679e-05,5.28880547078e-08
88.25,3.58963483052e-07,6.95924104219e-05,5.24141693936e-08
88.3,3.55569519997e-07,6.95420816194e-05,5.19445275866e-08
88.35,3.52207558464e-07,6.9491859108e-05,5.14790738887e-08
88.4,3.48877297636e-07,6.94418255333e-05,5.10179226731e-08
88.45,3.45578439512e-07,6.93921131225e-05,5.05609056919e-08
88.5,3.42310688883e-07,6.93425052867e-05,5.01079324299e-08
88.55,3.39073753305e-07,6.92930014332e-05,4.9658967663e-08
88.6,3.35867343074e-07,6.92436009727e-05,4.92140669048e-08
88.65,3.32691171203e-07,6.91943033188e-05,4.87731032933e-08
88.7,3.29544953389e-07,6.91451078893e-05,4.83360425258e-08
88.75,3.26428407998e-07,6.90960141054e-05,4.79029439589e-08
88.8,3.23341256033e-07,6.9047021391e-05,4.74737236656e-08
88.85,3.20284821742e-07,6.89982404284e-05,4.70483310157e-08
88.9,3.17257198848e-07,6.89495597742e-05,4.66268705387e-08
88.95,3.14258116598e-07,6.89009788582e-05,4.62091884674e-08
89.0,3.11287306776e-07,6.88524971146e-05,4.57952020771e-08
89.05,3.08344503679e-07,6.88041139814e-05,4.53848791756e-08
89.1,3.05429444091e-07,6.87558289e-05,4.49782704983e-08
89.15,3.02541867261e-07,6.87076413144e-05,4.45752601022e-08
89.2,2.99681514881e-07,6.86595506727e-05,4.41758166369e-08
89.25,2.96848131062e-07,6.86115564261e-05,4.37799943503e-08
89.3,2.94041462313e-07,6.85636580285e-05,4.33877165389e-08
89.35,2.91261257516e-07,6.85158549376e-05,4.29989369302e-08
89.4,2.88507267906e-07,6.84681466142e-05,4.26137510569e-08
89.45,2.85779247049e-07,6.84205325215e-05,4.22320183864e-08
89.5,2.83076950818e-07,6.83730121268e-05,4.18536633141e-08
89.55,2.80400137376e-07,6.83255849008e-05,4.14786564184e-08
89.6,2.77748567149e-07,6.82782503176e-05,4.11070440679e-08
89.65,2.75122002808e-07,6.82310078536e-05,4.0738720299e-08
89.7,2.7252020925e-07,6.81838569893e-05,4.03736564593e-08
89.75,2.69942953573e-07,6.81368216084e-05,4.00119021278e-08
89.8,2.67390005057e-07,6.80899674766e-05,3.96533872026e-08
89.85,2.64862458803e-07,6.80432037906e-05,3.92980693941e-08
89.9,2.62358738396e-07,6.79965300445e-05,3.89460360123e-08
89.95,2.59878619936e-07,6.79499457293e-05,3.85971586203e-08
90.0,2.57421881619e-07,6.79034503398e-05,3.82513681206e-08
90.05,2.54988303719e-07,6.78570433739e-05,3.79086376239e-08
90.1,2.52577668566e-07,6.78109543845e-05,3.7569009508e-08
90.15,2.50189760532e-07,6.77649872956e-05,3.72323869293e-08
90.2,2.47824366005e-07,6.7719107227e-05,3.68987437016e-08
90.25,2.45481273376e-07,6.76733136822e-05,3.65681251366e-08
90.3,2.43160273018e-07,6.76276061673e-05,3.62404671661e-08
90.35,2.40861157267e-07,6.75820601332e-05,3.59157311402e-08
90.4,2.38583720404e-07,6.75366324119e-05,3.55939968544e-08
90.45,2.36327758638e-07,6.7491289619e-05,3.52751469259e-08
90.5,2.34093070088e-07,6.74460312694e-05,3.49591182047e-08
90.55,2.31879454762e-07,6.74008568812e-05,3.46458861156e-08
90.6,2.29686714543e-07,6.73557659754e-05,3.43354893891e-08
90.65,2.27514653171e-07,6.73107580755e-05,3.40278395167e-08
90.7,2.25363076224e-07,6.72658327085e-05,3.37229125662e-08
90.75,2.23231791101e-07,6.72209894042e-05,3.34207499492e-08
90.8,2.21120607007e-07,6.71762276949e-05,3.31212931119e-08
90.85,2.19030429546e-07,6.71315471159e-05,3.28245067308e-08
90.9,2.16959955087e-07,6.70869472101e-05,3.25304637336e-08
90.95,2.14908998473e-07,6.70424275177e-05,3.22390568406e-08
91.0,2.12877376282e-07,6.69979875826e-05,3.19502283368e-08
91.05,2.10864906809e-07,6.69536269518e-05,3.16639557624e-08
91.1,2.08871410051e-07,6.69093451749e-05,3.13802745143e-08
91.15,2.06896707691e-07,6.6865141804e-05,3.10991037017e-08
91.2,2.04940623081e-07,6.68210163945e-05,3.08204214524e-08
91.25,2.0300298123e-07,6.67769685043e-05,3.05442656138e-08
91.3,2.01083608784e-07,6.67331001363e-05,3.02705826715e-08
91.35,1.99182334014e-07,6.6689318997e-05,2.99993403425e-08
91.4,1.80891155329e-07,6.66456144427e-05,2.97306052775e-08
91.45,1.54556673015e-07,6.6601920098e-05,2.94642794304e-08
91.5,1.530952026e-07,6.6558203666e-05,2.92003100536e-08
91.55,1.51647513924e-07,6.65145653386e-05,2.89386766203e-08
91.6,1.50213477419e-07,6.64710046529e-05,2.8679411481e-08
91.65,1.48792964733e-07,6.64275211488e-05,2.8422440707e-08
91.7,1.47385848714e-07,6.63841143694e-05,2.81677443086e-08
91.75,1.45992003405e-07,6.6340783861e-05,2.79153568756e-08
91.8,1.44611304026e-07,6.62975291725e-05,2.76652294998e-08
91.85,1.43244342835e-07,6.62543919321e-05,2.74173326765e-08
91.9,1.41890267267e-07,6.62113944755e-05,2.71717273201e-08
91.95,1.40548956231e-07,6.61686543796e-05,2.6928323823e-08
92.0,1.3922028977e-07,6.61260403746e-05,2.66870739776e-08
92.05,1.37904149051e-07,6.60835004226e-05,2.64479590238e-08
92.1,1.36600416352e-07,6.60410340815e-05,2.62110085277e-08
92.15,1.35308975056e-07,6.59986409119e-05,2.59761549237e-08
92.2,1.34029709636e-07,6.59563204777e-05,2.57433799424e-08
92.25,1.32762505649e-07,6.59140723455e-05,2.55127151966e-08
92.3,1.31507249723e-07,6.58718960847e-05,2.52841159874e-08
92.35,1.30263829548e-07,6.58297912677e-05,2.36825259397e-08
92.4,1.29032133866e-07,6.57877682241e-05,2.33174400742e-08
92.45,1.27812052462e-07,6.57458167892e-05,2.31085619153e-08
92.5,1.26603476153e-07,6.57039353306e-05,2.29015319392e-08
92.55,1.25406296779e-07,6.56621234348e-05,2.26963340467e-08
92.6,1.24220407193e-07,6.56203806912e-05,2.2492996296e-08
92.65,1.23045701252e-07,6.55787066915e-05,2.22914579653e-08
92.7,1.21882073808e-07,6.55371010305e-05,2.20917033772e-08
92.75,1.20729420699e-07,6.54955633057e-05,2.18937624343e-08
92.8,1.19587638736e-07,6.54541600965e-05,2.16975952871e-08
92.85,1.18457217693e-07,6.54128677736e-05,2.15031643218e-08
92.9,1.17337452534e-07,6.53716425649e-05,2.13105356445e-08
92.95,1.16228243122e-07,6.53304840745e-05,2.11196353812e-08
93.0,1.15129490256e-07,6.52893919095e-05,2.09304242297e-08
93.05,1.14041095666e-07,6.52483656799e-05,2.07428874766e-08
93.1,1.12962962003e-07,6.52074049982e-05,2.05570507651e-08
93.15,1.11894992827e-07,6.51665094795e-05,2.03728585997e-08
93.2,1.10837092603e-07,6.51256787413e-05,2.0190296652e-08
93.25,1.09789166691e-07,6.50849124042e-05,1.86305969596e-08
93.3,1.08751121338e-07,6.50442207648e-05,1.83103090917e-08
93.35,1.07722863667e-07,6.50036033044e-05,1.8146225638e-08
93.4,1.06704301673e-07,6.49631441813e-05,1.7983668916e-08
93.45,1.05695344212e-07,6.49227481183e-05,1.78225724587e-08
93.5,1.04695900994e-07,6.48824147472e-05,1.76629013869e-08
93.55,1.03705882575e-07,6.48421437028e-05,1.75046432843e-08
93.6,1.0272520035e-07,6.4801934622e-05,1.73478226095e-08
93.65,1.01753766543e-07,6.47617871442e-05,1.7192389657e-08
93.7,1.007914942e-07,6.47217009112e-05,1.70383323367e-08
93.75,9.98382971823e-08,6.46816755673e-05,1.68856626204e-08
93.8,9.88940901591e-08,6.46417107591e-05,1.67343624909e-08
93.85,9.79592781527e-08,6.46018061355e-05,1.65844015056e-08
93.9,9.70332781267e-08,6.45619613497e-05,1.64358358479e-08
93.95,9.61160072716e-08,6.45221760551e-05,1.62886047718e-08
94.0,9.52073835534e-08,6.44825583054e-05,1.61426763998e-08
94.05,9.43073257063e-08,6.44430954924e-05,1.59980393844e-08
94.1,9.34157532256e-08,6.44036912752e-05,1.4478417137e-08
94.15,9.25325863607e-08,6.43643557484e-05,1.41956128128e-08
94.2,9.16577461079e-08,6.43250791171e-05,1.40684034455e-08
94.25,9.07911542036e-08,6.4285859866e-05,1.39423420352e-08
94.3,8.9932733117e-08,6.42467305308e-05,1.38174131626e-08
94.35,8.90824060438e-08,6.42077335984e-05,1.36935900432e-08
94.4,8.82400968992e-08,6.41687934134e-05,1.35709250541e-08
94.45,8.7405730311e-08,6.41299096459e-05,1.3449363698e-08
94.5,8.65792316132e-08,6.40910819687e-05,1.33288778529e-08
94.55,8.57605268393e-08,6.40523100566e-05,1.3209458151e-08
94.6,8.49495427159e-08,6.4013593587e-05,1.30911120404e-08
94.65,8.41462066558e-08,6.39749322391e-05,1.29738132437e-08
94.7,8.33504467523e-08,6.39363256944e-05,1.28575526358e-08
94.75,8.25621917723e-08,6.38977736365e-05,1.27423411816e-08
94.8,8.17813711501e-08,6.38592757513e-05,1.12522930037e-08
94.85,8.10083198229e-08,6.38208420805e-05,1.09984215757e-08
94.9,8.02425556433e-08,6.37825439593e-05,1.08998984215e-08
94.95,7.94840101314e-08,6.3744320965e-05,1.08022637316e-08
95.0,7.87326154483e-08,6.3706151056e-05,1.07054928513e-08
95.05,7.79883043906e-08,6.36680339278e-05,1.06095782568e-08
95.1,7.72510103841e-08,6.3629969278e-05,9.13795739465e-09
95.15,7.65206674784e-08,6.35919671316e-05,8.90297098648e-09
95.2,7.57972103406e-08,6.35540178362e-05,8.82318653997e-09
95.25,7.50805742499e-08,6.35161199303e-05,8.74412667406e-09
95.3,7.43706950916e-08,6.34782731219e-05,8.66576657905e-09
95.35,7.36675093516e-08,6.34404771211e-05,8.58810015666e-09
95.4,7.29709541108e-08,6.34027316399e-05,8.5111731583e-09
95.45,7.22809670397e-08,6.33650363918e-05,7.05897051997e-09
95.5,7.15974863923e-08,6.33274013746e-05,6.84269796204e-09
95.55,7.09204510016e-08,6.32898169915e-05,6.78139490785e-09
95.6,7.02498002732e-08,6.32522818019e-05,6.72063433797e-09
95.65,6.95854741807e-08,6.32147955299e-05,6.66041152615e-09
95.7,6.89274132601e-08,6.31773579011e-05,6.60072178648e-09
95.75,6.82755586045e-08,6.31399686435e-05,6.54157718832e-09
95.8,6.76298518589e-08,6.31026274862e-05,6.48295607754e-09
95.85,6.69905700029e-08,6.30654406574e-05,6.42485389189e-09
95.9,6.63573143202e-08,6.30283017489e-05,3.61240165703e-09
95.95,6.57300281806e-08,6.29912309788e-05,3.27363495146e-09
96.0,6.51086554842e-08,6.29542095213e-05,3.24430771816e-09
96.05,6.44931406565e-08,6.29172347994e-05,3.21523999769e-09
96.1,6.38834286435e-08,6.2880306555e-05,3.18642952921e-09
96.15,6.32794649067e-08,6.28434245316e-05,3.15787407119e-09
96.2,6.26811954186e-08,6.28065884743e-05,3.12957140109e-09
96.25,6.20885666577e-08,6.27697981299e-05,1.72665071014e-09
96.3,6.15015256037e-08,6.27331170152e-05,1.5582574092e-09
96.35,6.09200197331e-08,6.26966065828e-05,1.54428908206e-09
96.4,6.03439970145e-08,6.26601900676e-05,1.54428908057e-10
96.45,5.97734059037e-08,6.26238804953e-05,0.0
96.5,5.92081953395e-08,6.25876166437e-05,0.0
96.55,5.86483147391e-08,6.25513971284e-05,0.0
96.6,5.80937139936e-08,6.2515221705e-05,0.0
96.65,5.75443434635e-08,6.24790901308e-05,0.0
96.7,5.70001539745e-08,6.24430021644e-05,0.0
96.75,5.6461096813e-08,6.24069575664e-05,0.0
96.8,5.5927123722e-08,6.23709560985e-05,0.0
96.85,5.5398463752e-08,6.23349975244e-05,0.0
96.9,5.4874787181e-08,6.22990816103e-05,0.0
96.95,5.43560471783e-08,6.22632081227e-05,0.0
97.0,5.38421973514e-08,6.22273768297e-05,0.0
97.05,5.33331917426e-08,6.21915875012e-05,0.0
97.1,5.28289848243e-08,6.21558399084e-05,0.0
97.15,5.23295314956e-08,6.21201338239e-05,0.0
97.2,5.18347870779e-08,6.2084469022e-05,0.0
97.25,5.1344707311e-08,6.20488452785e-05,0.0
97.3,5.08592483494e-08,6.20132623705e-05,0.0
97.35,5.03783667583e-08,6.19777930144e-05,0.0
97.4,4.99020195098e-08,6.1942395997e-05,0.0
97.45,4.9430163979e-08,6.19070394978e-05,0.0
97.5,4.89627579403e-08,6.18717232966e-05,0.0
97.55,4.84997595639e-08,6.18364471746e-05,0.0
97.6,4.80411274117e-08,6.18012109147e-05,0.0
97.65,4.75868204339e-08,6.1766014301e-05,0.0
97.7,4.71367979654e-08,6.17308571191e-05,0.0
97.75,4.6691019722e-08,6.16957391562e-05,0.0
97.8,4.62494457971e-08,6.16606602007e-05,0.0
97.85,4.58122656061e-08,6.16256200425e-05,0.0
97.9,4.53792064826e-08,6.15906365253e-05,0.0
97.95,4.49502296992e-08,6.15557726623e-05,0.0
98.0,4.45252968914e-08,6.15209473014e-05,0.0
98.05,4.41043700539e-08,6.14861602349e-05,0.0
98.1,4.36874115374e-08,6.14514112565e-05,0.0
98.15,4.32743840453e-08,6.14167001613e-05,0.0
98.2,4.28652506301e-08,6.13820267457e-05,0.0
98.25,4.24599746905e-08,6.13473908076e-05,0.0
98.3,4.2058519968e-08,6.13127921461e-05,0.0
98.35,4.16608505439e-08,6.12782305618e-05,0.0
98.4,2.48590993649e-08,6.12437058565e-05,0.0
98.45,0.0,6.12091562265e-05,0.0
98.5,0.0,6.117455172e-05,0.0
98.55,0.0,6.11399861657e-05,0.0
98.6,0.0,6.11054593362e-05,0.0
98.65,0.0,6.10709710057e-05,0.0
98.7,0.0,6.103652095e-05,0.0
98.75,0.0,6.10021089466e-05,0.0
98.8,0.0,6.09677347748e-05,0.0
98.85,0.0,6.09334387423e-05,0.0
98.9,0.0,6.08993598943e-05,0.0
98.95,0.0,6.08653591448e-05,0.0
99.0,0.0,6.0831395849e-05,0.0
99.05,0.0,6.07974697873e-05,0.0
99.1,0.0,6.07635807416e-05,0.0
99.15,0.0,6.07297284955e-05,0.0
99.2,0.0,6.06959128342e-05,0.0
99.25,0.0,6.06621335445e-05,0.0
99.3,0.0,6.06283904149e-05,0.0
99.35,0.0,6.05946832352e-05,0.0
99.4,0.0,6.0561011797e-05,0.0
99.45,0.0,6.05274616563e-05,0.0
99.5,0.0,6.04939589498e-05,0.0
99.55,0.0,6.04604916825e-05,0.0
99.6,0.0,6.04270596494e-05,0.0
99.65,0.0,6.03936626465e-05,0.0
99.7,0.0,6.03603004718e-05,0.0
99.75,0.0,6.03269729246e-05,0.0
99.8,0.0,6.02936798057e-05,0.0
99.85,0.0,6.02604209173e-05,0.0
99.9,0.0,6.02271960632e-05,0.0
99.95,0.0,6.01940050488e-05,0.0
100.0,0.0,6.01608476807e-05,0.0
