"time","AMPA","NMDA","GABAa"
0.0,0.0,0.0,0.0
0.05,0.0,0.0,0.0
0.1,0.0,0.0,0.0
0.15,0.0,0.0,0.0
0.2,0.0,0.0,0.0
0.25,0.0,0.0,0.0
0.3,0.0,0.0,0.0
0.35,0.0,0.0,0.0
0.4,0.0,0.0,0.0
0.45,0.0,0.0,0.0
0.5,0.0,0.0,0.0
0.55,0.0,0.0,0.0
0.6,0.0,0.0,0.0
0.65,0.0,0.0,0.0
0.7,0.0,0.0,0.0
0.75,0.0,0.0,0.0
0.8,0.0,0.0,0.0
0.85,0.0,0.0,0.0
0.9,0.0,0.0,0.0
0.95,0.0,0.0,0.0
1.0,0.0,0.0,0.0
1.05,0.0,0.0,0.0
1.1,0.0,0.0,0.0
1.15,0.0,0.0,0.0
1.2,0.0,0.0,0.0
1.25,0.0,0.0,0.0
1.3,0.0,0.0,0.0
1.35,0.0,0.0,0.0
1.4,0.0,0.0,0.0
1.45,0.0,0.0,0.0
1.5,0.0,0.0,0.0
1.55,0.0,0.0,0.0
1.6,0.0,0.0,0.0
1.65,0.0,0.0,0.0
1.7,0.0,0.0,0.0
1.75,0.0,0.0,0.0
1.8,0.0,0.0,0.0
1.85,0.0,0.0,0.0
1.9,0.0,0.0,0.0
1.95,0.0,0.0,0.0
2.0,0.0,0.0,0.0
2.05,0.0,0.0,0.0
2.1,0.0,0.0,0.0
2.15,0.0,0.0,0.0
2.2,0.0,0.0,0.0
2.25,0.0,0.0,0.0
2.3,0.0,0.0,0.0
2.35,0.0,0.0,0.0
2.4,0.0,0.0,0.0
2.45,0.0,0.0,0.0
2.5,0.0,0.0,0.0
2.55,0.0,0.0,0.0
2.6,0.0,0.0,0.0
2.65,0.0,0.0,0.0
2.7,0.0,0.0,0.0
2.75,0.0,0.0,0.0
2.8,0.0,0.0,0.0
2.85,0.0,0.0,0.0
2.9,0.0,0.0,0.0
2.95,0.0,0.0,0.0
3.0,0.0,0.0,0.0
3.05,0.0,0.0,0.0
3.1,0.0,0.0,0.0
3.15,0.0,0.0,0.0
3.2,0.0,0.0,0.0
3.25,0.0,0.0,0.0
3.3,0.0,0.0,0.0
3.35,0.0,0.0,0.0
3.4,0.0,0.0,0.0
3.45,0.0,0.0,0.0
3.5,0.0,0.0,0.0
3.55,0.0,0.0,0.0
3.6,0.0,0.0,0.0
3.65,0.0,0.0,0.0
3.7,0.0,0.0,0.0
3.75,0.0,0.0,0.0
3.8,0.0,0.0,0.0
3.85,0.0,0.0,0.0
3.9,0.0,0.0,0.0
3.95,0.0,0.0,0.0
4.0,0.0,0.0,0.0
4.05,0.0,0.0,0.0
4.1,0.0,0.0,0.0
4.15,0.0,0.0,0.0
4.2,0.0,0.0,0.0
4.25,0.0,0.0,0.0
4.3,0.0,0.0,0.0
4.35,0.0,0.0,0.0
4.4,0.0,0.0,0.0
4.45,0.0,0.0,0.0
4.5,0.0,0.0,0.0
4.55,0.0,0.0,0.0
4.6,0.0,0.0,0.0
4.65,0.0,0.0,0.0
4.7,0.0,0.0,0.0
4.75,0.0,0.0,0.0
4.8,0.0,0.0,0.0
4.85,0.0,0.0,0.0
4.9,0.0,0.0,0.0
4.95,0.0,0.0,0.0
5.0,0.0,0.0,0.0
5.05,0.0,0.0,0.0
5.1,0.0,0.0,0.0
5.15,0.0,0.0,0.0
5.2,0.0,0.0,0.0
5.25,0.0,0.0,0.0
5.3,0.0,0.0,0.0
5.35,0.0,0.0,0.0
5.4,0.0,0.0,0.0
5.45,0.0,0.0,0.0
5.5,0.0,0.0,0.0
5.55,0.0,0.0,0.0
5.6,0.0,0.0,0.0
5.65,0.0,0.0,0.0
5.7,0.0,0.0,0.0
5.75,0.0,0.0,0.0
5.8,0.0,0.0,0.0
5.85,0.0,0.0,0.0
5.9,0.0,0.0,0.0
5.95,0.0,0.0,0.0
6.0,0.0,0.0,0.0
6.05,0.0,0.0,0.0
6.1,0.0,0.0,0.0
6.15,0.0,0.0,0.0
6.2,0.0,0.0,0.0
6.25,0.0,0.0,0.0
6.3,0.0,0.0,0.0
6.35,0.0,0.0,0.0
6.4,0.0,0.0,0.0
6.45,0.0,0.0,0.0
6.5,0.0,0.0,0.0
6.55,0.0,0.0,0.0
6.6,0.0,0.0,0.0
6.65,0.0,0.0,0.0
6.7,0.0,0.0,0.0
6.75,0.0,0.0,0.0
6.8,0.0,0.0,0.0
6.85,0.0,0.0,0.0
6.9,0.0,0.0,0.0
6.95,0.0,0.0,0.0
7.0,0.0,0.0,0.0
7.05,0.0,0.0,0.0
7.1,0.0,0.0,0.0
7.15,0.0,0.0,0.0
7.2,0.0,0.0,0.0
7.25,0.0,0.0,0.0
7.3,0.0,0.0,0.0
7.35,0.0,0.0,0.0
7.4,0.0,0.0,0.0
7.45,0.0,0.0,0.0
7.5,0.0,0.0,0.0
7.55,0.0,0.0,0.0
7.6,0.0,0.0,0.0
7.65,0.0,0.0,0.0
7.7,0.0,0.0,0.0
7.75,0.0,0.0,0.0
7.8,0.0,0.0,0.0
7.85,0.0,0.0,0.0
7.9,0.0,0.0,0.0
7.95,0.0,0.0,0.0
8.0,0.0,0.0,0.0
8.05,0.0,0.0,0.0
8.1,0.0,0.0,0.0
8.15,0.0,0.0,0.0
8.2,0.0,0.0,0.0
8.25,0.0,0.0,0.0
8.3,0.0,0.0,0.0
8.35,0.0,0.0,0.0
8.4,0.0,0.0,0.0
8.45,0.0,0.0,0.0
8.5,0.0,0.0,0.0
8.55,0.0,0.0,0.0
8.6,0.0,0.0,0.0
8.65,0.0,0.0,0.0
8.7,0.0,0.0,0.0
8.75,0.0,0.0,0.0
8.8,0.0,0.0,0.0
8.85,0.0,0.0,0.0
8.9,0.0,0.0,0.0
8.95,0.0,0.0,0.0
9.0,0.0,0.0,0.0
9.05,0.0,0.0,0.0
9.1,0.0,0.0,0.0
9.15,0.0,0.0,0.0
9.2,0.0,0.0,0.0
9.25,0.0,0.0,0.0
9.3,0.0,0.0,0.0
9.35,0.0,0.0,0.0
9.4,0.0,0.0,0.0
9.45,0.0,0.0,0.0
9.5,0.0,0.0,0.0
9.55,0.0,0.0,0.0
9.6,0.0,0.0,0.0
9.65,0.0,0.0,0.0
9.7,0.0,0.0,0.0
9.75,0.0,0.0,0.0
9.8,0.0,0.0,0.0
9.85,0.0,0.0,0.0
9.9,0.0,0.0,0.0
9.95,0.0,0.0,0.0
10.0,0.0,0.0,0.0
10.05,0.0,0.0,0.0
10.1,0.0,0.0,0.0
10.15,0.0,0.0,0.0
10.2,0.0,0.0,0.0
10.25,0.0,0.0,0.0
10.3,0.0,0.0,0.0
10.35,0.0,0.0,0.0
10.4,0.0,0.0,0.0
10.45,0.0,0.0,0.0
10.5,0.0,0.0,0.0
10.55,0.0,0.0,0.0
10.6,0.0,0.0,0.0
10.65,0.0,0.0,0.0
10.7,0.0,0.0,0.0
10.75,0.0,0.0,0.0
10.8,0.0,0.0,0.0
10.85,0.0,0.0,0.0
10.9,0.0,0.0,0.0
10.95,0.0,0.0,0.0
11.0,0.0,0.0,0.0
11.05,0.0,0.0,0.0
11.1,0.0,0.0,0.0
11.15,0.0,0.0,0.0
11.2,0.0,0.0,0.0
11.25,0.0,0.0,0.0
11.3,0.0,0.0,0.0
11.35,0.0,0.0,0.0
11.4,0.0,0.0,0.0
11.45,0.0,0.0,0.0
11.5,0.0,0.0,0.0
11.55,0.0,0.0,0.0
11.6,0.0,0.0,0.0
11.65,0.0,0.0,0.0
11.7,0.0,0.0,0.0
11.75,0.0,0.0,0.0
11.8,0.0,0.0,0.0
11.85,0.0,0.0,0.0
11.9,0.0,0.0,0.0
11.95,0.0,0.0,0.0
12.0,0.0,0.0,0.0
12.05,0.0,0.0,0.0
12.1,0.0,0.0,0.0
12.15,0.0,0.0,0.0
12.2,0.0,0.0,0.0
12.25,0.0,0.0,0.0
12.3,0.0,0.0,0.0
12.35,0.0,0.0,0.0
12.4,0.0,0.0,0.0
12.45,0.0,0.0,0.0
12.5,0.0,0.0,0.0
12.55,0.0,0.0,0.0
12.6,0.0,0.0,0.0
12.65,0.0,0.0,0.0
12.7,0.0,0.0,0.0
12.75,0.0,0.0,0.0
12.8,0.0,0.0,0.0
12.85,0.0,0.0,0.0
12.9,0.0,0.0,0.0
12.95,0.0,0.0,0.0
13.0,0.0,0.0,0.0
13.05,0.0,0.0,0.0
13.1,0.0,0.0,0.0
13.15,0.0,0.0,0.0
13.2,0.0,0.0,0.0
13.25,0.0,0.0,0.0
13.3,0.0,0.0,0.0
13.35,0.0,0.0,0.0
13.4,0.0,0.0,0.0
13.45,0.0,0.0,0.0
13.5,0.0,0.0,0.0
13.55,0.0,0.0,0.0
13.6,0.0,0.0,0.0
13.65,0.0,0.0,0.0
13.7,0.0,0.0,0.0
13.75,0.0,0.0,0.0
13.8,0.0,0.0,0.0
13.85,0.0,0.0,0.0
13.9,0.0,0.0,0.0
13.95,0.0,0.0,0.0
14.0,0.0,0.0,0.0
14.05,0.0,0.0,0.0
14.1,0.0,0.0,0.0
14.15,0.0,0.0,0.0
14.2,0.0,0.0,0.0
14.25,0.0,0.0,0.0
14.3,0.0,0.0,0.0
14.35,0.0,0.0,0.0
14.4,0.0,0.0,0.0
14.45,0.0,0.0,0.0
14.5,0.0,0.0,0.0
14.55,0.0,0.0,0.0
14.6,0.0,0.0,0.0
14.65,0.0,0.0,0.0
14.7,0.0,0.0,0.0
14.75,0.0,0.0,0.0
14.8,0.0,0.0,0.0
14.85,0.0,0.0,0.0
14.9,0.0,0.0,0.0
14.95,0.0,0.0,0.0
15.0,0.0,0.0,0.0
15.05,0.0,0.0,0.0
15.1,0.0,0.0,0.0
15.15,0.0,0.0,0.0
15.2,0.0,0.0,0.0
15.25,0.0,0.0,0.0
15.3,0.0,0.0,0.0
15.35,0.0,0.0,0.0
15.4,0.0,0.0,0.0
15.45,0.0,0.0,0.0
15.5,0.0,0.0,0.0
15.55,0.0,0.0,0.0
15.6,0.0,0.0,0.0
15.65,0.0,0.0,0.0
15.7,0.0,0.0,0.0
15.75,0.0,0.0,0.0
15.8,0.0,0.0,0.0
15.85,0.0,0.0,0.0
15.9,0.0,0.0,0.0
15.95,0.0,0.0,0.0
16.0,0.0,0.0,0.0
16.05,0.0,0.0,0.0
16.1,0.0,0.0,0.0
16.15,0.0,0.0,0.0
16.2,0.0,0.0,0.0
16.25,0.0,0.0,0.0
16.3,0.0,0.0,0.0
16.35,0.0,0.0,0.0
16.4,0.0,0.0,0.0
16.45,0.0,0.0,0.0
16.5,0.0,0.0,0.0
16.55,0.0,0.0,0.0
16.6,0.0,0.0,0.0
16.65,0.0,0.0,0.0
16.7,0.0,0.0,0.0
16.75,0.0,0.0,0.0
16.8,0.0,0.0,0.0
16.85,0.0,0.0,0.0
16.9,0.0,0.0,0.0
16.95,0.0,0.0,0.0
17.0,0.0,0.0,0.0
17.05,0.0,0.0,0.0
17.1,0.0,0.0,0.0
17.15,0.0,0.0,0.0
17.2,0.0,0.0,0.0
17.25,0.0,0.0,0.0
17.3,0.0,0.0,0.0
17.35,0.0,0.0,0.0
17.4,0.0,0.0,0.0
17.45,0.0,0.0,0.0
17.5,0.0,0.0,0.0
17.55,0.0,0.0,0.0
17.6,0.0,0.0,0.0
17.65,0.0,0.0,0.0
17.7,0.0,0.0,0.0
17.75,0.0,0.0,0.0
17.8,0.0,0.0,0.0
17.85,0.0,0.0,0.0
17.9,0.0,0.0,0.0
17.95,0.0,0.0,0.0
18.0,0.0,0.0,0.0
18.05,0.0,0.0,0.0
18.1,0.0,0.0,0.0
18.15,0.0,0.0,0.0
18.2,0.0,0.0,0.0
18.25,0.0,0.0,0.0
18.3,0.0,0.0,0.0
18.35,0.0,0.0,0.0
18.4,0.0,0.0,0.0
18.45,0.0,0.0,0.0
18.5,0.0,0.0,0.0
18.55,0.0,0.0,0.0
18.6,0.0,0.0,0.0
18.65,0.0,0.0,0.0
18.7,0.0,0.0,0.0
18.75,0.0,0.0,0.0
18.8,0.0,0.0,0.0
18.85,0.0,0.0,0.0
18.9,0.0,0.0,0.0
18.95,0.0,0.0,0.0
19.0,0.0,0.0,0.0
19.05,0.0,0.0,0.0
19.1,0.0,0.0,0.0
19.15,0.0,0.0,0.0
19.2,0.0,0.0,0.0
19.25,0.0,0.0,0.0
19.3,0.0,0.0,0.0
19.35,0.0,0.0,0.0
19.4,0.0,0.0,0.0
19.45,0.0,0.0,0.0
19.5,0.0,0.0,0.0
19.55,0.0,0.0,0.0
19.6,0.0,0.0,0.0
19.65,0.0,0.0,0.0
19.7,0.0,0.0,0.0
19.75,0.0,0.0,0.0
19.8,0.0,0.0,0.0
19.85,0.0,0.0,0.0
19.9,0.0,0.0,0.0
19.95,0.0,0.0,0.0
20.0,0.0,0.0,0.0
20.05,0.0,0.0,0.0
20.1,0.0,0.0,0.0
20.15,0.0,0.0,0.0
20.2,0.0,0.0,0.0
20.25,0.0,0.0,0.0
20.3,0.0,0.0,0.0
20.35,0.0,0.0,0.0
20.4,0.0,0.0,0.0
20.45,0.0,0.0,0.0
20.5,0.0,0.0,0.0
20.55,0.0,0.0,0.0
20.6,0.0,0.0,0.0
20.65,0.0,0.0,0.0
20.7,0.0,0.0,0.0
20.75,0.0,0.0,0.0
20.8,0.0,0.0,0.0
20.85,0.0,0.0,0.0
20.9,0.0,0.0,0.0
20.95,0.0,0.0,0.0
21.0,0.0,0.0,0.0
21.05,0.0,0.0,0.0
21.1,0.0,0.0,0.0
21.15,0.0,0.0,0.0
21.2,0.0,0.0,0.0
21.25,0.0,0.0,0.0
21.3,0.0,0.0,0.0
21.35,0.0,0.0,0.0
21.4,0.0,0.0,0.0
21.45,0.0,0.0,0.0
21.5,0.0,0.0,0.0
21.55,0.0,0.0,0.0
21.6,0.0,0.0,0.0
21.65,0.0,0.0,0.0
21.7,0.0,0.0,0.0
21.75,0.0,0.0,0.0
21.8,0.0,0.0,0.0
21.85,0.0,0.0,0.0
21.9,0.0,0.0,0.0
21.95,0.0,0.0,0.0
22.0,0.0,0.0,0.0
22.05,0.0,0.0,0.0
22.1,0.0,0.0,0.0
22.15,0.0,0.0,0.0
22.2,0.0,0.0,0.0
22.25,0.0,0.0,0.0
22.3,0.0,0.0,0.0
22.35,0.0,0.0,0.0
22.4,0.0,0.0,0.0
22.45,0.0,0.0,0.0
22.5,0.0,0.0,0.0
22.55,0.0,0.0,0.0
22.6,0.0,0.0,0.0
22.65,0.0,0.0,0.0
22.7,0.0,0.0,0.0
22.75,0.0,0.0,0.0
22.8,0.0,0.0,0.0
22.85,0.0,0.0,0.0
22.9,0.0,0.0,0.0
22.95,0.0,0.0,0.0
23.0,0.0,0.0,0.0
23.05,0.0,0.0,0.0
23.1,0.0,0.0,0.0
23.15,0.0,0.0,0.0
23.2,0.0,0.0,0.0
23.25,0.0,0.0,0.0
23.3,0.0,0.0,0.0
23.35,0.0,0.0,0.0
23.4,0.0,0.0,0.0
23.45,0.0,0.0,0.0
23.5,0.0,0.0,0.0
23.55,0.0,0.0,0.0
23.6,0.0,0.0,0.0
23.65,0.0,0.0,0.0
23.7,0.0,0.0,0.0
23.75,0.0,0.0,0.0
23.8,0.0,0.0,0.0
23.85,0.0,0.0,0.0
23.9,0.0,0.0,0.0
23.95,0.0,0.0,0.0
24.0,0.0,0.0,0.0
24.05,0.0,0.0,0.0
24.1,0.0,0.0,0.0
24.15,0.0,0.0,0.0
24.2,0.0,0.0,0.0
24.25,0.0,0.0,0.0
24.3,0.0,0.0,0.0
24.35,0.0,0.0,0.0
24.4,0.0,0.0,0.0
24.45,0.0,0.0,0.0
24.5,0.0,0.0,0.0
24.55,0.0,0.0,0.0
24.6,0.0,0.0,0.0
24.65,0.0,0.0,0.0
24.7,0.0,0.0,0.0
24.75,0.0,0.0,0.0
24.8,0.0,0.0,0.0
24.85,0.0,0.0,0.0
24.9,0.0,0.0,0.0
24.95,0.0,0.0,0.0
25.0,0.0,0.0,0.0
25.05,0.0,0.0,0.0
25.1,0.0,0.0,0.0
25.15,0.0,0.0,0.0
25.2,0.0,0.0,0.0
25.25,0.0,0.0,0.0
25.3,0.0,0.0,0.0
25.35,0.0,0.0,0.0
25.4,0.0,0.0,0.0
25.45,0.0,0.0,0.0
25.5,0.0,0.0,0.0
25.55,0.0,0.0,0.0
25.6,0.0,0.0,0.0
25.65,0.0,0.0,0.0
25.7,0.0,0.0,0.0
25.75,0.0,0.0,0.0
25.8,0.0,0.0,0.0
25.85,0.0,0.0,0.0
25.9,0.0,0.0,0.0
25.95,0.0,0.0,0.0
26.0,0.0,0.0,0.0
26.05,0.0,0.0,0.0
26.1,0.0,0.0,0.0
26.15,0.0,0.0,0.0
26.2,0.0,0.0,0.0
26.25,0.0,0.0,0.0
26.3,0.0,0.0,0.0
26.35,0.0,0.0,0.0
26.4,0.0,0.0,0.0
26.45,0.0,0.0,0.0
26.5,0.0,0.0,0.0
26.55,0.0,0.0,0.0
26.6,0.0,0.0,0.0
26.65,0.0,0.0,0.0
26.7,0.0,0.0,0.0
26.75,0.0,0.0,0.0
26.8,0.0,0.0,8.57039605928e-17
26.85,0.0,0.0,0.000115814534917
26.9,0.0,0.0,0.000320782429352
26.95,0.0,0.0,0.000478091539618
27.0,0.0,0.0,0.000598228363417
27.05,0.0,0.0,0.000689497287703
27.1,0.0,0.0,0.000872671617544
27.15,0.0,0.0,0.00101087021596
27.2,0.0,0.0,0.00111420369144
27.25,0.0,0.0,0.00119062164347
27.3,0.0,0.0,0.00124633140344
27.35,0.0,0.0,0.00128615447216
27.4,0.0,0.0,0.0014234607247
27.45,0.0,0.0,0.00152383256409
27.5,0.0,0.0,0.00159580848883
27.55,0.0,0.0,0.00175265129642
27.6,0.0,0.0,0.00186533569202
27.65,0.0,0.0,0.00204837753371
27.7,0.0,0.0,0.00228088381043
27.75,0.0,0.0,0.00244475869499
27.8,0.0,0.0,0.00255531327559
27.85,0.0,0.0,0.00262153367443
27.9,0.0,0.0,0.00265438419711
27.95,0.0,0.0,0.00266533258567
28.0,0.0,0.0,0.00266009761455
28.05,0.0,0.0,0.00264236799071
28.1,0.0,0.0,0.00270264186265
28.15,0.0,0.0,0.00273201771995
28.2,0.0,0.0,0.00273847542325
28.25,0.0,0.0,0.00272811593629
28.3,0.0,0.0,0.00270557749773
28.35,0.0,0.0,0.00267377749406
28.4,0.0,0.0,0.00263300313875
28.45,0.0,0.0,0.0025885307288
28.5,0.0,0.0,0.00254123557446
28.55,0.0,0.0,0.00248995338348
28.6,0.0,0.0,0.00243803831786
28.65,0.0,0.0,0.00238333107418
28.7,0.0,0.0,0.0023989080875
28.75,0.0,0.0,0.00239589808286
28.8,0.0,0.0,0.00237940458239
28.85,0.0,0.0,0.00242139037143
28.9,0.0,0.0,0.00243732571472
28.95,0.0,0.0,0.00243413444334
29.0,0.0,0.0,0.0024171007107
29.05,0.0,0.0,0.00238976933391
29.1,0.0,0.0,0.00235333137527
29.15,0.0,0.0,0.00231260142447
29.2,0.0,0.0,0.00226922544617
29.25,0.0,0.0,0.00222441637356
29.3,0.0,0.0,0.00217906406391
29.35,0.0,0.0,0.00213550420126
29.4,0.0,0.0,0.00210592607394
29.45,0.0,0.0,0.00207331044141
29.5,0.0,0.0,0.00203884110649
29.55,0.0,0.0,0.00200339543447
29.6,0.0,0.0,0.00196912333663
29.65,0.0,0.0,0.00194841403544
29.7,0.0,0.0,0.00192231645886
29.75,0.0,0.0,0.00189411747889
29.8,0.0,0.0,0.00186432689554
29.85,0.0,0.0,0.00183214593531
29.9,0.0,0.0,0.00180155607493
29.95,0.0,0.0,0.00178079329525
30.0,0.0,0.0,0.00175793011094
30.05,0.0,0.0,0.00173377418936
30.1,0.0,0.0,0.00170892534777
30.15,0.0,0.0,0.00168382278719
30.2,0.0,0.0,0.00165878865902
30.25,0.0,0.0,0.00163405318556
30.3,0.0,0.0,0.00160978087793
30.35,0.0,0.0,0.00158601038308
30.4,0.0,0.0,0.00156239766689
30.45,0.0,0.0,0.00155265308902
30.5,0.0,0.0,0.00154014138076
30.55,0.0,0.0,0.00152572711014
30.6,0.0,0.0,0.00150997973075
30.65,0.0,0.0,0.00149187265775
30.7,0.0,0.0,0.00147345910574
30.75,0.0,0.0,0.00145606159834
30.8,0.0,0.0,0.0014521294148
30.85,0.0,0.0,0.00144487157837
30.9,0.0,0.0,0.00143518248444
30.95,0.0,0.0,0.00142230928522
31.0,0.0,0.0,0.00140841266701
31.05,0.0,0.0,0.00139389522286
31.1,0.0,0.0,0.00137905901782
31.15,0.0,0.0,0.00136412617499
31.2,0.0,0.0,0.0013492576881
31.25,0.0,0.0,0.00133456971055
31.3,0.0,0.0,0.00132014567082
31.35,0.0,0.0,0.0013060446507
31.4,0.0,0.0,0.00129222101017
31.45,0.0,0.0,0.00127829556678
31.5,0.0,0.0,0.0012778343604
31.55,0.0,0.0,0.00127444125987
31.6,0.0,0.0,0.0012699621556
31.65,0.0,0.0,0.00127406355725
31.7,0.0,0.0,0.00127442699376
31.75,0.0,0.0,0.0012726702894
31.8,0.0,0.0,0.00128514779781
31.85,0.0,0.0,0.00129162406474
31.9,0.0,0.0,0.00129360072319
31.95,0.0,0.0,0.00129223392389
32.0,0.0,0.0,0.0012884061666
32.05,0.0,0.0,0.00128279421829
32.1,0.0,0.0,0.00127591365267
32.15,0.0,0.0,0.00126815794389
32.2,0.0,0.0,0.00125982221869
32.25,0.0,0.0,0.00125112859792
32.3,0.0,0.0,0.00124224565007
32.35,0.0,0.0,0.00123329645572
32.4,0.0,0.0,0.00122437393386
32.45,0.0,0.0,0.00121545731711
32.5,0.0,0.0,0.00120533918841
32.55,0.0,0.0,0.00119546293904
32.6,0.0,0.0,0.00118577453403
32.65,0.0,0.0,0.00117501315966
32.7,0.0,0.0,0.00116458343138
32.75,0.0,0.0,0.0011543552998
32.8,0.0,0.0,0.00114312227879
32.85,0.0,0.0,0.00113226339902
32.9,0.0,0.0,0.00112176046466
32.95,0.0,0.0,0.00111159657605
33.0,0.0,0.0,0.00110175372957
33.05,0.0,0.0,0.001092214353
33.1,0.0,0.0,0.00108296318377
33.15,0.0,0.0,0.00107398877874
33.2,0.0,0.0,0.00106527517531
33.25,0.0,0.0,0.00105680864225
33.3,0.0,0.0,0.00104857948939
33.35,0.0,0.0,0.00104057354602
33.4,0.0,0.0,0.00103278075827
33.45,0.0,0.0,0.00102519187986
33.5,0.0,0.0,0.00101779628135
33.55,0.0,0.0,0.00101058337418
33.6,0.0,0.0,0.0010035443693
33.65,0.0,0.0,0.000996673711697
33.7,0.0,0.0,0.000989961374653
33.75,0.0,0.0,0.000983399116039
33.8,0.0,0.0,0.000976982194085
33.85,0.0,0.0,0.000970701458883
33.9,0.0,0.0,0.000964551358818
33.95,0.0,0.0,0.000958526885838
34.0,0.0,0.0,0.000952621539037
34.05,0.0,0.0,0.000946828658265
34.1,0.0,0.0,0.000941143082444
34.15,0.0,0.0,0.000935562515374
34.2,0.0,0.0,0.000930080311996
34.25,0.0,0.0,0.000924691342434
34.3,0.0,0.0,0.00091939362384
34.35,0.0,0.0,0.000914180897102
34.4,0.0,0.0,0.000909050155797
34.45,0.0,0.0,0.000903998789232
34.5,0.0,0.0,0.000899022668222
34.55,0.0,0.0,0.000894117402586
34.6,0.0,0.0,0.00088927991258
34.65,0.0,0.0,0.000884509731496
34.7,0.0,0.0,0.000879802197759
34.75,0.0,0.0,0.000875153991234
34.8,0.0,0.0,0.000870564688703
34.85,0.0,0.0,0.000866029746894
34.9,0.0,0.0,0.000861547625919
34.95,0.0,0.0,0.000857117095495
35.0,0.0,0.0,0.000852735423498
35.05,0.0,0.0,0.000848399567097
35.1,0.0,0.0,0.000844107666631
35.15,0.0,0.0,0.000839860289285
35.2,0.0,0.0,0.000835653972769
35.25,0.0,0.0,0.000831486475651
35.3,0.0,0.0,0.000827358261946
35.35,0.0,0.0,0.000823265840381
35.4,0.0,0.0,0.000819208529114
35.45,0.0,0.0,0.000815185903359
35.5,0.0,0.0,0.000811196074565
35.55,0.0,0.0,0.000807236821936
35.6,0.0,0.0,0.00080330701521
35.65,0.0,0.0,0.000799407802695
35.7,0.0,0.0,0.000795536471273
35.75,0.0,0.0,0.000791691438512
35.8,0.0,0.0,0.000787873670379
35.85,0.0,0.0,0.000784080343861
35.9,0.0,0.0,0.000780311284311
35.95,0.0,0.0,0.000776566540294
36.0,0.0,0.0,0.000772844745482
36.05,0.0,0.0,0.000769144195303
36.1,0.0,0.0,0.000765464203242
36.15,0.0,0.0,0.000761806235704
36.2,0.0,0.0,0.000758168064589
36.25,0.0,0.0,0.00075454852025
36.3,0.0,0.0,0.000750948845336
36.35,0.0,0.0,0.000747366658309
36.4,0.0,0.0,0.000743802085222
36.45,0.0,0.0,0.000740255452138
36.5,0.0,0.0,0.000736725724385
36.55,0.0,0.0,0.000733211531766
36.6,0.0,0.0,0.000729712461774
36.65,0.0,0.0,0.000726230143213
36.7,0.0,0.0,0.000722762674579
36.75,0.0,0.0,0.000719309151564
36.8,-1.60325458053e-14,-2.97660446747e-15,0.000715870959322
36.85,-0.00592735946808,-6.90214619909e-05,0.00071244602082
36.9,-0.0114653675796,-0.000138909647137,0.000722475854257
36.95,-0.0166133651221,-0.00021032985209,0.000744426044429
37.0,-0.0213797047493,-0.000284105218189,0.000776845012883
37.05,-0.0257726835134,-0.000361428848049,0.000818379988012
37.1,-0.0298046431,-0.000442406085573,0.000867772981602
37.15,-0.0334897715139,-0.000528304851359,0.000923863240549
37.2,-0.0368424804662,-0.000619585283038,0.000985581438837
37.25,-0.0398804521806,-0.000716627989449,0.00105194847991
37.3,-0.0426187651649,-0.000820487061998,0.00112207831584
37.35,-0.0450765911745,-0.000931025073738,0.00119516080095
37.4,-0.0472693545377,-0.00104926097674,0.00127047237574
37.45,-0.0492156503962,-0.00117552531023,0.00134736027704
37.5,-0.0509312171098,-0.00130981705146,0.0014252446785
37.55,-0.0524329134179,-0.00145318030219,0.00150360451482
37.6,-0.0537362447498,-0.00160520413027,0.00158198640507
37.65,-0.054856132323,-0.0017665795997,0.00165999409926
37.7,-0.0558073476234,-0.0019376109237,0.00173727570525
37.75,-0.0566028496096,-0.00211780471755,0.00181352895789
37.8,-0.0558071350251,-0.00219678197064,0.00188849751235
37.85,-0.0593825832843,-0.00239808393669,0.00195907452543
37.9,-0.0624876912444,-0.00261553533486,0.00203363567474
37.95,-0.0651511684649,-0.00284897043201,0.00211113518156
38.0,-0.0674063131245,-0.00309860487257,0.0021906322937
38.05,-0.0692835889582,-0.00336514312764,0.00227129952196
38.1,-0.0708141674658,-0.0036474137883,0.00235240539043
38.15,-0.0720281234964,-0.00394620838828,0.00243332488459
38.2,-0.072953436309,-0.00426074314511,0.00251350645936
38.25,-0.0736184552359,-0.00459000168345,0.0025924781045
38.3,-0.0740475922901,-0.00493431059295,0.00266984849176
38.35,-0.074266578905,-0.00529141843096,0.00274527290542
38.4,-0.0742965920769,-0.00566131630262,0.00281848292335
38.45,-0.074159702162,-0.0060426814542,0.0028892572908
38.5,-0.0738745573916,-0.00643342097354,0.00295741686913
38.55,-0.0734595182806,-0.00683369136147,0.00302281339745
38.6,-0.0729306881285,-0.00724044556672,0.00308535180808
38.65,-0.072302925093,-0.00765337281519,0.0031449687247
38.7,-0.0715901841383,-0.00807095172745,0.00320161036456
38.75,-0.0708042881509,-0.00849065038992,0.00325525749291
38.8,-0.0689763720916,-0.00869166120182,0.00330592631263
38.85,-0.0668845922544,-0.00887779964875,0.00335180083007
38.9,-0.0649008002394,-0.0090495475906,0.00339267259981
38.95,-0.0630177618231,-0.00920762850007,0.00342891186589
39.0,-0.0612285585745,-0.00935278238644,0.00346086683491
39.05,-0.0595262871712,-0.00948581831911,0.00348888377816
39.1,-0.0579042435413,-0.00960753568238,0.00351330348829
39.15,-0.0563556327589,-0.00971883476075,0.00353448212641
39.2,-0.054873548859,-0.00982059100422,0.00355276551859
39.25,-0.0534508809263,-0.00991366068902,0.00356851550158
39.3,-0.0520802129242,-0.00999906724614,0.00358212201058
39.35,-0.0507537357445,-0.0100775028674,0.00359397934879
39.4,-0.0494629775023,-0.0101498746464,0.00360452925112
39.45,-0.0481987235732,-0.0102168918705,0.00361425455391
39.5,-0.0469505392511,-0.0102792960906,0.0036236968519
39.55,-0.045706382862,-0.0103376258972,0.00363348184263
39.6,-0.0444516681563,-0.0103923387795,0.00364437544695
39.65,-0.043168082032,-0.0104436567577,0.00365735232873
39.7,-0.0418313021361,-0.010491270499,0.00367368935939
39.75,-0.0404073531743,-0.0105340876225,0.00369518142888
39.8,-0.0388457670295,-0.0105692941593,0.00372451179458
39.85,-0.0370667337113,-0.010590089704,0.0037659152
39.9,-0.0349331787496,-0.01057970244,0.00382666064893
39.95,-0.0321887995791,-0.0104935741597,0.0039203645111
40.0,-0.0282984490916,-0.0101952143607,0.00407545387349
40.05,-0.0219948041678,-0.00917979332359,0.00435926551322
40.1,-0.0099926404388,-0.00521023082283,0.00494641475446
40.15,0.0137632416223,0.0092010341226,0.0061590248203
40.2,0.0412262682309,0.0306697023785,0.00757036129363
40.25,0.0544638655227,0.0416219654054,0.00822715603844
40.3,0.0579435460385,0.0448397123844,0.00836596805716
40.35,0.0579747785509,0.0452970882002,0.00832183370908
40.4,0.0566891043352,0.044675281004,0.00820799462774
40.45,0.0546102930468,0.0433784260199,0.00805225769784
40.5,0.0518282941684,0.0414618262079,0.0078593442926
40.55,0.0483394563127,0.0389035220438,0.0076289897059
40.6,0.0441459993819,0.0356861252813,0.00736125248743
40.65,0.0392871548033,0.031826046103,0.0070581871686
40.7,0.0338463194081,0.0273850326021,0.00672417550343
40.75,0.0279464905287,0.022475054196,0.0063657353067
40.8,0.0217388228231,0.017259378066,0.00599092309959
40.85,0.0153873463549,0.0119495704526,0.00560846567713
40.9,0.00905508195654,0.00679688610787,0.00522708575198
40.95,0.00290262129186,0.0020762380622,0.00485538586326
41.0,-0.00290616359444,-0.00195146693934,0.00450215156744
41.05,-0.00826537065089,-0.005136952434,0.00417307765502
41.1,-0.0132419819895,-0.00750852622584,0.00386460518944
41.15,-0.018037680888,-0.00916509702866,0.00356595057317
41.2,-0.0228443199063,-0.0101575476535,0.00326681732878
41.25,-0.0277204723416,-0.0104946771781,0.00296405301285
41.3,-0.0325140533055,-0.010245117417,0.00266582806993
41.35,-0.0369061026472,-0.00961146877633,0.00238928669708
41.4,-0.0406081094822,-0.00885144740027,0.00214997919141
41.45,-0.0435147363458,-0.00814354557169,0.00195362890006
41.5,-0.045676817448,-0.00755806057059,0.00179755781278
41.55,-0.047208505755,-0.00710186408924,0.00167567128869
41.6,-0.0482286495586,-0.00675888727409,0.00158161189363
41.65,-0.0488403678716,-0.00650849284012,0.00150986170929
41.7,-0.0491281937425,-0.00633211956371,0.00145588677446
41.75,-0.0491601302344,-0.00621442326909,0.00141603865279
41.8,-0.0489906770155,-0.00614330981261,0.00138739530113
41.85,-0.0486636560448,-0.0061092838688,0.00136761208959
41.9,-0.0482137466154,-0.00610486220438,0.00135481201338
41.95,-0.0476689533838,-0.00612421460001,0.00134748895815
42.0,-0.0470517810247,-0.00616249129572,0.00134442896174
42.05,-0.0463803231382,-0.00621597575225,0.00134465382133
42.1,-0.0456691529748,-0.00628149795488,0.00134737576779
42.15,-0.0449300104615,-0.00635676441026,0.00135196278927
42.2,-0.0441723249818,-0.0064394503821,0.0013579004219
42.25,-0.0434037006778,-0.00652789713892,0.00136477394928
42.3,-0.0426302431752,-0.00662068125386,0.00137225348911
42.35,-0.0418568415789,-0.00671658965559,0.00138006801813
42.4,-0.0410873945529,-0.00681460132729,0.00138800426479
42.45,-0.0403249935459,-0.0069138357635,0.00139589283002
42.5,-0.0395720713669,-0.00701355982972,0.00140359726625
42.55,-0.0388305222994,-0.00711315827473,0.0014110094383
42.6,-0.0381018002298,-0.00721211642393,0.00141804672817
42.65,-0.0373869989933,-0.00731000506979,0.00142464995805
42.7,-0.0366869183413,-0.0074064673831,0.00143076904439
42.75,-0.0360021173084,-0.00750120790872,0.00143636876956
42.8,-0.0353329586436,-0.00759398301832,0.00144142910786
42.85,-0.0346798188979,-0.00768459274436,0.00144593181151
42.9,-0.0340425890811,-0.00777287480637,0.00144987053919
42.95,-0.0334212380347,-0.00785878199123,0.00145324494627
43.0,-0.0328156672676,-0.00794220525355,0.00145605571772
43.05,-0.0322256727649,-0.00802301188205,0.00145830858082
43.1,-0.03165101705,-0.00810113714046,0.00146001294058
43.15,-0.031091420403,-0.00817674697655,0.00146118462842
43.2,-0.030546583231,-0.00824966761394,0.00146183356982
43.25,-0.0300161506224,-0.00831993545314,0.00146197465896
43.3,-0.0294997791505,-0.00838767103487,0.00146162682319
43.35,-0.0289970813716,-0.00845278116929,0.00146080442905
43.4,-0.0285076901063,-0.00851542622736,0.00145952555512
43.45,-0.0280312042096,-0.00857561392957,0.00145781058416
43.5,-0.0275672459922,-0.00863330573691,0.00145567597762
43.55,-0.0271154251614,-0.00868877040735,0.00145313820837
43.6,-0.026675339671,-0.00874192860061,0.00145021627307
43.65,-0.0262466145349,-0.00879283876338,0.00144693177013
43.7,-0.0258288679657,-0.00884159110939,0.00144329972835
43.75,-0.025421723154,-0.00888831895075,0.00143933685424
43.8,-0.0250248000162,-0.00893309587517,0.00143506462692
43.85,-0.0246378669059,-0.00897594949803,0.00143049626724
43.9,-0.0242604388922,-0.00901697426744,0.00142564991409
43.95,-0.0238921674007,-0.00905624155394,0.00142054361437
44.0,-0.0235327120953,-0.00909382542007,0.00141519238057
44.05,-0.0231817409035,-0.00912980057082,0.00140961011453
44.1,-0.0228389301122,-0.00916423929709,0.00140381208293
44.15,-0.0225039645729,-0.0091972115159,0.00139781702199
44.2,-0.0221765379534,-0.00922878725804,0.00139163644846
44.25,-0.0218563573347,-0.00925911229105,0.00138528303046
44.3,-0.0215431276108,-0.00928817925047,0.00137877396818
44.35,-0.0212365671819,-0.00931604858635,0.00137211909973
44.4,-0.0209364031916,-0.00934277879796,0.00136533233807
44.45,-0.0206423708871,-0.00936842669651,0.00135842752803
44.5,-0.0203542133834,-0.00939314990492,0.00135141559845
44.55,-0.0200716845774,-0.00941694507716,0.00134430625424
44.6,-0.0197945370156,-0.00943982582004,0.00133711101599
44.65,-0.0195225351587,-0.00946184459414,0.00132984448623
44.7,-0.0192554528624,-0.00948321597347,0.00132251432381
44.75,-0.0189930632266,-0.0095038250324,0.00131513003253
44.8,-0.018735147355,-0.00952371945301,0.00130770485229
44.85,-0.018481584757,-0.00954310021082,0.00130024540075
44.9,-0.0182320727323,-0.00956190099747,0.00129276233361
44.95,-0.0179864022181,-0.00958013095635,0.00128526673434
45.0,-0.0177443709476,-0.00959800885822,0.00127776695434
45.05,-0.0175057800354,-0.00961541402956,0.00127027056352
45.1,-0.0172704266516,-0.00963241071807,0.00126278699555
45.15,-0.0170381140481,-0.00964917244724,0.00125532887444
45.2,-0.0168086370711,-0.00966558586172,0.00124790322553
45.25,-0.016581792485,-0.00968177415527,0.00124051867087
45.3,-0.0163573750188,-0.00969781340212,0.0012331878891
45.35,-0.0161351675401,-0.00971364552651,0.00122591829301
45.4,-0.0159149486904,-0.00972943318402,0.00121872161047
45.45,-0.0156964884508,-0.00974518634213,0.00121161038763
45.5,-0.0154795381708,-0.00976088579997,0.00120459600033
45.55,-0.0152638356864,-0.00977667805035,0.00119769002988
45.6,-0.0150490994951,-0.00979258428569,0.00119090669972
45.65,-0.0148350162614,-0.00980860914709,0.00118426535966
45.7,-0.0146212429757,-0.00982482177895,0.0011777813181
45.75,-0.0144073972579,-0.00984138851474,0.00117147371733
45.8,-0.0141930403954,-0.00985826968596,0.00116536861106
45.85,-0.013977739977,-0.00987554215174,0.00115949005524
45.9,-0.0137608386742,-0.00989328525414,0.00115387065964
45.95,-0.0135416455215,-0.0099115790979,0.00114854934649
46.0,-0.0133193319637,-0.00993050178948,0.00114357074546
46.05,-0.0130928889992,-0.00995012430625,0.00113898919172
46.1,-0.0128610676054,-0.00997050152986,0.00113487411098
46.15,-0.0126222941499,-0.00999165664401,0.00113131653776
46.2,-0.0123745473918,-0.0100136830941,0.00112842747637
46.25,-0.0121151691402,-0.0100363962799,0.00112635561968
46.3,-0.0118405954483,-0.0100597026269,0.00112530468769
46.35,-0.0115458870638,-0.0100830200764,0.0011255511296
46.4,-0.0112239980859,-0.0101053871487,0.00112749476117
46.45,-0.0108644699788,-0.0101245719642,0.00113172958397
46.5,-0.0104510712324,-0.0101359596467,0.0011391755027
46.55,-0.00995714167206,-0.0101293282054,0.00115134428061
46.6,-0.00933577818456,-0.0100799380214,0.00117089908482
46.65,-0.0084969757762,-0.00992150574958,0.00120295514034
46.7,-0.00724890688072,-0.00944719907074,0.00125840748695
46.75,-0.00513458309304,-0.00788201463935,0.00136322124168
46.8,-0.00105149489811,-0.00203805145262,0.00158006723291
46.85,0.00609012097886,0.0144974079379,0.00197100987906
46.9,0.0126158127069,0.0322683724102,0.00232748390316
46.95,0.0154481640349,0.0403668185392,0.00247445888277
47.0,0.0161709371121,0.0427548685339,0.00250171538421
47.05,0.0160734228591,0.0428950634802,0.00248245129204
47.1,0.0155963528595,0.0419663289847,0.00244169300183
47.15,0.0148601049651,0.0402792369563,0.00238627211668
47.2,0.0138939802236,0.0378947613398,0.00231783049824
47.25,0.0127089134792,0.0348233373741,0.002236969308
47.3,0.0113202840288,0.0310909459293,0.00214455156922
47.35,0.00975440060953,0.026762684528,0.00204205521822
47.4,0.00804868398566,0.021952102473,0.00193160312653
47.45,0.00624868945633,0.0168238034146,0.00181578739078
47.5,0.00440371685282,0.0115922127392,0.00169741573458
47.55,0.00256263587406,0.00651346590064,0.00157927645252
47.6,0.000773017151124,0.00186875279072,0.00146409150477
47.65,-0.000917169610977,-0.0020752105163,0.00135461491905
47.7,-0.00247838357406,-0.00516817616481,0.00125254328212
47.75,-0.00393398121372,-0.00744040430944,0.00115654707221
47.8,-0.00534635102897,-0.00898586085273,0.00106305942422
47.85,-0.00677205647989,-0.00984581144698,0.000968836888099
47.9,-0.00822338796538,-0.0100303283856,0.000873171608468
47.95,-0.00964629390551,-0.00963479920619,0.000779165423318
48.0,-0.0109422438566,-0.00889643118542,0.000692480424636
48.05,-0.0120334286217,-0.00807837689679,0.000617598746861
48.1,-0.0128993666038,-0.00733932284207,0.000555715196912
48.15,-0.0135600953608,-0.00673055480524,0.000505696609319
48.2,-0.0140490880696,-0.0062494141764,0.000465631262962
48.25,-0.0143990858405,-0.00587612251784,0.000433646715811
48.3,-0.0146379166484,-0.00558928820685,0.000408151293463
48.35,-0.0147882480821,-0.00537047968013,0.000387845603179
48.4,-0.0148682725159,-0.00520486672173,0.000371687240865
48.45,-0.0148925419721,-0.00508093113172,0.000358841867927
48.5,-0.0148726800931,-0.00498982774214,0.000348641898994
48.55,-0.0148179712821,-0.00492459854281,0.00034055343543
48.6,-0.0147358372912,-0.00487994203075,0.00033414963806
48.65,-0.0146322146547,-0.00485172406268,0.000329089623857
48.7,-0.0145118616061,-0.00483656985067,0.000325098394214
48.75,-0.0143785966671,-0.00483195150199,0.000321955263833
48.8,-0.0142354847677,-0.00483582988258,0.000319483775094
48.85,-0.0140850594572,-0.00484649341385,0.000317540447017
48.9,-0.0139292289969,-0.00486251730077,0.000316010566043
48.95,-0.0137695853865,-0.00488307638505,0.000314801793429
49.0,-0.0136074077028,-0.00490699695003,0.000313839192343
49.05,-0.0134437232136,-0.00493373674997,0.000313062150224
49.1,-0.0132793579338,-0.00496267307341,0.000312422026614
49.15,-0.0131149692818,-0.0049932528565,0.000311880759373
49.2,-0.0129510838206,-0.00502509078054,0.000311406318641
49.25,-0.0127881200666,-0.00505792526043,0.000310973313544
49.3,-0.012626411038,-0.00509148525419,0.000310562267755
49.35,-0.0124662139456,-0.00512548457158,0.000310156592312
49.4,-0.0123077309508,-0.00515973903011,0.000309743895708
49.45,-0.0121511173703,-0.00519410238111,0.00030931458054
49.5,-0.0119964904657,-0.00522843971956,0.000308860685561
49.55,-0.0118439366614,-0.00526270236343,0.000308375884823
49.6,-0.0116935193827,-0.00529680236443,0.000307855576615
49.65,-0.0115452771763,-0.00533060970384,0.000307297466675
49.7,-0.0113992347944,-0.00536406187214,0.000306698582272
49.75,-0.0112554037508,-0.00539710621335,0.000306057129025
49.8,-0.0111137849149,-0.00542974402122,0.00030537290393
49.85,-0.0109744273615,-0.00546200625876,0.000304644626549
49.9,-0.0108372575969,-0.00549375724183,0.000303872690794
49.95,-0.0107022558103,-0.00552497508726,0.00030305772948
50.0,-0.0105693979393,-0.00555567566372,0.000302200071442
50.05,-0.0104386583339,-0.00558595221067,0.000301299994979
50.1,-0.0103100046189,-0.00561564102385,0.00030035855975
50.15,-0.0101834050158,-0.00564472672416,0.000299377633146
50.2,-0.0100588263796,-0.00567338051665,0.000298357721368
50.25,-0.00993623561282,-0.00570145935948,0.000297299730433
50.3,-0.00981559606116,-0.00572891007884,0.000296205721197
50.35,-0.0096968726392,-0.00575593648704,0.000295076242146
50.4,-0.00958003093313,-0.00578236960654,0.00029391278025
50.45,-0.00946503402465,-0.00580819799473,0.000292717052655
50.5,-0.00935184827337,-0.00583361952434,0.000291490049845
50.55,-0.00924043672236,-0.00585839234411,0.000290232821629
50.6,-0.0091307651397,-0.00588271472297,0.000288946632279
50.65,-0.00902280043261,-0.00590648183266,0.000287633488673
50.7,-0.00891650769062,-0.00592970939186,0.000286294117836
50.75,-0.00881185515251,-0.00595248192873,0.000284929449837
50.8,-0.00870880884093,-0.00597465977066,0.000283541451803
50.85,-0.00860738136418,-0.00599644903199,0.000282130518492
50.9,-0.00850749571176,-0.00601762125943,0.000280698131987
50.95,-0.00840912280882,-0.00603844420808,0.00027924562388
51.0,-0.00831223115909,-0.00605866338451,0.000277773958432
51.05,-0.00821679290713,-0.00607852876703,0.000276283755291
51.1,-0.00812277796833,-0.00609782547639,0.00027477612339
51.15,-0.00803015963004,-0.00611673817696,0.000273252740533
51.2,-0.00793890929057,-0.00613515085822,0.000271714076337
51.25,-0.0078490012675,-0.00615311882521,0.000270160797559
51.3,-0.00776040846572,-0.00617068384932,0.000268594513259
51.35,-0.0076731061249,-0.00618771387255,0.000267015402262
51.4,-0.00758706869789,-0.00620446554674,0.000265424577639
51.45,-0.00750227222154,-0.00622068082741,0.000263823129975
51.5,-0.00741869317735,-0.00623654624892,0.0002622116398
51.55,-0.00733630734138,-0.00625200994679,0.000260590607886
51.6,-0.0072550927449,-0.00626697014389,0.000258960738004
51.65,-0.0071750274442,-0.00628168970604,0.000257323455552
51.7,-0.00709608864874,-0.00629594020917,0.000255678991389
51.75,-0.00701825610695,-0.00630975189237,0.000254027774278
51.8,-0.00694150862378,-0.0063233189769,0.000252371095861
51.85,-0.00686586062869,-0.00633643368452,0.000250708954443
51.9,-0.00679125740646,-0.00634913199623,0.000249042166774
51.95,-0.00671767923946,-0.00636160557722,0.000247371622295
52.0,-0.00664510757535,-0.00637365544181,0.00024569768647
52.05,-0.00657352420576,-0.00638529234093,0.00024402059017
52.1,-0.00650291131935,-0.00639670440119,0.000242340856345
52.15,-0.00643325056067,-0.0064077536615,0.000240659716384
52.2,-0.00636452537954,-0.00641841535044,0.000238977127814
52.25,-0.00629671914502,-0.00642875561347,0.000237293379926
52.3,-0.00622981500005,-0.00643886272914,0.000235609528634
52.35,-0.00616379720398,-0.00644860563262,0.000233925427481
52.4,-0.00609865021578,-0.00645799323347,0.000232241696614
52.45,-0.00603435883347,-0.00646710473991,0.000230558996528
52.5,-0.00597090763294,-0.00647599095735,0.000228877576917
52.55,-0.00590828223009,-0.00648454278,0.000227197518896
52.6,-0.00584646840863,-0.00649276820997,0.000225519187639
52.65,-0.00578545225696,-0.00650067993988,0.000223843558267
52.7,-0.00572521981789,-0.00650843047268,0.000222170523294
52.75,-0.00566575780317,-0.00651587321508,0.000220500239416
52.8,-0.00560705319364,-0.00652301536766,0.00021883354656
52.85,-0.00554912098339,-0.00652986391817,0.000217170212307
52.9,-0.00549192030808,-0.00653643688078,0.000215510715099
52.95,-0.00543543866963,-0.00654285273254,0.000213855587689
53.0,-0.00537966417497,-0.00654900166734,0.000212204932386
53.05,-0.00532458513266,-0.00655487993297,0.000210558740988
53.1,-0.00527019011331,-0.00656049333538,0.000208917262154
53.15,-0.00521646792577,-0.00656584783643,0.000207281311668
53.2,-0.00516340761658,-0.00657098247357,0.000205650685108
53.25,-0.00511099816858,-0.00657594787756,0.000204025464064
53.3,-0.00505922915293,-0.00658066797463,0.000202406341467
53.35,-0.00500809029294,-0.00658514814626,0.000200793024276
53.4,-0.00495757151709,-0.00658939363816,0.000199185875951
53.45,-0.00490766296071,-0.0065934095515,0.000197585298417
53.5,-0.00485835496158,-0.00659720084638,0.00019599131698
53.55,-0.00480963805161,-0.00660079016535,0.000194403854413
53.6,-0.00476150275644,-0.0066042344187,0.000192823085725
53.65,-0.00471394002943,-0.00660746523351,0.000191249696327
53.7,-0.00466694097662,-0.0066104871065,0.000189683433746
53.75,-0.0046204968778,-0.00661330442403,0.000188124295463
53.8,-0.00457459918494,-0.00661592146057,0.000186572864839
53.85,-0.00452926215858,-0.0066183423705,0.000185028813901
53.9,-0.00448445444047,-0.00662057129692,0.000183492423908
53.95,-0.00444016799131,-0.00662261218436,0.000181964010274
54.0,-0.00439639493122,-0.00662447950959,0.000180443542879
54.05,-0.00435312751505,-0.00662620581633,0.000178930899886
54.1,-0.00431035800031,-0.00662777499561,0.000177426191157
54.15,-0.00426807903211,-0.00662916849012,0.000175929996167
54.2,-0.00422628333531,-0.0066303897965,0.000174442034865
54.25,-0.00418496377172,-0.00663144233069,0.000172962258627
54.3,-0.00414411333899,-0.0066323294258,0.00017149115869
54.35,-0.00410372517195,-0.00663305432403,0.000170028389605
54.4,-0.00406379253273,-0.0066336201953,0.000168574164955
54.45,-0.0040243088125,-0.00663403012865,0.00016712873301
54.5,-0.00398526752878,-0.00663429440899,0.000165692025655
54.55,-0.00394666230887,-0.00663441237171,0.000164263891424
54.6,-0.00390848690396,-0.00663438326478,0.000162844384162
54.65,-0.00387073518772,-0.00663420988877,0.000161434002728
54.7,-0.00383340115136,-0.00663389496824,0.000160032454219
54.75,-0.00379647889502,-0.00663344116892,0.00015863965921
54.8,-0.00375996262697,-0.00663285109536,0.000157256034317
54.85,-0.00372386527508,-0.00663212728309,0.000155881229646
54.9,-0.00368816224607,-0.00663127228669,0.000154515410535
54.95,-0.00365284806995,-0.00663029219949,0.000153158773074
55.0,-0.00361791734809,-0.00662919909927,0.000151811225966
55.05,-0.00358336481665,-0.00662798000746,0.000150472599441
55.1,-0.00354918530012,-0.00662663720918,0.000149142913361
55.15,-0.00351537371593,-0.00662517293726,0.000147822596153
55.2,-0.00348192507532,-0.0066235893657,0.000146511351819
55.25,-0.00344883447623,-0.00662188862522,0.000145209080699
55.3,-0.00341609710289,-0.00662007280075,0.000143916137874
55.35,-0.00338370822698,-0.00661814392385,0.000142632177499
55.4,-0.00335166320108,-0.00661610398762,0.000141357324471
55.45,-0.00331995746005,-0.00661395493876,0.000140091733973
55.5,-0.00328858651951,-0.00661170597666,0.000138835297236
55.55,-0.003257545963,-0.00660935534127,0.00013758783715
55.6,-0.00322683145434,-0.00660690122102,0.000136349350044
55.65,-0.00319643873692,-0.00660434539993,0.000135120205974
55.7,-0.00316636362961,-0.00660168961646,0.000133900113242
55.75,-0.00313660202104,-0.00659893557739,0.000132688960272
55.8,-0.00310714986926,-0.00659608495525,0.000131487051532
55.85,-0.00307801858538,-0.00659313938122,0.000130294051525
55.9,-0.00304918855876,-0.0065901005181,0.000129110056532
55.95,-0.0030206559555,-0.00658696993197,0.000127935189705
56.0,-0.00299241700672,-0.00658376056555,0.000126769333579
56.05,-0.00296446797211,-0.00658047960558,0.000125612310382
56.1,-0.00293680520605,-0.00657711288754,0.000124464099363
56.15,-0.00290942512261,-0.00657366183618,0.000123325021617
56.2,-0.00288232419698,-0.00657012784098,0.000122194794578
56.25,-0.00285549896069,-0.00656651226842,0.000121073300575
56.3,-0.00282894600149,-0.00656281645956,0.000119960801955
56.35,-0.00280266196428,-0.00655904172344,0.000118856977523
56.4,-0.00277664354668,-0.00655518934896,0.000117761899385
56.45,-0.0027508875002,-0.00655126059794,0.000116675665579
56.5,-0.00272539062922,-0.00654725670535,0.000115598155021
56.55,-0.00270014978874,-0.00654317888406,0.000114529190124
56.6,-0.0026751618831,-0.00653902832656,0.000113468738782
56.65,-0.00265042386577,-0.00653480620271,0.000112417080792
56.7,-0.00262593273993,-0.00653051365435,0.00011137394594
56.75,-0.00260168555469,-0.00652615180643,0.000110339214706
56.8,-0.0025776794049,-0.00652172176461,0.000109313114203
56.85,-0.00255392419535,-0.00651722460912,0.000108295340046
56.9,-0.00253040408681,-0.00651266145447,0.000107285947364
56.95,-0.00250711631227,-0.00650803334386,0.00010628501432
57.0,-0.00248405814785,-0.00650334521477,0.000105292419726
57.05,-0.00246122690722,-0.00649860101824,0.000104307991474
57.1,-0.00243861994164,-0.00649379491565,0.000103331690427
57.15,-0.00241623464928,-0.00648893753423,0.00010236376129
57.2,-0.00239406841945,-0.00648405396985,0.00010140395126
57.25,-0.00237211873833,-0.00647911242398,0.000100452141315
57.3,-0.00235038312031,-0.00647411380613,9.95085288257e-05
57.35,-0.00232885911798,-0.00646905900562,9.85728275338e-05
57.4,-0.00230754431914,-0.00646394890123,9.76450779762e-05
57.45,-0.00228643634768,-0.00645878435532,9.67253426068e-05
57.5,-0.00226553286291,-0.00645356685697,9.5813502657e-05
57.55,-0.00224483155758,-0.00644830656332,9.49093930816e-05
57.6,-0.00222433014951,-0.00644299435868,9.40129704155e-05
57.65,-0.00220402639852,-0.00643763105072,9.31244494387e-05
57.7,-0.00218391809796,-0.00643221742903,9.22435896409e-05
57.75,-0.0021640030721,-0.00642675427409,9.13702758482e-05
57.8,-0.00214427917612,-0.00642124235518,9.05046803275e-05
57.85,-0.00212475491527,-0.00641568242516,8.9646535628e-05
57.9,-0.00210541737429,-0.0064101185644,8.87958722729e-05
57.95,-0.00208626442264,-0.00640452023639,8.79527453447e-05
58.0,-0.00206729407583,-0.00639887702472,8.71170378867e-05
58.05,-0.00204850434138,-0.00639318962708,8.62885933078e-05
58.1,-0.00202989325419,-0.0063874587325,8.54673652739e-05
58.15,-0.00201145887649,-0.00638168501954,8.46535428753e-05
58.2,-0.00199319929825,-0.00637586915198,8.38469014479e-05
58.25,-0.00197511263507,-0.00637001178699,8.30473304423e-05
58.3,-0.00195719702817,-0.00636411357312,8.22549807101e-05
58.35,-0.00193945064489,-0.00635817514557,8.14696035867e-05
58.4,-0.00192187167678,-0.00635219713398,8.06912208702e-05
58.45,-0.0019044583401,-0.00634618015751,7.99198727229e-05
58.5,-0.00188720887551,-0.00634017034813,7.9155449832e-05
58.55,-0.00187012146915,-0.00633415019918,7.83978099132e-05
58.6,-0.00185319443541,-0.00632809369324,7.76469042742e-05
58.65,-0.00183642608543,-0.00632200140688,7.69028998748e-05
58.7,-0.00181981475351,-0.00631587390452,7.61655878973e-05
58.75,-0.00180335879533,-0.00630971174568,7.54348633304e-05
58.8,-0.00178705658801,-0.00630351548321,7.47108587148e-05
58.85,-0.00177091538071,-0.00629728565892,7.39933438111e-05
58.9,-0.00175492456778,-0.00629102284414,7.32823345396e-05
58.95,-0.00173908259195,-0.00628472756742,7.25778631859e-05
59.0,-0.00172338791632,-0.00627840034864,7.18798263878e-05
59.05,-0.00170783902355,-0.00627210711319,7.11880864396e-05
59.1,-0.00169243432901,-0.0062657954329,7.05026023861e-05
59.15,-0.00167717239197,-0.00625945404568,6.98235196532e-05
59.2,-0.00166205175422,-0.00625308343534,6.91506449238e-05
59.25,-0.0016470709755,-0.00624668408209,6.84838792406e-05
59.3,-0.00163222863351,-0.00624025646086,6.78233393973e-05
59.35,-0.0016175233243,-0.0062338010374,6.71688129273e-05
59.4,-0.00160295366093,-0.00622731827458,6.65203105745e-05
59.45,-0.00158851827388,-0.00622080862829,6.58778583785e-05
59.5,-0.00157421581081,-0.00621427254729,6.52413593283e-05
59.55,-0.00156004493589,-0.00620776171631,6.461068533e-05
59.6,-0.00154600425718,-0.00620124515441,6.39857958147e-05
59.65,-0.00153209250361,-0.00619470408871,6.33668199483e-05
59.7,-0.00151830838932,-0.00618813893827,6.27535794012e-05
59.75,-0.00150465064364,-0.00618155011944,6.21459815625e-05
59.8,-0.00149111801113,-0.00617493804439,6.15441296741e-05
59.85,-0.0014777166368,-0.00616830311747,6.09478282601e-05
59.9,-0.00146443776604,-0.00616164576868,6.03570847295e-05
59.95,-0.00145128019041,-0.00615496639387,5.97719201453e-05
60.0,-0.00143824271601,-0.00614827088437,5.91922439844e-05
60.05,-0.0014253241202,-0.00614162962718,5.86179403633e-05
60.1,-0.00141252323696,-0.0061349705357,5.80489658643e-05
60.15,-0.00139983891389,-0.00612829152381,5.7485437241e-05
60.2,-0.00138727001384,-0.00612159295613,5.69271904283e-05
60.25,-0.00137481541261,-0.0061148751952,5.63741391896e-05
60.3,-0.00136247399891,-0.0061081386002,5.58263750062e-05
60.35,-0.00135024467467,-0.00610138352359,5.52837184419e-05
60.4,-0.00133812635412,-0.00609461031636,5.47461739097e-05
60.45,-0.00132611796408,-0.00608781932457,5.42137585097e-05
60.5,-0.00131421844379,-0.00608106716371,5.36863881787e-05
60.55,-0.00130242667942,-0.00607432167486,5.31639576297e-05
60.6,-0.00129074166151,-0.00606756536322,5.26464238437e-05
60.65,-0.00127916236336,-0.00606079312087,5.21338909877e-05
60.7,-0.00126768777291,-0.00605400526723,5.16262084925e-05
60.75,-0.00125631688918,-0.00604720212016,5.11232964234e-05
60.8,-0.00124504872232,-0.00604038399467,5.06252360531e-05
60.85,-0.00123388846016,-0.00603355120003,5.01318630152e-05
60.9,-0.00122282884882,-0.00602670406739,4.96431798944e-05
60.95,-0.00121186893295,-0.00601989287523,4.91592006198e-05
61.0,-0.00120100771048,-0.00601309467168,4.86798511826e-05
61.05,-0.00119024427147,-0.00600628347216,4.82050291795e-05
61.1,-0.00117957769273,-0.00599945956606,4.7734695698e-05
61.15,-0.00116900706115,-0.00599262323961,4.72689436063e-05
61.2,-0.00115853147382,-0.0059857747735,4.68076350009e-05
61.25,-0.0011481500374,-0.0059789144472,4.63506960608e-05
61.3,-0.00113786186809,-0.00597204253781,4.58981991569e-05
61.35,-0.00112766609187,-0.00596515931738,4.5449993987e-05
61.4,-0.00111756184385,-0.00595832013719,4.50060814765e-05
61.45,-0.00110754821331,-0.00595149257093,4.45664766671e-05
61.5,-0.00109762437857,-0.00594465489465,4.41311062622e-05
61.55,-0.00108778950325,-0.00593781183411,4.36998776575e-05
61.6,-0.00107804275789,-0.00593096454299,4.32727545754e-05
61.65,-0.00106838332148,-0.00592410792657,4.28498202454e-05
61.7,-0.00105881038411,-0.00591724223232,4.24309485786e-05
61.75,-0.00104932314417,-0.0059103677067,4.20160716079e-05
61.8,-0.00103992080837,-0.00590348459418,4.1605253913e-05
61.85,-0.00103060774236,-0.0058966607971,4.11983582522e-05
61.9,-0.00102137786384,-0.00588983910123,4.07953882929e-05
61.95,-0.00101223043315,-0.00588300990962,4.03963516113e-05
62.0,-0.001003164692,-0.00587617345052,4.00011822417e-05
62.05,-0.000994179889822,-0.00586933141289,3.96097953391e-05
62.1,-0.000985275283121,-0.00586249074554,3.92221570657e-05
62.15,-0.000976450133566,-0.00585564350377,3.88383420704e-05
62.2,-0.000967703713618,-0.00584878990561,3.8458235228e-05
62.25,-0.000959035302984,-0.00584193717099,3.80817741177e-05
62.3,-0.000950444158689,-0.00583514907517,3.77090184593e-05
62.35,-0.000941929578546,-0.00582835559033,3.73398428586e-05
62.4,-0.000933490864761,-0.00582155692352,3.69742463808e-05
62.45,-0.000925127326602,-0.00581475327905,3.6612236752e-05
62.5,-0.000916838280325,-0.00580794485834,3.62537534734e-05
62.55,-0.000908623048967,-0.00580113186121,3.58987189553e-05
62.6,-0.000900480962235,-0.0057943144862,3.55471018226e-05
62.65,-0.000892411356503,-0.00578749292975,3.51989688935e-05
62.7,-0.000884413574891,-0.00578069229756,3.4854215197e-05
62.75,-0.000876486933669,-0.00577394028227,3.45127857579e-05
62.8,-0.00086863079791,-0.00576718494884,3.41747316905e-05
62.85,-0.000860848832934,-0.00576042648049,3.38399389211e-05
62.9,-0.000853136023203,-0.00575366507562,3.35084061243e-05
62.95,-0.000845491745468,-0.0057469009142,3.31801397428e-05
63.0,-0.00083791538262,-0.00574013417366,3.28550844049e-05
63.05,-0.000830406323514,-0.00573336646813,3.25331692654e-05
63.1,-0.00082296396244,-0.00572660458392,3.22143654048e-05
63.15,-0.000815587697577,-0.00571988220939,3.18987330364e-05
63.2,-0.000808276900245,-0.00571319322541,3.15861788988e-05
63.25,-0.000801030996257,-0.00570650279883,3.12766497814e-05
63.3,-0.00079384940427,-0.00569981109368,3.09701920395e-05
63.35,-0.000786731548628,-0.00569311827088,3.06667018409e-05
63.4,-0.000779676859073,-0.00568642449099,3.03661774593e-05
63.45,-0.000772684770831,-0.00567972991236,3.00686243066e-05
63.5,-0.00076575472456,-0.00567303469105,2.97739917893e-05
63.55,-0.000758886166205,-0.00566633898185,2.94822153026e-05
63.6,-0.000752078546921,-0.0056597054698,2.91932682205e-05
63.65,-0.000745331285106,-0.0056530945937,2.89072071322e-05
63.7,-0.000738643858203,-0.00564648392903,2.86239439573e-05
63.75,-0.000732015733632,-0.00563987362094,2.83434308884e-05
63.8,-0.000725446383793,-0.00563326381338,2.80657095835e-05
63.85,-0.000718938879046,-0.00562665464753,2.77906856086e-05
63.9,-0.000712489039739,-0.00562004627714,2.75183571324e-05
63.95,-0.000706096354006,-0.0056134388408,2.72487287352e-05
64.0,-0.000699760314798,-0.005606832475,2.69817542537e-05
64.05,-0.000693480419761,-0.00560028954432,2.67173748363e-05
64.1,-0.000687256136655,-0.00559376073781,2.64555683864e-05
64.15,-0.000681086989157,-0.00558723360421,2.6196382457e-05
64.2,-0.000674972489479,-0.00558070827078,2.59397378673e-05
64.25,-0.000668912154274,-0.00557418486427,2.56855910272e-05
64.3,-0.000662905504626,-0.00556766351037,2.54339794301e-05
64.35,-0.000656952066108,-0.00556114433223,2.51848172478e-05
64.4,-0.000651051368579,-0.00555462745274,2.493810252e-05
64.45,-0.000645202946244,-0.00554811299295,2.46938391654e-05
64.5,-0.000639406337611,-0.00554166377706,2.44519851243e-05
64.55,-0.000633661053872,-0.00553522830998,2.42124889814e-05
64.6,-0.000627966657396,-0.00552880356051,2.39753273396e-05
64.65,-0.000622322698007,-0.00552238327449,2.37405441932e-05
64.7,-0.000616728731204,-0.00551596617917,2.35080676039e-05
64.75,-0.000611184316789,-0.00550955238469,2.32778578709e-05
64.8,-0.000605689018539,-0.00550314200025,2.30499487822e-05
64.85,-0.000600245403992,-0.00549673513273,2.28242623705e-05
64.9,-0.000594849987484,-0.00549033189948,2.26007967244e-05
64.95,-0.000589502345392,-0.00548398711495,2.23795552202e-05
65.0,-0.000584202030995,-0.00547766385837,2.21605014057e-05
65.05,-0.00057894864077,-0.00547134469834,2.19435857352e-05
65.1,-0.000573741762958,-0.00546503463689,2.17287877601e-05
65.15,-0.000568580988485,-0.00545873296031,2.15161471601e-05
65.2,-0.000563465912208,-0.00545243568897,2.13055986294e-05
65.25,-0.000558396133426,-0.00544614291769,2.10971060437e-05
65.3,-0.000553371255001,-0.00543985474038,2.08906998879e-05
65.35,-0.000548390883399,-0.0054335712489,2.06863093656e-05
65.4,-0.000543454628541,-0.00542732964111,2.04839325754e-05
65.45,-0.000538562082843,-0.00542112662457,2.02835738927e-05
65.5,-0.000533712871119,-0.00541492869591,2.00851979585e-05
65.55,-0.000528906614135,-0.00540873594051,1.98887604901e-05
65.6,-0.000524142935996,-0.00540254844305,1.96942428448e-05
65.65,-0.00051942146414,-0.00539636628715,1.95016808193e-05
65.7,-0.000514741829354,-0.00539018955433,1.93110150727e-05
65.75,-0.000510103665655,-0.00538401832578,1.91222127694e-05
65.8,-0.000505506610282,-0.00537785268188,1.8935301451e-05
65.85,-0.000500952807247,-0.00537170169203,1.87502168622e-05
65.9,-0.000496439334633,-0.00536561658372,1.85669581866e-05
65.95,-0.00049196584201,-0.00535953741551,1.83855278637e-05
66.0,-0.000487531980411,-0.0053534642605,1.82058942273e-05
66.05,-0.00048313740392,-0.00534739719103,1.80280170643e-05
66.1,-0.000478781769635,-0.00534134110279,1.78518794047e-05
66.15,-0.000474464736836,-0.00533529526843,1.76775136858e-05
66.2,-0.000470185967999,-0.00532925574765,1.75048660983e-05
66.25,-0.000465945129219,-0.00532322260883,1.73339068122e-05
66.3,-0.000461741889502,-0.00531719591966,1.71646607307e-05
66.35,-0.000457575920781,-0.00531121258695,1.69970695478e-05
66.4,-0.000453446880888,-0.00530526638097,1.68311327386e-05
66.45,-0.000449354453999,-0.00529932691504,1.66668521399e-05
66.5,-0.000445298320951,-0.00529339425036,1.65041989963e-05
66.55,-0.000441278165346,-0.00528746844746,1.63431368061e-05
66.6,-0.000437293673522,-0.00528155167212,1.61836501399e-05
66.65,-0.000433344534216,-0.0052756484571,1.60257683322e-05
66.7,-0.000429430438231,-0.00526975229676,1.58694425909e-05
66.75,-0.000425551080065,-0.00526386324804,1.57146458344e-05
66.8,-0.000421706156861,-0.0052579813672,1.55614006034e-05
66.85,-0.000417897456872,-0.00525215601371,1.54096540049e-05
66.9,-0.000414122536932,-0.00524635414878,1.52594056692e-05
66.95,-0.000410381110434,-0.00524055969858,1.51106570967e-05
67.0,-0.000406672885824,-0.00523477271334,1.49633821889e-05
67.05,-0.000402997574057,-0.00522899324264,1.48175478252e-05
67.1,-0.000399354888567,-0.00522322133556,1.46731399911e-05
67.15,-0.000395744545262,-0.00521745704036,1.45301852393e-05
67.2,-0.000392166262526,-0.0052117004038,1.4388639248e-05
67.25,-0.000388619761152,-0.00520595147234,1.42484774456e-05
67.3,-0.000385104764328,-0.00520021029184,1.41097202546e-05
67.35,-0.000381620997654,-0.00519452273883,1.39723197032e-05
67.4,-0.000378168174374,-0.00518886070504,1.38362753813e-05
67.45,-0.000374746031429,-0.00518320661646,1.370158867e-05
67.5,-0.000371354301747,-0.00517756051359,1.35682358971e-05
67.55,-0.000367992720541,-0.00517192243635,1.34361870235e-05
67.6,-0.000364661025285,-0.00516629449772,1.33054293351e-05
67.65,-0.000361358955442,-0.00516068114171,1.31759869243e-05
67.7,-0.000358086252183,-0.0051550759433,1.30478196547e-05
67.75,-0.000354842659728,-0.00514947893946,1.29209052399e-05
67.8,-0.000351627924485,-0.00514389016663,1.27952621963e-05
67.85,-0.000348443536414,-0.00513833577513,1.26708470192e-05
67.9,-0.000345287460708,-0.00513282499035,1.25476591711e-05
67.95,-0.000342159454292,-0.00512732259551,1.24257000748e-05
68.0,-0.000339059272922,-0.005121828622,1.23049482635e-05
68.05,-0.000335986674432,-0.00511634310073,1.21853764968e-05
68.1,-0.000332941418718,-0.00511086606217,1.20669732463e-05
68.15,-0.000329923267724,-0.00510540542588,1.19497603487e-05
68.2,-0.000326931984535,-0.00509995385463,1.18337014209e-05
68.25,-0.000323967335124,-0.00509451086902,1.17187762598e-05
68.3,-0.000321029087517,-0.0050890764968,1.16050016653e-05
68.35,-0.000318117011735,-0.00508365076459,1.14923381878e-05
68.4,-0.000315230879747,-0.00507828277206,1.13807846535e-05
68.45,-0.000312370453546,-0.00507293367039,1.12703434291e-05
68.5,-0.00030953551479,-0.00506759332133,1.11609946635e-05
68.55,-0.000306725841482,-0.00506226174773,1.10527136599e-05
68.6,-0.000303941213503,-0.0050569389721,1.09454899731e-05
68.65,-0.000301181412612,-0.00505162501633,1.0839343423e-05
68.7,-0.000298446222444,-0.00504631990122,1.07342409629e-05
68.75,-0.00029573542846,-0.00504102364738,1.0630164279e-05
68.8,-0.000293048817947,-0.00503573627497,1.05271286271e-05
68.85,-0.000290387631238,-0.00503045780315,1.0425098239e-05
68.9,-0.000287750180054,-0.00502518825588,1.03240720778e-05
68.95,-0.000285136257477,-0.00501997902226,1.02240515455e-05
69.0,-0.000282545647605,-0.00501478442003,1.01250197845e-05
69.05,-0.000279978152484,-0.00500959881946,1.00269540378e-05
69.1,-0.000277433570633,-0.00500442223583,9.92984484818e-06
69.15,-0.000274911702286,-0.00499926246079,9.8337102159e-06
69.2,-0.000272412348642,-0.00499411224788,9.73852023383e-06
69.25,-0.000269935313296,-0.00498897111023,9.64425830848e-06
69.3,-0.000267480401556,-0.00498383906092,9.55093829948e-06
69.35,-0.000265047420396,-0.00497871611217,9.45852777509e-06
69.4,-0.000262636178421,-0.00497360227609,9.36702580423e-06
69.45,-0.000260246485863,-0.00496849756414,9.27643367957e-06
69.5,-0.000257878154572,-0.00496343518361,9.18673543572e-06
69.55,-0.000255530990142,-0.00495840349564,9.09791135528e-06
69.6,-0.000253204810835,-0.00495338097795,9.00995266111e-06
69.65,-0.000250899433432,-0.00494837281868,8.9228757077e-06
69.7,-0.000248614675827,-0.00494337681363,8.83665336484e-06
69.75,-0.000246350357661,-0.00493839001809,8.75127061354e-06
69.8,-0.000244106300366,-0.00493341243894,8.66674005259e-06
69.85,-0.000241883535718,-0.00492844408229,8.5830322758e-06
69.9,-0.000239680656027,-0.00492348495817,8.5001464682e-06
69.95,-0.000237497487571,-0.00491853507194,8.41808382579e-06
70.0,-0.000235333858111,-0.00491359442836,8.33682988384e-06
70.05,-0.000233189596863,-0.00490866303188,8.25636626423e-06
70.1,-0.00023106453449,-0.00490378800932,8.17668523327e-06
70.15,-0.000228958495164,-0.0048989275201,8.0978022364e-06
70.2,-0.000226871316442,-0.00489407629443,8.01969237032e-06
70.25,-0.000224802833423,-0.00488923433398,7.94234201277e-06
70.3,-0.000222752882598,-0.00488440164012,7.86576262356e-06
70.35,-0.000220721301856,-0.00487957821355,7.78992754025e-06
70.4,-0.000218707930453,-0.00487476405486,7.71483604212e-06
70.45,-0.000216712609012,-0.00486995916418,7.64048924101e-06
70.5,-0.000214735179512,-0.00486516354112,7.56687403497e-06
70.55,-0.000212775485272,-0.00486037718499,7.49397376948e-06
70.6,-0.000210833370938,-0.00485560009491,7.42178145097e-06
70.65,-0.000208908682477,-0.0048508373809,7.35031060901e-06
70.7,-0.000207001266803,-0.00484612374067,7.27953895368e-06
70.75,-0.000205110966119,-0.00484143250617,7.2094546156e-06
70.8,-0.000203237633141,-0.00483675054421,7.14006782755e-06
70.85,-0.000201382125577,-0.00483207785065,7.0713544123e-06
70.9,-0.000199543270115,-0.0048274144246,7.00331374545e-06
70.95,-0.000197720920844,-0.00482276026134,6.93594686129e-06
71.0,-0.000195914933089,-0.00481811535572,6.86924189115e-06
71.05,-0.000194125163407,-0.00481347970234,6.80318374084e-06
71.1,-0.000192351469565,-0.00480885329564,6.73776608598e-06
71.15,-0.000190593710543,-0.00480423876364,6.67300123408e-06
71.2,-0.00018885174635,-0.00479963873581,6.60886896293e-06
71.25,-0.000187125438017,-0.00479504795178,6.54535812825e-06
71.3,-0.000185414648108,-0.00479046964003,6.48247823011e-06
71.35,-0.000183719237133,-0.00478594490939,6.42020758533e-06
71.4,-0.00018203907031,-0.00478142939268,6.35854563177e-06
71.45,-0.000180374013791,-0.00477692308102,6.29749333355e-06
71.5,-0.000178723934873,-0.00477242596516,6.23703993979e-06
71.55,-0.000177088701974,-0.00476793803564,6.17717177034e-06
71.6,-0.000175468184632,-0.00476345928285,6.1178831073e-06
71.65,-0.000173862253494,-0.00475898969692,6.05918515068e-06
71.7,-0.000172270780311,-0.00475452926745,6.0010595522e-06
71.75,-0.000170693637925,-0.00475007798398,5.94349619498e-06
71.8,-0.000169130700258,-0.00474563583586,5.88650373123e-06
71.85,-0.000167582679808,-0.00474120281197,5.83006228469e-06
71.9,-0.000166048598922,-0.0047367789039,5.7741713949e-06
71.95,-0.000164528334953,-0.00473236410011,5.71883196992e-06
72.0,-0.000163021766301,-0.00472799564459,5.66403427916e-06
72.05,-0.000161528767822,-0.00472364413838,5.60976626555e-06
72.1,-0.000160049222203,-0.00471930168635,5.55602260552e-06
72.15,-0.000158583011016,-0.0047149708773,5.50281349522e-06
72.2,-0.000157130016705,-0.00471065430186,5.45012230653e-06
72.25,-0.000155690122579,-0.0047063467558,5.39793989582e-06
72.3,-0.000154263213226,-0.00470204822508,5.34627414447e-06
72.35,-0.000152849174222,-0.00469775869521,5.29510702381e-06
72.4,-0.000151447892116,-0.00469347815172,5.24443813544e-06
72.45,-0.000150059254424,-0.00468920657987,5.19426832745e-06
72.5,-0.000148683149626,-0.00468494396461,5.14458878514e-06
72.55,-0.000147319467152,-0.00468069029077,5.09538827643e-06
72.6,-0.000145968097373,-0.00467644554308,5.04666213587e-06
72.65,-0.000144628931598,-0.00467220993893,4.9984196536e-06
72.7,-0.000143301862059,-0.00466803113648,4.9506457459e-06
72.75,-0.00014198677751,-0.00466386341435,4.90333244114e-06
72.8,-0.000140683574143,-0.00465970455237,4.85648677191e-06
72.85,-0.00013939284365,-0.00465555453325,4.81009238362e-06
72.9,-0.000138113771868,-0.00465141334193,4.76414893875e-06
72.95,-0.000136846255848,-0.00464728096086,4.71865722964e-06
73.0,-0.000135590193522,-0.00464315737222,4.67360927066e-06
73.05,-0.000134345483694,-0.00463904255811,4.62899487958e-06
73.1,-0.000133112026033,-0.00463493650056,4.58480983924e-06
73.15,-0.000131889721064,-0.00463083918144,4.54106261094e-06
73.2,-0.000130678470167,-0.00462675058227,4.4977395119e-06
73.25,-0.000129478175566,-0.00462267068457,4.45483302627e-06
73.3,-0.000128288740318,-0.00461859946976,4.41234970556e-06
73.35,-0.000127110068315,-0.00461453691898,4.37027471767e-06
73.4,-0.000125942064272,-0.0046104974407,4.32860777993e-06
73.45,-0.000124784631393,-0.00460649232606,4.28734981079e-06
73.5,-0.00012363767672,-0.00460249579672,4.24649352915e-06
73.55,-0.000122501107461,-0.00459850783263,4.20602970441e-06
73.6,-0.00012137483162,-0.00459452841369,4.16595452544e-06
73.65,-0.00012025875799,-0.00459055774997,4.12627570132e-06
73.7,-0.000119152796139,-0.00458660295645,4.08698082063e-06
73.75,-0.000118056856121,-0.00458265666291,4.04806309634e-06
73.8,-0.000116970849068,-0.00457871884866,4.00952850122e-06
73.85,-0.000115895266068,-0.00457478949275,3.97136357676e-06
73.9,-0.000114829429329,-0.00457086857612,3.9335680869e-06
73.95,-0.000113773252417,-0.00456695607766,3.89614272877e-06
74.0,-0.000112726649642,-0.0045630519761,3.85908095151e-06
74.05,-0.000111689536048,-0.00455915625008,3.8223743895e-06
74.1,-0.00011066182741,-0.00455526887827,3.78601960171e-06
74.15,-0.000109643440226,-0.0045513898392,3.75002361657e-06
74.2,-0.000108634291715,-0.00454756073171,3.71437517617e-06
74.25,-0.000107634296907,-0.00454374344166,3.67906833071e-06
74.3,-0.000106643375787,-0.00453993441056,3.64410843052e-06
74.35,-0.000105661447753,-0.0045361336157,3.60948326159e-06
74.4,-0.000104688432897,-0.00453234103443,3.57519262535e-06
74.45,-0.000103724251999,-0.00452855664399,3.54123717309e-06
74.5,-0.000102768826521,-0.00452478042147,3.50761096827e-06
74.55,-0.000101822078602,-0.00452101234394,3.47430642449e-06
74.6,-0.000100883931052,-0.00451725238845,3.44132043109e-06
74.65,-9.99543073441e-05,-0.004513500532,3.40865939362e-06
74.7,-9.90331316149e-05,-0.00450975675137,3.37631309612e-06
74.75,-9.81203286539e-05,-0.00450602102339,3.34427595005e-06
74.8,-9.72158238994e-05,-0.00450229332486,3.31255292675e-06
74.85,-9.63200247971e-05,-0.0044985736324,3.2811329441e-06
74.9,-9.54323673389e-05,-0.00449486192421,3.2500158429e-06
74.95,-9.4552779015e-05,-0.00449115817685,3.2192022352e-06
75.0,-9.36811879426e-05,-0.00448748537205,3.18868674417e-06
75.05,-9.28175210319e-05,-0.00448383264945,3.15846263031e-06
75.1,-9.19617084227e-05,-0.00448018779118,3.1285270258e-06
75.15,-9.11136801206e-05,-0.00447655077308,3.09888577002e-06
75.2,-9.02733667379e-05,-0.00447292695731,3.06952959149e-06
75.25,-8.94406993219e-05,-0.00446931296366,3.04045343746e-06
75.3,-8.86156096232e-05,-0.00446570675314,3.01166184736e-06
75.35,-8.77980300464e-05,-0.00446210830118,2.9831447607e-06
75.4,-8.69878935797e-05,-0.0044585175833,2.95490204631e-06
75.45,-8.61851337919e-05,-0.00445493457494,2.9269342754e-06
75.5,-8.53896848274e-05,-0.00445135925146,2.89923657397e-06
75.55,-8.4601481401e-05,-0.00444779158824,2.87180270354e-06
75.6,-8.3820458793e-05,-0.00444423156068,2.84463012445e-06
75.65,-8.30465528445e-05,-0.00444067914415,2.81772416304e-06
75.7,-8.22796999544e-05,-0.00443713741006,2.79107640593e-06
75.75,-8.15198369875e-05,-0.00443360744432,2.76468227046e-06
75.8,-8.07669013292e-05,-0.00443008503141,2.73854590532e-06
75.85,-8.00212309358e-05,-0.00442658037966,2.71265817857e-06
75.9,-7.92823555425e-05,-0.00442310570548,2.68701907481e-06
75.95,-7.8550214697e-05,-0.00441963848413,2.66162910537e-06
76.0,-7.78247481927e-05,-0.00441617869012,2.63648385124e-06
76.05,-7.71058963453e-05,-0.00441272629798,2.61157765232e-06
76.1,-7.63935999883e-05,-0.00440928128229,2.5869082118e-06
76.15,-7.56878004692e-05,-0.00440584361762,2.56248038624e-06
76.2,-7.49884396458e-05,-0.00440241327844,2.53828653715e-06
76.25,-7.42954598808e-05,-0.00439899023929,2.51432250349e-06
76.3,-7.36088040379e-05,-0.00439557447473,2.49059206293e-06
76.35,-7.29284154786e-05,-0.00439216595925,2.46708692322e-06
76.4,-7.22542380565e-05,-0.00438876466743,2.44380700284e-06
76.45,-7.15862161143e-05,-0.0043853705738,2.4207528011e-06
76.5,-7.09242944798e-05,-0.00438198365287,2.39792031363e-06
76.55,-7.02684184614e-05,-0.00437860387919,2.37530440688e-06
76.6,-6.96185338437e-05,-0.00437523122735,2.35290300599e-06
76.65,-6.89745868841e-05,-0.00437186567197,2.33072054228e-06
76.7,-6.83365243097e-05,-0.00436851025603,2.30875008213e-06
76.75,-6.77042932416e-05,-0.00436516605503,2.28698785984e-06
76.8,-6.70778412406e-05,-0.0043618527699,2.26543733206e-06
76.85,-6.64574473376e-05,-0.00435855285919,2.2440910618e-06
76.9,-6.58427220704e-05,-0.00435525990816,2.2229489443e-06
76.95,-6.52336145764e-05,-0.00435197389088,2.20201144449e-06
77.0,-6.46300744374e-05,-0.0043486947814,2.18127493055e-06
77.05,-6.40320516746e-05,-0.00434542255382,2.16073474326e-06
77.1,-6.34394967456e-05,-0.00434215718232,2.14038900553e-06
77.15,-6.28523605406e-05,-0.00433889864109,2.12024175874e-06
77.2,-6.22705943797e-05,-0.00433564776855,2.10028670578e-06
77.25,-6.16941499899e-05,-0.00433240994014,2.08052042752e-06
77.3,-6.11229794102e-05,-0.00432917888044,2.06094608206e-06
77.35,-6.05570352317e-05,-0.00432595456356,2.04155682943e-06
77.4,-5.99962704596e-05,-0.00432273696371,2.02235262353e-06
77.45,-5.94406385109e-05,-0.0043195260551,2.00333389882e-06
77.5,-5.88900932106e-05,-0.00431632181195,1.98449736256e-06
77.55,-5.8344588788e-05,-0.00431312420854,1.965838787e-06
77.6,-5.78040798732e-05,-0.00430993321921,1.94735647529e-06
77.65,-5.7268521494e-05,-0.00430674881833,1.92905411526e-06
77.7,-5.67378690731e-05,-0.00430357098025,1.91092598846e-06
77.75,-5.62120784238e-05,-0.00430039967939,1.89296899337e-06
77.8,-5.56911057472e-05,-0.00429726035988,1.8751860049e-06
77.85,-5.51751823851e-05,-0.00429412988121,1.85757088653e-06
77.9,-5.46639846794e-05,-0.0042910058385,1.84012356832e-06
77.95,-5.41574700728e-05,-0.00428788820594,1.8228444546e-06
78.0,-5.36555963814e-05,-0.00428477695773,1.8057305582e-06
78.05,-5.31583217915e-05,-0.00428167206815,1.78877804101e-06
78.1,-5.26656048562e-05,-0.00427857351155,1.77198536764e-06
78.15,-5.21774044925e-05,-0.00427548126233,1.75535590239e-06
78.2,-5.16936799789e-05,-0.00427239615219,1.73888445032e-06
78.25,-5.12143909367e-05,-0.00426932351347,1.72256819866e-06
78.3,-5.07394972515e-05,-0.00426625712137,1.70640977999e-06
78.35,-5.02689592707e-05,-0.0042631969503,1.69040354875e-06
78.4,-4.980273769e-05,-0.0042601429748,1.67454948413e-06
78.45,-4.93407935509e-05,-0.0042570951694,1.65884796315e-06
78.5,-4.88830882383e-05,-0.00425405350871,1.6432962764e-06
78.55,-4.84295834767e-05,-0.00425101796737,1.62789093986e-06
78.6,-4.79802413278e-05,-0.00424798852012,1.61263056488e-06
78.65,-4.75350241875e-05,-0.00424496514175,1.59751822184e-06
78.7,-4.70938947835e-05,-0.00424194780706,1.58254919147e-06
78.75,-4.66568161719e-05,-0.00423894219617,1.56772092123e-06
78.8,-4.62237516466e-05,-0.0042359438591,1.55303581477e-06
78.85,-4.57948937578e-05,-0.00423296390592,1.53848874376e-06
78.9,-4.53699726227e-05,-0.0042300029814,1.52407974235e-06
78.95,-4.49489528613e-05,-0.00422704796765,1.50980914547e-06
79.0,-4.45317992145e-05,-0.00422409883938,1.49567449393e-06
79.05,-4.41184767337e-05,-0.00422115557134,1.48167262337e-06
79.1,-4.37089507791e-05,-0.0042182181384,1.46780227644e-06
79.15,-4.33031870161e-05,-0.00421528651547,1.45406625428e-06
79.2,-4.29011514137e-05,-0.00421236067749,1.44046026798e-06
79.25,-4.25028102412e-05,-0.00420944059949,1.42698200053e-06
79.3,-4.21081300659e-05,-0.0042065262566,1.41363363985e-06
79.35,-4.17170777506e-05,-0.00420361762396,1.40041052307e-06
79.4,-4.1329620451e-05,-0.00420071467682,1.38731264669e-06
79.45,-4.09457256131e-05,-0.00419781739049,1.3743403367e-06
79.5,-4.05653609712e-05,-0.00419492574031,1.36149136197e-06
79.55,-4.01884945449e-05,-0.00419203970174,1.34876284922e-06
79.6,-3.98150946368e-05,-0.00418915925029,1.33615366095e-06
79.65,-3.94451298303e-05,-0.00418628436157,1.32366635412e-06
79.7,-3.90785689872e-05,-0.00418341501119,1.31129703142e-06
79.75,-3.87153812451e-05,-0.0041805568388,1.29904359042e-06
79.8,-3.83555359425e-05,-0.00417770542741,1.28690803533e-06
79.85,-3.79991926508e-05,-0.00417485949745,1.27488612906e-06
79.9,-3.76461277019e-05,-0.00417201902528,1.26297787487e-06
79.95,-3.7296311371e-05,-0.0041691839868,1.25118357582e-06
80.0,-3.6949714197e-05,-0.00416636036532,1.23950120689e-06
80.05,-3.66063066253e-05,-0.00416355929091,1.22792818638e-06
80.1,-3.62660598011e-05,-0.00416076355651,1.2164634779e-06
80.15,-3.59289450507e-05,-0.00415797313799,1.20510941444e-06
80.2,-3.55949339554e-05,-0.00415518801129,1.19386245287e-06
80.25,-3.5263998348e-05,-0.00415241167094,1.18272068402e-06
80.3,-3.49361102708e-05,-0.00414964389296,1.17168593561e-06
80.35,-3.46112420182e-05,-0.00414688135055,1.16075435675e-06
80.4,-3.42893661696e-05,-0.00414412401986,1.14992595506e-06
80.45,-3.39704555481e-05,-0.00414137187712,1.13920101124e-06
80.5,-3.36544832184e-05,-0.0041386248986,1.12857768629e-06
80.55,-3.33414224843e-05,-0.00413588306067,1.11805360866e-06
80.6,-3.30312468871e-05,-0.0041331463398,1.10762784545e-06
80.65,-3.27239302035e-05,-0.00413041471256,1.09730252622e-06
80.7,-3.24194464434e-05,-0.00412768815552,1.0870744301e-06
80.75,-3.21177698481e-05,-0.00412496664538,1.07694182383e-06
80.8,-3.18188748881e-05,-0.00412225015894,1.06690637382e-06
80.85,-3.15228937979e-05,-0.00411953867303,1.05696457596e-06
80.9,-3.12296408746e-05,-0.00411683216506,1.04711644243e-06
80.95,-3.09390913103e-05,-0.00411413061206,1.03736223395e-06
81.0,-3.06512205177e-05,-0.00411143399108,1.02770028095e-06
81.05,-3.03660041287e-05,-0.00410874227929,1.01812842881e-06
81.1,-3.00834179923e-05,-0.00410605545396,1.00864583283e-06
81.15,-2.98034381726e-05,-0.00410337349243,9.99254437086e-07
81.2,-2.95260409474e-05,-0.00410069637209,9.89951313281e-07
81.25,-2.9251202806e-05,-0.00409802756586,9.80734887684e-07
81.3,-2.89789004136e-05,-0.00409538661363,9.71606685125e-07
81.35,-2.87091102609e-05,-0.00409275161888,9.62563552455e-07
81.4,-2.8441809664e-05,-0.004090121372,9.53605488895e-07
81.45,-2.81769759498e-05,-0.00408749585044,9.44732735571e-07
81.5,-2.79145866479e-05,-0.00408487503172,9.35943775648e-07
81.55,-2.76546194882e-05,-0.00408225889347,9.27236650472e-07
81.6,-2.73970523995e-05,-0.00407964741341,9.18610594292e-07
81.65,-2.71418635078e-05,-0.00407704056935,9.10067381168e-07
81.7,-2.68890311345e-05,-0.00407443833914,9.01604347666e-07
81.75,-2.66385337947e-05,-0.00407184212131,8.93220063926e-07
81.8,-2.63903501833e-05,-0.00406925575132,8.84915920653e-07
81.85,-2.6144589811e-05,-0.00406667394471,8.76689022642e-07
81.9,-2.5901098543e-05,-0.00406409667995,8.68539387198e-07
81.95,-2.56598556925e-05,-0.00406152393523,8.60467237746e-07
82.0,-2.54208407574e-05,-0.00405895568881,8.52471196514e-07
82.05,-2.51840334192e-05,-0.00405639191902,8.44549483227e-07
82.1,-2.4949413541e-05,-0.00405383260433,8.36701404039e-07
82.15,-2.47169611661e-05,-0.00405127772327,8.28928578423e-07
82.2,-2.44866565164e-05,-0.00404872725442,8.21228583986e-07
82.25,-2.42584799911e-05,-0.00404618117649,8.13600121827e-07
82.3,-2.40324121646e-05,-0.00404363946827,8.06044461224e-07
82.35,-2.38084337855e-05,-0.00404110210863,7.9855896512e-07
82.4,-2.35865257749e-05,-0.00403856907652,7.91143652686e-07
82.45,-2.33666692248e-05,-0.004036040351,7.83798730905e-07
82.5,-2.31488453968e-05,-0.00403351591118,7.76522948198e-07
82.55,-2.29330357206e-05,-0.00403099573629,7.69314686258e-07
82.6,-2.27192217923e-05,-0.00402847980562,7.62173316345e-07
82.65,-2.25073853732e-05,-0.0040259719998,7.55100316948e-07
82.7,-2.22975082215e-05,-0.00402348330507,7.48093498237e-07
82.75,-2.20895724593e-05,-0.00402100018921,7.41151677337e-07
82.8,-2.18835603297e-05,-0.00401852646621,7.34276014055e-07
82.85,-2.16795625524e-05,-0.00401605688418,7.27464111863e-07
82.9,-2.14774512268e-05,-0.00401359142291,7.20715990798e-07
82.95,-2.12772091129e-05,-0.00401113006198,7.14031841916e-07
83.0,-2.10788191252e-05,-0.00400867278102,7.0741052752e-07
83.05,-2.08822643319e-05,-0.00400621955977,7.00850575769e-07
83.1,-2.0687527953e-05,-0.00400377037808,6.94351416263e-07
83.15,-2.04945933593e-05,-0.00400132521589,6.87914398303e-07
83.2,-2.03034440711e-05,-0.00399888405318,6.8153751692e-07
83.25,-2.01140637566e-05,-0.00399644687004,6.75219699355e-07
83.3,-1.99264362309e-05,-0.00399401961975,6.68962004146e-07
83.35,-1.97405454158e-05,-0.00399159692045,6.62762251002e-07
83.4,-1.95563754136e-05,-0.00398917815663,6.56620461031e-07
83.45,-1.93739104736e-05,-0.00398676330863,6.50536810862e-07
83.5,-1.91931349869e-05,-0.00398435235684,6.44510266509e-07
83.55,-1.90140334849e-05,-0.00398194528177,6.38539489491e-07
83.6,-1.88365906383e-05,-0.00397954206402,6.32623962561e-07
83.65,-1.86607912557e-05,-0.00397714268428,6.26764917489e-07
83.7,-1.84866202828e-05,-0.00397474712329,6.20960529943e-07
83.75,-1.83140628005e-05,-0.00397235536191,6.1520982486e-07
83.8,-1.81431040244e-05,-0.00396996738109,6.09513769023e-07
83.85,-1.79738191278e-05,-0.00396758316185,6.03870375301e-07
83.9,-1.78061020007e-05,-0.00396520268557,5.9827966503e-07
83.95,-1.76399382806e-05,-0.00396282593345,5.92741801486e-07
84.0,-1.74753137347e-05,-0.00396045288675,5.87255844858e-07
84.05,-1.73122142583e-05,-0.00395808352685,5.81820577829e-07
84.1,-1.71506258738e-05,-0.0039557178352,5.76435531319e-07
84.15,-1.69905347297e-05,-0.00395335579337,5.39361510324e-07
84.2,-1.6831926221e-05,-0.00395100869619,5.30841933573e-07
84.25,-1.66747874063e-05,-0.00394867117285,5.25930304275e-07
84.3,-1.65191049696e-05,-0.00394634316455,5.21065374527e-07
84.35,-1.63648655233e-05,-0.00394401931984,5.16245365602e-07
84.4,-1.62120558302e-05,-0.00394169902794,5.11470326257e-07
84.45,-1.60606627755e-05,-0.00393938227069,5.06740434113e-07
84.5,-1.59106733633e-05,-0.00393706903001,5.02054861352e-07
84.55,-1.57620747146e-05,-0.00393475928792,4.97412526993e-07
84.6,-1.5614854067e-05,-0.00393245302652,4.92813031592e-07
84.65,-1.54689987732e-05,-0.00393015022801,4.88257106305e-07
84.7,-1.53244963001e-05,-0.00392785087465,4.83743593781e-07
84.75,-1.51813342282e-05,-0.00392555494882,4.79271713444e-07
84.8,-1.503950025e-05,-0.00392326634406,4.74842296871e-07
84.85,-1.48990566085e-05,-0.00392098368243,4.70453724012e-07
84.9,-1.47599152828e-05,-0.00391870441101,4.66106041704e-07
84.95,-1.46220643188e-05,-0.00391642851236,4.61799413418e-07
85.0,-1.44854918707e-05,-0.00391415596913,4.57533086337e-07
85.05,-1.43501861997e-05,-0.00391188676406,4.53306076895e-07
85.1,-1.42161356732e-05,-0.00390962087998,4.49118022589e-07
85.15,-1.40833287638e-05,-0.00390735829981,4.44969591255e-07
85.2,-1.39517540482e-05,-0.00390509900654,4.09310326529e-07
85.25,-1.38213994915e-05,-0.00390284342856,4.02021612983e-07
85.3,-1.3692254538e-05,-0.00390059114596,3.98309259926e-07
85.35,-1.35643081526e-05,-0.00389834209173,3.94631092626e-07
85.4,-1.34375493197e-05,-0.00389609624932,3.90987181571e-07
85.45,-1.3311967123e-05,-0.00389385360224,3.87377704214e-07
85.5,-1.31875507453e-05,-0.00389161413406,3.83802002655e-07
85.55,-1.30642894675e-05,-0.00388937782846,3.802592084e-07
85.6,-1.29421726676e-05,-0.00388714466919,3.76749018719e-07
85.65,-1.28211898197e-05,-0.0038849146401,3.73272069677e-07
85.7,-1.27013304934e-05,-0.0038826877251,3.69827108974e-07
85.75,-1.25825843532e-05,-0.00388046390818,3.66413842485e-07
85.8,-1.24649411568e-05,-0.00387824706526,3.63032988787e-07
85.85,-1.23484524513e-05,-0.00387603582685,3.5968322967e-07
85.9,-1.22330452432e-05,-0.00387383947517,3.24760861109e-07
85.95,-1.21187088525e-05,-0.00387164967506,3.1825096296e-07
86.0,-1.20054340531e-05,-0.0038694629413,3.15315638948e-07
86.05,-1.1893211151e-05,-0.00386727920854,3.12407299637e-07
86.1,-1.17820304688e-05,-0.00386509846116,3.09525697144e-07
86.15,-1.16718824172e-05,-0.0038629206836,2.75115920635e-07
86.2,-1.15627568965e-05,-0.00386074629852,2.69070046945e-07
86.25,-1.14546450431e-05,-0.00385857489389,2.6658860004e-07
86.3,-1.13475375936e-05,-0.003856408327,2.64130878981e-07
86.35,-1.12414252946e-05,-0.00385424908477,2.61695735416e-07
86.4,-1.11362989675e-05,-0.00385209274267,2.59282963127e-07
86.45,-1.10321495337e-05,-0.00384993928558,2.25371373272e-07
86.5,-1.09289674336e-05,-0.0038477891361,2.1978935134e-07
86.55,-1.0826744274e-05,-0.0038456418831,2.17763716229e-07
86.6,-1.07254712854e-05,-0.00384349746233,2.15756679816e-07
86.65,-1.06251397141e-05,-0.00384135585909,2.13768529676e-07
86.7,-1.0525740886e-05,-0.00383921705875,2.1179862944e-07
86.75,-1.04272662059e-05,-0.00383708104674,2.09846811865e-07
86.8,-1.03297071568e-05,-0.00383494780861,2.07913750443e-07
86.85,-1.02331064394e-05,-0.00383281732992,2.05998424668e-07
86.9,-1.0137403543e-05,-0.0038306895965,2.04100672136e-07
86.95,-1.00425901959e-05,-0.00382856459409,1.70804461353e-07
87.0,-9.94865769057e-06,-0.00382644274452,1.65738096641e-07
87.05,-9.85559837755e-06,-0.00382432363898,1.64211636464e-07
87.1,-9.76340426642e-06,-0.00382220721424,1.62699175997e-07
87.15,-9.67206738176e-06,-0.00382009345644,1.61201004725e-07
87.2,-9.58157982071e-06,-0.00381798235177,1.59716569604e-07
87.25,-9.4919337524e-06,-0.00381587388652,1.58245744993e-07
87.3,-9.40312141721e-06,-0.00381376996041,1.25433761193e-07
87.35,-9.3151346434e-06,-0.00381167348581,1.2079253703e-07
87.4,-9.22796624024e-06,-0.0038095796658,1.19680548335e-07
87.45,-9.14160871287e-06,-0.00380748843774,1.18578750729e-07
87.5,-9.05605458077e-06,-0.00380539978826,1.17487431842e-07
87.55,-8.9712964316e-06,-0.00380331370402,1.1640611083e-07
87.6,-8.88732692057e-06,-0.00380123017176,1.1533469636e-07
87.65,-8.80413876984e-06,-0.00379914917831,1.14273478636e-07
87.7,-8.72172476794e-06,-0.00379707071056,1.13221979519e-07
87.75,-8.64007776913e-06,-0.00379499619224,1.12180110274e-07
87.8,-8.5591906667e-06,-0.0037929358521,1.1114816368e-07
87.85,-8.4790987957e-06,-0.00379088424379,1.10125665803e-07
87.9,-8.39975199324e-06,-0.00378883511824,1.09112530476e-07
87.95,-8.32114338506e-06,-0.0037867884624,1.08108672218e-07
88.0,-8.24326615959e-06,-0.00378474426329,7.58702174446e-08
88.05,-8.16611315123e-06,-0.00378270293429,7.16980504998e-08
88.1,-8.08967805693e-06,-0.00378066407663,7.10384399382e-08
88.15,-8.01395429681e-06,-0.00377862762945,3.91465870018e-08
88.2,-7.93893489958e-06,-0.00377659400629,3.5312882455e-08
88.25,-7.86461373225e-06,-0.00377456280881,3.49880221346e-08
88.3,-7.79098439292e-06,-0.00377253397648,3.49797307138e-09
88.35,-7.71804010027e-06,-0.00377050792208,0.0
88.4,-7.64577488613e-06,-0.00376848424853,0.0
88.45,-7.57418252178e-06,-0.00376646289568,0.0
88.5,-7.50325679104e-06,-0.00376444385152,0.0
88.55,-7.43299153449e-06,-0.00376242710411,0.0
88.6,-7.36338064901e-06,-0.00376041264157,0.0
88.65,-7.29441808723e-06,-0.00375840045206,0.0
88.7,-7.22609785705e-06,-0.00375639052385,0.0
88.75,-7.15841402114e-06,-0.00375438284522,0.0
88.8,-7.09136069643e-06,-0.00375237740456,0.0
88.85,-7.02496716114e-06,-0.00375038040091,0.0
88.9,-6.95919182532e-06,-0.00374838562666,0.0
88.95,-6.89402897654e-06,-0.00374639307025,0.0
89.0,-6.8294729546e-06,-0.00374440272017,0.0
89.05,-6.76551815102e-06,-0.00374241456499,0.0
89.1,-6.70215900859e-06,-0.00374042859331,0.0
89.15,-6.63939002091e-06,-0.00373844479383,0.0
89.2,-6.57720573193e-06,-0.00373646315528,0.0
89.25,-6.5156007355e-06,-0.00373448366649,0.0
89.3,-6.45456967493e-06,-0.0037325063163,0.0
89.35,-6.39410724252e-06,-0.00373053537062,0.0
89.4,-6.33420817033e-06,-0.00372856841059,0.0
89.45,-6.27486724388e-06,-0.00372660357035,0.0
89.5,-6.2160793003e-06,-0.00372464083888,0.0
89.55,-6.15783922398e-06,-0.00372268020523,0.0
89.6,-6.10014194613e-06,-0.00372072165852,0.0
89.65,-6.04298244439e-06,-0.00371876518791,0.0
89.7,-5.98635574235e-06,-0.00371681078264,0.0
89.75,-5.93025690921e-06,-0.003714858432,0.0
89.8,-5.8746810593e-06,-0.00371290812535,0.0
89.85,-5.81965243561e-06,-0.00371096066835,0.0
89.9,-5.76513657473e-06,-0.00370902596066,0.0
89.95,-5.71112870662e-06,-0.00370709328317,0.0
90.0,-5.65762414568e-06,-0.0037051626051,0.0
90.05,-5.60461823507e-06,-0.00370323391597,0.0
90.1,-5.55210636061e-06,-0.00370130720532,0.0
90.15,-5.50008395033e-06,-0.0036993824628,0.0
90.2,-5.4485464742e-06,-0.00369745967806,0.0
90.25,-5.39748944363e-06,-0.00369553884087,0.0
90.3,-5.34690841121e-06,-0.00369361994101,0.0
90.35,-5.29679897025e-06,-0.0036917072288,0.0
90.4,-4.30281699913e-06,-0.00368979829554,0.0
90.45,-2.84515340877e-06,-0.00368788875578,0.0
90.5,-2.81848788479e-06,-0.00368597737624,0.0
90.55,-2.79207097981e-06,-0.00368406800327,0.0
90.6,-2.76590039257e-06,-0.0036821606256,0.0
90.65,-2.73997384288e-06,-0.00368025523199,0.0
90.7,-2.71428907141e-06,-0.00367835181129,0.0
90.75,-2.68884383956e-06,-0.00367645035244,0.0
90.8,-2.66363592921e-06,-0.00367455084442,0.0
90.85,-2.63867632946e-06,-0.00367265565595,0.0
90.9,-2.61394941349e-06,-0.00367076606237,0.0
90.95,-2.58945302447e-06,-0.00366887840091,0.0
91.0,-2.56518502847e-06,-0.00366699266073,0.0
91.05,-2.54114331112e-06,-0.00366510883104,0.0
91.1,-2.5173257774e-06,-0.00366322690114,0.0
91.15,-2.49373035151e-06,-0.00366134686039,0.0
91.2,-2.47035497665e-06,-0.00365946869821,0.0
91.25,-2.4471976149e-06,-0.00365759240409,0.0
91.3,-2.42425624699e-06,-0.0036557179676,0.0
91.35,-2.40152887219e-06,-0.00365384537837,0.0
91.4,-1.43311198565e-06,-0.00365197462609,0.0
91.45,0.0,-0.00365010317345,0.0
91.5,0.0,-0.00364822978741,0.0
91.55,0.0,-0.0036463583136,0.0
91.6,0.0,-0.00364448874068,0.0
91.65,0.0,-0.00364262105735,0.0
91.7,0.0,-0.0036407552524,0.0
91.75,0.0,-0.00363889131472,0.0
91.8,0.0,-0.00363702923324,0.0
91.85,0.0,-0.00363517136797,0.0
91.9,0.0,-0.00363331898951,0.0
91.95,0.0,-0.00363146844841,0.0
92.0,0.0,-0.00362961973381,0.0
92.05,0.0,-0.00362777283493,0.0
92.1,0.0,-0.00362592774104,0.0
92.15,0.0,-0.00362408444152,0.0
92.2,0.0,-0.00362224983169,0.0
92.25,0.0,-0.00362042042292,0.0
92.3,0.0,-0.00361859277473,0.0
92.35,0.0,-0.00361676741743,0.0
92.4,0.0,-0.00361494920761,0.0
92.45,0.0,-0.00361313274077,0.0
92.5,0.0,-0.00361131800657,0.0
92.55,0.0,-0.00360950499473,0.0
92.6,0.0,-0.00360769369504,0.0
92.65,0.0,-0.00360588409738,0.0
92.7,0.0,-0.00360407619169,0.0
92.75,0.0,-0.00360226996797,0.0
92.8,0.0,-0.00360046541632,0.0
92.85,0.0,-0.00359866252688,0.0
92.9,0.0,-0.00359686128988,0.0
92.95,0.0,-0.0035950616956,0.0
93.0,0.0,-0.00359326373441,0.0
93.05,0.0,-0.00359146739674,0.0
93.1,0.0,-0.00358967267308,0.0
93.15,0.0,-0.00358787955399,0.0
93.2,0.0,-0.00358608803011,0.0
93.25,0.0,-0.00358429809212,0.0
93.3,0.0,-0.0035825097308,0.0
93.35,0.0,-0.00358072347586,0.0
93.4,0.0,-0.00357894416862,0.0
93.45,0.0,-0.00357716642424,0.0
93.5,0.0,-0.00357539023361,0.0
93.55,0.0,-0.00357361558771,0.0
93.6,0.0,-0.00357184247757,0.0
93.65,0.0,-0.00357007089429,0.0
93.7,0.0,-0.00356830082901,0.0
93.75,0.0,-0.00356653227296,0.0
93.8,0.0,-0.00356476521744,0.0
93.85,0.0,-0.00356299965377,0.0
93.9,0.0,-0.00356124018891,0.0
93.95,0.0,-0.00355948345178,0.0
94.0,0.0,-0.0035577281942,0.0
94.05,0.0,-0.00355597440765,0.0
94.1,0.0,-0.00355422208367,0.0
94.15,0.0,-0.00355247121384,0.0
94.2,0.0,-0.00355072178981,0.0
94.25,0.0,-0.00354897380331,0.0
94.3,0.0,-0.00354722724609,0.0
94.35,0.0,-0.00354548210999,0.0
94.4,0.0,-0.0035437383869,0.0
94.45,0.0,-0.00354199606876,0.0
94.5,0.0,-0.00354025514757,0.0
94.55,0.0,-0.0035385156154,0.0
94.6,0.0,-0.00353677746435,0.0
94.65,0.0,-0.00353504068661,0.0
94.7,0.0,-0.0035333052744,0.0
94.75,0.0,-0.003531573108,0.0
94.8,0.0,-0.00352984945598,0.0
94.85,0.0,-0.00352812715099,0.0
94.9,0.0,-0.00352641078242,0.0
94.95,0.0,-0.00352469699082,0.0
95.0,0.0,-0.00352298453288,0.0
95.05,0.0,-0.00352127340099,0.0
95.1,0.0,-0.00351956358758,0.0
95.15,0.0,-0.00351785508515,0.0
95.2,0.0,-0.00351614788626,0.0
95.25,0.0,-0.0035144419835,0.0
95.3,0.0,-0.00351273736952,0.0
95.35,0.0,-0.00351103403705,0.0
95.4,0.0,-0.00350933477749,0.0
95.45,0.0,-0.00350763976443,0.0
95.5,0.0,-0.00350594602425,0.0
95.55,0.0,-0.00350425354977,0.0
95.6,0.0,-0.00350256233383,0.0
95.65,0.0,-0.00350087236934,0.0
95.7,0.0,-0.00349918364925,0.0
95.75,0.0,-0.00349749616657,0.0
95.8,0.0,-0.00349580991436,0.0
95.85,0.0,-0.00349412488572,0.0
95.9,0.0,-0.00349244107381,0.0
95.95,0.0,-0.00349075847183,0.0
96.0,0.0,-0.00348907707304,0.0
96.05,0.0,-0.00348739687075,0.0
96.1,0.0,-0.0034857178583,0.0
96.15,0.0,-0.00348404002909,0.0
96.2,0.0,-0.00348236337656,0.0
96.25,0.0,-0.00348068789422,0.0
96.3,0.0,-0.00347901357561,0.0
96.35,0.0,-0.0034773404143,0.0
96.4,0.0,-0.00347567119411,0.0
96.45,0.0,-0.00347400608894,0.0
96.5,0.0,-0.00347234213504,0.0
96.55,0.0,-0.00347067932607,0.0
96.6,0.0,-0.00346901765574,0.0
96.65,0.0,-0.00346735711778,0.0
96.7,0.0,-0.00346569770599,0.0
96.75,0.0,-0.0034640394142,0.0
96.8,0.0,-0.00346238223631,0.0
96.85,0.0,-0.00346072616623,0.0
96.9,0.0,-0.00345907223229,0.0
96.95,0.0,-0.00345742405043,0.0
97.0,0.0,-0.00345577697123,0.0
97.05,0.0,-0.00345413098869,0.0
97.1,0.0,-0.00345248609682,0.0
97.15,0.0,-0.00345084228971,0.0
97.2,0.0,-0.00344919956147,0.0
97.25,0.0,-0.00344755790625,0.0
97.3,0.0,-0.00344591731826,0.0
97.35,0.0,-0.00344427779173,0.0
97.4,0.0,-0.00344263932096,0.0
97.45,0.0,-0.00344100190026,0.0
97.5,0.0,-0.00343936552401,0.0
97.55,0.0,-0.0034377301866,0.0
97.6,0.0,-0.0034360958825,0.0
97.65,0.0,-0.00343447034658,0.0
97.7,0.0,-0.00343284608387,0.0
97.75,0.0,-0.0034312228409,0.0
97.8,0.0,-0.00342960061219,0.0
97.85,0.0,-0.00342797939226,0.0
97.9,0.0,-0.00342636020707,0.0
97.95,0.0,-0.00342474666263,0.0
98.0,0.0,-0.00342313412341,0.0
98.05,0.0,-0.00342152258399,0.0
98.1,0.0,-0.00341991203899,0.0
98.15,0.0,-0.00341830248307,0.0
98.2,0.0,-0.00341669391095,0.0
98.25,0.0,-0.00341508631735,0.0
98.3,0.0,-0.00341347969706,0.0
98.35,0.0,-0.00341187404489,0.0
98.4,0.0,-0.00341026935571,0.0
98.45,0.0,-0.0034086705521,0.0
98.5,0.0,-0.00340707339182,0.0
98.55,0.0,-0.00340547719166,0.0
98.6,0.0,-0.00340388194651,0.0
98.65,0.0,-0.0034022876513,0.0
98.7,0.0,-0.003400694301,0.0
98.75,0.0,-0.00339910189062,0.0
98.8,0.0,-0.00339751041519,0.0
98.85,0.0,-0.00339591986979,0.0
98.9,0.0,-0.00339433024955,0.0
98.95,0.0,-0.00339274154959,0.0
99.0,0.0,-0.00339115376512,0.0
99.05,0.0,-0.00338956689134,0.0
99.1,0.0,-0.00338798092352,0.0
99.15,0.0,-0.00338639585694,0.0
99.2,0.0,-0.00338481168692,0.0
99.25,0.0,-0.00338322840883,0.0
99.3,0.0,-0.00338164601806,0.0
99.35,0.0,-0.00338006451003,0.0
99.4,0.0,-0.0033784838802,0.0
99.45,0.0,-0.00337690903818,0.0
99.5,0.0,-0.00337533575399,0.0
99.55,0.0,-0.00337376334689,0.0
99.6,0.0,-0.00337219181235,0.0
99.65,0.0,-0.00337062114588,0.0
99.7,0.0,-0.00336905134304,0.0
99.75,0.0,-0.00336748239939,0.0
99.8,0.0,-0.00336591431056,0.0
99.85,0.0,-0.00336434707219,0.0
99.9,0.0,-0.00336278067995,0.0
99.95,0.0,-0.00336121831277,0.0
100.0,0.0,-0.00335965913546,0.0
