"time","AMPA","NMDA","GABAa"
0.0,0.0,0.0,0.0
0.05,0.0,0.0,0.0
0.1,0.0,0.0,0.0
0.15,0.0,0.0,0.0
0.2,0.0,0.0,0.0
0.25,0.0,0.0,0.0
0.3,0.0,0.0,0.0
0.35,0.0,0.0,0.0
0.4,0.0,0.0,0.0
0.45,0.0,0.0,0.0
0.5,0.0,0.0,0.0
0.55,0.0,0.0,0.0
0.6,0.0,0.0,0.0
0.65,0.0,0.0,0.0
0.7,0.0,0.0,0.0
0.75,0.0,0.0,0.0
0.8,0.0,0.0,0.0
0.85,0.0,0.0,0.0
0.9,0.0,0.0,0.0
0.95,0.0,0.0,0.0
1.0,0.0,0.0,0.0
1.05,0.0,0.0,0.0
1.1,0.0,0.0,0.0
1.15,0.0,0.0,0.0
1.2,0.0,0.0,0.0
1.25,0.0,0.0,0.0
1.3,0.0,0.0,0.0
1.35,0.0,0.0,0.0
1.4,0.0,0.0,0.0
1.45,0.0,0.0,0.0
1.5,0.0,0.0,0.0
1.55,0.0,0.0,0.0
1.6,0.0,0.0,0.0
1.65,0.0,0.0,0.0
1.7,0.0,0.0,0.0
1.75,0.0,0.0,0.0
1.8,0.0,0.0,0.0
1.85,0.0,0.0,0.0
1.9,0.0,0.0,0.0
1.95,0.0,0.0,0.0
2.0,0.0,0.0,0.0
2.05,0.0,0.0,0.0
2.1,0.0,0.0,0.0
2.15,0.0,0.0,0.0
2.2,0.0,0.0,0.0
2.25,0.0,0.0,0.0
2.3,0.0,0.0,0.0
2.35,0.0,0.0,0.0
2.4,0.0,0.0,0.0
2.45,0.0,0.0,0.0
2.5,0.0,0.0,0.0
2.55,0.0,0.0,0.0
2.6,0.0,0.0,0.0
2.65,0.0,0.0,0.0
2.7,0.0,0.0,0.0
2.75,0.0,0.0,0.0
2.8,0.0,0.0,0.0
2.85,0.0,0.0,0.0
2.9,0.0,0.0,0.0
2.95,0.0,0.0,0.0
3.0,0.0,0.0,0.0
3.05,0.0,0.0,0.0
3.1,0.0,0.0,0.0
3.15,0.0,0.0,0.0
3.2,0.0,0.0,0.0
3.25,0.0,0.0,0.0
3.3,0.0,0.0,0.0
3.35,0.0,0.0,0.0
3.4,0.0,0.0,0.0
3.45,0.0,0.0,0.0
3.5,0.0,0.0,0.0
3.55,0.0,0.0,0.0
3.6,0.0,0.0,0.0
3.65,0.0,0.0,0.0
3.7,0.0,0.0,0.0
3.75,0.0,0.0,0.0
3.8,0.0,0.0,0.0
3.85,0.0,0.0,0.0
3.9,0.0,0.0,0.0
3.95,0.0,0.0,0.0
4.0,0.0,0.0,0.0
4.05,0.0,0.0,0.0
4.1,0.0,0.0,0.0
4.15,0.0,0.0,0.0
4.2,0.0,0.0,0.0
4.25,0.0,0.0,0.0
4.3,0.0,0.0,0.0
4.35,0.0,0.0,0.0
4.4,0.0,0.0,0.0
4.45,0.0,0.0,0.0
4.5,0.0,0.0,0.0
4.55,0.0,0.0,0.0
4.6,0.0,0.0,0.0
4.65,0.0,0.0,0.0
4.7,0.0,0.0,0.0
4.75,0.0,0.0,0.0
4.8,0.0,0.0,0.0
4.85,0.0,0.0,0.0
4.9,0.0,0.0,0.0
4.95,0.0,0.0,0.0
5.0,0.0,0.0,0.0
5.05,0.0,0.0,0.0
5.1,0.0,0.0,0.0
5.15,0.0,0.0,0.0
5.2,0.0,0.0,0.0
5.25,0.0,0.0,0.0
5.3,0.0,0.0,0.0
5.35,0.0,0.0,0.0
5.4,0.0,0.0,0.0
5.45,0.0,0.0,0.0
5.5,0.0,0.0,0.0
5.55,0.0,0.0,0.0
5.6,0.0,0.0,0.0
5.65,0.0,0.0,0.0
5.7,0.0,0.0,0.0
5.75,0.0,0.0,0.0
5.8,0.0,0.0,0.0
5.85,0.0,0.0,0.0
5.9,0.0,0.0,0.0
5.95,0.0,0.0,0.0
6.0,0.0,0.0,0.0
6.05,0.0,0.0,0.0
6.1,0.0,0.0,0.0
6.15,0.0,0.0,0.0
6.2,0.0,0.0,0.0
6.25,0.0,0.0,0.0
6.3,0.0,0.0,0.0
6.35,0.0,0.0,0.0
6.4,0.0,0.0,0.0
6.45,0.0,0.0,0.0
6.5,0.0,0.0,0.0
6.55,0.0,0.0,0.0
6.6,0.0,0.0,0.0
6.65,0.0,0.0,0.0
6.7,0.0,0.0,0.0
6.75,0.0,0.0,0.0
6.8,0.0,0.0,0.0
6.85,0.0,0.0,0.0
6.9,0.0,0.0,0.0
6.95,0.0,0.0,0.0
7.0,0.0,0.0,0.0
7.05,0.0,0.0,0.0
7.1,0.0,0.0,0.0
7.15,0.0,0.0,0.0
7.2,0.0,0.0,0.0
7.25,0.0,0.0,0.0
7.3,0.0,0.0,0.0
7.35,0.0,0.0,0.0
7.4,0.0,0.0,0.0
7.45,0.0,0.0,0.0
7.5,0.0,0.0,0.0
7.55,0.0,0.0,0.0
7.6,0.0,0.0,0.0
7.65,0.0,0.0,0.0
7.7,0.0,0.0,0.0
7.75,0.0,0.0,0.0
7.8,0.0,0.0,0.0
7.85,0.0,0.0,0.0
7.9,0.0,0.0,0.0
7.95,0.0,0.0,0.0
8.0,0.0,0.0,0.0
8.05,0.0,0.0,0.0
8.1,0.0,0.0,0.0
8.15,0.0,0.0,0.0
8.2,0.0,0.0,0.0
8.25,0.0,0.0,0.0
8.3,0.0,0.0,0.0
8.35,0.0,0.0,0.0
8.4,0.0,0.0,0.0
8.45,0.0,0.0,0.0
8.5,0.0,0.0,0.0
8.55,0.0,0.0,0.0
8.6,0.0,0.0,0.0
8.65,0.0,0.0,0.0
8.7,0.0,0.0,0.0
8.75,0.0,0.0,0.0
8.8,0.0,0.0,0.0
8.85,0.0,0.0,0.0
8.9,0.0,0.0,0.0
8.95,0.0,0.0,0.0
9.0,0.0,0.0,0.0
9.05,0.0,0.0,0.0
9.1,0.0,0.0,0.0
9.15,0.0,0.0,0.0
9.2,0.0,0.0,0.0
9.25,0.0,0.0,0.0
9.3,0.0,0.0,0.0
9.35,0.0,0.0,0.0
9.4,0.0,0.0,0.0
9.45,0.0,0.0,0.0
9.5,0.0,0.0,0.0
9.55,0.0,0.0,0.0
9.6,0.0,0.0,0.0
9.65,0.0,0.0,0.0
9.7,0.0,0.0,0.0
9.75,0.0,0.0,0.0
9.8,0.0,0.0,0.0
9.85,0.0,0.0,0.0
9.9,0.0,0.0,0.0
9.95,0.0,0.0,0.0
10.0,0.0,0.0,0.0
10.05,0.0,0.0,0.0
10.1,0.0,0.0,0.0
10.15,0.0,0.0,0.0
10.2,0.0,0.0,0.0
10.25,0.0,0.0,0.0
10.3,0.0,0.0,0.0
10.35,0.0,0.0,0.0
10.4,0.0,0.0,0.0
10.45,0.0,0.0,0.0
10.5,0.0,0.0,0.0
10.55,0.0,0.0,0.0
10.6,0.0,0.0,0.0
10.65,0.0,0.0,0.0
10.7,0.0,0.0,0.0
10.75,0.0,0.0,0.0
10.8,0.0,0.0,0.0
10.85,0.0,0.0,0.0
10.9,0.0,0.0,0.0
10.95,0.0,0.0,0.0
11.0,0.0,0.0,0.0
11.05,0.0,0.0,0.0
11.1,0.0,0.0,0.0
11.15,0.0,0.0,0.0
11.2,0.0,0.0,0.0
11.25,0.0,0.0,0.0
11.3,0.0,0.0,0.0
11.35,0.0,0.0,0.0
11.4,0.0,0.0,0.0
11.45,0.0,0.0,0.0
11.5,0.0,0.0,0.0
11.55,0.0,0.0,0.0
11.6,0.0,0.0,0.0
11.65,0.0,0.0,0.0
11.7,0.0,0.0,0.0
11.75,0.0,0.0,0.0
11.8,0.0,0.0,0.0
11.85,0.0,0.0,0.0
11.9,0.0,0.0,0.0
11.95,0.0,0.0,0.0
12.0,0.0,0.0,0.0
12.05,0.0,0.0,0.0
12.1,0.0,0.0,0.0
12.15,0.0,0.0,0.0
12.2,0.0,0.0,0.0
12.25,0.0,0.0,0.0
12.3,0.0,0.0,0.0
12.35,0.0,0.0,0.0
12.4,0.0,0.0,0.0
12.45,0.0,0.0,0.0
12.5,0.0,0.0,0.0
12.55,0.0,0.0,0.0
12.6,0.0,0.0,0.0
12.65,0.0,0.0,0.0
12.7,0.0,0.0,0.0
12.75,0.0,0.0,0.0
12.8,0.0,0.0,0.0
12.85,0.0,0.0,0.0
12.9,0.0,0.0,0.0
12.95,0.0,0.0,0.0
13.0,0.0,0.0,0.0
13.05,0.0,0.0,0.0
13.1,0.0,0.0,0.0
13.15,0.0,0.0,0.0
13.2,0.0,0.0,0.0
13.25,0.0,0.0,0.0
13.3,0.0,0.0,0.0
13.35,0.0,0.0,0.0
13.4,0.0,0.0,0.0
13.45,0.0,0.0,0.0
13.5,0.0,0.0,0.0
13.55,0.0,0.0,0.0
13.6,0.0,0.0,0.0
13.65,0.0,0.0,0.0
13.7,0.0,0.0,0.0
13.75,0.0,0.0,0.0
13.8,0.0,0.0,0.0
13.85,0.0,0.0,0.0
13.9,0.0,0.0,0.0
13.95,0.0,0.0,0.0
14.0,0.0,0.0,0.0
14.05,0.0,0.0,0.0
14.1,0.0,0.0,0.0
14.15,0.0,0.0,0.0
14.2,0.0,0.0,0.0
14.25,0.0,0.0,0.0
14.3,0.0,0.0,0.0
14.35,0.0,0.0,0.0
14.4,0.0,0.0,0.0
14.45,0.0,0.0,0.0
14.5,0.0,0.0,0.0
14.55,0.0,0.0,0.0
14.6,0.0,0.0,0.0
14.65,0.0,0.0,0.0
14.7,0.0,0.0,0.0
14.75,0.0,0.0,0.0
14.8,0.0,0.0,0.0
14.85,0.0,0.0,0.0
14.9,0.0,0.0,0.0
14.95,0.0,0.0,0.0
15.0,0.0,0.0,0.0
15.05,0.0,0.0,0.0
15.1,0.0,0.0,0.0
15.15,0.0,0.0,0.0
15.2,0.0,0.0,0.0
15.25,0.0,0.0,0.0
15.3,0.0,0.0,0.0
15.35,0.0,0.0,0.0
15.4,0.0,0.0,0.0
15.45,0.0,0.0,0.0
15.5,0.0,0.0,0.0
15.55,0.0,0.0,0.0
15.6,0.0,0.0,0.0
15.65,0.0,0.0,0.0
15.7,0.0,0.0,0.0
15.75,0.0,0.0,0.0
15.8,0.0,0.0,0.0
15.85,0.0,0.0,0.0
15.9,0.0,0.0,0.0
15.95,0.0,0.0,0.0
16.0,0.0,0.0,0.0
16.05,0.0,0.0,0.0
16.1,0.0,0.0,0.0
16.15,0.0,0.0,0.0
16.2,0.0,0.0,0.0
16.25,0.0,0.0,0.0
16.3,0.0,0.0,0.0
16.35,0.0,0.0,0.0
16.4,0.0,0.0,0.0
16.45,0.0,0.0,0.0
16.5,0.0,0.0,0.0
16.55,0.0,0.0,0.0
16.6,0.0,0.0,0.0
16.65,0.0,0.0,0.0
16.7,0.0,0.0,0.0
16.75,0.0,0.0,0.0
16.8,0.0,0.0,0.0
16.85,0.0,0.0,0.0
16.9,0.0,0.0,0.0
16.95,0.0,0.0,0.0
17.0,0.0,0.0,0.0
17.05,0.0,0.0,0.0
17.1,0.0,0.0,0.0
17.15,0.0,0.0,0.0
17.2,0.0,0.0,0.0
17.25,0.0,0.0,0.0
17.3,0.0,0.0,0.0
17.35,0.0,0.0,0.0
17.4,0.0,0.0,0.0
17.45,0.0,0.0,0.0
17.5,0.0,0.0,0.0
17.55,0.0,0.0,0.0
17.6,0.0,0.0,0.0
17.65,0.0,0.0,0.0
17.7,0.0,0.0,0.0
17.75,0.0,0.0,0.0
17.8,0.0,0.0,0.0
17.85,0.0,0.0,0.0
17.9,0.0,0.0,0.0
17.95,0.0,0.0,0.0
18.0,0.0,0.0,0.0
18.05,0.0,0.0,0.0
18.1,0.0,0.0,0.0
18.15,0.0,0.0,0.0
18.2,0.0,0.0,0.0
18.25,0.0,0.0,0.0
18.3,0.0,0.0,0.0
18.35,0.0,0.0,0.0
18.4,0.0,0.0,0.0
18.45,0.0,0.0,0.0
18.5,0.0,0.0,0.0
18.55,0.0,0.0,0.0
18.6,0.0,0.0,0.0
18.65,0.0,0.0,0.0
18.7,0.0,0.0,0.0
18.75,0.0,0.0,0.0
18.8,0.0,0.0,0.0
18.85,0.0,0.0,0.0
18.9,0.0,0.0,0.0
18.95,0.0,0.0,0.0
19.0,0.0,0.0,0.0
19.05,0.0,0.0,0.0
19.1,0.0,0.0,0.0
19.15,0.0,0.0,0.0
19.2,0.0,0.0,0.0
19.25,0.0,0.0,0.0
19.3,0.0,0.0,0.0
19.35,0.0,0.0,0.0
19.4,0.0,0.0,0.0
19.45,0.0,0.0,0.0
19.5,0.0,0.0,0.0
19.55,0.0,0.0,0.0
19.6,0.0,0.0,0.0
19.65,0.0,0.0,0.0
19.7,0.0,0.0,0.0
19.75,0.0,0.0,0.0
19.8,0.0,0.0,0.0
19.85,0.0,0.0,0.0
19.9,0.0,0.0,0.0
19.95,0.0,0.0,0.0
20.0,0.0,0.0,0.0
20.05,0.0,0.0,0.0
20.1,0.0,0.0,0.0
20.15,0.0,0.0,0.0
20.2,0.0,0.0,0.0
20.25,0.0,0.0,0.0
20.3,0.0,0.0,0.0
20.35,0.0,0.0,0.0
20.4,0.0,0.0,0.0
20.45,0.0,0.0,0.0
20.5,0.0,0.0,0.0
20.55,0.0,0.0,0.0
20.6,0.0,0.0,0.0
20.65,0.0,0.0,0.0
20.7,0.0,0.0,0.0
20.75,0.0,0.0,0.0
20.8,0.0,0.0,0.0
20.85,0.0,0.0,0.0
20.9,0.0,0.0,0.0
20.95,0.0,0.0,0.0
21.0,0.0,0.0,0.0
21.05,0.0,0.0,0.0
21.1,0.0,0.0,0.0
21.15,0.0,0.0,0.0
21.2,0.0,0.0,0.0
21.25,0.0,0.0,0.0
21.3,0.0,0.0,0.0
21.35,0.0,0.0,0.0
21.4,0.0,0.0,0.0
21.45,0.0,0.0,0.0
21.5,0.0,0.0,0.0
21.55,0.0,0.0,0.0
21.6,0.0,0.0,0.0
21.65,0.0,0.0,0.0
21.7,0.0,0.0,0.0
21.75,0.0,0.0,0.0
21.8,0.0,0.0,0.0
21.85,0.0,0.0,0.0
21.9,0.0,0.0,0.0
21.95,0.0,0.0,0.0
22.0,0.0,0.0,0.0
22.05,0.0,0.0,0.0
22.1,0.0,0.0,0.0
22.15,0.0,0.0,0.0
22.2,0.0,0.0,0.0
22.25,0.0,0.0,0.0
22.3,0.0,0.0,0.0
22.35,0.0,0.0,0.0
22.4,0.0,0.0,0.0
22.45,0.0,0.0,0.0
22.5,0.0,0.0,0.0
22.55,0.0,0.0,0.0
22.6,0.0,0.0,0.0
22.65,0.0,0.0,0.0
22.7,0.0,0.0,0.0
22.75,0.0,0.0,0.0
22.8,0.0,0.0,0.0
22.85,0.0,0.0,0.0
22.9,0.0,0.0,0.0
22.95,0.0,0.0,0.0
23.0,0.0,0.0,0.0
23.05,0.0,0.0,0.0
23.1,0.0,0.0,0.0
23.15,0.0,0.0,0.0
23.2,0.0,0.0,0.0
23.25,0.0,0.0,0.0
23.3,0.0,0.0,0.0
23.35,0.0,0.0,0.0
23.4,0.0,0.0,0.0
23.45,0.0,0.0,0.0
23.5,0.0,0.0,0.0
23.55,0.0,0.0,0.0
23.6,0.0,0.0,0.0
23.65,0.0,0.0,0.0
23.7,0.0,0.0,0.0
23.75,0.0,0.0,0.0
23.8,0.0,0.0,0.0
23.85,0.0,0.0,0.0
23.9,0.0,0.0,0.0
23.95,0.0,0.0,0.0
24.0,0.0,0.0,0.0
24.05,0.0,0.0,0.0
24.1,0.0,0.0,0.0
24.15,0.0,0.0,0.0
24.2,0.0,0.0,0.0
24.25,0.0,0.0,0.0
24.3,0.0,0.0,0.0
24.35,0.0,0.0,0.0
24.4,0.0,0.0,0.0
24.45,0.0,0.0,0.0
24.5,0.0,0.0,0.0
24.55,0.0,0.0,0.0
24.6,0.0,0.0,0.0
24.65,0.0,0.0,0.0
24.7,0.0,0.0,0.0
24.75,0.0,0.0,0.0
24.8,0.0,0.0,0.0
24.85,0.0,0.0,0.0
24.9,0.0,0.0,0.0
24.95,0.0,0.0,0.0
25.0,0.0,0.0,0.0
25.05,0.0,0.0,0.0
25.1,0.0,0.0,0.0
25.15,0.0,0.0,0.0
25.2,0.0,0.0,0.0
25.25,0.0,0.0,0.0
25.3,0.0,0.0,0.0
25.35,0.0,0.0,0.0
25.4,0.0,0.0,0.0
25.45,0.0,0.0,0.0
25.5,0.0,0.0,0.0
25.55,0.0,0.0,0.0
25.6,0.0,0.0,0.0
25.65,0.0,0.0,0.0
25.7,0.0,0.0,0.0
25.75,0.0,0.0,0.0
25.8,0.0,0.0,0.0
25.85,0.0,0.0,0.0
25.9,0.0,0.0,0.0
25.95,0.0,0.0,0.0
26.0,0.0,0.0,0.0
26.05,0.0,0.0,0.0
26.1,0.0,0.0,0.0
26.15,0.0,0.0,0.0
26.2,0.0,0.0,0.0
26.25,0.0,0.0,0.0
26.3,0.0,0.0,0.0
26.35,0.0,0.0,0.0
26.4,0.0,0.0,0.0
26.45,0.0,0.0,0.0
26.5,0.0,0.0,5.70432590052e-18
26.55,0.0,0.0,7.70856400236e-06
26.6,0.0,0.0,2.13668223085e-05
26.65,0.0,0.0,3.19086593735e-05
26.7,0.0,0.0,4.00451445335e-05
26.75,0.0,0.0,5.40336693583e-05
26.8,0.0,0.0,6.48304035481e-05
26.85,0.0,0.0,8.08721801434e-05
26.9,0.0,0.0,9.32536676896e-05
26.95,0.0,0.0,0.000102810033092
27.0,0.0,0.0,0.000110185885727
27.05,0.0,0.0,0.000123587300334
27.1,0.0,0.0,0.00013393086166
27.15,0.0,0.0,0.000141914303573
27.2,0.0,0.0,0.00014807613492
27.25,0.0,0.0,0.00015283197478
27.3,0.0,0.0,0.000156502654705
27.35,0.0,0.0,0.000159335757798
27.4,0.0,0.0,0.000161522419964
27.45,0.0,0.0,0.000163210140623
27.5,0.0,0.0,0.000164456552871
27.55,0.0,0.0,0.000165061999376
27.6,0.0,0.0,0.000172871659789
27.65,0.0,0.0,0.000186476787005
27.7,0.0,0.0,0.000196791404934
27.75,0.0,0.0,0.000204323334675
27.8,0.0,0.0,0.000209886892052
27.85,0.0,0.0,0.000213688793917
27.9,0.0,0.0,0.000216367159545
27.95,0.0,0.0,0.000218180615105
28.0,0.0,0.0,0.000219272544962
28.05,0.0,0.0,0.000227274556127
28.1,0.0,0.0,0.000233138120725
28.15,0.0,0.0,0.000237353701661
28.2,0.0,0.0,0.000240300087834
28.25,0.0,0.0,0.000242269895514
28.3,0.0,0.0,0.000243488408172
28.35,0.0,0.0,0.00024413002578
28.4,0.0,0.0,0.000244328788706
28.45,0.0,0.0,0.000244188369294
28.5,0.0,0.0,0.000243788762072
28.55,0.0,0.0,0.000243136036178
28.6,0.0,0.0,0.000241990012848
28.65,0.0,0.0,0.000240455901507
28.7,0.0,0.0,0.000238859806078
28.75,0.0,0.0,0.000237219794638
28.8,0.0,0.0,0.000243257847996
28.85,0.0,0.0,0.000247517352195
28.9,0.0,0.0,0.00025040744824
28.95,0.0,0.0,0.000252244112655
29.0,0.0,0.0,0.000253214984496
29.05,0.0,0.0,0.000253277481044
29.1,0.0,0.0,0.000252876894616
29.15,0.0,0.0,0.000259831293853
29.2,0.0,0.0,0.000264757624233
29.25,0.0,0.0,0.000268122788341
29.3,0.0,0.0,0.000270286649565
29.35,0.0,0.0,0.000271527425191
29.4,0.0,0.0,0.000272498015846
29.45,0.0,0.0,0.000277167369774
29.5,0.0,0.0,0.000280448427318
29.55,0.0,0.0,0.000282873013328
29.6,0.0,0.0,0.000287048782743
29.65,0.0,0.0,0.000291318073343
29.7,0.0,0.0,0.000294402485955
29.75,0.0,0.0,0.000296518027821
29.8,0.0,0.0,0.000297643495174
29.85,0.0,0.0,0.000298241321214
29.9,0.0,0.0,0.000298434115773
29.95,0.0,0.0,0.000298316663638
30.0,0.0,0.0,0.000298195766625
30.05,0.0,0.0,0.000299653422139
30.1,0.0,0.0,0.000300513928696
30.15,0.0,0.0,0.000300671265195
30.2,0.0,0.0,0.00030052216812
30.25,0.0,0.0,0.000300138951663
30.3,0.0,0.0,0.000299577712874
30.35,0.0,0.0,0.000298881396551
30.4,0.0,0.0,0.000298052025758
30.45,0.0,0.0,0.000296549370432
30.5,0.0,0.0,0.000295000764869
30.55,0.0,0.0,0.000293403669325
30.6,0.0,0.0,0.000291478070934
30.65,0.0,0.0,0.000289245276332
30.7,0.0,0.0,0.000287014978745
30.75,0.0,0.0,0.000284791096793
30.8,0.0,0.0,0.000282576893214
30.85,0.0,0.0,0.000280374544069
30.9,0.0,0.0,0.000278185562162
30.95,0.0,0.0,0.000276011839534
31.0,0.0,0.0,0.000273840865856
31.05,0.0,0.0,0.000271387497938
31.1,0.0,0.0,0.00026895614604
31.15,0.0,0.0,0.000266752737276
31.2,0.0,0.0,0.000267033719607
31.25,0.0,0.0,0.000267003182448
31.3,0.0,0.0,0.000268369735565
31.35,0.0,0.0,0.000269004458761
31.4,0.0,0.0,0.0002690779143
31.45,0.0,0.0,0.000268722412336
31.5,0.0,0.0,0.0002680390429
31.55,0.0,0.0,0.000267106719795
31.6,0.0,0.0,0.000266237881461
31.65,0.0,0.0,0.000266509036337
31.7,0.0,0.0,0.000266378709953
31.75,0.0,0.0,0.000265941522501
31.8,0.0,0.0,0.000265270466108
31.85,0.0,0.0,0.000264422024392
31.9,0.0,0.0,0.000263439471975
31.95,0.0,0.0,0.000262356821
32.0,0.0,0.0,0.00026119938466
32.05,0.0,0.0,0.000259987517241
32.1,0.0,0.0,0.000259092650224
32.15,0.0,0.0,0.000264487715284
32.2,0.0,0.0,0.000268117031505
32.25,0.0,0.0,0.000270607954669
32.3,0.0,0.0,0.000271934069722
32.35,0.0,0.0,0.000272599684705
32.4,0.0,0.0,0.000272758560027
32.45,0.0,0.0,0.000272529927355
32.5,0.0,0.0,0.00027200495147
32.55,0.0,0.0,0.000271254590664
32.6,0.0,0.0,0.000270323766206
32.65,0.0,0.0,0.000268964095015
32.7,0.0,0.0,0.000267512470268
32.75,0.0,0.0,0.00026620030521
32.8,0.0,0.0,0.000267270599389
32.85,0.0,0.0,0.000267750068062
32.9,0.0,0.0,0.000267776482529
32.95,0.0,0.0,0.000267456684627
33.0,0.0,0.0,0.0002668723492
33.05,0.0,0.0,0.00026608705745
33.1,0.0,0.0,0.000265103218792
33.15,0.0,0.0,0.000263412334773
33.2,0.0,0.0,0.000261833802532
33.25,0.0,0.0,0.000263220620998
33.3,0.0,0.0,0.000263881537883
33.35,0.0,0.0,0.000263985719502
33.4,0.0,0.0,0.000263663693185
33.45,0.0,0.0,0.000263016464646
33.5,0.0,0.0,0.000262316135346
33.55,0.0,0.0,0.000264183630866
33.6,0.0,0.0,0.000265385718982
33.65,0.0,0.0,0.000270985055688
33.7,0.0,0.0,0.000274990486851
33.75,0.0,0.0,0.000277750546304
33.8,0.0,0.0,0.000279268328386
33.85,0.0,0.0,0.000280065475628
33.9,0.0,0.0,0.000280309729683
33.95,0.0,0.0,0.000280130707773
34.0,0.0,0.0,0.00027962810534
34.05,0.0,0.0,0.000278878974943
34.1,0.0,0.0,0.000278313935463
34.15,0.0,0.0,0.000283571494709
34.2,0.0,0.0,0.000287336590397
34.25,0.0,0.0,0.000289672490136
34.3,0.0,0.0,0.000291143717297
34.35,0.0,0.0,0.000291950079905
34.4,0.0,0.0,0.000292246194334
34.45,0.0,0.0,0.000292151373059
34.5,0.0,0.0,0.000291737574476
34.55,0.0,0.0,0.000290798774734
34.6,0.0,0.0,0.000289656757059
34.65,0.0,0.0,0.000288097270936
34.7,0.0,0.0,0.000286453416559
34.75,0.0,0.0,0.000284748646279
34.8,0.0,0.0,0.000283000972947
34.85,0.0,0.0,0.000281223624941
34.9,0.0,0.0,0.000279427166147
34.95,0.0,0.0,0.000277619717045
35.0,0.0,0.0,0.000275807512497
35.05,0.0,0.0,0.000273995637151
35.1,0.0,0.0,0.000272143930193
35.15,0.0,0.0,0.000269706228728
35.2,0.0,0.0,0.000267290094503
35.25,0.0,0.0,0.000264895618253
35.3,0.0,0.0,0.000262522778933
35.35,0.0,0.0,0.0002601709337
35.4,0.0,0.0,0.00025783989969
35.45,0.0,0.0,0.000255529495597
35.5,0.0,0.0,0.000253494117339
35.55,0.0,0.0,0.000252705292332
35.6,0.0,0.0,0.00025165401175
35.65,0.0,0.0,0.000250405586772
35.7,0.0,0.0,0.000249007691287
35.75,0.0,0.0,0.0002476715181
35.8,0.0,0.0,0.000249553827037
35.85,0.0,0.0,0.000250806963726
35.9,0.0,0.0,0.000254418234054
35.95,0.0,0.0,0.000256867472392
36.0,0.0,0.0,0.000258422811789
36.05,0.0,0.0,0.000259291177136
36.1,0.0,0.0,0.000259632260926
36.15,0.0,0.0,0.00025972144598
36.2,0.0,0.0,0.000263360591118
36.25,0.0,0.0,0.000265882209986
36.3,0.0,0.0,0.000267543852762
36.35,0.0,0.0,0.000268544103723
36.4,0.0,0.0,0.000269225437616
36.45,0.0,0.0,0.00027240762199
36.5,0.0,0.0,0.000274621046306
36.55,0.0,0.0,0.000275795593288
36.6,0.0,0.0,0.000276406265492
36.65,0.0,0.0,0.000276585262568
36.7,0.0,0.0,0.000276432940747
36.75,0.0,0.0,0.000276003616246
36.8,0.0,0.0,0.000275085357341
36.85,0.0,0.0,0.000274005929118
36.9,0.0,0.0,0.000272525278503
36.95,0.0,0.0,0.000270973525053
37.0,0.0,0.0,0.000269370522708
37.05,0.0,0.0,0.000267731859663
37.1,0.0,0.0,0.000266068989025
37.15,0.0,0.0,0.000264363650627
37.2,0.0,0.0,0.000262355080023
37.25,0.0,0.0,0.000260351443029
37.3,0.0,0.0,0.000258355780769
37.35,0.0,0.0,0.000256370012511
37.4,0.0,0.0,0.000254375040115
37.45,0.0,0.0,0.000252096010694
37.5,0.0,0.0,0.00024983715011
37.55,0.0,0.0,0.000247598561688
37.6,0.0,0.0,0.000245379786592
37.65,0.0,0.0,0.000243181419971
37.7,0.0,0.0,0.000241002812127
37.75,0.0,0.0,0.000238843660563
37.8,2.15993889441e-16,3.6774858053e-17,0.000236703894662
37.85,7.98808329398e-05,8.52277883871e-07,0.000234583063905
37.9,0.000154795669012,1.71702261788e-06,0.000232481281916
37.95,0.000225014975925,2.60624387227e-06,0.000230398405856
38.0,0.000290858642113,3.53348378329e-06,0.000228333962724
38.05,0.000352584904326,4.51662033622e-06,0.000226288046955
38.1,0.000410455746042,5.56006588755e-06,0.000224260239202
38.15,0.000464716135727,6.68289575418e-06,0.00022225108339
38.2,0.000515579515886,7.89411628088e-06,0.000220259985741
38.25,0.000563276984045,9.20192629377e-06,0.000218286669793
38.3,0.000607981383207,1.06234928569e-05,0.000216331071007
38.35,0.000649906537145,1.21607730803e-05,0.000214392777639
38.4,0.000689200848768,1.38304347413e-05,0.000212471893535
38.45,0.000726049451571,1.56419177396e-05,0.000210568288148
38.5,0.000760591125661,1.75991019611e-05,0.00020868152919
38.55,0.000792977848746,1.97203940955e-05,0.000206811702967
38.6,0.000823341679847,2.20048946274e-05,0.000204958426223
38.65,0.000851806773347,2.44679619634e-05,0.000203122196071
38.7,0.000878498043473,2.7118340021e-05,0.000201302469836
38.75,0.000903516346367,2.99542327174e-05,0.000199498994853
38.8,0.000903516346367,3.14038347635e-05,0.000197711712136
38.85,0.000894975715403,3.28476493503e-05,0.000195940245381
38.9,0.000886515592469,3.4273919133e-05,0.000194184689495
38.95,0.000878135221,3.56799215935e-05,0.000192444925168
39.0,0.000869833851517,3.70637262726e-05,0.000190720557317
39.05,0.000861610741559,3.84233024094e-05,0.00018901166482
39.1,0.00085346515562,3.97565201078e-05,0.000187317897409
39.15,0.000845396365081,4.10611555539e-05,0.00018563970941
39.2,0.00083740364815,4.23367802067e-05,0.000183976604855
39.25,0.000829486289792,4.35811942259e-05,0.000182328352826
39.3,0.000821643581674,4.47952750315e-05,0.000180694899415
39.35,0.000813874822093,4.5976886447e-05,0.000179075900704
39.4,0.000806179315925,4.7125773053e-05,0.000177471443432
39.45,0.000798556374553,4.82416391224e-05,0.000175881418558
39.5,0.000791005315814,4.9324152009e-05,0.000174305465005
39.55,0.000783525463936,5.03733790386e-05,0.000172743654859
39.6,0.000776116149476,5.13903373024e-05,0.000171195668002
39.65,0.000768776709266,5.23733769953e-05,0.000169661919654
39.7,0.000761506486349,5.3324249401e-05,0.000168141956538
39.75,0.000754304829926,5.42420480003e-05,0.000166635567607
39.8,0.000747171095295,5.51287874281e-05,0.000165142703595
39.85,0.00074010834251,5.59831992912e-05,0.000163663050184
39.9,0.000733112166575,5.68063172583e-05,0.000162196686647
39.95,0.000726181941843,5.76001113774e-05,0.00016074351333
40.0,0.000719317048525,5.83638018833e-05,0.000159303200231
40.05,0.000712516872636,5.90981761149e-05,0.000157875813234
40.1,0.000705780805942,5.98039777306e-05,0.00015646105977
40.15,0.000699108245907,6.04819118386e-05,0.000155059319325
40.2,0.000692498595635,6.11326414643e-05,0.000153670177632
40.25,0.000685951263825,6.17567962065e-05,0.000152293441811
40.3,0.000679465664711,6.23549722997e-05,0.000150929066835
40.35,0.000673041218017,6.29293087848e-05,0.000149576765439
40.4,0.0006666773489,6.34792270113e-05,0.000148236610075
40.45,0.000660373487905,6.40050784706e-05,0.000146908509662
40.5,0.00065412907091,6.45074606627e-05,0.000145592162604
40.55,0.000647943539079,6.49891999899e-05,0.000144287629114
40.6,0.00064181633881,6.54484866036e-05,0.000142994641804
40.65,0.00063574692169,6.58868249374e-05,0.000141713547498
40.7,0.000629734744443,6.630573484e-05,0.000140443967584
40.75,0.000623779268885,6.67038814978e-05,0.000139185725784
40.8,0.000617879961873,6.70847506074e-05,0.000137938780945
40.85,0.000691920186886,7.11618467043e-05,0.000136702870527
40.9,0.000761049471366,7.55692164331e-05,0.000135478060746
40.95,0.000825537765637,8.03060383958e-05,0.000134264268362
41.0,0.000885704445592,8.53863524114e-05,0.000133061217735
41.05,0.000941807240241,9.08452205839e-05,0.000131868963896
41.1,0.000994107630078,9.66612414365e-05,0.000130687262472
41.15,0.00104285008529,0.000102877013888,0.000129516430434
41.2,0.00108824755479,0.000109492262603,0.000128356121759
41.25,0.0011305306471,0.000116503579983,0.000127206175338
41.3,0.00116987172084,0.000123946000094,0.000126066553564
41.35,0.0012064841199,0.000131788718191,0.000124937016491
41.4,0.00124051577183,0.000140061635754,0.000123817624636
41.45,0.00127215133921,0.000148764631537,0.000122708301924
41.5,0.00130152913563,0.000157876193744,0.000121608796438
41.55,0.00132880067667,0.000167426901253,0.000120519158474
41.6,0.00135409756354,0.00017738402437,0.000119439164691
41.65,0.00137754349712,0.000187761080187,0.000118369104778
41.7,0.00139926294235,0.000198557224179,0.000117308662496
41.75,0.00141935631034,0.000209736750198,0.000116257690601
41.8,0.00141447782452,0.000215809924978,0.000115216154721
41.85,0.00140110724948,0.00022171212086,0.000114183835566
41.9,0.00138786271181,0.0002274170928,0.000113160788441
41.95,0.00137474302709,0.000232921310165,0.00011214694382
42.0,0.00136174702199,0.000238232110604,0.000111142071468
42.05,0.00134887353417,0.000243357152543,0.000110146217352
42.1,0.00133612141217,0.000248301364284,0.000109159177354
42.15,0.00132348951532,0.00025307359304,0.00010818121623
42.2,0.00131097671364,0.000257685420801,0.000107212044957
42.25,0.00129858188772,0.000262147592641,0.000106251528968
42.3,0.00128630392865,0.000266470782555,0.000105299636847
42.35,0.0012741417379,0.000270668651168,0.000104356168177
42.4,0.00126209422723,0.000274759291001,0.000103421173506
42.45,0.0012501603186,0.000278752556272,0.00010249458929
42.5,0.00123833894405,0.000282672681331,0.000101576205111
42.55,0.00122662904566,0.000286530728572,0.000100666062978
42.6,0.00121502957539,0.000290352062368,9.9763976342e-05
42.65,0.00120353949504,0.000294155084252,9.88701871729e-05
42.7,0.00119215777611,0.00029796416517,9.79844313231e-05
42.75,0.00118088339978,0.000301808926476,9.71065858063e-05
42.8,0.00116971535675,0.000305715683256,9.62366219121e-05
42.85,0.00115865843759,0.000309724675103,9.53743564727e-05
42.9,0.00114770574619,0.00031387444467,9.45198356845e-05
42.95,0.00113685630308,0.000318218450629,9.36730014735e-05
43.0,0.00112610913796,0.000322817145899,9.28336615321e-05
43.05,0.00111546328961,0.000327754502013,9.2001854254e-05
43.1,0.00110491780585,0.000333131316936,9.11774091456e-05
43.15,0.00109447174337,0.000339087715802,9.03605473509e-05
43.2,0.00108412416773,0.00034581563945,8.95510274573e-05
43.25,0.00107387415323,0.000353591531508,8.87487370636e-05
43.3,0.00106372078283,0.000362823782425,8.79536499307e-05
43.35,0.0010536631481,0.000374152202938,8.71655986556e-05
43.4,0.00104370034911,0.000388637908048,8.63846254588e-05
43.45,0.00103383149436,0.000408156100236,8.56106772646e-05
43.5,0.0010240557007,0.000436337382422,8.48435783171e-05
43.55,0.00101437209327,0.000480904297469,8.40833637055e-05
43.6,0.00100477980538,0.00055948592753,8.33298776104e-05
43.65,0.000995277978481,0.000703928837082,8.25833221422e-05
43.7,0.000985865762059,0.000875442041471,8.18434766663e-05
43.75,0.000976542313573,0.000938097055268,8.11102384558e-05
43.8,0.000967306798375,0.00094921137681,8.03835835301e-05
43.85,0.000958163178088,0.000951103918688,7.96633588942e-05
43.9,0.000949105749894,0.00095090179921,7.89496031348e-05
43.95,0.000940133703813,0.000949853592846,7.82422677443e-05
44.0,0.00093124623745,0.000948120614714,7.7541192094e-05
44.05,0.000922442555925,0.000945555824648,7.6846408253e-05
44.1,0.000913721871803,0.000941842085026,7.6157773813e-05
44.15,0.000905083405024,0.000936482932747,7.5475473489e-05
44.2,0.000896526382833,0.000928750838133,7.47993056363e-05
44.25,0.000888050039716,0.000917619752541,7.41291763696e-05
44.3,0.000879653617325,0.000901730637526,7.3465063772e-05
44.35,0.000871336364419,0.000879438208125,7.28068280168e-05
44.4,0.000863097536795,0.00084902582027,7.21545043696e-05
44.45,0.000854936397218,0.000809180719905,7.15080484979e-05
44.5,0.000846852215363,0.000759774418857,7.08673135978e-05
44.55,0.000838844267746,0.000702586249951,7.02323289785e-05
44.6,0.000830911837661,0.000640309592233,6.96029644885e-05
44.65,0.000823054215117,0.000574181961126,6.89793889447e-05
44.7,0.000815270696777,0.000503969829297,6.83614180577e-05
44.75,0.000807560585891,0.00043023119567,6.77489660226e-05
44.8,0.000799923192242,0.000356617459327,6.71420128091e-05
44.85,0.000792361791928,0.000289797569714,6.65404306253e-05
44.9,0.000784871668953,0.000235567528583,6.59442517012e-05
44.95,0.000777452153496,0.000195225767372,6.53534355201e-05
45.0,0.000770102582009,0.000166519089971,6.47678479134e-05
45.05,0.00076282229716,0.000146348502369,6.41875156677e-05
45.1,0.000755610647771,0.000132155899664,6.36123198334e-05
45.15,0.000748466988765,0.000122141813995,6.30424146976e-05
45.2,0.000741390681105,0.000115093492695,6.24776318323e-05
45.25,0.000734381091742,0.000110194392664,6.1917892818e-05
45.3,0.000727437593553,0.000106884501655,6.13631793482e-05
45.35,0.000720559565294,0.000104778722983,6.08133746298e-05
45.4,0.000713746391536,0.000103596523091,6.02685081191e-05
45.45,0.00070699746262,0.000103136680997,5.97285427864e-05
45.5,0.000700312174595,0.00010325023351,5.9193356011e-05
45.55,0.000693689929169,0.00010382159621,5.86629722738e-05
45.6,0.000687130133655,0.000104764886676,5.81372828632e-05
45.65,0.000680632200922,0.000106009085857,5.76164287869e-05
45.7,0.000674195549336,0.000107499164175,5.71002561134e-05
45.75,0.000667819602715,0.000109190790455,5.65886931726e-05
45.8,0.000661503790277,0.000111049198599,5.60817232337e-05
45.85,0.000655250821223,0.000113039569341,5.55792395558e-05
45.9,0.000649056795614,0.000115142339617,5.50812690598e-05
45.95,0.000642921159538,0.000117330742329,5.45877779033e-05
46.0,0.000636843364266,0.000119589378168,5.40986540193e-05
46.05,0.000630822866212,0.000121902672261,5.36139197817e-05
46.1,0.000624859126879,0.000124254675776,5.31334758356e-05
46.15,0.000618951612814,0.000126637865988,5.26574510523e-05
46.2,0.000613099795561,0.000129039255623,5.2185704749e-05
46.25,0.000607303151611,0.000131449533909,5.17181714242e-05
46.3,0.000601561162363,0.000133865216097,5.1254835787e-05
46.35,0.00059587331407,0.000136274252272,5.07956002837e-05
46.4,0.0005902390978,0.000138676798193,5.03404895181e-05
46.45,0.000584658009389,0.000141062264787,4.98894725605e-05
46.5,0.000579129549393,0.000143431333627,4.94424469894e-05
46.55,0.000573653223051,0.000145774475507,4.89994332531e-05
46.6,0.000568228540234,0.000148095222923,4.8560340548e-05
46.65,0.000562855015408,0.000150385009458,4.81252866536e-05
46.7,0.000557532167587,0.000152642944857,4.76941429955e-05
46.75,0.000552259520292,0.000154869769695,4.72668497098e-05
46.8,0.000547036601508,0.000157060040847,4.68433928217e-05
46.85,0.000541865651634,0.000159212660509,4.64236831738e-05
46.9,0.000536743445581,0.00016132773055,4.60077432524e-05
46.95,0.000531669525285,0.000163405336341,4.55955447898e-05
47.0,0.000526643436971,0.00016544256166,4.51869941798e-05
47.05,0.000521664731115,0.000167438932033,4.47821101106e-05
47.1,0.000516732962401,0.000169394076271,4.43808095942e-05
47.15,0.000511847689686,0.000171307714191,4.39832002728e-05
47.2,0.000507008475958,0.000173179638375,4.35891646384e-05
47.25,0.000502214888297,0.000175009709562,4.31986479793e-05
47.3,0.000497466497841,0.000176797845559,4.28116375237e-05
47.35,0.000492762879743,0.000178544012028,4.24280517877e-05
47.4,0.000488103613136,0.000180248217733,4.20479113223e-05
47.45,0.000483488281097,0.000181910505648,4.16711902928e-05
47.5,0.000478916470607,0.000183531322921,4.12978031496e-05
47.55,0.000474387772518,0.000185113091105,4.09277669724e-05
47.6,0.000469901781514,0.000186653688807,4.05610059157e-05
47.65,0.000465458096078,0.000188153251694,4.01976183574e-05
47.7,0.000461056318454,0.000189611928103,3.98374969029e-05
47.75,0.000456696054613,0.000191033338298,3.94805915498e-05
47.8,0.000452376914218,0.000192415838694,3.91268906254e-05
47.85,0.000448100749989,0.000193758391713,3.87763196591e-05
47.9,0.000443864894908,0.000195064669637,3.8428897433e-05
47.95,0.000439668970174,0.000196334743261,3.8084600336e-05
48.0,0.000435512600535,0.000197565869489,3.77433501816e-05
48.05,0.000431395414251,0.000198764193689,3.74051625796e-05
48.1,0.000427317043067,0.000199925177456,3.70699682124e-05
48.15,0.000423277122174,0.000201051981185,3.67378569904e-05
48.2,0.00041927529018,0.000202144941857,3.64087307627e-05
48.25,0.00041531118908,0.000203203516987,3.60825438304e-05
48.3,0.000411384464221,0.000204230499527,3.57592855253e-05
48.35,0.000407494764272,0.000205223998365,3.54388877865e-05
48.4,0.000403641741194,0.00020618697342,3.51213677796e-05
48.45,0.000399825050208,0.000207118402642,3.48067039256e-05
48.5,0.000396044349764,0.000208019256732,3.44948247676e-05
48.55,0.000392299301515,0.000208891472424,3.41857445716e-05
48.6,0.000388589570279,0.000209732007575,3.38793999863e-05
48.65,0.000384914824019,0.000210547719643,3.35758731836e-05
48.7,0.000381274733807,0.000211332940862,3.32750744602e-05
48.75,0.000377668973798,0.000212091391153,3.29769620505e-05
48.8,0.000374097221198,0.000212824130007,3.26815262045e-05
48.85,0.00037056100813,0.000213528626834,3.23887047194e-05
48.9,0.000367058129081,0.000214209169517,3.20985132832e-05
48.95,0.000363588270797,0.000214864893377,3.18109321741e-05
49.0,0.00036015112296,0.000215494449007,3.15258960855e-05
49.05,0.000356746378156,0.000216100914276,3.12434180557e-05
49.1,0.000353373731854,0.000216685045119,3.09634401857e-05
49.15,0.000350032882371,0.000217244890513,3.06860375752e-05
49.2,0.000346723530851,0.000217781083394,3.04111282414e-05
49.25,0.000343445381238,0.000218298154291,3.01386740134e-05
49.3,0.00034019814025,0.000218793033635,2.98686659806e-05
49.35,0.000336981517349,0.000219265917698,2.96010472936e-05
49.4,0.000333795224721,0.000219717545673,2.93358322903e-05
49.45,0.000330638977249,0.000220151664365,2.90730029465e-05
49.5,0.000327512492484,0.00022056613141,2.88124995762e-05
49.55,0.000324415490627,0.00022096062975,2.85543340956e-05
49.6,0.000321347694498,0.000221335652087,2.8298453589e-05
49.65,0.000318308829513,0.000221691676253,2.80449266924e-05
49.7,0.000315298623664,0.000222031631235,2.77936784791e-05
49.75,0.000312316807489,0.000222353869937,2.75446740636e-05
49.8,0.000309363114053,0.000222658339885,2.72979053021e-05
49.85,0.000306438810357,0.000222945459805,2.70533202383e-05
49.9,0.000303542072531,0.000223215647592,2.6810931976e-05
49.95,0.00030067264153,0.000223469294469,2.65707240423e-05
50.0,0.000297830260731,0.000223707874145,2.63326418883e-05
50.05,0.000295014675918,0.000223931681116,2.60966964046e-05
50.1,0.000292225635252,0.000224139952307,2.586283923e-05
50.15,0.000289462889257,0.000224333032974,2.56311330928e-05
50.2,0.00028672619079,0.000224511253945,2.54015095154e-05
50.25,0.000284015295026,0.00022467493735,2.51739366149e-05
50.3,0.00028132995943,0.000224824395522,2.49484069482e-05
50.35,0.000278669943742,0.000224959930403,2.47248730309e-05
50.4,0.00027603500995,0.000225081835544,2.45033468391e-05
50.45,0.000273424922273,0.000225190394075,2.42838133175e-05
50.5,0.00027083944714,0.000225286975488,2.40662226123e-05
50.55,0.000268278353167,0.000225370775896,2.38505846767e-05
50.6,0.000265741411136,0.000225441947988,2.36368553119e-05
50.65,0.000263228393981,0.000225500743735,2.34250918474e-05
50.7,0.000260739076759,0.000225547404531,2.32152316991e-05
50.75,0.000258273236637,0.000225582166408,2.30072457284e-05
50.8,0.000255830652871,0.000225605258958,2.28011271328e-05
50.85,0.000253412373219,0.000225616904714,2.25968325148e-05
50.9,0.000251016889416,0.000225617398914,2.23943728197e-05
50.95,0.00024864398724,0.00022560740343,2.21937342881e-05
51.0,0.000246293454477,0.000225586762719,2.19948713571e-05
51.05,0.000243965080897,0.00022555552089,2.1797793123e-05
51.1,0.000241658658244,0.000225513870846,2.16024591913e-05
51.15,0.000239373980209,0.000225462001395,2.14089219571e-05
51.2,0.000237110842415,0.000225400093701,2.12171242231e-05
51.25,0.000234869042401,0.000225328325981,2.10270393583e-05
51.3,0.000232648379603,0.000225246872453,2.0838661146e-05
51.35,0.000230448655333,0.00022515590271,2.06519499237e-05
51.4,0.000228269672766,0.000225055583274,2.04669156945e-05
51.45,0.000226111236922,0.000224946075763,2.02835458836e-05
51.5,0.000223973154645,0.000224827538,2.01017988492e-05
51.55,0.000221855234591,0.000224700125363,1.99216829052e-05
51.6,0.000219757287206,0.000224563988913,1.97431611335e-05
51.65,0.000217679124716,0.000224419277401,1.95662814197e-05
51.7,0.000215620561102,0.000224266133975,1.93909914893e-05
51.75,0.00021358141209,0.000224104700406,1.92172670035e-05
51.8,0.000211561495134,0.000223935116075,1.90451022806e-05
51.85,0.000209561676688,0.000223757517345,1.88744610719e-05
51.9,0.000207580709477,0.000223572046851,1.87053525196e-05
51.95,0.000205618416348,0.00022337883569,1.85377651309e-05
52.0,0.00020367462181,0.000223178012559,1.83716608484e-05
52.05,0.000201749152011,0.000222969704922,1.82070472701e-05
52.1,0.000199841834732,0.000222754111185,1.80438906557e-05
52.15,0.000197952499362,0.000222532254954,1.78822347692e-05
52.2,0.000196080976892,0.000222303338731,1.77220318354e-05
52.25,0.000194227099894,0.000222067480561,1.75632596102e-05
52.3,0.000192390702509,0.000221824797075,1.74059129009e-05
52.35,0.000190571620432,0.000221575402885,1.72499585788e-05
52.4,0.000188769690896,0.000221319411766,1.70954049991e-05
52.45,0.00018698475266,0.000221057357363,1.69422416583e-05
52.5,0.000185216645992,0.000220789236599,1.67904337746e-05
52.55,0.000183465212658,0.000220514853244,1.66399882919e-05
52.6,0.000181730295906,0.000220234314135,1.64908743739e-05
52.65,0.000180011740452,0.000219947725478,1.63431320179e-05
52.7,0.000178309392469,0.000219655190084,1.61967175607e-05
52.75,0.000176623099569,0.000219358033712,1.60516106728e-05
52.8,0.000174952710792,0.00021905556561,1.59078066083e-05
52.85,0.000173298942662,0.000218747507813,1.57652750898e-05
52.9,0.000171660763732,0.00021843396622,1.56240237535e-05
52.95,0.000170038027506,0.000218115038138,1.54840429999e-05
53.0,0.000168430588858,0.000217790819683,1.53453010408e-05
53.05,0.000166838304021,0.00021746140667,1.52078042225e-05
53.1,0.000165261030575,0.000217126893133,1.50715243627e-05
53.15,0.000163698627434,0.000216787372706,1.49364980162e-05
53.2,0.000162150954833,0.000216444213382,1.48026852778e-05
53.25,0.000160617874317,0.000216096949286,1.46700675677e-05
53.3,0.000159099248726,0.000215744998354,1.45386405486e-05
53.35,0.000157594942187,0.00021538844894,1.44083765489e-05
53.4,0.000156104820098,0.000215027389063,1.42792825478e-05
53.45,0.00015462874912,0.000214661905069,1.41513497717e-05
53.5,0.000153166597161,0.000214292082263,1.40245491686e-05
53.55,0.000151718233368,0.000213918005692,1.38988865385e-05
53.6,0.000150283528114,0.000213541732755,1.37743361246e-05
53.65,0.000148862352984,0.000213161664604,1.36509313357e-05
53.7,0.00014745458077,0.000212777634975,1.35286357011e-05
53.75,0.000146060085454,0.00021238972392,1.34074322401e-05
53.8,0.000144678742198,0.000211998010809,1.32873169888e-05
53.85,0.000143311143537,0.00021160257384,1.31682646572e-05
53.9,0.000141956436508,0.000211203496189,1.30502816237e-05
53.95,0.000140614499964,0.000210803258685,1.29333598701e-05
54.0,0.000139285213892,0.00021040027971,1.28174728445e-05
54.05,0.000137968459402,0.00020999394205,1.2702625848e-05
54.1,0.000136664118719,0.000209584308137,1.25887953407e-05
54.15,0.000135372075171,0.000209171450369,1.24760118557e-05
54.2,0.000134092213177,0.000208755438721,1.23642420614e-05
54.25,0.000132824418241,0.000208337503101,1.22534704387e-05
54.3,0.000131568576937,0.000207918002651,1.21436933646e-05
54.35,0.000130324576905,0.000207495596188,1.20348877261e-05
54.4,0.000129092306833,0.000207070350977,1.19270593525e-05
54.45,0.000127871656455,0.000206642332817,1.18202009156e-05
54.5,0.000126662516538,0.000206211606533,1.1714288149e-05
54.55,0.00012546477887,0.000205779205018,1.16093258974e-05
54.6,0.000124278336255,0.000205345994127,1.15052926469e-05
54.65,0.0001231030825,0.000204910303676,1.14022163028e-05
54.7,0.00012193891241,0.000204472193581,1.13000664022e-05
54.75,0.00012078572177,0.000204031723668,1.11988287617e-05
54.8,0.000119643407348,0.000203588953069,1.10985000703e-05
54.85,0.000118512459144,0.000203145462369,1.09990592041e-05
54.9,0.000117392171792,0.000202701125687,1.09005114908e-05
54.95,0.00011628244511,0.000202254700823,1.08028502329e-05
55.0,0.000115183179851,0.000201806242523,1.07060532526e-05
55.05,0.000114094277699,0.000201355805167,1.06101249776e-05
55.1,0.000113015641257,0.000200903441816,1.05150457457e-05
55.15,0.000111947174043,0.00020045192823,1.04208410603e-05
55.2,0.000110888780477,0.000199998831505,1.03274830806e-05
55.25,0.000109840365875,0.000199543996776,1.02349588438e-05
55.3,0.000108801836438,0.000199087473395,1.0143265324e-05
55.35,0.000107773099249,0.000198629309711,1.00523832153e-05
55.4,0.000106754062257,0.000198171040449,9.96231738686e-06
55.45,0.000105744634278,0.000197712852586,9.87306171769e-06
55.5,0.000104744724979,0.000197253652055,9.78459593872e-06
55.55,0.000103754244874,0.00019679313855,9.69692409663e-06
55.6,0.000102773105317,0.000196331248974,9.61002822151e-06
55.65,0.00010180121849,0.00019586861745,9.52393162177e-06
55.7,0.0001008384974,0.000195407181665,9.43860885271e-06
55.75,9.9884855868e-05,0.000194944527559,9.35404806735e-06
55.8,9.89402085223e-05,0.000194480695527,9.27024650008e-06
55.85,9.80049605748e-05,0.000194015725071,9.18718650677e-06
55.9,9.70785287171e-05,0.000193549658874,9.10487253742e-06
55.95,9.61608301011e-05,0.000193085626626,9.0232989979e-06
56.0,9.52517826544e-05,0.000192620636367,8.94244736368e-06
56.05,9.43513050735e-05,0.000192154691976,8.86232133312e-06
56.1,9.3459316816e-05,0.000191687828863,8.78290448297e-06
56.15,9.25757380943e-05,0.000191220082083,8.70421811553e-06
56.2,9.17004898677e-05,0.000190754271334,8.62623897607e-06
56.25,9.0833493836e-05,0.000190288050161,8.54895623728e-06
56.3,8.99746724325e-05,0.000189821073344,8.47236737157e-06
56.35,8.91239488171e-05,0.000189353372571,8.39645625344e-06
56.4,8.82812468692e-05,0.000188884979219,8.32122694987e-06
56.45,8.74464911817e-05,0.000188418611482,8.24667434821e-06
56.5,8.66196070537e-05,0.000187952148229,8.17278151831e-06
56.55,8.58005204843e-05,0.000187485109266,8.09955184023e-06
56.6,8.49891581657e-05,0.000187017522846,8.02697030425e-06
56.65,8.41854474772e-05,0.000186549416933,7.95505637918e-06
56.7,8.33893164782e-05,0.000186083579796,7.88378881184e-06
56.75,8.26006939026e-05,0.000185617765156,7.81315770677e-06
56.8,8.18195091518e-05,0.000185151536206,7.74316075395e-06
56.85,8.10460973191e-05,0.000184684918044,7.67378321578e-06
56.9,8.02799760324e-05,0.000184217938422,7.60502880921e-06
56.95,7.95210767797e-05,0.000183753597435,7.53689286161e-06
57.0,7.87693316904e-05,0.000183289642233,7.46935989999e-06
57.05,7.802467353e-05,0.000182825621554,7.40243301351e-06
57.1,7.72870356931e-05,0.000182361358659,7.3360984843e-06
57.15,7.65563521986e-05,0.000181896938688,7.27037410553e-06
57.2,7.58325576832e-05,0.000181435514313,7.20524045323e-06
57.25,7.51155873957e-05,0.000180973937896,7.14068848366e-06
57.3,7.44053771916e-05,0.000180512226701,7.07671608561e-06
57.35,7.37018635274e-05,0.000180050400235,7.01330978992e-06
57.4,7.30049834544e-05,0.000179588941463,6.95047299362e-06
57.45,7.2314674614e-05,0.000179130213692,6.88820142627e-06
57.5,7.16308752317e-05,0.000178671449972,6.82648094662e-06
57.55,7.09535241116e-05,0.000178212668104,6.76531437792e-06
57.6,7.02825606313e-05,0.000177753885258,6.70468918302e-06
57.65,6.96179247364e-05,0.000177296046643,6.64462162363e-06
57.7,6.8959556935e-05,0.000176840589633,6.58509394758e-06
57.75,6.83073982928e-05,0.000176385202829,6.52609788952e-06
57.8,6.76613904278e-05,0.000175929901728,6.46763151995e-06
57.85,6.70218104485e-05,0.000175474701393,6.40968252897e-06
57.9,6.63882594527e-05,0.000175021053463,6.35225402126e-06
57.95,6.57606807839e-05,0.000174569382619,6.2953420939e-06
58.0,6.5139018316e-05,0.000174117879328,6.23893382277e-06
58.05,6.45232164486e-05,0.000173666557232,6.18303178815e-06
58.1,6.39132201018e-05,0.000173215429451,6.12762453191e-06
58.15,6.3308974712e-05,0.000172766470161,6.07272691616e-06
58.2,6.27104262264e-05,0.000172319045179,6.01832271664e-06
58.25,6.21175210984e-05,0.000171871872224,5.96440437936e-06
58.3,6.15302062831e-05,0.00017142496308,5.91097014092e-06
58.35,6.09484292326e-05,0.000170978329185,5.85800875092e-06
58.4,6.0372137891e-05,0.000170534471763,5.80552304679e-06
58.45,5.98012806902e-05,0.000170091690863,5.75350946156e-06
58.5,5.92358065452e-05,0.000169649442882,5.70195618348e-06
58.55,5.86756648495e-05,0.000169207887172,5.65086557071e-06
58.6,5.8120805471e-05,0.000168766680677,5.60022715135e-06
58.65,5.75711787469e-05,0.000168328836644,5.55005450832e-06
58.7,5.70267354801e-05,0.000167891615219,5.50033281376e-06
58.75,5.64874269342e-05,0.000167454789796,5.45105516387e-06
58.8,5.59532048296e-05,0.000167018369212,5.402219947e-06
58.85,5.54242983238e-05,0.000166582646793,5.35381688105e-06
58.9,5.49003775411e-05,0.000166150288327,5.30584855927e-06
58.95,5.43813956286e-05,0.000165718379868,5.25831172168e-06
59.0,5.38673061725e-05,0.00016528692908,5.21119557313e-06
59.05,5.33580631935e-05,0.000164855943636,5.16450226885e-06
59.1,5.28536211429e-05,0.000164426172879,5.11822223822e-06
59.15,5.23539348987e-05,0.000163999347511,5.07236789511e-06
59.2,5.18589597614e-05,0.000163573026116,5.02692568787e-06
59.25,5.13686514502e-05,0.000163147215268,4.98188930689e-06
59.3,5.08829660993e-05,0.000162721921455,4.93725727925e-06
59.35,5.04018602534e-05,0.000162298295179,4.89302020783e-06
59.4,4.99252908646e-05,0.000161877240962,4.84918046265e-06
59.45,4.94532152883e-05,0.000161456738861,4.80573506432e-06
59.5,4.8985591279e-05,0.00016103679446,4.76267414683e-06
59.55,4.85223769875e-05,0.000160617413378,4.71999967991e-06
59.6,4.80635309564e-05,0.000160200080928,4.67770291666e-06
59.65,4.76090121166e-05,0.000159785005381,4.63579520251e-06
59.7,4.71587797842e-05,0.000159370524513,4.59426415218e-06
59.75,4.67127936562e-05,0.000158956643047,4.55310399914e-06
59.8,4.62710138073e-05,0.000158543365647,4.51231339722e-06
59.85,4.58336297413e-05,0.000158132435788,4.4718837581e-06
59.9,4.54003686645e-05,0.00015772351771,4.43181724782e-06
59.95,4.49711918317e-05,0.000157315233664,4.39211114343e-06
60.0,4.45460608603e-05,0.000156907682635,4.35275642807e-06
60.05,4.41249377274e-05,0.000156501133451,4.31375490194e-06
60.1,4.37077847661e-05,0.000156097204509,4.27509857097e-06
60.15,4.32945646624e-05,0.000155695120663,4.2367978041e-06
60.2,4.28852404515e-05,0.000155293705005,4.19884128205e-06
60.25,4.24797755151e-05,0.000154892960718,4.1612237346e-06
60.3,4.20781335779e-05,0.000154492890952,4.12394393143e-06
60.35,4.16802787043e-05,0.000154095488428,4.08699402343e-06
60.4,4.12861752953e-05,0.000153699850997,4.05037599021e-06
60.45,4.08957880855e-05,0.000153304910906,4.01408734316e-06
60.5,4.05090821398e-05,0.000152910670714,3.97811984151e-06
60.55,4.01260228505e-05,0.000152517133041,3.9424751305e-06
60.6,3.97465759339e-05,0.000152126265566,3.90714590412e-06
60.65,3.93707074279e-05,0.000151737179655,3.87214163886e-06
60.7,3.89983836882e-05,0.000151348816538,3.83745198967e-06
60.75,3.8629571386e-05,0.000150961178234,3.80307213994e-06
60.8,3.82642375047e-05,0.000150574266745,3.76900096525e-06
60.85,3.79025387563e-05,0.000150189916122,3.73523129203e-06
60.9,3.75442495515e-05,0.000149807467513,3.70176492952e-06
60.95,3.71893378495e-05,0.000149425765257,3.66859960332e-06
61.0,3.68377719096e-05,0.000149044810844,3.6357277819e-06
61.05,3.64895202884e-05,0.00014866460582,3.60315096892e-06
61.1,3.61445518368e-05,0.000148286736327,3.57086248718e-06
61.15,3.58028356976e-05,0.000147910997162,3.53887099754e-06
61.2,3.54643413027e-05,0.000147536023483,3.50716704534e-06
61.25,3.51290383701e-05,0.000147161816344,3.47574622853e-06
61.3,3.47968969015e-05,0.000146788376796,3.44460751946e-06
61.35,3.44678871798e-05,0.000146416924003,3.41374436199e-06
61.4,3.4141979766e-05,0.000146047943963,3.38315840963e-06
61.45,3.38191454971e-05,0.000145679745993,3.35284758374e-06
61.5,3.34993554832e-05,0.000145312345421,3.32280500103e-06
61.55,3.3182581105e-05,0.000144946062939,3.29303203573e-06
61.6,3.28687940116e-05,0.000144581422594,3.26352258535e-06
61.65,3.25579661173e-05,0.000144219717311,3.2342845653e-06
61.7,3.22500696e-05,0.000143858809084,3.20530933469e-06
61.75,3.1945076898e-05,0.000143498698191,3.17659287034e-06
61.8,3.16429607079e-05,0.000143139384911,3.14813423305e-06
61.85,3.13438506242e-05,0.000142780981249,3.11992743096e-06
61.9,3.10475600937e-05,0.000142426097451,3.09197397528e-06
61.95,3.075406262e-05,0.000142072023471,3.06427196625e-06
62.0,3.04633319548e-05,0.000141718759234,3.03681511302e-06
62.05,3.01753420957e-05,0.00014136630473,3.00960467155e-06
62.1,2.98900672837e-05,0.000141014659839,2.98263506458e-06
62.15,2.96074820012e-05,0.000140665961438,2.95591352627e-06
62.2,2.93275609696e-05,0.000140318730966,2.92943215942e-06
62.25,2.90502791468e-05,0.000139972319485,2.90318728711e-06
62.3,2.87756117256e-05,0.000139626726647,2.87717805101e-06
62.35,2.85035341311e-05,0.000139281952056,2.85139897494e-06
62.4,2.82340220184e-05,0.000138939210742,2.82585144005e-06
62.45,2.7967051271e-05,0.000138598817944,2.8005337101e-06
62.5,2.7702597998e-05,0.000138259251633,2.77544003569e-06
62.55,2.74406385326e-05,0.00013792051125,2.75057156467e-06
62.6,2.71811494296e-05,0.000137582596145,2.72592319981e-06
62.65,2.69241074633e-05,0.000137245665068,2.70150155262e-06
62.7,2.6669489626e-05,0.000136912094276,2.67729940563e-06
62.75,2.64172731253e-05,0.000136579355713,2.65331339838e-06
62.8,2.61674353824e-05,0.00013624744854,2.62954274639e-06
62.85,2.59200835666e-05,0.000135916371875,2.60598244485e-06
62.9,2.56750634061e-05,0.000135586125705,2.58263375601e-06
62.95,2.54323529894e-05,0.000135258310823,2.55949509307e-06
63.0,2.51919306104e-05,0.000134932375275,2.53656120147e-06
63.05,2.49537747659e-05,0.000134607479231,2.51383313027e-06
63.1,2.47178641545e-05,0.000134283659198,2.49130622096e-06
63.15,2.4484177674e-05,0.000133960674123,2.468986516e-06
63.2,2.42526944201e-05,0.000133638752422,2.44686741911e-06
63.25,2.4023393684e-05,0.000133320032223,2.42494585907e-06
63.3,2.37962549513e-05,0.000133002151496,2.40322111893e-06
63.35,2.35712578994e-05,0.000132685108921,2.38168862462e-06
63.4,2.33483823961e-05,0.00013236890323,2.36034952975e-06
63.45,2.3127608498e-05,0.000132053533085,2.3392023841e-06
63.5,2.29089164484e-05,0.000131740253788,2.31824238537e-06
63.55,2.26922866758e-05,0.000131429102226,2.29747049232e-06
63.6,2.24776997919e-05,0.000131118789791,2.27688244739e-06
63.65,2.22651365901e-05,0.000130809315041,2.25648377299e-06
63.7,2.20545780438e-05,0.00013050067638,2.23626844055e-06
63.75,2.18460053048e-05,0.000130192872295,2.2162336432e-06
63.8,2.16393997014e-05,0.00012988794961,2.19637872569e-06
63.85,2.1434849858e-05,0.000129584312609,2.17669950764e-06
63.9,2.12322281983e-05,0.00012928151346,2.15719704338e-06
63.95,2.10315166023e-05,0.000128979550488,2.13787000749e-06
64.0,2.08326971199e-05,0.000128678422013,2.11871401101e-06
64.05,2.0635751969e-05,0.000128378302297,2.09972993018e-06
64.1,2.04406635341e-05,0.000128081282611,2.08091387387e-06
64.15,2.02474143646e-05,0.000127785099237,2.06227088919e-06
64.2,2.00559871734e-05,0.000127489750282,2.04379546646e-06
64.25,1.98663648353e-05,0.000127195233932,2.02548504037e-06
64.3,1.96785303856e-05,0.000126901548394,2.00733901208e-06
64.35,1.94924670184e-05,0.000126609243628,1.989353561e-06
64.4,1.93081580853e-05,0.000126319607057,1.97152965072e-06
64.45,1.91255870937e-05,0.000126030802221,1.9538660699e-06
64.5,1.89447377058e-05,0.000125742827178,1.93635880733e-06
64.55,1.87655937366e-05,0.000125455775076,1.91900866384e-06
64.6,1.85881391529e-05,0.00012516983652,1.90181208319e-06
64.65,1.84123580717e-05,0.000124885448811,1.88477367811e-06
64.7,1.82382347586e-05,0.000124603528259,1.86788841311e-06
64.75,1.8065753627e-05,0.000124322434578,1.85115394369e-06
64.8,1.78948992361e-05,0.000124042165718,1.83456972255e-06
64.85,1.77257448748e-05,0.000123762719617,1.81813225793e-06
64.9,1.75581850425e-05,0.000123484094783,1.80184243048e-06
64.95,1.7392204755e-05,0.000123206896424,1.78569913313e-06
65.0,1.7227789168e-05,0.000122932192282,1.7696986999e-06
65.05,1.70649235766e-05,0.000122658308732,1.75384186268e-06
65.1,1.69035934134e-05,0.000122385243597,1.73812537136e-06
65.15,1.67437842475e-05,0.00012211299474,1.7225534416e-06
65.2,1.65854817833e-05,0.000121841559926,1.70712147135e-06
65.25,1.64286718588e-05,0.000121571228012,1.69182731788e-06
65.3,1.6273340445e-05,0.000121303643106,1.67667048099e-06
65.35,1.6119473644e-05,0.000121036870904,1.66164776947e-06
65.4,1.59670576882e-05,0.000120770909178,1.64675998816e-06
65.45,1.58160789392e-05,0.000120505755667,1.63200612528e-06
65.5,1.5666523886e-05,0.000120241408113,1.61738283037e-06
65.55,1.55183791444e-05,0.000119977864298,1.60289077234e-06
65.6,1.53716314555e-05,0.000119717031694,1.58852698079e-06
65.65,1.52262676848e-05,0.000119457264748,1.57429530858e-06
65.7,1.50822748206e-05,0.000119198299488,1.56019154971e-06
65.75,1.49396399734e-05,0.000118940133575,1.5462137459e-06
65.8,1.47983503743e-05,0.000118682764694,1.53236144e-06
65.85,1.46584666301e-05,0.000118426190518,1.51863171545e-06
65.9,1.45199014964e-05,0.000118171503353,1.50502530784e-06
65.95,1.43826425815e-05,0.000117918630276,1.49154129244e-06
66.0,1.42466776101e-05,0.000117666549774,1.4781766072e-06
66.05,1.41119944217e-05,0.000117415289112,1.46493186343e-06
66.1,1.39785809697e-05,0.000117165086445,1.45180434639e-06
66.15,1.38464253203e-05,0.00011691575672,1.43879757734e-06
66.2,1.37155156515e-05,0.000116667272907,1.42590771228e-06
66.25,1.35858402522e-05,0.000116421566961,1.41313296148e-06
66.3,1.34573875207e-05,0.000116176644111,1.40047290713e-06
66.35,1.33301459642e-05,0.000115932501874,1.38792488369e-06
66.4,1.32041041975e-05,0.000115689137798,1.37548956345e-06
66.45,1.30792509419e-05,0.000115446549412,1.36316610128e-06
66.5,1.29555750246e-05,0.000115204734248,1.35095169865e-06
66.55,1.28330653774e-05,0.000114964501797,1.33884691428e-06
66.6,1.27117110357e-05,0.000114726228322,1.32684926708e-06
66.65,1.25915011378e-05,0.000114488724487,1.31496197522e-06
66.7,1.24724249236e-05,0.000114251987719,1.30318152557e-06
66.75,1.23544717338e-05,0.000114016015497,1.29150628243e-06
66.8,1.22376310093e-05,0.00011378080532,1.27993586395e-06
66.85,1.21219528694e-05,0.000113546354685,1.26846783402e-06
66.9,1.20073651664e-05,0.000113313905306,1.25710280706e-06
66.95,1.1893857653e-05,0.00011308291243,1.24584001067e-06
67.0,1.1781420178e-05,0.000112852675358,1.2346768872e-06
67.05,1.16700426852e-05,0.000112623191546,1.22361394727e-06
67.1,1.15597152124e-05,0.000112394458433,1.21264892334e-06
67.15,1.14504278911e-05,0.000112166473491,1.2017847566e-06
67.2,1.13421709448e-05,0.000111939234135,1.19101823629e-06
67.25,1.12349346889e-05,0.000111714103425,1.18034786748e-06
67.3,1.11287095293e-05,0.000111490234965,1.16977330121e-06
67.35,1.10234859619e-05,0.000111267107588,1.15929231103e-06
67.4,1.09192545716e-05,0.000111044718723,1.14890545846e-06
67.45,1.08160060316e-05,0.000110823065784,1.13861203761e-06
67.5,1.07137311021e-05,0.000110602146191,1.12840971094e-06
67.55,1.06124206303e-05,0.000110381957399,1.11829894514e-06
67.6,1.05120655491e-05,0.000110163881857,1.10827766782e-06
67.65,1.0412656876e-05,0.000109947339243,1.09834856704e-06
67.7,1.0314185713e-05,0.000109731523388,1.08850870837e-06
67.75,1.02166432454e-05,0.000109516431663,1.07875672556e-06
67.8,1.0120020741e-05,0.000109302061462,1.06909229967e-06
67.85,1.00243596466e-05,0.000109088410174,1.05951339589e-06
67.9,9.92960029894e-06,0.000108875475505,1.05002052741e-06
67.95,9.83573422399e-06,0.000108663967067,1.0406130491e-06
68.0,9.74275302705e-06,0.000108454226639,1.03128882459e-06
68.05,9.65064839201e-06,0.000108245197613,1.02204828042e-06
68.1,9.5594120807e-06,0.000108036877343,1.01288952256e-06
68.15,9.46903593208e-06,0.000107829263212,1.00381500772e-06
68.2,9.37951186154e-06,0.000107622352565,9.94822054019e-07
68.25,9.29083186022e-06,0.000107416142784,9.85909412813e-07
68.3,9.20298799425e-06,0.00010721063127,9.77076792605e-07
68.35,9.11597240411e-06,0.000107007469312,9.68322333719e-07
68.4,9.02977730387e-06,0.000106805057615,9.59646505179e-07
68.45,8.94439498058e-06,0.000106603338672,9.51048717369e-07
68.5,8.8598177935e-06,0.000106402309843,9.42527017817e-07
68.55,8.77603817352e-06,0.000106201968513,9.34081796328e-07
68.6,8.6930486224e-06,0.000106002312064,9.25711321906e-07
68.65,8.61084171219e-06,0.000105803337902,9.17417839794e-07
68.7,8.52941008453e-06,0.000105605610301,9.09198898963e-07
68.75,8.44874644998e-06,0.000105409643223,9.01053358222e-07
68.8,8.36884358745e-06,0.000105214352669,8.92980951167e-07
68.85,8.28973577167e-06,0.000105019736,8.8497997818e-07
68.9,8.21137366362e-06,0.000104825790827,8.7705086792e-07
68.95,8.13375025557e-06,0.000104632514526,8.69193081516e-07
69.0,8.05685860547e-06,0.000104439904478,8.61404834544e-07
69.05,7.98069183625e-06,0.000104247958096,8.53686483259e-07
69.1,7.90524313527e-06,0.000104057568971,8.46036445649e-07
69.15,7.83050575367e-06,0.000103868866533,8.38456773712e-07
69.2,7.75647300583e-06,0.000103680832861,8.30945227377e-07
69.25,7.68313826874e-06,0.000103493455065,8.23500763673e-07
69.3,7.61049498142e-06,0.000103306730519,8.16123139125e-07
69.35,7.53853664435e-06,0.000103120656603,8.08810800399e-07
69.4,7.46725681891e-06,0.00010293523072,8.01564139261e-07
69.45,7.39664912679e-06,0.00010275045027,7.94382663219e-07
69.5,7.32670724941e-06,0.00010256698491,7.87264741433e-07
69.55,7.25742492742e-06,0.000102385019408,7.80210699495e-07
69.6,7.18879596011e-06,0.00010220369318,7.73219091554e-07
69.65,7.12081420484e-06,0.000102023003617,7.66291792997e-07
69.7,7.05347357655e-06,0.000101842948088,7.59426756552e-07
69.75,6.98676804718e-06,0.000101663523991,7.52623029015e-07
69.8,6.92069164518e-06,0.000101484728743,7.45880387867e-07
69.85,6.85527271436e-06,0.000101306559766,7.39197413469e-07
69.9,6.79047045335e-06,0.000101129207752,7.32574463866e-07
69.95,6.72627906706e-06,0.000100953756003,7.26011088955e-07
70.0,6.66269281468e-06,0.000100778924418,7.1950579826e-07
70.05,6.59970600917e-06,0.00010060471041,7.1305888935e-07
70.1,6.53731301675e-06,0.00010043111139,7.06669040819e-07
70.15,6.47550825639e-06,0.000100258124792,7.00337966638e-07
70.2,6.41428619936e-06,0.000100085748028,6.94063795742e-07
70.25,6.35364136868e-06,9.99139785403e-05,6.8784565697e-07
70.3,6.29356833871e-06,9.97428137875e-05,6.81683346954e-07
70.35,6.23406173461e-06,9.95730382364e-05,6.75575568241e-07
70.4,6.1751162319e-06,9.94044886396e-05,6.6952264806e-07
70.45,6.11672655597e-06,9.92365373806e-05,6.63524175048e-07
70.5,6.05888748163e-06,9.90691818986e-05,6.57578787013e-07
70.55,6.00159383264e-06,9.89024196561e-05,6.51686755912e-07
70.6,5.94484048127e-06,9.87362880048e-05,6.4584687407e-07
70.65,5.88862234781e-06,9.85709716244e-05,6.40060707939e-07
70.7,5.83293440015e-06,9.84063000742e-05,6.34326547497e-07
70.75,5.77777165336e-06,9.82422124992e-05,6.28643596558e-07
70.8,5.72312916919e-06,9.80796545524e-05,6.23011669262e-07
70.85,5.66903038682e-06,9.79180816221e-05,6.17429579823e-07
70.9,5.61544156517e-06,9.77570863193e-05,6.11897627308e-07
70.95,5.56235791196e-06,9.75966661138e-05,6.06415435758e-07
71.0,5.50977467976e-06,9.74368184853e-05,6.00981760224e-07
71.05,5.45768716563e-06,9.72775409357e-05,5.95596849256e-07
71.1,5.40609071065e-06,9.71188309684e-05,5.90259599122e-07
71.15,5.35498069955e-06,9.69606861067e-05,5.84971441453e-07
71.2,5.30435256029e-06,9.68031038592e-05,5.79730813403e-07
71.25,5.25420176363e-06,9.6646778199e-05,5.74536987316e-07
71.3,5.2045238228e-06,9.64916087111e-05,5.69389793326e-07
71.35,5.15531429301e-06,9.63369953016e-05,5.64288147709e-07
71.4,5.10656877113e-06,9.61829354981e-05,5.5923232379e-07
71.45,5.05828289529e-06,9.60294268298e-05,5.54221977969e-07
71.5,5.01045234447e-06,9.58764668363e-05,5.49255972448e-07
71.55,4.96307283812e-06,9.57240530777e-05,5.44334534385e-07
71.6,4.91614013582e-06,9.55721831165e-05,5.39456655044e-07
71.65,4.86965003686e-06,9.54208545339e-05,5.34623642837e-07
71.7,4.8235983799e-06,9.52701175949e-05,5.29834069431e-07
71.75,4.77798104259e-06,9.51211000272e-05,5.250872698e-07
71.8,4.7327939412e-06,9.49726174816e-05,5.20383088696e-07
71.85,4.68805645898e-06,9.4824667354e-05,5.1572053567e-07
71.9,4.64374069344e-06,9.4677247353e-05,5.11099860523e-07
71.95,4.59984268155e-06,9.45303550663e-05,5.06520749229e-07
72.0,4.5563584974e-06,9.4383988092e-05,5.01982161917e-07
72.05,4.51328425182e-06,9.42381440476e-05,4.97484306194e-07
72.1,4.4706160921e-06,9.40928205537e-05,4.93026260146e-07
72.15,4.42835020158e-06,9.39482135231e-05,4.88609219572e-07
72.2,4.38648279938e-06,9.38044482885e-05,4.84231879072e-07
72.25,4.34501014002e-06,9.36621609137e-05,4.79893630859e-07
72.3,4.30392851309e-06,9.35203860476e-05,4.75594333047e-07
72.35,4.26323424295e-06,9.33791213109e-05,4.71333080434e-07
72.4,4.2229236884e-06,9.3238364342e-05,4.6711010132e-07
72.45,4.18299324233e-06,9.3098112783e-05,4.62925108707e-07
72.5,4.14343933145e-06,9.29583642861e-05,4.58777152226e-07
72.55,4.10425841591e-06,9.28191165223e-05,4.54666421614e-07
72.6,4.06544698906e-06,9.26803671663e-05,4.50592074305e-07
72.65,4.02700157709e-06,9.25421139102e-05,4.46555203178e-07
72.7,3.98891873873e-06,9.24043544385e-05,4.42554615187e-07
72.75,3.95119506498e-06,9.22681163161e-05,4.38589754855e-07
72.8,3.91382717874e-06,9.21324569781e-05,4.3466049251e-07
72.85,3.87683110919e-06,9.19972849746e-05,4.30766000858e-07
72.9,3.84018378211e-06,9.18625981076e-05,4.26906488552e-07
72.95,3.80388192021e-06,9.17283940831e-05,4.23081693292e-07
73.0,3.76792227694e-06,9.15946706174e-05,4.19290746509e-07
73.05,3.73230163613e-06,9.14614254443e-05,4.15533821609e-07
73.1,3.69701681171e-06,9.13286563022e-05,4.11810148544e-07
73.15,3.6620646475e-06,9.11963609461e-05,4.08120726129e-07
73.2,3.62744201684e-06,9.10645371249e-05,4.04464464005e-07
73.25,3.59314582236e-06,9.09334291556e-05,4.00840854502e-07
73.3,3.55917299574e-06,9.08036030423e-05,3.9724977911e-07
73.35,3.52552049735e-06,9.06742421238e-05,3.93690481739e-07
73.4,3.49218531607e-06,9.05453441692e-05,3.90163153082e-07
73.45,3.45916446897e-06,9.04169069527e-05,3.86667553417e-07
73.5,3.42645500108e-06,9.02889282584e-05,3.8320288893e-07
73.55,3.3940539851e-06,9.01614058873e-05,3.79769318103e-07
73.6,3.36195852117e-06,9.00343376452e-05,3.76366137165e-07
73.65,3.33016573658e-06,8.99078211633e-05,3.72994258965e-07
73.7,3.29867278555e-06,8.97819514424e-05,3.69652686988e-07
73.75,3.26747684897e-06,8.9656530163e-05,3.6634095726e-07
73.8,3.23657513414e-06,8.95316199161e-05,3.63058961471e-07
73.85,3.2059808965e-06,8.94080930119e-05,3.59806008606e-07
73.9,3.17567505463e-06,8.92850083991e-05,3.56582272945e-07
73.95,3.14565489836e-06,8.91623639091e-05,3.53387535401e-07
74.0,3.11591774291e-06,8.90401573832e-05,3.50221070479e-07
74.05,3.08646092863e-06,8.89183866792e-05,3.47083023024e-07
74.1,3.05728182079e-06,8.879704966e-05,3.43972749835e-07
74.15,3.02837780934e-06,8.86761442039e-05,3.40891085195e-07
74.2,2.99974630867e-06,8.85556681864e-05,3.37837118358e-07
74.25,2.97138475739e-06,8.8435619501e-05,3.34810425282e-07
74.3,2.94329061811e-06,8.8315996054e-05,3.3181090698e-07
74.35,2.91546137719e-06,8.81967957596e-05,3.28837931913e-07
74.4,2.88789454454e-06,8.80783661224e-05,3.2589165936e-07
74.45,2.86058765343e-06,8.79609531368e-05,3.22971889089e-07
74.5,2.83353826019e-06,8.78439572398e-05,3.2007795805e-07
74.55,2.80674394408e-06,8.77273763584e-05,3.17209998619e-07
74.6,2.78020230702e-06,8.76112084254e-05,3.14367422958e-07
74.65,2.75391097341e-06,8.74954513882e-05,3.11550993541e-07
74.7,2.7278675899e-06,8.73801031925e-05,3.08759878009e-07
74.75,2.70206982521e-06,8.72651618013e-05,3.0599368882e-07
74.8,2.67651536987e-06,8.71506251895e-05,3.03252335502e-07
74.85,2.65121518561e-06,8.70364913404e-05,3.00535240875e-07
74.9,2.62615349287e-06,8.69227583159e-05,2.97842550508e-07
74.95,2.60132805043e-06,8.68094241171e-05,2.95174081404e-07
75.0,2.57673663811e-06,8.66965706664e-05,2.9252922758e-07
75.05,2.55237705649e-06,8.65849191909e-05,2.89908110018e-07
75.1,2.52824712674e-06,8.6473660676e-05,2.87310191475e-07
75.15,2.50434469047e-06,8.63628411117e-05,2.84736168799e-07
75.2,2.48066760947e-06,8.62526090408e-05,2.82185281273e-07
75.25,2.45721376559e-06,8.61428031123e-05,2.79657174708e-07
75.3,2.43398106049e-06,8.60333830706e-05,2.77151766422e-07
75.35,2.41096741552e-06,8.59243469573e-05,2.74668528909e-07
75.4,2.38817077148e-06,8.58156928274e-05,2.7220759521e-07
75.45,2.36558908845e-06,8.57074187421e-05,2.69768798079e-07
75.5,2.34322034564e-06,8.55995227716e-05,2.67351583689e-07
75.55,2.32106254119e-06,8.54920030003e-05,2.64956062609e-07
75.6,2.299113692e-06,8.53848575183e-05,2.62581743835e-07
75.65,2.27737183353e-06,8.52782285048e-05,2.6022926424e-07
75.7,2.25583501966e-06,8.51726614465e-05,2.5789792858e-07
75.75,2.23450132251e-06,8.50674630049e-05,2.55587413151e-07
75.8,2.21336883225e-06,8.49626312827e-05,2.53297642386e-07
75.85,2.19244661379e-06,8.48581643911e-05,2.51028134182e-07
75.9,2.17172161806e-06,8.47540605065e-05,2.4877901013e-07
75.95,2.15119199169e-06,8.46503177575e-05,2.46550117378e-07
76.0,2.13085589865e-06,8.45469342823e-05,2.44340949765e-07
76.05,2.11071152013e-06,8.44439082322e-05,2.42151608345e-07
76.1,2.09075705432e-06,8.43412377645e-05,2.39981644374e-07
76.15,2.07099071632e-06,8.42389210493e-05,2.37831639909e-07
76.2,2.05141073793e-06,8.41369562575e-05,2.35700959546e-07
76.25,2.0320153675e-06,8.40353415744e-05,2.33589307441e-07
76.3,2.01280286982e-06,8.3934075196e-05,2.31496614532e-07
76.35,1.99377152591e-06,8.38335681427e-05,2.2942244021e-07
76.4,1.97491963289e-06,8.37337738451e-05,2.27366895599e-07
76.45,1.95624550385e-06,8.36343224445e-05,2.25329841004e-07
76.5,1.93774746767e-06,8.35352121475e-05,2.23310813829e-07
76.55,1.91942386889e-06,8.34364411731e-05,2.2130990643e-07
76.6,1.90127306757e-06,8.33380077469e-05,2.19326708686e-07
76.65,1.88329343912e-06,8.32399143098e-05,2.17361752557e-07
76.7,1.86548337418e-06,8.31423469334e-05,2.15414457328e-07
76.75,1.84784127846e-06,8.30451905786e-05,2.13484552617e-07
76.8,1.83036557262e-06,8.29483655903e-05,2.11571975306e-07
76.85,1.81306375296e-06,8.28518702311e-05,2.09676322709e-07
76.9,1.79592502844e-06,8.27557028179e-05,2.07797696386e-07
76.95,1.77894786639e-06,8.26598616298e-05,2.05935968665e-07
77.0,1.76213074851e-06,8.25643449549e-05,2.04090716766e-07
77.05,1.74547217069e-06,8.24692103084e-05,2.02262025096e-07
77.1,1.72897064293e-06,8.23750646109e-05,2.00449518831e-07
77.15,1.71262468917e-06,8.22812382701e-05,1.98653684147e-07
77.2,1.6964328472e-06,8.21877295832e-05,1.9687399031e-07
77.25,1.68039366847e-06,8.20945368604e-05,1.9511019021e-07
77.3,1.66450571803e-06,8.20016584219e-05,1.93362226161e-07
77.35,1.64876757434e-06,8.19090925962e-05,1.91629730136e-07
77.4,1.63317782922e-06,8.18168377226e-05,1.89912794955e-07
77.45,1.61773508764e-06,8.17248921471e-05,1.88211303932e-07
77.5,1.60243796766e-06,8.1633254224e-05,1.86524870677e-07
77.55,1.58728510029e-06,8.15419223192e-05,1.84853572331e-07
77.6,1.57227512935e-06,8.14508948046e-05,1.83197066332e-07
77.65,1.55740671138e-06,8.13601700633e-05,1.81555797011e-07
77.7,1.54267851549e-06,8.12697464805e-05,1.79929279313e-07
77.75,1.5280892233e-06,8.1179622454e-05,1.78317287397e-07
77.8,1.51363752873e-06,8.10897963908e-05,1.76719768542e-07
77.85,1.49932963093e-06,8.10007526568e-05,1.75136386397e-07
77.9,1.48515660614e-06,8.09121919937e-05,1.73567225791e-07
77.95,1.47111718692e-06,8.08239244864e-05,1.72012180084e-07
78.0,1.45721011768e-06,8.07359485537e-05,1.7047089614e-07
78.05,1.4434341546e-06,8.06482626247e-05,1.68943444462e-07
78.1,1.42978806549e-06,8.05608651355e-05,1.67429511971e-07
78.15,1.41627062973e-06,8.04737545321e-05,1.65929504755e-07
78.2,1.40288063811e-06,8.03870426263e-05,1.64442979508e-07
78.25,1.38961689276e-06,8.030076671e-05,1.62969729825e-07
78.3,1.37647820702e-06,8.02147738821e-05,1.61509707525e-07
78.35,1.36346340535e-06,8.01290626116e-05,1.60062605204e-07
78.4,1.35057132323e-06,8.00436313779e-05,1.58628500392e-07
78.45,1.33780080703e-06,7.99584786666e-05,1.57207295626e-07
78.5,1.32515071394e-06,7.98736029712e-05,1.55798668164e-07
78.55,1.31261991186e-06,7.97890027955e-05,1.54402682441e-07
78.6,1.30020727929e-06,7.97046766496e-05,1.53019052325e-07
78.65,1.28791170524e-06,7.9620833016e-05,1.51648148953e-07
78.7,1.27573208913e-06,7.95376729923e-05,1.50289567171e-07
78.75,1.26366734069e-06,7.94547824532e-05,1.48943118342e-07
78.8,1.25171637986e-06,7.93721599234e-05,1.47608758431e-07
78.85,1.23988433309e-06,7.92898039349e-05,1.46286206491e-07
78.9,1.22816382079e-06,7.92077130577e-05,1.44975533381e-07
78.95,1.21655379483e-06,7.91258858391e-05,1.43676650024e-07
79.0,1.20505321689e-06,7.90443208342e-05,1.42389261459e-07
79.05,1.19366105839e-06,7.8963016608e-05,1.41113426572e-07
79.1,1.18237630036e-06,7.88819717315e-05,1.39848883861e-07
79.15,1.17119793339e-06,7.88011847855e-05,1.38595972516e-07
79.2,1.16012495752e-06,7.87206543539e-05,1.37354322258e-07
79.25,1.14915638215e-06,7.86403790312e-05,1.36123760685e-07
79.3,1.13829122597e-06,7.85603574204e-05,1.34904247549e-07
79.35,1.12752851685e-06,7.84805881314e-05,1.33695526088e-07
79.4,1.11686729179e-06,7.84010697836e-05,1.32497661058e-07
79.45,1.10630659677e-06,7.8321801002e-05,1.31310571053e-07
79.5,1.09584548674e-06,7.82427804193e-05,1.30133986495e-07
79.55,1.08548302551e-06,7.81644531767e-05,1.28967961205e-07
79.6,1.07521828563e-06,7.80864969407e-05,1.27812256186e-07
79.65,1.06505034836e-06,7.80087847226e-05,1.26667181436e-07
79.7,1.05497830357e-06,7.79313702665e-05,1.25532398544e-07
79.75,1.04500124965e-06,7.78543761222e-05,1.24407749946e-07
79.8,1.03511829344e-06,7.77776458129e-05,1.23293198861e-07
79.85,1.02533367428e-06,7.77011549577e-05,1.22188510623e-07
79.9,1.01564128958e-06,7.76249022494e-05,1.21093744416e-07
79.95,1.00604027257e-06,7.75488863633e-05,1.20008825841e-07
80.0,9.96529764596e-07,7.74731059819e-05,1.18933508521e-07
80.05,9.87108915067e-07,7.73975597967e-05,1.17867841646e-07
80.1,9.77776881341e-07,7.73222465053e-05,1.16811606788e-07
80.15,9.68532828673e-07,7.72471648136e-05,1.15765087265e-07
80.2,9.59375930136e-07,7.71723134315e-05,1.14727973791e-07
80.25,9.50305366549e-07,7.70976910782e-05,1.13700122365e-07
80.3,9.41320326404e-07,7.70232964805e-05,1.12681499371e-07
80.35,9.32420005794e-07,7.69491283722e-05,1.1167189034e-07
80.4,9.23603608344e-07,7.68751854952e-05,1.10671349363e-07
80.45,9.14870345138e-07,7.68014665973e-05,1.09679808444e-07
80.5,9.06219434652e-07,7.67284356511e-05,1.08697042411e-07
80.55,8.97650102683e-07,7.66556839114e-05,1.07723096221e-07
80.6,8.89161582282e-07,7.65831523122e-05,1.06757770245e-07
80.65,8.80753113684e-07,7.65108396159e-05,1.05801323417e-07
80.7,8.72423944247e-07,7.64387445889e-05,1.04853473071e-07
80.75,8.64173328377e-07,7.63668660065e-05,1.03914087599e-07
80.8,8.56000527468e-07,7.62952026516e-05,1.02983136278e-07
80.85,8.47909047287e-07,7.62237533136e-05,1.020604231e-07
80.9,8.39893841227e-07,7.61525168088e-05,1.01145997499e-07
80.95,8.31954192513e-07,7.60814919395e-05,1.00239797331e-07
81.0,8.24089391079e-07,7.60106775153e-05,9.93416168065e-08
81.05,8.16298733512e-07,7.59400723535e-05,9.84514970103e-08
81.1,8.08581522984e-07,7.5869675277e-05,9.7569255497e-08
81.15,8.00937069195e-07,7.57994851167e-05,9.66951289135e-08
81.2,7.93364688312e-07,7.57295160036e-05,9.58288589232e-08
81.25,7.85863702903e-07,7.56599260542e-05,9.49703252454e-08
81.3,7.78433441886e-07,7.55906000687e-05,9.41194998015e-08
81.35,7.71073240463e-07,7.5521477188e-05,9.32762034529e-08
81.4,7.63782440063e-07,7.5452556268e-05,9.244048138e-08
81.45,7.56560388286e-07,7.53838361702e-05,9.16122767862e-08
81.5,7.49406438843e-07,7.53155373818e-05,9.07914015947e-08
81.55,7.42319951499e-07,7.52476910451e-05,8.99778933544e-08
81.6,7.35300292019e-07,7.51800420478e-05,8.91715853224e-08
81.65,7.2834683211e-07,7.51125892654e-05,8.83726937778e-08
81.7,7.21458949366e-07,7.50453315776e-05,8.75809826189e-08
81.75,7.14636027211e-07,7.49782678717e-05,8.67963419171e-08
81.8,7.0787745485e-07,7.49113970425e-05,8.60187460107e-08
81.85,7.01186131407e-07,7.48447179903e-05,8.52480311793e-08
81.9,6.94557883546e-07,7.47782296386e-05,8.44842387147e-08
81.95,6.87992118521e-07,7.47119309001e-05,8.37273167086e-08
82.0,6.81488249139e-07,7.4645820694e-05,8.29770932719e-08
82.05,6.75045693704e-07,7.45798979467e-05,8.22336027216e-08
82.1,6.68663875969e-07,7.45141615901e-05,8.14966926662e-08
82.15,6.62342225085e-07,7.4448610563e-05,8.076656077e-08
82.2,6.56080175547e-07,7.43832438082e-05,8.00429912521e-08
82.25,6.4987716715e-07,7.4318060276e-05,7.93258836455e-08
82.3,6.43732644935e-07,7.42530589231e-05,7.86152144971e-08
82.35,6.3764605914e-07,7.41882387121e-05,7.79108341778e-08
82.4,6.31616865156e-07,7.41235986126e-05,7.72127804252e-08
82.45,6.25644523473e-07,7.40591375991e-05,7.65210057991e-08
82.5,6.19728499637e-07,7.39948546522e-05,7.58353532043e-08
82.55,6.138682642e-07,7.39307487591e-05,7.51558540044e-08
82.6,6.08063292677e-07,7.38669338293e-05,7.44823689241e-08
82.65,6.02313065492e-07,7.38036088525e-05,7.38150786148e-08
82.7,5.96617067943e-07,7.3740457848e-05,7.31537858677e-08
82.75,5.90974790147e-07,7.36776058255e-05,7.24983988629e-08
82.8,5.85385727001e-07,7.36150432977e-05,7.18488961657e-08
82.85,5.79852275961e-07,7.35526525469e-05,7.12051410255e-08
82.9,5.74370985851e-07,7.34904325949e-05,7.05671679321e-08
82.95,5.68941366492e-07,7.34283824561e-05,6.99349335281e-08
83.0,5.635629323e-07,7.33665011504e-05,6.93082942395e-08
83.05,5.58235202238e-07,7.33047877047e-05,6.86872787303e-08
83.1,5.52957699771e-07,7.32432411507e-05,6.80717597126e-08
83.15,5.4772995283e-07,7.31818605266e-05,6.74619022893e-08
83.2,5.42551493768e-07,7.31206448744e-05,6.68575262251e-08
83.25,5.37421859316e-07,7.3059593243e-05,6.6258547603e-08
83.3,5.32340590546e-07,7.29987046873e-05,6.56649468331e-08
83.35,5.27307232829e-07,7.29379782674e-05,6.50765989349e-08
83.4,5.22321335793e-07,7.28774130499e-05,6.44935354294e-08
83.45,5.17382453288e-07,7.2817008106e-05,6.39157166912e-08
83.5,5.1249014334e-07,7.27567625127e-05,6.33430115034e-08
83.55,5.07643968118e-07,7.26966753529e-05,6.27754460631e-08
83.6,5.02843493894e-07,7.26367457146e-05,6.22129040377e-08
83.65,4.98088291002e-07,7.25769726916e-05,6.16555363199e-08
83.7,4.93377933802e-07,7.25173553815e-05,6.11031781872e-08
83.75,4.88712000643e-07,7.24578928882e-05,6.05557529452e-08
83.8,4.84090073823e-07,7.23985889499e-05,6.001324269e-08
83.85,4.79514135944e-07,7.23398180605e-05,5.9475533198e-08
83.9,4.74981333021e-07,7.22812007702e-05,5.89426532774e-08
83.95,4.70491259699e-07,7.22227347196e-05,5.84145667131e-08
84.0,4.66043514418e-07,7.21644190289e-05,5.7891153582e-08
84.05,4.61637699379e-07,7.21062528244e-05,5.73724378264e-08
84.1,4.5727342051e-07,7.20482352369e-05,5.68583131263e-08
84.15,4.52950287427e-07,7.19903654033e-05,5.63489173874e-08
84.2,4.48667913406e-07,7.19326424641e-05,5.58441000645e-08
84.25,4.44425915342e-07,7.18751272753e-05,5.53437910642e-08
84.3,4.40223913721e-07,7.18179222288e-05,5.48479740236e-08
84.35,4.36061532582e-07,7.17608729433e-05,5.43565445503e-08
84.4,4.31938399488e-07,7.17039679449e-05,5.38695289728e-08
84.45,4.27854145488e-07,7.16472063934e-05,5.33868941932e-08
84.5,4.23808405091e-07,7.15905874534e-05,5.29085306099e-08
84.55,4.19800816227e-07,7.15341102953e-05,5.24344601045e-08
84.6,4.1583102022e-07,7.1477774094e-05,5.1964585508e-08
84.65,4.11898661755e-07,7.14215780299e-05,5.14990328566e-08
84.7,4.08003388844e-07,7.13655212868e-05,5.10376645623e-08
84.75,4.04144852799e-07,7.13096030547e-05,5.05804165647e-08
84.8,4.00322708199e-07,7.12538225284e-05,5.01272739091e-08
84.85,3.96538594574e-07,7.11981789075e-05,4.96781411881e-08
84.9,3.92790151794e-07,7.11426714055e-05,4.92330424641e-08
84.95,3.89077044648e-07,7.10872992314e-05,4.87919474879e-08
85.0,3.85398941063e-07,7.10320615991e-05,4.83547560912e-08
85.05,3.81755512074e-07,7.09769577278e-05,4.79214882724e-08
85.1,3.781464318e-07,7.09219868409e-05,4.74920552255e-08
85.15,3.7457137741e-07,7.08672726093e-05,4.7066572139e-08
85.2,3.71030029098e-07,7.08129099936e-05,4.66449132669e-08
85.25,3.67522070054e-07,7.07586780415e-05,4.62270200625e-08
85.3,3.64047186432e-07,7.07045759869e-05,4.58128788582e-08
85.35,3.6060506733e-07,7.06506030679e-05,4.54024024581e-08
85.4,3.57195404757e-07,7.05967585281e-05,4.49956128537e-08
85.45,3.53817893607e-07,7.0543041615e-05,4.45924823993e-08
85.5,3.50472231632e-07,7.04894515808e-05,4.4192919548e-08
85.55,3.47158119416e-07,7.04359876829e-05,4.37969425768e-08
85.6,3.43875260348e-07,7.03826491828e-05,4.34044703232e-08
85.65,3.40623360597e-07,7.03294353469e-05,4.30156080616e-08
85.7,3.37402129084e-07,7.0276345445e-05,4.26302408689e-08
85.75,3.34211277458e-07,7.02234035757e-05,4.22483152372e-08
85.8,3.3105052007e-07,7.01707459308e-05,4.18698186755e-08
85.85,3.27921212744e-07,7.01182558285e-05,4.14946714927e-08
85.9,3.24821403749e-07,7.00658875592e-05,4.11228937874e-08
85.95,3.2175081588e-07,7.00136404083e-05,4.07544602934e-08
86.0,3.18709174524e-07,6.99615136655e-05,4.03892873431e-08
86.05,3.15696207643e-07,6.99095066254e-05,4.00273916404e-08
86.1,3.12711645745e-07,6.98576185865e-05,3.96686990086e-08
86.15,3.09755221863e-07,6.98058488523e-05,3.93133056609e-08
86.2,3.0682667153e-07,6.97541967293e-05,3.89611065657e-08
86.25,3.03925732757e-07,6.9702661529e-05,3.86120528205e-08
86.3,3.01052146006e-07,6.96512425675e-05,3.82661330092e-08
86.35,2.98205654175e-07,6.95999391648e-05,3.79232742997e-08
86.4,2.95386002567e-07,6.95487506456e-05,3.75834950609e-08
86.45,2.92592938871e-07,6.94976763384e-05,3.7246772201e-08
86.5,2.89826213141e-07,6.94467155759e-05,3.69130292537e-08
86.55,2.87085577773e-07,6.93958676952e-05,3.65822814853e-08
86.6,2.84370787482e-07,6.93451320374e-05,3.62544611031e-08
86.65,2.8168159928e-07,6.92947884916e-05,3.59296560396e-08
86.7,2.79017772458e-07,6.92445809973e-05,3.56077703031e-08
86.75,2.76379068561e-07,6.91944837853e-05,3.52887592e-08
86.8,2.73765251369e-07,6.91444962054e-05,3.49726122969e-08
86.85,2.71177442092e-07,6.90946176114e-05,3.46592630301e-08
86.9,2.68614026731e-07,6.9044847367e-05,3.43487281877e-08
86.95,2.66074776045e-07,6.8995184834e-05,3.40409866652e-08
87.0,2.63559462944e-07,6.89456293781e-05,3.37359685778e-08
87.05,2.61067862462e-07,6.88961803694e-05,3.34336878777e-08
87.1,2.58599751739e-07,6.88468371817e-05,3.31340826073e-08
87.15,2.56154910006e-07,6.87975991928e-05,3.28372331307e-08
87.2,2.53733118559e-07,6.87484657839e-05,3.2543051718e-08
87.25,2.51334160743e-07,6.86994363405e-05,3.22514975224e-08
87.3,2.48957821933e-07,6.86506482686e-05,3.19625610085e-08
87.35,2.46603889514e-07,6.86020519498e-05,3.16761813417e-08
87.4,2.44272152861e-07,6.85535585287e-05,3.13923738651e-08
87.45,2.41962403327e-07,6.85051673991e-05,3.11111192907e-08
87.5,2.39674434213e-07,6.84568779584e-05,3.08323537486e-08
87.55,2.37408040763e-07,6.84086896084e-05,3.05560899901e-08
87.6,2.35163020135e-07,6.83606017543e-05,3.02822713901e-08
87.65,2.32939171389e-07,6.83126138053e-05,3.00109713961e-08
87.7,2.30736295467e-07,6.82647251736e-05,2.97421098289e-08
87.75,2.28554195177e-07,6.82169352757e-05,2.94756493574e-08
87.8,2.26392675176e-07,6.81692435317e-05,2.92115812668e-08
87.85,2.24252662658e-07,6.81216493654e-05,2.89498499585e-08
87.9,2.2213282291e-07,6.80741522093e-05,2.8690469455e-08
87.95,2.20032966363e-07,6.80267514941e-05,2.84334221285e-08
88.0,2.17952905219e-07,6.79794466545e-05,2.81786496061e-08
88.05,2.15892453442e-07,6.7932237129e-05,2.79261635419e-08
88.1,2.13851426736e-07,6.78851223591e-05,2.76759121843e-08
88.15,2.11829642534e-07,6.78381017905e-05,2.74279626592e-08
88.2,2.09826919977e-07,6.77911748714e-05,2.71822416884e-08
88.25,2.07843079899e-07,6.77444033255e-05,2.69387151539e-08
88.3,2.05877944814e-07,6.7697931582e-05,2.66973750908e-08
88.35,2.03931338899e-07,6.76515519105e-05,2.6458170686e-08
88.4,2.02003087977e-07,6.76052637673e-05,2.6221114755e-08
88.45,2.00093019502e-07,6.7559066612e-05,2.59861911872e-08
88.5,1.98200962545e-07,6.75129599075e-05,2.57533466339e-08
88.55,1.96326747781e-07,6.74669431205e-05,2.55225917459e-08
88.6,1.94470207466e-07,6.7421015721e-05,2.5293879226e-08
88.65,1.92631175433e-07,6.73751771824e-05,2.36898984084e-08
88.7,1.90809487069e-07,6.73294381e-05,2.33244673093e-08
88.75,1.89004979303e-07,6.72837878813e-05,2.31154998316e-08
88.8,1.87217490595e-07,6.72382926733e-05,2.29084103271e-08
88.85,1.85447787696e-07,6.71930382133e-05,2.27031534039e-08
88.9,1.83694766854e-07,6.71478705703e-05,2.24997418134e-08
88.95,1.81958271302e-07,6.71027892331e-05,2.22981618617e-08
89.0,1.8023814574e-07,6.70577936937e-05,2.20983658129e-08
89.05,1.78534236323e-07,6.70128834478e-05,2.19003644138e-08
89.1,1.76846390646e-07,6.69680579941e-05,2.17041154419e-08
89.15,1.75174457734e-07,6.69233168347e-05,2.15096619735e-08
89.2,1.73518288022e-07,6.68786594743e-05,2.13169580538e-08
89.25,1.71877733349e-07,6.68340854212e-05,2.11259761592e-08
89.3,1.70252646942e-07,6.6789594187e-05,2.09367106029e-08
89.35,1.686428834e-07,6.67451852863e-05,2.07491198998e-08
89.4,1.67048298687e-07,6.67008582368e-05,2.05632157038e-08
89.45,1.65468750115e-07,6.66566125596e-05,2.03789854996e-08
89.5,1.63904096333e-07,6.66124477784e-05,2.019638566e-08
89.55,1.62354197315e-07,6.65683634205e-05,2.00154260066e-08
89.6,1.60818914344e-07,6.65243590158e-05,1.9836067951e-08
89.65,1.59298110006e-07,6.64804340977e-05,1.96583508622e-08
89.7,1.57791648174e-07,6.6436588202e-05,1.94822327404e-08
89.75,1.56299393995e-07,6.63928208676e-05,1.79312267727e-08
89.8,1.54821213881e-07,6.63491426046e-05,1.76174851364e-08
89.85,1.53357741905e-07,6.63055430225e-05,1.74596301714e-08
89.9,1.51908065308e-07,6.6262020435e-05,1.7303196326e-08
89.95,1.5047205445e-07,6.62185743955e-05,1.71481732094e-08
90.0,1.49049580905e-07,6.61752044603e-05,1.69945219874e-08
90.05,1.47640517449e-07,6.61319101887e-05,1.68422526658e-08
90.1,1.4624473805e-07,6.60888707245e-05,1.66913309978e-08
90.15,1.44862117856e-07,6.6045962793e-05,1.51679068446e-08
90.2,1.43492533186e-07,6.60031400869e-05,1.48792144333e-08
90.25,1.42135861515e-07,6.59603924092e-05,1.47459005777e-08
90.3,1.40791981466e-07,6.59177514002e-05,1.46137884993e-08
90.35,1.39460772802e-07,6.58753350192e-05,1.44828455653e-08
90.4,1.38142116409e-07,6.58330243897e-05,1.43530835115e-08
90.45,1.3683589429e-07,6.57907865834e-05,1.42244938688e-08
90.5,1.35541989554e-07,6.57486211746e-05,1.40970421641e-08
90.55,1.34260286403e-07,6.57065277406e-05,1.3970738552e-08
90.6,1.32990670128e-07,6.56645058612e-05,1.38455527345e-08
90.65,1.3173302709e-07,6.56225551191e-05,1.09684897185e-08
90.7,1.30487244718e-07,6.55806965675e-05,1.05640208931e-08
90.75,1.29253211494e-07,6.55389103465e-05,1.04693621737e-08
90.8,1.28030816947e-07,6.54971936245e-05,1.03755613244e-08
90.85,1.26820585429e-07,6.54555459999e-05,1.02825906154e-08
90.9,1.25621762126e-07,6.54139670764e-05,1.01904628491e-08
90.95,1.24434239831e-07,6.53724564577e-05,1.00991723439e-08
91.0,1.2325791234e-07,6.53310137497e-05,1.00086896352e-08
91.05,1.22092674444e-07,6.52896385613e-05,9.91902602718e-09
91.1,1.20938421922e-07,6.52483305037e-05,9.83015583639e-09
91.15,1.19795051524e-07,6.52070891908e-05,9.74207215076e-09
91.2,1.18662460971e-07,6.51659142388e-05,9.65478813603e-09
91.25,1.1754054894e-07,6.51248052664e-05,9.56827658048e-09
91.3,1.1642921506e-07,6.5083761895e-05,9.48254905904e-09
91.35,1.15328359896e-07,6.50427837481e-05,9.39758022883e-09
91.4,9.78300534773e-08,6.50018704518e-05,9.31338179015e-09
91.45,7.22809670397e-08,6.49609570646e-05,9.22994855056e-09
91.5,7.15974863924e-08,6.49200120194e-05,9.14725358129e-09
91.55,7.09204510016e-08,6.48791334851e-05,9.06530721376e-09
91.6,7.02498002732e-08,6.48383210614e-05,8.98408597496e-09
91.65,6.95854741807e-08,6.47975743511e-05,8.90358354774e-09
91.7,6.89274132601e-08,6.47568929596e-05,8.8238119647e-09
91.75,6.82755586045e-08,6.47162764951e-05,8.7447463562e-09
91.8,6.7629851859e-08,6.46757245684e-05,8.66639730092e-09
91.85,6.69905700029e-08,6.46353861364e-05,8.58874163721e-09
91.9,6.63573143202e-08,6.45951759574e-05,8.51179005835e-09
91.95,6.57300281806e-08,6.45550298736e-05,8.4355378188e-09
92.0,6.51086554842e-08,6.45149474998e-05,8.35996030739e-09
92.05,6.44931406565e-08,6.44749284535e-05,6.90626789893e-09
92.1,6.38834286435e-08,6.443498872e-05,6.69103229511e-09
92.15,6.32794649067e-08,6.43953138428e-05,6.63107172259e-09
92.2,6.26811954186e-08,6.43557017634e-05,6.57165865543e-09
92.25,6.20885666577e-08,6.43161514144e-05,6.51277141331e-09
92.3,6.15015256037e-08,6.42766624239e-05,5.07832896413e-09
92.35,6.09200197332e-08,6.42372448386e-05,4.87976653983e-09
92.4,6.03439970145e-08,6.41978888559e-05,3.4595404562e-09
92.45,5.97734059037e-08,6.41586033437e-05,3.27545297118e-09
92.5,5.92081953395e-08,6.41193785146e-05,3.24610958272e-09
92.55,5.86483147392e-08,6.40802128377e-05,3.21702584859e-09
92.6,5.80937139936e-08,6.40411059616e-05,3.18819950672e-09
92.65,5.75443434635e-08,6.40020575371e-05,3.15962831427e-09
92.7,5.70001539745e-08,6.39630672176e-05,1.75596276355e-09
92.75,5.64610968131e-08,6.39241450231e-05,1.58725665464e-09
92.8,5.5927123722e-08,6.38852812223e-05,1.57303150053e-09
92.85,5.5398463752e-08,6.38464743062e-05,1.5589322841e-09
92.9,5.48747871811e-08,6.38077239412e-05,1.54495790736e-09
92.95,5.43560471783e-08,6.37690297948e-05,1.54495790611e-10
93.0,5.38421973515e-08,6.37304018822e-05,0.0
93.05,5.33331917426e-08,6.36918305034e-05,0.0
93.1,5.28289848244e-08,6.36533141654e-05,0.0
93.15,5.23295314956e-08,6.36148525472e-05,0.0
93.2,5.18347870779e-08,6.35764453303e-05,0.0
93.25,5.1344707311e-08,6.35380921981e-05,0.0
93.3,5.08592483494e-08,6.34997928362e-05,0.0
93.35,5.03783667583e-08,6.34616300788e-05,0.0
93.4,4.99020195098e-08,6.3423647017e-05,0.0
93.45,4.9430163979e-08,6.33857174868e-05,0.0
93.5,4.89627579403e-08,6.33478411757e-05,0.0
93.55,4.84997595639e-08,6.33100177736e-05,0.0
93.6,4.80411274117e-08,6.32722469724e-05,0.0
93.65,4.75868204339e-08,6.32345284662e-05,0.0
93.7,4.71367979654e-08,6.3196861951e-05,0.0
93.75,4.6691019722e-08,6.31592471252e-05,0.0
93.8,4.62494457971e-08,6.3121683689e-05,0.0
93.85,4.58122656061e-08,6.30841713447e-05,0.0
93.9,4.53792064826e-08,6.30467097977e-05,0.0
93.95,4.49502296992e-08,6.30092987544e-05,0.0
94.0,4.45252968914e-08,6.29719379232e-05,0.0
94.05,4.41043700539e-08,6.29346270145e-05,0.0
94.1,4.36874115375e-08,6.28973657407e-05,0.0
94.15,4.32743840453e-08,6.28601538163e-05,0.0
94.2,4.28652506301e-08,6.28229909575e-05,0.0
94.25,4.24599746905e-08,6.27858768827e-05,0.0
94.3,4.20585199681e-08,6.27488113122e-05,0.0
94.35,4.1660850544e-08,6.27117939681e-05,0.0
94.4,2.48590993658e-08,6.26749161058e-05,0.0
94.45,0.0,6.2638113041e-05,0.0
94.5,0.0,6.26012652526e-05,0.0
94.55,0.0,6.25644674227e-05,0.0
94.6,0.0,6.25277192437e-05,0.0
94.65,0.0,6.24910204101e-05,0.0
94.7,0.0,6.2454370619e-05,0.0
94.75,0.0,6.24177695692e-05,0.0
94.8,0.0,6.23812169623e-05,0.0
94.85,0.0,6.23447534328e-05,0.0
94.9,0.0,6.23084810647e-05,0.0
94.95,0.0,6.22722784512e-05,0.0
95.0,0.0,6.22361237751e-05,0.0
95.05,0.0,6.22000167425e-05,0.0
95.1,0.0,6.21639570615e-05,0.0
95.15,0.0,6.21279444426e-05,0.0
95.2,0.0,6.20919785984e-05,0.0
95.25,0.0,6.20560592435e-05,0.0
95.3,0.0,6.20201860949e-05,0.0
95.35,0.0,6.19843588714e-05,0.0
95.4,0.0,6.19485772941e-05,0.0
95.45,0.0,6.19128410861e-05,0.0
95.5,0.0,6.18771499727e-05,0.0
95.55,0.0,6.1841503681e-05,0.0
95.6,0.0,6.18059019404e-05,0.0
95.65,0.0,6.17703444821e-05,0.0
95.7,0.0,6.17348310394e-05,0.0
95.75,0.0,6.16993613476e-05,0.0
95.8,0.0,6.1663935144e-05,0.0
95.85,0.0,6.16285521677e-05,0.0
95.9,0.0,6.159321216e-05,0.0
95.95,0.0,6.15579148638e-05,0.0
96.0,0.0,6.15226600242e-05,0.0
96.05,0.0,6.14874473881e-05,0.0
96.1,0.0,6.14522767043e-05,0.0
96.15,0.0,6.14171477234e-05,0.0
96.2,0.0,6.13820601979e-05,0.0
96.25,0.0,6.13470138822e-05,0.0
96.3,0.0,6.13120085323e-05,0.0
96.35,0.0,6.12770531894e-05,0.0
96.4,0.0,6.12422796843e-05,0.0
96.45,0.0,6.12075984548e-05,0.0
96.5,0.0,6.11729578913e-05,0.0
96.55,0.0,6.11383577529e-05,0.0
96.6,0.0,6.11037978002e-05,0.0
96.65,0.0,6.10692777957e-05,0.0
96.7,0.0,6.10347975036e-05,0.0
96.75,0.0,6.100035669e-05,0.0
96.8,0.0,6.09659551226e-05,0.0
96.85,0.0,6.09315925709e-05,0.0
96.9,0.0,6.0897268806e-05,0.0
96.95,0.0,6.08631368539e-05,0.0
97.0,0.0,6.08290490407e-05,0.0
97.05,0.0,6.07949994874e-05,0.0
97.1,0.0,6.07609879682e-05,0.0
97.15,0.0,6.07270142589e-05,0.0
97.2,0.0,6.06930781369e-05,0.0
97.25,0.0,6.06591793814e-05,0.0
97.3,0.0,6.06253177733e-05,0.0
97.35,0.0,6.05914930948e-05,0.0
97.4,0.0,6.05577051303e-05,0.0
97.45,0.0,6.05239536652e-05,0.0
97.5,0.0,6.04902384869e-05,0.0
97.55,0.0,6.04565593843e-05,0.0
97.6,0.0,6.04229161478e-05,0.0
97.65,0.0,6.03893085696e-05,0.0
97.7,0.0,6.0355736443e-05,0.0
97.75,0.0,6.03221995634e-05,0.0
97.8,0.0,6.02886977273e-05,0.0
97.85,0.0,6.02552307329e-05,0.0
97.9,0.0,6.02218953534e-05,0.0
97.95,0.0,6.01886964999e-05,0.0
98.0,0.0,6.01555325318e-05,0.0
98.05,0.0,6.01224032472e-05,0.0
98.1,0.0,6.00893084458e-05,0.0
98.15,0.0,6.00562479285e-05,0.0
98.2,0.0,6.00232214979e-05,0.0
98.25,0.0,5.99902289582e-05,0.0
98.3,0.0,5.99572701149e-05,0.0
98.35,0.0,5.99243447748e-05,0.0
98.4,0.0,5.98914527465e-05,0.0
98.45,0.0,5.98585938398e-05,0.0
98.5,0.0,5.98257678659e-05,0.0
98.55,0.0,5.97929746375e-05,0.0
98.6,0.0,5.97602139688e-05,0.0
98.65,0.0,5.97274856751e-05,0.0
98.7,0.0,5.96947895733e-05,0.0
98.75,0.0,5.96621254816e-05,0.0
98.8,0.0,5.96294932197e-05,0.0
98.85,0.0,5.95968926084e-05,0.0
98.9,0.0,5.95643234699e-05,0.0
98.95,0.0,5.95317856279e-05,0.0
99.0,0.0,5.94992789073e-05,0.0
99.05,0.0,5.94668031343e-05,0.0
99.1,0.0,5.94343581364e-05,0.0
99.15,0.0,5.94019437424e-05,0.0
99.2,0.0,5.93695597823e-05,0.0
99.25,0.0,5.93372060875e-05,0.0
99.3,0.0,5.93048824906e-05,0.0
99.35,0.0,5.92725888255e-05,0.0
99.4,0.0,5.92403727967e-05,0.0
99.45,0.0,5.92083224035e-05,0.0
99.5,0.0,5.91763137681e-05,0.0
99.55,0.0,5.9144335036e-05,0.0
99.6,0.0,5.91123860412e-05,0.0
99.65,0.0,5.90804666191e-05,0.0
99.7,0.0,5.90485766061e-05,0.0
99.75,0.0,5.90167955531e-05,0.0
99.8,0.0,5.89851031703e-05,0.0
99.85,0.0,5.89534398824e-05,0.0
99.9,0.0,5.89218055275e-05,0.0
99.95,0.0,5.88901999445e-05,0.0
100.0,0.0,5.88586229738e-05,0.0
