"time","AMPA","NMDA","GABAa"
0.0,0.0,0.0,0.0
0.05,0.0,0.0,0.0
0.1,0.0,0.0,0.0
0.15,0.0,0.0,0.0
0.2,0.0,0.0,0.0
0.25,0.0,0.0,0.0
0.3,0.0,0.0,0.0
0.35,0.0,0.0,0.0
0.4,0.0,0.0,0.0
0.45,0.0,0.0,0.0
0.5,0.0,0.0,0.0
0.55,0.0,0.0,0.0
0.6,0.0,0.0,0.0
0.65,0.0,0.0,0.0
0.7,0.0,0.0,0.0
0.75,0.0,0.0,0.0
0.8,0.0,0.0,0.0
0.85,0.0,0.0,0.0
0.9,0.0,0.0,0.0
0.95,0.0,0.0,0.0
1.0,0.0,0.0,0.0
1.05,0.0,0.0,0.0
1.1,0.0,0.0,0.0
1.15,0.0,0.0,0.0
1.2,0.0,0.0,0.0
1.25,0.0,0.0,0.0
1.3,0.0,0.0,0.0
1.35,0.0,0.0,0.0
1.4,0.0,0.0,0.0
1.45,0.0,0.0,0.0
1.5,0.0,0.0,0.0
1.55,0.0,0.0,0.0
1.6,0.0,0.0,0.0
1.65,0.0,0.0,0.0
1.7,0.0,0.0,0.0
1.75,0.0,0.0,0.0
1.8,0.0,0.0,0.0
1.85,0.0,0.0,0.0
1.9,0.0,0.0,0.0
1.95,0.0,0.0,0.0
2.0,0.0,0.0,0.0
2.05,0.0,0.0,0.0
2.1,0.0,0.0,0.0
2.15,0.0,0.0,0.0
2.2,0.0,0.0,0.0
2.25,0.0,0.0,0.0
2.3,0.0,0.0,0.0
2.35,0.0,0.0,0.0
2.4,0.0,0.0,0.0
2.45,0.0,0.0,0.0
2.5,0.0,0.0,0.0
2.55,0.0,0.0,0.0
2.6,0.0,0.0,0.0
2.65,0.0,0.0,0.0
2.7,0.0,0.0,0.0
2.75,0.0,0.0,0.0
2.8,0.0,0.0,0.0
2.85,0.0,0.0,0.0
2.9,0.0,0.0,0.0
2.95,0.0,0.0,0.0
3.0,0.0,0.0,0.0
3.05,0.0,0.0,0.0
3.1,0.0,0.0,0.0
3.15,0.0,0.0,0.0
3.2,0.0,0.0,0.0
3.25,0.0,0.0,0.0
3.3,0.0,0.0,0.0
3.35,0.0,0.0,0.0
3.4,0.0,0.0,0.0
3.45,0.0,0.0,0.0
3.5,0.0,0.0,0.0
3.55,0.0,0.0,0.0
3.6,0.0,0.0,0.0
3.65,0.0,0.0,0.0
3.7,0.0,0.0,0.0
3.75,0.0,0.0,0.0
3.8,0.0,0.0,0.0
3.85,0.0,0.0,0.0
3.9,0.0,0.0,0.0
3.95,0.0,0.0,0.0
4.0,0.0,0.0,0.0
4.05,0.0,0.0,0.0
4.1,0.0,0.0,0.0
4.15,0.0,0.0,0.0
4.2,0.0,0.0,0.0
4.25,0.0,0.0,0.0
4.3,0.0,0.0,0.0
4.35,0.0,0.0,0.0
4.4,0.0,0.0,0.0
4.45,0.0,0.0,0.0
4.5,0.0,0.0,0.0
4.55,0.0,0.0,0.0
4.6,0.0,0.0,0.0
4.65,0.0,0.0,0.0
4.7,0.0,0.0,0.0
4.75,0.0,0.0,0.0
4.8,0.0,0.0,0.0
4.85,0.0,0.0,0.0
4.9,0.0,0.0,0.0
4.95,0.0,0.0,0.0
5.0,0.0,0.0,0.0
5.05,0.0,0.0,0.0
5.1,0.0,0.0,0.0
5.15,0.0,0.0,0.0
5.2,0.0,0.0,0.0
5.25,0.0,0.0,0.0
5.3,0.0,0.0,0.0
5.35,0.0,0.0,0.0
5.4,0.0,0.0,0.0
5.45,0.0,0.0,0.0
5.5,0.0,0.0,0.0
5.55,0.0,0.0,0.0
5.6,0.0,0.0,0.0
5.65,0.0,0.0,0.0
5.7,0.0,0.0,0.0
5.75,0.0,0.0,0.0
5.8,0.0,0.0,0.0
5.85,0.0,0.0,0.0
5.9,0.0,0.0,0.0
5.95,0.0,0.0,0.0
6.0,0.0,0.0,0.0
6.05,0.0,0.0,0.0
6.1,0.0,0.0,0.0
6.15,0.0,0.0,0.0
6.2,0.0,0.0,0.0
6.25,0.0,0.0,0.0
6.3,0.0,0.0,0.0
6.35,0.0,0.0,0.0
6.4,0.0,0.0,0.0
6.45,0.0,0.0,0.0
6.5,0.0,0.0,0.0
6.55,0.0,0.0,0.0
6.6,0.0,0.0,0.0
6.65,0.0,0.0,0.0
6.7,0.0,0.0,0.0
6.75,0.0,0.0,0.0
6.8,0.0,0.0,0.0
6.85,0.0,0.0,0.0
6.9,0.0,0.0,0.0
6.95,0.0,0.0,0.0
7.0,0.0,0.0,0.0
7.05,0.0,0.0,0.0
7.1,0.0,0.0,0.0
7.15,0.0,0.0,0.0
7.2,0.0,0.0,0.0
7.25,0.0,0.0,0.0
7.3,0.0,0.0,0.0
7.35,0.0,0.0,0.0
7.4,0.0,0.0,0.0
7.45,0.0,0.0,0.0
7.5,0.0,0.0,0.0
7.55,0.0,0.0,0.0
7.6,0.0,0.0,0.0
7.65,0.0,0.0,0.0
7.7,0.0,0.0,0.0
7.75,0.0,0.0,0.0
7.8,0.0,0.0,0.0
7.85,0.0,0.0,0.0
7.9,0.0,0.0,0.0
7.95,0.0,0.0,0.0
8.0,0.0,0.0,0.0
8.05,0.0,0.0,0.0
8.1,0.0,0.0,0.0
8.15,0.0,0.0,0.0
8.2,0.0,0.0,0.0
8.25,0.0,0.0,0.0
8.3,0.0,0.0,0.0
8.35,0.0,0.0,0.0
8.4,0.0,0.0,0.0
8.45,0.0,0.0,0.0
8.5,0.0,0.0,0.0
8.55,0.0,0.0,0.0
8.6,0.0,0.0,0.0
8.65,0.0,0.0,0.0
8.7,0.0,0.0,0.0
8.75,0.0,0.0,0.0
8.8,0.0,0.0,0.0
8.85,0.0,0.0,0.0
8.9,0.0,0.0,0.0
8.95,0.0,0.0,0.0
9.0,0.0,0.0,0.0
9.05,0.0,0.0,0.0
9.1,0.0,0.0,0.0
9.15,0.0,0.0,0.0
9.2,0.0,0.0,0.0
9.25,0.0,0.0,0.0
9.3,0.0,0.0,0.0
9.35,0.0,0.0,0.0
9.4,0.0,0.0,0.0
9.45,0.0,0.0,0.0
9.5,0.0,0.0,0.0
9.55,0.0,0.0,0.0
9.6,0.0,0.0,0.0
9.65,0.0,0.0,0.0
9.7,0.0,0.0,0.0
9.75,0.0,0.0,0.0
9.8,0.0,0.0,0.0
9.85,0.0,0.0,0.0
9.9,0.0,0.0,0.0
9.95,0.0,0.0,0.0
10.0,0.0,0.0,0.0
10.05,0.0,0.0,0.0
10.1,0.0,0.0,0.0
10.15,0.0,0.0,0.0
10.2,0.0,0.0,0.0
10.25,0.0,0.0,0.0
10.3,0.0,0.0,0.0
10.35,0.0,0.0,0.0
10.4,0.0,0.0,0.0
10.45,0.0,0.0,0.0
10.5,0.0,0.0,0.0
10.55,0.0,0.0,0.0
10.6,0.0,0.0,0.0
10.65,0.0,0.0,0.0
10.7,0.0,0.0,0.0
10.75,0.0,0.0,0.0
10.8,0.0,0.0,0.0
10.85,0.0,0.0,0.0
10.9,0.0,0.0,0.0
10.95,0.0,0.0,0.0
11.0,0.0,0.0,0.0
11.05,0.0,0.0,0.0
11.1,0.0,0.0,0.0
11.15,0.0,0.0,0.0
11.2,0.0,0.0,0.0
11.25,0.0,0.0,0.0
11.3,0.0,0.0,0.0
11.35,0.0,0.0,0.0
11.4,0.0,0.0,0.0
11.45,0.0,0.0,0.0
11.5,0.0,0.0,0.0
11.55,0.0,0.0,0.0
11.6,0.0,0.0,0.0
11.65,0.0,0.0,0.0
11.7,0.0,0.0,0.0
11.75,0.0,0.0,0.0
11.8,0.0,0.0,0.0
11.85,0.0,0.0,0.0
11.9,0.0,0.0,0.0
11.95,0.0,0.0,0.0
12.0,0.0,0.0,0.0
12.05,0.0,0.0,0.0
12.1,0.0,0.0,0.0
12.15,0.0,0.0,0.0
12.2,0.0,0.0,0.0
12.25,0.0,0.0,0.0
12.3,0.0,0.0,0.0
12.35,0.0,0.0,0.0
12.4,0.0,0.0,0.0
12.45,0.0,0.0,0.0
12.5,0.0,0.0,0.0
12.55,0.0,0.0,0.0
12.6,0.0,0.0,0.0
12.65,0.0,0.0,0.0
12.7,0.0,0.0,0.0
12.75,0.0,0.0,0.0
12.8,0.0,0.0,0.0
12.85,0.0,0.0,0.0
12.9,0.0,0.0,0.0
12.95,0.0,0.0,0.0
13.0,0.0,0.0,0.0
13.05,0.0,0.0,0.0
13.1,0.0,0.0,0.0
13.15,0.0,0.0,0.0
13.2,0.0,0.0,0.0
13.25,0.0,0.0,0.0
13.3,0.0,0.0,0.0
13.35,0.0,0.0,0.0
13.4,0.0,0.0,0.0
13.45,0.0,0.0,0.0
13.5,0.0,0.0,0.0
13.55,0.0,0.0,0.0
13.6,0.0,0.0,0.0
13.65,0.0,0.0,0.0
13.7,0.0,0.0,0.0
13.75,0.0,0.0,0.0
13.8,0.0,0.0,0.0
13.85,0.0,0.0,0.0
13.9,0.0,0.0,0.0
13.95,0.0,0.0,0.0
14.0,0.0,0.0,0.0
14.05,0.0,0.0,0.0
14.1,0.0,0.0,0.0
14.15,0.0,0.0,0.0
14.2,0.0,0.0,0.0
14.25,0.0,0.0,0.0
14.3,0.0,0.0,0.0
14.35,0.0,0.0,0.0
14.4,0.0,0.0,0.0
14.45,0.0,0.0,0.0
14.5,0.0,0.0,0.0
14.55,0.0,0.0,0.0
14.6,0.0,0.0,0.0
14.65,0.0,0.0,0.0
14.7,0.0,0.0,0.0
14.75,0.0,0.0,0.0
14.8,0.0,0.0,0.0
14.85,0.0,0.0,0.0
14.9,0.0,0.0,0.0
14.95,0.0,0.0,0.0
15.0,0.0,0.0,0.0
15.05,0.0,0.0,0.0
15.1,0.0,0.0,0.0
15.15,0.0,0.0,0.0
15.2,0.0,0.0,0.0
15.25,0.0,0.0,0.0
15.3,0.0,0.0,0.0
15.35,0.0,0.0,0.0
15.4,0.0,0.0,0.0
15.45,0.0,0.0,0.0
15.5,0.0,0.0,0.0
15.55,0.0,0.0,0.0
15.6,0.0,0.0,0.0
15.65,0.0,0.0,0.0
15.7,0.0,0.0,0.0
15.75,0.0,0.0,0.0
15.8,0.0,0.0,0.0
15.85,0.0,0.0,0.0
15.9,0.0,0.0,0.0
15.95,0.0,0.0,0.0
16.0,0.0,0.0,0.0
16.05,0.0,0.0,0.0
16.1,0.0,0.0,0.0
16.15,0.0,0.0,0.0
16.2,0.0,0.0,0.0
16.25,0.0,0.0,0.0
16.3,0.0,0.0,0.0
16.35,0.0,0.0,0.0
16.4,0.0,0.0,0.0
16.45,0.0,0.0,0.0
16.5,0.0,0.0,0.0
16.55,0.0,0.0,0.0
16.6,0.0,0.0,0.0
16.65,0.0,0.0,0.0
16.7,0.0,0.0,0.0
16.75,0.0,0.0,0.0
16.8,0.0,0.0,0.0
16.85,0.0,0.0,0.0
16.9,0.0,0.0,0.0
16.95,0.0,0.0,0.0
17.0,0.0,0.0,0.0
17.05,0.0,0.0,0.0
17.1,0.0,0.0,0.0
17.15,0.0,0.0,0.0
17.2,0.0,0.0,0.0
17.25,0.0,0.0,0.0
17.3,0.0,0.0,0.0
17.35,0.0,0.0,0.0
17.4,0.0,0.0,0.0
17.45,0.0,0.0,0.0
17.5,0.0,0.0,0.0
17.55,0.0,0.0,0.0
17.6,0.0,0.0,0.0
17.65,0.0,0.0,0.0
17.7,0.0,0.0,0.0
17.75,0.0,0.0,0.0
17.8,0.0,0.0,0.0
17.85,0.0,0.0,0.0
17.9,0.0,0.0,0.0
17.95,0.0,0.0,0.0
18.0,0.0,0.0,0.0
18.05,0.0,0.0,0.0
18.1,0.0,0.0,0.0
18.15,0.0,0.0,0.0
18.2,0.0,0.0,0.0
18.25,0.0,0.0,0.0
18.3,0.0,0.0,0.0
18.35,0.0,0.0,0.0
18.4,0.0,0.0,0.0
18.45,0.0,0.0,0.0
18.5,0.0,0.0,0.0
18.55,0.0,0.0,0.0
18.6,0.0,0.0,0.0
18.65,0.0,0.0,0.0
18.7,0.0,0.0,0.0
18.75,0.0,0.0,0.0
18.8,0.0,0.0,0.0
18.85,0.0,0.0,0.0
18.9,0.0,0.0,0.0
18.95,0.0,0.0,0.0
19.0,0.0,0.0,0.0
19.05,0.0,0.0,0.0
19.1,0.0,0.0,0.0
19.15,0.0,0.0,0.0
19.2,0.0,0.0,0.0
19.25,0.0,0.0,0.0
19.3,0.0,0.0,0.0
19.35,0.0,0.0,0.0
19.4,0.0,0.0,0.0
19.45,0.0,0.0,0.0
19.5,0.0,0.0,0.0
19.55,0.0,0.0,0.0
19.6,0.0,0.0,0.0
19.65,0.0,0.0,0.0
19.7,0.0,0.0,0.0
19.75,0.0,0.0,0.0
19.8,0.0,0.0,0.0
19.85,0.0,0.0,0.0
19.9,0.0,0.0,0.0
19.95,0.0,0.0,0.0
20.0,0.0,0.0,0.0
20.05,0.0,0.0,0.0
20.1,0.0,0.0,0.0
20.15,0.0,0.0,0.0
20.2,0.0,0.0,0.0
20.25,0.0,0.0,0.0
20.3,0.0,0.0,0.0
20.35,0.0,0.0,0.0
20.4,0.0,0.0,0.0
20.45,0.0,0.0,0.0
20.5,0.0,0.0,0.0
20.55,0.0,0.0,0.0
20.6,0.0,0.0,0.0
20.65,0.0,0.0,0.0
20.7,0.0,0.0,0.0
20.75,0.0,0.0,0.0
20.8,0.0,0.0,0.0
20.85,0.0,0.0,0.0
20.9,0.0,0.0,0.0
20.95,0.0,0.0,0.0
21.0,0.0,0.0,0.0
21.05,0.0,0.0,0.0
21.1,0.0,0.0,0.0
21.15,0.0,0.0,0.0
21.2,0.0,0.0,0.0
21.25,0.0,0.0,0.0
21.3,0.0,0.0,0.0
21.35,0.0,0.0,0.0
21.4,0.0,0.0,0.0
21.45,0.0,0.0,0.0
21.5,0.0,0.0,0.0
21.55,0.0,0.0,0.0
21.6,0.0,0.0,0.0
21.65,0.0,0.0,0.0
21.7,0.0,0.0,0.0
21.75,0.0,0.0,0.0
21.8,0.0,0.0,0.0
21.85,0.0,0.0,0.0
21.9,0.0,0.0,0.0
21.95,0.0,0.0,0.0
22.0,0.0,0.0,0.0
22.05,0.0,0.0,0.0
22.1,0.0,0.0,0.0
22.15,0.0,0.0,0.0
22.2,0.0,0.0,0.0
22.25,0.0,0.0,0.0
22.3,0.0,0.0,0.0
22.35,0.0,0.0,0.0
22.4,0.0,0.0,0.0
22.45,0.0,0.0,0.0
22.5,0.0,0.0,0.0
22.55,0.0,0.0,0.0
22.6,0.0,0.0,0.0
22.65,0.0,0.0,0.0
22.7,0.0,0.0,0.0
22.75,0.0,0.0,0.0
22.8,0.0,0.0,0.0
22.85,0.0,0.0,0.0
22.9,0.0,0.0,0.0
22.95,0.0,0.0,0.0
23.0,0.0,0.0,0.0
23.05,0.0,0.0,0.0
23.1,0.0,0.0,0.0
23.15,0.0,0.0,0.0
23.2,0.0,0.0,0.0
23.25,0.0,0.0,0.0
23.3,0.0,0.0,0.0
23.35,0.0,0.0,0.0
23.4,0.0,0.0,0.0
23.45,0.0,0.0,0.0
23.5,0.0,0.0,0.0
23.55,0.0,0.0,0.0
23.6,0.0,0.0,0.0
23.65,0.0,0.0,0.0
23.7,0.0,0.0,0.0
23.75,0.0,0.0,0.0
23.8,0.0,0.0,0.0
23.85,0.0,0.0,0.0
23.9,0.0,0.0,0.0
23.95,0.0,0.0,0.0
24.0,0.0,0.0,0.0
24.05,0.0,0.0,0.0
24.1,0.0,0.0,0.0
24.15,0.0,0.0,0.0
24.2,0.0,0.0,0.0
24.25,0.0,0.0,0.0
24.3,0.0,0.0,0.0
24.35,0.0,0.0,0.0
24.4,0.0,0.0,0.0
24.45,0.0,0.0,0.0
24.5,0.0,0.0,0.0
24.55,0.0,0.0,0.0
24.6,0.0,0.0,0.0
24.65,0.0,0.0,0.0
24.7,0.0,0.0,0.0
24.75,0.0,0.0,0.0
24.8,0.0,0.0,0.0
24.85,0.0,0.0,0.0
24.9,0.0,0.0,0.0
24.95,0.0,0.0,0.0
25.0,0.0,0.0,0.0
25.05,0.0,0.0,0.0
25.1,0.0,0.0,0.0
25.15,0.0,0.0,0.0
25.2,0.0,0.0,0.0
25.25,0.0,0.0,0.0
25.3,0.0,0.0,0.0
25.35,0.0,0.0,0.0
25.4,0.0,0.0,0.0
25.45,0.0,0.0,0.0
25.5,0.0,0.0,0.0
25.55,0.0,0.0,0.0
25.6,0.0,0.0,0.0
25.65,0.0,0.0,0.0
25.7,0.0,0.0,0.0
25.75,0.0,0.0,0.0
25.8,0.0,0.0,0.0
25.85,0.0,0.0,0.0
25.9,0.0,0.0,0.0
25.95,0.0,0.0,0.0
26.0,0.0,0.0,0.0
26.05,0.0,0.0,0.0
26.1,0.0,0.0,0.0
26.15,0.0,0.0,0.0
26.2,0.0,0.0,0.0
26.25,0.0,0.0,0.0
26.3,0.0,0.0,0.0
26.35,0.0,0.0,0.0
26.4,0.0,0.0,0.0
26.45,0.0,0.0,0.0
26.5,0.0,0.0,0.0
26.55,0.0,0.0,0.0
26.6,0.0,0.0,0.0
26.65,0.0,0.0,0.0
26.7,0.0,0.0,0.0
26.75,0.0,0.0,0.0
26.8,0.0,0.0,5.70432590052e-18
26.85,0.0,0.0,7.70856400237e-06
26.9,0.0,0.0,2.90753863109e-05
26.95,0.0,0.0,5.3275481682e-05
27.0,0.0,0.0,7.19538039069e-05
27.05,0.0,0.0,8.63702498894e-05
27.1,0.0,0.0,9.74972505979e-05
27.15,0.0,0.0,0.000113793924318
27.2,0.0,0.0,0.000126372139297
27.25,0.0,0.0,0.00013608033712
27.3,0.0,0.0,0.00014357337251
27.35,0.0,0.0,0.000157065227522
27.4,0.0,0.0,0.000175187134188
27.45,0.0,0.0,0.000189174111747
27.5,0.0,0.0,0.000199969647863
27.55,0.0,0.0,0.000208301932784
27.6,0.0,0.0,0.00021473300774
27.65,0.0,0.0,0.000219696654688
27.7,0.0,0.0,0.000223527723724
27.75,0.0,0.0,0.000226484637331
27.8,0.0,0.0,0.000228710642377
27.85,0.0,0.0,0.000237724513215
27.9,0.0,0.0,0.000243958907552
27.95,0.0,0.0,0.000248273426733
28.0,0.0,0.0,0.000251342333034
28.05,0.0,0.0,0.000253452149276
28.1,0.0,0.0,0.000254767791498
28.15,0.0,0.0,0.000255228618096
28.2,0.0,0.0,0.000255266387349
28.25,0.0,0.0,0.000254980444493
28.3,0.0,0.0,0.000254391231054
28.35,0.0,0.0,0.00025327066314
28.4,0.0,0.0,0.000251733454937
28.45,0.0,0.0,0.000257820819874
28.5,0.0,0.0,0.000262088099442
28.55,0.0,0.0,0.00026495439586
28.6,0.0,0.0,0.000266743153366
28.65,0.0,0.0,0.00026770428757
28.7,0.0,0.0,0.000268030115114
28.75,0.0,0.0,0.000267869278692
28.8,0.0,0.0,0.000267280261709
28.85,0.0,0.0,0.000266120843177
28.9,0.0,0.0,0.000264759621441
28.95,0.0,0.0,0.000263246358795
29.0,0.0,0.0,0.000261619649526
29.05,0.0,0.0,0.000259909439382
29.1,0.0,0.0,0.000258138806127
29.15,0.0,0.0,0.000256325804208
29.2,0.0,0.0,0.00025448383692
29.25,0.0,0.0,0.000252623433267
29.3,0.0,0.0,0.000250752685677
29.35,0.0,0.0,0.000248878640523
29.4,0.0,0.0,0.000246949780743
29.45,0.0,0.0,0.000244737906593
29.5,0.0,0.0,0.00024254560001
29.55,0.0,0.0,0.000240372690583
29.6,0.0,0.0,0.000238219009353
29.65,0.0,0.0,0.000236084642276
29.7,0.0,0.0,0.000233969164747
29.75,0.0,0.0,0.000231872412174
29.8,0.0,0.0,0.000229794221368
29.85,0.0,0.0,0.000227735193007
29.9,0.0,0.0,0.000225695105817
29.95,0.0,0.0,0.000223673605053
30.0,0.0,0.0,0.000221669987699
30.05,0.0,0.0,0.000219684098011
30.1,0.0,0.0,0.000217715781572
30.15,0.0,0.0,0.000215765116939
30.2,0.0,0.0,0.000213831716054
30.25,0.0,0.0,0.00021191542849
30.3,0.0,0.0,0.000210016105103
30.35,0.0,0.0,0.000208134294873
30.4,0.0,0.0,0.00020626979557
30.45,0.0,0.0,0.00020442228298
30.5,0.0,0.0,0.000202591114597
30.55,0.0,0.0,0.000200776148081
30.6,0.0,0.0,0.000198977242304
30.65,0.0,0.0,0.000197194469064
30.7,0.0,0.0,0.000195427473702
30.75,0.0,0.0,0.000193676118737
30.8,0.0,0.0,0.000191940267863
30.85,0.0,0.0,0.000190220422808
30.9,0.0,0.0,0.000188516398751
30.95,0.0,0.0,0.00018682789938
31.0,0.0,0.0,0.000185154337489
31.05,0.0,0.0,0.00018349558299
31.1,0.0,0.0,0.000181851506901
31.15,0.0,0.0,0.000180222174841
31.2,0.0,0.0,0.000178607262675
31.25,0.0,0.0,0.000177006644756
31.3,0.0,0.0,0.000175420196509
31.35,0.0,0.0,0.00017384837648
31.4,0.0,0.0,0.000172291015753
31.45,0.0,0.0,0.000170747843522
31.5,0.0,0.0,0.00016921832312
31.55,0.0,0.0,0.000167702335654
31.6,0.0,0.0,0.000166199763246
31.65,0.0,0.0,0.000164710665865
31.7,0.0,0.0,0.000163234747275
31.75,0.0,0.0,0.000161771892643
31.8,0.0,0.0,0.000160321988116
31.85,0.0,0.0,0.000158885452774
31.9,0.0,0.0,0.000157462132239
31.95,0.0,0.0,0.000156051779012
32.0,0.0,0.0,0.000154653902618
32.05,0.0,0.0,0.000153268394397
32.1,0.0,0.0,0.000151895146615
32.15,0.0,0.0,0.00015053421408
32.2,0.0,0.0,0.000149185326054
32.25,0.0,0.0,0.000147848377587
32.3,0.0,0.0,0.000146523264624
32.35,0.0,0.0,0.000145210370176
32.4,0.0,0.0,0.000143909553152
32.45,0.0,0.0,0.000142620587356
32.5,0.0,0.0,0.000141343024527
32.55,0.0,0.0,0.000140076765356
32.6,0.0,0.0,0.000138821711383
32.65,0.0,0.0,0.000137577912698
32.7,0.0,0.0,0.000136345121866
32.75,0.0,0.0,0.000135123242968
32.8,0.0,0.0,0.000133912180908
32.85,0.0,0.0,0.000132712285729
32.9,0.0,0.0,0.000131523428484
32.95,0.0,0.0,0.000130345402447
33.0,0.0,0.0,0.000129177797936
33.05,0.0,0.0,0.00012802052419
33.1,0.0,0.0,0.000126873491225
33.15,0.0,0.0,0.00012573674482
33.2,0.0,0.0,0.000124610058833
33.25,0.0,0.0,0.000123493345604
33.3,0.0,0.0,0.000122386518219
33.35,0.0,0.0,0.000121289896596
33.4,0.0,0.0,0.000120203362886
33.45,0.0,0.0,0.000119126728153
33.5,0.0,0.0,0.000118059617978
33.55,0.0,0.0,0.000117001949412
33.6,0.0,0.0,0.000115953640215
33.65,0.0,0.0,0.000114914732225
33.7,0.0,0.0,0.000113885018766
33.75,0.0,0.0,0.000112864419721
33.8,2.15993889441e-16,4.14148081071e-17,0.000111852855657
33.85,7.98808329398e-05,9.60387318321e-07,0.000110850618957
33.9,0.000154795669012,1.93572275113e-06,0.000109857601916
33.95,0.000225014975925,2.93937620558e-06,0.000108873631858
34.0,0.000290858642113,3.98670912572e-06,0.000107898366591
34.05,0.000352584904326,5.09838563523e-06,0.000106931730306
34.1,0.000410455746042,6.2798876658e-06,0.000105973647838
34.15,0.000464716135727,7.55360434189e-06,0.000105024157428
34.2,0.000515579515886,8.9309287149e-06,0.000104083070185
34.25,0.000563276984045,1.0422384198e-05,0.00010315031289
34.3,0.000607981383207,1.20487123399e-05,0.000102225812947
34.35,0.000649906537145,1.38143709035e-05,0.000101309837572
34.4,0.000689200848768,1.5739972817e-05,0.00010040228833
34.45,0.000726049451571,1.78384516783e-05,9.9503007409e-05
34.5,0.000760591125661,2.01167248907e-05,9.86116820676e-05
34.55,0.000792977848746,2.25982572517e-05,9.77282430213e-05
34.6,0.000823341679847,2.52861145141e-05,9.68526215764e-05
34.65,0.000851806773347,2.81994210451e-05,9.598485268e-05
34.7,0.000878498043473,3.1352371916e-05,9.5124763701e-05
34.75,0.000903516346367,3.47466102667e-05,9.42722877208e-05
34.8,0.000903516346367,3.65550307986e-05,9.34273583919e-05
34.85,0.000894975715403,3.8376592478e-05,9.25902199317e-05
34.9,0.000886515592469,4.01985748266e-05,9.17607823773e-05
34.95,0.000878135221,4.20167968971e-05,9.09389014993e-05
35.0,0.000869833851517,4.38293645136e-05,9.01242914737e-05
35.05,0.000861610741559,4.5631450822e-05,8.93168889789e-05
35.1,0.00085346515562,4.74202949772e-05,8.85166312339e-05
35.15,0.000845396365081,4.91934195195e-05,8.77235501779e-05
35.2,0.00083740364815,5.09482556176e-05,8.69374880379e-05
35.25,0.000829486289792,5.26821503156e-05,8.61583836549e-05
35.3,0.000821643581674,5.43923731265e-05,8.53861763919e-05
35.35,0.000813874822093,5.60786647389e-05,8.46210894467e-05
35.4,0.000806179315925,5.77371462455e-05,8.38630405995e-05
35.45,0.000798556374553,5.93684741974e-05,8.31118980345e-05
35.5,0.000791005315814,6.09693879135e-05,8.23674005283e-05
35.55,0.000783525463936,6.25391952739e-05,8.16294902092e-05
35.6,0.000776116149476,6.4077185994e-05,8.08981096999e-05
35.65,0.000768776709266,6.55826341171e-05,8.01732881903e-05
35.7,0.000761506486349,6.70547997816e-05,7.9454881487e-05
35.75,0.000754304829926,6.84929335798e-05,7.87428336948e-05
35.8,0.000747171095295,6.98962785827e-05,7.80370893956e-05
35.85,0.00074010834251,7.12640732839e-05,7.73378525769e-05
35.9,0.000733112166575,7.25978763557e-05,7.66450480955e-05
35.95,0.000726181941843,7.3895919669e-05,7.59585554808e-05
36.0,0.000719317048525,7.51586611195e-05,7.52781359925e-05
36.05,0.000712516872636,7.63861420944e-05,7.460373674e-05
36.1,0.000705780805942,7.75789864099e-05,7.39353052842e-05
36.15,0.000699108245907,7.87359275127e-05,7.32728683028e-05
36.2,0.000692498595635,7.98590031921e-05,7.2616294013e-05
36.25,0.000685951263825,8.09480039067e-05,7.19655313303e-05
36.3,0.000679465664711,8.20026505827e-05,7.13205296065e-05
36.35,0.000673041218017,8.30237421108e-05,7.0681475272e-05
36.4,0.0006666773489,8.40117577812e-05,7.00482996511e-05
36.45,0.000660373487905,8.49671739354e-05,6.94208926421e-05
36.5,0.00065412907091,8.58905277912e-05,6.87990360526e-05
36.55,0.000647943539079,8.67823383762e-05,6.81826815445e-05
36.6,0.00064181633881,8.76431052168e-05,6.75717811918e-05
36.65,0.00063574692169,8.84733093041e-05,6.69663593762e-05
36.7,0.000629734744443,8.92734129617e-05,6.63662956573e-05
36.75,0.000623779268885,9.00438628511e-05,6.57715433474e-05
36.8,0.000617879961873,9.0785935998e-05,6.51820561574e-05
36.85,0.000612039353946,9.15006172846e-05,6.4598004472e-05
36.9,0.000606253802355,9.21871858224e-05,6.40193255264e-05
36.95,0.000600522789712,9.28460171572e-05,6.3445918695e-05
37.0,0.000594845803479,9.34803815345e-05,6.28775845651e-05
37.05,0.000589222335915,9.40881228765e-05,6.23142789589e-05
37.1,0.000583651884036,9.46705267449e-05,6.17559580755e-05
37.15,0.000578133949568,9.52294964687e-05,6.1202644198e-05
37.2,0.000572668038903,9.57630784975e-05,6.06542272521e-05
37.25,0.00056725366306,9.62754186364e-05,6.01106645686e-05
37.3,0.000561890337634,9.67630891167e-05,5.95719138423e-05
37.35,0.000556577582759,9.72307828621e-05,5.90381307933e-05
37.4,0.000551314923066,9.76752381464e-05,5.85092580586e-05
37.45,0.000546101887637,9.81001103001e-05,5.79852036735e-05
37.5,0.000540938009967,9.85038423424e-05,5.74657853886e-05
37.55,0.000535822827921,9.88875826175e-05,5.69509628282e-05
37.6,0.000530755883693,9.92529114367e-05,5.64406959615e-05
37.65,0.000525736723768,9.95983295192e-05,5.59350051536e-05
37.7,0.000520764898879,9.99261625836e-05,5.54337898043e-05
37.75,0.000515839963969,0.000100236503239,5.49370109166e-05
37.8,0.000510961478152,0.000100528729188,5.44446298268e-05
37.85,0.000586012367019,0.000106395265427,5.39567888521e-05
37.9,0.000656142788357,0.000112643554808,5.34734355668e-05
37.95,0.000721622782019,0.000119269882816,5.29944859215e-05
38.0,0.000782771812588,0.000126289734951,5.25197733527e-05
38.05,0.000839847696935,0.000133751698981,5.20492609599e-05
38.1,0.000893112002589,0.000141620790517,5.15829121576e-05
38.15,0.000942809285965,0.00014995536329,5.11207455582e-05
38.2,0.000989152581375,0.000158753922033,5.06626692199e-05
38.25,0.00103237258198,0.000168007528404,5.02086475023e-05
38.3,0.00107264173019,0.000177762943953,4.97586450693e-05
38.35,0.00111017345296,0.000187976390259,4.9312791989e-05
38.4,0.00114511576008,0.000198692570633,4.88710403481e-05
38.45,0.00117765339562,0.000209914856549,4.84333133311e-05
38.5,0.0012079247539,0.000221615572689,4.79994587104e-05
38.55,0.00123608143047,0.000233849332321,4.75694427616e-05
38.6,0.00126225510576,0.000246580894862,4.7143232048e-05
38.65,0.00128656955912,0.000259850201121,4.672084358e-05
38.7,0.00130914933324,0.000273690425249,4.63021933291e-05
38.75,0.00133009491622,0.000288083532043,4.58872487226e-05
38.8,0.00132606060782,0.000295547219483,4.54759774656e-05
38.85,0.00131352581049,0.000303045478141,4.50684984316e-05
38.9,0.00130110917209,0.000310636712541,4.46647678308e-05
38.95,0.00128880958224,0.00031842979013,4.42647154593e-05
39.0,0.00127662594095,0.000326569981937,4.38682021916e-05
39.05,0.00126455715854,0.000335246948783,4.34751972058e-05
39.1,0.00125260215553,0.000344727652785,4.30856699431e-05
39.15,0.00124075986255,0.000355404106583,4.26996359499e-05
39.2,0.00122902922025,0.000367866731341,4.231701843e-05
39.25,0.00121740917919,0.000383079506446,4.19377876139e-05
39.3,0.00120589869979,0.000402717725906,4.15619139865e-05
39.35,0.00119449675217,0.000429955478702,4.118950619e-05
39.4,0.00118320231613,0.000471428484316,4.08205242035e-05
39.45,0.00117201438101,0.000542223467817,4.04549038654e-05
39.5,0.00116093194561,0.000672960161124,4.00925180247e-05
39.55,0.00114995401813,0.000853531761444,3.97333385122e-05
39.6,0.00113907961605,0.000936996526281,3.93773373993e-05
39.65,0.00112830776606,0.00095248707334,3.90245288944e-05
39.7,0.00111763750396,0.000955203305214,3.86748428108e-05
39.75,0.00110706787461,0.000955267199892,3.83282519416e-05
39.8,0.0010965979318,0.000954401984731,3.79847293119e-05
39.85,0.00108623216665,0.000952877161234,3.76443742129e-05
39.9,0.00107596411412,0.000950592455466,3.73071500687e-05
39.95,0.00106579285594,0.00094727221736,3.69729982398e-05
40.0,0.0010557174825,0.00094247674178,3.66418025188e-05
40.05,0.00104573709265,0.000935551012404,3.63135371612e-05
40.1,0.00103585079371,0.000925565180797,3.59881766422e-05
40.15,0.00102605770136,0.000911260960377,3.56657339471e-05
40.2,0.00101635693957,0.00089106830788,3.53461449303e-05
40.25,0.00100674764048,0.000863271596511,3.50293847264e-05
40.3,0.000997228944402,0.000826396128411,3.47154286822e-05
40.35,0.000987799999677,0.000779898460798,3.44043675432e-05
40.4,0.000978459962629,0.000725001903979,3.40961678813e-05
40.45,0.000969207997486,0.000664431887982,3.37907761043e-05
40.5,0.000960043276306,0.000600156668759,3.34880860065e-05
40.55,0.000950964978904,0.000532342576126,3.31880740592e-05
40.6,0.000941972292778,0.000460996990153,3.28907169343e-05
40.65,0.000933064413039,0.000388315156519,3.25960264998e-05
40.7,0.000924240542341,0.000319686311216,3.23039441309e-05
40.75,0.000915499890807,0.000261374926033,3.20144471023e-05
40.8,0.000906841675963,0.000216438276716,3.17275128827e-05
40.85,0.000898269611796,0.000183864422425,3.14432244073e-05
40.9,0.000889778351963,0.000160847949037,3.1161551125e-05
40.95,0.000881367137115,0.00014468172993,3.08824440562e-05
41.0,0.000873035215014,0.000133344519887,3.06058061364e-05
41.05,0.000864781840467,0.000125441388148,3.03316158618e-05
41.1,0.000856606275261,0.000120032779588,3.00598519122e-05
41.15,0.000848507788095,0.000116470369582,2.97905251341e-05
41.2,0.00084048565452,0.000114310245282,2.95235819485e-05
41.25,0.000832539156871,0.000113232539478,2.9259001586e-05
41.3,0.000824667584206,0.000113007048894,2.89967634546e-05
41.35,0.000816870232242,0.000113462466418,2.87369433513e-05
41.4,0.000809146403294,0.000114471002535,2.84795133546e-05
41.45,0.000801495406212,0.000115930944395,2.82244287004e-05
41.5,0.000793916556322,0.000117762902421,2.79716006784e-05
41.55,0.000786409175365,0.000119908280127,2.77210096357e-05
41.6,0.000778972591434,0.000122310528071,2.74726360872e-05
41.65,0.000771606138921,0.000124929012585,2.72264899457e-05
41.7,0.00076430915845,0.000127730213749,2.69825222436e-05
41.75,0.000757080996827,0.000130681973288,2.67407139994e-05
41.8,0.000749921006978,0.0001337586573,2.65010463931e-05
41.85,0.000742832260218,0.000136938123201,2.62635886981e-05
41.9,0.000735810335341,0.000140201061804,2.60283153961e-05
41.95,0.000728854604394,0.000143530637811,2.57951855758e-05
42.0,0.00072196444531,0.000146912226645,2.55641181619e-05
42.05,0.000715139241842,0.000150331783342,2.53350951933e-05
42.1,0.00070837838352,0.000153777472883,2.51080988617e-05
42.15,0.000701681265587,0.0001572387476,2.48831382268e-05
42.2,0.000695047288954,0.00016070616726,2.46601685357e-05
42.25,0.00068847586014,0.00016417237912,2.44391724404e-05
42.3,0.000681966391226,0.000167629290562,2.4220132741e-05
42.35,0.000675518299799,0.000171069965013,2.40031127483e-05
42.4,0.000669131008901,0.000174488288202,2.37880891406e-05
42.45,0.000662803946981,0.000177878582958,2.35750245275e-05
42.5,0.00065653654784,0.000181236641072,2.33638448122e-05
42.55,0.000650328250585,0.000184560696153,2.3154533579e-05
42.6,0.000644178499578,0.000187843058889,2.29470745526e-05
42.65,0.000638086744387,0.000191082401977,2.27414760129e-05
42.7,0.000632052439737,0.000194277197447,2.25376970589e-05
42.75,0.000626075045461,0.000197421626088,2.23357218355e-05
42.8,0.000620154026457,0.000200518448898,2.21355346234e-05
42.85,0.000614291922575,0.000203561440752,2.19371932843e-05
42.9,0.00060848507766,0.000206552088955,2.17406765036e-05
42.95,0.000602732972421,0.000209489102597,2.15459501093e-05
43.0,0.000597035092431,0.000212369158167,2.13529463817e-05
43.05,0.000591390928083,0.000215195235578,2.11616503182e-05
43.1,0.00058579997454,0.000217966154488,2.09720470444e-05
43.15,0.000580261731694,0.000220680290009,2.07841441273e-05
43.2,0.000574775704123,0.000223338203554,2.05979041863e-05
43.25,0.000569341401042,0.000225940594168,2.0413312731e-05
43.3,0.000563958336267,0.000228489403669,2.0230355395e-05
43.35,0.000558626028165,0.000230984928362,2.00490850598e-05
43.4,0.000553343999616,0.000233427647782,1.98694822455e-05
43.45,0.000548111777969,0.00023581842438,1.96915157211e-05
43.5,0.000542928895004,0.000238158579711,1.95151235956e-05
43.55,0.000537794886883,0.000240449548758,1.93402921576e-05
43.6,0.000532709294116,0.000242692875863,1.91670078128e-05
43.65,0.000527671661519,0.000244890213304,1.89952774771e-05
43.7,0.000522681538171,0.000247043794473,1.88250669871e-05
43.75,0.000517738477378,0.00024915637057,1.86563630996e-05
43.8,0.00051284203663,0.000251228879472,1.84891526846e-05
43.85,0.000507994316281,0.00025326338105,1.83234840723e-05
43.9,0.000503192292839,0.000255262139698,1.81593394594e-05
43.95,0.000498435536872,0.000257227709094,1.79966903028e-05
44.0,0.000493723622971,0.000259162684763,1.78354800385e-05
44.05,0.000489056129709,0.000261071961624,1.76756961351e-05
44.1,0.00048443263961,0.000262955513724,1.75173261685e-05
44.15,0.000479852739102,0.00026481613658,1.73603764592e-05
44.2,0.000475316018493,0.000266656790355,1.72048157843e-05
44.25,0.000470822071924,0.000268484681704,1.70506320405e-05
44.3,0.000466370497339,0.000270299064708,1.68978132277e-05
44.35,0.000461960896449,0.000272103546153,1.67464035165e-05
44.4,0.000457592874695,0.00027390350172,1.65963866358e-05
44.45,0.000453266041214,0.000275703976144,1.64477364994e-05
44.5,0.000448980008805,0.000277506717618,1.63004014114e-05
44.55,0.000444734393896,0.000279316440905,1.61543699193e-05
44.6,0.000440528816506,0.000281142037405,1.60096306679e-05
44.65,0.000436362900216,0.000282985636579,1.58661894341e-05
44.7,0.000432236272134,0.000284853071811,1.57240176821e-05
44.75,0.000428148562862,0.00028675227616,1.55831043504e-05
44.8,0.000424099406461,0.000288692303438,1.54434384717e-05
44.85,0.00042009053984,0.000290679090552,1.53050604149e-05
44.9,0.000416119462693,0.000292722783837,1.51679553093e-05
44.95,0.000412185819898,0.000294834246469,1.50320993139e-05
45.0,0.000408289259659,0.000297028268354,1.48974451824e-05
45.05,0.000404429433474,0.000299317426801,1.47639824476e-05
45.1,0.000400605996105,0.000301718942939,1.46317007321e-05
45.15,0.000396818605549,0.000304253450646,1.45006053153e-05
45.2,0.000393066923003,0.000306945657422,1.43706701174e-05
45.25,0.00038935061284,0.000309825496692,1.42418850291e-05
45.3,0.000385669342577,0.000312929696935,1.41142400271e-05
45.35,0.000382022782843,0.000316303962902,1.39877720056e-05
45.4,0.000378410607356,0.000320009671167,1.3862467374e-05
45.45,0.000374832492888,0.000324120166735,1.37383043431e-05
45.5,0.000371288119239,0.00032873688674,1.3615239733e-05
45.55,0.000367777169211,0.000333994507028,1.34932639777e-05
45.6,0.000364299328575,0.000340082829797,1.33723675926e-05
45.65,0.000360854286048,0.000347270918549,1.32525554029e-05
45.7,0.000357441733263,0.000355962201326,1.31338035736e-05
45.75,0.000354061364743,0.000366782669878,1.30161028652e-05
45.8,0.000350712877873,0.000380760534543,1.28994441171e-05
45.85,0.000347397709004,0.000399705768422,1.27838610484e-05
45.9,0.000344113790486,0.000427051819535,1.26693412379e-05
45.95,0.000340860828647,0.000469928449416,1.25558647719e-05
46.0,0.000337638532566,0.000543948717049,1.2443392187e-05
46.05,0.000334446614047,0.000675650017466,1.23319147403e-05
46.1,0.000331284787592,0.000833599722807,1.22214237638e-05
46.15,0.000328152770377,0.000898731050276,1.21119236673e-05
46.2,0.000325050282228,0.00091186534055,1.20033926671e-05
46.25,0.000321977045594,0.000914420126075,1.18958223192e-05
46.3,0.000318932785526,0.000914431983237,1.17892042513e-05
46.35,0.000315917229647,0.000913399981093,1.16835692803e-05
46.4,0.000312930108134,0.000911549363518,1.15789060541e-05
46.45,0.000309971153693,0.000908726308789,1.14751963731e-05
46.5,0.00030704010153,0.000904564074146,1.13724041702e-05
46.55,0.000304136689335,0.000898475570275,1.12705214553e-05
46.6,0.000301260657254,0.000889595519893,1.11695403062e-05
46.65,0.00029841174787,0.000876720194137,1.10694647531e-05
46.7,0.000295589706175,0.000858302201145,1.09702748875e-05
46.75,0.000292794279551,0.000832573067146,1.08719629919e-05
46.8,0.000290025217749,0.00079790451618,1.07745214148e-05
46.85,0.000287283708572,0.000753468378393,1.06779783206e-05
46.9,0.000284568042158,0.000700143771252,1.05823233342e-05
46.95,0.000281877975653,0.000640557465795,1.04875398225e-05
47.0,0.000279213268477,0.000576901548628,1.03935948227e-05
47.05,0.000276573682303,0.000509533840897,1.03004810322e-05
47.1,0.000273958981036,0.000438498861323,1.02081912109e-05
47.15,0.000271368930792,0.000366038035042,1.01167290422e-05
47.2,0.000268803299879,0.000297722623006,1.00260763307e-05
47.25,0.000266261858774,0.000239955596344,9.93622602345e-06
47.3,0.000263744380104,0.00019564948176,9.84717112737e-06
47.35,0.000261250638627,0.000163545352636,9.75893738281e-06
47.4,0.000258780411208,0.00014070116374,9.67151530776e-06
47.45,0.000256333476805,0.000124398118541,9.58488970054e-06
47.5,0.000253909616447,0.000112647042904,9.49903043551e-06
47.55,0.000251508613213,0.00010408505219,9.41393083866e-06
47.6,0.000249130252214,9.78031531461e-05,9.32958429289e-06
47.65,0.000246774320577,9.31789822725e-05,9.24599416457e-06
47.7,0.000244440607421,8.97840803477e-05,9.16314382456e-06
47.75,0.000242128903841,8.73164314827e-05,9.08102682673e-06
47.8,0.000239839002891,8.55561922782e-05,8.99963678001e-06
47.85,0.000237571886837,8.43448584138e-05,8.91899720926e-06
47.9,0.000235326141691,8.35656289061e-05,8.83909944859e-06
47.95,0.000233101566624,8.31251109544e-05,8.75992960471e-06
48.0,0.000230897962685,8.29570050359e-05,8.68146014486e-06
48.05,0.000228715132789,8.30055200214e-05,8.60368496944e-06
48.1,0.000226552881693,8.32289756412e-05,8.52659803089e-06
48.15,0.000224411015987,8.35952335394e-05,8.45020240583e-06
48.2,0.000222289344069,8.40737610776e-05,8.37448289639e-06
48.25,0.000220187676134,8.46472197026e-05,8.29943361124e-06
48.3,0.000218105824154,8.52938021489e-05,8.22504870936e-06
48.35,0.000216043601861,8.6001375261e-05,8.15134969089e-06
48.4,0.000214000824734,8.67582315174e-05,8.07832863578e-06
48.45,0.000211977309979,8.75530403657e-05,8.00597284652e-06
48.5,0.000209972876517,8.83779143361e-05,7.93425716007e-06
48.55,0.000207987344962,8.9226669259e-05,7.86317600182e-06
48.6,0.00020602053761,9.00947470449e-05,7.7927238447e-06
48.65,0.000204072278424,9.09757648206e-05,7.72290350054e-06
48.7,0.000202142393013,9.18657771977e-05,7.65370107953e-06
48.75,0.000200230708623,9.27614436097e-05,7.5851111974e-06
48.8,0.000198337054117,9.36599274751e-05,7.51712851586e-06
48.85,0.000196462241788,9.45607608849e-05,7.44977268456e-06
48.9,0.000194605102327,9.54604615514e-05,7.38303646511e-06
48.95,0.000192765469656,9.63568918789e-05,7.31690825287e-06
49.0,0.000190943179251,9.7248541686e-05,7.25136505055e-06
49.05,0.000189138068131,9.81341839427e-05,7.18640176334e-06
49.1,0.000187349974837,9.90155434966e-05,7.12201333988e-06
49.15,0.000185578739428,9.98888956062e-05,7.05820234999e-06
49.2,0.000183824203456,0.000100753374358,6.99495609933e-06
49.25,0.000182086209961,0.000101608640657,6.93226966705e-06
49.3,0.00018036460345,0.000102456881771,6.87013817434e-06
49.35,0.000178659229889,0.000103294423986,6.8085795796e-06
49.4,0.000176969936685,0.00010412071713,6.74758726746e-06
49.45,0.000175296572676,0.000104938838022,6.68715063207e-06
49.5,0.000173638988116,0.000105745862277,6.62724865549e-06
49.55,0.000171997034661,0.000106540506895,6.5678766814e-06
49.6,0.000170370565357,0.000107326526233,6.50903009323e-06
49.65,0.000168759434627,0.000108100340041,6.45071123961e-06
49.7,0.000167163498259,0.000108861870806,6.39290851878e-06
49.75,0.000165582613392,0.000109614297437,6.33561743343e-06
49.8,0.000164016638501,0.000110353105479,6.27883352465e-06
49.85,0.000162466245321,0.000111082160458,6.2225732052e-06
49.9,0.000160930466881,0.000111798838365,6.16683042907e-06
49.95,0.000159409165841,0.000112503834814,6.11159550325e-06
50.0,0.000157902206146,0.000113198285363,6.0568492188e-06
50.05,0.000156409453017,0.000113879770157,6.00258732015e-06
50.1,0.000154930772936,0.000114551604642,5.94880558807e-06
50.15,0.000153466033636,0.000115209796604,5.89550616906e-06
50.2,0.000152015104088,0.000115858826794,5.8426784599e-06
50.25,0.000150577854492,0.00011649414921,5.79031835036e-06
50.3,0.000149154156263,0.000117120219216,5.7384217653e-06
50.35,0.00014774388202,0.000117733108103,5.68700370486e-06
50.4,0.000146346905575,0.000118336079568,5.6360586434e-06
50.45,0.000144963101924,0.000118926974476,5.58557772219e-06
50.5,0.000143592347231,0.000119506719516,5.53554338554e-06
50.55,0.000142234518824,0.000120076059048,5.4859517442e-06
50.6,0.000140889495177,0.000120632457518,5.43679894206e-06
50.65,0.000139557155904,0.000121180675935,5.38808694086e-06
50.7,0.000138237381748,0.000121715617031,5.33980605001e-06
50.75,0.000136930054567,0.000122241112444,5.29195251304e-06
50.8,0.000135635057327,0.000122755689792,5.24452260555e-06
50.85,0.000134352945526,0.000123257713899,5.19753003663e-06
50.9,0.000133082919517,0.000123752341251,5.15096975622e-06
50.95,0.000131824865726,0.000124234674712,5.10483366806e-06
51.0,0.000130578671642,0.000124706184921,5.05910572747e-06
51.05,0.000129344225807,0.000125169375155,5.01378237992e-06
51.1,0.000128121417808,0.000125620664098,4.96886010119e-06
51.15,0.000126910138265,0.000126061624263,4.92434068421e-06
51.2,0.000125710278823,0.00012649436156,4.88021527241e-06
51.25,0.000124521732142,0.000126915686973,4.83648043264e-06
51.3,0.000123344391887,0.000127326248522,4.79313276107e-06
51.35,0.000122178152721,0.000127729668997,4.75018478686e-06
51.4,0.00012102291029,0.000128122147121,4.7076318946e-06
51.45,0.00011987856122,0.000128503861252,4.66546668486e-06
51.5,0.000118745003107,0.000128877756016,4.62367449392e-06
51.55,0.000117622134503,0.000129242662539,4.58225207317e-06
51.6,0.000116509854913,0.000129597250743,4.54119620173e-06
51.65,0.000115408064782,0.000129941689199,4.5005085182e-06
51.7,0.000114316665489,0.000130279365654,4.46018092829e-06
51.75,0.000113235559335,0.00013060761825,4.42021029435e-06
51.8,0.00011216464954,0.000130926138768,4.38059350549e-06
51.85,0.000111104395475,0.000131235086234,4.34134201251e-06
51.9,0.000110054135867,0.000131536945497,4.30245159725e-06
51.95,0.000109013776793,0.000131830485855,4.26391549714e-06
52.0,0.000107983225213,0.000132114849467,4.22572031054e-06
52.05,0.000106962388954,0.00013239018624,4.18786306844e-06
52.1,0.00010595117671,0.000132656662516,4.1503408272e-06
52.15,0.000104949498028,0.000132917310533,4.11315508436e-06
52.2,0.000103957263303,0.000133169302503,4.07629844231e-06
52.25,0.000102974383769,0.000133412779821,4.03976803346e-06
52.3,0.000102000771492,0.000133647881677,4.00356101466e-06
52.35,0.000101036339361,0.000133874745083,3.96768785116e-06
52.4,0.00010008100108,0.000134095006111,3.93214468785e-06
52.45,9.91346711652e-05,0.000134308327166,3.8969253442e-06
52.5,9.81972649296e-05,0.000134513911392,3.86201757203e-06
52.55,9.72686984815e-05,0.000134711726065,3.82741865789e-06
52.6,9.63488887148e-05,0.000134901898384,3.79312591148e-06
52.65,9.54377533023e-05,0.000135084553568,3.75914070145e-06
52.7,9.45352106877e-05,0.00013526010896,3.7254562669e-06
52.75,9.36411800794e-05,0.000135430140943,3.69206998704e-06
52.8,9.27555814425e-05,0.000135592963982,3.65897926344e-06
52.85,9.18787946592e-05,0.000135748696229,3.6261936606e-06
52.9,9.10102728832e-05,0.000135897456682,3.59370965523e-06
52.95,9.01499384449e-05,0.000136039359522,3.56152159874e-06
53.0,8.92977144024e-05,0.000136174597853,3.52961829715e-06
53.05,8.84535245342e-05,0.000136303343959,3.49799727054e-06
53.1,8.76172933326e-05,0.000136425566963,3.46665606016e-06
53.15,8.67889459973e-05,0.000136542761803,3.43559591688e-06
53.2,8.59684084284e-05,0.000136653743276,3.40481066169e-06
53.25,8.51556072202e-05,0.000136758468911,3.37429789936e-06
53.3,8.43504696545e-05,0.00013685704174,3.34405525512e-06
53.35,8.35529236944e-05,0.000136949563199,3.31409147025e-06
53.4,8.27628979776e-05,0.000137036132915,3.28440332472e-06
53.45,8.19803218106e-05,0.000137116848994,3.2549856561e-06
53.5,8.12051251618e-05,0.000137191808083,3.22582823387e-06
53.55,8.0437238656e-05,0.000137261105506,3.19692879154e-06
53.6,7.9676593568e-05,0.000137324835114,3.16828508199e-06
53.65,7.89231218163e-05,0.000137383089309,3.13989824843e-06
53.7,7.81767559575e-05,0.000137435958993,3.11176264366e-06
53.75,7.74374291799e-05,0.000137484021515,3.08387607862e-06
53.8,7.67050752981e-05,0.000137527227166,3.05623638292e-06
53.85,7.59800084592e-05,0.000137565269527,3.02885154551e-06
53.9,7.52617764434e-05,0.000137598236778,3.00171862347e-06
53.95,7.45503150215e-05,0.000137626213277,2.97483289872e-06
54.0,7.38455605653e-05,0.000137649505362,2.94818502126e-06
54.05,7.3147450043e-05,0.00013766798044,2.92177291968e-06
54.1,7.24559210128e-05,0.000137681712294,2.89559454026e-06
54.15,7.17709116178e-05,0.000137690780393,2.86965092781e-06
54.2,7.10923605804e-05,0.000137695262928,2.8439369212e-06
54.25,7.04202071972e-05,0.000137695236957,2.81845051976e-06
54.3,6.97543913332e-05,0.000137690778359,2.79318973991e-06
54.35,6.90948534168e-05,0.000137681961855,2.76816188299e-06
54.4,6.84415344342e-05,0.000137668860822,2.7433642594e-06
54.45,6.77943759249e-05,0.000137651547532,2.71879255711e-06
54.5,6.71533199756e-05,0.000137630106783,2.69443823088e-06
54.55,6.65183092158e-05,0.000137604805906,2.67029938758e-06
54.6,6.58892868126e-05,0.000137575504956,2.64637415025e-06
54.65,6.52661964653e-05,0.00013754227205,2.62266347377e-06
54.7,6.46489824011e-05,0.000137505174207,2.59916264123e-06
54.75,6.40375893694e-05,0.000137464277488,2.57586982416e-06
54.8,6.34319626376e-05,0.000137419646949,2.55278320969e-06
54.85,6.28323619924e-05,0.000137371346658,2.52990947075e-06
54.9,6.22384134667e-05,0.000137319441532,2.50724614922e-06
54.95,6.16500639454e-05,0.000137263993483,2.48478930423e-06
55.0,6.10672608107e-05,0.00013720506353,2.46253112599e-06
55.05,6.04899519377e-05,0.000137142711895,2.44046988432e-06
55.1,5.99180856898e-05,0.000137076997888,2.41860386381e-06
55.15,5.93516109138e-05,0.000137007979922,2.39693393715e-06
55.2,5.87904769356e-05,0.000136935715469,2.37545579341e-06
55.25,5.82346335559e-05,0.000136860261187,2.35416776149e-06
55.3,5.76840310457e-05,0.000136781672879,2.33306818457e-06
55.35,5.71386201415e-05,0.000136700005503,2.31216316123e-06
55.4,5.65983520415e-05,0.00013661531302,2.29145044493e-06
55.45,5.60631784011e-05,0.00013652764859,2.27092643396e-06
55.5,5.55330513284e-05,0.000136437216706,2.25058399074e-06
55.55,5.50079233805e-05,0.000136343993883,2.23042153399e-06
55.6,5.44877475587e-05,0.000136247955456,2.21043749595e-06
55.65,5.39724773048e-05,0.000136149151579,2.1906326742e-06
55.7,5.34620664967e-05,0.000136047631598,2.17100312883e-06
55.75,5.29564694447e-05,0.000135943444168,2.15154733259e-06
55.8,5.24556408871e-05,0.000135836637213,2.13226377124e-06
55.85,5.19597956569e-05,0.000135727257934,2.11315801848e-06
55.9,5.14686244984e-05,0.000135615354328,2.09422802112e-06
55.95,5.09820834878e-05,0.000135500972004,2.07547048746e-06
56.0,5.05001291123e-05,0.00013538435718,2.05687889421e-06
56.05,5.00227182667e-05,0.000135266020709,2.03845179622e-06
56.1,4.95498082496e-05,0.000135145419282,2.02018776064e-06
56.15,4.90813567594e-05,0.000135022542553,2.00208751642e-06
56.2,4.86173218908e-05,0.000134897432585,1.98414746276e-06
56.25,4.81576621309e-05,0.000134770130852,1.96636620384e-06
56.3,4.77023363559e-05,0.000134640678208,1.94874235576e-06
56.35,4.72513038269e-05,0.000134509114892,1.9312810125e-06
56.4,4.68045241869e-05,0.000134375480405,1.91398029757e-06
56.45,4.63619574566e-05,0.000134239813664,1.8968372026e-06
56.5,4.59235640318e-05,0.000134102153036,1.87984576574e-06
56.55,4.54893046787e-05,0.000133962536413,1.86300466623e-06
56.6,4.50591405316e-05,0.000133821001115,1.84631259455e-06
56.65,4.46330330887e-05,0.000133677583907,1.8297702169e-06
56.7,4.4210944209e-05,0.000133532320959,1.8133742424e-06
56.75,4.37928361087e-05,0.000133385247943,1.79712339535e-06
56.8,4.33786713584e-05,0.000133236399996,1.78101641099e-06
56.85,4.29686276163e-05,0.000133085989179,1.76505794484e-06
56.9,4.25624491405e-05,0.000132934721365,1.74924628195e-06
56.95,4.21600996077e-05,0.000132781804109,1.73357867284e-06
57.0,4.17615430347e-05,0.000132627350753,1.71804966881e-06
57.05,4.13667437753e-05,0.000132471454322,1.70265806278e-06
57.1,4.09756665171e-05,0.000132314006269,1.68740265792e-06
57.15,4.05882762785e-05,0.000132155037915,1.67228406311e-06
57.2,4.02045384054e-05,0.000131994580074,1.65729927069e-06
57.25,3.98244185685e-05,0.000131832663136,1.64244711479e-06
57.3,3.944788276e-05,0.000131669317035,1.62772643948e-06
57.35,3.90748972904e-05,0.00013150457126,1.6131414996e-06
57.4,3.87054287862e-05,0.000131338454744,1.59869072779e-06
57.45,3.83394441863e-05,0.000131170995995,1.58437161123e-06
57.5,3.79769107393e-05,0.0001310023147,1.57017917017e-06
57.55,3.76177960008e-05,0.000130833558201,1.55611230143e-06
57.6,3.72620678303e-05,0.000130663678543,1.54216991118e-06
57.65,3.69096943883e-05,0.000130492586814,1.52835255591e-06
57.7,3.65606441339e-05,0.000130320309268,1.51465748681e-06
57.75,3.62148858214e-05,0.0001301468718,1.50108363837e-06
57.8,3.58723884982e-05,0.000129972299916,1.48762995413e-06
57.85,3.55332990803e-05,0.000129796618737,1.47430032274e-06
57.9,3.51974060797e-05,0.000129619854009,1.46109331173e-06
57.95,3.48646794586e-05,0.000129442029985,1.44800662456e-06
58.0,3.45350894601e-05,0.000129263170578,1.43503571008e-06
58.05,3.42086066065e-05,0.000129083299415,1.42217956006e-06
58.1,3.38852016958e-05,0.000128903293807,1.40943717482e-06
58.15,3.35648457995e-05,0.000128722804325,1.39680906293e-06
58.2,3.32475102604e-05,0.000128541388858,1.3842927122e-06
58.25,3.29331666892e-05,0.000128359069429,1.37188714881e-06
58.3,3.26217869631e-05,0.00012817586773,1.35959140723e-06
58.35,3.23133432222e-05,0.000127991805126,1.34740904141e-06
58.4,3.20078078679e-05,0.00012780690257,1.33533874218e-06
58.45,3.17051535601e-05,0.000127621180705,1.32337841066e-06
58.5,3.14053532148e-05,0.000127434672798,1.31152388742e-06
58.55,3.11083800017e-05,0.000127247586004,1.29977425099e-06
58.6,3.08142073419e-05,0.00012705996952,1.28812858775e-06
58.65,3.05228089055e-05,0.000126872795803,1.27658736248e-06
58.7,3.02341586093e-05,0.000126684917885,1.26514827923e-06
58.75,2.99482306147e-05,0.000126496354475,1.25381044797e-06
58.8,2.96649993249e-05,0.000126307123997,1.24257298629e-06
58.85,2.93845862336e-05,0.000126117244593,1.23143914226e-06
58.9,2.91068164487e-05,0.000125926734947,1.22040771938e-06
58.95,2.88316651303e-05,0.000125735612558,1.20947679942e-06
59.0,2.85591076706e-05,0.000125543894679,1.19864258095e-06
59.05,2.82891196927e-05,0.000125351629283,1.18790422179e-06
59.1,2.80216770478e-05,0.000125159376826,1.17726088698e-06
59.15,2.77567558133e-05,0.000124967647484,1.1667130013e-06
59.2,2.74943322907e-05,0.000124775403822,1.15625846638e-06
59.25,2.72343830033e-05,0.000124582661673,1.14589646882e-06
59.3,2.69768846947e-05,0.00012438943663,1.13562620215e-06
59.35,2.67218143258e-05,0.000124195744043,1.12545063488e-06
59.4,2.64691490739e-05,0.000124001598959,1.11536867349e-06
59.45,2.62188663296e-05,0.000123807016196,1.10537856485e-06
59.5,2.59709436957e-05,0.000123612010364,1.09547683472e-06
59.55,2.57253589846e-05,0.000123416595897,1.08566271341e-06
59.6,2.54820902166e-05,0.00012322196909,1.07593543781e-06
59.65,2.5241115618e-05,0.000123027293997,1.06629539615e-06
59.7,2.50024136191e-05,0.000122832264646,1.05674067066e-06
59.75,2.47659628523e-05,0.000122636894431,1.04727051794e-06
59.8,2.45317421502e-05,0.000122441196541,1.03788420095e-06
59.85,2.4299851983e-05,0.000122245183958,1.0285844327e-06
59.9,2.40701477223e-05,0.000122048870125,1.01937021378e-06
59.95,2.38426088263e-05,0.000121852267547,1.01023994195e-06
60.0,2.36172149455e-05,0.000121655388547,1.00119044199e-06
60.05,2.33939459211e-05,0.000121459285057,9.92221010474e-07
60.1,2.31727817831e-05,0.000121263628911,9.83330949955e-07
60.15,2.29537027485e-05,0.000121067744259,9.74520615249e-07
60.2,2.27366892194e-05,0.000120871642527,9.65788253657e-07
60.25,2.25217217819e-05,0.000120675334977,9.57133185763e-07
60.3,2.23087812036e-05,0.000120478832695,9.48554737952e-07
60.35,2.20978484323e-05,0.000120282146592,9.40055389726e-07
60.4,2.18889045944e-05,0.000120085287348,9.31634227707e-07
60.45,2.16819309929e-05,0.000119888265479,9.23289787553e-07
60.5,2.14769091063e-05,0.000119691958874,9.15019167333e-07
60.55,2.12738205863e-05,0.000119496191173,9.06821724153e-07
60.6,2.10726472566e-05,0.000119300466617,8.98696820606e-07
60.65,2.08733711112e-05,0.000119104660047,8.90644780966e-07
60.7,2.06759743129e-05,0.000118908751739,8.82664003386e-07
60.75,2.04804391916e-05,0.000118712751138,8.74753866927e-07
60.8,2.02867482426e-05,0.000118516667534,8.66913755951e-07
60.85,2.00949845508e-05,0.000118320510071,8.59145936553e-07
60.9,1.99050285143e-05,0.000118124288281,8.51449573967e-07
60.95,1.97168631459e-05,0.000117929048796,8.43823329887e-07
61.0,1.95304716175e-05,0.000117734277665,8.36264552146e-07
61.05,1.93458372584e-05,0.000117539477457,8.28772653185e-07
61.1,1.91629435544e-05,0.000117344656446,8.21347050456e-07
61.15,1.89817741457e-05,0.000117149822768,8.13988040324e-07
61.2,1.88023128257e-05,0.000116954984411,8.06694158811e-07
61.25,1.86245435397e-05,0.000116760149247,7.99464838421e-07
61.3,1.84484503835e-05,0.000116565325016,7.92299516504e-07
61.35,1.82740176016e-05,0.000116370519331,7.85200264115e-07
61.4,1.81012295863e-05,0.000116177059503,7.78166318334e-07
61.45,1.79300708761e-05,0.000115983863604,7.71196456043e-07
61.5,1.77605261543e-05,0.000115790716593,7.64288253343e-07
61.55,1.75925802477e-05,0.000115597713317,7.57441173246e-07
61.6,1.74262181252e-05,0.000115404878351,7.50654683342e-07
61.65,1.72614248966e-05,0.000115212113489,7.4392905449e-07
61.7,1.70981858113e-05,0.000115019425347,7.37262948713e-07
61.75,1.69364862567e-05,0.000114826820443,7.30655847361e-07
61.8,1.67763117573e-05,0.00011463442914,7.24107236208e-07
61.85,1.66177310208e-05,0.000114443543469,7.17619008057e-07
61.9,1.64606451413e-05,0.000114252768043,7.11190465654e-07
61.95,1.63050400712e-05,0.000114062108771,7.04820491148e-07
62.0,1.61509018943e-05,0.000113871571468,6.98506869267e-07
62.05,1.59982168247e-05,0.000113681161879,6.92249109238e-07
62.1,1.58469712056e-05,0.000113490986459,6.86046724477e-07
62.15,1.56971515082e-05,0.000113301034143,6.79899962527e-07
62.2,1.55487443304e-05,0.000113111226718,6.73807600574e-07
62.25,1.54017363957e-05,0.00011292202749,6.67769164604e-07
62.3,1.52561145517e-05,0.000112734045161,6.61784184651e-07
62.35,1.51118657695e-05,0.000112546230374,6.55854390607e-07
62.4,1.4968977142e-05,0.000112358588034,6.49979145228e-07
62.45,1.48274358833e-05,0.000112171122964,6.44157426879e-07
62.5,1.4687229327e-05,0.000111983839904,6.38387210949e-07
62.55,1.45483449255e-05,0.000111796743537,6.32668048909e-07
62.6,1.44107702487e-05,0.000111609838457,6.26999496052e-07
62.65,1.42744929831e-05,0.000111423129174,6.21381778618e-07
62.7,1.41395009305e-05,0.000111237359188,6.15813779037e-07
62.75,1.40057820069e-05,0.000111052554508,6.10295064094e-07
62.8,1.38733242415e-05,0.000110867964874,6.04825204272e-07
62.85,1.3742184453e-05,0.000110683594359,5.99405780573e-07
62.9,1.36122808502e-05,0.000110499447316,5.940362106e-07
62.95,1.34836018162e-05,0.000110315527626,5.88715560649e-07
63.0,1.33561358429e-05,0.000110131839102,5.83441980365e-07
63.05,1.322987153e-05,0.00010994841336,5.78215059822e-07
63.1,1.31047975838e-05,0.00010976538208,5.73034392592e-07
63.15,1.29809028166e-05,0.000109583520678,5.67900185439e-07
63.2,1.28581761454e-05,0.000109402454042,5.62811416982e-07
63.25,1.2736606591e-05,0.000109221642768,5.57767691293e-07
63.3,1.2616183277e-05,0.000109041090155,5.52768615822e-07
63.35,1.2496895429e-05,0.000108860799432,5.47815635497e-07
63.4,1.23787323734e-05,0.000108680773735,5.42908218048e-07
63.45,1.22616835366e-05,0.000108501016136,5.38045510131e-07
63.5,1.21457384443e-05,0.000108321529652,5.33225820652e-07
63.55,1.20308867199e-05,0.000108142317257,5.28448774965e-07
63.6,1.19171180843e-05,0.000107964412684,5.23714001622e-07
63.65,1.18044223548e-05,0.000107787379949,5.19021689594e-07
63.7,1.16927894439e-05,0.000107610635369,5.14370905407e-07
63.75,1.15822093586e-05,0.000107434181573,5.09761287209e-07
63.8,1.14726721997e-05,0.000107258021129,5.05192476239e-07
63.85,1.13642249538e-05,0.000107082156549,5.0066579306e-07
63.9,1.12567999829e-05,0.00010690659058,4.96180751214e-07
63.95,1.11503876804e-05,0.000106731325591,4.91736570804e-07
64.0,1.10449785295e-05,0.000106556363903,4.87331706286e-07
64.05,1.09405631026e-05,0.000106382602612,4.82965815259e-07
64.1,1.08371320604e-05,0.000106209669142,4.78638558246e-07
64.15,1.0734676151e-05,0.000106037050163,4.74350107952e-07
64.2,1.06331862093e-05,0.000105864747709,4.70099611247e-07
64.25,1.05326531559e-05,0.000105692763773,4.65886737424e-07
64.3,1.04330679964e-05,0.000105521100299,4.61711158599e-07
64.35,1.03344218209e-05,0.000105349759181,4.57574081676e-07
64.4,1.02367058028e-05,0.000105178742244,4.53475062066e-07
64.45,1.01399111981e-05,0.000105008051268,4.49413386996e-07
64.5,1.0044029345e-05,0.000104838312832,4.45387643946e-07
64.55,9.94905166243e-06,0.000104669658308,4.41397519985e-07
64.6,9.85496965012e-06,0.00010450148716,4.37442704854e-07
64.65,9.76177488724e-06,0.000104333679522,4.33523356394e-07
64.7,9.66945903188e-06,0.00010416621051,4.29638694903e-07
64.75,9.57801382033e-06,0.000103999081571,4.25788418136e-07
64.8,9.48743106628e-06,0.000103832294112,4.21972226432e-07
64.85,9.3977496257e-06,0.000103665849498,4.18191222816e-07
64.9,9.30891356482e-06,0.00010349974929,4.14445000965e-07
64.95,9.2209149393e-06,0.000103334156088,4.10732909454e-07
65.0,9.13374587916e-06,0.000103170089456,4.07053657337e-07
65.05,9.04739858817e-06,0.000103006374513,4.03406958616e-07
65.1,8.96186534309e-06,0.000102843012346,3.99792529736e-07
65.15,8.87713849301e-06,0.000102680161111,3.96210514952e-07
65.2,8.7932104587e-06,0.00010251767529,3.92660201671e-07
65.25,8.7100737319e-06,0.000102355545764,3.89141313662e-07
65.3,8.6277208747e-06,0.000102193773474,3.85653577054e-07
65.35,8.54614451885e-06,0.000102032359325,3.82197999938e-07
65.4,8.46533736512e-06,0.00010187130417,3.78774210961e-07
65.45,8.38529218268e-06,0.000101711395973,3.75381614767e-07
65.5,8.30600180841e-06,0.000101552364723,3.72019031519e-07
65.55,8.22745914632e-06,0.000101393697998,3.68686199834e-07
65.6,8.1496571669e-06,0.000101235396471,3.65382860564e-07
65.65,8.0725889065e-06,0.000101077460783,3.62109145547e-07
65.7,7.99624746671e-06,0.000100919891539,3.58864403522e-07
65.75,7.92062601376e-06,0.000100762689323,3.55648382033e-07
65.8,7.84571777792e-06,0.000100605854687,3.52460830781e-07
65.85,7.77155489149e-06,0.000100449388158,3.49302671092e-07
65.9,7.69809109952e-06,0.000100293290424,3.46173563574e-07
65.95,7.62531983236e-06,0.00010013867938,3.43072964113e-07
66.0,7.55323458189e-06,9.99845836809e-05,3.39999794419e-07
66.05,7.48182890091e-06,9.98308608031e-05,3.36953815608e-07
66.1,7.41109640264e-06,9.96776019742e-05,3.33934790833e-07
66.15,7.34103076007e-06,9.95247925062e-05,3.30942840587e-07
66.2,7.27162570551e-06,9.93723572098e-05,3.27977369662e-07
66.25,7.20287502991e-06,9.92202963221e-05,3.25038147331e-07
66.3,7.13477258245e-06,9.90686100564e-05,3.22124944838e-07
66.35,7.06731226986e-06,9.89172986029e-05,3.19238604209e-07
66.4,7.000488056e-06,9.87663621134e-05,3.16378815267e-07
66.45,6.93429396125e-06,9.86169451634e-05,3.13545080727e-07
66.5,6.86872406201e-06,9.84679793379e-05,3.10736415106e-07
66.55,6.8037724902e-06,9.83193912055e-05,3.0795260008e-07
66.6,6.73943343268e-06,9.81711807822e-05,3.05193419189e-07
66.65,6.6757011308e-06,9.80234496509e-05,3.02458982555e-07
66.7,6.61256987986e-06,9.78761544711e-05,2.99748746198e-07
66.75,6.55003402863e-06,9.77292373806e-05,2.97062499249e-07
66.8,6.48808797879e-06,9.7582698309e-05,2.94400032641e-07
66.85,6.42675830246e-06,9.74365371667e-05,2.91762115929e-07
66.9,6.36600674868e-06,9.72907540006e-05,2.89148465631e-07
66.95,6.30582788461e-06,9.71462127752e-05,2.86558627264e-07
67.0,6.24621632831e-06,9.70023607214e-05,2.83991700164e-07
67.05,6.18716674821e-06,9.68588882509e-05,2.81447484799e-07
67.1,6.1286738627e-06,9.67157951202e-05,2.78925783337e-07
67.15,6.0707324396e-06,9.65730810693e-05,2.76426696422e-07
67.2,6.01333729578e-06,9.64307458179e-05,2.73949726896e-07
67.25,5.95648329664e-06,9.62887890735e-05,2.71494682038e-07
67.3,5.90016535566e-06,9.61472105282e-05,2.69061370775e-07
67.35,5.84437843399e-06,9.60060098581e-05,2.66650496429e-07
67.4,5.78911753997e-06,9.58651867124e-05,2.64261799914e-07
67.45,5.7343777287e-06,9.57250168385e-05,2.61894865865e-07
67.5,5.68015410162e-06,9.55860768943e-05,2.59548871138e-07
67.55,5.62644180604e-06,9.54475151664e-05,2.57223633374e-07
67.6,5.57323603476e-06,9.53093698329e-05,2.54918971768e-07
67.65,5.52053202559e-06,9.51717224959e-05,2.52634978302e-07
67.7,5.46832506099e-06,9.50344524395e-05,2.50371198607e-07
67.75,5.41661046761e-06,9.48975591668e-05,2.4812745655e-07
67.8,5.36538361589e-06,9.47610421681e-05,2.45903577503e-07
67.85,5.31466647986e-06,9.46249009215e-05,2.43700204254e-07
67.9,5.26442742756e-06,9.44891350192e-05,2.41517100017e-07
67.95,5.21466196626e-06,9.43537439017e-05,2.39353885177e-07
68.0,5.16536564528e-06,9.42191900273e-05,2.37209807435e-07
68.05,5.11653405566e-06,9.40856300293e-05,2.35084700129e-07
68.1,5.06816282972e-06,9.39524446293e-05,2.32978398016e-07
68.15,5.02024764066e-06,9.38196841075e-05,2.3089098516e-07
68.2,4.97278420223e-06,9.368739877e-05,2.288220463e-07
68.25,4.92576826834e-06,9.35554865078e-05,2.26771420463e-07
68.3,4.87919563264e-06,9.34239466402e-05,2.2473894805e-07
68.35,4.83306212821e-06,9.32927784771e-05,2.22725216525e-07
68.4,4.78736362715e-06,9.31619813093e-05,2.20730009482e-07
68.45,4.74209604023e-06,9.30315544195e-05,2.18752979979e-07
68.5,4.69725531654e-06,9.29014970837e-05,2.16793440467e-07
68.55,4.65283744311e-06,9.27720710402e-05,2.14851238628e-07
68.6,4.60883844456e-06,9.26437864472e-05,2.12926223441e-07
68.65,4.56525438279e-06,9.25158705082e-05,2.11018471736e-07
68.7,4.52208135656e-06,9.2388322422e-05,2.09127603992e-07
68.75,4.4793155012e-06,9.22611413825e-05,2.0725347309e-07
68.8,4.43695298827e-06,9.21343265764e-05,2.05395933168e-07
68.85,4.39501198938e-06,9.20078771831e-05,2.03555521128e-07
68.9,4.3534663462e-06,9.18817924773e-05,2.01732039191e-07
68.95,4.31231234342e-06,9.17560716136e-05,1.99925170274e-07
69.0,4.27154630052e-06,9.16307137422e-05,1.98134286005e-07
69.05,4.23116457146e-06,9.15057180128e-05,1.96359247176e-07
69.1,4.19116354435e-06,9.13810835689e-05,1.94599915765e-07
69.15,4.1515396411e-06,9.1257621364e-05,1.92856361988e-07
69.2,4.11228931716e-06,9.11348484288e-05,1.91128238989e-07
69.25,4.07340906119e-06,9.10124356864e-05,1.89415412312e-07
69.3,4.03489539471e-06,9.08903822073e-05,1.8771774865e-07
69.35,3.99674487184e-06,9.07686870569e-05,1.86035738693e-07
69.4,3.95895407898e-06,9.0647349288e-05,1.84369201685e-07
69.45,3.92151963451e-06,9.05263679491e-05,1.82717847834e-07
69.5,3.88443818848e-06,9.0405742086e-05,1.81081102852e-07
69.55,3.84770642233e-06,9.02854707454e-05,1.79458839511e-07
69.6,3.8113210486e-06,9.01655529696e-05,1.77850931669e-07
69.65,3.77527881062e-06,9.00459922393e-05,1.76257443499e-07
69.7,3.73957648224e-06,8.99269251887e-05,1.74678057998e-07
69.75,3.70421086753e-06,8.98088268174e-05,1.73112652283e-07
69.8,3.66917880053e-06,8.96914010734e-05,1.7156110452e-07
69.85,3.63449530841e-06,8.95743253441e-05,1.70023863167e-07
69.9,3.60013875931e-06,8.94575986855e-05,1.68500763023e-07
69.95,3.56610608081e-06,8.93412200589e-05,1.66991539241e-07
70.0,3.53239422928e-06,8.92251884242e-05,1.65495666959e-07
70.05,3.49900018959e-06,8.91095027435e-05,1.64013029901e-07
70.1,3.46592097485e-06,8.89941619762e-05,1.62543512781e-07
70.15,3.43315362613e-06,8.88791650787e-05,1.6108717425e-07
70.2,3.40069521225e-06,8.87645110029e-05,1.59643724587e-07
70.25,3.36854282944e-06,8.86501987004e-05,1.58213051487e-07
70.3,3.33669360116e-06,8.85362271203e-05,1.56795043601e-07
70.35,3.30514467781e-06,8.84227232722e-05,1.55390110788e-07
70.4,3.27389323647e-06,8.83103208955e-05,1.53998102069e-07
70.45,3.24293648069e-06,8.81982567897e-05,1.52618775389e-07
70.5,3.2122716402e-06,8.80865298547e-05,1.51251651062e-07
70.55,3.18189597068e-06,8.79751389931e-05,1.49896622818e-07
70.6,3.15180675353e-06,8.78640831065e-05,1.48553585294e-07
70.65,3.12200129563e-06,8.7753454472e-05,1.47222592094e-07
70.7,3.09247692907e-06,8.76432122014e-05,1.45903378433e-07
70.75,3.06323101096e-06,8.75333020423e-05,1.44595841671e-07
70.8,3.03426092317e-06,8.74237228863e-05,1.43299880043e-07
70.85,3.00557909257e-06,8.73144736239e-05,1.42015868132e-07
70.9,2.97716763047e-06,8.72055532127e-05,1.40743667953e-07
70.95,2.94902399614e-06,8.70969605345e-05,1.39483058286e-07
71.0,2.92114567259e-06,8.69887566234e-05,1.38233600729e-07
71.05,2.89353016645e-06,8.68816580973e-05,1.3699519816e-07
71.1,2.86617500768e-06,8.67748845356e-05,1.35767754284e-07
71.15,2.83907774936e-06,8.66684347897e-05,1.34551318091e-07
71.2,2.81223596752e-06,8.65624102379e-05,1.33345647586e-07
71.25,2.78564726088e-06,8.64567459301e-05,1.32150648963e-07
71.3,2.75930925065e-06,8.63514024176e-05,1.30966229217e-07
71.35,2.73321958032e-06,8.62463785477e-05,1.29792730689e-07
71.4,2.70737591546e-06,8.61416731626e-05,1.28630027272e-07
71.45,2.68177594351e-06,8.60372851054e-05,1.27477916784e-07
71.5,2.65641737357e-06,8.59332132211e-05,1.26335998558e-07
71.55,2.63129793621e-06,8.58294563584e-05,1.25204183831e-07
71.6,2.60641538326e-06,8.57260133667e-05,1.24082384595e-07
71.65,2.5817674876e-06,8.5622883096e-05,1.22970645623e-07
71.7,2.557352043e-06,8.55203671344e-05,1.21868745749e-07
71.75,2.53316686389e-06,8.54186521231e-05,1.20776599241e-07
71.8,2.50920978518e-06,8.53172468229e-05,1.19694121098e-07
71.85,2.48549108339e-06,8.52161500562e-05,1.18621624199e-07
71.9,2.4619959653e-06,8.51153607017e-05,1.17558993286e-07
71.95,2.43872232982e-06,8.50148775787e-05,1.16506043583e-07
72.0,2.41566809553e-06,8.49146995088e-05,1.15462408905e-07
72.05,2.39283120049e-06,8.48148253184e-05,1.14428008129e-07
72.1,2.37020960208e-06,8.47152538352e-05,1.13402760824e-07
72.15,2.34780127681e-06,8.46160310467e-05,1.12386707908e-07
72.2,2.32560422015e-06,8.45172030079e-05,1.1137964725e-07
72.25,2.30361644633e-06,8.44186746044e-05,1.10381500498e-07
72.3,2.2818359882e-06,8.43204446654e-05,1.09392189965e-07
72.35,2.26026089702e-06,8.42225120215e-05,1.08412001603e-07
72.4,2.23888924231e-06,8.41248755012e-05,1.07440830073e-07
72.45,2.21771911167e-06,8.40282711313e-05,1.06478506503e-07
72.5,2.19674861064e-06,8.39319680188e-05,1.05524696225e-07
72.55,2.17597586248e-06,8.38359578425e-05,1.04579325098e-07
72.6,2.15539900803e-06,8.37402394151e-05,1.03642319613e-07
72.65,2.13501620559e-06,8.36448115515e-05,1.02713717167e-07
72.7,2.11482563067e-06,8.35497307889e-05,1.01793333026e-07
72.75,2.0948254759e-06,8.34550166782e-05,1.00881095582e-07
72.8,2.07501395084e-06,8.33605900109e-05,9.99769338345e-08
72.85,2.05539955374e-06,8.32664496066e-05,9.90811091223e-08
72.9,2.03597005124e-06,8.31725943325e-05,9.81935251755e-08
72.95,2.0167237058e-06,8.30790230083e-05,9.73140276539e-08
73.0,1.99765879617e-06,8.29857344575e-05,9.64423106961e-08
73.05,1.97877361723e-06,8.28927275086e-05,9.55783065416e-08
73.1,1.9600664798e-06,8.28000009927e-05,9.47219480081e-08
73.15,1.94153571054e-06,8.27075537433e-05,9.38732692738e-08
73.2,1.92317965179e-06,8.26159540433e-05,9.30321015055e-08
73.25,1.9049966614e-06,8.25247578128e-05,9.21983792566e-08
73.3,1.8869851126e-06,8.24338375897e-05,9.13720376392e-08
73.35,1.86914339388e-06,8.23431921939e-05,9.05533154981e-08
73.4,1.85146990881e-06,8.22528204446e-05,8.97421248496e-08
73.45,1.83396307592e-06,8.21627211645e-05,8.89383246373e-08
73.5,1.81662132855e-06,8.20728931804e-05,8.81416353248e-08
73.55,1.79944311471e-06,8.19833353241e-05,8.73519949838e-08
73.6,1.78242689699e-06,8.18940464309e-05,8.65693422142e-08
73.65,1.76557115233e-06,8.18050294831e-05,8.57937082527e-08
73.7,1.74887437198e-06,8.17164117073e-05,8.50249387972e-08
73.75,1.73233506131e-06,8.16280598497e-05,8.42629740341e-08
73.8,1.7159517397e-06,8.15399727536e-05,8.35077546602e-08
73.85,1.69973143487e-06,8.14521492653e-05,8.27594989634e-08
73.9,1.68366403031e-06,8.13645882709e-05,8.20181265326e-08
73.95,1.66774808915e-06,8.12772886196e-05,8.12835084518e-08
74.0,1.651982188e-06,8.11907398827e-05,8.05553892441e-08
74.05,1.63636491677e-06,8.11046072758e-05,7.98337123113e-08
74.1,1.6208948786e-06,8.10187327396e-05,7.9118421538e-08
74.15,1.60557068971e-06,8.0933115117e-05,7.84095454722e-08
74.2,1.59039097926e-06,8.08477692105e-05,7.77069430925e-08
74.25,1.57535438927e-06,8.07627935675e-05,7.70105597334e-08
74.3,1.56045957448e-06,8.06780718049e-05,7.6320341196e-08
74.35,1.54570520222e-06,8.0593602776e-05,7.56364869801e-08
74.4,1.53108995231e-06,8.05093853349e-05,7.49589235956e-08
74.45,1.51661251695e-06,8.042541834e-05,7.42875332223e-08
74.5,1.50227160056e-06,8.03417006537e-05,7.36220823719e-08
74.55,1.48806591972e-06,8.02582311441e-05,7.29625193173e-08
74.6,1.47399420305e-06,8.01750086832e-05,7.2308792773e-08
74.65,1.46005519105e-06,8.00920321465e-05,7.166092883e-08
74.7,1.44624763603e-06,8.00093004126e-05,7.10187986044e-08
74.75,1.432570302e-06,7.99268123643e-05,7.03823521356e-08
74.8,1.41902196455e-06,7.98445668886e-05,6.97515398895e-08
74.85,1.40560843532e-06,7.97629761086e-05,6.91265441955e-08
74.9,1.39232134835e-06,7.96818126769e-05,6.85072978884e-08
74.95,1.37915951544e-06,7.96008886272e-05,6.78936932888e-08
75.0,1.36612175948e-06,7.95202028393e-05,6.72855170042e-08
75.05,1.35320691439e-06,7.94397541985e-05,6.668272176e-08
75.1,1.34041382502e-06,7.93595415942e-05,6.60852606846e-08
75.15,1.32774134705e-06,7.92795639199e-05,6.54931576232e-08
75.2,1.31518834684e-06,7.91999163898e-05,6.4906294785e-08
75.25,1.30275370141e-06,7.91205379919e-05,6.43246265094e-08
75.3,1.29043629827e-06,7.90413916495e-05,6.37481075257e-08
75.35,1.27823503536e-06,7.8962476268e-05,6.31769044703e-08
75.4,1.26614882095e-06,7.88837907546e-05,6.26109559589e-08
75.45,1.25417657354e-06,7.88053340207e-05,6.20501635798e-08
75.5,1.24231722174e-06,7.87271049823e-05,6.14943323073e-08
75.55,1.23056970423e-06,7.86491025611e-05,6.09434189352e-08
75.6,1.21893296959e-06,7.85713256828e-05,6.03973806264e-08
75.65,1.2074059763e-06,7.84937732773e-05,5.98562391738e-08
75.7,1.19598769256e-06,7.84164442777e-05,5.93198869244e-08
75.75,1.18467709626e-06,7.83397023149e-05,5.87882821479e-08
75.8,1.17347317485e-06,7.82634982437e-05,5.82613834698e-08
75.85,1.16238073433e-06,7.81875148746e-05,5.77393431843e-08
75.9,1.1513928564e-06,7.81117511602e-05,5.72221051905e-08
75.95,1.14050855846e-06,7.80362060308e-05,5.67095795468e-08
76.0,1.12972686708e-06,7.79608784215e-05,5.6201588013e-08
76.05,1.11904681797e-06,7.78857672731e-05,5.5698091102e-08
76.1,1.10846745587e-06,7.78108715306e-05,5.51990496632e-08
76.15,1.09798783445e-06,7.77361901433e-05,5.47044836139e-08
76.2,1.08760701628e-06,7.76617220645e-05,5.4214294567e-08
76.25,1.07732407266e-06,7.75874662519e-05,5.37284443835e-08
76.3,1.06713808362e-06,7.7513421668e-05,5.32468952501e-08
76.35,1.05704813782e-06,7.74395872791e-05,5.27697863532e-08
76.4,1.04705333242e-06,7.73659620544e-05,5.22970664204e-08
76.45,1.03715277307e-06,7.72925449673e-05,5.18286532514e-08
76.5,1.02734557378e-06,7.7219334996e-05,5.13643839469e-08
76.55,1.01763085686e-06,7.71463311242e-05,5.09042224182e-08
76.6,1.00800775287e-06,7.70735323398e-05,5.04481328845e-08
76.65,9.98475400476e-07,7.70009376349e-05,4.99961335489e-08
76.7,9.89032946444e-07,7.6928600574e-05,4.95481344923e-08
76.75,9.79679545522e-07,7.68570123173e-05,4.91041008582e-08
76.8,9.70414360383e-07,7.67856606112e-05,4.86639980879e-08
76.85,9.61241365376e-07,7.6714509436e-05,4.82279533883e-08
76.9,9.52154839361e-07,7.66435578052e-05,4.77959198998e-08
76.95,9.43153969757e-07,7.65728047149e-05,4.73678224971e-08
77.0,9.34237951591e-07,7.6502249166e-05,4.69435123013e-08
77.05,9.2540598743e-07,7.64318901649e-05,4.65229563299e-08
77.1,9.16657287309e-07,7.63617267225e-05,4.61061218819e-08
77.15,9.07991068661e-07,7.62917578541e-05,4.56930255934e-08
77.2,8.9940655625e-07,7.62219825787e-05,4.52835852845e-08
77.25,8.90902982101e-07,7.61524638067e-05,4.4877769099e-08
77.3,8.82479585431e-07,7.60831969825e-05,4.44755454525e-08
77.35,8.74135612586e-07,7.60141212405e-05,4.40770306033e-08
77.4,8.65870316971e-07,7.59452356121e-05,4.36821817252e-08
77.45,8.57682958983e-07,7.58765391337e-05,4.32909301585e-08
77.5,8.49572805951e-07,7.5808030846e-05,4.29031398383e-08
77.55,8.41539132066e-07,7.57397097952e-05,4.25187806209e-08
77.6,8.3358121832e-07,7.5671575032e-05,4.21378226197e-08
77.65,8.25698352441e-07,7.5603625611e-05,4.17602810392e-08
77.7,8.17889828833e-07,7.55358605911e-05,4.13860807724e-08
77.75,8.10154948507e-07,7.54682790358e-05,4.1015192705e-08
77.8,8.02493019028e-07,7.5401286574e-05,4.0647587971e-08
77.85,7.94907327022e-07,7.5334532067e-05,4.02833728226e-08
77.9,7.87393141338e-07,7.52679582711e-05,3.99225081193e-08
77.95,7.79949790005e-07,7.52015642515e-05,3.95649311112e-08
78.0,7.72576607345e-07,7.51353490782e-05,3.92105174443e-08
78.05,7.65272933911e-07,7.50693118267e-05,3.88592395692e-08
78.1,7.58038116436e-07,7.50034515764e-05,3.85110701716e-08
78.15,7.50871507768e-07,7.49377674116e-05,3.81660231474e-08
78.2,7.4377246682e-07,7.48722735931e-05,3.7824029854e-08
78.25,7.36740358506e-07,7.48070640335e-05,3.7485063683e-08
78.3,7.29774553691e-07,7.47420282488e-05,3.71490982528e-08
78.35,7.22874429133e-07,7.46771653364e-05,3.68162306704e-08
78.4,7.16039367429e-07,7.46124743968e-05,3.64864251645e-08
78.45,7.09268756958e-07,7.4547954535e-05,3.61596243857e-08
78.5,7.02561991831e-07,7.44836048607e-05,3.5835714683e-08
78.55,6.95918471833e-07,7.44194244887e-05,3.55146708782e-08
78.6,6.89337602373e-07,7.43554125378e-05,3.5196468008e-08
78.65,6.82818794433e-07,7.42915681315e-05,3.48811187722e-08
78.7,6.76361464513e-07,7.42278903968e-05,3.45685604362e-08
78.75,6.69965034577e-07,7.41644040823e-05,3.42587686817e-08
78.8,6.63628932011e-07,7.41011778904e-05,3.39517193979e-08
78.85,6.57355874719e-07,7.40381161782e-05,3.36475013339e-08
78.9,6.51141950234e-07,7.39752498877e-05,3.33460817969e-08
78.95,6.44986602862e-07,7.39129336908e-05,3.30474083738e-08
79.0,6.38889282115e-07,7.38507799784e-05,3.27513771952e-08
79.05,6.32849442657e-07,7.37887873509e-05,3.24579652502e-08
79.1,6.26866544264e-07,7.37269549534e-05,3.21671497239e-08
79.15,6.20940051767e-07,7.36652819352e-05,3.1878942223e-08
79.2,6.15069435012e-07,7.36037674498e-05,3.15932854126e-08
79.25,6.09254168811e-07,7.3542410655e-05,3.13101570672e-08
79.3,6.03493732894e-07,7.34812107131e-05,3.10295351513e-08
79.35,5.97787611866e-07,7.34201667906e-05,3.07515007755e-08
79.4,5.92135295159e-07,7.3359278057e-05,3.04760240608e-08
79.45,5.86536276987e-07,7.32985436865e-05,3.02030571052e-08
79.5,5.80990056306e-07,7.32379628575e-05,2.99325049793e-08
79.55,5.75496136762e-07,7.31775347534e-05,2.96643466526e-08
79.6,5.70054026653e-07,7.31172585615e-05,2.9398561274e-08
79.65,5.64663238885e-07,7.30571334736e-05,2.91351594511e-08
79.7,5.59323290926e-07,7.2997158685e-05,2.88740887838e-08
79.75,5.54033704766e-07,7.29374331879e-05,2.86153289595e-08
79.8,5.48794006876e-07,7.28778788915e-05,2.83588598393e-08
79.85,5.4360644485e-07,7.28184729093e-05,2.81047555526e-08
79.9,5.38467783239e-07,7.27592144601e-05,2.78529887922e-08
79.95,5.33377562508e-07,7.27001027552e-05,2.76035157789e-08
80.0,5.28335327423e-07,7.26411370101e-05,2.73562497539e-08
80.05,5.23340627016e-07,7.25823164449e-05,2.71111714965e-08
80.1,5.18393014542e-07,7.25236402836e-05,2.68682619504e-08
80.15,5.1349204744e-07,7.2465196404e-05,2.66275308102e-08
80.2,5.08637287293e-07,7.2407184801e-05,2.63889301858e-08
80.25,5.03828299791e-07,7.23493153251e-05,2.61524415129e-08
80.3,4.99064654694e-07,7.22916942444e-05,2.59180463858e-08
80.35,4.94345925791e-07,7.2234224808e-05,2.56858125539e-08
80.4,4.89671690862e-07,7.21768955862e-05,2.54557150602e-08
80.45,4.85041531644e-07,7.21197058163e-05,2.52277138935e-08
80.5,4.80455033792e-07,7.206265474e-05,2.50017297621e-08
80.55,4.75911786844e-07,7.20057416036e-05,2.47777450999e-08
80.6,4.71411384182e-07,7.19489656574e-05,2.45557424905e-08
80.65,4.66953422998e-07,7.18923261557e-05,2.43357307942e-08
80.7,4.62537504258e-07,7.18358223564e-05,2.41176662427e-08
80.75,4.58163232669e-07,7.1779453522e-05,2.39015318696e-08
80.8,4.53830216639e-07,7.17232189185e-05,2.36873108533e-08
80.85,4.49540314839e-07,7.16671178162e-05,2.34750651121e-08
80.9,4.45290851684e-07,7.16111494978e-05,2.32647718369e-08
80.95,4.41081447156e-07,7.15553132406e-05,2.30563944604e-08
81.0,4.36911724798e-07,7.14996083256e-05,2.28498605153e-08
81.05,4.32781311675e-07,7.14440340383e-05,2.26451539475e-08
81.1,4.28689838348e-07,7.13885896681e-05,2.24422588396e-08
81.15,4.24636938838e-07,7.13332745083e-05,2.22411832892e-08
81.2,4.20622250591e-07,7.12780878555e-05,2.20418872952e-08
81.25,4.16645414451e-07,7.12230903599e-05,2.18443553514e-08
81.3,4.12706074628e-07,7.11682778976e-05,2.16485720841e-08
81.35,4.0880387866e-07,7.11135922536e-05,2.14545940822e-08
81.4,4.04938477392e-07,7.10590327355e-05,2.12624005e-08
81.45,4.01109524935e-07,7.1004598655e-05,2.10719579172e-08
81.5,3.97316678644e-07,7.09502981431e-05,2.08832001041e-08
81.55,3.93559599082e-07,7.0896450153e-05,2.06961123879e-08
81.6,3.89837949994e-07,7.08427267359e-05,2.05106802214e-08
81.65,3.86151398274e-07,7.07891260749e-05,2.03269110053e-08
81.7,3.82499613938e-07,7.07356474916e-05,2.01447681813e-08
81.75,3.78882270093e-07,7.06822903113e-05,1.99642375778e-08
81.8,3.75299042909e-07,7.06291235743e-05,1.97853051442e-08
81.85,3.71751469432e-07,7.05761224281e-05,1.96080225991e-08
81.9,3.68237337062e-07,7.05232410723e-05,1.94323708907e-08
81.95,3.64756331539e-07,7.04704788431e-05,1.92583194753e-08
82.0,3.61308141548e-07,7.04178350803e-05,1.90858078234e-08
82.05,3.5789245869e-07,7.03653091277e-05,1.89148225252e-08
82.1,3.54508977451e-07,7.03129003332e-05,1.87453502855e-08
82.15,3.51157395181e-07,7.02606080479e-05,1.8577397868e-08
82.2,3.47837412066e-07,7.02084316266e-05,1.8410931861e-08
82.25,3.44548731096e-07,7.01563704279e-05,1.82459393125e-08
82.3,3.41291058047e-07,7.0104423814e-05,1.80824073814e-08
82.35,3.3806410145e-07,7.00525911506e-05,1.79203833348e-08
82.4,3.34867572564e-07,7.00008718066e-05,1.77598497607e-08
82.45,3.31701185356e-07,6.99492651544e-05,1.76007787444e-08
82.5,3.28564656472e-07,6.98977705701e-05,1.74431149659e-08
82.55,3.25457705212e-07,6.98463874338e-05,1.72868461696e-08
82.6,3.22380053505e-07,6.97951151288e-05,1.71319602047e-08
82.65,3.19331425888e-07,6.97439530421e-05,1.69784632528e-08
82.7,3.16311549476e-07,6.96929005642e-05,1.68263247776e-08
82.75,3.13320153942e-07,6.9641981787e-05,1.66755329422e-08
82.8,3.10356971494e-07,6.95912631924e-05,1.65260760106e-08
82.85,3.07423273204e-07,6.95406527895e-05,1.63779971817e-08
82.9,3.04517229342e-07,6.94901499845e-05,1.62312805421e-08
82.95,3.0163858003e-07,6.94397541808e-05,1.60859005796e-08
83.0,2.98787067821e-07,6.93894820068e-05,1.59418067356e-08
83.05,2.95962437683e-07,6.93395986533e-05,1.57989878094e-08
83.1,2.93164436968e-07,6.92898213393e-05,1.56574326959e-08
83.15,2.90392815397e-07,6.92401487295e-05,1.55171470447e-08
83.2,2.87647325035e-07,6.91905802364e-05,1.53781029478e-08
83.25,2.84927720269e-07,6.91411152762e-05,1.52402895869e-08
83.3,2.82233757785e-07,6.90917873619e-05,1.51036962362e-08
83.35,2.79565196552e-07,6.90426403216e-05,1.35980248252e-08
83.4,2.76921797793e-07,6.89936068875e-05,1.05831211593e-08
83.45,2.7430332497e-07,6.8944698977e-05,8.81316658883e-09
83.5,2.71709543761e-07,6.88959054502e-05,8.58180407622e-09
83.55,2.69140222037e-07,6.88472128238e-05,8.5049179181e-09
83.6,2.66595129847e-07,6.8798619254e-05,8.42871217158e-09
83.65,2.64074039393e-07,6.87501241911e-05,6.98285858339e-09
83.7,2.61576725011e-07,6.87017384757e-05,6.76787119824e-09
83.75,2.59102963151e-07,6.86534512488e-05,6.70721550821e-09
83.8,2.5665253236e-07,6.86052606852e-05,6.64709682797e-09
83.85,2.54226483763e-07,6.85571662504e-05,5.217204811e-09
83.9,2.51823304248e-07,6.85091787772e-05,3.64771542168e-09
83.95,2.49442778905e-07,6.84612987994e-05,3.46263353402e-09
84.0,2.47084694839e-07,6.84135142259e-05,3.43161841069e-09
84.05,2.44748841146e-07,6.8365823256e-05,3.4008776778e-09
84.1,2.42435008898e-07,6.83182253755e-05,3.37040894556e-09
84.15,2.40142991124e-07,6.82707200734e-05,3.34020984458e-09
84.2,2.37872582792e-07,6.82233068412e-05,3.31027802568e-09
84.25,2.3562358079e-07,6.81759851735e-05,3.28061115976e-09
84.3,2.33395783908e-07,6.81288581413e-05,3.25120693752e-09
84.35,2.31188992821e-07,6.8081832374e-05,1.85174074443e-09
84.4,2.29003010073e-07,6.80349083427e-05,1.68273023288e-09
84.45,2.26837640055e-07,6.79880753228e-05,1.66766113186e-09
84.5,2.24692688993e-07,6.79413315455e-05,1.6527253109e-09
84.55,2.22567964925e-07,6.78946765217e-05,1.6379216096e-09
84.6,2.20463277692e-07,6.7848109765e-05,1.62324887748e-09
84.65,2.18378438913e-07,6.78016307917e-05,1.60870597385e-09
84.7,2.16313261975e-07,6.77554526155e-05,1.59429176777e-09
84.75,2.1426756201e-07,6.77094130713e-05,1.58000513795e-09
84.8,2.12241155885e-07,6.76634599705e-05,1.56584497267e-09
84.85,2.10234912838e-07,6.76177029667e-05,1.5518101697e-09
84.9,2.08247581587e-07,6.75720318224e-05,1.53789963615e-09
84.95,2.06278984412e-07,6.752644606e-05,1.53789963547e-10
85.0,2.04328945255e-07,6.74809562896e-05,0.0
85.05,2.02397289708e-07,6.74355519975e-05,0.0
85.1,2.00483844996e-07,6.73902314638e-05,0.0
85.15,1.98588439963e-07,6.73449942248e-05,0.0
85.2,1.96710905055e-07,6.72998398193e-05,0.0
85.25,1.94851072307e-07,6.72547677888e-05,0.0
85.3,1.93008775326e-07,6.72097776778e-05,0.0
85.35,1.91183849281e-07,6.7164869033e-05,0.0
85.4,1.8937613088e-07,6.71200414042e-05,0.0
85.45,1.87585458366e-07,6.70752943434e-05,0.0
85.5,1.85811671493e-07,6.70306274056e-05,0.0
85.55,1.84054611518e-07,6.69860401482e-05,0.0
85.6,1.82314121187e-07,6.69415321313e-05,0.0
85.65,1.80590044716e-07,6.68971029175e-05,0.0
85.7,1.78882227783e-07,6.6852752072e-05,0.0
85.75,1.77190517512e-07,6.68084791626e-05,0.0
85.8,1.75514762458e-07,6.67643514188e-05,0.0
85.85,1.73855681445e-07,6.67203449455e-05,0.0
85.9,1.72212239715e-07,6.6676415503e-05,0.0
85.95,1.705842903e-07,6.66325626655e-05,0.0
86.0,1.68971687607e-07,6.65887860098e-05,0.0
86.05,1.67374287409e-07,6.65450851151e-05,0.0
86.1,1.65791946827e-07,6.65014595632e-05,0.0
86.15,1.64224524323e-07,6.64579089383e-05,0.0
86.2,1.62671879681e-07,6.64144328271e-05,0.0
86.25,1.61133874003e-07,6.63710308188e-05,0.0
86.3,1.59610369687e-07,6.63277025049e-05,0.0
86.35,1.58101230425e-07,6.6284522718e-05,0.0
86.4,1.56606321182e-07,6.62414487711e-05,0.0
86.45,1.55125508191e-07,6.61984476688e-05,0.0
86.5,1.53658658934e-07,6.61555190091e-05,0.0
86.55,1.52205642139e-07,6.61128488187e-05,0.0
86.6,1.50766327762e-07,6.60702974107e-05,0.0
86.65,1.49340586977e-07,6.60278173687e-05,0.0
86.7,1.47928292165e-07,6.59854082941e-05,0.0
86.75,1.46529316904e-07,6.59430697906e-05,0.0
86.8,1.45143535956e-07,6.59008014644e-05,0.0
86.85,1.43771543759e-07,6.58586029241e-05,0.0
86.9,1.42412484609e-07,6.58164737834e-05,0.0
86.95,1.41066236971e-07,6.57744136557e-05,0.0
87.0,1.39732680445e-07,6.57324221564e-05,0.0
87.05,1.3841169576e-07,6.56904989036e-05,0.0
87.1,1.37103164763e-07,6.56486435175e-05,0.0
87.15,1.35806970406e-07,6.56068556207e-05,0.0
87.2,1.34522996738e-07,6.5565134838e-05,0.0
87.25,1.33251128894e-07,6.55234807967e-05,0.0
87.3,1.31991253085e-07,6.54819263027e-05,0.0
87.35,1.30743256588e-07,6.54405142049e-05,0.0
87.4,1.13099196267e-07,6.53991681081e-05,0.0
87.45,8.7405730311e-08,6.53578229142e-05,0.0
87.5,8.65792316133e-08,6.53164469821e-05,0.0
87.55,8.57605268394e-08,6.52751387293e-05,0.0
87.6,8.49495427159e-08,6.52338977596e-05,0.0
87.65,8.41462066558e-08,6.51927236791e-05,0.0
87.7,8.33504467523e-08,6.51516160968e-05,0.0
87.75,8.25621917723e-08,6.51105746241e-05,0.0
87.8,8.17813711501e-08,6.5069598875e-05,0.0
87.85,8.10083198229e-08,6.50287301824e-05,0.0
87.9,8.02425556434e-08,6.498799075e-05,0.0
87.95,7.94840101314e-08,6.49473162525e-05,0.0
88.0,7.87326154483e-08,6.49067063109e-05,0.0
88.05,7.79883043906e-08,6.48661605485e-05,0.0
88.1,7.72510103841e-08,6.4825678591e-05,0.0
88.15,7.65206674784e-08,6.47852600669e-05,0.0
88.2,7.57972103406e-08,6.4744904607e-05,0.0
88.25,7.50805742499e-08,6.47046118445e-05,0.0
88.3,7.43706950916e-08,6.46643814152e-05,0.0
88.35,7.36675093516e-08,6.46242129571e-05,0.0
88.4,7.29709541109e-08,6.45841061108e-05,0.0
88.45,7.22809670397e-08,6.45440605193e-05,0.0
88.5,7.15974863924e-08,6.45040758278e-05,0.0
88.55,7.09204510016e-08,6.4464151684e-05,0.0
88.6,7.02498002732e-08,6.4424440213e-05,0.0
88.65,6.95854741807e-08,6.43848423843e-05,0.0
88.7,6.89274132601e-08,6.43453041827e-05,0.0
88.75,6.82755586045e-08,6.43058252601e-05,0.0
88.8,6.7629851859e-08,6.42664052709e-05,0.0
88.85,6.69905700029e-08,6.42271512808e-05,0.0
88.9,6.63573143202e-08,6.41879558964e-05,0.0
88.95,6.57300281806e-08,6.41488187757e-05,0.0
89.0,6.51086554842e-08,6.41097395786e-05,0.0
89.05,6.44931406565e-08,6.40707179677e-05,0.0
89.1,6.38834286435e-08,6.40317536075e-05,0.0
89.15,6.32794649067e-08,6.3992846165e-05,0.0
89.2,6.26811954186e-08,6.39539953095e-05,0.0
89.25,6.20885666577e-08,6.39152007123e-05,0.0
89.3,6.15015256037e-08,6.38764620471e-05,0.0
89.35,6.09200197332e-08,6.38377884394e-05,0.0
89.4,6.03439970145e-08,6.37992646187e-05,0.0
89.45,5.97734059037e-08,6.37607961084e-05,0.0
89.5,5.92081953396e-08,6.37223825874e-05,0.0
89.55,5.86483147392e-08,6.36840237371e-05,0.0
89.6,5.80937139936e-08,6.3645719241e-05,0.0
89.65,5.75443434635e-08,6.36074687846e-05,0.0
89.7,5.70001539745e-08,6.35692720558e-05,0.0
89.75,5.64610968131e-08,6.35311287442e-05,0.0
89.8,5.5927123722e-08,6.34930385419e-05,0.0
89.85,5.5398463752e-08,6.34550011429e-05,0.0
89.9,5.48747871811e-08,6.34170162443e-05,0.0
89.95,5.43560471783e-08,6.33790835443e-05,0.0
90.0,5.38421973515e-08,6.3341202743e-05,0.0
90.05,5.33331917426e-08,6.33033735426e-05,0.0
90.1,5.28289848244e-08,6.32655956474e-05,0.0
90.15,5.23295314957e-08,6.32278687636e-05,0.0
90.2,5.18347870779e-08,6.31901925994e-05,0.0
90.25,5.1344707311e-08,6.3152566865e-05,0.0
90.3,5.08592483494e-08,6.31149912725e-05,0.0
90.35,5.03783667584e-08,6.30775390497e-05,0.0
90.4,4.99020195098e-08,6.30401685971e-05,0.0
90.45,4.9430163979e-08,6.30028477823e-05,0.0
90.5,4.89627579403e-08,6.29655763218e-05,0.0
90.55,4.84997595639e-08,6.29283539343e-05,0.0
90.6,4.80411274117e-08,6.28911803401e-05,0.0
90.65,4.75868204339e-08,6.28540552615e-05,0.0
90.7,4.71367979654e-08,6.2816978423e-05,0.0
90.75,4.6691019722e-08,6.27799495504e-05,0.0
90.8,4.62494457971e-08,6.27429683718e-05,0.0
90.85,4.58122656061e-08,6.27060346171e-05,0.0
90.9,4.53792064826e-08,6.2669406027e-05,0.0
90.95,4.49502296992e-08,6.26328489275e-05,0.0
91.0,4.45252968914e-08,6.25963389337e-05,0.0
91.05,4.41043700539e-08,6.25598757751e-05,0.0
91.1,4.36874115375e-08,6.25234591831e-05,0.0
91.15,4.32743840453e-08,6.24870888909e-05,0.0
91.2,4.28652506301e-08,6.24507646334e-05,0.0
91.25,4.24599746905e-08,6.24144861474e-05,0.0
91.3,4.20585199681e-08,6.23782531717e-05,0.0
91.35,4.1660850544e-08,6.23420654466e-05,0.0
91.4,2.48590993665e-08,6.23059227144e-05,0.0
91.45,0.0,6.22697626518e-05,0.0
91.5,0.0,6.22335550246e-05,0.0
91.55,0.0,6.21973943052e-05,0.0
91.6,0.0,6.21612802078e-05,0.0
91.65,0.0,6.21252124491e-05,0.0
91.7,0.0,6.20891907478e-05,0.0
91.75,0.0,6.20532148247e-05,0.0
91.8,0.0,6.20172844025e-05,0.0
91.85,0.0,6.19814400314e-05,0.0
91.9,0.0,6.19457035393e-05,0.0
91.95,0.0,6.19100120677e-05,0.0
92.0,0.0,6.18743653443e-05,0.0
92.05,0.0,6.18387630989e-05,0.0
92.1,0.0,6.18032050635e-05,0.0
92.15,0.0,6.1767690972e-05,0.0
92.2,0.0,6.17322205601e-05,0.0
92.25,0.0,6.16967935657e-05,0.0
92.3,0.0,6.16614097286e-05,0.0
92.35,0.0,6.16260687906e-05,0.0
92.4,0.0,6.15908191253e-05,0.0
92.45,0.0,6.15556636647e-05,0.0
92.5,0.0,6.15205506671e-05,0.0
92.55,0.0,6.14854798787e-05,0.0
92.6,0.0,6.14504510475e-05,0.0
92.65,0.0,6.14154639237e-05,0.0
92.7,0.0,6.13805182591e-05,0.0
92.75,0.0,6.13456138073e-05,0.0
92.8,0.0,6.1310750324e-05,0.0
92.85,0.0,6.12759275664e-05,0.0
92.9,0.0,6.12411452938e-05,0.0
92.95,0.0,6.12064032671e-05,0.0
93.0,0.0,6.11717012491e-05,0.0
93.05,0.0,6.11370390042e-05,0.0
93.1,0.0,6.11024162987e-05,0.0
93.15,0.0,6.10678329006e-05,0.0
93.2,0.0,6.10332885796e-05,0.0
93.25,0.0,6.09987831072e-05,0.0
93.3,0.0,6.09643162565e-05,0.0
93.35,0.0,6.09298970627e-05,0.0
93.4,0.0,6.0895644408e-05,0.0
93.45,0.0,6.08615529023e-05,0.0
93.5,0.0,6.08274996536e-05,0.0
93.55,0.0,6.07934843944e-05,0.0
93.6,0.0,6.07595069008e-05,0.0
93.65,0.0,6.07255669507e-05,0.0
93.7,0.0,6.06916643236e-05,0.0
93.75,0.0,6.06577988008e-05,0.0
93.8,0.0,6.06239701649e-05,0.0
93.85,0.0,6.05901782004e-05,0.0
93.9,0.0,6.05564406216e-05,0.0
93.95,0.0,6.05228200049e-05,0.0
94.0,0.0,6.04892357413e-05,0.0
94.05,0.0,6.04556876186e-05,0.0
94.1,0.0,6.04221754261e-05,0.0
94.15,0.0,6.03886989549e-05,0.0
94.2,0.0,6.03552579974e-05,0.0
94.25,0.0,6.03218523476e-05,0.0
94.3,0.0,6.02884818012e-05,0.0
94.35,0.0,6.02551461554e-05,0.0
94.4,0.0,6.02218452087e-05,0.0
94.45,0.0,6.01885787614e-05,0.0
94.5,0.0,6.0155346615e-05,0.0
94.55,0.0,6.01221485727e-05,0.0
94.6,0.0,6.00889844392e-05,0.0
94.65,0.0,6.00558540204e-05,0.0
94.7,0.0,6.00227571239e-05,0.0
94.75,0.0,5.99896935586e-05,0.0
94.8,0.0,5.99566631349e-05,0.0
94.85,0.0,5.99236656647e-05,0.0
94.9,0.0,5.98907798674e-05,0.0
94.95,0.0,5.9857948146e-05,0.0
95.0,0.0,5.98251491433e-05,0.0
95.05,0.0,5.97923826737e-05,0.0
95.1,0.0,5.97596485528e-05,0.0
95.15,0.0,5.97269465978e-05,0.0
95.2,0.0,5.96942766269e-05,0.0
95.25,0.0,5.96616384602e-05,0.0
95.3,0.0,5.96290319186e-05,0.0
95.35,0.0,5.95964568247e-05,0.0
95.4,0.0,5.95639130023e-05,0.0
95.45,0.0,5.95314854826e-05,0.0
95.5,0.0,5.94991009114e-05,0.0
95.55,0.0,5.94667474016e-05,0.0
95.6,0.0,5.94344247794e-05,0.0
95.65,0.0,5.9402132872e-05,0.0
95.7,0.0,5.93698715082e-05,0.0
95.75,0.0,5.93376405179e-05,0.0
95.8,0.0,5.93054397323e-05,0.0
95.85,0.0,5.92732689838e-05,0.0
95.9,0.0,5.92411281061e-05,0.0
95.95,0.0,5.92090169343e-05,0.0
96.0,0.0,5.91769353044e-05,0.0
96.05,0.0,5.91448830539e-05,0.0
96.1,0.0,5.91128600213e-05,0.0
96.15,0.0,5.90808660466e-05,0.0
96.2,0.0,5.90489009708e-05,0.0
96.25,0.0,5.90170660303e-05,0.0
96.3,0.0,5.89852974032e-05,0.0
96.35,0.0,5.89535573782e-05,0.0
96.4,0.0,5.89218935649e-05,0.0
96.45,0.0,5.88903089341e-05,0.0
96.5,0.0,5.88587527484e-05,0.0
96.55,0.0,5.88272248504e-05,0.0
96.6,0.0,5.87957250842e-05,0.0
96.65,0.0,5.87642532949e-05,0.0
96.7,0.0,5.87328093288e-05,0.0
96.75,0.0,5.87013930332e-05,0.0
96.8,0.0,5.86700042569e-05,0.0
96.85,0.0,5.86386428495e-05,0.0
96.9,0.0,5.86073086619e-05,0.0
96.95,0.0,5.85760564694e-05,0.0
97.0,0.0,5.85448718382e-05,0.0
97.05,0.0,5.85137142881e-05,0.0
97.1,0.0,5.84825836717e-05,0.0
97.15,0.0,5.84514798423e-05,0.0
97.2,0.0,5.84204026546e-05,0.0
97.25,0.0,5.83893519643e-05,0.0
97.3,0.0,5.83583276282e-05,0.0
97.35,0.0,5.83273295042e-05,0.0
97.4,0.0,5.82963574512e-05,0.0
97.45,0.0,5.82654113291e-05,0.0
97.5,0.0,5.8234490999e-05,0.0
97.55,0.0,5.8203596323e-05,0.0
97.6,0.0,5.81727271642e-05,0.0
97.65,0.0,5.81418833867e-05,0.0
97.7,0.0,5.81110648557e-05,0.0
97.75,0.0,5.80802714374e-05,0.0
97.8,0.0,5.80495029989e-05,0.0
97.85,0.0,5.80187594084e-05,0.0
97.9,0.0,5.79880581622e-05,0.0
97.95,0.0,5.79574608657e-05,0.0
98.0,0.0,5.7926888335e-05,0.0
98.05,0.0,5.78963404393e-05,0.0
98.1,0.0,5.78658170487e-05,0.0
98.15,0.0,5.78353180343e-05,0.0
98.2,0.0,5.78048432681e-05,0.0
98.25,0.0,5.77743926233e-05,0.0
98.3,0.0,5.77439659738e-05,0.0
98.35,0.0,5.77135631945e-05,0.0
98.4,0.0,5.76831841613e-05,0.0
98.45,0.0,5.76528543547e-05,0.0
98.5,0.0,5.76226163932e-05,0.0
98.55,0.0,5.75924021078e-05,0.0
98.6,0.0,5.75622113754e-05,0.0
98.65,0.0,5.75320440735e-05,0.0
98.7,0.0,5.75019000807e-05,0.0
98.75,0.0,5.74717792765e-05,0.0
98.8,0.0,5.74416815412e-05,0.0
98.85,0.0,5.74116067562e-05,0.0
98.9,0.0,5.73815548036e-05,0.0
98.95,0.0,5.73515255665e-05,0.0
99.0,0.0,5.73215189287e-05,0.0
99.05,0.0,5.72915347751e-05,0.0
99.1,0.0,5.72615729912e-05,0.0
99.15,0.0,5.72316334637e-05,0.0
99.2,0.0,5.72017160799e-05,0.0
99.25,0.0,5.71718207279e-05,0.0
99.3,0.0,5.71419472968e-05,0.0
99.35,0.0,5.7112134003e-05,0.0
99.4,0.0,5.70824269876e-05,0.0
99.45,0.0,5.705282559e-05,0.0
99.5,0.0,5.7023257681e-05,0.0
99.55,0.0,5.69937116216e-05,0.0
99.6,0.0,5.69641873001e-05,0.0
99.65,0.0,5.6934684605e-05,0.0
99.7,0.0,5.69052034262e-05,0.0
99.75,0.0,5.6875743654e-05,0.0
99.8,0.0,5.68463051798e-05,0.0
99.85,0.0,5.68168878958e-05,0.0
99.9,0.0,5.67874916949e-05,0.0
99.95,0.0,5.67581164709e-05,0.0
100.0,0.0,5.67288517151e-05,0.0
