"time","AMPA","NMDA","GABAa"
0.0,0.0,0.0,0.0
0.05,0.0,0.0,0.0
0.1,0.0,0.0,0.0
0.15,0.0,0.0,0.0
0.2,0.0,0.0,0.0
0.25,0.0,0.0,0.0
0.3,0.0,0.0,0.0
0.35,0.0,0.0,0.0
0.4,0.0,0.0,0.0
0.45,0.0,0.0,0.0
0.5,0.0,0.0,0.0
0.55,0.0,0.0,0.0
0.6,0.0,0.0,0.0
0.65,0.0,0.0,0.0
0.7,0.0,0.0,0.0
0.75,0.0,0.0,0.0
0.8,0.0,0.0,0.0
0.85,0.0,0.0,0.0
0.9,0.0,0.0,0.0
0.95,0.0,0.0,0.0
1.0,0.0,0.0,0.0
1.05,0.0,0.0,0.0
1.1,0.0,0.0,0.0
1.15,0.0,0.0,0.0
1.2,0.0,0.0,0.0
1.25,0.0,0.0,0.0
1.3,0.0,0.0,0.0
1.35,0.0,0.0,0.0
1.4,0.0,0.0,0.0
1.45,0.0,0.0,0.0
1.5,0.0,0.0,0.0
1.55,0.0,0.0,0.0
1.6,0.0,0.0,0.0
1.65,0.0,0.0,0.0
1.7,0.0,0.0,0.0
1.75,0.0,0.0,0.0
1.8,0.0,0.0,0.0
1.85,0.0,0.0,0.0
1.9,0.0,0.0,0.0
1.95,0.0,0.0,0.0
2.0,0.0,0.0,0.0
2.05,0.0,0.0,0.0
2.1,0.0,0.0,0.0
2.15,0.0,0.0,0.0
2.2,0.0,0.0,0.0
2.25,0.0,0.0,0.0
2.3,0.0,0.0,0.0
2.35,0.0,0.0,0.0
2.4,0.0,0.0,0.0
2.45,0.0,0.0,0.0
2.5,0.0,0.0,0.0
2.55,0.0,0.0,0.0
2.6,0.0,0.0,0.0
2.65,0.0,0.0,0.0
2.7,0.0,0.0,0.0
2.75,0.0,0.0,0.0
2.8,0.0,0.0,0.0
2.85,0.0,0.0,0.0
2.9,0.0,0.0,0.0
2.95,0.0,0.0,0.0
3.0,0.0,0.0,0.0
3.05,0.0,0.0,0.0
3.1,0.0,0.0,0.0
3.15,0.0,0.0,0.0
3.2,0.0,0.0,0.0
3.25,0.0,0.0,0.0
3.3,0.0,0.0,0.0
3.35,0.0,0.0,0.0
3.4,0.0,0.0,0.0
3.45,0.0,0.0,0.0
3.5,0.0,0.0,0.0
3.55,0.0,0.0,0.0
3.6,0.0,0.0,0.0
3.65,0.0,0.0,0.0
3.7,0.0,0.0,0.0
3.75,0.0,0.0,0.0
3.8,0.0,0.0,0.0
3.85,0.0,0.0,0.0
3.9,0.0,0.0,0.0
3.95,0.0,0.0,0.0
4.0,0.0,0.0,0.0
4.05,0.0,0.0,0.0
4.1,0.0,0.0,0.0
4.15,0.0,0.0,0.0
4.2,0.0,0.0,0.0
4.25,0.0,0.0,0.0
4.3,0.0,0.0,0.0
4.35,0.0,0.0,0.0
4.4,0.0,0.0,0.0
4.45,0.0,0.0,0.0
4.5,0.0,0.0,0.0
4.55,0.0,0.0,0.0
4.6,0.0,0.0,0.0
4.65,0.0,0.0,0.0
4.7,0.0,0.0,0.0
4.75,0.0,0.0,0.0
4.8,0.0,0.0,0.0
4.85,0.0,0.0,0.0
4.9,0.0,0.0,0.0
4.95,0.0,0.0,0.0
5.0,0.0,0.0,0.0
5.05,0.0,0.0,0.0
5.1,0.0,0.0,0.0
5.15,0.0,0.0,0.0
5.2,0.0,0.0,0.0
5.25,0.0,0.0,0.0
5.3,0.0,0.0,0.0
5.35,0.0,0.0,0.0
5.4,0.0,0.0,0.0
5.45,0.0,0.0,0.0
5.5,0.0,0.0,0.0
5.55,0.0,0.0,0.0
5.6,0.0,0.0,0.0
5.65,0.0,0.0,0.0
5.7,0.0,0.0,0.0
5.75,0.0,0.0,0.0
5.8,0.0,0.0,0.0
5.85,0.0,0.0,0.0
5.9,0.0,0.0,0.0
5.95,0.0,0.0,0.0
6.0,0.0,0.0,0.0
6.05,0.0,0.0,0.0
6.1,0.0,0.0,0.0
6.15,0.0,0.0,0.0
6.2,0.0,0.0,0.0
6.25,0.0,0.0,0.0
6.3,0.0,0.0,0.0
6.35,0.0,0.0,0.0
6.4,0.0,0.0,0.0
6.45,0.0,0.0,0.0
6.5,0.0,0.0,0.0
6.55,0.0,0.0,0.0
6.6,0.0,0.0,0.0
6.65,0.0,0.0,0.0
6.7,0.0,0.0,0.0
6.75,0.0,0.0,0.0
6.8,0.0,0.0,0.0
6.85,0.0,0.0,0.0
6.9,0.0,0.0,0.0
6.95,0.0,0.0,0.0
7.0,0.0,0.0,0.0
7.05,0.0,0.0,0.0
7.1,0.0,0.0,0.0
7.15,0.0,0.0,0.0
7.2,0.0,0.0,0.0
7.25,0.0,0.0,0.0
7.3,0.0,0.0,0.0
7.35,0.0,0.0,0.0
7.4,0.0,0.0,0.0
7.45,0.0,0.0,0.0
7.5,0.0,0.0,0.0
7.55,0.0,0.0,0.0
7.6,0.0,0.0,0.0
7.65,0.0,0.0,0.0
7.7,0.0,0.0,0.0
7.75,0.0,0.0,0.0
7.8,0.0,0.0,0.0
7.85,0.0,0.0,0.0
7.9,0.0,0.0,0.0
7.95,0.0,0.0,0.0
8.0,0.0,0.0,0.0
8.05,0.0,0.0,0.0
8.1,0.0,0.0,0.0
8.15,0.0,0.0,0.0
8.2,0.0,0.0,0.0
8.25,0.0,0.0,0.0
8.3,0.0,0.0,0.0
8.35,0.0,0.0,0.0
8.4,0.0,0.0,0.0
8.45,0.0,0.0,0.0
8.5,0.0,0.0,0.0
8.55,0.0,0.0,0.0
8.6,0.0,0.0,0.0
8.65,0.0,0.0,0.0
8.7,0.0,0.0,0.0
8.75,0.0,0.0,0.0
8.8,0.0,0.0,0.0
8.85,0.0,0.0,0.0
8.9,0.0,0.0,0.0
8.95,0.0,0.0,0.0
9.0,0.0,0.0,0.0
9.05,0.0,0.0,0.0
9.1,0.0,0.0,0.0
9.15,0.0,0.0,0.0
9.2,0.0,0.0,0.0
9.25,0.0,0.0,0.0
9.3,0.0,0.0,0.0
9.35,0.0,0.0,0.0
9.4,0.0,0.0,0.0
9.45,0.0,0.0,0.0
9.5,0.0,0.0,0.0
9.55,0.0,0.0,0.0
9.6,0.0,0.0,0.0
9.65,0.0,0.0,0.0
9.7,0.0,0.0,0.0
9.75,0.0,0.0,0.0
9.8,0.0,0.0,0.0
9.85,0.0,0.0,0.0
9.9,0.0,0.0,0.0
9.95,0.0,0.0,0.0
10.0,0.0,0.0,0.0
10.05,0.0,0.0,0.0
10.1,0.0,0.0,0.0
10.15,0.0,0.0,0.0
10.2,0.0,0.0,0.0
10.25,0.0,0.0,0.0
10.3,0.0,0.0,0.0
10.35,0.0,0.0,0.0
10.4,0.0,0.0,0.0
10.45,0.0,0.0,0.0
10.5,0.0,0.0,0.0
10.55,0.0,0.0,0.0
10.6,0.0,0.0,0.0
10.65,0.0,0.0,0.0
10.7,0.0,0.0,0.0
10.75,0.0,0.0,0.0
10.8,0.0,0.0,0.0
10.85,0.0,0.0,0.0
10.9,0.0,0.0,0.0
10.95,0.0,0.0,0.0
11.0,0.0,0.0,0.0
11.05,0.0,0.0,0.0
11.1,0.0,0.0,0.0
11.15,0.0,0.0,0.0
11.2,0.0,0.0,0.0
11.25,0.0,0.0,0.0
11.3,0.0,0.0,0.0
11.35,0.0,0.0,0.0
11.4,0.0,0.0,0.0
11.45,0.0,0.0,0.0
11.5,0.0,0.0,0.0
11.55,0.0,0.0,0.0
11.6,0.0,0.0,0.0
11.65,0.0,0.0,0.0
11.7,0.0,0.0,0.0
11.75,0.0,0.0,0.0
11.8,0.0,0.0,0.0
11.85,0.0,0.0,0.0
11.9,0.0,0.0,0.0
11.95,0.0,0.0,0.0
12.0,0.0,0.0,0.0
12.05,0.0,0.0,0.0
12.1,0.0,0.0,0.0
12.15,0.0,0.0,0.0
12.2,0.0,0.0,0.0
12.25,0.0,0.0,0.0
12.3,0.0,0.0,0.0
12.35,0.0,0.0,0.0
12.4,0.0,0.0,0.0
12.45,0.0,0.0,0.0
12.5,0.0,0.0,0.0
12.55,0.0,0.0,0.0
12.6,0.0,0.0,0.0
12.65,0.0,0.0,0.0
12.7,0.0,0.0,0.0
12.75,0.0,0.0,0.0
12.8,0.0,0.0,0.0
12.85,0.0,0.0,0.0
12.9,0.0,0.0,0.0
12.95,0.0,0.0,0.0
13.0,0.0,0.0,0.0
13.05,0.0,0.0,0.0
13.1,0.0,0.0,0.0
13.15,0.0,0.0,0.0
13.2,0.0,0.0,0.0
13.25,0.0,0.0,0.0
13.3,0.0,0.0,0.0
13.35,0.0,0.0,0.0
13.4,0.0,0.0,0.0
13.45,0.0,0.0,0.0
13.5,0.0,0.0,0.0
13.55,0.0,0.0,0.0
13.6,0.0,0.0,0.0
13.65,0.0,0.0,0.0
13.7,0.0,0.0,0.0
13.75,0.0,0.0,0.0
13.8,0.0,0.0,0.0
13.85,0.0,0.0,0.0
13.9,0.0,0.0,0.0
13.95,0.0,0.0,0.0
14.0,0.0,0.0,0.0
14.05,0.0,0.0,0.0
14.1,0.0,0.0,0.0
14.15,0.0,0.0,0.0
14.2,0.0,0.0,0.0
14.25,0.0,0.0,0.0
14.3,0.0,0.0,0.0
14.35,0.0,0.0,0.0
14.4,0.0,0.0,0.0
14.45,0.0,0.0,0.0
14.5,0.0,0.0,0.0
14.55,0.0,0.0,0.0
14.6,0.0,0.0,0.0
14.65,0.0,0.0,0.0
14.7,0.0,0.0,0.0
14.75,0.0,0.0,0.0
14.8,0.0,0.0,0.0
14.85,0.0,0.0,0.0
14.9,0.0,0.0,0.0
14.95,0.0,0.0,0.0
15.0,0.0,0.0,0.0
15.05,0.0,0.0,0.0
15.1,0.0,0.0,0.0
15.15,0.0,0.0,0.0
15.2,0.0,0.0,0.0
15.25,0.0,0.0,0.0
15.3,0.0,0.0,0.0
15.35,0.0,0.0,0.0
15.4,0.0,0.0,0.0
15.45,0.0,0.0,0.0
15.5,0.0,0.0,0.0
15.55,0.0,0.0,0.0
15.6,0.0,0.0,0.0
15.65,0.0,0.0,0.0
15.7,0.0,0.0,0.0
15.75,0.0,0.0,0.0
15.8,0.0,0.0,0.0
15.85,0.0,0.0,0.0
15.9,0.0,0.0,0.0
15.95,0.0,0.0,0.0
16.0,0.0,0.0,0.0
16.05,0.0,0.0,0.0
16.1,0.0,0.0,0.0
16.15,0.0,0.0,0.0
16.2,0.0,0.0,0.0
16.25,0.0,0.0,0.0
16.3,0.0,0.0,0.0
16.35,0.0,0.0,0.0
16.4,0.0,0.0,0.0
16.45,0.0,0.0,0.0
16.5,0.0,0.0,0.0
16.55,0.0,0.0,0.0
16.6,0.0,0.0,0.0
16.65,0.0,0.0,0.0
16.7,0.0,0.0,0.0
16.75,0.0,0.0,0.0
16.8,0.0,0.0,0.0
16.85,0.0,0.0,0.0
16.9,0.0,0.0,0.0
16.95,0.0,0.0,0.0
17.0,0.0,0.0,0.0
17.05,0.0,0.0,0.0
17.1,0.0,0.0,0.0
17.15,0.0,0.0,0.0
17.2,0.0,0.0,0.0
17.25,0.0,0.0,0.0
17.3,0.0,0.0,0.0
17.35,0.0,0.0,0.0
17.4,0.0,0.0,0.0
17.45,0.0,0.0,0.0
17.5,0.0,0.0,0.0
17.55,0.0,0.0,0.0
17.6,0.0,0.0,0.0
17.65,0.0,0.0,0.0
17.7,0.0,0.0,0.0
17.75,0.0,0.0,0.0
17.8,0.0,0.0,0.0
17.85,0.0,0.0,0.0
17.9,0.0,0.0,0.0
17.95,0.0,0.0,0.0
18.0,0.0,0.0,0.0
18.05,0.0,0.0,0.0
18.1,0.0,0.0,0.0
18.15,0.0,0.0,0.0
18.2,0.0,0.0,0.0
18.25,0.0,0.0,0.0
18.3,0.0,0.0,0.0
18.35,0.0,0.0,0.0
18.4,0.0,0.0,0.0
18.45,0.0,0.0,0.0
18.5,0.0,0.0,0.0
18.55,0.0,0.0,0.0
18.6,0.0,0.0,0.0
18.65,0.0,0.0,0.0
18.7,0.0,0.0,0.0
18.75,0.0,0.0,0.0
18.8,0.0,0.0,0.0
18.85,0.0,0.0,0.0
18.9,0.0,0.0,0.0
18.95,0.0,0.0,0.0
19.0,0.0,0.0,0.0
19.05,0.0,0.0,0.0
19.1,0.0,0.0,0.0
19.15,0.0,0.0,0.0
19.2,0.0,0.0,0.0
19.25,0.0,0.0,0.0
19.3,0.0,0.0,0.0
19.35,0.0,0.0,0.0
19.4,0.0,0.0,0.0
19.45,0.0,0.0,0.0
19.5,0.0,0.0,0.0
19.55,0.0,0.0,0.0
19.6,0.0,0.0,0.0
19.65,0.0,0.0,0.0
19.7,0.0,0.0,0.0
19.75,0.0,0.0,0.0
19.8,0.0,0.0,0.0
19.85,0.0,0.0,0.0
19.9,0.0,0.0,0.0
19.95,0.0,0.0,0.0
20.0,0.0,0.0,0.0
20.05,0.0,0.0,0.0
20.1,0.0,0.0,0.0
20.15,0.0,0.0,0.0
20.2,0.0,0.0,0.0
20.25,0.0,0.0,0.0
20.3,0.0,0.0,0.0
20.35,0.0,0.0,0.0
20.4,0.0,0.0,0.0
20.45,0.0,0.0,0.0
20.5,0.0,0.0,0.0
20.55,0.0,0.0,0.0
20.6,0.0,0.0,0.0
20.65,0.0,0.0,0.0
20.7,0.0,0.0,0.0
20.75,0.0,0.0,0.0
20.8,0.0,0.0,0.0
20.85,0.0,0.0,0.0
20.9,0.0,0.0,0.0
20.95,0.0,0.0,0.0
21.0,0.0,0.0,0.0
21.05,0.0,0.0,0.0
21.1,0.0,0.0,0.0
21.15,0.0,0.0,0.0
21.2,0.0,0.0,0.0
21.25,0.0,0.0,0.0
21.3,0.0,0.0,0.0
21.35,0.0,0.0,0.0
21.4,0.0,0.0,0.0
21.45,0.0,0.0,0.0
21.5,0.0,0.0,0.0
21.55,0.0,0.0,0.0
21.6,0.0,0.0,0.0
21.65,0.0,0.0,0.0
21.7,0.0,0.0,0.0
21.75,0.0,0.0,0.0
21.8,0.0,0.0,0.0
21.85,0.0,0.0,0.0
21.9,0.0,0.0,0.0
21.95,0.0,0.0,0.0
22.0,0.0,0.0,0.0
22.05,0.0,0.0,0.0
22.1,0.0,0.0,0.0
22.15,0.0,0.0,0.0
22.2,0.0,0.0,0.0
22.25,0.0,0.0,0.0
22.3,0.0,0.0,0.0
22.35,0.0,0.0,0.0
22.4,0.0,0.0,0.0
22.45,0.0,0.0,0.0
22.5,0.0,0.0,0.0
22.55,0.0,0.0,0.0
22.6,0.0,0.0,0.0
22.65,0.0,0.0,0.0
22.7,0.0,0.0,0.0
22.75,0.0,0.0,0.0
22.8,0.0,0.0,0.0
22.85,0.0,0.0,0.0
22.9,0.0,0.0,0.0
22.95,0.0,0.0,0.0
23.0,0.0,0.0,0.0
23.05,0.0,0.0,0.0
23.1,0.0,0.0,0.0
23.15,0.0,0.0,0.0
23.2,0.0,0.0,0.0
23.25,0.0,0.0,0.0
23.3,0.0,0.0,0.0
23.35,0.0,0.0,0.0
23.4,0.0,0.0,0.0
23.45,0.0,0.0,0.0
23.5,0.0,0.0,0.0
23.55,0.0,0.0,0.0
23.6,0.0,0.0,0.0
23.65,0.0,0.0,0.0
23.7,0.0,0.0,0.0
23.75,0.0,0.0,0.0
23.8,0.0,0.0,0.0
23.85,0.0,0.0,0.0
23.9,0.0,0.0,0.0
23.95,0.0,0.0,0.0
24.0,0.0,0.0,0.0
24.05,0.0,0.0,0.0
24.1,0.0,0.0,0.0
24.15,0.0,0.0,0.0
24.2,0.0,0.0,0.0
24.25,0.0,0.0,0.0
24.3,0.0,0.0,0.0
24.35,0.0,0.0,0.0
24.4,0.0,0.0,0.0
24.45,0.0,0.0,0.0
24.5,0.0,0.0,0.0
24.55,0.0,0.0,0.0
24.6,0.0,0.0,0.0
24.65,0.0,0.0,0.0
24.7,0.0,0.0,0.0
24.75,0.0,0.0,0.0
24.8,0.0,0.0,0.0
24.85,0.0,0.0,0.0
24.9,0.0,0.0,0.0
24.95,0.0,0.0,0.0
25.0,0.0,0.0,0.0
25.05,0.0,0.0,0.0
25.1,0.0,0.0,0.0
25.15,0.0,0.0,0.0
25.2,0.0,0.0,0.0
25.25,0.0,0.0,0.0
25.3,0.0,0.0,0.0
25.35,0.0,0.0,0.0
25.4,0.0,0.0,0.0
25.45,0.0,0.0,0.0
25.5,0.0,0.0,0.0
25.55,0.0,0.0,0.0
25.6,0.0,0.0,0.0
25.65,0.0,0.0,0.0
25.7,0.0,0.0,0.0
25.75,0.0,0.0,0.0
25.8,0.0,0.0,0.0
25.85,0.0,0.0,0.0
25.9,0.0,0.0,0.0
25.95,0.0,0.0,0.0
26.0,0.0,0.0,0.0
26.05,0.0,0.0,0.0
26.1,0.0,0.0,0.0
26.15,0.0,0.0,0.0
26.2,0.0,0.0,0.0
26.25,0.0,0.0,0.0
26.3,0.0,0.0,0.0
26.35,0.0,0.0,0.0
26.4,0.0,0.0,0.0
26.45,0.0,0.0,0.0
26.5,0.0,0.0,0.0
26.55,0.0,0.0,8.5711054658e-17
26.6,0.0,0.0,0.000115824026593
26.65,0.0,0.0,0.000205069557974
26.7,0.0,0.0,0.000273666381771
26.75,0.0,0.0,0.000326259971578
26.8,0.0,0.0,0.000366473882637
26.85,0.0,0.0,0.00039712528391
26.9,0.0,0.0,0.000535026051104
26.95,0.0,0.0,0.00064011030404
27.0,0.0,0.0,0.000833559122189
27.05,0.0,0.0,0.00109302013839
27.1,0.0,0.0,0.00128788320264
27.15,0.0,0.0,0.00154411928531
27.2,0.0,0.0,0.00173311954744
27.25,0.0,0.0,0.00187009568153
27.3,0.0,0.0,0.00207515231051
27.35,0.0,0.0,0.00222104193903
27.4,0.0,0.0,0.00232156787221
27.45,0.0,0.0,0.00238753547319
27.5,0.0,0.0,0.00242733075631
27.55,0.0,0.0,0.00244668842951
27.6,0.0,0.0,0.0025465704416
27.65,0.0,0.0,0.00260869209738
27.7,0.0,0.0,0.00273801018537
27.75,0.0,0.0,0.00281932828927
27.8,0.0,0.0,0.00295662078274
27.85,0.0,0.0,0.00303995460894
27.9,0.0,0.0,0.00308003601396
27.95,0.0,0.0,0.00309017045402
28.0,0.0,0.0,0.00307509153393
28.05,0.0,0.0,0.00304183454555
28.1,0.0,0.0,0.0029976984096
28.15,0.0,0.0,0.00294365805778
28.2,0.0,0.0,0.00288545457422
28.25,0.0,0.0,0.00282431357361
28.3,0.0,0.0,0.00275936307188
28.35,0.0,0.0,0.00269462288605
28.4,0.0,0.0,0.00263073404932
28.45,0.0,0.0,0.00256814077804
28.5,0.0,0.0,0.00250715094793
28.55,0.0,0.0,0.00244747455825
28.6,0.0,0.0,0.00238729566532
28.65,0.0,0.0,0.00232891819937
28.7,0.0,0.0,0.00227045234367
28.75,0.0,0.0,0.00221401289549
28.8,0.0,0.0,0.00215769994495
28.85,0.0,0.0,0.00210393147403
28.9,0.0,0.0,0.00205257615622
28.95,0.0,0.0,0.00206210821638
29.0,0.0,0.0,0.00205747990106
29.05,0.0,0.0,0.00204260691815
29.1,0.0,0.0,0.00202045891271
29.15,0.0,0.0,0.00199327056247
29.2,0.0,0.0,0.00196271923158
29.25,0.0,0.0,0.00193005339851
29.3,0.0,0.0,0.00189620394301
29.35,0.0,0.0,0.00186184839867
29.4,0.0,0.0,0.0018274852986
29.45,0.0,0.0,0.00179347033337
29.5,0.0,0.0,0.00176005847779
29.55,0.0,0.0,0.00172742450517
29.6,0.0,0.0,0.00169568650084
29.65,0.0,0.0,0.00166491589744
29.7,0.0,0.0,0.00163515402015
29.75,0.0,0.0,0.00160914696725
29.8,0.0,0.0,0.00160892682515
29.85,0.0,0.0,0.00160288889783
29.9,0.0,0.0,0.00159231037529
29.95,0.0,0.0,0.0015770648554
30.0,0.0,0.0,0.00155991984576
30.05,0.0,0.0,0.00154155093885
30.1,0.0,0.0,0.00152246309
30.15,0.0,0.0,0.00150302744117
30.2,0.0,0.0,0.00148352092184
30.25,0.0,0.0,0.00146414289952
30.3,0.0,0.0,0.00144504049427
30.35,0.0,0.0,0.00142631287328
30.4,0.0,0.0,0.00140803112807
30.45,0.0,0.0,0.00139024162722
30.5,0.0,0.0,0.0013729706636
30.55,0.0,0.0,0.00135623412067
30.6,0.0,0.0,0.00134003801178
30.65,0.0,0.0,0.00132437772421
30.7,0.0,0.0,0.00130924710948
30.75,0.0,0.0,0.00129542444024
30.8,0.0,0.0,0.00129534116229
30.85,0.0,0.0,0.00129163390373
30.9,0.0,0.0,0.00128625589942
30.95,0.0,0.0,0.00129402611292
31.0,0.0,0.0,0.00129652170747
31.05,0.0,0.0,0.00129509220094
31.1,0.0,0.0,0.00129077267022
31.15,0.0,0.0,0.00128435145801
31.2,0.0,0.0,0.0012764318885
31.25,0.0,0.0,0.00126747022139
31.3,0.0,0.0,0.00125781667981
31.35,0.0,0.0,0.00124772784679
31.4,0.0,0.0,0.00123739933319
31.45,0.0,0.0,0.00122697812225
31.5,0.0,0.0,0.00121657067763
31.55,0.0,0.0,0.00120713073783
31.6,0.0,0.0,0.00121363508033
31.65,0.0,0.0,0.00121626548049
31.7,0.0,0.0,0.00121599671493
31.75,0.0,0.0,0.00121346454754
31.8,0.0,0.0,0.00120875326276
31.85,0.0,0.0,0.00121914845637
31.9,0.0,0.0,0.00122453643437
31.95,0.0,0.0,0.0012254670206
32.0,0.0,0.0,0.0012440228178
32.05,0.0,0.0,0.0012553697073
32.1,0.0,0.0,0.00126126451854
32.15,0.0,0.0,0.00126306536793
32.2,0.0,0.0,0.00126181752763
32.25,0.0,0.0,0.00125832288708
32.3,0.0,0.0,0.00125319947093
32.35,0.0,0.0,0.00124691005204
32.4,0.0,0.0,0.00123981031431
32.45,0.0,0.0,0.00123217212506
32.5,0.0,0.0,0.00122419622551
32.55,0.0,0.0,0.00121592687939
32.6,0.0,0.0,0.00120621015642
32.65,0.0,0.0,0.00119657934653
32.7,0.0,0.0,0.0011870881392
32.75,0.0,0.0,0.00117875944976
32.8,0.0,0.0,0.00118108436743
32.85,0.0,0.0,0.00117954437656
32.9,0.0,0.0,0.00117621456053
32.95,0.0,0.0,0.00117144037832
33.0,0.0,0.0,0.00116503041319
33.05,0.0,0.0,0.00117690907512
33.1,0.0,0.0,0.00118360590473
33.15,0.0,0.0,0.00118716171888
33.2,0.0,0.0,0.00120332082195
33.25,0.0,0.0,0.00121330063842
33.3,0.0,0.0,0.00121860210512
33.35,0.0,0.0,0.00122038318636
33.4,0.0,0.0,0.00121953510478
33.45,0.0,0.0,0.00121674458394
33.5,0.0,0.0,0.00121253682274
33.55,0.0,0.0,0.00120731186396
33.6,0.0,0.0,0.00120137578567
33.65,0.0,0.0,0.00119495902359
33.7,0.0,0.0,0.00118823676661
33.75,0.0,0.0,0.0011812661918
33.8,0.0,0.0,0.00117367909983
33.85,0.0,0.0,0.00118051701086
33.9,0.0,0.0,0.00118378081178
33.95,0.0,0.0,0.0011843595492
34.0,0.0,0.0,0.00118280363437
34.05,0.0,0.0,0.00117846678519
34.1,0.0,0.0,0.0011731285513
34.15,0.0,0.0,0.00116697629376
34.2,0.0,0.0,0.00115904024983
34.25,0.0,0.0,0.00115130047469
34.3,0.0,0.0,0.00116641818413
34.35,0.0,0.0,0.00117567721516
34.4,0.0,0.0,0.00118049340024
34.45,0.0,0.0,0.0011827889447
34.5,0.0,0.0,0.00119548426027
34.55,0.0,0.0,0.00120300175894
34.6,0.0,0.0,0.00120660496663
34.65,0.0,0.0,0.00120916325816
34.7,0.0,0.0,0.00122869480467
34.75,0.0,0.0,0.00124160520213
34.8,0.0,0.0,0.00124938035629
34.85,0.0,0.0,0.00125206887381
34.9,0.0,0.0,0.0012519746881
34.95,0.0,0.0,0.00124982214335
35.0,0.0,0.0,0.00124616453198
35.05,0.0,0.0,0.00124142641046
35.1,0.0,0.0,0.00123592888773
35.15,0.0,0.0,0.00123077070982
35.2,0.0,0.0,0.00123648514437
35.25,0.0,0.0,0.00123892042737
35.3,0.0,0.0,0.00123778382962
35.35,0.0,0.0,0.00123499951826
35.4,0.0,0.0,0.00123101822872
35.45,0.0,0.0,0.00122609502765
35.5,0.0,0.0,0.00121933161816
35.55,0.0,0.0,0.00121224497361
35.6,0.0,0.0,0.00120497717427
35.65,0.0,0.0,0.00119750024298
35.7,0.0,0.0,0.00118752794434
35.75,0.0,0.0,0.00117773639783
35.8,0.0,0.0,0.00116815748693
35.85,0.0,0.0,0.00115880916062
35.9,0.0,0.0,0.00114970148566
35.95,0.0,0.0,0.0011408405885
36.0,0.0,0.0,0.0011330799529
36.05,0.0,0.0,0.00113615085159
36.1,0.0,0.0,0.00113676221903
36.15,0.0,0.0,0.00113545232266
36.2,0.0,0.0,0.00113153515302
36.25,0.0,0.0,0.00112752607996
36.3,0.0,0.0,0.00113348751957
36.35,0.0,0.0,0.00113627545
36.4,0.0,0.0,0.00113667135894
36.45,0.0,0.0,0.00113612463746
36.5,0.0,0.0,0.00114508346434
36.55,0.0,0.0,0.00115030377788
36.6,0.0,0.0,0.0011526934387
36.65,0.0,0.0,0.00115295356071
36.7,0.0,0.0,0.00115162777999
36.75,0.0,0.0,0.00114912721546
36.8,0.0,0.0,0.00114577093512
36.85,0.0,0.0,0.00114180200372
36.9,0.0,0.0,0.00113740481071
36.95,0.0,0.0,0.00113323625363
37.0,0.0,0.0,0.0011480562268
37.05,0.0,0.0,0.00115664625218
37.1,0.0,0.0,0.00116149731574
37.15,0.0,0.0,0.00116352226129
37.2,0.0,0.0,0.00116342892606
37.25,0.0,0.0,0.00116167833197
37.3,0.0,0.0,0.00115751882267
37.35,0.0,0.0,0.00115257438588
37.4,0.0,0.0,0.00114708182791
37.45,0.0,0.0,0.00114114258623
37.5,0.0,0.0,0.00113372686455
37.55,0.0,0.0,0.00112624053904
37.6,0.0,0.0,0.00111875285246
37.65,0.0,0.0,0.00111214462189
37.7,0.0,0.0,0.00111764334661
37.75,0.0,0.0,0.00113441055128
37.8,-1.63706408524e-14,-2.76713955168e-15,0.00115372411848
37.85,-0.00605439621032,-6.40897085561e-05,0.00116688617448
37.9,-0.0117155052132,-0.000128837657732,0.00120639237111
37.95,-0.0169831194955,-0.000194853007225,0.00127048373664
38.0,-0.0218664243192,-0.000262873327938,0.00135570816517
38.05,-0.0263746242658,-0.000333965550567,0.00146091164953
38.1,-0.0305211348329,-0.000408164824215,0.00158353167985
38.15,-0.0343212582389,-0.000486584192762,0.00172106356925
38.2,-0.0377904754053,-0.000569553750273,0.00187113588949
38.25,-0.0409475368916,-0.000657341580038,0.00203153146576
38.3,-0.0438084181435,-0.000750824195239,0.00220022366682
38.35,-0.0463931731462,-0.000849751272182,0.00237536497305
38.4,-0.0487178885245,-0.000954918877893,0.00255530020175
38.45,-0.0508017730295,-0.00106655478787,0.00273854735301
38.5,-0.0526610022008,-0.00118449927457,0.0029238030172
38.55,-0.0543127761772,-0.00130951755478,0.00310990207941
38.6,-0.05577281499,-0.0014412079953,0.00329583493206
38.65,-0.0570561571012,-0.00157997647551,0.00348046156242
38.7,-0.0581775898802,-0.00172604780171,0.00365885047434
38.75,-0.0591495862703,-0.00187883827537,0.00382996570281
38.8,-0.0584670434501,-0.00194080729089,0.00399294251027
38.85,-0.0572675895556,-0.00200086563641,0.0041442129529
38.9,-0.0561215844915,-0.00205873513597,0.00428202896516
38.95,-0.0550256050403,-0.00211442989685,0.00440734347168
39.0,-0.0539764779132,-0.00216794915007,0.00452393553281
39.05,-0.0529714917248,-0.0022192827097,0.00469676381685
39.1,-0.052013205472,-0.00226794506367,0.00485040860145
39.15,-0.0510980532059,-0.00231398029213,0.00502908795551
39.2,-0.0502260919008,-0.00235714225178,0.00525316106598
39.25,-0.0493988686414,-0.00239702030637,0.0054396427031
39.3,-0.0486115456725,-0.00243391870962,0.00559481445243
39.35,-0.0478600308847,-0.00246807733179,0.00572391767241
39.4,-0.0471408481143,-0.00249983483451,0.00583129800234
39.45,-0.0464510342886,-0.00252926668175,0.00592053085362
39.5,-0.0457880377385,-0.00255668487509,0.00599456097416
39.55,-0.0451496444666,-0.00258217123831,0.00605578590926
39.6,-0.0445339387253,-0.00260586951532,0.00610616330033
39.65,-0.0439392338672,-0.00262791299615,0.0061473013089
39.7,-0.0433640401062,-0.00264841419856,0.00618052934664
39.75,-0.0428070334781,-0.00266746847041,0.00621161181321
39.8,-0.0422673461477,-0.00268511322536,0.00629712179463
39.85,-0.0417481496611,-0.00270086252068,0.00636284984926
39.9,-0.0412470796593,-0.00271501128751,0.00641261507019
39.95,-0.0407623466971,-0.00272763189021,0.00644945886104
40.0,-0.040292458039,-0.00273893962797,0.00647517164741
40.05,-0.0398361149981,-0.00274904819945,0.00648519729281
40.1,-0.0393917906181,-0.00275814757374,0.00648809528905
40.15,-0.0389585830279,-0.00276628219526,0.00647756673174
40.2,-0.0385352382028,-0.00277370467717,0.00645552073987
40.25,-0.0381206883426,-0.00278043558646,0.00643019852533
40.3,-0.0377144265305,-0.00278655842417,0.00640216234676
40.35,-0.0373160024187,-0.00279218910751,0.00637595513185
40.4,-0.0369252620563,-0.00279724153083,0.00643296480658
40.45,-0.036546908427,-0.00280095144681,0.00647029059011
40.5,-0.036179292017,-0.00280354832294,0.00659929405872
40.55,-0.0358273568138,-0.00280421673007,0.00668693782918
40.6,-0.0354880548546,-0.00280337779851,0.00674253782202
40.65,-0.0351590399696,-0.00280136551925,0.0067734010804
40.7,-0.0348385072681,-0.00279846404071,0.00678979943221
40.75,-0.034525325825,-0.00279481872149,0.0068645982383
40.8,-0.0342224722663,-0.00278989774887,0.00690699580106
40.85,-0.033927921808,-0.00278402946559,0.00698632583829
40.9,-0.03364320013,-0.0027768823455,0.00703261976077
40.95,-0.03336613268,-0.0027688573084,0.00705364599117
41.0,-0.0330950757888,-0.0027601925261,0.00705543133134
41.05,-0.0328287957295,-0.00275103341257,0.00704264191869
41.1,-0.0325663684016,-0.00274162041546,0.00701886354593
41.15,-0.0323071023858,-0.00273201223258,0.00698686854983
41.2,-0.0320504886982,-0.00272226107286,0.00694877866437
41.25,-0.0317961506131,-0.00271254820978,0.00690621942649
41.3,-0.0315438148004,-0.00270278930428,0.0068604425872
41.35,-0.0312932846215,-0.00269309141527,0.0068117848379
41.4,-0.0310443881891,-0.00268347947802,0.00675458416319
41.45,-0.0307966878441,-0.00267396753854,0.00669602916411
41.5,-0.0305501179376,-0.00266469622056,0.00663469571114
41.55,-0.0303045453271,-0.0026555773403,0.0066445713924
41.6,-0.0300633752814,-0.00264598396784,0.0066365296552
41.65,-0.0298256144379,-0.00263615930639,0.00661503280955
41.7,-0.0295905325458,-0.00262612821362,0.00658300103711
41.75,-0.0293575726719,-0.00261610883365,0.0065367268621
41.8,-0.0291260345494,-0.00260614877447,0.00648505049822
41.85,-0.0288958049552,-0.00259632388487,0.00642305707289
41.9,-0.0286662675242,-0.00258677275052,0.00635906736991
41.95,-0.0284373528127,-0.00257741732172,0.00629389731834
42.0,-0.0282090310389,-0.00256837599366,0.00622817044239
42.05,-0.0279812995862,-0.00255957417634,0.00616234441011
42.1,-0.0277541791777,-0.00255099228813,0.00609675168428
42.15,-0.0275277020848,-0.002542741088,0.00603164477371
42.2,-0.027301911092,-0.00253469894646,0.00596720048127
42.25,-0.0270768544439,-0.00252686396833,0.00590354463697
42.3,-0.026852582436,-0.00251933539393,0.00584076502889
42.35,-0.0266291475487,-0.00251199736762,0.00577891320204
42.4,-0.0264066017922,-0.00250484342736,0.0057180207826
42.45,-0.026184995884,-0.00249793363858,0.00565809728909
42.5,-0.0259643770656,-0.0024912234202,0.00559866921697
42.55,-0.0257447731035,-0.00248467852379,0.00553373080488
42.6,-0.0255259718184,-0.00247834967151,0.00547008450893
42.65,-0.0253080393227,-0.00247230726864,0.00540768225118
42.7,-0.0250910353137,-0.00246646270974,0.00534647489509
42.75,-0.0248750165062,-0.00246080241704,0.00528641650486
42.8,-0.0246600343722,-0.00245531780322,0.00522746525766
42.85,-0.0244462583351,-0.00245004289614,0.00516957670142
42.9,-0.0242336053507,-0.0024449554655,0.00511271188079
42.95,-0.0240221152812,-0.00244001820565,0.00505682785594
43.0,-0.0238118239677,-0.00243522424285,0.00500683157583
43.05,-0.0236029443923,-0.00243052371364,0.00499719994705
43.1,-0.0233969248369,-0.00242559350282,0.00497829163471
43.15,-0.0231933586481,-0.00242053204838,0.00495242881368
43.2,-0.0229919424957,-0.00241536682471,0.00492513478221
43.25,-0.0227925817856,-0.00241011421345,0.00496256512839
43.3,-0.0225974883608,-0.00240421428352,0.00497972792615
43.35,-0.0224058266889,-0.00239792460076,0.00498146981383
43.4,-0.0222169674723,-0.00239134431511,0.00497153886303
43.45,-0.0220304410228,-0.00238455408501,0.0049528193362
43.5,-0.0218458970648,-0.00237765647203,0.00492753433064
43.55,-0.0216630755007,-0.00237076655902,0.00489740079572
43.6,-0.0214817863367,-0.00236385278882,0.00486822178348
43.65,-0.021302037557,-0.00235690959134,0.00488196173585
43.7,-0.0211251890082,-0.00234965920307,0.0048854180446
43.75,-0.0209508289759,-0.002342126957,0.00495366522483
43.8,-0.0207809402485,-0.00233374826163,0.00499478892522
43.85,-0.020614625323,-0.00232488020389,0.0050152214169
43.9,-0.0204510264552,-0.00231560578328,0.00502239950518
43.95,-0.0202896594816,-0.00230609351003,0.00511151335285
44.0,-0.0201329525244,-0.00229567450288,0.00516696081625
44.05,-0.0199797298398,-0.00228461863513,0.0051909811326
44.1,-0.019828940465,-0.00227324855711,0.00519601874737
44.15,-0.0196799551729,-0.00226169529748,0.00518680079128
44.2,-0.0195323124503,-0.00225010073964,0.0051664965773
44.25,-0.0193856674548,-0.00223856506176,0.00513257108738
44.3,-0.0192396180426,-0.00222717138951,0.00509329153772
44.35,-0.0190940190989,-0.00221601479441,0.00505024471584
44.4,-0.0189487753451,-0.00220505355463,0.00500463446472
44.45,-0.018803832322,-0.00219438824449,0.00495736500034
44.5,-0.0186591612439,-0.00218394097242,0.00490912197274
44.55,-0.0185147560549,-0.00217380247986,0.00486042971028
44.6,-0.0183706233421,-0.00216389500483,0.00481135522967
44.65,-0.0182267735272,-0.00215427888751,0.00476032573868
44.7,-0.0180831731054,-0.00214492835988,0.00476631686315
44.75,-0.0179413452029,-0.00213539424742,0.00475271875109
44.8,-0.0178007359612,-0.00212586140785,0.00472891252996
44.85,-0.0176611510222,-0.00211636165585,0.00469761990969
44.9,-0.017522299999,-0.0021070393159,0.00466031017683
44.95,-0.0173840309452,-0.00209782922479,0.00461388631764
45.0,-0.0172461215949,-0.00208893689839,0.00456519405592
45.05,-0.0171085299118,-0.002080246831,0.0045151130145
45.1,-0.0169712398352,-0.00207184860269,0.00446428070133
45.15,-0.0168342502721,-0.00206371420375,0.00441653943891
45.2,-0.0166976548177,-0.00205578347669,0.00442227010575
45.25,-0.0165627497526,-0.00204773982083,0.00448912488458
45.3,-0.0164309470981,-0.00203900565002,0.00452686292364
45.35,-0.0163014641559,-0.00202990333841,0.00454254602194
45.4,-0.0161737203019,-0.0020205624147,0.00454163547
45.45,-0.0160472908532,-0.00201114151585,0.00452833357444
45.5,-0.015921866417,-0.00200173415996,0.00450585806335
45.55,-0.0157972267873,-0.00199239879636,0.0044766793923
45.6,-0.0156732166437,-0.0019832162106,0.00444267127053
45.65,-0.0155497309938,-0.00197417155192,0.00440489335983
45.7,-0.0154266923592,-0.0019653641887,0.00435987264123
45.75,-0.015303952441,-0.00195674593836,0.00431365879365
45.8,-0.0151815007214,-0.00194845039221,0.00426682949691
45.85,-0.0150594139487,-0.00194035896588,0.00421982226843
45.9,-0.0149376277161,-0.00193253849159,0.00417296110928
45.95,-0.0148161596195,-0.00192496953567,0.00412648359846
46.0,-0.0146950325666,-0.00191759959943,0.0040805533809
46.05,-0.0145742716152,-0.00191052744561,0.00403529475287
46.1,-0.0144539024554,-0.00190364772423,0.00399078381389
46.15,-0.0143339524603,-0.0018969633404,0.00394674128756
46.2,-0.014214441353,-0.00189054387231,0.00389836158894
46.25,-0.0140952930597,-0.0018843349343,0.00384647227269
46.3,-0.0139764515561,-0.00187836268025,0.00379594452928
46.35,-0.013857958677,-0.00187269627121,0.00374671740686
46.4,-0.0137398526145,-0.00186725137731,0.00369873614871
46.45,-0.013622169721,-0.00186201528845,0.00365194774681
46.5,-0.013504943403,-0.0018569949419,0.0036062966971
46.55,-0.0133882041863,-0.00185221405304,0.00356173967345
46.6,-0.0132719807905,-0.00184761186239,0.00352004082559
46.65,-0.0131563330958,-0.00184316810827,0.00355108692721
46.7,-0.0130425958853,-0.00183835931852,0.0035647429752
46.75,-0.0129304052372,-0.00183338567587,0.00356525262637
46.8,-0.0128194901096,-0.00182827737658,0.00355903089927
46.85,-0.0127097704381,-0.00182308346129,0.00358466872155
46.9,-0.0126017225233,-0.00181759586547,0.00362922019846
46.95,-0.0124956339636,-0.00181173420354,0.0036537348011
47.0,-0.0123911061954,-0.00180558109956,0.00366599774744
47.05,-0.0122878925023,-0.00179923436182,0.00370617715046
47.1,-0.0121864357388,-0.00179258052225,0.00372739380086
47.15,-0.0120863722634,-0.00178567004634,0.0037342592368
47.2,-0.0119874321829,-0.00177864471307,0.00373033865932
47.25,-0.0118894164197,-0.00177160929599,0.00371836632826
47.3,-0.0117921803223,-0.0017645552854,0.00370043183747
47.35,-0.0116956195459,-0.0017576051557,0.00367929811162
47.4,-0.0115996780899,-0.00175072617733,0.00373519673123
47.45,-0.0115055690532,-0.00174338480317,0.00376778918171
47.5,-0.0114128764974,-0.00173581874607,0.0037827223937
47.55,-0.0113212923491,-0.00172806014279,0.003784360041
47.6,-0.0112305900315,-0.00172030057423,0.00377558171909
47.65,-0.0111405967535,-0.00171253217368,0.00375542270281
47.7,-0.011051134427,-0.00170487872144,0.00373016299431
47.75,-0.0109621260752,-0.00169736145738,0.00370127258932
47.8,-0.0108735207942,-0.00168997719337,0.00366962553191
47.85,-0.0107853362212,-0.00168280791555,0.00363210814479
47.9,-0.0106974383085,-0.0016758065398,0.00358983278822
47.95,-0.0106097677384,-0.00166908277956,0.00354743551276
48.0,-0.0105223334659,-0.00166258384211,0.00350497819542
48.05,-0.0104351457371,-0.0016562859245,0.00345907980522
48.1,-0.0103481668249,-0.00165029635338,0.00341399428219
48.15,-0.0102614199719,-0.00164451954771,0.00336981622955
48.2,-0.0101749287417,-0.0016389497893,0.00332660396938
48.25,-0.0100887164892,-0.00163365916369,0.00328438802464
48.3,-0.0100028055713,-0.00162855994875,0.00324317664527
48.35,-0.00991721810382,-0.00162364561321,0.00320245271886
48.4,-0.0098319681956,-0.00161894788026,0.00315907710689
48.45,-0.00974702801675,-0.00161447940364,0.00311693129569
48.5,-0.00966242179257,-0.00161019886118,0.00307595844555
48.55,-0.00957817184899,-0.00160609858781,0.00303611066153
48.6,-0.00949429889614,-0.00160219001743,0.00299733147214
48.65,-0.00941082180625,-0.00159848101388,0.00295957684548
48.7,-0.00932775826087,-0.00159492858711,0.00292280291401
48.75,-0.00924512452122,-0.00159152637051,0.00288696613372
48.8,-0.00916293553819,-0.00158826827435,0.00285202147996
48.85,-0.00908125037302,-0.00158514994219,0.00281793412002
48.9,-0.0090000351559,-0.00158220298262,0.00278467175313
48.95,-0.00891930147347,-0.00157938143779,0.00275219269151
49.0,-0.00883905981792,-0.00157668030618,0.00272046446987
49.05,-0.00875931974557,-0.00157409480156,0.00268946130804
49.1,-0.00868008999364,-0.00157162031206,0.00265914883279
49.15,-0.00860137841482,-0.00156925245624,0.00262950244324
49.2,-0.00852319212665,-0.00156698702172,0.00260049718239
49.25,-0.00844553753783,-0.00156483517643,0.00257210746446
49.3,-0.00836842028003,-0.001562787899,0.00254430573802
49.35,-0.00829184543708,-0.00156083001686,0.00251707254755
49.4,-0.00821581749641,-0.00155895805123,0.00249038975868
49.45,-0.00814034042185,-0.0015571731686,0.0024642305538
49.5,-0.00806541757181,-0.00155546830538,0.00243857572987
49.55,-0.00799105182551,-0.00155383980647,0.00241341148441
49.6,-0.00791724565359,-0.00155228474011,0.0023887157722
49.65,-0.00784400104699,-0.00155080032712,0.00236447479235
49.7,-0.0077713196239,-0.00154938388856,0.00234067395482
49.75,-0.00769920263728,-0.00154803285052,0.00231729765337
49.8,-0.00762765098004,-0.00154674475038,0.00229432793449
49.85,-0.0075567029418,-0.00154551725118,0.00227175393769
49.9,-0.0074863201851,-0.00154434814406,0.00224956570633
49.95,-0.0074165027085,-0.0015432387142,0.00222774494738
50.0,-0.00734725015526,-0.00154218891061,0.00220627991918
50.05,-0.00727856195076,-0.00154119044979,0.00218516340833
50.1,-0.00721043731645,-0.00154024144591,0.00216438046852
50.15,-0.00714287521118,-0.00153934011595,0.00214392332947
50.2,-0.00707587441158,-0.00153848473443,0.00212378325176
50.25,-0.00700943351094,-0.00153767363919,0.00210395032867
50.3,-0.00694355091659,-0.00153690523828,0.00208441228376
50.35,-0.00687822483673,-0.00153617802425,0.00206516305409
50.4,-0.00681345334669,-0.00153549053497,0.00204619707975
50.45,-0.00674923439962,-0.0015348413502,0.00202750115648
50.5,-0.00668556576344,-0.00153422913892,0.00200906780058
50.55,-0.00662244508101,-0.00153365262301,0.00199089353364
50.6,-0.0065598699115,-0.00153311055204,0.00197296766417
50.65,-0.00649783767139,-0.00153260174791,0.00195528587551
50.7,-0.00643634569686,-0.0015321250647,0.00193784282683
50.75,-0.00637539123909,-0.00153167939479,0.00192063197531
50.8,-0.00631497145837,-0.00153126367609,0.00190364448037
50.85,-0.00625511466969,-0.00153087690589,0.00188687704457
50.9,-0.00619578593818,-0.00153051814475,0.00187032681191
50.95,-0.00613698223008,-0.00153018934281,0.00185398373377
51.0,-0.00607870040357,-0.00152988884776,0.00183784288364
51.05,-0.00602093726235,-0.00152961366206,0.00182190289915
51.1,-0.00596368958969,-0.00152936293924,0.00180615572442
51.15,-0.00590695409321,-0.00152913588565,0.00179059904342
51.2,-0.00585072745464,-0.00152893172436,0.00177522952411
51.25,-0.00579500632378,-0.00152874970137,0.00176004265617
51.3,-0.00573978731159,-0.00152858909274,0.00174503174683
51.35,-0.0056850669762,-0.00152844921781,0.00173019510837
51.4,-0.00563084186438,-0.00152832940784,0.00171553131188
51.45,-0.00557710851478,-0.00152822900435,0.00170103236143
51.5,-0.00552386340213,-0.00152815412014,0.00168669489724
51.55,-0.00547110298697,-0.00152809800764,0.00167251877022
51.6,-0.00541882374356,-0.0015280598241,0.0016584976326
51.65,-0.00536702210712,-0.00152803901637,0.00164463035344
51.7,-0.00531569451616,-0.00152803503877,0.00163091482403
51.75,-0.00526483740621,-0.00152804735917,0.00161734780839
51.8,-0.005214447203,-0.00152807546603,0.00160392401989
51.85,-0.0106142243908,-0.00161865413167,0.00159064272634
51.9,-0.0156509774383,-0.0017170335625,0.00159113770665
51.95,-0.0203246821118,-0.00182339983718,0.00160383947829
52.0,-0.0246435961328,-0.00193816291998,0.00162727092989
52.05,-0.0286159039935,-0.00206242895028,0.00166006015799
52.1,-0.0322534734397,-0.0021957155217,0.00170092853157
52.15,-0.0355698378782,-0.00233922014954,0.00174869832043
52.2,-0.0385786903852,-0.00249312997198,0.00180228979149
52.25,-0.0412966818363,-0.0026574261605,0.0018607153891
52.3,-0.043738026473,-0.00283314977106,0.00192307491812
52.35,-0.0459206782491,-0.00301964257092,0.00198855367302
52.4,-0.0478590744407,-0.00321781696385,0.00205642615061
52.45,-0.0495705123853,-0.00342772565159,0.00212603357195
52.5,-0.0510696757205,-0.00364889301389,0.00219678899595
52.55,-0.0523722164008,-0.003882280395,0.00226817573056
52.6,-0.0534924920785,-0.00412693807885,0.00233973745465
52.65,-0.054444355345,-0.00438343745361,0.00241106971577
52.7,-0.0552414272407,-0.00465161057386,0.00248182852798
52.75,-0.0558956747996,-0.00493068361984,0.0025517112812
52.8,-0.0550828980026,-0.00508645438377,0.00262044664231
52.85,-0.0538163944299,-0.00523886482986,0.00268483227126
52.9,-0.0526006152721,-0.00538701191724,0.00274411974229
52.95,-0.0514328593532,-0.00553070135364,0.00279860547373
53.0,-0.0503106715762,-0.00566988127265,0.00284856421958
53.05,-0.0492317045582,-0.00580455793259,0.00289426403057
53.1,-0.0481937515549,-0.00593472241384,0.00293594638062
53.15,-0.0471947366705,-0.00606035237732,0.00297384650985
53.2,-0.0462327073389,-0.00618155053396,0.00300818396197
53.25,-0.0453058546529,-0.00629836290376,0.00303915962755
53.3,-0.044412412879,-0.00641079675613,0.00306696559062
53.35,-0.0435507774152,-0.0065189034129,0.00309178361198
53.4,-0.042719379671,-0.00662294727211,0.00311379213706
53.45,-0.0419167910377,-0.00672285765403,0.00313314139485
53.5,-0.0411416377888,-0.00681876029725,0.00314998330382
53.55,-0.0403926223666,-0.00691076820979,0.00316446699679
53.6,-0.0396685192783,-0.00699898269746,0.00317672172
53.65,-0.0389681698983,-0.00708349468649,0.00318687863606
53.7,-0.038290479213,-0.00716457528429,0.00319505977561
53.75,-0.0376344275559,-0.00724217311867,0.00320137618005
53.8,-0.036999014658,-0.00731634351638,0.00320593253813
53.85,-0.0363835114764,-0.00738748356127,0.00320883193471
53.9,-0.0357868270062,-0.0074553566094,0.00321017721481
53.95,-0.0352081459185,-0.00752041859296,0.00321004862695
54.0,-0.0346466593415,-0.00758252810761,0.00320853404694
54.05,-0.0341016325994,-0.00764183777458,0.0032057186893
54.1,-0.0335723410187,-0.00769861838835,0.00320167488807
54.15,-0.0330581201594,-0.00775280705714,0.00319647767301
54.2,-0.032558328455,-0.00780452702018,0.00319019758006
54.25,-0.0320723564149,-0.0078538924564,0.00318289915554
54.3,-0.0315996247504,-0.00790100922384,0.00317463924566
54.35,-0.0311395824886,-0.00794598514247,0.00316548019974
54.4,-0.03069170593,-0.00798890605215,0.00315548164297
54.45,-0.0302554974308,-0.00802985225618,0.00314468800317
54.5,-0.02983048323,-0.00806890227281,0.00313314908448
54.55,-0.029416212682,-0.00810612902183,0.00312091786473
54.6,-0.0290122574283,-0.0081416001426,0.00310803317226
54.65,-0.0286182095149,-0.00817537861731,0.003094540958
54.7,-0.0282336809404,-0.0082075967343,0.003080482981
54.75,-0.0278583079415,-0.00823834194307,0.00306589594096
54.8,-0.0274917309046,-0.00826757753652,0.00305081206285
54.85,-0.027133750459,-0.00829534979991,0.00303526912969
54.9,-0.0267839070502,-0.00832192486013,0.0030193035996
54.95,-0.0264419001554,-0.00834715070451,0.00300293795486
55.0,-0.026107434964,-0.00837111262262,0.00298620185979
55.05,-0.0257802400359,-0.00839400423815,0.00296912777874
55.1,-0.0254600459408,-0.00841564964484,0.00295173695533
55.15,-0.0251466028438,-0.0084363619641,0.00293405734913
55.2,-0.0248396735921,-0.00845592586697,0.00291611363225
55.25,-0.0245390270442,-0.00847461510583,0.00289792767894
55.3,-0.0242444476918,-0.0084922469959,0.00287951569976
55.35,-0.0239557249808,-0.00850910629169,0.00286090133182
55.4,-0.0236726623078,-0.00852497052353,0.00284210689236
55.45,-0.0233950715894,-0.00854013426184,0.00282314271037
55.5,-0.0231227672994,-0.00855443679224,0.002804026209
55.55,-0.0228555801573,-0.00856798493306,0.0027847780881
55.6,-0.0225933425029,-0.00858086068323,0.00276540852155
55.65,-0.0223358985674,-0.00859295175769,0.00274593474102
55.7,-0.022083098502,-0.00860443666677,0.00272637158462
55.75,-0.0218347954785,-0.00861528491966,0.0027067315655
55.8,-0.0215908540894,-0.00862544904877,0.00268702227315
55.85,-0.0213512498229,-0.00863506366877,0.00266725826941
55.9,-0.0211157441942,-0.00864415579286,0.00264745419966
55.95,-0.0208842184803,-0.00865264829599,0.0026276132055
56.0,-0.0206565577709,-0.00866056865316,0.00260774485868
56.05,-0.0204326519757,-0.00866808212453,0.00258786300213
56.1,-0.0202123930416,-0.00867508742226,0.00256797161218
56.15,-0.0199956813309,-0.00868158676271,0.00254808152894
56.2,-0.0197824201008,-0.00868760196061,0.00252820166601
56.25,-0.0195725166018,-0.00869322216781,0.00250833862128
56.3,-0.0193658800202,-0.00869845517391,0.00248849547089
56.35,-0.0191624254643,-0.00870325632141,0.00246868149381
56.4,-0.0189620709055,-0.0087076430591,0.00244890589299
56.45,-0.0187647376723,-0.0087116318023,0.00242916799341
56.5,-0.0185703498642,-0.00871523967406,0.00240947315777
56.55,-0.0183788336481,-0.00871857453141,0.00238983097415
56.6,-0.0181901191128,-0.00872155052865,0.0023702416567
56.65,-0.0180041387657,-0.00872418097794,0.00235071240304
56.7,-0.0178208277418,-0.00872647841971,0.00233124862633
56.75,-0.0176401236126,-0.00872845469289,0.00231185374739
56.8,-0.0174619661972,-0.00873012100501,0.00229252788017
56.85,-0.0172863837174,-0.00873148802103,0.0022732772695
56.9,-0.017113231274,-0.00873256998017,0.00225410822145
56.95,-0.0169424545482,-0.0087334265988,0.00223501803462
57.0,-0.0167740014377,-0.00873401376714,0.00221600960478
57.05,-0.0166078215519,-0.00873434393665,0.00219708972981
57.1,-0.016443866335,-0.00873441654954,0.00217825679749
57.15,-0.0162820887559,-0.0087342394094,0.00215951569764
57.2,-0.0161224434306,-0.00873381987771,0.00214086976677
57.25,-0.0159648864917,-0.008733164921,0.00212232059449
57.3,-0.015809375459,-0.00873228115935,0.00210386681495
57.35,-0.0156558690718,-0.00873117630344,0.00208551276428
57.4,-0.0155043274434,-0.00872986867451,0.0020672628248
57.45,-0.0153547119245,-0.00872835025742,0.00204911322444
57.5,-0.0152069849455,-0.0087266264983,0.00203106544146
57.55,-0.0150611100659,-0.00872470257729,0.00201312458011
57.6,-0.0149170520602,-0.00872258336192,0.00199528809082
57.65,-0.0147747765946,-0.00872027354692,0.00197755944185
57.7,-0.0146342504077,-0.00871777756559,0.00195994072758
57.75,-0.0144954412193,-0.00871509962408,0.00194243249008
57.8,-0.0143583176387,-0.00871224373748,0.001925032612
57.85,-0.0142229201196,-0.00870921378337,0.00190774423607
57.9,-0.014089145984,-0.00870601365812,0.00189057064419
57.95,-0.0139569664638,-0.0087026468076,0.00187350762524
58.0,-0.0138263533909,-0.00869911660174,0.00185655581789
58.05,-0.0136972793392,-0.00869542626107,0.00183971920824
58.1,-0.013569717708,-0.00869157880875,0.00182299481943
58.15,-0.0134436424648,-0.00868757719286,0.00180638520354
58.2,-0.0133190283053,-0.00868342420091,0.00178989168531
58.25,-0.0131958505882,-0.00867912248648,0.00177351419853
58.3,-0.0130740852681,-0.00867467459806,0.00175725027498
58.35,-0.0129537088009,-0.00867008302412,0.00174110227234
58.4,-0.0128346982788,-0.00866535011788,0.00172507264242
58.45,-0.0127170314104,-0.00866047810077,0.00170915707951
58.5,-0.0126006862943,-0.00865547000512,0.00169335572339
58.55,-0.0124856415393,-0.00865033992299,0.0016776717859
58.6,-0.0123718762731,-0.00864507708616,0.00166210215591
58.65,-0.0122593700855,-0.00863968346121,0.00164664877063
58.7,-0.0121481030875,-0.00863416091139,0.00163131246394
58.75,-0.012038055862,-0.00862851121859,0.00161609281707
58.8,-0.0119292094138,-0.00862274760884,0.00160098723727
58.85,-0.0118216038425,-0.00861689600168,0.00158599758381
58.9,-0.0117151604995,-0.00861093619961,0.00157112580539
58.95,-0.0116098616282,-0.00860486117112,0.00155636768126
59.0,-0.0115056897896,-0.00859866928911,0.00154172304474
59.05,-0.0114026279371,-0.00859236202367,0.00152719453383
59.1,-0.011300659464,-0.00858594075305,0.00151277903299
59.15,-0.0111997680357,-0.00857940686182,0.00149847804048
59.2,-0.011099937707,-0.00857276166546,0.00148429205939
59.25,-0.0110011528849,-0.00856600642878,0.00147022046175
59.3,-0.0109033982894,-0.00855914238668,0.00145626065059
59.35,-0.0108066588947,-0.00855217956543,0.00144241404867
59.4,-0.0107109196479,-0.00854516735883,0.00142868222258
59.45,-0.0106161662735,-0.00853805162524,0.00141506110685
59.5,-0.0105223846444,-0.00853083349522,0.00140155034071
59.55,-0.0104295609189,-0.00852351407239,0.00138815212115
59.6,-0.0103376815969,-0.00851609439149,0.00137486342158
59.65,-0.0102467333822,-0.00850857550747,0.00136168541443
59.7,-0.0101567032813,-0.00850095842548,0.0013486183731
59.75,-0.0100675785736,-0.008493244117,0.00133566154855
59.8,-0.00997934678066,-0.00848546592243,0.00132281240828
59.85,-0.00989204453363,-0.00847763877121,0.00131007214179
59.9,-0.00980560941181,-0.00846971899529,0.00129744197255
59.95,-0.00972002971548,-0.0084617074539,0.00128491805249
60.0,-0.00963529389225,-0.0084536050468,0.00127249989682
60.05,-0.00955139061275,-0.0084454227297,0.00126018934692
60.1,-0.00946830877271,-0.00843715450145,0.0012479835119
60.15,-0.00938603745787,-0.00842879800212,0.00123588331212
60.2,-0.00930456600843,-0.00842042616405,0.00122388885364
60.25,-0.00922388328112,-0.00841198428892,0.00121199940689
60.3,-0.00914397935629,-0.00840345798616,0.00120021249668
60.35,-0.00906484414125,-0.00839484804461,0.00118852900966
60.4,-0.00898646776355,-0.0083861622366,0.0011769499185
60.45,-0.00890884053747,-0.00837740172446,0.00116547161227
60.5,-0.00883195289207,-0.00836855982584,0.00115409353388
60.55,-0.00875579546628,-0.00835972400578,0.00114281723449
60.6,-0.00868035837111,-0.00835081790111,0.00113164006633
60.65,-0.00860563296191,-0.00834183393386,0.00112056270152
60.7,-0.00853161042038,-0.00833277278488,0.0011095851246
60.75,-0.00845828210033,-0.00832363511586,0.00109870648481
60.8,-0.00838563950719,-0.00831442158386,0.00108792447034
60.85,-0.00831371581458,-0.00830517929978,0.00107723978183
60.9,-0.00824245979237,-0.00829591819135,0.00106665329345
60.95,-0.00817186363269,-0.00828658457859,0.00105616160512
61.0,-0.00810191943221,-0.00827717910177,0.00104576411012
61.05,-0.00803261942868,-0.00826770239344,0.00103546211804
61.1,-0.00796395603343,-0.00825815504506,0.00102525305049
61.15,-0.00789592175493,-0.00824857329426,0.00101513746814
61.2,-0.00782850873689,-0.00823899359899,0.00100511533516
61.25,-0.0077617099242,-0.00822934625276,0.000995185776259
61.3,-0.00769551824818,-0.00821963181627,0.00098534661211
61.35,-0.00762992673449,-0.00820985087038,0.000975598393786
61.4,-0.00756492854982,-0.00820000396861,0.000965941746956
61.45,-0.00750051699945,-0.00819014240924,0.000956373536881
61.5,-0.00743668490112,-0.0081802769519,0.00094689321042
61.55,-0.00737342593504,-0.00817035416976,0.000937501855053
61.6,-0.00731073372071,-0.00816037574525,0.000928197065733
61.65,-0.00724860195096,-0.00815033521595,0.000918979281432
61.7,-0.00718702446566,-0.00814023309091,0.00090984833967
61.75,-0.00712599521411,-0.00813015857124,0.000900803396699
61.8,-0.0070655075778,-0.00812005068494,0.000891842500192
61.85,-0.00700559099614,-0.00810988378553,0.000882966045433
61.9,-0.00694620396205,-0.00809966101761,0.000874174549553
61.95,-0.00688734083713,-0.00808939172305,0.000865465114105
62.0,-0.00682899600946,-0.00807909324876,0.000856837117165
62.05,-0.00677116353904,-0.00806882823369,0.00084829156385
62.1,-0.00671383815376,-0.0080585077282,0.000839826205705
62.15,-0.00665701455044,-0.00804813219384,0.000831441380275
62.2,-0.00660068752328,-0.00803770206981,0.000823136885289
62.25,-0.00654485195317,-0.00802721778241,0.000814911903629
62.3,-0.00648950279643,-0.00801677966378,0.000806764539462
62.35,-0.00643463441849,-0.00800631052073,0.000798695219287
62.4,-0.00638024223696,-0.00799578948877,0.000790704308893
62.45,-0.00632632145559,-0.00798521695811,0.000782789138003
62.5,-0.00627286731978,-0.00797459335063,0.000774949093409
62.55,-0.00621987514562,-0.0079639819865,0.000767184985911
62.6,-0.0061673398164,-0.00795338180925,0.000759494817897
62.65,-0.00611525697643,-0.0079427327165,0.000751878828237
62.7,-0.0060636221667,-0.00793203509039,0.000744336792335
62.75,-0.00601243099718,-0.00792128930161,0.000736867930791
62.8,-0.00596167913763,-0.00791052988544,0.000729470489971
62.85,-0.0059113914193,-0.0078998152048,0.000722144796617
62.9,-0.00586153358616,-0.00788905450173,0.000714891177335
62.95,-0.00581210151861,-0.00787824811406,0.000707707181075
63.0,-0.00576309112901,-0.00786739640879,0.000700592217523
63.05,-0.00571449838572,-0.00785651412865,0.000693546984731
63.1,-0.00566631896729,-0.00784571323325,0.00068656962886
63.15,-0.00561854896702,-0.00783486897167,0.000679660353178
63.2,-0.00557118453517,-0.00782398167649,0.000672818922409
63.25,-0.00552422187684,-0.00781305167023,0.000666044600743
63.3,-0.00547765724452,-0.0078020792744,0.000659335772716
63.35,-0.00543148692648,-0.00779119071753,0.000652692653849
63.4,-0.00538570665444,-0.00778026491896,0.000646115594082
63.45,-0.00534031315272,-0.00776931031956,0.000639602310072
63.5,-0.00529530283135,-0.00775831709492,0.00063315224525
63.55,-0.00525067217039,-0.00774728394254,0.000626766004853
63.6,-0.00520641771116,-0.00773632766225,0.000620441845724
63.65,-0.00516253545671,-0.00772534722252,0.000614180003339
63.7,-0.00511902231258,-0.00771432857542,0.000607980205258
63.75,-0.00507587495356,-0.00770327200573,0.000601841763506
63.8,-0.00503309009258,-0.00769217779764,0.000595763195953
63.85,-0.0049906894123,-0.00768115719549,0.000589744675503
63.9,-0.00494864372886,-0.00767012144339,0.000583786501632
63.95,-0.00490695014464,-0.0076590497771,0.000577886594385
64.0,-0.00486560553221,-0.00764794248259,0.000572044427217
64.05,-0.00482460680025,-0.00763679984311,0.000566260526816
64.1,-0.00478395090396,-0.00762573048263,0.000560533299327
64.15,-0.00474363431851,-0.00761465163464,0.000554862938097
64.2,-0.00470365430506,-0.00760353900704,0.000549249180952
64.25,-0.00466400792811,-0.00759239285335,0.000543691388966
64.3,-0.00462469228307,-0.00758121342693,0.000538188206323
64.35,-0.00458570448853,-0.00757010896936,0.000532739772749
64.4,-0.00454704122044,-0.00755899821979,0.000527346336758
64.45,-0.00450869990286,-0.00754785569199,0.000522006004865
64.5,-0.00447067775517,-0.00753668164392,0.000516718286696
64.55,-0.00443297202646,-0.00752547633137,0.000511483643673
64.6,-0.00439558000404,-0.00751435910485,0.000506300622313
64.65,-0.00435849851372,-0.00750323886684,0.000501169387536
64.7,-0.00432172511464,-0.00749208882247,0.000496089689293
64.75,-0.00428525718619,-0.00748090920181,0.000491060937711
64.8,-0.00424909213337,-0.00746970023506,0.000486081895816
64.85,-0.00421324843623,-0.00745857316962,0.000481152677698
64.9,-0.00417770163569,-0.00744744179222,0.00047627350284
64.95,-0.00414244944055,-0.00743628991898,0.000471442648473
65.0,-0.00410748935351,-0.00742511584269,0.000466659662113
65.05,-0.00407281890591,-0.00741391436297,0.000461924950654
65.1,-0.00403843567072,-0.00740279881942,0.000457237190707
65.15,-0.0040043368087,-0.00739167898317,0.000452596520213
65.2,-0.00397052014561,-0.00738053307683,0.000448002701608
65.25,-0.00393698333111,-0.00736936131113,0.000443455192442
65.3,-0.00390372403625,-0.00735816389717,0.000438952866193
65.35,-0.00387073994833,-0.00734705590751,0.00043449581664
65.4,-0.00383802836947,-0.00733594380998,0.000430084230067
65.45,-0.00380558724134,-0.00732480734754,0.000425716541212
65.5,-0.00377341432297,-0.0073136467374,0.000421392331661
65.55,-0.00374150739423,-0.00730246219543,0.000417111959741
65.6,-0.00370986426166,-0.00729136958364,0.000412874222839
65.65,-0.0036784823519,-0.00728027378445,0.000408679239275
65.7,-0.00364735970306,-0.00726915530063,0.000404526786473
65.75,-0.00361649418759,-0.00725801432909,0.000400416367632
65.8,-0.00358588369627,-0.00724685106723,0.000396346958768
65.85,-0.00355554390289,-0.00723578079913,0.00039231863791
65.9,-0.00352545424616,-0.00722470953879,0.000388331571058
65.95,-0.00349561286529,-0.00721361725666,0.000384384338176
66.0,-0.00346601773268,-0.00720250415532,0.000380476555184
66.05,-0.00343666683861,-0.0071913704363,0.000376608539502
66.1,-0.00340755819596,-0.00718033508177,0.000372779199419
66.15,-0.00337868946755,-0.00716930769177,0.000368988637136
66.2,-0.00335005886373,-0.00715826086685,0.000365236647369
66.25,-0.0033216644551,-0.0071471947918,0.000361522776078
66.3,-0.00329350432806,-0.00713610965204,0.000357846093414
66.35,-0.00326557658136,-0.00712511353056,0.000354206664601
66.4,-0.00323787900279,-0.00711412618737,0.00035060463039
66.45,-0.00321040988668,-0.00710312425302,0.000347038705093
66.5,-0.00318316738129,-0.00709211348627,0.000343508537915
66.55,-0.00315614964329,-0.00708108518196,0.000340014412495
66.6,-0.00312935486107,-0.0070701399724,0.000336555338786
66.65,-0.00310278092922,-0.00705921203725,0.00033313140192
66.7,-0.0030764262047,-0.00704826766495,0.000329742413469
66.75,-0.00305028892609,-0.00703730703131,0.000326387959525
66.8,-0.00302436734588,-0.00702633031279,0.000323067196715
66.85,-0.00299867471362,-0.00701542765013,0.000319780180109
66.9,-0.00297319375854,-0.0070045537027,0.000316527032945
66.95,-0.0029479229023,-0.00699366479037,0.000313306593676
67.0,-0.00292286046066,-0.00698276109437,0.000310118541414
67.05,-0.00289800476304,-0.00697184279518,0.000306963127267
67.1,-0.00287335415572,-0.00696098610589,0.000303839454099
67.15,-0.00284890674791,-0.00695017278182,0.000300747591849
67.2,-0.00282466100881,-0.00693934589,0.000297687371064
67.25,-0.00280061532914,-0.00692850559778,0.000294658415005
67.3,-0.00277676811197,-0.0069176520731,0.000291659959301
67.35,-0.00275311777033,-0.00690684389466,0.000288692050733
67.4,-0.00272966251713,-0.00689609731305,0.000285754790829
67.45,-0.00270640086735,-0.00688533850156,0.000282847133161
67.5,-0.00268333127645,-0.00687456763327,0.000279968785448
67.55,-0.00266045221206,-0.00686378488061,0.00027711997187
67.6,-0.00263776215662,-0.00685302976916,0.000274299880099
67.65,-0.00261525941812,-0.00684236653397,0.000271508565666
67.7,-0.00259294253853,-0.00683169240507,0.00026874588025
67.75,-0.00257081004063,-0.00682100754276,0.000266011481452
67.8,-0.00254886045824,-0.00681031210785,0.000263304676993
67.85,-0.00252710496366,-0.00679961707932,0.000260625506914
67.9,-0.00250552909755,-0.00678903207816,0.000257974055951
67.95,-0.00248413144852,-0.0067784374953,0.000255349384038
68.0,-0.00246291060135,-0.0067678448273,0.000252751225198
68.05,-0.00244186514039,-0.00675724327381,0.00025017978131
68.1,-0.00242099367445,-0.00674663263601,0.000247634317044
68.15,-0.00240029482094,-0.00673612295745,0.00024511485791
68.2,-0.00237976697745,-0.0067256250362,0.000242621304455
68.25,-0.00235940889815,-0.00671511894489,0.000240153330764
68.3,-0.00233921923792,-0.00670460483665,0.000237710310089
68.35,-0.00231919666008,-0.00669408287099,0.000235292276841
68.4,-0.00229933983939,-0.0066836267882,0.000232899286346
68.45,-0.00227964727549,-0.00667321877971,0.00023053051605
68.5,-0.00226011773572,-0.00666280379625,0.000228185714716
68.55,-0.00224074992752,-0.00665238199404,0.000225865061731
68.6,-0.00222154256997,-0.0066419535209,0.000223567891833
68.65,-0.00220249438986,-0.00663155076879,0.000221294226708
68.7,-0.00218360398421,-0.00662123735784,0.000219043965933
68.75,-0.00216487013368,-0.00661091813397,0.000216816823544
68.8,-0.00214629159893,-0.00660059324341,0.000214612232478
68.85,-0.00212787778257,-0.00659026283809,0.0002124302226
68.9,-0.00210961662711,-0.0065799271044,0.000210270843964
68.95,-0.00209150692468,-0.006569698009,0.000208133329574
69.0,-0.00207354727614,-0.00655947902286,0.000206017488013
69.05,-0.00205573658858,-0.00654925553398,0.000203923466899
69.1,-0.00203807368398,-0.00653902768261,0.00020185066452
69.15,-0.00202055739146,-0.00652880527109,0.000199799099389
69.2,-0.0020031865421,-0.00651863802619,0.000197768663378
69.25,-0.00198595983798,-0.0065085337665,0.000195759121649
69.3,-0.00196887618686,-0.00649842609407,0.000193769954602
69.35,-0.00195193445601,-0.0064883151522,0.000191801188213
69.4,-0.00193513352201,-0.00647820107934,0.000189852865607
69.45,-0.00191847227066,-0.00646808400875,0.000187924293426
69.5,-0.00190194959409,-0.00645809480834,0.000186015273248
69.55,-0.00188556420219,-0.00644810764834,0.000184125976439
69.6,-0.00186931510042,-0.0064381182724,0.000182255846091
69.65,-0.00185320120892,-0.0064281268191,0.000180404898106
69.7,-0.00183722145659,-0.00641813342255,0.000178573033112
69.75,-0.00182137478051,-0.00640819557327,0.000176760020056
69.8,-0.00180565999725,-0.0063983213763,0.000174965413376
69.85,-0.00179008504961,-0.00638844596991,0.000173189229984
69.9,-0.00177463978517,-0.00637856951775,0.000171431509049
69.95,-0.001759323178,-0.00636869214501,0.000169691623831
70.0,-0.00174413420808,-0.00635881398453,0.000167969394494
70.05,-0.00172907186295,-0.00634904128682,0.000166264951194
70.1,-0.00171413498561,-0.00633928324161,0.000164577823857
70.15,-0.00169932265487,-0.00632952511289,0.000162908015996
70.2,-0.00168463388392,-0.00631976702614,0.000161255437343
70.25,-0.00167006769341,-0.00631000910469,0.000159619878749
70.3,-0.00165562311106,-0.00630027829536,0.000158000921206
70.35,-0.00164129907703,-0.00629064058516,0.000156398598348
70.4,-0.00162709465352,-0.00628100371314,0.00015481294182
70.45,-0.00161300889267,-0.00627136779674,0.000153243385246
70.5,-0.00159904085225,-0.00626173296014,0.000151689765822
70.55,-0.00158518959695,-0.00625209932688,0.000150152200708
70.6,-0.00157145419917,-0.00624252589165,0.000148630245692
70.65,-0.00155783363007,-0.00623301919991,0.000147123928322
70.7,-0.00154432701086,-0.00622351792311,0.000145633162111
70.75,-0.00153093343463,-0.00621401861709,0.000144157758142
70.8,-0.0015176520032,-0.00620452139672,0.000142697337664
70.85,-0.001504489343,-0.00619502638036,0.00014125191883
70.9,-0.00149143690773,-0.00618561520511,0.000139821533113
70.95,-0.00147849370801,-0.00617624125493,0.000138405684989
71.0,-0.00146565892346,-0.00616687401225,0.000137004220317
71.05,-0.00145293168987,-0.0061575164914,0.000135617244916
71.1,-0.00144031114846,-0.0061481620427,0.000134244357818
71.15,-0.00142779644992,-0.00613881077869,0.00013288556997
71.2,-0.00141538675155,-0.00612955730085,0.000131540807479
71.25,-0.00140308110399,-0.00612032723203,0.000130209915501
71.3,-0.00139087873179,-0.00611110091747,0.000128892544254
71.35,-0.00137877881237,-0.00610187846568,0.0001275887099
71.4,-0.00136678052956,-0.00609265998167,0.000126298440104
71.45,-0.00135488307357,-0.00608344556682,0.000125021272667
71.5,-0.00134308563966,-0.00607433305356,0.000123757074601
71.55,-0.00133138732153,-0.00606523974905,0.000122505956614
71.6,-0.00131978738028,-0.00605615105745,0.000121267548594
71.65,-0.0013082850308,-0.00604706708191,0.000120041860319
71.7,-0.00129687949404,-0.00603798792233,0.000118828824939
71.75,-0.00128556999682,-0.00602891367685,0.000117628288036
71.8,-0.00127435577152,-0.0060199355442,0.000116439940549
71.85,-0.00126324227139,-0.0060109821482,0.000115263811145
71.9,-0.00125222235461,-0.006002034199,0.000114099918744
71.95,-0.00124129527423,-0.00599309178855,0.000112947845715
72.0,-0.00123046028802,-0.00598415501354,0.000111807471832
72.05,-0.00121971665921,-0.00597522396997,0.000110678883251
72.1,-0.00120906365688,-0.00596637329973,0.000109561752391
72.15,-0.00119850047144,-0.00595756584259,0.00010845610022
72.2,-0.00118802641786,-0.0059487708411,0.000107361861508
72.25,-0.00117764078016,-0.0059399821476,0.000106278897102
72.3,-0.00116734285043,-0.00593119985017,0.000105206927713
72.35,-0.00115713192554,-0.00592242403926,0.000104145966657
72.4,-0.00114700730783,-0.00591370283217,0.000103096036671
72.45,-0.00113696823841,-0.00590504689735,0.000102056770187
72.5,-0.00112701405249,-0.00589639850864,0.000101028055511
72.55,-0.00111714406877,-0.0058877666869,0.00010000997053
72.6,-0.00110735760758,-0.00587914197633,9.90022198289e-05
72.65,-0.00109765399798,-0.0058705244617,9.80048115558e-05
72.7,-0.0010880325742,-0.0058619257468,9.70176913266e-05
72.75,-0.00107849262825,-0.00585342736974,9.60407400561e-05
72.8,-0.00106903351054,-0.00584493659878,9.50737047019e-05
72.85,-0.00105965986687,-0.00583645351445,9.41165973289e-05
72.9,-0.00105036565638,-0.00582797821363,9.31694388325e-05
72.95,-0.00104115024058,-0.0058195107709,9.22318884471e-05
73.0,-0.00103201298521,-0.00581105126451,9.13038482266e-05
73.05,-0.00102295326067,-0.00580266686559,9.03853887717e-05
73.1,-0.00101397037777,-0.00579432591247,8.947625214e-05
73.15,-0.00100506374389,-0.00578599327483,8.85764419729e-05
73.2,-0.000996232744861,-0.00577766902477,8.76859091955e-05
73.25,-0.000987476771101,-0.00576935323288,8.68045401312e-05
73.3,-0.000978795217484,-0.00576104596945,8.5932106979e-05
73.35,-0.000970187483097,-0.00575275593618,8.50686209205e-05
73.4,-0.000961652932536,-0.00574456612199,8.42141065136e-05
73.45,-0.000953190978639,-0.00573638518275,8.33682554029e-05
73.5,-0.000944801035024,-0.00572821318695,8.25309791606e-05
73.55,-0.000936482519641,-0.00572005020241,8.17023417159e-05
73.6,-0.000928234855006,-0.00571189629356,8.08821016129e-05
73.65,-0.000920057467636,-0.00570375179898,8.00702658666e-05
73.7,-0.000911949788367,-0.00569566322826,7.92667904326e-05
73.75,-0.000903911203729,-0.00568764390097,7.84715799233e-05
73.8,-0.000895941167601,-0.00567963404112,7.7684426611e-05
73.85,-0.000888043562655,-0.00567163371095,7.69053407162e-05
73.9,-0.000880213315646,-0.00566364298622,7.6134339659e-05
73.95,-0.000872449880939,-0.00565566192415,7.53711453701e-05
74.0,-0.000864752716621,-0.0056476905848,7.46156781786e-05
74.05,-0.000857121284804,-0.00563978966515,7.38679961593e-05
74.1,-0.00084955500259,-0.0056319434066,7.31278884643e-05
74.15,-0.000842053357789,-0.00562410716726,7.23953591373e-05
74.2,-0.000834615825771,-0.00561628100142,7.16703684551e-05
74.25,-0.000827241885854,-0.00560846496205,7.09528238973e-05
74.3,-0.000819931021199,-0.00560065910177,7.02425396521e-05
74.35,-0.000812682718644,-0.00559286347453,6.95395252419e-05
74.4,-0.00080549646898,-0.00558513255061,6.88437965138e-05
74.45,-0.000798371723389,-0.00557745092258,6.81551086909e-05
74.5,-0.000791307997627,-0.00556977977683,6.74733874622e-05
74.55,-0.000784304794681,-0.00556211916324,6.67986854909e-05
74.6,-0.000777361621428,-0.00555446912884,6.61308057765e-05
74.65,-0.000770477988241,-0.0055468297223,6.54697544541e-05
74.7,-0.000763653409267,-0.00553920099029,6.48154959121e-05
74.75,-0.000756887402333,-0.00553162460871,6.41679467905e-05
74.8,-0.000750179452306,-0.00552410835092,6.35269447167e-05
74.85,-0.000743532812633,-0.00551660298774,6.28924967403e-05
74.9,-0.000736943226381,-0.00550910857492,6.22646175188e-05
74.95,-0.000730410227654,-0.00550162515288,6.16430800821e-05
75.0,-0.000723933353828,-0.00549415276424,6.10278196935e-05
75.05,-0.000717512145749,-0.00548669145102,6.04188842807e-05
75.1,-0.00071114614786,-0.00547925633376,5.98160959567e-05
75.15,-0.000704834881156,-0.00547190583911,5.9219464497e-05
75.2,-0.000698577901705,-0.00546457286682,5.86289572753e-05
75.25,-0.000692374763397,-0.0054572535499,5.80444992987e-05
75.3,-0.000686225024497,-0.005449945584,5.7465939091e-05
75.35,-0.000680128247085,-0.00544264900602,5.68932848757e-05
75.4,-0.000674083996628,-0.00543536385104,5.63265500633e-05
75.45,-0.000668091841959,-0.00542809015231,5.57655296221e-05
75.5,-0.000662151354983,-0.00542088878017,5.52101652694e-05
75.55,-0.000656262075714,-0.00541372847165,5.46605058406e-05
75.6,-0.000650423597371,-0.00540658487958,5.41163885163e-05
75.65,-0.0006446355011,-0.00539945295047,5.35778189245e-05
75.7,-0.000638897372522,-0.00539233271452,5.30447683546e-05
75.75,-0.000633208800422,-0.00538522420092,5.25171690208e-05
75.8,-0.000627569376683,-0.00537812743847,5.19948840727e-05
75.85,-0.000621981804562,-0.00537104755639,5.14779212282e-05
75.9,-0.000616442494727,-0.00536405798435,5.09662959484e-05
75.95,-0.000610951051055,-0.00535708030651,5.04598227148e-05
76.0,-0.000605507079116,-0.00535011454924,4.99584489569e-05
76.05,-0.000600110187473,-0.00534316073834,4.94622143353e-05
76.1,-0.00059475998776,-0.00533621889752,4.89709736545e-05
76.15,-0.000589456094458,-0.00532928905151,4.84847321194e-05
76.2,-0.000584198125046,-0.00532237122356,4.80034640295e-05
76.25,-0.000578985699939,-0.00531548273878,4.75271083218e-05
76.3,-0.000573818422044,-0.00530867007908,4.70555444621e-05
76.35,-0.000568695921781,-0.00530186954201,4.65887790668e-05
76.4,-0.000563617828788,-0.00529508114734,4.61268235571e-05
76.45,-0.000558583775585,-0.00528830491329,4.56695104693e-05
76.5,-0.000553593397376,-0.00528154085961,4.52167924976e-05
76.55,-0.000548646332154,-0.00527478900554,4.4768705812e-05
76.6,-0.000543742220766,-0.00526804936836,4.43251192695e-05
76.65,-0.00053888070673,-0.00526133393801,4.38860378502e-05
76.7,-0.000534061418964,-0.00525470079758,4.34514411614e-05
76.75,-0.000529284008772,-0.0052480847162,4.3021273865e-05
76.8,-0.000524548127567,-0.00524148095777,4.25954244214e-05
76.85,-0.000519856028294,-0.0052348895371,4.21738995729e-05
76.9,-0.000515204721043,-0.00522831047657,4.17567099904e-05
76.95,-0.000510593866847,-0.00522174378802,4.13437043304e-05
77.0,-0.000506023129241,-0.00521518948469,4.09348400144e-05
77.05,-0.000501492174352,-0.00520864894166,4.05301500338e-05
77.1,-0.000497000670704,-0.00520219363276,4.01295159459e-05
77.15,-0.000492548263311,-0.00519576147798,3.97329464433e-05
77.2,-0.000488134638412,-0.00518934178591,3.93404190957e-05
77.25,-0.000483759472925,-0.00518293456485,3.89518842684e-05
77.3,-0.000479422446253,-0.00517653982283,3.85672410892e-05
77.35,-0.00047512324022,-0.00517015756845,3.8186495902e-05
77.4,-0.000470861539147,-0.00516378780907,3.78096585446e-05
77.45,-0.00046663702984,-0.00515743055074,3.7436592223e-05
77.5,-0.000462449401446,-0.00515110938262,3.70672586186e-05
77.55,-0.000458298329689,-0.00514485043082,3.67016902302e-05
77.6,-0.000454183512999,-0.00513860400877,3.63397793432e-05
77.65,-0.000450104648155,-0.00513237012118,3.59815304277e-05
77.7,-0.000446061434319,-0.00512614877166,3.56269250237e-05
77.75,-0.000442053573003,-0.00511993996306,3.52759184248e-05
77.8,-0.000438080768031,-0.00511374369794,3.49284195172e-05
77.85,-0.000434144895141,-0.0051075599794,3.45844342808e-05
77.9,-0.000430243451604,-0.00510138881677,3.42439719124e-05
77.95,-0.000426376148725,-0.00509526652526,3.3906908751e-05
78.0,-0.00042254268394,-0.00508919111058,3.3573212748e-05
78.05,-0.000418742778991,-0.00508312825647,3.32429104928e-05
78.1,-0.000414976152265,-0.00507707796159,3.29159051911e-05
78.15,-0.000411242524301,-0.00507104022527,3.2592201115e-05
78.2,-0.000407541617847,-0.0050650160121,3.22717817679e-05
78.25,-0.000403873157689,-0.00505901135455,3.19546068978e-05
78.3,-0.00040023686991,-0.00505301926212,3.16405943396e-05
78.35,-0.000396632483726,-0.00504703973255,3.13297497207e-05
78.4,-0.000393059730503,-0.00504110115415,3.10220815379e-05
78.45,-0.000389518330464,-0.0050352146985,3.07174799986e-05
78.5,-0.000386008023531,-0.00502934078842,3.04159134075e-05
78.55,-0.000382528547671,-0.00502347941903,3.01174068309e-05
78.6,-0.000379079642948,-0.00501763793526,2.98218727835e-05
78.65,-0.00037566105045,-0.00501181030443,2.95293154894e-05
78.7,-0.000372272514157,-0.00500599521056,2.92397202283e-05
78.75,-0.000368913780254,-0.00500019264647,2.89530507089e-05
78.8,-0.000365584596919,-0.00499440260474,2.86692325428e-05
78.85,-0.000362286524826,-0.0049886255835,2.83882710259e-05
78.9,-0.000359017469328,-0.00498292566177,2.81101743256e-05
78.95,-0.00035577717173,-0.0049772384098,2.78348433541e-05
79.0,-0.000352565395741,-0.00497156364029,2.75622490825e-05
79.05,-0.000349381900092,-0.00496590134369,2.72924144164e-05
79.1,-0.00034622644545,-0.00496025150931,2.70252602677e-05
79.15,-0.00034309879434,-0.004954614127,2.67607905166e-05
79.2,-0.000339998711187,-0.00494898918576,2.64989919919e-05
79.25,-0.00033692596229,-0.00494337667408,2.62398319964e-05
79.3,-0.000333880315797,-0.00493777658023,2.59832433025e-05
79.35,-0.00033086154167,-0.00493220480272,2.57292308962e-05
79.4,-0.000327869402693,-0.00492669206346,2.54778035097e-05
79.45,-0.000324903674666,-0.00492119168648,2.52288693477e-05
79.5,-0.000321964133268,-0.00491570365856,2.49824032381e-05
79.55,-0.000319050555959,-0.00491022796615,2.47384261255e-05
79.6,-0.000316162721995,-0.00490476459468,2.44968665058e-05
79.65,-0.000313300412364,-0.00489931353009,2.42577280754e-05
79.7,-0.000310463409815,-0.00489387475755,2.40209990746e-05
79.75,-0.00030765149884,-0.00488845455823,2.37866500422e-05
79.8,-0.000304864464971,-0.00488304802939,2.35546203152e-05
79.85,-0.000302103605755,-0.00487766148672,2.33249146054e-05
79.9,-0.000299367164978,-0.00487233929877,2.30975408564e-05
79.95,-0.000296654935466,-0.00486702931828,2.28724161505e-05
80.0,-0.000293966710843,-0.00486173152817,2.26495178295e-05
80.05,-0.000291302286385,-0.00485644591113,2.24288650445e-05
80.1,-0.000288661459026,-0.00485117701739,2.22103931292e-05
80.15,-0.000286044026848,-0.00484592407296,2.19941056648e-05
80.2,-0.000283449789658,-0.00484068326192,2.17799922043e-05
80.25,-0.000280878549262,-0.0048354545653,2.15680261892e-05
80.3,-0.000278330109055,-0.00483023796397,2.13581526719e-05
80.35,-0.000275804273995,-0.00482503343912,2.11503760567e-05
80.4,-0.000273300850622,-0.00481987494279,2.09447026887e-05
80.45,-0.000270819638462,-0.00481475159466,2.07410590136e-05
80.5,-0.000268360450649,-0.00480964023445,2.0539424124e-05
80.55,-0.000265923098552,-0.00480454084158,2.03398155368e-05
80.6,-0.000263507395075,-0.00479945339468,2.01421747585e-05
80.65,-0.000261113154615,-0.00479437787275,1.99465051195e-05
80.7,-0.000258740193075,-0.00478931425425,1.97527972416e-05
80.75,-0.000256388327852,-0.00478426251725,1.95610271882e-05
80.8,-0.000254057377815,-0.0047792226397,1.93711452727e-05
80.85,-0.000251748421406,-0.00477419459985,1.91831556347e-05
80.9,-0.000249459998058,-0.00476917837952,1.89970641918e-05
80.95,-0.000247191931361,-0.00476420737248,1.88128031644e-05
81.0,-0.000244944038862,-0.00475926905982,1.8630355383e-05
81.05,-0.000242716150076,-0.00475434246531,1.84497364205e-05
81.1,-0.000240508093018,-0.00474942756479,1.82708933582e-05
81.15,-0.000238319697082,-0.00474452433451,1.80938293535e-05
81.2,-0.000236150793056,-0.0047396327502,1.79185360358e-05
81.25,-0.000234001213105,-0.00473475662668,1.7744991827e-05
81.3,-0.00023187079045,-0.00472989571798,1.7573151835e-05
81.35,-0.000229759359685,-0.00472504639529,1.74030199898e-05
81.4,-0.000227666757056,-0.00472020863361,1.72346017725e-05
81.45,-0.000225592820153,-0.00471538240742,1.706783582e-05
81.5,-0.000223537387871,-0.00471057513168,1.69027056243e-05
81.55,-0.000221500295906,-0.00470582350758,1.67392265846e-05
81.6,-0.000219481386525,-0.00470108527434,1.65773507208e-05
81.65,-0.00021748050254,-0.00469636458602,1.64170810427e-05
81.7,-0.00021549748775,-0.00469165528339,1.62584101481e-05
81.75,-0.000213532187706,-0.00468695733944,1.61013185757e-05
81.8,-0.000211584449216,-0.00468227072713,1.59457656636e-05
81.85,-0.000209655168093,-0.00467759541968,1.57917550521e-05
81.9,-0.000207743125658,-0.00467293139323,1.5639291844e-05
81.95,-0.000205848172749,-0.00466827862003,1.54883204715e-05
82.0,-0.000203970161414,-0.00466363707287,1.53388260668e-05
82.05,-0.000202108944912,-0.00465900672439,1.51908220727e-05
82.1,-0.00020026437772,-0.00465439383541,1.50442651632e-05
82.15,-0.000198436311735,-0.00464983465982,1.48991587727e-05
82.2,-0.000196624604381,-0.00464528656059,1.47554961592e-05
82.25,-0.000194829113818,-0.00464074950883,1.46132597721e-05
82.3,-0.000193049699373,-0.00463622347558,1.44724128174e-05
82.35,-0.000191286221519,-0.00463170843216,1.43329587074e-05
82.4,-0.000189538541886,-0.00462720434951,1.4194902171e-05
82.45,-0.000187806523249,-0.00462271119819,1.40581928805e-05
82.5,-0.000186090029503,-0.00461822894924,1.39228174458e-05
82.55,-0.000184388925666,-0.00461375757362,1.37887881732e-05
82.6,-0.000182703077877,-0.00460929704178,1.36560658396e-05
82.65,-0.000181032353377,-0.0046048473245,1.35246531251e-05
82.7,-0.000179376620508,-0.00460040839224,1.33945440926e-05
82.75,-0.000177735748702,-0.00459600524823,1.32657229289e-05
82.8,-0.000176109604184,-0.00459164113341,1.31381570315e-05
82.85,-0.000174498931828,-0.00458728768758,1.30118494181e-05
82.9,-0.000172902715469,-0.00458294488289,1.28868044856e-05
82.95,-0.000171320829182,-0.00457861268834,1.27629766383e-05
83.0,-0.000169753148075,-0.00457429107338,1.26403538114e-05
83.05,-0.00016819954829,-0.0045699800074,1.25189472692e-05
83.1,-0.000166659907005,-0.00456567945937,1.23987214913e-05
83.15,-0.000165134102411,-0.00456139679746,1.22796790006e-05
83.2,-0.000163622013298,-0.00455712508323,1.21618145617e-05
83.25,-0.00016212351987,-0.00455286380929,1.20451139071e-05
83.3,-0.000160638503349,-0.00454861294436,1.19295468996e-05
83.35,-0.000159166845943,-0.0045443724574,1.18151165389e-05
83.4,-0.000157708430845,-0.00454015191066,1.17018269103e-05
83.45,-0.000156263139402,-0.00453597546744,1.1589637162e-05
83.5,-0.00015483085736,-0.00453180926612,1.14785363372e-05
83.55,-0.000153411470893,-0.00452765327492,1.13685347471e-05
83.6,-0.000152004867134,-0.00452350746165,1.12596002179e-05
83.65,-0.000150610934149,-0.00451937179446,1.11517351209e-05
83.7,-0.000149229560945,-0.00451524624123,1.10449347221e-05
83.75,-0.000147860637457,-0.00451113076974,1.09391861423e-05
83.8,-0.000146504054539,-0.00450702534778,1.08344620921e-05
83.85,-0.000145160429399,-0.00450292994336,1.0730765375e-05
83.9,-0.000143828915202,-0.00449884452657,1.06280997865e-05
83.95,-0.000142509405728,-0.00449476906489,1.05264278911e-05
84.0,-0.00014120179564,-0.00449070352624,1.04257399023e-05
84.05,-0.000139905980485,-0.0044866478785,1.03260452736e-05
84.1,-0.000138621856691,-0.00448260945265,1.02273148689e-05
84.15,-0.000137349319308,-0.004478614157,1.01295512887e-05
84.2,-0.000136088266922,-0.00447462861315,1.00327502499e-05
84.25,-0.000134838598623,-0.0044706527881,9.93690012643e-06
84.3,-0.000133600214346,-0.00446669304157,9.84197620103e-06
84.35,-0.000132373014576,-0.00446274359983,9.74798113756e-06
84.4,-0.000131156900906,-0.00445880379224,9.65491845217e-06
84.45,-0.000129951775788,-0.00445487358559,9.56275420562e-06
84.5,-0.000128757542492,-0.00445095294709,9.47147957392e-06
84.55,-0.000127574105101,-0.0044470418439,9.3811032115e-06
84.6,-0.000126401368511,-0.00444314024295,9.29159871431e-06
84.65,-0.000125239238419,-0.00443925298888,9.20296818171e-06
84.7,-0.000124087621112,-0.00443537796673,9.11520788202e-06
84.75,-0.000122946423766,-0.00443151236344,9.02830734458e-06
84.8,-0.000121815554462,-0.0044276561459,8.94224418311e-06
84.85,-0.000120695525232,-0.00442382057966,8.85702084554e-06
84.9,-0.000119585628813,-0.00442002100359,8.77264092121e-06
84.95,-0.000118485776301,-0.00441623067372,8.68907355674e-06
85.0,-0.000117395879072,-0.00441244955668,8.60631079344e-06
85.05,-0.00011631584925,-0.00440867761914,8.52436055401e-06
85.1,-0.000115245599709,-0.00440491482753,8.44319890433e-06
85.15,-0.000114185044056,-0.00440116114855,8.36282780945e-06
85.2,-0.000113134096633,-0.00439741654879,8.28324390542e-06
85.25,-0.000112092672507,-0.0043936809948,8.20443771798e-06
85.3,-0.000111060687469,-0.00438995445316,8.12638896119e-06
85.35,-0.00011003805802,-0.0043862368907,8.04909991617e-06
85.4,-0.000109024701372,-0.00438252827413,7.97257360355e-06
85.45,-0.000108020535444,-0.00437882857001,7.89678211775e-06
85.5,-0.000107025478849,-0.00437513774527,7.82171828868e-06
85.55,-0.000106039450893,-0.00437145576686,7.74738937916e-06
85.6,-0.000105062371571,-0.00436778260154,7.67377369841e-06
85.65,-0.000104094161559,-0.00436413448105,7.60087309302e-06
85.7,-0.000103134740415,-0.00436051413589,7.5286848591e-06
85.75,-0.000102184030794,-0.00435690246351,7.45720034232e-06
85.8,-0.000101241955432,-0.00435330358362,7.38640115548e-06
85.85,-0.00010030893888,-0.00434971601654,7.31628944525e-06
85.9,-9.93843940474e-05,-0.00434613703774,7.2468680243e-06
85.95,-9.84682457823e-05,-0.00434256661363,7.17811157537e-06
86.0,-9.75604195718e-05,-0.00433900471097,7.11001362786e-06
86.05,-9.66608415395e-05,-0.00433545129656,7.04258083037e-06
86.1,-9.5769438442e-05,-0.00433190633708,6.97579351187e-06
86.15,-9.48861376603e-05,-0.00432837229021,6.90965339653e-06
86.2,-9.4010867119e-05,-0.00432485161635,6.84415781808e-06
86.25,-9.31435552851e-05,-0.0043213393135,6.77929907273e-06
86.3,-9.22841313983e-05,-0.00431783534845,6.71506049439e-06
86.35,-9.14325253033e-05,-0.00431433968822,6.65144406241e-06
86.4,-9.05886674472e-05,-0.00431085229973,6.58845236717e-06
86.45,-8.97524888751e-05,-0.00430737314986,6.52606244092e-06
86.5,-8.89239212213e-05,-0.00430391993721,6.46426844883e-06
86.55,-8.81028952163e-05,-0.00430048982369,6.40307672926e-06
86.6,-8.72893442432e-05,-0.00429706781048,6.3424693496e-06
86.65,-8.648320172e-05,-0.00429365386456,6.2824479179e-06
86.7,-8.56844016378e-05,-0.00429024795287,6.2230100384e-06
86.75,-8.48928785554e-05,-0.00428685004237,6.16414872343e-06
86.8,-8.41085675942e-05,-0.00428346010011,6.10584885965e-06
86.85,-8.3331820886e-05,-0.00428007809335,6.04811228661e-06
86.9,-8.25621500919e-05,-0.00427670399056,5.99094140134e-06
86.95,-8.17994921131e-05,-0.00427333775888,5.93431535825e-06
87.0,-8.10437843922e-05,-0.00426997936574,5.8782288897e-06
87.05,-8.02949649108e-05,-0.00426662877866,5.82268757361e-06
87.1,-7.95529721862e-05,-0.00426328596505,5.76767522687e-06
87.15,-7.88177452649e-05,-0.00425995089257,5.71319335404e-06
87.2,-7.80892237198e-05,-0.00425662352884,5.65923981839e-06
87.25,-7.73673476463e-05,-0.00425330384152,5.60580830681e-06
87.3,-7.66520576566e-05,-0.00424999382545,5.55288511564e-06
87.35,-7.59432948236e-05,-0.00424669608606,5.50047196638e-06
87.4,-7.5241000666e-05,-0.00424341767616,5.4485710964e-06
87.45,-7.45451162873e-05,-0.00424016516972,5.39716375927e-06
87.5,-7.38555846632e-05,-0.00423692015576,5.34624514677e-06
87.55,-7.31723489639e-05,-0.00423368260211,5.29582036451e-06
87.6,-7.24953528526e-05,-0.00423045247651,5.24587472599e-06
87.65,-7.18245404788e-05,-0.00422722996807,5.1964096313e-06
87.7,-7.11598564715e-05,-0.00422402189701,5.14742316945e-06
87.75,-7.0501245778e-05,-0.00422082117345,5.09890965739e-06
87.8,-6.98486539944e-05,-0.00421762776541,5.05085666035e-06
87.85,-6.92023730286e-05,-0.0042144416411,5.00326576564e-06
87.9,-6.85619968228e-05,-0.00421126276973,4.95613902136e-06
87.95,-6.79274724756e-05,-0.00420809111948,4.90945924721e-06
88.0,-6.72987475432e-05,-0.00420492665879,4.86322214823e-06
88.05,-6.66757700371e-05,-0.00420176935617,4.81743240167e-06
88.1,-6.60584884215e-05,-0.00419861918013,4.77207668037e-06
88.15,-6.54468516071e-05,-0.00419547609934,4.72715628998e-06
88.2,-6.48408089496e-05,-0.00419234008254,4.68266952306e-06
88.25,-6.42403102454e-05,-0.00418921109847,4.63861121578e-06
88.3,-6.36453057276e-05,-0.00418608911602,4.59497008768e-06
88.35,-6.30557460618e-05,-0.00418297410423,4.55174761398e-06
88.4,-6.24715823439e-05,-0.00417988857021,4.50894568781e-06
88.45,-6.1892765064e-05,-0.00417681493399,4.46654888336e-06
88.5,-6.13192466666e-05,-0.0041737481409,4.42455323908e-06
88.55,-6.07509795364e-05,-0.00417068816009,4.38296303647e-06
88.6,-6.01879164739e-05,-0.00416763496067,4.34176617623e-06
88.65,-5.96300106905e-05,-0.00416458851198,4.30096387171e-06
88.7,-5.90772158063e-05,-0.00416154878336,4.26055459476e-06
88.75,-5.85294858465e-05,-0.00415851574424,4.22053367212e-06
88.8,-5.79867752376e-05,-0.00415548936414,4.18089086468e-06
88.85,-5.74493259085e-05,-0.00415247615023,4.14162753893e-06
88.9,-5.69168002362e-05,-0.00414946954978,4.10274546347e-06
88.95,-5.63891539185e-05,-0.00414646953241,4.0642304673e-06
89.0,-5.58663430395e-05,-0.00414347606802,4.02607904457e-06
89.05,-5.53483240671e-05,-0.00414048912657,3.98829511671e-06
89.1,-5.48350538508e-05,-0.00413750867803,3.95086769923e-06
89.15,-5.4326489617e-05,-0.00413453469259,3.91379792102e-06
89.2,-5.38225889668e-05,-0.0041315723285,3.87708441612e-06
89.25,-5.33233097808e-05,-0.00412861832406,3.84072297184e-06
89.3,-5.28286103692e-05,-0.00412567070908,3.80470429966e-06
89.35,-5.23384494418e-05,-0.00412272945399,3.76902966587e-06
89.4,-5.18527860711e-05,-0.0041197945293,3.73370068269e-06
89.45,-5.13715796889e-05,-0.00411688125058,3.69870447685e-06
89.5,-5.08947893994e-05,-0.00411398396461,3.6640379963e-06
89.55,-5.04223756261e-05,-0.00411109288922,3.62970478407e-06
89.6,-4.99542988756e-05,-0.00410820799504,3.59569486272e-06
89.65,-4.94905200006e-05,-0.00410532925288,3.5620092787e-06
89.7,-4.90310001982e-05,-0.00410245663359,3.52864680776e-06
89.75,-4.85757010062e-05,-0.00409959010812,3.49560362042e-06
89.8,-4.81245843006e-05,-0.00409672964752,3.46287127646e-06
89.85,-4.76778505638e-05,-0.00409387522303,3.4304509472e-06
89.9,-4.72352194026e-05,-0.00409102680661,3.39834411942e-06
89.95,-4.67966537587e-05,-0.00408818436959,3.36653909461e-06
90.0,-4.63621168988e-05,-0.0040853478835,3.33503300724e-06
90.05,-4.5931572413e-05,-0.00408251731997,3.30382914377e-06
90.1,-4.55049842123e-05,-0.00407969265067,3.27291844266e-06
90.15,-4.50823165249e-05,-0.00407687384746,3.24230187618e-06
90.2,-4.46635338947e-05,-0.00407406088224,3.21197834957e-06
90.25,-4.4248601178e-05,-0.00407125372699,3.18194439636e-06
90.3,-4.38374835409e-05,-0.00406845235382,3.15219235269e-06
90.35,-4.34301464565e-05,-0.0040656611957,3.12272330343e-06
90.4,-4.3026555639e-05,-0.00406287771286,3.09353863088e-06
90.45,-4.26266771435e-05,-0.00406009994315,3.06462770846e-06
90.5,-4.22304773526e-05,-0.00405732785904,3.03598794493e-06
90.55,-4.18379229455e-05,-0.00405456143313,3.00762234921e-06
90.6,-4.14489808963e-05,-0.00405181210761,2.9795226892e-06
90.65,-4.10636180071e-05,-0.00404907959568,2.95168994637e-06
90.7,-4.06818020054e-05,-0.00404635559567,2.92412311111e-06
90.75,-4.03035007056e-05,-0.00404364114386,2.89681904883e-06
90.8,-3.99286821944e-05,-0.00404093220116,2.86977080549e-06
90.85,-3.95575125845e-05,-0.00403822874045,2.84297938212e-06
90.9,-3.91897590138e-05,-0.00403553073526,2.81644604105e-06
90.95,-3.88253905188e-05,-0.00403283815858,2.79016111678e-06
91.0,-3.84643764094e-05,-0.00403015098363,2.76412226344e-06
91.05,-3.8106686267e-05,-0.00402746918373,2.73833223374e-06
91.1,-3.77522899427e-05,-0.00402479273223,2.71278354578e-06
91.15,-3.74011575542e-05,-0.00402212160268,2.68747703344e-06
91.2,-3.7053259484e-05,-0.00401945576867,2.6624118172e-06
91.25,-3.67085663774e-05,-0.00401679520391,2.63758505127e-06
91.3,-3.63670491395e-05,-0.0040141398822,2.61299040999e-06
91.35,-3.60286789336e-05,-0.00401148977752,2.58862881927e-06
91.4,-3.47656339831e-05,-0.00400884486393,2.56450144244e-06
91.45,-3.30495211631e-05,-0.00400620244285,2.54059761229e-06
91.5,-3.27419614377e-05,-0.0040035611924,2.51691435402e-06
91.55,-3.24372366934e-05,-0.00400092516337,2.49345707897e-06
91.6,-3.21353211772e-05,-0.00399829432893,2.47021898375e-06
91.65,-3.1836189364e-05,-0.00399566866246,2.44720083697e-06
91.7,-3.15398159557e-05,-0.00399304813741,2.42440184701e-06
91.75,-3.12461758788e-05,-0.00399043272733,2.40181943165e-06
91.8,-3.09552442826e-05,-0.00398782240591,2.3794478397e-06
91.85,-3.06671497968e-05,-0.00398522423657,2.35728792317e-06
91.9,-3.03817114673e-05,-0.00398265077596,2.33534080199e-06
91.95,-3.0098905163e-05,-0.00398008231458,2.31359847999e-06
92.0,-2.98187069584e-05,-0.00397751882636,2.29205903127e-06
92.05,-2.95410931405e-05,-0.00397496028534,2.27072475759e-06
92.1,-2.92660402073e-05,-0.00397240666559,2.24958947372e-06
92.15,-2.89935248654e-05,-0.00396985794142,2.22865388987e-06
92.2,-2.87235240287e-05,-0.0039673149173,2.20791729527e-06
92.25,-2.84560148088e-05,-0.00396478275602,2.1873773498e-06
92.3,-2.8190974473e-05,-0.00396225542891,2.16702883608e-06
92.35,-2.7928380548e-05,-0.00395973291064,2.14687253935e-06
92.4,-2.7668210761e-05,-0.00395721517592,2.12690944179e-06
92.45,-2.74104430375e-05,-0.00395470219955,2.1071322732e-06
92.5,-2.71550554995e-05,-0.00395219395655,2.08753929015e-06
92.55,-2.69020264638e-05,-0.00394969042204,2.0681325995e-06
92.6,-2.66513344409e-05,-0.00394719157121,2.04890657825e-06
92.65,-2.64029581327e-05,-0.00394469737943,2.02986188343e-06
92.7,-2.6156876431e-05,-0.00394220782214,2.01099787776e-06
92.75,-2.59130684162e-05,-0.00393972287491,1.99231243851e-06
92.8,-2.56715133554e-05,-0.0039372425134,1.97380081385e-06
92.85,-2.54323177994e-05,-0.00393476671347,1.955463729e-06
92.9,-2.51953317889e-05,-0.00393229545139,1.93730208868e-06
92.95,-2.49605351781e-05,-0.00392982870317,1.91930928057e-06
93.0,-2.47279080013e-05,-0.00392736644499,1.90148372616e-06
93.05,-2.44974304706e-05,-0.00392490865314,1.88382735393e-06
93.1,-2.42690829755e-05,-0.00392245530401,1.86633505133e-06
93.15,-2.40428460805e-05,-0.00392000637412,1.84900742593e-06
93.2,-2.38187005238e-05,-0.0039175618401,1.8318439063e-06
93.25,-2.35966272161e-05,-0.00391512952422,1.81484256774e-06
93.3,-2.33766070387e-05,-0.00391271197074,1.79799912829e-06
93.35,-2.31586213095e-05,-0.00391029928215,1.78131424449e-06
93.4,-2.29426514481e-05,-0.00390789647038,1.7647887487e-06
93.45,-2.27286790033e-05,-0.00390549793164,1.74841663277e-06
93.5,-2.25166857313e-05,-0.003903103643,1.73219646573e-06
93.55,-2.23066535521e-05,-0.00390071358165,1.71613001132e-06
93.6,-2.20985645476e-05,-0.00389832772485,1.70021261897e-06
93.65,-2.189240096e-05,-0.00389594605002,1.68444484895e-06
93.7,-2.16881451908e-05,-0.00389356853466,1.66882618739e-06
93.75,-2.14857797992e-05,-0.00389120065353,1.65335488752e-06
93.8,-2.12852874626e-05,-0.00388883812078,1.63802702776e-06
93.85,-2.10867564261e-05,-0.00388647969568,1.62284322556e-06
93.9,-2.08900622625e-05,-0.00388412535636,1.6078042456e-06
93.95,-2.06951881806e-05,-0.00388177508074,1.59290461389e-06
94.0,-2.05021175396e-05,-0.0038794288469,1.57814303369e-06
94.05,-2.0310833848e-05,-0.00387708663306,1.56352111877e-06
94.1,-2.01213207624e-05,-0.00387474841747,1.54903463896e-06
94.15,-1.99335620861e-05,-0.00387241417857,1.53468411137e-06
94.2,-1.97475417677e-05,-0.00387008389487,1.52046907447e-06
94.25,-1.95632439e-05,-0.00386775754499,1.50638794331e-06
94.3,-1.93806527189e-05,-0.00386543510764,1.49243714471e-06
94.35,-1.91997526016e-05,-0.00386311656172,1.4786172463e-06
94.4,-1.9020528066e-05,-0.00386080188616,1.46492895123e-06
94.45,-1.88429637691e-05,-0.00385849106002,1.45136727839e-06
94.5,-1.86670445059e-05,-0.0038561840625,1.43793105257e-06
94.55,-1.8492755208e-05,-0.00385388087291,1.42462175038e-06
94.6,-1.8320080943e-05,-0.00385158147063,1.41143552359e-06
94.65,-1.81490069124e-05,-0.00384928583518,1.39837284944e-06
94.7,-1.79795184513e-05,-0.0038469939462,1.38543331335e-06
94.75,-1.78116010267e-05,-0.00384470578338,1.37261547704e-06
94.8,-1.76452402366e-05,-0.00384243067422,1.35991609044e-06
94.85,-1.74805090222e-05,-0.00384016607246,1.34733570441e-06
94.9,-1.73173042204e-05,-0.00383790988061,1.33487495423e-06
94.95,-1.71556118172e-05,-0.00383565861036,1.32252931104e-06
95.0,-1.69954179448e-05,-0.00383341096337,1.31029770993e-06
95.05,-1.68367088677e-05,-0.00383116691976,1.29818150099e-06
95.1,-1.66794709745e-05,-0.00382892645973,1.28617718199e-06
95.15,-1.65236907759e-05,-0.00382668956362,1.27428519223e-06
95.2,-1.63693549045e-05,-0.00382445621184,1.2625051583e-06
95.25,-1.62164501136e-05,-0.00382222978441,1.25083577386e-06
95.3,-1.60649632576e-05,-0.00382001006882,1.23927408488e-06
95.35,-1.59148813116e-05,-0.00381779385428,1.22782057515e-06
95.4,-1.5766191385e-05,-0.0038155811215,1.21647583763e-06
95.45,-1.56188807038e-05,-0.0038133718513,1.20523574499e-06
95.5,-1.5472936609e-05,-0.00381116602462,1.19409933001e-06
95.55,-1.5328346556e-05,-0.00380896362253,1.18306782759e-06
95.6,-1.51850981136e-05,-0.00380676462615,1.17213805055e-06
95.65,-1.50431789627e-05,-0.00380456901674,1.16131040361e-06
95.7,-1.49025768955e-05,-0.00380237677567,1.1505845508e-06
95.75,-1.47632798146e-05,-0.00380018788436,1.13995930592e-06
95.8,-1.4625275732e-05,-0.00379800232437,1.12943197784e-06
95.85,-1.44886251753e-05,-0.00379582007737,1.11900300881e-06
95.9,-1.43532425393e-05,-0.00379364112532,1.10867294362e-06
95.95,-1.42191161793e-05,-0.00379146545005,1.09843802494e-06
96.0,-1.40862345557e-05,-0.00378929303353,1.08829737542e-06
96.05,-1.39545862332e-05,-0.00378712385783,1.07825212463e-06
96.1,-1.382415988e-05,-0.0037849579051,1.06829937181e-06
96.15,-1.3694944267e-05,-0.0037827951576,1.05843948979e-06
96.2,-1.35669282663e-05,-0.0037806355977,1.04867217632e-06
96.25,-1.3440100851e-05,-0.00377847920782,1.03899635414e-06
96.3,-1.33144510941e-05,-0.00377632597052,1.02940957429e-06
96.35,-1.31899681672e-05,-0.00377417586845,1.01991224356e-06
96.4,-1.30666413403e-05,-0.00377203176315,1.01050486218e-06
96.45,-1.29444599683e-05,-0.00376989382318,1.00118401154e-06
96.5,-1.28234135021e-05,-0.00376776120061,9.91948897941e-07
96.55,-1.27034914368e-05,-0.00376564367598,9.82800566949e-07
96.6,-1.25846834319e-05,-0.00376352920448,9.73736376969e-07
96.65,-1.2466979241e-05,-0.00376141776692,9.64756670005e-07
96.7,-1.23503687075e-05,-0.00375930934637,9.55861173384e-07
96.75,-1.22348417669e-05,-0.00375720530183,9.47048907974e-07
96.8,-1.21203884403e-05,-0.00375510935291,9.38317645348e-07
96.85,-1.20070588306e-05,-0.00375301638538,9.29667762894e-07
96.9,-1.18947819577e-05,-0.00375092638276,9.2109971912e-07
96.95,-1.17835481355e-05,-0.00374883932845,9.1261039821e-07
97.0,-1.16733477658e-05,-0.00374675520599,9.04199076912e-07
97.05,-1.15641713373e-05,-0.00374467399902,8.95866699323e-07
97.1,-1.14560094251e-05,-0.00374259569123,8.87610860924e-07
97.15,-1.13488526897e-05,-0.00374052026645,8.7943187694e-07
97.2,-1.12426918763e-05,-0.00373844770858,8.71329501654e-07
97.25,-1.11375178144e-05,-0.0037363780016,8.63302845335e-07
97.3,-1.10333214164e-05,-0.0037343111296,8.55349878394e-07
97.35,-1.09300936774e-05,-0.00373224707677,8.47470944017e-07
97.4,-1.08278256744e-05,-0.00373018582738,8.39666462976e-07
97.45,-1.07265085651e-05,-0.00372812736578,8.3193359772e-07
97.5,-1.06261335879e-05,-0.00372607167642,8.24271691666e-07
97.55,-1.05266920606e-05,-0.00372401874387,8.16681608154e-07
97.6,-1.042817538e-05,-0.00372196855274,8.09161157871e-07
97.65,-1.03305750212e-05,-0.00371992108778,8.01710630793e-07
97.7,-1.02338825365e-05,-0.0037178763338,7.94329805512e-07
97.75,-1.01380895555e-05,-0.00371583427569,7.8701787348e-07
97.8,-1.00431877835e-05,-0.00371379489843,7.7977298696e-07
97.85,-9.94921872314e-06,-0.00371175818711,7.72595461274e-07
97.9,-9.8561235285e-06,-0.00370972518863,7.65485682492e-07
97.95,-9.76389414057e-06,-0.00370769960522,7.58441066823e-07
98.0,-9.67252256207e-06,-0.00370567665689,7.51461020978e-07
98.05,-9.58200088389e-06,-0.00370365632896,7.4454633423e-07
98.1,-9.49232126892e-06,-0.0037016386068,7.37695012809e-07
98.15,-9.40347595137e-06,-0.00369962347591,7.30907323207e-07
98.2,-9.31545723612e-06,-0.00369761092185,7.24183065676e-07
98.25,-9.22825749813e-06,-0.00369560093027,7.17521505151e-07
98.3,-9.14186918181e-06,-0.00369359928483,7.10920959098e-07
98.35,-9.05628478326e-06,-0.00369160076632,7.04381720394e-07
98.4,-8.97149688282e-06,-0.00368960478218,6.97904143202e-07
98.45,-8.88749813014e-06,-0.00368761864301,6.91485873073e-07
98.5,-8.80428118533e-06,-0.00368564015689,6.85126379441e-07
98.55,-8.72183885425e-06,-0.00368366415472,6.78826379251e-07
98.6,-8.64016398705e-06,-0.00368169062246,6.72584056331e-07
98.65,-8.55924949898e-06,-0.00367971954622,6.66399655234e-07
98.7,-8.4790883699e-06,-0.00367775091214,6.60272995412e-07
98.75,-8.39967364366e-06,-0.00367578470648,6.54203408229e-07
98.8,-8.32099842755e-06,-0.00367382091554,6.48189361153e-07
98.85,-8.24309708683e-06,-0.00367185952575,6.42231119627e-07
98.9,-8.16592084636e-06,-0.00366990052371,6.36329007882e-07
98.95,-8.08946301231e-06,-0.00366794389598,6.30480880792e-07
99.0,-8.01371695189e-06,-0.00366598962922,6.24686245893e-07
99.05,-7.93867609278e-06,-0.00366403771017,6.18945762558e-07
99.1,-7.86433392263e-06,-0.00366208812562,6.13257776581e-07
99.15,-7.79068398848e-06,-0.0036601408625,6.0762251266e-07
99.2,-7.71771989628e-06,-0.00365819590776,6.02039807877e-07
99.25,-7.6454353103e-06,-0.00365625324845,5.96509054246e-07
99.3,-7.57382395266e-06,-0.00365431287169,5.91028856041e-07
99.35,-7.50287960279e-06,-0.00365237476472,5.85599456909e-07
99.4,-7.43259609691e-06,-0.0036504389148,5.80221154079e-07
99.45,-7.36296732754e-06,-0.00364851035686,5.74891993151e-07
99.5,-7.29398723104e-06,-0.00364658473829,5.69611529018e-07
99.55,-7.22564980977e-06,-0.00364466135199,5.33538096847e-07
99.6,-7.1579487645e-06,-0.00364274059534,5.25208338163e-07
99.65,-7.09087853962e-06,-0.00364082208478,5.20385068013e-07
99.7,-7.02443334258e-06,-0.00363890576169,5.1560679797e-07
99.75,-6.95860739326e-06,-0.00363699161386,4.80098843206e-07
99.8,-6.89339462043e-06,-0.00363508384172,4.72268749356e-07
99.85,-6.82882378622e-06,-0.00363318073988,4.67932986787e-07
99.9,-6.7648545008e-06,-0.00363127978394,4.63638157324e-07
99.95,-6.7014812027e-06,-0.00362938096196,4.59382530929e-07
100.0,-6.63869838128e-06,-0.00362748426208,4.55165751169e-07
