"time","AMPA","NMDA","GABAa"
0.0,0.0,0.0,0.0
0.05,0.0,0.0,0.0
0.1,0.0,0.0,0.0
0.15,0.0,0.0,0.0
0.2,0.0,0.0,0.0
0.25,0.0,0.0,0.0
0.3,0.0,0.0,0.0
0.35,0.0,0.0,0.0
0.4,0.0,0.0,0.0
0.45,0.0,0.0,0.0
0.5,0.0,0.0,0.0
0.55,0.0,0.0,0.0
0.6,0.0,0.0,0.0
0.65,0.0,0.0,0.0
0.7,0.0,0.0,0.0
0.75,0.0,0.0,0.0
0.8,0.0,0.0,0.0
0.85,0.0,0.0,0.0
0.9,0.0,0.0,0.0
0.95,0.0,0.0,0.0
1.0,0.0,0.0,0.0
1.05,0.0,0.0,0.0
1.1,0.0,0.0,0.0
1.15,0.0,0.0,0.0
1.2,0.0,0.0,0.0
1.25,0.0,0.0,0.0
1.3,0.0,0.0,0.0
1.35,0.0,0.0,0.0
1.4,0.0,0.0,0.0
1.45,0.0,0.0,0.0
1.5,0.0,0.0,0.0
1.55,0.0,0.0,0.0
1.6,0.0,0.0,0.0
1.65,0.0,0.0,0.0
1.7,0.0,0.0,0.0
1.75,0.0,0.0,0.0
1.8,0.0,0.0,0.0
1.85,0.0,0.0,0.0
1.9,0.0,0.0,0.0
1.95,0.0,0.0,0.0
2.0,0.0,0.0,0.0
2.05,0.0,0.0,0.0
2.1,0.0,0.0,0.0
2.15,0.0,0.0,0.0
2.2,0.0,0.0,0.0
2.25,0.0,0.0,0.0
2.3,0.0,0.0,0.0
2.35,0.0,0.0,0.0
2.4,0.0,0.0,0.0
2.45,0.0,0.0,0.0
2.5,0.0,0.0,0.0
2.55,0.0,0.0,0.0
2.6,0.0,0.0,0.0
2.65,0.0,0.0,0.0
2.7,0.0,0.0,0.0
2.75,0.0,0.0,0.0
2.8,0.0,0.0,0.0
2.85,0.0,0.0,0.0
2.9,0.0,0.0,0.0
2.95,0.0,0.0,0.0
3.0,0.0,0.0,0.0
3.05,0.0,0.0,0.0
3.1,0.0,0.0,0.0
3.15,0.0,0.0,0.0
3.2,0.0,0.0,0.0
3.25,0.0,0.0,0.0
3.3,0.0,0.0,0.0
3.35,0.0,0.0,0.0
3.4,0.0,0.0,0.0
3.45,0.0,0.0,0.0
3.5,0.0,0.0,0.0
3.55,0.0,0.0,0.0
3.6,0.0,0.0,0.0
3.65,0.0,0.0,0.0
3.7,0.0,0.0,0.0
3.75,0.0,0.0,0.0
3.8,0.0,0.0,0.0
3.85,0.0,0.0,0.0
3.9,0.0,0.0,0.0
3.95,0.0,0.0,0.0
4.0,0.0,0.0,0.0
4.05,0.0,0.0,0.0
4.1,0.0,0.0,0.0
4.15,0.0,0.0,0.0
4.2,0.0,0.0,0.0
4.25,0.0,0.0,0.0
4.3,0.0,0.0,0.0
4.35,0.0,0.0,0.0
4.4,0.0,0.0,0.0
4.45,0.0,0.0,0.0
4.5,0.0,0.0,0.0
4.55,0.0,0.0,0.0
4.6,0.0,0.0,0.0
4.65,0.0,0.0,0.0
4.7,0.0,0.0,0.0
4.75,0.0,0.0,0.0
4.8,0.0,0.0,0.0
4.85,0.0,0.0,0.0
4.9,0.0,0.0,0.0
4.95,0.0,0.0,0.0
5.0,0.0,0.0,0.0
5.05,0.0,0.0,0.0
5.1,0.0,0.0,0.0
5.15,0.0,0.0,0.0
5.2,0.0,0.0,0.0
5.25,0.0,0.0,0.0
5.3,0.0,0.0,0.0
5.35,0.0,0.0,0.0
5.4,0.0,0.0,0.0
5.45,0.0,0.0,0.0
5.5,0.0,0.0,0.0
5.55,0.0,0.0,0.0
5.6,0.0,0.0,0.0
5.65,0.0,0.0,0.0
5.7,0.0,0.0,0.0
5.75,0.0,0.0,0.0
5.8,0.0,0.0,0.0
5.85,0.0,0.0,0.0
5.9,0.0,0.0,0.0
5.95,0.0,0.0,0.0
6.0,0.0,0.0,0.0
6.05,0.0,0.0,0.0
6.1,0.0,0.0,0.0
6.15,0.0,0.0,0.0
6.2,0.0,0.0,0.0
6.25,0.0,0.0,0.0
6.3,0.0,0.0,0.0
6.35,0.0,0.0,0.0
6.4,0.0,0.0,0.0
6.45,0.0,0.0,0.0
6.5,0.0,0.0,0.0
6.55,0.0,0.0,0.0
6.6,0.0,0.0,0.0
6.65,0.0,0.0,0.0
6.7,0.0,0.0,0.0
6.75,0.0,0.0,0.0
6.8,0.0,0.0,0.0
6.85,0.0,0.0,0.0
6.9,0.0,0.0,0.0
6.95,0.0,0.0,0.0
7.0,0.0,0.0,0.0
7.05,0.0,0.0,0.0
7.1,0.0,0.0,0.0
7.15,0.0,0.0,0.0
7.2,0.0,0.0,0.0
7.25,0.0,0.0,0.0
7.3,0.0,0.0,0.0
7.35,0.0,0.0,0.0
7.4,0.0,0.0,0.0
7.45,0.0,0.0,0.0
7.5,0.0,0.0,0.0
7.55,0.0,0.0,0.0
7.6,0.0,0.0,0.0
7.65,0.0,0.0,0.0
7.7,0.0,0.0,0.0
7.75,0.0,0.0,0.0
7.8,0.0,0.0,0.0
7.85,0.0,0.0,0.0
7.9,0.0,0.0,0.0
7.95,0.0,0.0,0.0
8.0,0.0,0.0,0.0
8.05,0.0,0.0,0.0
8.1,0.0,0.0,0.0
8.15,0.0,0.0,0.0
8.2,0.0,0.0,0.0
8.25,0.0,0.0,0.0
8.3,0.0,0.0,0.0
8.35,0.0,0.0,0.0
8.4,0.0,0.0,0.0
8.45,0.0,0.0,0.0
8.5,0.0,0.0,0.0
8.55,0.0,0.0,0.0
8.6,0.0,0.0,0.0
8.65,0.0,0.0,0.0
8.7,0.0,0.0,0.0
8.75,0.0,0.0,0.0
8.8,0.0,0.0,0.0
8.85,0.0,0.0,0.0
8.9,0.0,0.0,0.0
8.95,0.0,0.0,0.0
9.0,0.0,0.0,0.0
9.05,0.0,0.0,0.0
9.1,0.0,0.0,0.0
9.15,0.0,0.0,0.0
9.2,0.0,0.0,0.0
9.25,0.0,0.0,0.0
9.3,0.0,0.0,0.0
9.35,0.0,0.0,0.0
9.4,0.0,0.0,0.0
9.45,0.0,0.0,0.0
9.5,0.0,0.0,0.0
9.55,0.0,0.0,0.0
9.6,0.0,0.0,0.0
9.65,0.0,0.0,0.0
9.7,0.0,0.0,0.0
9.75,0.0,0.0,0.0
9.8,0.0,0.0,0.0
9.85,0.0,0.0,0.0
9.9,0.0,0.0,0.0
9.95,0.0,0.0,0.0
10.0,0.0,0.0,0.0
10.05,0.0,0.0,0.0
10.1,0.0,0.0,0.0
10.15,0.0,0.0,0.0
10.2,0.0,0.0,0.0
10.25,0.0,0.0,0.0
10.3,0.0,0.0,0.0
10.35,0.0,0.0,0.0
10.4,0.0,0.0,0.0
10.45,0.0,0.0,0.0
10.5,0.0,0.0,0.0
10.55,0.0,0.0,0.0
10.6,0.0,0.0,0.0
10.65,0.0,0.0,0.0
10.7,0.0,0.0,0.0
10.75,0.0,0.0,0.0
10.8,0.0,0.0,0.0
10.85,0.0,0.0,0.0
10.9,0.0,0.0,0.0
10.95,0.0,0.0,0.0
11.0,0.0,0.0,0.0
11.05,0.0,0.0,0.0
11.1,0.0,0.0,0.0
11.15,0.0,0.0,0.0
11.2,0.0,0.0,0.0
11.25,0.0,0.0,0.0
11.3,0.0,0.0,0.0
11.35,0.0,0.0,0.0
11.4,0.0,0.0,0.0
11.45,0.0,0.0,0.0
11.5,0.0,0.0,0.0
11.55,0.0,0.0,0.0
11.6,0.0,0.0,0.0
11.65,0.0,0.0,0.0
11.7,0.0,0.0,0.0
11.75,0.0,0.0,0.0
11.8,0.0,0.0,0.0
11.85,0.0,0.0,0.0
11.9,0.0,0.0,0.0
11.95,0.0,0.0,0.0
12.0,0.0,0.0,0.0
12.05,0.0,0.0,0.0
12.1,0.0,0.0,0.0
12.15,0.0,0.0,0.0
12.2,0.0,0.0,0.0
12.25,0.0,0.0,0.0
12.3,0.0,0.0,0.0
12.35,0.0,0.0,0.0
12.4,0.0,0.0,0.0
12.45,0.0,0.0,0.0
12.5,0.0,0.0,0.0
12.55,0.0,0.0,0.0
12.6,0.0,0.0,0.0
12.65,0.0,0.0,0.0
12.7,0.0,0.0,0.0
12.75,0.0,0.0,0.0
12.8,0.0,0.0,0.0
12.85,0.0,0.0,0.0
12.9,0.0,0.0,0.0
12.95,0.0,0.0,0.0
13.0,0.0,0.0,0.0
13.05,0.0,0.0,0.0
13.1,0.0,0.0,0.0
13.15,0.0,0.0,0.0
13.2,0.0,0.0,0.0
13.25,0.0,0.0,0.0
13.3,0.0,0.0,0.0
13.35,0.0,0.0,0.0
13.4,0.0,0.0,0.0
13.45,0.0,0.0,0.0
13.5,0.0,0.0,0.0
13.55,0.0,0.0,0.0
13.6,0.0,0.0,0.0
13.65,0.0,0.0,0.0
13.7,0.0,0.0,0.0
13.75,0.0,0.0,0.0
13.8,0.0,0.0,0.0
13.85,0.0,0.0,0.0
13.9,0.0,0.0,0.0
13.95,0.0,0.0,0.0
14.0,0.0,0.0,0.0
14.05,0.0,0.0,0.0
14.1,0.0,0.0,0.0
14.15,0.0,0.0,0.0
14.2,0.0,0.0,0.0
14.25,0.0,0.0,0.0
14.3,0.0,0.0,0.0
14.35,0.0,0.0,0.0
14.4,0.0,0.0,0.0
14.45,0.0,0.0,0.0
14.5,0.0,0.0,0.0
14.55,0.0,0.0,0.0
14.6,0.0,0.0,0.0
14.65,0.0,0.0,0.0
14.7,0.0,0.0,0.0
14.75,0.0,0.0,0.0
14.8,0.0,0.0,0.0
14.85,0.0,0.0,0.0
14.9,0.0,0.0,0.0
14.95,0.0,0.0,0.0
15.0,0.0,0.0,0.0
15.05,0.0,0.0,0.0
15.1,0.0,0.0,0.0
15.15,0.0,0.0,0.0
15.2,0.0,0.0,0.0
15.25,0.0,0.0,0.0
15.3,0.0,0.0,0.0
15.35,0.0,0.0,0.0
15.4,0.0,0.0,0.0
15.45,0.0,0.0,0.0
15.5,0.0,0.0,0.0
15.55,0.0,0.0,0.0
15.6,0.0,0.0,0.0
15.65,0.0,0.0,0.0
15.7,0.0,0.0,0.0
15.75,0.0,0.0,0.0
15.8,0.0,0.0,0.0
15.85,0.0,0.0,0.0
15.9,0.0,0.0,0.0
15.95,0.0,0.0,0.0
16.0,0.0,0.0,0.0
16.05,0.0,0.0,0.0
16.1,0.0,0.0,0.0
16.15,0.0,0.0,0.0
16.2,0.0,0.0,0.0
16.25,0.0,0.0,0.0
16.3,0.0,0.0,0.0
16.35,0.0,0.0,0.0
16.4,0.0,0.0,0.0
16.45,0.0,0.0,0.0
16.5,0.0,0.0,0.0
16.55,0.0,0.0,0.0
16.6,0.0,0.0,0.0
16.65,0.0,0.0,0.0
16.7,0.0,0.0,0.0
16.75,0.0,0.0,0.0
16.8,0.0,0.0,0.0
16.85,0.0,0.0,0.0
16.9,0.0,0.0,0.0
16.95,0.0,0.0,0.0
17.0,0.0,0.0,0.0
17.05,0.0,0.0,0.0
17.1,0.0,0.0,0.0
17.15,0.0,0.0,0.0
17.2,0.0,0.0,0.0
17.25,0.0,0.0,0.0
17.3,0.0,0.0,0.0
17.35,0.0,0.0,0.0
17.4,0.0,0.0,0.0
17.45,0.0,0.0,0.0
17.5,0.0,0.0,0.0
17.55,0.0,0.0,0.0
17.6,0.0,0.0,0.0
17.65,0.0,0.0,0.0
17.7,0.0,0.0,0.0
17.75,0.0,0.0,0.0
17.8,0.0,0.0,0.0
17.85,0.0,0.0,0.0
17.9,0.0,0.0,0.0
17.95,0.0,0.0,0.0
18.0,0.0,0.0,0.0
18.05,0.0,0.0,0.0
18.1,0.0,0.0,0.0
18.15,0.0,0.0,0.0
18.2,0.0,0.0,0.0
18.25,0.0,0.0,0.0
18.3,0.0,0.0,0.0
18.35,0.0,0.0,0.0
18.4,0.0,0.0,0.0
18.45,0.0,0.0,0.0
18.5,0.0,0.0,0.0
18.55,0.0,0.0,0.0
18.6,0.0,0.0,0.0
18.65,0.0,0.0,0.0
18.7,0.0,0.0,0.0
18.75,0.0,0.0,0.0
18.8,0.0,0.0,0.0
18.85,0.0,0.0,0.0
18.9,0.0,0.0,0.0
18.95,0.0,0.0,0.0
19.0,0.0,0.0,0.0
19.05,0.0,0.0,0.0
19.1,0.0,0.0,0.0
19.15,0.0,0.0,0.0
19.2,0.0,0.0,0.0
19.25,0.0,0.0,0.0
19.3,0.0,0.0,0.0
19.35,0.0,0.0,0.0
19.4,0.0,0.0,0.0
19.45,0.0,0.0,0.0
19.5,0.0,0.0,0.0
19.55,0.0,0.0,0.0
19.6,0.0,0.0,0.0
19.65,0.0,0.0,0.0
19.7,0.0,0.0,0.0
19.75,0.0,0.0,0.0
19.8,0.0,0.0,0.0
19.85,0.0,0.0,0.0
19.9,0.0,0.0,0.0
19.95,0.0,0.0,0.0
20.0,0.0,0.0,0.0
20.05,0.0,0.0,0.0
20.1,0.0,0.0,0.0
20.15,0.0,0.0,0.0
20.2,0.0,0.0,0.0
20.25,0.0,0.0,0.0
20.3,0.0,0.0,0.0
20.35,0.0,0.0,0.0
20.4,0.0,0.0,0.0
20.45,0.0,0.0,0.0
20.5,0.0,0.0,0.0
20.55,0.0,0.0,0.0
20.6,0.0,0.0,0.0
20.65,0.0,0.0,0.0
20.7,0.0,0.0,0.0
20.75,0.0,0.0,0.0
20.8,0.0,0.0,0.0
20.85,0.0,0.0,0.0
20.9,0.0,0.0,0.0
20.95,0.0,0.0,0.0
21.0,0.0,0.0,0.0
21.05,0.0,0.0,0.0
21.1,0.0,0.0,0.0
21.15,0.0,0.0,0.0
21.2,0.0,0.0,0.0
21.25,0.0,0.0,0.0
21.3,0.0,0.0,0.0
21.35,0.0,0.0,0.0
21.4,0.0,0.0,0.0
21.45,0.0,0.0,0.0
21.5,0.0,0.0,0.0
21.55,0.0,0.0,0.0
21.6,0.0,0.0,0.0
21.65,0.0,0.0,0.0
21.7,0.0,0.0,0.0
21.75,0.0,0.0,0.0
21.8,0.0,0.0,0.0
21.85,0.0,0.0,0.0
21.9,0.0,0.0,0.0
21.95,0.0,0.0,0.0
22.0,0.0,0.0,0.0
22.05,0.0,0.0,0.0
22.1,0.0,0.0,0.0
22.15,0.0,0.0,0.0
22.2,0.0,0.0,0.0
22.25,0.0,0.0,0.0
22.3,0.0,0.0,0.0
22.35,0.0,0.0,0.0
22.4,0.0,0.0,0.0
22.45,0.0,0.0,0.0
22.5,0.0,0.0,0.0
22.55,0.0,0.0,0.0
22.6,0.0,0.0,0.0
22.65,0.0,0.0,0.0
22.7,0.0,0.0,0.0
22.75,0.0,0.0,0.0
22.8,0.0,0.0,0.0
22.85,0.0,0.0,0.0
22.9,0.0,0.0,0.0
22.95,0.0,0.0,0.0
23.0,0.0,0.0,0.0
23.05,0.0,0.0,0.0
23.1,0.0,0.0,0.0
23.15,0.0,0.0,0.0
23.2,0.0,0.0,0.0
23.25,0.0,0.0,0.0
23.3,0.0,0.0,0.0
23.35,0.0,0.0,0.0
23.4,0.0,0.0,0.0
23.45,0.0,0.0,0.0
23.5,0.0,0.0,0.0
23.55,0.0,0.0,0.0
23.6,0.0,0.0,0.0
23.65,0.0,0.0,0.0
23.7,0.0,0.0,0.0
23.75,0.0,0.0,0.0
23.8,0.0,0.0,0.0
23.85,0.0,0.0,0.0
23.9,0.0,0.0,0.0
23.95,0.0,0.0,0.0
24.0,0.0,0.0,0.0
24.05,0.0,0.0,0.0
24.1,0.0,0.0,0.0
24.15,0.0,0.0,0.0
24.2,0.0,0.0,0.0
24.25,0.0,0.0,0.0
24.3,0.0,0.0,0.0
24.35,0.0,0.0,0.0
24.4,0.0,0.0,0.0
24.45,0.0,0.0,0.0
24.5,0.0,0.0,0.0
24.55,0.0,0.0,0.0
24.6,0.0,0.0,0.0
24.65,0.0,0.0,0.0
24.7,0.0,0.0,0.0
24.75,0.0,0.0,0.0
24.8,0.0,0.0,0.0
24.85,0.0,0.0,0.0
24.9,0.0,0.0,0.0
24.95,0.0,0.0,0.0
25.0,0.0,0.0,0.0
25.05,0.0,0.0,0.0
25.1,0.0,0.0,0.0
25.15,0.0,0.0,0.0
25.2,0.0,0.0,0.0
25.25,0.0,0.0,0.0
25.3,0.0,0.0,0.0
25.35,0.0,0.0,0.0
25.4,0.0,0.0,0.0
25.45,0.0,0.0,0.0
25.5,0.0,0.0,0.0
25.55,0.0,0.0,0.0
25.6,0.0,0.0,0.0
25.65,0.0,0.0,0.0
25.7,0.0,0.0,0.0
25.75,0.0,0.0,0.0
25.8,0.0,0.0,0.0
25.85,0.0,0.0,0.0
25.9,0.0,0.0,0.0
25.95,0.0,0.0,0.0
26.0,0.0,0.0,0.0
26.05,0.0,0.0,0.0
26.1,0.0,0.0,0.0
26.15,0.0,0.0,0.0
26.2,0.0,0.0,0.0
26.25,0.0,0.0,0.0
26.3,0.0,0.0,0.0
26.35,0.0,0.0,5.70432590052e-18
26.4,0.0,0.0,7.70856400236e-06
26.45,0.0,0.0,1.36582583061e-05
26.5,0.0,0.0,1.82504010673e-05
26.55,0.0,0.0,2.95033074685e-05
26.6,0.0,0.0,3.81886201959e-05
26.65,0.0,0.0,4.48921844195e-05
26.7,0.0,0.0,5.00661751877e-05
26.75,0.0,0.0,5.40595960856e-05
26.8,0.0,0.0,5.71418192912e-05
26.85,0.0,0.0,5.95207546916e-05
26.9,0.0,0.0,6.13568539464e-05
26.95,0.0,0.0,6.27740019948e-05
27.0,0.0,0.0,6.38677917598e-05
27.05,0.0,0.0,6.47119852491e-05
27.1,0.0,0.0,6.53635577581e-05
27.15,0.0,0.0,6.58664594149e-05
27.2,0.0,0.0,7.3963176412e-05
27.25,0.0,0.0,8.02124573117e-05
27.3,0.0,0.0,8.50358285813e-05
27.35,0.0,0.0,8.87024272661e-05
27.4,0.0,0.0,9.12320733164e-05
27.45,0.0,0.0,9.31186479199e-05
27.5,0.0,0.0,9.44532530386e-05
27.55,0.0,0.0,0.000102826853763
27.6,0.0,0.0,0.000109159827909
27.65,0.0,0.0,0.000113918933984
27.7,0.0,0.0,0.000132881530357
27.75,0.0,0.0,0.000147390820897
27.8,0.0,0.0,0.000158464031327
27.85,0.0,0.0,0.000166886281293
27.9,0.0,0.0,0.000173263845998
27.95,0.0,0.0,0.000178064114981
28.0,0.0,0.0,0.000181648063724
28.05,0.0,0.0,0.000184294578739
28.1,0.0,0.0,0.000193926967531
28.15,0.0,0.0,0.000208896098828
28.2,0.0,0.0,0.000220032598994
28.25,0.0,0.0,0.000228446500494
28.3,0.0,0.0,0.000234760624124
28.35,0.0,0.0,0.000239455669762
28.4,0.0,0.0,0.000242902920697
28.45,0.0,0.0,0.000245388434484
28.5,0.0,0.0,0.000247076992423
28.55,0.0,0.0,0.000247908132301
28.6,0.0,0.0,0.000256021804477
28.65,0.0,0.0,0.000261937458876
28.7,0.0,0.0,0.000265670775093
28.75,0.0,0.0,0.000268190435791
28.8,0.0,0.0,0.000269776563315
28.85,0.0,0.0,0.000270645337402
28.9,0.0,0.0,0.000270963838314
28.95,0.0,0.0,0.000271087782334
29.0,0.0,0.0,0.000272806480085
29.05,0.0,0.0,0.000273783798449
29.1,0.0,0.0,0.000273890706111
29.15,0.0,0.0,0.000273318746267
29.2,0.0,0.0,0.0002724612983
29.25,0.0,0.0,0.000271386493617
29.3,0.0,0.0,0.000270366886434
29.35,0.0,0.0,0.00027134619133
29.4,0.0,0.0,0.000271747590087
29.45,0.0,0.0,0.00027170608173
29.5,0.0,0.0,0.000271325830801
29.55,0.0,0.0,0.000278339848423
29.6,0.0,0.0,0.000283111434231
29.65,0.0,0.0,0.00028638979577
29.7,0.0,0.0,0.000288519793545
29.75,0.0,0.0,0.000289766362113
29.8,0.0,0.0,0.000290334592037
29.85,0.0,0.0,0.000290382742692
29.9,0.0,0.0,0.000290032945181
29.95,0.0,0.0,0.000289365431761
30.0,0.0,0.0,0.000288168099101
30.05,0.0,0.0,0.000286801193627
30.1,0.0,0.0,0.000285307735696
30.15,0.0,0.0,0.000283720306629
30.2,0.0,0.0,0.000282064718942
30.25,0.0,0.0,0.000280359757032
30.3,0.0,0.0,0.000278604980058
30.35,0.0,0.0,0.000276529059158
30.4,0.0,0.0,0.000274444695055
30.45,0.0,0.0,0.000272358083352
30.5,0.0,0.0,0.00027021806237
30.55,0.0,0.0,0.000267796882777
30.6,0.0,0.0,0.000265397663122
30.65,0.0,0.0,0.000263019928761
30.7,0.0,0.0,0.000260663911225
30.75,0.0,0.0,0.000258328738721
30.8,0.0,0.0,0.000256014229685
30.85,0.0,0.0,0.00025372050918
30.9,0.0,0.0,0.00025144708758
30.95,0.0,0.0,0.000249193788021
31.0,0.0,0.0,0.000246960714023
31.05,0.0,0.0,0.000244959563411
31.1,0.0,0.0,0.000245297783618
31.15,0.0,0.0,0.000245124109259
31.2,0.0,0.0,0.000244784853585
31.25,0.0,0.0,0.00024611637048
31.3,0.0,0.0,0.000246769705184
31.35,0.0,0.0,0.000246903191481
31.4,0.0,0.0,0.000246818457955
31.45,0.0,0.0,0.00024955514449
31.5,0.0,0.0,0.000251345542269
31.55,0.0,0.0,0.000252408493766
31.6,0.0,0.0,0.00025291258193
31.65,0.0,0.0,0.000252988343176
31.7,0.0,0.0,0.000252736682183
31.75,0.0,0.0,0.000252234607659
31.8,0.0,0.0,0.000251541988468
31.85,0.0,0.0,0.000250705257862
31.9,0.0,0.0,0.000249759774327
31.95,0.0,0.0,0.00024890041018
32.0,0.0,0.0,0.000251425032858
32.05,0.0,0.0,0.000253101599086
32.1,0.0,0.0,0.000253840722704
32.15,0.0,0.0,0.000254094399178
32.2,0.0,0.0,0.000253962011874
32.25,0.0,0.0,0.000253246561542
32.3,0.0,0.0,0.000252532353256
32.35,0.0,0.0,0.000253949056496
32.4,0.0,0.0,0.000254838876855
32.45,0.0,0.0,0.000259051330075
32.5,0.0,0.0,0.000261951101104
32.55,0.0,0.0,0.00026400389782
32.6,0.0,0.0,0.000268837851349
32.65,0.0,0.0,0.000272261957873
32.7,0.0,0.0,0.00027460078
32.75,0.0,0.0,0.000276249712488
32.8,0.0,0.0,0.00028127259963
32.85,0.0,0.0,0.000284884841925
32.9,0.0,0.0,0.000287410655754
32.95,0.0,0.0,0.000289075424736
33.0,0.0,0.0,0.000289801453603
33.05,0.0,0.0,0.000290040688314
33.1,0.0,0.0,0.000289907149001
33.15,0.0,0.0,0.000289488502484
33.2,0.0,0.0,0.000288852596031
33.25,0.0,0.0,0.000288052050767
33.3,0.0,0.0,0.000287110228438
33.35,0.0,0.0,0.000285776933831
33.4,0.0,0.0,0.000284349847711
33.45,0.0,0.0,0.000282582557279
33.5,0.0,0.0,0.000280791444429
33.55,0.0,0.0,0.000278959590405
33.6,0.0,0.0,0.00027682457573
33.65,0.0,0.0,0.000274694477723
33.7,0.0,0.0,0.000272572443931
33.75,0.0,0.0,0.000270431828172
33.8,0.0,0.0,0.000268008768002
33.85,0.0,0.0,0.000265607458242
33.9,0.0,0.0,0.000263227400919
33.95,0.0,0.0,0.000260868969928
34.0,0.0,0.0,0.000258531852438
34.05,0.0,0.0,0.000256215593663
34.1,0.0,0.0,0.000253920370559
34.15,0.0,0.0,0.000251645456327
34.2,0.0,0.0,0.000249390674052
34.25,0.0,0.0,0.000247397012871
34.3,0.0,0.0,0.000246994436835
34.35,0.0,0.0,0.000246250681762
34.4,0.0,0.0,0.000245247210479
34.45,0.0,0.0,0.000244047595831
34.5,0.0,0.0,0.00024270010534
34.55,0.0,0.0,0.00024124225847
34.6,0.0,0.0,0.000239703300007
34.65,0.0,0.0,0.000238105016812
34.7,0.0,0.0,0.00023646457951
34.75,0.0,0.0,0.000234982842782
34.8,0.0,0.0,0.000236543081533
34.85,0.0,0.0,0.000241885703849
34.9,0.0,0.0,0.000245879171673
34.95,0.0,0.0,0.000251446361306
35.0,0.0,0.0,0.00025546688323
35.05,0.0,0.0,0.000258296234587
35.1,0.0,0.0,0.000260341192173
35.15,0.0,0.0,0.000266014392381
35.2,0.0,0.0,0.000270155263886
35.25,0.0,0.0,0.000273104267384
35.3,0.0,0.0,0.000274844915988
35.35,0.0,0.0,0.000275890852572
35.4,0.0,0.0,0.000276403056608
35.45,0.0,0.0,0.000276506148371
35.5,0.0,0.0,0.000276295890067
35.55,0.0,0.0,0.00027584634539
35.6,0.0,0.0,0.000275214889196
35.65,0.0,0.0,0.000274445355256
35.7,0.0,0.0,0.000273571761425
35.75,0.0,0.0,0.000272599105071
35.8,0.0,0.0,0.000271239980516
35.85,0.0,0.0,0.000269551619059
35.9,0.0,0.0,0.000267827003799
35.95,0.0,0.0,0.000265796576603
36.0,0.0,0.0,0.000263769035266
36.05,0.0,0.0,0.000261747797357
36.1,0.0,0.0,0.000259704067658
36.15,0.0,0.0,0.000257377127108
36.2,0.0,0.0,0.000255070781237
36.25,0.0,0.0,0.00025278501309
36.3,0.0,0.0,0.000250520275271
36.35,0.0,0.0,0.000248276078196
36.4,0.0,0.0,0.000246051738427
36.45,0.0,0.0,0.000243847582035
36.5,0.0,0.0,0.000241662928537
36.55,0.0,0.0,0.000239497608043
36.6,0.0,0.0,0.000237351646374
36.65,0.0,0.0,0.000235224982839
36.7,0.0,0.0,0.000233117141424
36.75,0.0,0.0,0.000231028106632
36.8,0.0,0.0,0.000228958292112
36.85,0.0,0.0,0.00022690725042
36.9,0.0,0.0,0.000224874356939
36.95,0.0,0.0,0.000222859909675
37.0,0.0,0.0,0.000220863286714
37.05,0.0,0.0,0.000218884332788
37.1,0.0,0.0,0.000216923071497
37.15,0.0,0.0,0.000214979447372
37.2,0.0,0.0,0.000213053025369
37.25,0.0,0.0,0.000211143791325
37.3,0.0,0.0,0.000209252123288
37.35,0.0,0.0,0.000207377612323
37.4,0.0,0.0,0.000205519687574
37.45,0.0,0.0,0.000203678621399
37.5,0.0,0.0,0.000201853845409
37.55,0.0,0.0,0.000200045217703
37.6,0.0,0.0,0.000198252759846
37.65,0.0,0.0,0.000196476421145
37.7,0.0,0.0,0.000194715804001
37.75,0.0,0.0,0.000192970895469
37.8,2.15993889441e-16,3.76034903995e-17,0.000191242041057
37.85,7.98808329398e-05,8.71900849488e-07,0.000189528867029
37.9,0.000154795669012,1.75738756859e-06,0.000187830851661
37.95,0.000225014975925,2.66870127359e-06,0.000186148243869
38.0,0.000290858642113,3.61980245586e-06,0.000184480524187
38.05,0.000352584904326,4.62929680799e-06,0.000182827562923
38.1,0.000410455746042,5.70200645007e-06,0.000181189379789
38.15,0.000464716135727,6.8578328675e-06,0.000179565928455
38.2,0.000515579515886,8.10643526569e-06,0.000177956845541
38.25,0.000563276984045,9.45682345305e-06,0.000176362119219
38.3,0.000607981383207,1.09272020971e-05,0.000174782065257
38.35,0.000649906537145,1.25201975569e-05,0.000173216342087
38.4,0.000689200848768,1.42540136985e-05,0.000171664472889
38.45,0.000726049451571,1.61389357054e-05,0.000170126685156
38.5,0.000760591125661,1.81801346212e-05,0.000168602504129
38.55,0.000792977848746,2.03968912954e-05,0.000167091811282
38.6,0.000823341679847,2.27909198559e-05,0.000165594624629
38.65,0.000851806773347,2.53775309373e-05,0.000164110901827
38.7,0.000878498043473,2.81676307375e-05,0.000162640310773
38.75,0.000903516346367,3.11608080088e-05,0.000161182840654
38.8,0.000903516346367,3.2719722168e-05,0.000159738780065
38.85,0.000894975715403,3.42799430271e-05,0.000158307816832
38.9,0.000886515592469,3.58284944677e-05,0.000156889515176
38.95,0.000878135221,3.73629284929e-05,0.00015548408301
39.0,0.000869833851517,3.88798028892e-05,0.000154091086439
39.05,0.000861610741559,4.03770120606e-05,0.000152710417134
39.1,0.00085346515562,4.18523525665e-05,0.000151342091562
39.15,0.000845396365081,4.33035261276e-05,0.000149986071023
39.2,0.00083740364815,4.4728144153e-05,0.000148642051997
39.25,0.000829486289792,4.61261781979e-05,0.000147310024605
39.3,0.000821643581674,4.74941394856e-05,0.000145990252598
39.35,0.000813874822093,4.88334715325e-05,0.000144682450675
39.4,0.000806179315925,5.01413230737e-05,0.000143386220562
39.45,0.000798556374553,5.14172905519e-05,0.000142101752277
39.5,0.000791005315814,5.26609368018e-05,0.000140828649269
39.55,0.000783525463936,5.38717971147e-05,0.000139566812535
39.6,0.000776116149476,5.50493796948e-05,0.000138316257123
39.65,0.000768776709266,5.61933174888e-05,0.000137076947664
39.7,0.000761506486349,5.73052668357e-05,0.000135848606763
39.75,0.000754304829926,5.83829428339e-05,0.000134631225389
39.8,0.000747171095296,5.94279005384e-05,0.000133425044595
39.85,0.00081998917545,6.37476251574e-05,0.000132229803633
39.9,0.000887907835587,6.84352325474e-05,0.00013104513851
39.95,0.000951196917768,7.34953090769e-05,0.000129871222887
40.0,0.00101017569064,7.89420171326e-05,0.000128707694346
40.05,0.00106510177696,8.48123089037e-05,0.000127554462404
40.1,0.00111623655198,9.10851395152e-05,0.000126411540814
40.15,0.00116382438163,9.7806401302e-05,0.000125278897252
40.2,0.00120807811152,0.000104975040816,0.000124156278197
40.25,0.00124922824787,0.000112589207214,0.000123043675395
40.3,0.00128744704792,0.000120681375631,0.000121941309152
40.35,0.00132294775516,0.000129222693362,0.000120848941163
40.4,0.00135587819767,0.000138242097676,0.000119766238762
40.45,0.00138642293948,0.000147736202115,0.000118693360666
40.5,0.00141472019657,0.000157682743538,0.000117629975647
40.55,0.00144092138782,0.000168112586434,0.000116576001012
40.6,0.00146515801866,0.000178986071216,0.000115531449328
40.65,0.00148755369504,0.000190316749139,0.000114496291055
40.7,0.00150823278792,0.000202100955226,0.000113470294491
40.75,0.00152729561525,0.000214295891603,0.000112453452093
40.8,0.00152139630824,0.000221289844293,0.000111445965206
40.85,0.00150701506935,0.00022809089353,0.000110447616036
40.9,0.00149276939482,0.000234665626084,0.000109458100547
40.95,0.00147865801071,0.000241018378717,0.000108477563797
41.0,0.001464679655,0.000247154675868,0.000107505703067
41.05,0.00145083307747,0.000253081868572,0.000106542442779
41.1,0.00143711703966,0.000258809674902,0.000105587794421
41.15,0.00142353031465,0.000264354159979,0.000104641730993
41.2,0.00141007168705,0.000269730495683,0.000103704040737
41.25,0.00139673995285,0.000274956028763,0.00010277471676
41.3,0.00138353391931,0.000280051886401,0.000101853943075
41.35,0.00137045240485,0.000285043447247,0.000100941520634
41.4,0.00135749423899,0.000289956781314,0.000100037171571
41.45,0.00134465826219,0.000294821520672,9.91410284566e-05
41.5,0.00133194332578,0.000299671914956,9.82528146272e-05
41.55,0.00131934829186,0.000304547849207,9.73724610108e-05
41.6,0.00130687203317,0.000309498300446,9.64999781052e-05
41.65,0.00129451343303,0.000314575023624,9.56353412354e-05
41.7,0.00128227138523,0.000319844899461,9.47783568684e-05
41.75,0.0012701447939,0.000325391193797,9.3929018704e-05
41.8,0.00125813257345,0.00033132023391,9.3087494919e-05
41.85,0.00124623987659,0.000337771912335,9.2253603596e-05
41.9,0.00123445928592,0.000344935823483,9.14270907849e-05
41.95,0.00122278974794,0.00035308501471,9.06080776463e-05
42.0,0.001211230219,0.000362615657662,8.97963113285e-05
42.05,0.00119977966524,0.000374148319976,8.89917287043e-05
42.1,0.00118843706249,0.000388698600232,8.81943393683e-05
42.15,0.00117720139614,0.00040806002374,8.74041207691e-05
42.2,0.00116607166112,0.000435665062586,8.66208960308e-05
42.25,0.00115504686175,0.000478761988486,8.58446593955e-05
42.3,0.00114412601169,0.000553866572851,8.50755645652e-05
42.35,0.00113330813383,0.000692520811914,8.431344528e-05
42.4,0.00112259226021,0.000869190615505,8.35580694469e-05
42.45,0.00111197743195,0.000940802159551,8.28095477985e-05
42.5,0.00110146269915,0.000953759052839,8.20676492454e-05
42.55,0.0010910471208,0.000956007925582,8.13323160941e-05
42.6,0.00108072976472,0.000955912884449,8.06035571131e-05
42.65,0.00107050970746,0.000954927623717,7.98813516921e-05
42.7,0.00106038603421,0.000953259977954,7.91655381787e-05
42.75,0.00105035783874,0.000950782061417,7.84561113106e-05
42.8,0.00104042422332,0.000947191211941,7.77532115607e-05
42.85,0.00103058944903,0.000942009952758,7.70566869791e-05
42.9,0.00102084738197,0.000934534927327,7.63663254486e-05
42.95,0.00101119715095,0.000923772924381,7.56822281712e-05
43.0,0.00100163789291,0.000908399938039,7.50041839473e-05
43.05,0.000992168752893,0.000886792516712,7.43321400487e-05
43.1,0.000982788883942,0.000857234929643,7.36661044895e-05
43.15,0.000973497447032,0.000818353639442,7.3006058433e-05
43.2,0.000964293610999,0.000769864747574,7.23518541403e-05
43.25,0.000955176552461,0.000713361310298,7.17034868018e-05
43.3,0.00094614545575,0.000651584257921,7.10610848003e-05
43.35,0.000937199512841,0.000586042765343,7.04245092638e-05
43.4,0.000928337923274,0.000516611102555,6.97935663321e-05
43.45,0.000919559894091,0.000443597858644,6.91683484965e-05
43.5,0.00091086463976,0.000370084547973,6.85486627353e-05
43.55,0.000902251382111,0.000302314974499,6.79344608585e-05
43.6,0.000893719350263,0.000246367941796,6.73257501904e-05
43.65,0.000885267780559,0.000204233663996,6.67225135156e-05
43.7,0.000876895916495,0.000174080303645,6.6124615811e-05
43.75,0.000868603008657,0.000152874869301,6.55320526809e-05
43.8,0.000860388314653,0.000137988059363,6.49449414582e-05
43.85,0.000852255358221,0.000127533066843,6.43631552237e-05
43.9,0.000844199066885,0.000120223208079,6.37865168022e-05
43.95,0.000836218720194,0.00011519503386,6.32151107246e-05
44.0,0.000828313604446,0.000111860416398,6.26487605824e-05
44.05,0.000820483012618,0.000109804388937,6.20874223332e-05
44.1,0.000812726244314,0.000108737282287,6.15311026708e-05
44.15,0.000805042605694,0.000108443759509,6.09797858616e-05
44.2,0.000797431409419,0.000108766818053,6.04333485037e-05
44.25,0.000789891974586,0.000109583991548,5.98917865799e-05
44.3,0.000782423626672,0.000110803487742,5.93552073243e-05
44.35,0.000775025697471,0.000112350143126,5.88234947414e-05
44.4,0.000767697525037,0.000114168685338,5.82964869053e-05
44.45,0.000760438453626,0.000116206962074,5.77742610716e-05
44.5,0.000753247833636,0.00011842885637,5.72566560148e-05
44.55,0.00074612502155,0.000120798406389,5.67436314834e-05
44.6,0.000739069379882,0.000123290493169,5.62351935949e-05
44.65,0.000732080277119,0.000125881488156,5.57313279701e-05
44.7,0.000725157087663,0.00012854969106,5.52319218279e-05
44.75,0.000718299191779,0.000131277809493,5.4736971497e-05
44.8,0.000711505975541,0.000134050738616,5.42465749819e-05
44.85,0.000704780352933,0.000136857155494,5.37606262708e-05
44.9,0.000698118129227,0.000139685022718,5.32789773745e-05
44.95,0.000691518708639,0.000142522968416,5.28016988994e-05
45.0,0.000684981500966,0.000145361845454,5.23286434963e-05
45.05,0.00067850592153,0.000148195976053,5.18597743782e-05
45.1,0.000672091391131,0.000151018412512,5.13950971362e-05
45.15,0.000665737335992,0.000153820510418,5.09345986285e-05
45.2,0.000659443187712,0.000156600531358,5.0478175781e-05
45.25,0.000653208383212,0.00015935197184,5.00258252384e-05
45.3,0.000647032364689,0.000162070614585,4.95776365701e-05
45.35,0.000640914579565,0.000164754798949,4.91335128886e-05
45.4,0.000634854480435,0.000167400007429,4.86933189419e-05
45.45,0.000628851525028,0.000170003887439,4.82571192594e-05
45.5,0.000622905176148,0.000172566073924,4.78247791742e-05
45.55,0.000617014901634,0.000175081161382,4.73962650654e-05
45.6,0.000611180174311,0.000177550623934,4.69715820428e-05
45.65,0.000605400471943,0.000179973412218,4.65507180958e-05
45.7,0.000599675277187,0.000182346351886,4.61335790219e-05
45.75,0.000594004077546,0.000184669056114,4.57201617543e-05
45.8,0.000588386365329,0.000186941267473,4.53105481535e-05
45.85,0.000582824550282,0.000189163626538,4.49046496708e-05
45.9,0.000577315163536,0.000191335974311,4.45023426954e-05
45.95,0.000571857712402,0.000193457137621,4.41036862025e-05
46.0,0.000566451708806,0.00019552723333,4.3708557116e-05
46.05,0.000561096669244,0.000197546446112,4.33169247086e-05
46.1,0.00055579211474,0.000199515017095,4.29287936504e-05
46.15,0.000550537570806,0.000201433235474,4.25441529645e-05
46.2,0.000545332567395,0.000203302746444,4.21629165563e-05
46.25,0.000540176638866,0.000205123499102,4.17850816229e-05
46.3,0.000535069323937,0.000206895483071,4.14107229792e-05
46.35,0.000530010165648,0.000208619113723,4.10397596978e-05
46.4,0.000524998711321,0.000210295000327,4.0672078807e-05
46.45,0.000520034512516,0.000211924000475,4.03077342059e-05
46.5,0.000515117124996,0.000213510035344,3.99466134116e-05
46.55,0.000510246108686,0.000215050035385,3.95886883412e-05
46.6,0.000505421027632,0.000216544503043,3.92339632632e-05
46.65,0.000500641449967,0.00021799758595,3.88824281452e-05
46.7,0.000495906947869,0.000219408397514,3.85340043028e-05
46.75,0.000491217097526,0.00022077561175,3.81886891743e-05
46.8,0.000486571479096,0.000222105394565,3.78465511353e-05
46.85,0.000481972085342,0.000223393833211,3.75075162239e-05
46.9,0.00047741604765,0.000224643938556,3.71714811915e-05
46.95,0.000472902958587,0.000225857373585,3.68384952984e-05
47.0,0.000468432414535,0.000227032153918,3.65084557428e-05
47.05,0.000464004015656,0.000228173462763,3.61813368591e-05
47.1,0.000459617365858,0.000229277167583,3.5857142548e-05
47.15,0.000455272072757,0.000230349469573,3.5535863641e-05
47.2,0.000450967747644,0.000231386208922,3.52174282257e-05
47.25,0.000446704005453,0.000232392482966,3.4901833961e-05
47.3,0.000442480464723,0.000233366148922,3.45891433375e-05
47.35,0.000438296747566,0.000234309229959,3.42792887591e-05
47.4,0.000434152479635,0.000235223484235,3.39721758636e-05
47.45,0.000430047290091,0.000236106057531,3.36678496717e-05
47.5,0.000425980811566,0.000236964350802,3.33662162294e-05
47.55,0.000421952680137,0.000237792830872,3.30672520803e-05
47.6,0.000417962535287,0.000238594513598,3.27709607894e-05
47.65,0.000414010019881,0.000239372028968,3.24773339771e-05
47.7,0.000410094780127,0.000240122392554,3.21863059205e-05
47.75,0.000406216465549,0.000240848898193,3.18978744801e-05
47.8,0.000402374728955,0.000241552793433,3.1612096768e-05
47.85,0.000398571218279,0.000242231931019,3.13289110058e-05
47.9,0.000394803561295,0.000242888482679,3.10482309533e-05
47.95,0.000391071421072,0.000243525598485,3.0770097756e-05
48.0,0.000387374463835,0.000244140122534,3.04944255466e-05
48.05,0.000383712358934,0.000244732755858,3.02211928874e-05
48.1,0.000380084778816,0.000245307281591,2.99504030367e-05
48.15,0.000376491398996,0.000245862304795,2.96820483361e-05
48.2,0.000372931898028,0.000246397278263,2.94160687194e-05
48.25,0.000369405957478,0.000246912802151,2.91524622312e-05
48.3,0.000365913261894,0.000247412254529,2.88912810681e-05
48.35,0.000362453498777,0.000247894240545,2.86324687688e-05
48.4,0.000359026358559,0.000248358540433,2.83759465157e-05
48.45,0.000355631534568,0.000248805680423,2.8121751913e-05
48.5,0.000352268723009,0.000249236594741,2.7869806484e-05
48.55,0.000348937622931,0.000249653629604,2.76200906359e-05
48.6,0.000345637936202,0.000250054621216,2.73726073467e-05
48.65,0.000342369367485,0.000250440000613,2.71273496171e-05
48.7,0.000339131624208,0.000250810179785,2.68842625508e-05
48.75,0.000335924416544,0.000251165554484,2.66433443606e-05
48.8,0.000332747457377,0.000251508845269,2.64046427505e-05
48.85,0.000329602109483,0.000251838345595,2.61681061191e-05
48.9,0.000326486411126,0.000252154065514,2.59336624323e-05
48.95,0.00032340008368,0.000252456336271,2.57013460578e-05
49.0,0.000320342851125,0.000252745471682,2.54710852732e-05
49.05,0.000317314440027,0.00025302177355,2.52428621722e-05
49.1,0.000314314579514,0.000253286418948,2.50166794763e-05
49.15,0.000311343001251,0.000253540013822,2.47925307888e-05
49.2,0.000308399439413,0.000253781536435,2.45703659382e-05
49.25,0.00030548363067,0.00025401123636,2.4350183291e-05
49.3,0.000302595314154,0.000254229350249,2.41320264457e-05
49.35,0.000299734231444,0.000254436100163,2.39158482417e-05
49.4,0.000296900126536,0.000254631698213,2.37015828452e-05
49.45,0.00029409274583,0.000254816714958,2.34892616657e-05
49.5,0.000291311838095,0.000254991045646,2.32788191538e-05
49.55,0.000288557154459,0.000255156324943,2.30702389446e-05
49.6,0.00028582844838,0.000255311152677,2.28635235253e-05
49.65,0.000283125475624,0.000255455691546,2.26586670497e-05
49.7,0.000280447994248,0.000255590094568,2.24556236644e-05
49.75,0.000277795764575,0.00025571450726,2.22543918768e-05
49.8,0.000275168549175,0.000255829065865,2.20550115325e-05
49.85,0.000272567475004,0.000255933895725,2.18574395303e-05
49.9,0.000269990919789,0.000256029203236,2.16616157025e-05
49.95,0.000267438653117,0.000256115372651,2.14675687552e-05
50.0,0.000264910446731,0.000256192162119,2.1275238781e-05
50.05,0.000262406074512,0.000256259669752,2.10846108232e-05
50.1,0.000259925312461,0.000256317986764,2.0895687155e-05
50.15,0.000257467938674,0.000256367196911,2.07084624334e-05
50.2,0.000255033733326,0.000256407838696,2.05228947516e-05
50.25,0.000252622478653,0.000256439773551,2.03389827454e-05
50.3,0.000250233958928,0.000256462766818,2.01567628311e-05
50.35,0.000247867960448,0.00025647687586,1.9976195617e-05
50.4,0.000245524271508,0.000256482153752,1.97972261139e-05
50.45,0.00024320268239,0.000256478650225,1.96198805574e-05
50.5,0.000240902985339,0.000256466408056,1.9444104196e-05
50.55,0.000238624974545,0.00025644546713,1.92698833606e-05
50.6,0.000236368446128,0.000256415862711,1.90972201286e-05
50.65,0.000234133198119,0.000256377624934,1.89261096169e-05
50.7,0.00023191903044,0.000256330779368,1.87565135255e-05
50.75,0.000229725744886,0.000256275348808,1.85884306077e-05
50.8,0.000227553145114,0.000256211351747,1.84218941454e-05
50.85,0.00022540216307,0.000256138800978,1.82568681374e-05
50.9,0.000223271457202,0.000256057715694,1.80933023273e-05
50.95,0.000221160836965,0.000255968346543,1.79312206927e-05
51.0,0.000219070113601,0.000255870636236,1.77705731944e-05
51.05,0.00021699910012,0.000255764411669,1.76113473398e-05
51.1,0.000214947611283,0.000255649673992,1.74535450275e-05
51.15,0.000212915463584,0.000255526421491,1.72971617947e-05
51.2,0.000210902475238,0.000255394650113,1.7142162638e-05
51.25,0.000208908466161,0.000255254355117,1.69885464177e-05
51.3,0.000206933257958,0.000255105529701,1.68363435513e-05
51.35,0.000204976673904,0.000254948163757,1.66855211362e-05
51.4,0.000203038538929,0.000254782247074,1.65360332415e-05
51.45,0.000201118679602,0.000254608141889,1.6387901781e-05
51.5,0.00019921692412,0.000254425518541,1.62410810225e-05
51.55,0.000197333102287,0.000254234315518,1.60955595485e-05
51.6,0.000195467045502,0.000254034522005,1.59513390942e-05
51.65,0.000193618586744,0.000253826512198,1.58084155809e-05
51.7,0.000191787560557,0.000253610318722,1.56667570178e-05
51.75,0.000189973803036,0.000253385560461,1.55263623635e-05
51.8,0.000188177151809,0.000253152228096,1.53872594174e-05
51.85,0.000186398377562,0.000252910311432,1.52494181089e-05
51.9,0.000184636370882,0.000252659809373,1.51127964601e-05
51.95,0.000182890974199,0.000252400716379,1.49774144988e-05
52.0,0.000181162031417,0.000252133027072,1.4843230429e-05
52.05,0.000179449387902,0.000251856739302,1.47102338157e-05
52.1,0.00017775289047,0.000251571852877,1.4578426245e-05
52.15,0.000176072387368,0.000251278369215,1.44478039891e-05
52.2,0.000174407728269,0.000250976291781,1.43183378106e-05
52.25,0.00017275876425,0.000250665627456,1.41900267578e-05
52.3,0.000171125347785,0.000250346385397,1.40628962375e-05
52.35,0.00016950733273,0.000250019912017,1.39369187669e-05
52.4,0.000167904574309,0.000249685122827,1.38120559815e-05
52.45,0.000166316929104,0.000249341975064,1.36883261852e-05
52.5,0.000164744255037,0.000248990675922,1.35656911792e-05
52.55,0.000163186411365,0.000248630955899,1.34441414268e-05
52.6,0.000161643258663,0.000248262844375,1.33236783775e-05
52.65,0.000160114658809,0.000247886373915,1.32042986243e-05
52.7,0.00015860047498,0.000247501580589,1.30859754464e-05
52.75,0.00015710057163,0.00024710855495,1.29687079738e-05
52.8,0.000155614814488,0.000246709232552,1.28525194266e-05
52.85,0.000154143840877,0.000246301789221,1.27373846877e-05
52.9,0.000152686733359,0.000245886278175,1.26232686942e-05
52.95,0.000151243361629,0.000245462990928,1.25101881748e-05
53.0,0.000149813596604,0.000245031926226,1.23981082185e-05
53.05,0.000148397310406,0.000244592977016,1.22870201092e-05
53.1,0.000146994376359,0.000244146212229,1.21769251717e-05
53.15,0.000145604668969,0.00024369380482,1.20678202924e-05
53.2,0.000144228063922,0.000243234056101,1.19596810502e-05
53.25,0.000142864438065,0.000242766787277,1.185250665e-05
53.3,0.0001415136694,0.000242292082698,1.17463183133e-05
53.35,0.000140175637072,0.000241810029188,1.16410930849e-05
53.4,0.000138850221356,0.000241320717915,1.15367989197e-05
53.45,0.000137537303652,0.000240826157163,1.14334511066e-05
53.5,0.000136236766468,0.000240325341789,1.13310177392e-05
53.55,0.000134948493414,0.000239817629829,1.12294908518e-05
53.6,0.000133672369191,0.000239303126833,1.11288716552e-05
53.65,0.00013240827958,0.000238781941014,1.10291573035e-05
53.7,0.000131156111432,0.000238254660929,1.09303254776e-05
53.75,0.000129915752657,0.000237723390346,1.0832375451e-05
53.8,0.000128687092218,0.000237185841403,1.07353266187e-05
53.85,0.000127470657154,0.00023664213143,1.06391580009e-05
53.9,0.000126265688783,0.000236092385366,1.05438403109e-05
53.95,0.000125072079348,0.000235536842693,1.04493875216e-05
54.0,0.0001238897221,0.000234978925973,1.03557704727e-05
54.05,0.000122718511293,0.000234415419938,1.02629818842e-05
54.1,0.000121558342168,0.000233846440389,1.01710228625e-05
54.15,0.000120409110949,0.000233272115686,1.00798908069e-05
54.2,0.000119270714832,0.000232693317496,9.98956531918e-06
54.25,0.000118143051974,0.000232112049625,9.90004573526e-06
54.3,0.000117026021488,0.000231525885144,9.81134978087e-06
54.35,0.000115919523433,0.000230934954025,9.72345828205e-06
54.4,0.0001148234588,0.000230339387112,9.63634447268e-06
54.45,0.000113737729513,0.000229741678815,9.55002112297e-06
54.5,0.000112662238409,0.00022914115894,9.46446158254e-06
54.55,0.000111596889241,0.000228536452923,9.37965919786e-06
54.6,0.000110541586659,0.000227927691265,9.29561498017e-06
54.65,0.000109496236209,0.000227315939693,9.21232655257e-06
54.7,0.000108460744321,0.000226703113991,9.1297752725e-06
54.75,0.000107435018303,0.00022608667112,9.04796053307e-06
54.8,0.00010641896633,0.000225466737609,8.96689853434e-06
54.85,0.000105413024243,0.000224843488692,8.88657175265e-06
54.9,0.000104416564643,0.000224220706949,8.8069557256e-06
54.95,0.000103429498418,0.000223594866509,8.72806212428e-06
55.0,0.000102451737293,0.000222966079562,8.64986659209e-06
55.05,0.000101483193818,0.000222334465422,8.57236304814e-06
55.1,0.000100523781363,0.000221703524997,8.49555241665e-06
55.15,9.95734141093e-05,0.000221070511421,8.4194325253e-06
55.2,9.86320070419e-05,0.000220435062855,8.34398633606e-06
55.25,9.76994759417e-05,0.000219797290771,8.26921329427e-06
55.3,9.6775737379e-05,0.000219160604173,8.19512820569e-06
55.35,9.58607087051e-05,0.000218522493593,8.1217150549e-06
55.4,9.4954308046e-05,0.000217882422648,8.04895148492e-06
55.45,9.40564542945e-05,0.000217240493951,7.97684816236e-06
55.5,9.31670671031e-05,0.000216600531441,7.90538282694e-06
55.55,9.22860668772e-05,0.000215959592473,7.83454992116e-06
55.6,9.1413374768e-05,0.000215317130718,7.76435028969e-06
55.65,9.05489126653e-05,0.000214673239041,7.69478194716e-06
55.7,8.96926031908e-05,0.000214031907793,7.625829322e-06
55.75,8.88443696912e-05,0.000213389535785,7.5574919073e-06
55.8,8.80041362316e-05,0.000212746036833,7.48978323448e-06
55.85,8.71722632347e-05,0.00021210189862,7.42268866656e-06
55.9,8.63482318663e-05,0.0002114605162,7.35618777081e-06
55.95,8.55319684358e-05,0.000210818288297,7.29029029576e-06
56.0,8.47233999424e-05,0.000210175629042,7.22497589705e-06
56.05,8.39224540693e-05,0.000209533389534,7.16023949551e-06
56.1,8.31290591766e-05,0.000208893583548,7.09608186311e-06
56.15,8.23431442956e-05,0.00020825325708,7.03250118537e-06
56.2,8.15646391225e-05,0.000207612476612,6.96948323093e-06
56.25,8.07934740115e-05,0.00020697322492,6.90702753651e-06
56.3,8.00295799696e-05,0.000206335921775,6.84514646891e-06
56.35,7.927288865e-05,0.000205698383629,6.78382665093e-06
56.4,7.85233323459e-05,0.0002050606681,6.72304940845e-06
56.45,7.77808439852e-05,0.000204425642704,6.66282365097e-06
56.5,7.70453571236e-05,0.000203791955082,6.60313078515e-06
56.55,7.63168059398e-05,0.00020315828247,6.54396616896e-06
56.6,7.5595125229e-05,0.000202524674907,6.48533050794e-06
56.65,7.48802503972e-05,0.000201894934458,6.42722214377e-06
56.7,7.41721174558e-05,0.000201265831436,6.36962806997e-06
56.75,7.34706630156e-05,0.000200636960869,6.31254786315e-06
56.8,7.27758242816e-05,0.000200008904853,6.25599282569e-06
56.85,7.20878993084e-05,0.000199384837704,6.19995073176e-06
56.9,7.14064590417e-05,0.000198761154768,6.1444045145e-06
56.95,7.07314425421e-05,0.000198137893474,6.08936231659e-06
57.0,7.00627894411e-05,0.00019751671224,6.03480714497e-06
57.05,6.94004399355e-05,0.000196898939845,5.98073475717e-06
57.1,6.87443347822e-05,0.000196281718555,5.92714579799e-06
57.15,6.80944152929e-05,0.00019566507951,5.87403875185e-06
57.2,6.74506233291e-05,0.000195051505187,5.82140173173e-06
57.25,6.68129012968e-05,0.000194440333019,5.76923435065e-06
57.3,6.61811921415e-05,0.000193829853451,5.71754693823e-06
57.35,6.55554393432e-05,0.000193220091791,5.6663283209e-06
57.4,6.49355869112e-05,0.000192614435309,5.61556290073e-06
57.45,6.43215793793e-05,0.000192010388167,5.56525811954e-06
57.5,6.37133618013e-05,0.000191407364554,5.51539844689e-06
57.55,6.31108797453e-05,0.00019080535806,5.46598000542e-06
57.6,6.25140792897e-05,0.000190208297158,5.41700338444e-06
57.65,6.19229070179e-05,0.00018961213138,5.36846719881e-06
57.7,6.1337310014e-05,0.00018901687848,5.32036058462e-06
57.75,6.07572358576e-05,0.000188423442659,5.27268318819e-06
57.8,6.01826326199e-05,0.00018783421972,5.2254444501e-06
57.85,5.96137467799e-05,0.000187245979278,5.17863415846e-06
57.9,5.90502235271e-05,0.000186658737439,5.13223805783e-06
57.95,5.84920124672e-05,0.000186074125581,5.08626294953e-06
58.0,5.79390636779e-05,0.000185493053435,5.04069463981e-06
58.05,5.73913277044e-05,0.000184913038504,4.99552958502e-06
58.1,5.6848755555e-05,0.000184334091918,4.95076832376e-06
58.15,5.6311298697e-05,0.000183758483295,4.9064095901e-06
58.2,5.57789090522e-05,0.000183185811961,4.86244345517e-06
58.25,5.52515389927e-05,0.000182614257915,4.81886959575e-06
58.3,5.47291413367e-05,0.000182043829489,4.77569663985e-06
58.35,5.42116693445e-05,0.000181477335874,4.73291525452e-06
58.4,5.36990767142e-05,0.000180913260419,4.69051241128e-06
58.45,5.31913175774e-05,0.000180350350798,4.64849432607e-06
58.5,5.26883464958e-05,0.000179788630726,4.60684802675e-06
58.55,5.21901184566e-05,0.000179231601508,4.56557027469e-06
58.6,5.16965888687e-05,0.000178676566195,4.52466156213e-06
58.65,5.12077135588e-05,0.000178122736748,4.4841207321e-06
58.7,5.07234487676e-05,0.000177570117181,4.4439387103e-06
58.75,5.02437511456e-05,0.000177022270397,4.40411520131e-06
58.8,4.97685777498e-05,0.000176476095063,4.36465809055e-06
58.85,4.92981324082e-05,0.000175931156838,4.32555884835e-06
58.9,4.88321217071e-05,0.000175387459741,4.28680556757e-06
58.95,4.83705039725e-05,0.00017484876714,4.24840392915e-06
59.0,4.79132379206e-05,0.000174311639596,4.21034207745e-06
59.05,4.74602826543e-05,0.000173775959266,4.17261705259e-06
59.1,4.70115976595e-05,0.000173241543807,4.13522930443e-06
59.15,4.65671428017e-05,0.000172712232761,4.09817777559e-06
59.2,4.61268783221e-05,0.000172184284835,4.06145417278e-06
59.25,4.56907648344e-05,0.00017165761949,4.025058226e-06
59.3,4.52587633213e-05,0.000171132236634,3.988997142e-06
59.35,4.48308351308e-05,0.000170611923649,3.95326312524e-06
59.4,4.44069419731e-05,0.000170092997125,3.9178452934e-06
59.45,4.39870459171e-05,0.00016957536672,3.88274883848e-06
59.5,4.35711093871e-05,0.000169059031241,3.84796292524e-06
59.55,4.31590951593e-05,0.000168547595429,3.81348484856e-06
59.6,4.27509663587e-05,0.000168037694663,3.77931501957e-06
59.65,4.23466864558e-05,0.000167529099786,3.7454524719e-06
59.7,4.19462192634e-05,0.0001670218089,3.71188962605e-06
59.75,4.15495289334e-05,0.000166519110319,3.67862623528e-06
59.8,4.11565799535e-05,0.000166018223095,3.64566888603e-06
59.85,4.07675408813e-05,0.000165518647793,3.61301045374e-06
59.9,4.03821690755e-05,0.000165020383187,3.58064099271e-06
59.95,4.00004300735e-05,0.000164526266061,3.54856524806e-06
60.0,3.96222897352e-05,0.000164034367649,3.51677331715e-06
60.05,3.92477142405e-05,0.000163543988785,3.48526272765e-06
60.1,3.88766700858e-05,0.000163054988477,3.45403385535e-06
60.15,3.85091240815e-05,0.000162569550885,3.42308581702e-06
60.2,3.81450433488e-05,0.000162086870766,3.39241168553e-06
60.25,3.77843953167e-05,0.000161605508173,3.36201123538e-06
60.3,3.74271477195e-05,0.000161125459604,3.33189048612e-06
60.35,3.70732685937e-05,0.000160648248857,3.30204292638e-06
60.4,3.67227262751e-05,0.000160174466877,3.27245946649e-06
60.45,3.63754893964e-05,0.000159702000695,3.24314444317e-06
60.5,3.60315268837e-05,0.000159230862364,3.21408880607e-06
60.55,3.56908079547e-05,0.000158761945663,3.18529029567e-06
60.6,3.53533021152e-05,0.000158297263669,3.15674925538e-06
60.65,3.50189791569e-05,0.000157833894616,3.12846487803e-06
60.7,3.46878091543e-05,0.000157371834291,3.10043083269e-06
60.75,3.43597624625e-05,0.000156911078573,3.07264691324e-06
60.8,3.40348097145e-05,0.000156454809771,3.04511862117e-06
60.85,3.37130903002e-05,0.000156000203314,3.01784000552e-06
60.9,3.33944035655e-05,0.000155546901444,2.99080275897e-06
60.95,3.30787210109e-05,0.000155094899795,2.96401084496e-06
61.0,3.27660144043e-05,0.000154646196238,2.9374559921e-06
61.05,3.24562557776e-05,0.000154200277331,2.91113613535e-06
61.1,3.21494174248e-05,0.000153755656721,2.88505158858e-06
61.15,3.18454718994e-05,0.000153312329802,2.85920161406e-06
61.2,3.15443920119e-05,0.000152870973985,2.83358042577e-06
61.25,3.12461508277e-05,0.000152433658067,2.80818783534e-06
61.3,3.09507216641e-05,0.000151997633052,2.78302887074e-06
61.35,3.06580780887e-05,0.000151562894032,2.75809809321e-06
61.4,3.03681939165e-05,0.000151129436195,2.73338791041e-06
61.45,3.0081043208e-05,0.000150699842825,2.70890194469e-06
61.5,2.97966002664e-05,0.000150272321992,2.68463263654e-06
61.55,2.9514839636e-05,0.000149846190358,2.66057809867e-06
61.6,2.92357360992e-05,0.000149421465317,2.63673861792e-06
61.65,2.89592646751e-05,0.000148998958413,2.61311352007e-06
61.7,2.86854006166e-05,0.000148580093034,2.58969751708e-06
61.75,2.84141194085e-05,0.000148162496473,2.56649043682e-06
61.8,2.81453967654e-05,0.000147746163824,2.54349687448e-06
61.85,2.78793479572e-05,0.000147331090051,2.52071185942e-06
61.9,2.76158070511e-05,0.000146919701212,2.49812845277e-06
61.95,2.73547504792e-05,0.000146510408138,2.47574996509e-06
62.0,2.70961548945e-05,0.000146102369727,2.45356948753e-06
62.05,2.68399971689e-05,0.000145695764436,2.43158529522e-06
62.1,2.65862543904e-05,0.000145290942984,2.40979765032e-06
62.15,2.63349038619e-05,0.000144890094407,2.38820593664e-06
62.2,2.60859230989e-05,0.00014449049044,2.36680532128e-06
62.25,2.58392898275e-05,0.00014409212612,2.34559564691e-06
62.3,2.55949819823e-05,0.000143694996478,2.32458111323e-06
62.35,2.53529777046e-05,0.00014330063767,2.30375717741e-06
62.4,2.51132553406e-05,0.000142909120032,2.2831174978e-06
62.45,2.48757934394e-05,0.00014251883091,2.26266510003e-06
62.5,2.46405707508e-05,0.000142129765249,2.24239366988e-06
62.55,2.44075662238e-05,0.00014174191813,2.22230163095e-06
62.6,2.41767590048e-05,0.000141357650262,2.20238922282e-06
62.65,2.39481284354e-05,0.000140975326931,2.18265588235e-06
62.7,2.37216540507e-05,0.000140594215748,2.16309719259e-06
62.75,2.34973155778e-05,0.000140214311783,2.14371300974e-06
62.8,2.32750929336e-05,0.000139835610106,2.12450717207e-06
62.85,2.30550814416e-05,0.000139461061866,2.10547552772e-06
62.9,2.28371438821e-05,0.000139087794131,2.08661228088e-06
62.95,2.26212607655e-05,0.000138715722503,2.06792019674e-06
63.0,2.24074127848e-05,0.000138344841971,2.04939350456e-06
63.05,2.21955808138e-05,0.000137975541995,2.03103076361e-06
63.1,2.19857459055e-05,0.000137610231639,2.01283219284e-06
63.15,2.17778892901e-05,0.000137246105725,1.99479727759e-06
63.2,2.1571992374e-05,0.000136883159275,1.97692198108e-06
63.25,2.13680367375e-05,0.000136521387398,1.95920617188e-06
63.3,2.11660041333e-05,0.000136161338361,1.94165335789e-06
63.35,2.09658764855e-05,0.000135804817856,1.92425974461e-06
63.4,2.0767635887e-05,0.000135449464385,1.90702003506e-06
63.45,2.05712645988e-05,0.000135095273071,1.88993675646e-06
63.5,2.03767450479e-05,0.000134742238989,1.87300463471e-06
63.55,2.01840598261e-05,0.000134390981179,1.8562223531e-06
63.6,1.99931916882e-05,0.000134043326316,1.83959011176e-06
63.65,1.98041235505e-05,0.000133696821483,1.82310744029e-06
63.7,1.96168384895e-05,0.00013335146179,1.80677064935e-06
63.75,1.94313197402e-05,0.000133007242435,1.79057961885e-06
63.8,1.92475506948e-05,0.000132664430345,1.77453755476e-06
63.85,1.9065610182e-05,0.000132325271274,1.75864098916e-06
63.9,1.88853847265e-05,0.000131987245116,1.74288508098e-06
63.95,1.87068582113e-05,0.00013165034707,1.72727213992e-06
64.0,1.85300146704e-05,0.000131314572296,1.71179734582e-06
64.05,1.83548382871e-05,0.000130979916061,1.6964594953e-06
64.1,1.81813133931e-05,0.000130648894887,1.68125877125e-06
64.15,1.80094244665e-05,0.000130319199038,1.66619474378e-06
64.2,1.78391561311e-05,0.000129990613603,1.65126404108e-06
64.25,1.76704931545e-05,0.000129663133867,1.63646655338e-06
64.3,1.75034204472e-05,0.000129336755127,1.62180521073e-06
64.35,1.73379230608e-05,0.000129013257505,1.60727684369e-06
64.4,1.71739861872e-05,0.000128691740014,1.59287702785e-06
64.45,1.70115951567e-05,0.000128371315126,1.57860787412e-06
64.5,1.68507354374e-05,0.000128051978114,1.56446497721e-06
64.55,1.66913926333e-05,0.00012773372435,1.5504472373e-06
64.6,1.65335524832e-05,0.00012741756926,1.53655482156e-06
64.65,1.63772008598e-05,0.000127104286214,1.52278733707e-06
64.7,1.6222323768e-05,0.000126792078332,1.50914170226e-06
64.75,1.60689073438e-05,0.000126480940998,1.49561781679e-06
64.8,1.59169378531e-05,0.000126170869605,1.48221835852e-06
64.85,1.57664804842e-05,0.000125861859506,1.46894043082e-06
64.9,1.56174413976e-05,0.000125556136722,1.45577999006e-06
64.95,1.54698072652e-05,0.000125251785262,1.44273896547e-06
65.0,1.53235648838e-05,0.000124948486873,1.42981333094e-06
65.05,1.51787011736e-05,0.000124646268379,1.41700208129e-06
65.1,1.50352031775e-05,0.000124345269254,1.4043053693e-06
65.15,1.48930580596e-05,0.000124046144303,1.39172283589e-06
65.2,1.47522531044e-05,0.000123749703196,1.37925166469e-06
65.25,1.46127757154e-05,0.000123454297681,1.36689176401e-06
65.3,1.4474613414e-05,0.000123159923238,1.35464558123e-06
65.35,1.43377538387e-05,0.000122866575316,1.34251046903e-06
65.4,1.42021847437e-05,0.000122574249423,1.33048273181e-06
65.45,1.40678939978e-05,0.000122284596263,1.31856413275e-06
65.5,1.39348695836e-05,0.000121996721993,1.30675099226e-06
65.55,1.38030995963e-05,0.000121709860845,1.29504239168e-06
65.6,1.36725722425e-05,0.000121424008401,1.28343847065e-06
65.65,1.35432758395e-05,0.00012113916025,1.27193890097e-06
65.7,1.34151988137e-05,0.000120855312003,1.26054110869e-06
65.75,1.32883297004e-05,0.00012057462973,1.24924501002e-06
65.8,1.3162657142e-05,0.000120295126304,1.23805284168e-06
65.85,1.30382350465e-05,0.000120016613733,1.2269621842e-06
65.9,1.29149858126e-05,0.000119739088014,1.21596966006e-06
65.95,1.27928984183e-05,0.000119462544828,1.2050768807e-06
66.0,1.26719619452e-05,0.000119187091621,1.19428048321e-06
66.05,1.25521655769e-05,0.000118914791143,1.18357962801e-06
66.1,1.24334985983e-05,0.000118643570182,1.1729744427e-06
66.15,1.23159503947e-05,0.000118373406768,1.16246462736e-06
66.2,1.21995104509e-05,0.000118104208527,1.15204782955e-06
66.25,1.20841683501e-05,0.000117835971207,1.1417239727e-06
66.3,1.1969913773e-05,0.0001175687949,1.13149510103e-06
66.35,1.18567364972e-05,0.000117304693306,1.12135900329e-06
66.4,1.17446263957e-05,0.000117041543357,1.11131259268e-06
66.45,1.16335734368e-05,0.00011677934082,1.10135734192e-06
66.5,1.15235676825e-05,0.00011651808145,1.09149017757e-06
66.55,1.14145992879e-05,0.000116257761071,1.08171033229e-06
66.6,1.13066585005e-05,0.000115998539049,1.07201792271e-06
66.65,1.1199735659e-05,0.000115742243583,1.06241267472e-06
66.7,1.10938211927e-05,0.000115487074055,1.05289243835e-06
66.75,1.09889056206e-05,0.000115232830474,1.04345714362e-06
66.8,1.08849795506e-05,0.000114979508689,1.03410865881e-06
66.85,1.07820875622e-05,0.00011472710453,1.02484496299e-06
66.9,1.06801654824e-05,0.000114475614185,1.01566323503e-06
66.95,1.05792041967e-05,0.000114226377378,1.00656482091e-06
67.0,1.04791946756e-05,0.000113978802602,9.97546911695e-07
67.05,1.03801279746e-05,0.000113732132302,9.88608806109e-07
67.1,1.02819952327e-05,0.000113486362403,9.79750610736e-07
67.15,1.01847876721e-05,0.000113241488841,9.70972075052e-07
67.2,1.0088496597e-05,0.000112997507569,9.62271234146e-07
67.25,9.99311339322e-06,0.000112754873241,9.53648024052e-07
67.3,9.89862952712e-06,0.00011251469923,9.45104152244e-07
67.35,9.80503654509e-06,0.000112275408127,9.36637771743e-07
67.4,9.71232607271e-06,0.000112036995894,9.28246304228e-07
67.45,9.62048981399e-06,0.00011179945855,9.19930979827e-07
67.5,9.52951955065e-06,0.000111562792109,9.11689231369e-07
67.55,9.43940714144e-06,0.000111326992641,9.03520417937e-07
67.6,9.35014452134e-06,0.000111093382543,8.9542463694e-07
67.65,9.26172370092e-06,0.000110861458733,8.87401659417e-07
67.7,9.17413676562e-06,0.000110630392912,8.79449689575e-07
67.75,9.08737587501e-06,0.000110400181158,8.71568668953e-07
67.8,9.00143326214e-06,0.000110170819566,8.63760158065e-07
67.85,8.91634579256e-06,0.000109942304218,8.56022468899e-07
67.9,8.83206039774e-06,0.000109714631488,8.48353245047e-07
67.95,8.74856954027e-06,0.000109489535791,8.40753610761e-07
68.0,8.66586575335e-06,0.000109265444497,8.33221219824e-07
68.05,8.58394164009e-06,0.000109042186428,8.25755486482e-07
68.1,8.50278987288e-06,0.00010881985635,8.1835649976e-07
68.15,8.42240319274e-06,0.000108598434075,8.11024050403e-07
68.2,8.34277440868e-06,0.000108377833942,8.0375649718e-07
68.25,8.26389639706e-06,0.000108158061058,7.96553786662e-07
68.3,8.18576210097e-06,0.000107940926879,7.89417345051e-07
68.35,8.10836452961e-06,0.00010772461406,7.8234562962e-07
68.4,8.03169675767e-06,0.000107509110175,7.75336486775e-07
68.45,7.95575192469e-06,0.000107294411468,7.68390944003e-07
68.5,7.8805232345e-06,0.000107080514181,7.61506857027e-07
68.55,7.80600395462e-06,0.000106867414605,7.54683690504e-07
68.6,7.73218741561e-06,0.000106655109051,7.479215258e-07
68.65,7.65906701054e-06,0.000106445195629,7.41220171668e-07
68.7,7.58663619437e-06,0.000106236246178,7.34578128137e-07
68.75,7.51488848341e-06,0.000106028081411,7.27995346376e-07
68.8,7.44381745471e-06,0.000105820697649,7.21473129836e-07
68.85,7.37345359455e-06,0.000105614091207,7.1501006857e-07
68.9,7.30375301745e-06,0.000105408258639,7.08604194342e-07
68.95,7.23470949027e-06,0.000105203196334,7.02256446205e-07
69.0,7.16631683826e-06,0.000104999937458,6.95964864435e-07
69.05,7.09856894451e-06,0.000104798119412,6.89728959767e-07
69.1,7.03145974938e-06,0.000104597062339,6.83548806564e-07
69.15,6.96498324999e-06,0.000104396923437,6.7742423004e-07
69.2,6.89913349969e-06,0.000104197549043,6.71353859323e-07
69.25,6.83390460751e-06,0.000103998925268,6.65337649785e-07
69.3,6.76929073769e-06,0.000103801048569,6.59376792692e-07
69.35,6.70528610911e-06,0.000103604074575,6.53469999449e-07
69.4,6.64188499481e-06,0.000103409331398,6.47615471223e-07
69.45,6.57908172151e-06,0.000103215326039,6.41814066244e-07
69.5,6.51687066903e-06,0.000103022054963,6.3606399346e-07
69.55,6.45524626987e-06,0.000102829514674,6.30364805716e-07
69.6,6.3942030087e-06,0.000102637743025,6.24716570974e-07
69.65,6.33373542185e-06,0.000102446824275,6.19119129492e-07
69.7,6.27383809684e-06,0.000102256626319,6.13571228387e-07
69.75,6.21450567192e-06,0.000102067711031,6.08072826874e-07
69.8,6.15573283558e-06,0.000101880531132,6.02625013685e-07
69.85,6.09754479872e-06,0.000101694062863,5.97226611136e-07
69.9,6.03990526984e-06,0.000101508302948,5.91875975215e-07
69.95,5.9828090944e-06,0.000101323247979,5.86573890286e-07
70.0,5.92625116613e-06,0.000101138894552,5.81318719452e-07
70.05,5.87022642659e-06,0.000100955239299,5.76110054041e-07
70.1,5.81472986471e-06,0.000100772278871,5.70947956169e-07
70.15,5.75975651634e-06,0.000100590577045,5.6583227984e-07
70.2,5.70530146386e-06,0.000100410519642,5.60761880008e-07
70.25,5.65135983568e-06,0.000100231148025,5.55736719396e-07
70.3,5.59792680585e-06,0.000100052458858,5.50757793032e-07
70.35,5.54499759363e-06,9.98744488066e-05,5.45824024591e-07
70.4,5.49256746306e-06,9.96971145632e-05,5.40933911562e-07
70.45,5.44063172256e-06,9.95204528555e-05,5.36088170799e-07
70.5,5.38918572448e-06,9.93444604138e-05,5.31285306289e-07
70.55,5.33822486472e-06,9.91693181645e-05,5.26524944537e-07
70.6,5.28774458233e-06,9.89961146831e-05,5.21807142309e-07
70.65,5.23774035908e-06,9.88236746812e-05,5.17131766179e-07
70.7,5.18820771907e-06,9.86519508947e-05,5.12497769651e-07
70.75,5.13914222834e-06,9.84808814144e-05,5.07905118656e-07
70.8,5.0905394945e-06,9.83104630321e-05,5.03354722583e-07
70.85,5.04242036593e-06,9.814069254e-05,4.98845597744e-07
70.9,4.99475483105e-06,9.79715668894e-05,4.94376370947e-07
70.95,4.94753862726e-06,9.78030829273e-05,4.89947697348e-07
71.0,4.90076753188e-06,9.76360661437e-05,4.85558209694e-07
71.05,4.85443736178e-06,9.74702538877e-05,4.81207566635e-07
71.1,4.80854397303e-06,9.73050745524e-05,4.76895820054e-07
71.15,4.76308326048e-06,9.71406766084e-05,4.72622848006e-07
71.2,4.71805115744e-06,9.69769154671e-05,4.68387694066e-07
71.25,4.67344363531e-06,9.68137782821e-05,4.64190327099e-07
71.3,4.62925670324e-06,9.66512619638e-05,4.60031578222e-07
71.35,4.58548640774e-06,9.64893634243e-05,4.55910548413e-07
71.4,4.54212883238e-06,9.63280796002e-05,4.5182598267e-07
71.45,4.49918009739e-06,9.61684144031e-05,4.47778479758e-07
71.5,4.45663635937e-06,9.60096863463e-05,4.43766790103e-07
71.55,4.41449381093e-06,9.58515644004e-05,4.39790601736e-07
71.6,4.37274868032e-06,9.56940455353e-05,4.35849962073e-07
71.65,4.33139723116e-06,9.55371267332e-05,4.31944759664e-07
71.7,4.29043576208e-06,9.53808049901e-05,4.28074120404e-07
71.75,4.24986060636e-06,9.52250773265e-05,4.24238015837e-07
71.8,4.20966813167e-06,9.50699407757e-05,4.20437205547e-07
71.85,4.16987557879e-06,9.49153923733e-05,4.16670867889e-07
71.9,4.13045812934e-06,9.4762173986e-05,4.12937855878e-07
71.95,4.09141225835e-06,9.46100666839e-05,4.09238716744e-07
72.0,4.05273447382e-06,9.44585392162e-05,4.05572308463e-07
72.05,4.01442131648e-06,9.43075886549e-05,4.01938345916e-07
72.1,3.97646935947e-06,9.4157212088e-05,3.98336872437e-07
72.15,3.93887520799e-06,9.40074579843e-05,3.94767786171e-07
72.2,3.90163549906e-06,9.38583748298e-05,3.91230288245e-07
72.25,3.86474690119e-06,9.37098574171e-05,3.87724352651e-07
72.3,3.82820611411e-06,9.35619028904e-05,3.84250673597e-07
72.35,3.79200986846e-06,9.34145759208e-05,3.80808500158e-07
72.4,3.75615492548e-06,9.32689503825e-05,3.77396784066e-07
72.45,3.72063807679e-06,9.31238795017e-05,3.74016025453e-07
72.5,3.68545614405e-06,9.29793604376e-05,3.70665180587e-07
72.55,3.65060597868e-06,9.28353903752e-05,3.67343988889e-07
72.6,3.61608446163e-06,9.26919665148e-05,3.64052489964e-07
72.65,3.58188850305e-06,9.25491839074e-05,3.60790590723e-07
72.7,3.54801504205e-06,9.24069980378e-05,3.57557561049e-07
72.75,3.51446104642e-06,9.22653504571e-05,3.54353377177e-07
72.8,3.48122351236e-06,9.21242384192e-05,3.51178673562e-07
72.85,3.44831669729e-06,9.19838092643e-05,3.4803276391e-07
72.9,3.41572007743e-06,9.1844911052e-05,3.44914690179e-07
72.95,3.38343073777e-06,9.17065404645e-05,3.41824909453e-07
73.0,3.35144579057e-06,9.15686947697e-05,3.38762467833e-07
73.05,3.31976237516e-06,9.14313712598e-05,3.35727127168e-07
73.1,3.28837765766e-06,9.12945672418e-05,3.32718923654e-07
73.15,3.25728883071e-06,9.11582800342e-05,3.29737772214e-07
73.2,3.22649311326e-06,9.10225069687e-05,3.26783005573e-07
73.25,3.19598775032e-06,9.08872453969e-05,3.23854602008e-07
73.3,3.16577001268e-06,9.07524926826e-05,3.20953141371e-07
73.35,3.13583719672e-06,9.0618246194e-05,3.18077996434e-07
73.4,3.10618662414e-06,9.04853449732e-05,3.15228291612e-07
73.45,3.0768156417e-06,9.0353193713e-05,3.12404444651e-07
73.5,3.04772162107e-06,9.0221540944e-05,3.09605583752e-07
73.55,3.0189019585e-06,9.00903840692e-05,3.0683149126e-07
73.6,2.99035407465e-06,8.9959720506e-05,3.04082200257e-07
73.65,2.96207541436e-06,8.98295521449e-05,3.01357632988e-07
73.7,2.93406344639e-06,8.97000145991e-05,2.98657179609e-07
73.75,2.90631566322e-06,8.95709630968e-05,2.95980820269e-07
73.8,2.87882958084e-06,8.94423951054e-05,2.93329084909e-07
73.85,2.85161698955e-06,8.9314308097e-05,2.9070140029e-07
73.9,2.82466091703e-06,8.91866996331e-05,2.88096966184e-07
73.95,2.79795895266e-06,8.90605395912e-05,2.85516164384e-07
74.0,2.77150870843e-06,8.89349116089e-05,2.82958198125e-07
74.05,2.74530781866e-06,8.88097547057e-05,2.80422868486e-07
74.1,2.71935393985e-06,8.86850663995e-05,2.77910205701e-07
74.15,2.69364475044e-06,8.85608932548e-05,2.75420138707e-07
74.2,2.66817795062e-06,8.84372818794e-05,2.7295211015e-07
74.25,2.6429512621e-06,8.83141321364e-05,2.70506101886e-07
74.3,2.61796242795e-06,8.8191441592e-05,2.68082598246e-07
74.35,2.59320921239e-06,8.80692078177e-05,2.65681075327e-07
74.4,2.56868940056e-06,8.79474284027e-05,2.63300801778e-07
74.45,2.54440079837e-06,8.78261009557e-05,2.6094212653e-07
74.5,2.52034123226e-06,8.77058047156e-05,2.58604321394e-07
74.55,2.49650854906e-06,8.75863458585e-05,2.56287204572e-07
74.6,2.47290061576e-06,8.74673317893e-05,2.53990803695e-07
74.65,2.44951531934e-06,8.73487601362e-05,2.51715053816e-07
74.7,2.42635056656e-06,8.72306285395e-05,2.49459445552e-07
74.75,2.40340428382e-06,8.71129346566e-05,2.4722396232e-07
74.8,2.38067441694e-06,8.69956761558e-05,2.45009046765e-07
74.85,2.35817071602e-06,8.68788507115e-05,2.42814220077e-07
74.9,2.33587914563e-06,8.67624560719e-05,2.40638813852e-07
74.95,2.3137977123e-06,8.66464899448e-05,2.38483146986e-07
75.0,2.29192444124e-06,8.65309500451e-05,2.36346553968e-07
75.05,2.27025737613e-06,8.64158341065e-05,2.34228868645e-07
75.1,2.24879457899e-06,8.6301758167e-05,2.32130116269e-07
75.15,2.22753412998e-06,8.61883969161e-05,2.30050237485e-07
75.2,2.20647412725e-06,8.60755554002e-05,2.2798876675e-07
75.25,2.18561268676e-06,8.59631674832e-05,2.2594568891e-07
75.3,2.16494794212e-06,8.58511925875e-05,2.23921408512e-07
75.35,2.14447804441e-06,8.57396284811e-05,2.21915487956e-07
75.4,2.12420116206e-06,8.56284729476e-05,2.19927316366e-07
75.45,2.10411548062e-06,8.55177237882e-05,2.17957185192e-07
75.5,2.08421920267e-06,8.54073788113e-05,2.16004486203e-07
75.55,2.06451054761e-06,8.52974358427e-05,2.14069067545e-07
75.6,2.04498775154e-06,8.51878927206e-05,2.12150952299e-07
75.65,2.02564906706e-06,8.5078751575e-05,2.10250086216e-07
75.7,2.00649276317e-06,8.49702465727e-05,2.08366043825e-07
75.75,1.98751712507e-06,8.48628878799e-05,2.06498811273e-07
75.8,1.96872045404e-06,8.47559207463e-05,2.04648758289e-07
75.85,1.95011081301e-06,8.4649343032e-05,2.02815484938e-07
75.9,1.93167659526e-06,8.45431526583e-05,2.0099843292e-07
75.95,1.91341615229e-06,8.44373475158e-05,1.99197868601e-07
76.0,1.89532785099e-06,8.43319255021e-05,1.97413236099e-07
76.05,1.87741007359e-06,8.42268845316e-05,1.95644396631e-07
76.1,1.85966121746e-06,8.41222225303e-05,1.93891371291e-07
76.15,1.84207969496e-06,8.40179374342e-05,1.92154110499e-07
76.2,1.82466393334e-06,8.39140271899e-05,1.90432225403e-07
76.25,1.80741237458e-06,8.38104897583e-05,1.88725703343e-07
76.3,1.79032347524e-06,8.37073231106e-05,1.87034882228e-07
76.35,1.77339570637e-06,8.36045252241e-05,1.8535939654e-07
76.4,1.7566275533e-06,8.35027734359e-05,1.83698736036e-07
76.45,1.74001751557e-06,8.34015065846e-05,1.82053144154e-07
76.5,1.72356410679e-06,8.33006023033e-05,1.80422112856e-07
76.55,1.70726585447e-06,8.32000585975e-05,1.78805515305e-07
76.6,1.69112129994e-06,8.3099873484e-05,1.77203370778e-07
76.65,1.67512899817e-06,8.30000449894e-05,1.75615633963e-07
76.7,1.65928751769e-06,8.29006288062e-05,1.74041949476e-07
76.75,1.64359544044e-06,8.28016436795e-05,1.72482305748e-07
76.8,1.62805136165e-06,8.2703009721e-05,1.70937011601e-07
76.85,1.61266194902e-06,8.26047249932e-05,1.69405732981e-07
76.9,1.59741760428e-06,8.25067876096e-05,1.67888003558e-07
76.95,1.58231696417e-06,8.24091956596e-05,1.66384045819e-07
77.0,1.56735867819e-06,8.23119472399e-05,1.64893395452e-07
77.05,1.55254140851e-06,8.22150404614e-05,1.63415936536e-07
77.1,1.53786382982e-06,8.21190594137e-05,1.61951686689e-07
77.15,1.5233246292e-06,8.202357433e-05,1.605006045e-07
77.2,1.50892250605e-06,8.19285240479e-05,1.59062365172e-07
77.25,1.49465617196e-06,8.18338450979e-05,1.5763695813e-07
77.3,1.48052435057e-06,8.17394986402e-05,1.5622466562e-07
77.35,1.46652577748e-06,8.16454828188e-05,1.54825182335e-07
77.4,1.45265920013e-06,8.15517957902e-05,1.53438082085e-07
77.45,1.43892337772e-06,8.14584357252e-05,1.52063568206e-07
77.5,1.42531708105e-06,8.13654008014e-05,1.50701216349e-07
77.55,1.41183909242e-06,8.12726892105e-05,1.4935092057e-07
77.6,1.39848820559e-06,8.11802991544e-05,1.48012696972e-07
77.65,1.38526322557e-06,8.10882288439e-05,1.46686507708e-07
77.7,1.37216296859e-06,8.09964764994e-05,1.45372055934e-07
77.75,1.35918626198e-06,8.09050403535e-05,1.44069331987e-07
77.8,1.34633194404e-06,8.0813918648e-05,1.42778593818e-07
77.85,1.3336055287e-06,8.07236825734e-05,1.41499562402e-07
77.9,1.32099907858e-06,8.06338741514e-05,1.40231848225e-07
77.95,1.30851146631e-06,8.05443747513e-05,1.38975637127e-07
78.0,1.2961415751e-06,8.04551826324e-05,1.3773054128e-07
78.05,1.2838882986e-06,8.03662960674e-05,1.36496463858e-07
78.1,1.27175054083e-06,8.02777133386e-05,1.35273419579e-07
78.15,1.25972721607e-06,8.01894327375e-05,1.34061373853e-07
78.2,1.24781724879e-06,8.01014684797e-05,1.32860055385e-07
78.25,1.23601957351e-06,8.00139183083e-05,1.31669455344e-07
78.3,1.22433313473e-06,7.99266655998e-05,1.3048980948e-07
78.35,1.21275688685e-06,7.98397086774e-05,1.29320862781e-07
78.4,1.20128979406e-06,7.97530458757e-05,1.28162259261e-07
78.45,1.18993083025e-06,7.96666755417e-05,1.27014168763e-07
78.5,1.17867897894e-06,7.95805960292e-05,1.2587623684e-07
78.55,1.16753323314e-06,7.94948057042e-05,1.24748374999e-07
78.6,1.15649259532e-06,7.94093029421e-05,1.23630596692e-07
78.65,1.1455560773e-06,7.93246358084e-05,1.22522870304e-07
78.7,1.13472270014e-06,7.92403956238e-05,1.21424947893e-07
78.75,1.12399149408e-06,7.9156513856e-05,1.20336821386e-07
78.8,1.11336149845e-06,7.90729134001e-05,1.19258706244e-07
78.85,1.10283727304e-06,7.89895926527e-05,1.18190369402e-07
78.9,1.09241225396e-06,7.89065500463e-05,1.17131485514e-07
78.95,1.08208550894e-06,7.88237839994e-05,1.16082209804e-07
79.0,1.07185611441e-06,7.87412929374e-05,1.15042218332e-07
79.05,1.06172315549e-06,7.86590752971e-05,1.14011430224e-07
79.1,1.05168572583e-06,7.85771295249e-05,1.1298985777e-07
79.15,1.04174292761e-06,7.84954540748e-05,1.1197747208e-07
79.2,1.03189387138e-06,7.84140474097e-05,1.10974046549e-07
79.25,1.02213767604e-06,7.83329080029e-05,1.09979573801e-07
79.3,1.01247346875e-06,7.82520343356e-05,1.08994250751e-07
79.35,1.00290038483e-06,7.81714248955e-05,1.08017864395e-07
79.4,9.9341756771e-07,7.80910781802e-05,1.07050117388e-07
79.45,9.84024168838e-07,7.80109926983e-05,1.06091151595e-07
79.5,9.74719347618e-07,7.79316045586e-05,1.05140670957e-07
79.55,9.65502271326e-07,7.78526217325e-05,1.04198601559e-07
79.6,9.5637211504e-07,7.77738955002e-05,1.03264954636e-07
79.65,9.47328061567e-07,7.76954243883e-05,1.02339703782e-07
79.7,9.38369301371e-07,7.76172069316e-05,1.01422641897e-07
79.75,9.29495032501e-07,7.75393456905e-05,1.0051376224e-07
79.8,9.2070446052e-07,7.7461758627e-05,9.96132447767e-08
79.85,9.12001356193e-07,7.73844212702e-05,9.8720894837e-08
79.9,9.03380291446e-07,7.73073322051e-05,9.7836440668e-08
79.95,8.94840495322e-07,7.72304900062e-05,9.69600119241e-08
80.0,8.86381204085e-07,7.71538932544e-05,9.60913380277e-08
80.05,8.78001661149e-07,7.70775405411e-05,9.52303514263e-08
80.1,8.69701117016e-07,7.70014304658e-05,9.4377062387e-08
80.15,8.61478829208e-07,7.69255616358e-05,9.35314467775e-08
80.2,8.53334062198e-07,7.6849948138e-05,9.26933153224e-08
80.25,8.45266087352e-07,7.67746852734e-05,9.186266186e-08
80.3,8.3727418286e-07,7.66996599294e-05,9.10396508675e-08
80.35,8.29357633672e-07,7.66248707398e-05,9.02241044294e-08
80.4,8.21515731437e-07,7.65504884448e-05,8.94157741825e-08
80.45,8.13747774442e-07,7.6476701874e-05,8.86147786217e-08
80.5,8.06053067544e-07,7.64031472173e-05,8.78208704579e-08
80.55,7.98430922116e-07,7.63298231291e-05,8.70339879528e-08
80.6,7.90880655981e-07,7.62567282718e-05,8.62541404898e-08
80.65,7.83401593354e-07,7.61838613154e-05,8.54813060135e-08
80.7,7.75993064781e-07,7.61112209372e-05,8.47153115393e-08
80.75,7.68654407081e-07,7.60388058235e-05,8.39561514359e-08
80.8,7.6138496329e-07,7.59666146681e-05,8.3203976024e-08
80.85,7.54187851672e-07,7.58946461705e-05,8.24586227012e-08
80.9,7.47058583435e-07,7.58228990556e-05,8.17198644805e-08
80.95,7.39996521029e-07,7.57513720405e-05,8.09878096583e-08
81.0,7.33001032874e-07,7.56800638485e-05,8.02622322292e-08
81.05,7.26071493305e-07,7.56089732119e-05,7.95430757686e-08
81.1,7.19207282517e-07,7.55380988709e-05,7.88303488524e-08
81.15,7.12407786512e-07,7.54674395723e-05,7.81240313234e-08
81.2,7.0567239704e-07,7.53969940702e-05,7.74239650857e-08
81.25,6.99000511548e-07,7.53268247433e-05,7.67301449926e-08
81.3,6.92391533131e-07,7.52569267876e-05,7.60427084269e-08
81.35,6.8584487047e-07,7.51872393301e-05,7.53615067812e-08
81.4,6.7935993779e-07,7.51179480658e-05,7.46863326049e-08
81.45,6.72936154801e-07,7.50491636332e-05,7.40172848735e-08
81.5,6.66572946649e-07,7.49805858907e-05,7.33541570337e-08
81.55,6.60269743867e-07,7.49122136285e-05,7.26968975173e-08
81.6,6.54025982323e-07,7.48440456437e-05,7.2045514162e-08
81.65,6.4784110317e-07,7.47760807405e-05,7.13999885456e-08
81.7,6.41714552797e-07,7.47083177298e-05,7.07601761792e-08
81.75,6.35645782782e-07,7.46408568885e-05,7.01260723591e-08
81.8,6.29634249839e-07,7.45736184438e-05,6.94978026438e-08
81.85,6.2368253265e-07,7.4506578763e-05,6.88752312163e-08
81.9,6.17786919163e-07,7.44397366949e-05,6.82581684811e-08
81.95,6.11946882151e-07,7.43730910829e-05,6.7646704895e-08
82.0,6.06161899325e-07,7.43066407759e-05,6.70406516824e-08
82.05,6.00431453284e-07,7.42403846312e-05,6.64399617135e-08
82.1,5.94755031476e-07,7.4174321513e-05,6.58446421515e-08
82.15,5.89132126148e-07,7.4108450292e-05,6.52546761598e-08
82.2,5.83562234304e-07,7.40427698451e-05,6.46699316854e-08
82.25,5.78044857656e-07,7.39772790572e-05,6.40904044296e-08
82.3,5.72579502587e-07,7.39119768194e-05,6.3516209144e-08
82.35,5.67165680104e-07,7.3846862028e-05,6.29472217014e-08
82.4,5.61802905791e-07,7.37819335869e-05,6.23832688244e-08
82.45,5.56490699773e-07,7.37171904075e-05,6.18244331844e-08
82.5,5.51228586671e-07,7.36529404215e-05,6.12705422535e-08
82.55,5.46016095557e-07,7.35890033126e-05,6.07215529582e-08
82.6,5.40852759918e-07,7.35252480988e-05,6.01774718453e-08
82.65,5.3573811761e-07,7.34616737063e-05,5.96382835272e-08
82.7,5.3067171082e-07,7.33982790677e-05,5.91038673167e-08
82.75,5.25653086024e-07,7.33350886227e-05,5.85742192849e-08
82.8,5.20681793948e-07,7.32721705632e-05,5.80494443069e-08
82.85,5.15759967055e-07,7.32094294834e-05,5.75294289391e-08
82.9,5.10884535632e-07,7.31468643489e-05,5.70140148178e-08
82.95,5.06055063683e-07,7.30844741212e-05,5.65032774989e-08
83.0,5.01271119295e-07,7.30222577673e-05,5.59970593039e-08
83.05,4.965322746e-07,7.29602142618e-05,5.54953208666e-08
83.1,4.91838105738e-07,7.28983425853e-05,5.49980681702e-08
83.15,4.87188192818e-07,7.28366417243e-05,5.45052871516e-08
83.2,4.82582119882e-07,7.27751106715e-05,5.40168675108e-08
83.25,4.78019474868e-07,7.27138106516e-05,5.35328056574e-08
83.3,4.73499849573e-07,7.26527371828e-05,5.30531974398e-08
83.35,4.69022839621e-07,7.25918309296e-05,5.25779391783e-08
83.4,4.6458804442e-07,7.2531090905e-05,5.21068861395e-08
83.45,4.60195067132e-07,7.24705161291e-05,5.16401073763e-08
83.5,4.55843514638e-07,7.2410105627e-05,5.11774587813e-08
83.55,4.51532997501e-07,7.23498584309e-05,5.07189043766e-08
83.6,4.47263129933e-07,7.22897735788e-05,5.02644496304e-08
83.65,4.43033529759e-07,7.22298522545e-05,4.981408169e-08
83.7,4.38843818388e-07,7.21704817085e-05,4.93676997488e-08
83.75,4.34693620773e-07,7.21112721521e-05,4.89253005253e-08
83.8,4.30582565384e-07,7.20522210418e-05,4.84869716185e-08
83.85,4.26512415679e-07,7.19933274339e-05,4.80526182723e-08
83.9,4.22480633132e-07,7.19345904001e-05,4.76221082103e-08
83.95,4.18486857191e-07,7.18760090096e-05,4.7195504542e-08
84.0,4.14530730683e-07,7.18175823363e-05,4.67726755632e-08
84.05,4.10611899778e-07,7.17593094611e-05,4.63535883926e-08
84.1,4.06730013962e-07,7.17011894704e-05,4.59382480277e-08
84.15,4.02884726e-07,7.16432214559e-05,4.55266427221e-08
84.2,3.99075691914e-07,7.1585404515e-05,4.51186803456e-08
84.25,3.95302570945e-07,7.1527737751e-05,4.47143578989e-08
84.3,3.91565025526e-07,7.14703268029e-05,4.43137554415e-08
84.35,3.87862721252e-07,7.14130752516e-05,4.3916786373e-08
84.4,3.84195326854e-07,7.13559716e-05,4.35233298017e-08
84.45,3.8056251416e-07,7.12990149702e-05,4.31334434055e-08
84.5,3.76963958079e-07,7.12422044888e-05,4.27470068158e-08
84.55,3.7339933656e-07,7.11855392887e-05,4.23639899812e-08
84.6,3.69868330574e-07,7.11290185081e-05,4.19843974693e-08
84.65,3.66370624078e-07,7.10726412905e-05,4.16082185444e-08
84.7,3.6290590399e-07,7.10164067844e-05,4.12353690061e-08
84.75,3.59473860165e-07,7.0960339146e-05,4.08658461131e-08
84.8,3.56074185361e-07,7.09045054369e-05,4.04997230345e-08
84.85,3.52708337886e-07,7.08488123054e-05,4.01369206232e-08
84.9,3.49374218482e-07,7.07932589247e-05,3.97773283926e-08
84.95,3.46071528989e-07,7.07378444662e-05,3.94209990564e-08
85.0,3.42799974038e-07,7.06829001366e-05,3.90678226059e-08
85.05,3.39559261027e-07,7.06281125727e-05,3.87177715764e-08
85.1,3.36349100094e-07,7.05734614082e-05,3.8370850142e-08
85.15,3.33169204092e-07,7.05189458262e-05,3.80270484914e-08
85.2,3.30019288563e-07,7.0464565015e-05,3.76862896708e-08
85.25,3.26899071714e-07,7.04103181684e-05,3.73485711753e-08
85.3,3.23808274391e-07,7.0356204485e-05,3.70139598761e-08
85.35,3.20746620056e-07,7.03022231679e-05,3.66823834383e-08
85.4,3.1771383476e-07,7.02483734254e-05,3.63537408848e-08
85.45,3.14709647121e-07,7.01946544715e-05,3.60280803922e-08
85.5,3.11733788301e-07,7.01410655247e-05,3.57053014202e-08
85.55,3.08785991977e-07,7.00876058089e-05,3.53853788678e-08
85.6,3.05865994324e-07,7.0034274553e-05,3.50683165501e-08
85.65,3.02973533989e-07,6.99810709906e-05,3.47541055001e-08
85.7,3.00108352067e-07,6.99279943599e-05,3.44426753873e-08
85.75,2.97270192077e-07,6.98750439043e-05,3.41340239224e-08
85.8,2.94458799945e-07,6.98222882474e-05,3.38282122211e-08
85.85,2.91675381633e-07,6.97697025703e-05,3.35251741743e-08
85.9,2.88918201138e-07,6.97172412084e-05,3.32248174959e-08
85.95,2.86187011895e-07,6.96649034205e-05,3.29271862159e-08
86.0,2.83481569647e-07,6.96126884692e-05,3.26321884474e-08
86.05,2.80801632422e-07,6.95605956228e-05,3.233980125e-08
86.1,2.78146960517e-07,6.9508624154e-05,3.20500281101e-08
86.15,2.75517316473e-07,6.94567733399e-05,3.17628608327e-08
86.2,2.72912465055e-07,6.94050424621e-05,3.14782351407e-08
86.25,2.70332173231e-07,6.93534308072e-05,3.11961489415e-08
86.3,2.67776210154e-07,6.93020423367e-05,3.09166580909e-08
86.35,2.65244347137e-07,6.92507824857e-05,3.06397021696e-08
86.4,2.62736357635e-07,6.91996838094e-05,3.03651968344e-08
86.45,2.60252017227e-07,6.91489698555e-05,3.00931823259e-08
86.5,2.57791103594e-07,6.90983719767e-05,2.98235746658e-08
86.55,2.55353396499e-07,6.9047889475e-05,2.95563528878e-08
86.6,2.52938677769e-07,6.89975216572e-05,2.92915201787e-08
86.65,2.50546731276e-07,6.89472678344e-05,2.90290690484e-08
86.7,2.48177342914e-07,6.88971273219e-05,2.87689407523e-08
86.75,2.45830300587e-07,6.88470994397e-05,2.8511133378e-08
86.8,2.43505394185e-07,6.8797183512e-05,2.82556979736e-08
86.85,2.41203620988e-07,6.87473788669e-05,2.80025793202e-08
86.9,2.38923545394e-07,6.86976848419e-05,2.77517003339e-08
86.95,2.36664963503e-07,6.86481007743e-05,2.75030977917e-08
87.0,2.34427673324e-07,6.85986260052e-05,2.72566949433e-08
87.05,2.32211474757e-07,6.85492598803e-05,2.7012472627e-08
87.1,2.30016169578e-07,6.85000017495e-05,2.67704337553e-08
87.15,2.27841561417e-07,6.8450850967e-05,2.65305714828e-08
87.2,2.25687455744e-07,6.84018068907e-05,2.62928321208e-08
87.25,2.23553659852e-07,6.83528688831e-05,2.60572139216e-08
87.3,2.2143998284e-07,6.83040702407e-05,2.58237635397e-08
87.35,2.19346235591e-07,6.82554545255e-05,2.55924305087e-08
87.4,2.17272230765e-07,6.82069433605e-05,2.53631443794e-08
87.45,2.15217782773e-07,6.8158536121e-05,2.51359387634e-08
87.5,2.13182707766e-07,6.81102321858e-05,2.49107435161e-08
87.55,2.11166823618e-07,6.80620309381e-05,2.46875411251e-08
87.6,2.09169949909e-07,6.80139317654e-05,2.44663342522e-08
87.65,2.07191907908e-07,6.79659340585e-05,2.42471166412e-08
87.7,2.05232520561e-07,6.79180372124e-05,2.40298392242e-08
87.75,2.03291612471e-07,6.78702406262e-05,2.24366709346e-08
87.8,2.01369009886e-07,6.78226233042e-05,2.2082407527e-08
87.85,1.99465537516e-07,6.77751507122e-05,2.1884588589e-08
87.9,1.97580008177e-07,6.77277767655e-05,2.16885200271e-08
87.95,1.95712253253e-07,6.76805008775e-05,2.14942336081e-08
88.0,1.93862105704e-07,6.76333555143e-05,2.1301666264e-08
88.05,1.92029400057e-07,6.75865481647e-05,2.11108030201e-08
88.1,1.90213972387e-07,6.75398374011e-05,2.09216473305e-08
88.15,1.88415660305e-07,6.74932224072e-05,2.07341944905e-08
88.2,1.86634302944e-07,6.74467026086e-05,2.05484006598e-08
88.25,1.84869740941e-07,6.74002774345e-05,2.03642513824e-08
88.3,1.8312181643e-07,6.73539463182e-05,2.01818008848e-08
88.35,1.81390373018e-07,6.73077086959e-05,2.00010079883e-08
88.4,1.79675255783e-07,6.72615640079e-05,1.98218148151e-08
88.45,1.77976311251e-07,6.72155116983e-05,1.96442503979e-08
88.5,1.76293387386e-07,6.71695512146e-05,1.94682570969e-08
88.55,1.74626333577e-07,6.71236820081e-05,1.92938212261e-08
88.6,1.72975000624e-07,6.70779035339e-05,1.91209459426e-08
88.65,1.71339240724e-07,6.70322152504e-05,1.89496269464e-08
88.7,1.6971890746e-07,6.69866166195e-05,1.87798241705e-08
88.75,1.68113855787e-07,6.69411071067e-05,1.86115244031e-08
88.8,1.66523942018e-07,6.68956861811e-05,1.84447772034e-08
88.85,1.64949848156e-07,6.68504629264e-05,1.69021354885e-08
88.9,1.63390592447e-07,6.68053386146e-05,1.65975023899e-08
88.95,1.61846035452e-07,6.67603027202e-05,1.50737907077e-08
89.0,1.60316039038e-07,6.67153644845e-05,1.47858045422e-08
89.05,1.58800466363e-07,6.6670513421e-05,1.46533178528e-08
89.1,1.57299181869e-07,6.66257477763e-05,1.31462630157e-08
89.15,1.55812051267e-07,6.65810780391e-05,1.28754565574e-08
89.2,1.54338941527e-07,6.65364937478e-05,1.27600784679e-08
89.25,1.52879720861e-07,6.64919931632e-05,1.26457216957e-08
89.3,1.51434258721e-07,6.64476092389e-05,1.11572768248e-08
89.35,1.50002425777e-07,6.64033960141e-05,1.09043814772e-08
89.4,1.48584093914e-07,6.63592664249e-05,1.08066891659e-08
89.45,1.47179136215e-07,6.63152187475e-05,1.07098832939e-08
89.5,1.45787426953e-07,6.62712525006e-05,1.06139339659e-08
89.55,1.44408841579e-07,6.62273672064e-05,1.05188337208e-08
89.6,1.4304325671e-07,6.61835623899e-05,1.0424575161e-08
89.65,1.41690550119e-07,6.61398375794e-05,1.03311728465e-08
89.7,1.40350600727e-07,6.6096192306e-05,1.02385971756e-08
89.75,1.39023288585e-07,6.6052626104e-05,1.01468409453e-08
89.8,1.37708494872e-07,6.60092177718e-05,1.00559353857e-08
89.85,1.36406783575e-07,6.59660484125e-05,9.9658542881e-09
89.9,1.35117342824e-07,6.59229568208e-05,9.87657023827e-09
89.95,1.3384005731e-07,6.58799425371e-05,9.7880963329e-09
90.0,1.325748128e-07,6.58370051047e-05,9.70040524984e-09
90.05,1.31321496133e-07,6.57941440697e-05,9.6134901701e-09
90.1,1.30079995208e-07,6.57513589815e-05,9.52734433288e-09
90.15,1.28850198974e-07,6.57086493924e-05,9.44198104487e-09
90.2,1.27631997419e-07,6.56660148573e-05,9.35737325225e-09
90.25,1.26425281561e-07,6.56234549344e-05,9.27351437187e-09
90.3,1.25229943441e-07,6.55809691847e-05,9.19043294607e-09
90.35,1.2404587611e-07,6.5538632061e-05,9.10810502176e-09
90.4,1.22872973621e-07,6.54964010391e-05,9.02650554428e-09
90.45,1.21711131019e-07,6.54542432437e-05,8.94564648307e-09
90.5,1.20560244333e-07,6.54121582435e-05,8.86550286759e-09
90.55,1.19420210566e-07,6.53701456105e-05,8.78606846575e-09
90.6,1.18290927685e-07,6.53282049194e-05,8.70733709864e-09
90.65,1.17172294615e-07,6.52863357476e-05,8.62932092765e-09
90.7,1.16064211226e-07,6.52445376752e-05,8.55199522745e-09
90.75,1.14966578326e-07,6.52028102851e-05,8.47535398139e-09
90.8,1.13879297656e-07,6.51611531632e-05,7.02107417997e-09
90.85,1.12802835609e-07,6.51196847691e-05,6.80487315884e-09
90.9,1.11736520803e-07,6.50782871885e-05,6.74390551521e-09
90.95,1.1068025788e-07,6.50369588069e-05,6.68349416451e-09
91.0,1.09633952376e-07,6.49956992198e-05,6.62361733395e-09
91.05,1.0859751071e-07,6.49545080254e-05,6.56427036748e-09
91.1,1.07570840181e-07,6.49133848248e-05,6.50544864879e-09
91.15,1.06553848952e-07,6.48723292213e-05,6.44716431454e-09
91.2,1.05546446049e-07,6.48313408212e-05,6.38939578071e-09
91.25,1.04548541348e-07,6.47904192331e-05,6.33213855307e-09
91.3,1.03560045572e-07,6.47495640682e-05,4.89883235994e-09
91.35,1.02580870277e-07,6.47087855452e-05,3.32726521784e-09
91.4,8.5203096381e-08,6.4668084257e-05,3.14456336944e-09
91.45,5.97734059037e-08,6.46273846465e-05,1.73959916164e-09
91.5,5.92081953396e-08,6.45866646207e-05,1.57087884671e-09
91.55,5.86483147392e-08,6.45460124795e-05,1.5567989247e-09
91.6,5.80937139936e-08,6.45054266239e-05,1.54284367155e-09
91.65,5.75443434635e-08,6.44649066548e-05,1.5428436704e-10
91.7,5.70001539745e-08,6.44244627249e-05,0.0
91.75,5.64610968131e-08,6.43840848844e-05,0.0
91.8,5.5927123722e-08,6.43438256876e-05,0.0
91.85,5.5398463752e-08,6.43038288619e-05,0.0
91.9,5.48747871811e-08,6.42639598793e-05,0.0
91.95,5.43560471783e-08,6.42241546941e-05,0.0
92.0,5.38421973515e-08,6.41844129204e-05,0.0
92.05,5.33331917426e-08,6.4144734175e-05,0.0
92.1,5.28289848244e-08,6.41051180775e-05,0.0
92.15,5.23295314957e-08,6.40655642499e-05,0.0
92.2,5.18347870779e-08,6.40260723171e-05,0.0
92.25,5.1344707311e-08,6.39866419064e-05,0.0
92.3,5.08592483494e-08,6.39472726478e-05,0.0
92.35,5.03783667583e-08,6.39080381703e-05,0.0
92.4,4.99020195098e-08,6.38688965197e-05,0.0
92.45,4.9430163979e-08,6.38298152738e-05,0.0
92.5,4.89627579403e-08,6.37907940697e-05,0.0
92.55,4.84997595639e-08,6.37518325468e-05,0.0
92.6,4.80411274117e-08,6.37129303469e-05,0.0
92.65,4.75868204339e-08,6.36740871144e-05,0.0
92.7,4.71367979654e-08,6.36353024963e-05,0.0
92.75,4.6691019722e-08,6.35965761418e-05,0.0
92.8,4.62494457971e-08,6.35579077028e-05,0.0
92.85,4.58122656061e-08,6.35192968335e-05,0.0
92.9,4.53792064826e-08,6.34807431913e-05,0.0
92.95,4.49502296992e-08,6.34422464353e-05,0.0
93.0,4.45252968914e-08,6.34038062268e-05,0.0
93.05,4.41043700539e-08,6.33654222296e-05,0.0
93.1,4.36874115375e-08,6.33270941096e-05,0.0
93.15,4.32743840453e-08,6.32888215352e-05,0.0
93.2,4.28652506301e-08,6.32506041772e-05,0.0
93.25,4.24599746905e-08,6.32124417086e-05,0.0
93.3,4.20585199681e-08,6.31743338046e-05,0.0
93.35,4.1660850544e-08,6.3136289551e-05,0.0
93.4,2.4859099366e-08,6.30983933074e-05,0.0
93.45,0.0,6.30604879489e-05,0.0
93.5,0.0,6.30225426927e-05,0.0
93.55,0.0,6.29846534582e-05,0.0
93.6,0.0,6.29468198957e-05,0.0
93.65,0.0,6.2909041658e-05,0.0
93.7,0.0,6.28713184006e-05,0.0
93.75,0.0,6.28336497816e-05,0.0
93.8,0.0,6.27960354614e-05,0.0
93.85,0.0,6.27585161709e-05,0.0
93.9,0.0,6.27211138075e-05,0.0
93.95,0.0,6.26837650824e-05,0.0
94.0,0.0,6.26464696629e-05,0.0
94.05,0.0,6.26093387225e-05,0.0
94.1,0.0,6.25723340218e-05,0.0
94.15,0.0,6.25353817483e-05,0.0
94.2,0.0,6.24984815747e-05,0.0
94.25,0.0,6.24616331765e-05,0.0
94.3,0.0,6.24248362314e-05,0.0
94.35,0.0,6.23880904195e-05,0.0
94.4,0.0,6.23513954235e-05,0.0
94.45,0.0,6.23147509282e-05,0.0
94.5,0.0,6.2278156621e-05,0.0
94.55,0.0,6.22416121914e-05,0.0
94.6,0.0,6.22051173315e-05,0.0
94.65,0.0,6.21686717354e-05,0.0
94.7,0.0,6.21322750997e-05,0.0
94.75,0.0,6.20959271231e-05,0.0
94.8,0.0,6.20596275067e-05,0.0
94.85,0.0,6.20233759538e-05,0.0
94.9,0.0,6.19872522425e-05,0.0
94.95,0.0,6.19511978219e-05,0.0
95.0,0.0,6.19151909173e-05,0.0
95.05,0.0,6.18792312377e-05,0.0
95.1,0.0,6.18433184941e-05,0.0
95.15,0.0,6.18074523998e-05,0.0
95.2,0.0,6.17716326701e-05,0.0
95.25,0.0,6.17358590225e-05,0.0
95.3,0.0,6.17001311767e-05,0.0
95.35,0.0,6.16644581654e-05,0.0
95.4,0.0,6.1628923519e-05,0.0
95.45,0.0,6.15934341799e-05,0.0
95.5,0.0,6.15579898729e-05,0.0
95.55,0.0,6.15225903249e-05,0.0
95.6,0.0,6.14872352646e-05,0.0
95.65,0.0,6.14519244229e-05,0.0
95.7,0.0,6.14166575326e-05,0.0
95.75,0.0,6.13814343286e-05,0.0
95.8,0.0,6.13462545476e-05,0.0
95.85,0.0,6.13111179285e-05,0.0
95.9,0.0,6.1276024212e-05,0.0
95.95,0.0,6.12409731408e-05,0.0
96.0,0.0,6.12059644593e-05,0.0
96.05,0.0,6.11709979142e-05,0.0
96.1,0.0,6.11360732537e-05,0.0
96.15,0.0,6.11011902281e-05,0.0
96.2,0.0,6.10663485896e-05,0.0
96.25,0.0,6.1031548092e-05,0.0
96.3,0.0,6.09967884911e-05,0.0
96.35,0.0,6.09620695446e-05,0.0
96.4,0.0,6.092743944e-05,0.0
96.45,0.0,6.08929011113e-05,0.0
96.5,0.0,6.08584030453e-05,0.0
96.55,0.0,6.08240637153e-05,0.0
96.6,0.0,6.07898063062e-05,0.0
96.65,0.0,6.0755588591e-05,0.0
96.7,0.0,6.07214103329e-05,0.0
96.75,0.0,6.06872712969e-05,0.0
96.8,0.0,6.06531712495e-05,0.0
96.85,0.0,6.06191099593e-05,0.0
96.9,0.0,6.05851664977e-05,0.0
96.95,0.0,6.05512829369e-05,0.0
97.0,0.0,6.05174377717e-05,0.0
97.05,0.0,6.04836307741e-05,0.0
97.1,0.0,6.04498617183e-05,0.0
97.15,0.0,6.04161303798e-05,0.0
97.2,0.0,6.03824365359e-05,0.0
97.25,0.0,6.03487799657e-05,0.0
97.3,0.0,6.03151604497e-05,0.0
97.35,0.0,6.02815777703e-05,0.0
97.4,0.0,6.02480317114e-05,0.0
97.45,0.0,6.02145220584e-05,0.0
97.5,0.0,6.01810485986e-05,0.0
97.55,0.0,6.01476111206e-05,0.0
97.6,0.0,6.01142094148e-05,0.0
97.65,0.0,6.00808432731e-05,0.0
97.7,0.0,6.00475124888e-05,0.0
97.75,0.0,6.0014216857e-05,0.0
97.8,0.0,5.99809561742e-05,0.0
97.85,0.0,5.99477302384e-05,0.0
97.9,0.0,5.9914556706e-05,0.0
97.95,0.0,5.98814979168e-05,0.0
98.0,0.0,5.98484735942e-05,0.0
98.05,0.0,5.9815483539e-05,0.0
98.1,0.0,5.97825275538e-05,0.0
98.15,0.0,5.97496054425e-05,0.0
98.2,0.0,5.97167170107e-05,0.0
98.25,0.0,5.96838620653e-05,0.0
98.3,0.0,5.96510404145e-05,0.0
98.35,0.0,5.96182518681e-05,0.0
98.4,0.0,5.95855442283e-05,0.0
98.45,0.0,5.95529204505e-05,0.0
98.5,0.0,5.95203295328e-05,0.0
98.55,0.0,5.94877712874e-05,0.0
98.6,0.0,5.94552455281e-05,0.0
98.65,0.0,5.94227520702e-05,0.0
98.7,0.0,5.93902907303e-05,0.0
98.75,0.0,5.93578613262e-05,0.0
98.8,0.0,5.93254636772e-05,0.0
98.85,0.0,5.92930976041e-05,0.0
98.9,0.0,5.92607629287e-05,0.0
98.95,0.0,5.92284594745e-05,0.0
99.0,0.0,5.91961870661e-05,0.0
99.05,0.0,5.91639455294e-05,0.0
99.1,0.0,5.91317346917e-05,0.0
99.15,0.0,5.90995543815e-05,0.0
99.2,0.0,5.90674044287e-05,0.0
99.25,0.0,5.90352846643e-05,0.0
99.3,0.0,5.90031949208e-05,0.0
99.35,0.0,5.89712693814e-05,0.0
99.4,0.0,5.89393798171e-05,0.0
99.45,0.0,5.89076048197e-05,0.0
99.5,0.0,5.88758713209e-05,0.0
99.55,0.0,5.88441674857e-05,0.0
99.6,0.0,5.88124931475e-05,0.0
99.65,0.0,5.87808481411e-05,0.0
99.7,0.0,5.87492323024e-05,0.0
99.75,0.0,5.87176454684e-05,0.0
99.8,0.0,5.86860874777e-05,0.0
99.85,0.0,5.86545581698e-05,0.0
99.9,0.0,5.86230750895e-05,0.0
99.95,0.0,5.85917000832e-05,0.0
100.0,0.0,5.85603535946e-05,0.0
