"time","AMPA","NMDA","GABAa"
0.0,0.0,0.0,0.0
0.05,0.0,0.0,0.0
0.1,0.0,0.0,0.0
0.15,0.0,0.0,0.0
0.2,0.0,0.0,0.0
0.25,0.0,0.0,0.0
0.3,0.0,0.0,0.0
0.35,0.0,0.0,0.0
0.4,0.0,0.0,0.0
0.45,0.0,0.0,0.0
0.5,0.0,0.0,0.0
0.55,0.0,0.0,0.0
0.6,0.0,0.0,0.0
0.65,0.0,0.0,0.0
0.7,0.0,0.0,0.0
0.75,0.0,0.0,0.0
0.8,0.0,0.0,0.0
0.85,0.0,0.0,0.0
0.9,0.0,0.0,0.0
0.95,0.0,0.0,0.0
1.0,0.0,0.0,0.0
1.05,0.0,0.0,0.0
1.1,0.0,0.0,0.0
1.15,0.0,0.0,0.0
1.2,0.0,0.0,0.0
1.25,0.0,0.0,0.0
1.3,0.0,0.0,0.0
1.35,0.0,0.0,0.0
1.4,0.0,0.0,0.0
1.45,0.0,0.0,0.0
1.5,0.0,0.0,0.0
1.55,0.0,0.0,0.0
1.6,0.0,0.0,0.0
1.65,0.0,0.0,0.0
1.7,0.0,0.0,0.0
1.75,0.0,0.0,0.0
1.8,0.0,0.0,0.0
1.85,0.0,0.0,0.0
1.9,0.0,0.0,0.0
1.95,0.0,0.0,0.0
2.0,0.0,0.0,0.0
2.05,0.0,0.0,0.0
2.1,0.0,0.0,0.0
2.15,0.0,0.0,0.0
2.2,0.0,0.0,0.0
2.25,0.0,0.0,0.0
2.3,0.0,0.0,0.0
2.35,0.0,0.0,0.0
2.4,0.0,0.0,0.0
2.45,0.0,0.0,0.0
2.5,0.0,0.0,0.0
2.55,0.0,0.0,0.0
2.6,0.0,0.0,0.0
2.65,0.0,0.0,0.0
2.7,0.0,0.0,0.0
2.75,0.0,0.0,0.0
2.8,0.0,0.0,0.0
2.85,0.0,0.0,0.0
2.9,0.0,0.0,0.0
2.95,0.0,0.0,0.0
3.0,0.0,0.0,0.0
3.05,0.0,0.0,0.0
3.1,0.0,0.0,0.0
3.15,0.0,0.0,0.0
3.2,0.0,0.0,0.0
3.25,0.0,0.0,0.0
3.3,0.0,0.0,0.0
3.35,0.0,0.0,0.0
3.4,0.0,0.0,0.0
3.45,0.0,0.0,0.0
3.5,0.0,0.0,0.0
3.55,0.0,0.0,0.0
3.6,0.0,0.0,0.0
3.65,0.0,0.0,0.0
3.7,0.0,0.0,0.0
3.75,0.0,0.0,0.0
3.8,0.0,0.0,0.0
3.85,0.0,0.0,0.0
3.9,0.0,0.0,0.0
3.95,0.0,0.0,0.0
4.0,0.0,0.0,0.0
4.05,0.0,0.0,0.0
4.1,0.0,0.0,0.0
4.15,0.0,0.0,0.0
4.2,0.0,0.0,0.0
4.25,0.0,0.0,0.0
4.3,0.0,0.0,0.0
4.35,0.0,0.0,0.0
4.4,0.0,0.0,0.0
4.45,0.0,0.0,0.0
4.5,0.0,0.0,0.0
4.55,0.0,0.0,0.0
4.6,0.0,0.0,0.0
4.65,0.0,0.0,0.0
4.7,0.0,0.0,0.0
4.75,0.0,0.0,0.0
4.8,0.0,0.0,0.0
4.85,0.0,0.0,0.0
4.9,0.0,0.0,0.0
4.95,0.0,0.0,0.0
5.0,0.0,0.0,0.0
5.05,0.0,0.0,0.0
5.1,0.0,0.0,0.0
5.15,0.0,0.0,0.0
5.2,0.0,0.0,0.0
5.25,0.0,0.0,0.0
5.3,0.0,0.0,0.0
5.35,0.0,0.0,0.0
5.4,0.0,0.0,0.0
5.45,0.0,0.0,0.0
5.5,0.0,0.0,0.0
5.55,0.0,0.0,0.0
5.6,0.0,0.0,0.0
5.65,0.0,0.0,0.0
5.7,0.0,0.0,0.0
5.75,0.0,0.0,0.0
5.8,0.0,0.0,0.0
5.85,0.0,0.0,0.0
5.9,0.0,0.0,0.0
5.95,0.0,0.0,0.0
6.0,0.0,0.0,0.0
6.05,0.0,0.0,0.0
6.1,0.0,0.0,0.0
6.15,0.0,0.0,0.0
6.2,0.0,0.0,0.0
6.25,0.0,0.0,0.0
6.3,0.0,0.0,0.0
6.35,0.0,0.0,0.0
6.4,0.0,0.0,0.0
6.45,0.0,0.0,0.0
6.5,0.0,0.0,0.0
6.55,0.0,0.0,0.0
6.6,0.0,0.0,0.0
6.65,0.0,0.0,0.0
6.7,0.0,0.0,0.0
6.75,0.0,0.0,0.0
6.8,0.0,0.0,0.0
6.85,0.0,0.0,0.0
6.9,0.0,0.0,0.0
6.95,0.0,0.0,0.0
7.0,0.0,0.0,0.0
7.05,0.0,0.0,0.0
7.1,0.0,0.0,0.0
7.15,0.0,0.0,0.0
7.2,0.0,0.0,0.0
7.25,0.0,0.0,0.0
7.3,0.0,0.0,0.0
7.35,0.0,0.0,0.0
7.4,0.0,0.0,0.0
7.45,0.0,0.0,0.0
7.5,0.0,0.0,0.0
7.55,0.0,0.0,0.0
7.6,0.0,0.0,0.0
7.65,0.0,0.0,0.0
7.7,0.0,0.0,0.0
7.75,0.0,0.0,0.0
7.8,0.0,0.0,0.0
7.85,0.0,0.0,0.0
7.9,0.0,0.0,0.0
7.95,0.0,0.0,0.0
8.0,0.0,0.0,0.0
8.05,0.0,0.0,0.0
8.1,0.0,0.0,0.0
8.15,0.0,0.0,0.0
8.2,0.0,0.0,0.0
8.25,0.0,0.0,0.0
8.3,0.0,0.0,0.0
8.35,0.0,0.0,0.0
8.4,0.0,0.0,0.0
8.45,0.0,0.0,0.0
8.5,0.0,0.0,0.0
8.55,0.0,0.0,0.0
8.6,0.0,0.0,0.0
8.65,0.0,0.0,0.0
8.7,0.0,0.0,0.0
8.75,0.0,0.0,0.0
8.8,0.0,0.0,0.0
8.85,0.0,0.0,0.0
8.9,0.0,0.0,0.0
8.95,0.0,0.0,0.0
9.0,0.0,0.0,0.0
9.05,0.0,0.0,0.0
9.1,0.0,0.0,0.0
9.15,0.0,0.0,0.0
9.2,0.0,0.0,0.0
9.25,0.0,0.0,0.0
9.3,0.0,0.0,0.0
9.35,0.0,0.0,0.0
9.4,0.0,0.0,0.0
9.45,0.0,0.0,0.0
9.5,0.0,0.0,0.0
9.55,0.0,0.0,0.0
9.6,0.0,0.0,0.0
9.65,0.0,0.0,0.0
9.7,0.0,0.0,0.0
9.75,0.0,0.0,0.0
9.8,0.0,0.0,0.0
9.85,0.0,0.0,0.0
9.9,0.0,0.0,0.0
9.95,0.0,0.0,0.0
10.0,0.0,0.0,0.0
10.05,0.0,0.0,0.0
10.1,0.0,0.0,0.0
10.15,0.0,0.0,0.0
10.2,0.0,0.0,0.0
10.25,0.0,0.0,0.0
10.3,0.0,0.0,0.0
10.35,0.0,0.0,0.0
10.4,0.0,0.0,0.0
10.45,0.0,0.0,0.0
10.5,0.0,0.0,0.0
10.55,0.0,0.0,0.0
10.6,0.0,0.0,0.0
10.65,0.0,0.0,0.0
10.7,0.0,0.0,0.0
10.75,0.0,0.0,0.0
10.8,0.0,0.0,0.0
10.85,0.0,0.0,0.0
10.9,0.0,0.0,0.0
10.95,0.0,0.0,0.0
11.0,0.0,0.0,0.0
11.05,0.0,0.0,0.0
11.1,0.0,0.0,0.0
11.15,0.0,0.0,0.0
11.2,0.0,0.0,0.0
11.25,0.0,0.0,0.0
11.3,0.0,0.0,0.0
11.35,0.0,0.0,0.0
11.4,0.0,0.0,0.0
11.45,0.0,0.0,0.0
11.5,0.0,0.0,0.0
11.55,0.0,0.0,0.0
11.6,0.0,0.0,0.0
11.65,0.0,0.0,0.0
11.7,0.0,0.0,0.0
11.75,0.0,0.0,0.0
11.8,0.0,0.0,0.0
11.85,0.0,0.0,0.0
11.9,0.0,0.0,0.0
11.95,0.0,0.0,0.0
12.0,0.0,0.0,0.0
12.05,0.0,0.0,0.0
12.1,0.0,0.0,0.0
12.15,0.0,0.0,0.0
12.2,0.0,0.0,0.0
12.25,0.0,0.0,0.0
12.3,0.0,0.0,0.0
12.35,0.0,0.0,0.0
12.4,0.0,0.0,0.0
12.45,0.0,0.0,0.0
12.5,0.0,0.0,0.0
12.55,0.0,0.0,0.0
12.6,0.0,0.0,0.0
12.65,0.0,0.0,0.0
12.7,0.0,0.0,0.0
12.75,0.0,0.0,0.0
12.8,0.0,0.0,0.0
12.85,0.0,0.0,0.0
12.9,0.0,0.0,0.0
12.95,0.0,0.0,0.0
13.0,0.0,0.0,0.0
13.05,0.0,0.0,0.0
13.1,0.0,0.0,0.0
13.15,0.0,0.0,0.0
13.2,0.0,0.0,0.0
13.25,0.0,0.0,0.0
13.3,0.0,0.0,0.0
13.35,0.0,0.0,0.0
13.4,0.0,0.0,0.0
13.45,0.0,0.0,0.0
13.5,0.0,0.0,0.0
13.55,0.0,0.0,0.0
13.6,0.0,0.0,0.0
13.65,0.0,0.0,0.0
13.7,0.0,0.0,0.0
13.75,0.0,0.0,0.0
13.8,0.0,0.0,0.0
13.85,0.0,0.0,0.0
13.9,0.0,0.0,0.0
13.95,0.0,0.0,0.0
14.0,0.0,0.0,0.0
14.05,0.0,0.0,0.0
14.1,0.0,0.0,0.0
14.15,0.0,0.0,0.0
14.2,0.0,0.0,0.0
14.25,0.0,0.0,0.0
14.3,0.0,0.0,0.0
14.35,0.0,0.0,0.0
14.4,0.0,0.0,0.0
14.45,0.0,0.0,0.0
14.5,0.0,0.0,0.0
14.55,0.0,0.0,0.0
14.6,0.0,0.0,0.0
14.65,0.0,0.0,0.0
14.7,0.0,0.0,0.0
14.75,0.0,0.0,0.0
14.8,0.0,0.0,0.0
14.85,0.0,0.0,0.0
14.9,0.0,0.0,0.0
14.95,0.0,0.0,0.0
15.0,0.0,0.0,0.0
15.05,0.0,0.0,0.0
15.1,0.0,0.0,0.0
15.15,0.0,0.0,0.0
15.2,0.0,0.0,0.0
15.25,0.0,0.0,0.0
15.3,0.0,0.0,0.0
15.35,0.0,0.0,0.0
15.4,0.0,0.0,0.0
15.45,0.0,0.0,0.0
15.5,0.0,0.0,0.0
15.55,0.0,0.0,0.0
15.6,0.0,0.0,0.0
15.65,0.0,0.0,0.0
15.7,0.0,0.0,0.0
15.75,0.0,0.0,0.0
15.8,0.0,0.0,0.0
15.85,0.0,0.0,0.0
15.9,0.0,0.0,0.0
15.95,0.0,0.0,0.0
16.0,0.0,0.0,0.0
16.05,0.0,0.0,0.0
16.1,0.0,0.0,0.0
16.15,0.0,0.0,0.0
16.2,0.0,0.0,0.0
16.25,0.0,0.0,0.0
16.3,0.0,0.0,0.0
16.35,0.0,0.0,0.0
16.4,0.0,0.0,0.0
16.45,0.0,0.0,0.0
16.5,0.0,0.0,0.0
16.55,0.0,0.0,0.0
16.6,0.0,0.0,0.0
16.65,0.0,0.0,0.0
16.7,0.0,0.0,0.0
16.75,0.0,0.0,0.0
16.8,0.0,0.0,0.0
16.85,0.0,0.0,0.0
16.9,0.0,0.0,0.0
16.95,0.0,0.0,0.0
17.0,0.0,0.0,0.0
17.05,0.0,0.0,0.0
17.1,0.0,0.0,0.0
17.15,0.0,0.0,0.0
17.2,0.0,0.0,0.0
17.25,0.0,0.0,0.0
17.3,0.0,0.0,0.0
17.35,0.0,0.0,0.0
17.4,0.0,0.0,0.0
17.45,0.0,0.0,0.0
17.5,0.0,0.0,0.0
17.55,0.0,0.0,0.0
17.6,0.0,0.0,0.0
17.65,0.0,0.0,0.0
17.7,0.0,0.0,0.0
17.75,0.0,0.0,0.0
17.8,0.0,0.0,0.0
17.85,0.0,0.0,0.0
17.9,0.0,0.0,0.0
17.95,0.0,0.0,0.0
18.0,0.0,0.0,0.0
18.05,0.0,0.0,0.0
18.1,0.0,0.0,0.0
18.15,0.0,0.0,0.0
18.2,0.0,0.0,0.0
18.25,0.0,0.0,0.0
18.3,0.0,0.0,0.0
18.35,0.0,0.0,0.0
18.4,0.0,0.0,0.0
18.45,0.0,0.0,0.0
18.5,0.0,0.0,0.0
18.55,0.0,0.0,0.0
18.6,0.0,0.0,0.0
18.65,0.0,0.0,0.0
18.7,0.0,0.0,0.0
18.75,0.0,0.0,0.0
18.8,0.0,0.0,0.0
18.85,0.0,0.0,0.0
18.9,0.0,0.0,0.0
18.95,0.0,0.0,0.0
19.0,0.0,0.0,0.0
19.05,0.0,0.0,0.0
19.1,0.0,0.0,0.0
19.15,0.0,0.0,0.0
19.2,0.0,0.0,0.0
19.25,0.0,0.0,0.0
19.3,0.0,0.0,0.0
19.35,0.0,0.0,0.0
19.4,0.0,0.0,0.0
19.45,0.0,0.0,0.0
19.5,0.0,0.0,0.0
19.55,0.0,0.0,0.0
19.6,0.0,0.0,0.0
19.65,0.0,0.0,0.0
19.7,0.0,0.0,0.0
19.75,0.0,0.0,0.0
19.8,0.0,0.0,0.0
19.85,0.0,0.0,0.0
19.9,0.0,0.0,0.0
19.95,0.0,0.0,0.0
20.0,0.0,0.0,0.0
20.05,0.0,0.0,0.0
20.1,0.0,0.0,0.0
20.15,0.0,0.0,0.0
20.2,0.0,0.0,0.0
20.25,0.0,0.0,0.0
20.3,0.0,0.0,0.0
20.35,0.0,0.0,0.0
20.4,0.0,0.0,0.0
20.45,0.0,0.0,0.0
20.5,0.0,0.0,0.0
20.55,0.0,0.0,0.0
20.6,0.0,0.0,0.0
20.65,0.0,0.0,0.0
20.7,0.0,0.0,0.0
20.75,0.0,0.0,0.0
20.8,0.0,0.0,0.0
20.85,0.0,0.0,0.0
20.9,0.0,0.0,0.0
20.95,0.0,0.0,0.0
21.0,0.0,0.0,0.0
21.05,0.0,0.0,0.0
21.1,0.0,0.0,0.0
21.15,0.0,0.0,0.0
21.2,0.0,0.0,0.0
21.25,0.0,0.0,0.0
21.3,0.0,0.0,0.0
21.35,0.0,0.0,0.0
21.4,0.0,0.0,0.0
21.45,0.0,0.0,0.0
21.5,0.0,0.0,0.0
21.55,0.0,0.0,0.0
21.6,0.0,0.0,0.0
21.65,0.0,0.0,0.0
21.7,0.0,0.0,0.0
21.75,0.0,0.0,0.0
21.8,0.0,0.0,0.0
21.85,0.0,0.0,0.0
21.9,0.0,0.0,0.0
21.95,0.0,0.0,0.0
22.0,0.0,0.0,0.0
22.05,0.0,0.0,0.0
22.1,0.0,0.0,0.0
22.15,0.0,0.0,0.0
22.2,0.0,0.0,0.0
22.25,0.0,0.0,0.0
22.3,0.0,0.0,0.0
22.35,0.0,0.0,0.0
22.4,0.0,0.0,0.0
22.45,0.0,0.0,0.0
22.5,0.0,0.0,0.0
22.55,0.0,0.0,0.0
22.6,0.0,0.0,0.0
22.65,0.0,0.0,0.0
22.7,0.0,0.0,0.0
22.75,0.0,0.0,0.0
22.8,0.0,0.0,0.0
22.85,0.0,0.0,0.0
22.9,0.0,0.0,0.0
22.95,0.0,0.0,0.0
23.0,0.0,0.0,0.0
23.05,0.0,0.0,0.0
23.1,0.0,0.0,0.0
23.15,0.0,0.0,0.0
23.2,0.0,0.0,0.0
23.25,0.0,0.0,0.0
23.3,0.0,0.0,0.0
23.35,0.0,0.0,0.0
23.4,0.0,0.0,0.0
23.45,0.0,0.0,0.0
23.5,0.0,0.0,0.0
23.55,0.0,0.0,0.0
23.6,0.0,0.0,0.0
23.65,0.0,0.0,0.0
23.7,0.0,0.0,0.0
23.75,0.0,0.0,0.0
23.8,0.0,0.0,0.0
23.85,0.0,0.0,0.0
23.9,0.0,0.0,0.0
23.95,0.0,0.0,0.0
24.0,0.0,0.0,0.0
24.05,0.0,0.0,0.0
24.1,0.0,0.0,0.0
24.15,0.0,0.0,0.0
24.2,0.0,0.0,0.0
24.25,0.0,0.0,0.0
24.3,0.0,0.0,0.0
24.35,0.0,0.0,0.0
24.4,0.0,0.0,0.0
24.45,0.0,0.0,0.0
24.5,0.0,0.0,0.0
24.55,0.0,0.0,0.0
24.6,0.0,0.0,0.0
24.65,0.0,0.0,0.0
24.7,0.0,0.0,0.0
24.75,0.0,0.0,0.0
24.8,0.0,0.0,0.0
24.85,0.0,0.0,0.0
24.9,0.0,0.0,0.0
24.95,0.0,0.0,0.0
25.0,0.0,0.0,0.0
25.05,0.0,0.0,0.0
25.1,0.0,0.0,0.0
25.15,0.0,0.0,0.0
25.2,0.0,0.0,0.0
25.25,0.0,0.0,0.0
25.3,0.0,0.0,0.0
25.35,0.0,0.0,0.0
25.4,0.0,0.0,0.0
25.45,0.0,0.0,0.0
25.5,0.0,0.0,0.0
25.55,0.0,0.0,0.0
25.6,0.0,0.0,0.0
25.65,0.0,0.0,0.0
25.7,0.0,0.0,0.0
25.75,0.0,0.0,0.0
25.8,0.0,0.0,0.0
25.85,0.0,0.0,0.0
25.9,0.0,0.0,0.0
25.95,0.0,0.0,0.0
26.0,0.0,0.0,0.0
26.05,0.0,0.0,0.0
26.1,0.0,0.0,0.0
26.15,0.0,0.0,0.0
26.2,0.0,0.0,0.0
26.25,0.0,0.0,0.0
26.3,0.0,0.0,0.0
26.35,0.0,0.0,0.0
26.4,0.0,0.0,0.0
26.45,0.0,0.0,5.70432590052e-18
26.5,0.0,0.0,7.70856400236e-06
26.55,0.0,0.0,1.36582583061e-05
26.6,0.0,0.0,1.82504010673e-05
26.65,0.0,0.0,2.17947434661e-05
26.7,0.0,0.0,2.45303618898e-05
26.75,0.0,0.0,2.66417833522e-05
26.8,0.0,0.0,2.82714317216e-05
26.85,0.0,0.0,2.95292341958e-05
26.9,0.0,0.0,3.05000359391e-05
26.95,0.0,0.0,3.12493229701e-05
27.0,0.0,0.0,3.95361837529e-05
27.05,0.0,0.0,5.36407883642e-05
27.1,0.0,0.0,7.99442561679e-05
27.15,0.0,0.0,0.000100246026644
27.2,0.0,0.0,0.000115915499193
27.25,0.0,0.0,0.000128009622799
27.3,0.0,0.0,0.000137344185764
27.35,0.0,0.0,0.000152257403927
27.4,0.0,0.0,0.000163767828773
27.45,0.0,0.0,0.000172595665257
27.5,0.0,0.0,0.000179108862188
27.55,0.0,0.0,0.000184070021315
27.6,0.0,0.0,0.000187833842127
27.65,0.0,0.0,0.000190674149563
27.7,0.0,0.0,0.000192802234961
27.75,0.0,0.0,0.000194381174782
27.8,0.0,0.0,0.000203245395607
27.85,0.0,0.0,0.000210024583875
27.9,0.0,0.0,0.000222903620671
27.95,0.0,0.0,0.000232726468393
28.0,0.0,0.0,0.000247599533215
28.05,0.0,0.0,0.000258540152587
28.1,0.0,0.0,0.000266192926611
28.15,0.0,0.0,0.00027177865648
28.2,0.0,0.0,0.000275771821662
28.25,0.0,0.0,0.000278538615741
28.3,0.0,0.0,0.000280305422652
28.35,0.0,0.0,0.000281059082372
28.4,0.0,0.0,0.000281267951619
28.45,0.0,0.0,0.00028105966264
28.5,0.0,0.0,0.000280533233149
28.55,0.0,0.0,0.000279764365926
28.6,0.0,0.0,0.000278811957871
28.65,0.0,0.0,0.000277720591082
28.7,0.0,0.0,0.000276525125659
28.75,0.0,0.0,0.000275196228704
28.8,0.0,0.0,0.000273523323744
28.85,0.0,0.0,0.000271766529314
28.9,0.0,0.0,0.00026970425376
28.95,0.0,0.0,0.000267588044649
29.0,0.0,0.0,0.000265190764966
29.05,0.0,0.0,0.000262814976519
29.1,0.0,0.0,0.000260460766312
29.15,0.0,0.0,0.000258127385462
29.2,0.0,0.0,0.000255814652537
29.25,0.0,0.0,0.000253522387657
29.3,0.0,0.0,0.000251250715935
29.35,0.0,0.0,0.00024899942839
29.4,0.0,0.0,0.000246768370397
29.45,0.0,0.0,0.00024455705881
29.5,0.0,0.0,0.000242366110149
29.55,0.0,0.0,0.000240194802997
29.6,0.0,0.0,0.000238043216872
29.65,0.0,0.0,0.000235910667346
29.7,0.0,0.0,0.000233796988603
29.75,0.0,0.0,0.000231702016244
29.8,0.0,0.0,0.000229625864615
29.85,0.0,0.0,0.00022756834272
29.9,0.0,0.0,0.000225529309244
29.95,0.0,0.0,0.000223508322625
30.0,0.0,0.0,0.000221505946318
30.05,0.0,0.0,0.000219521520999
30.1,0.0,0.0,0.000217555119342
30.15,0.0,0.0,0.000215606115825
30.2,0.0,0.0,0.000213674358907
30.25,0.0,0.0,0.000211759698336
30.3,0.0,0.0,0.000210091506491
30.35,0.0,0.0,0.000210305226906
30.4,0.0,0.0,0.000210107859018
30.45,0.0,0.0,0.0002095962108
30.5,0.0,0.0,0.000208845832266
30.55,0.0,0.0,0.000207914039232
30.6,0.0,0.0,0.000206845605214
30.65,0.0,0.0,0.000205674468648
30.7,0.0,0.0,0.000204427130739
30.75,0.0,0.0,0.000203124019187
30.8,0.0,0.0,0.000201780874191
30.85,0.0,0.0,0.000200410025196
30.9,0.0,0.0,0.000199020825223
30.95,0.0,0.0,0.000197620212947
31.0,0.0,0.0,0.000204082821467
31.05,0.0,0.0,0.000212416639254
31.1,0.0,0.0,0.000218564501965
31.15,0.0,0.0,0.000223027391605
31.2,0.0,0.0,0.000226192265857
31.25,0.0,0.0,0.000228357769715
31.3,0.0,0.0,0.000229740771757
31.35,0.0,0.0,0.000230234053068
31.4,0.0,0.0,0.000230443322491
31.45,0.0,0.0,0.000233829200398
31.5,0.0,0.0,0.00023614847839
31.55,0.0,0.0,0.000237646836945
31.6,0.0,0.0,0.000238514532702
31.65,0.0,0.0,0.000239053491421
31.7,0.0,0.0,0.000242961178707
31.75,0.0,0.0,0.000245892656958
31.8,0.0,0.0,0.000251504528636
31.85,0.0,0.0,0.000255628442132
31.9,0.0,0.0,0.000258784053037
31.95,0.0,0.0,0.00026416664436
32.0,0.0,0.0,0.000267830806406
32.05,0.0,0.0,0.000270129535073
32.1,0.0,0.0,0.000271612095182
32.15,0.0,0.0,0.000272467042141
32.2,0.0,0.0,0.000272840131487
32.25,0.0,0.0,0.000272843860658
32.3,0.0,0.0,0.000272706098154
32.35,0.0,0.0,0.0002764672014
32.4,0.0,0.0,0.000279098611802
32.45,0.0,0.0,0.000280584268372
32.5,0.0,0.0,0.000281580605085
32.55,0.0,0.0,0.000285785041047
32.6,0.0,0.0,0.000288895833686
32.65,0.0,0.0,0.00029533754157
32.7,0.0,0.0,0.00029977370162
32.75,0.0,0.0,0.00030287338923
32.8,0.0,0.0,0.000304668620676
32.85,0.0,0.0,0.000305695286628
32.9,0.0,0.0,0.000306108641431
32.95,0.0,0.0,0.000305773552177
33.0,0.0,0.0,0.000305099429557
33.05,0.0,0.0,0.000304167362762
33.1,0.0,0.0,0.000303039647231
33.15,0.0,0.0,0.000301764528862
33.2,0.0,0.0,0.00030037954273
33.25,0.0,0.0,0.000298913068497
33.3,0.0,0.0,0.00029735751402
33.35,0.0,0.0,0.000295465335206
33.4,0.0,0.0,0.000293551877884
33.45,0.0,0.0,0.000291626591989
33.5,0.0,0.0,0.000289668922814
33.55,0.0,0.0,0.000287415796338
33.6,0.0,0.0,0.00028514229835
33.65,0.0,0.0,0.000282587612067
33.7,0.0,0.0,0.000280055812539
33.75,0.0,0.0,0.000277546418848
33.8,0.0,0.0,0.000275059514214
33.85,0.0,0.0,0.000272810577429
33.9,0.0,0.0,0.000272805069836
33.95,0.0,0.0,0.000272312479862
34.0,0.0,0.0,0.000271447851748
34.05,0.0,0.0,0.000270300899776
34.1,0.0,0.0,0.00026893986857
34.15,0.0,0.0,0.000267418121959
34.2,0.0,0.0,0.00026577652007
34.25,0.0,0.0,0.000264264577766
34.3,0.0,0.0,0.00026483854605
34.35,0.0,0.0,0.000264874546131
34.4,0.0,0.0,0.000264498554251
34.45,0.0,0.0,0.000263808411168
34.5,0.0,0.0,0.000262879139082
34.55,0.0,0.0,0.00026176930311
34.6,0.0,0.0,0.000260523195443
34.65,0.0,0.0,0.000259175636674
34.7,0.0,0.0,0.000257753206331
34.75,0.0,0.0,0.00025627619195
34.8,0.0,0.0,0.000254760632732
34.85,0.0,0.0,0.00025338495432
34.9,0.0,0.0,0.000254759915249
34.95,0.0,0.0,0.000255429037024
35.0,0.0,0.0,0.000255556659516
35.05,0.0,0.0,0.000255425261864
35.1,0.0,0.0,0.000258731134515
35.15,0.0,0.0,0.000260938164765
35.2,0.0,0.0,0.000262300139047
35.25,0.0,0.0,0.000262997039669
35.3,0.0,0.0,0.000262897596518
35.35,0.0,0.0,0.000262422252195
35.4,0.0,0.0,0.000261660421741
35.45,0.0,0.0,0.000260680954086
35.5,0.0,0.0,0.000259536807633
35.55,0.0,0.0,0.000258269227057
35.6,0.0,0.0,0.000256909590101
35.65,0.0,0.0,0.00025548252207
35.7,0.0,0.0,0.000254006765641
35.75,0.0,0.0,0.00025249659287
35.8,0.0,0.0,0.000250963642758
35.85,0.0,0.0,0.000249393817859
35.9,0.0,0.0,0.000247519579396
35.95,0.0,0.0,0.000245820145342
36.0,0.0,0.0,0.000247476418152
36.05,0.0,0.0,0.000248543976925
36.1,0.0,0.0,0.000251457839231
36.15,0.0,0.0,0.000253551807817
36.2,0.0,0.0,0.000256394354657
36.25,0.0,0.0,0.000258251523231
36.3,0.0,0.0,0.000259351408229
36.35,0.0,0.0,0.000259869729258
36.4,0.0,0.0,0.000259942263068
36.45,0.0,0.0,0.000259673565254
36.5,0.0,0.0,0.000259321674665
36.55,0.0,0.0,0.000261961570114
36.6,0.0,0.0,0.000263721723593
36.65,0.0,0.0,0.000264805091676
36.7,0.0,0.0,0.000265368690889
36.75,0.0,0.0,0.000265533408747
36.8,0.0,0.0,0.000265392906581
36.85,0.0,0.0,0.000265019175242
36.9,0.0,0.0,0.00026446792013
36.95,0.0,0.0,0.000263757484835
37.0,0.0,0.0,0.000262649223956
37.05,0.0,0.0,0.000261451758082
37.1,0.0,0.0,0.000260196886013
37.15,0.0,0.0,0.000266926240671
37.2,0.0,0.0,0.000271501885631
37.25,0.0,0.0,0.000274653863521
37.3,0.0,0.0,0.000276710605373
37.35,0.0,0.0,0.000278133940201
37.4,0.0,0.0,0.000281298451147
37.45,0.0,0.0,0.000283420175536
37.5,0.0,0.0,0.000284716801318
37.55,0.0,0.0,0.000285232636107
37.6,0.0,0.0,0.000289632333742
37.65,0.0,0.0,0.000292681755757
37.7,0.0,0.0,0.00029469239066
37.75,0.0,0.0,0.000295904055848
37.8,2.15993889441e-16,3.66029305835e-17,0.000296502064248
37.85,7.98808329398e-05,8.47236314769e-07,0.000296629420148
37.9,0.000154795669012,1.70475374944e-06,0.000296396699385
37.95,0.000225014975925,2.58414805939e-06,0.000295888818609
38.0,0.000290858642113,3.49846456982e-06,0.000295171747421
38.05,0.000352584904326,4.46504952708e-06,0.000294296183593
38.1,0.000410455746042,5.48746796471e-06,0.000293242862201
38.15,0.000464716135727,6.58384614164e-06,0.000291510544579
38.2,0.000515579515886,7.76205285874e-06,0.000289727813762
38.25,0.000563276984045,9.02942957846e-06,0.000287909899739
38.3,0.000607981383207,1.04014457201e-05,0.00028606874279
38.35,0.000649906537145,1.18786405791e-05,0.000284196100312
38.4,0.000689200848768,1.34760171935e-05,0.000282253394189
38.45,0.000726049451571,1.5200958262e-05,0.000282048813094
38.5,0.000760591125661,1.70544336695e-05,0.000281453608446
38.55,0.000792977848746,1.90512529335e-05,0.000280529334726
38.6,0.000823341679847,2.11892824331e-05,0.000279085592515
38.65,0.000851806773347,2.348088615e-05,0.000277480164906
38.7,0.000878498043473,2.59319308359e-05,0.000275754070632
38.75,0.000903516346367,2.85400958174e-05,0.00027418209541
38.8,0.000903516346367,2.9808657414e-05,0.000274059713149
38.85,0.000894975715403,3.10539810473e-05,0.000273543755019
38.9,0.000886515592469,3.22665171868e-05,0.000272728254789
38.95,0.000878135221,3.34447914549e-05,0.000271684859225
39.0,0.000869833851517,3.45871524081e-05,0.000270687873711
39.05,0.000861610741559,3.56910646633e-05,0.000271701193385
39.1,0.00085346515562,3.67502669304e-05,0.000272128498489
39.15,0.000845396365081,3.77637895851e-05,0.000272106626413
39.2,0.00083740364815,3.87329094758e-05,0.000271740744033
39.25,0.000829486289792,3.96586226852e-05,0.000271112433765
39.3,0.000821643581674,4.05416793383e-05,0.000270284632775
39.35,0.000813874822093,4.13829773663e-05,0.0002695072805
39.4,0.000806179315925,4.21838249569e-05,0.00027118277519
39.45,0.000798556374553,4.29310493095e-05,0.000271883980337
39.5,0.000791005315814,4.3631784045e-05,0.000272071562732
39.55,0.000783525463936,4.42880280035e-05,0.000271865841366
39.6,0.000776116149476,4.49025921446e-05,0.000271360122944
39.65,0.000768776709266,4.54782034853e-05,0.000270626082723
39.7,0.000761506486349,4.60171880424e-05,0.000269957501004
39.75,0.000754304829926,4.6520251575e-05,0.00027076680912
39.8,0.000747171095295,4.6980250109e-05,0.000270806259554
39.85,0.00074010834251,4.7402438144e-05,0.000270489862772
39.9,0.000733112166575,4.77908030728e-05,0.000269902039528
39.95,0.000726181941843,4.81480460031e-05,0.000269107950635
40.0,0.000719317048525,4.84752169842e-05,0.000268141819085
40.05,0.000712516872636,4.8776840536e-05,0.000266902551937
40.1,0.000705780805942,4.90531020404e-05,0.000269646857615
40.15,0.000699108245907,4.92837607085e-05,0.000271402266406
40.2,0.000692498595635,4.94742759071e-05,0.000272397261432
40.25,0.000685951263825,4.96318719304e-05,0.000272808527737
40.3,0.000679465664711,4.97620014824e-05,0.000272772723366
40.35,0.000673041218017,4.98677744487e-05,0.000272578901464
40.4,0.0006666773489,4.99513932042e-05,0.000274364009195
40.45,0.000660373487905,5.00019277163e-05,0.000275375850343
40.5,0.00065412907091,5.00257547817e-05,0.000275793883178
40.55,0.000647943539079,5.00278720846e-05,0.000275757115994
40.6,0.00064181633881,5.00121997977e-05,0.000275372635624
40.65,0.00063574692169,4.99818207747e-05,0.000274722860893
40.7,0.000629734744443,4.99391678807e-05,0.000273859455721
40.75,0.000623779268885,4.98862409877e-05,0.000272544017242
40.8,0.000617879961873,4.98263926375e-05,0.000271118859634
40.85,0.000612039353946,4.97607333649e-05,0.00026961242897
40.9,0.000606253802355,4.96901535204e-05,0.000268047167303
40.95,0.000600522789712,4.96153535057e-05,0.000266440087567
41.0,0.000594845803479,4.95368947133e-05,0.000264804064853
41.05,0.000589222335915,4.945523153e-05,0.00026334634078
41.1,0.000583651884036,4.93695405942e-05,0.00026351970593
41.15,0.000578133949568,4.92703185606e-05,0.00026344217941
41.2,0.000572668038903,4.91606918515e-05,0.000265883189678
41.25,0.00056725366306,4.90254353916e-05,0.000267414112233
41.3,0.000561890337634,4.8871231606e-05,0.000268245743804
41.35,0.000556577582759,4.87031929764e-05,0.000268522024399
41.4,0.000551314923066,4.8526086758e-05,0.000268089724772
41.45,0.000546101887637,4.83449325428e-05,0.000267348964911
41.5,0.000540938009967,4.81608315023e-05,0.000266373731248
41.55,0.000535822827921,4.79753515875e-05,0.000265221352184
41.6,0.000530755883693,4.77912675448e-05,0.000263936011224
41.65,0.000525736723768,4.7608040841e-05,0.000262551401149
41.7,0.000520764898879,4.74260376075e-05,0.000261093502271
41.75,0.000515839963969,4.72463317266e-05,0.000259582771477
41.8,0.000510961478151,4.70696969412e-05,0.000258034691867
41.85,0.000506131534079,4.68952285019e-05,0.000256460986185
41.9,0.000501347119345,4.67230765393e-05,0.000254871416083
41.95,0.000496607806094,4.65544169199e-05,0.000253272483893
42.0,0.000491913170475,4.63885014059e-05,0.000251669620047
42.05,0.000487262792608,4.62248358017e-05,0.000250053084922
42.1,0.000482656256547,4.60634574682e-05,0.000248141593274
42.15,0.000478093150238,4.59073132597e-05,0.000246220420062
42.2,0.000473573065489,4.57551124868e-05,0.000244210830776
42.25,0.00046909559793,4.56070420523e-05,0.000244930508638
42.3,0.000464660346981,4.54484311076e-05,0.00024525067754
42.35,0.000460266915811,4.52833075854e-05,0.00024768654064
42.4,0.000455914911309,4.50999950385e-05,0.000249181829337
42.45,0.000451603944045,4.49040026019e-05,0.000249954160726
42.5,0.00044733362824,4.47008857502e-05,0.000250171872084
42.55,0.000443103581725,4.44937914199e-05,0.000249964862214
42.6,0.000438913425914,4.42842332323e-05,0.000249434024906
42.65,0.000434762785769,4.40755289979e-05,0.000248656164605
42.7,0.000430651289765,4.38681790552e-05,0.000247691093991
42.75,0.000426578569857,4.36624725954e-05,0.000246584746437
42.8,0.000422544261451,4.34608979805e-05,0.000245372384406
42.85,0.000418550095083,4.32623929205e-05,0.000244081364673
42.9,0.000414593579619,4.30669776965e-05,0.000242733256408
42.95,0.000410674361237,4.2876693932e-05,0.000241343833941
43.0,0.000406792089431,4.2689900282e-05,0.000239925613362
43.05,0.000402946416978,4.25065010172e-05,0.000238488228069
43.1,0.000399136999906,4.23280604492e-05,0.000237039692591
43.15,0.000395363497465,4.21532145343e-05,0.000235585216205
43.2,0.000391625572095,4.19816115313e-05,0.00023410953587
43.25,0.000387922889401,4.181423647e-05,0.000232554943939
43.3,0.000384255118117,4.16511096714e-05,0.000233186478318
43.35,0.000380621930082,4.14813543871e-05,0.000233028879754
43.4,0.000377023000208,4.13093799446e-05,0.000232501045757
43.45,0.000373458006453,4.11379955569e-05,0.000231690896907
43.5,0.000369926629793,4.0967125387e-05,0.000230666415016
43.55,0.00036642855419,4.07977532022e-05,0.000229480039586
43.6,0.00036296346657,4.06322065079e-05,0.000228172768007
43.65,0.000359531056791,4.04694383659e-05,0.000226852804878
43.7,0.000356131017616,4.03093258633e-05,0.000231201297005
43.75,0.000352763044688,4.01281980596e-05,0.000234193301724
43.8,0.000349426836502,3.99327410012e-05,0.000236141156194
43.85,0.000346123824142,3.97273746209e-05,0.000237470429224
43.9,0.00034285194754,3.95172046482e-05,0.000241209537284
43.95,0.000339610914101,3.92908685452e-05,0.000243783605469
44.0,0.000336400433971,3.90550772949e-05,0.000245461221635
44.05,0.00033322022001,3.88140760928e-05,0.000246449666723
44.1,0.000330069987767,3.85708092594e-05,0.000246909135942
44.15,0.000326949455456,3.83282885309e-05,0.000246962945134
44.2,0.00032385834393,3.80873217208e-05,0.00024670644872
44.25,0.000320796376656,3.78502955125e-05,0.000246197364772
44.3,0.000317763279691,3.76166516657e-05,0.00024520968955
44.35,0.00031475878166,3.7389881463e-05,0.000244091188653
44.4,0.000311782613729,3.71681677351e-05,0.000242874803197
44.45,0.000308834509581,3.69538848423e-05,0.000241585876197
44.5,0.000305914205396,3.67450361935e-05,0.000240244058922
44.55,0.000303021439825,3.65427577538e-05,0.000238864491854
44.6,0.000300155953968,3.63465651577e-05,0.000237459046997
44.65,0.000297317491349,3.61556357308e-05,0.000235994761903
44.7,0.000294505797898,3.59716485941e-05,0.000234229108806
44.75,0.000291720621922,3.5793616514e-05,0.000232468968137
44.8,0.00028896171409,3.56220059004e-05,0.000230716579534
44.85,0.00028623025785,3.54569682988e-05,0.000228951599583
44.9,0.000283524549608,3.52973024767e-05,0.000226900712315
44.95,0.000280844347403,3.51443953684e-05,0.000224867970848
45.0,0.000278189411535,3.49982220652e-05,0.000222853217123
45.05,0.000275559504552,3.48575283421e-05,0.000220856294433
45.1,0.000272954391225,3.47220852224e-05,0.000219056423032
45.15,0.000270373838527,3.45923993651e-05,0.000220419724547
45.2,0.000267817615617,3.44563973863e-05,0.00022108103329
45.25,0.000265285493811,3.43166944069e-05,0.000221204127575
45.3,0.000262777246572,3.41760286466e-05,0.000220915221908
45.35,0.000260292649483,3.40358230667e-05,0.000220480069166
45.4,0.000257831480228,3.38958617748e-05,0.000223647452285
45.45,0.000255393518575,3.37449519265e-05,0.000238241215873
45.5,0.000252978546355,3.35484259461e-05,0.000249262387056
45.55,0.000250586347444,3.33186335852e-05,0.000257528267968
45.6,0.000248216707741,3.30684017136e-05,0.000263669661544
45.65,0.000245869415152,3.28040546987e-05,0.000268173415964
45.7,0.000243544259571,3.25325141246e-05,0.00027141557373
45.75,0.000241241032858,3.22584371629e-05,0.00027368606276
45.8,0.000238959528827,3.19841597337e-05,0.000275208732861
45.85,0.00023670072614,3.17131737241e-05,0.000276269320228
45.9,0.000234463215996,3.14462298262e-05,0.000281955063018
45.95,0.000232246798301,3.11700774334e-05,0.000287728554686
46.0,0.000230051274835,3.08866965922e-05,0.000292039979455
46.05,0.000227876449234,3.06000431952e-05,0.00029522421651
46.1,0.000225722126973,3.0313369868e-05,0.00029751677652
46.15,0.00022358811535,3.00297841167e-05,0.000298843683993
46.2,0.000221474223465,2.97520468812e-05,0.000299662001856
46.25,0.00021938026221,2.94804604027e-05,0.000300089793006
46.3,0.000217306044246,2.92158943056e-05,0.00030021805066
46.35,0.000215251383988,2.89598043921e-05,0.000300091773417
46.4,0.000213216097592,2.87111909238e-05,0.000299404070915
46.45,0.000211200002935,2.84713631694e-05,0.000297706341112
46.5,0.0002092029196,2.8242790619e-05,0.000295937157904
46.55,0.00020722466886,2.80237561317e-05,0.000294116886314
46.6,0.000205265073664,2.78152449773e-05,0.000292261209357
46.65,0.000203323958618,2.76155418202e-05,0.000290382501386
46.7,0.000201401149972,2.74250639036e-05,0.000288685910662
46.75,0.000199496475604,2.72423081274e-05,0.000289695278741
46.8,0.000197609765006,2.70618538379e-05,0.000290082098925
46.85,0.000195741827492,2.68843392753e-05,0.000289956703576
46.9,0.000193891498041,2.6711425533e-05,0.000289162809867
46.95,0.000192058611184,2.65433913901e-05,0.000287801021335
47.0,0.000190243003,2.63822248433e-05,0.00028623999976
47.05,0.000188444511105,2.6226587882e-05,0.000284529718363
47.1,0.000186662974634,2.60781658266e-05,0.000282708708701
47.15,0.00018489823423,2.59353296739e-05,0.000280806950148
47.2,0.000183150132028,2.57986597772e-05,0.000278847043922
47.25,0.000181418511642,2.56680608664e-05,0.000276846770816
47.3,0.00017970321815,2.55425723913e-05,0.000274819540934
47.35,0.000178004098083,2.54230070614e-05,0.000272775785947
47.4,0.000176320999408,2.53085500919e-05,0.000270724315473
47.45,0.000174653771516,2.51986420471e-05,0.000268671606959
47.5,0.000173002265211,2.50938011492e-05,0.000266621206828
47.55,0.000171366332693,2.49935865393e-05,0.000264576713811
47.6,0.000169745827546,2.48973464605e-05,0.000262540869568
47.65,0.000168140604728,2.48049134914e-05,0.00026070000428
47.7,0.000166550520556,2.47167691113e-05,0.000261873057836
47.75,0.00016497543269,2.46266887107e-05,0.000262071100549
47.8,0.000163415200128,2.45364133181e-05,0.000261755653192
47.85,0.000161870492139,2.44469111157e-05,0.000261048025391
47.9,0.000160340345299,2.43596808596e-05,0.000260042344445
47.95,0.000158824622771,2.42743110973e-05,0.000258811312729
48.0,0.000157323189,2.41910499381e-05,0.000257637252108
48.05,0.0001558359097,2.41097348968e-05,0.000258241149688
48.1,0.000154362651842,2.40282803216e-05,0.000258313107394
48.15,0.000152903283646,2.39467846463e-05,0.000257978220353
48.2,0.000151457674563,2.38658839066e-05,0.000257332586188
48.25,0.000150025695268,2.37860666306e-05,0.000256450986851
48.3,0.000148607217648,2.37082901177e-05,0.000255390312359
48.35,0.000147202114789,2.36324156281e-05,0.000254194789562
48.4,0.000145810260966,2.35583518075e-05,0.000252899011559
48.45,0.000144431531633,2.348619601e-05,0.000251529497287
48.5,0.000143065803409,2.34160654615e-05,0.000250105778946
48.55,0.00014171295407,2.33485881963e-05,0.000248643465778
48.6,0.000140372862538,2.3283062962e-05,0.000247154587936
48.65,0.000139045408867,2.32194670351e-05,0.000245626564678
48.7,0.000137730474237,2.31577975529e-05,0.000243791692181
48.75,0.00013642794094,2.30984504607e-05,0.000241959029271
48.8,0.000135137692371,2.30417464402e-05,0.000240348151788
48.85,0.000133860281991,2.2987067387e-05,0.00024093417294
48.9,0.000132594913085,2.29309536958e-05,0.000241028234422
48.95,0.000131341472496,2.28741921086e-05,0.000240745835653
49.0,0.000130099848124,2.28173687375e-05,0.000240352540982
49.05,0.000128869928922,2.27606616475e-05,0.000242288165066
49.1,0.000127651604881,2.2701115392e-05,0.000243411391618
49.15,0.000126444767021,2.26399446486e-05,0.00024391106179
49.2,0.000125249307386,2.25778585632e-05,0.000243932857553
49.25,0.000124065119028,2.25155809639e-05,0.0002437618508
49.3,0.000122892096004,2.24534053852e-05,0.000246619774871
49.35,0.000121730133361,2.23873076991e-05,0.000248508695253
49.4,0.000120579127129,2.23192152868e-05,0.000249652928567
49.45,0.000119438974313,2.22497886529e-05,0.00025022504389
49.5,0.000118309572884,2.21798247794e-05,0.000250358183852
49.55,0.000117190821767,2.21099486319e-05,0.000250155538971
49.6,0.000116082620834,2.20410639569e-05,0.00024969620049
49.65,0.000114984870895,2.19733844479e-05,0.000249041420876
49.7,0.000113897473692,2.19068243606e-05,0.00024823873189
49.75,0.000112820331885,2.18415478252e-05,0.000247324633968
49.8,0.000111753349046,2.17776635873e-05,0.000246310905945
49.85,0.000110696982864,2.1715755317e-05,0.00024493694564
49.9,0.00010965057449,2.16559106804e-05,0.0002435235784
49.95,0.000108614030346,2.1597935207e-05,0.000242082807366
50.0,0.000107587257731,2.1541802999e-05,0.000240603073627
50.05,0.000106570164813,2.14875039085e-05,0.000238815665365
50.1,0.000105562660619,2.14354151365e-05,0.000237029156963
50.15,0.000104564655027,2.1385896431e-05,0.000235246946114
50.2,0.000103576058763,2.13383699553e-05,0.000233471878455
50.25,0.000102596783384,2.12927630959e-05,0.000231681836123
50.3,0.00010162674128,2.12490337142e-05,0.000229606043808
50.35,0.000100665845659,2.12074735169e-05,0.00022754892766
50.4,9.9714010542e-05,2.11679911295e-05,0.000225510356085
50.45,9.87711507572e-05,2.11304995269e-05,0.000223489986231
50.5,9.78371819295e-05,2.10950576035e-05,0.000221487495573
50.55,9.69120204743e-05,2.10616339429e-05,0.00021950328808
50.6,9.59955835904e-05,2.10299432876e-05,0.000217536638427
50.65,9.50877892522e-05,2.09999152136e-05,0.000215587393655
50.7,9.41885562029e-05,2.09714825926e-05,0.000213655634802
50.75,9.32978039468e-05,2.09445811438e-05,0.000211741255094
50.8,9.24154527427e-05,2.09191495083e-05,0.000209844123763
50.85,9.15418810797e-05,2.08951291275e-05,0.000207964061164
50.9,9.06765441167e-05,2.08724648795e-05,0.000206100947028
50.95,8.9819364469e-05,2.08511430224e-05,0.000204254468012
51.0,8.89702654767e-05,2.08311023691e-05,0.000202424329352
51.05,8.8129171198e-05,2.08122654699e-05,0.000200610900246
51.1,8.72960064019e-05,2.07945856072e-05,0.000198813517797
51.15,8.64706965626e-05,2.07780187549e-05,0.000197032042213
51.2,8.56531678517e-05,2.07625228405e-05,0.000195266547555
51.25,8.48433471328e-05,2.07480573981e-05,0.000193516936239
51.3,8.40411619544e-05,2.07345836883e-05,0.000191783088753
51.35,8.32465405436e-05,2.07220646391e-05,0.000190064840913
51.4,8.24594117998e-05,2.07104648184e-05,0.000188362082802
51.45,8.16797052888e-05,2.06997941736e-05,0.000186674528047
51.5,8.09073512358e-05,2.06899702207e-05,0.000185001907252
51.55,8.01422805201e-05,2.06809584075e-05,0.00018334455784
51.6,7.93844246683e-05,2.06727290843e-05,0.000181701873968
51.65,7.86337158486e-05,2.0665254398e-05,0.000180073727876
51.7,7.78900868649e-05,2.06585076661e-05,0.000178460187251
51.75,7.71534711507e-05,2.06524630951e-05,0.000176861162907
51.8,7.64238027631e-05,2.06470959178e-05,0.000175276545619
51.85,7.57013946972e-05,2.06423823681e-05,0.000173706185334
51.9,7.49857963917e-05,2.06383002686e-05,0.000172149981596
51.95,7.42769438526e-05,2.06348277284e-05,0.000170607672678
52.0,7.35747736853e-05,2.06319897614e-05,0.000169079012373
52.05,7.2879223089e-05,2.06297311718e-05,0.00016756430906
52.1,7.21902298509e-05,2.06280288271e-05,0.000166063009042
52.15,7.15077323409e-05,2.06268642266e-05,0.000164574995554
52.2,7.08316695062e-05,2.06262196019e-05,0.000163100330458
52.25,7.01619808658e-05,2.06260776761e-05,0.000161638932244
52.3,6.94986065054e-05,2.06264218057e-05,0.000160190701088
52.35,6.88414870717e-05,2.06272359741e-05,0.000158755499851
52.4,6.81905637675e-05,2.06285048084e-05,0.000157333236724
52.45,6.75457783464e-05,2.06302320675e-05,0.000155923672507
52.5,6.69070731077e-05,2.06324346685e-05,0.000154526582182
52.55,6.62743908912e-05,2.06350497654e-05,0.000153142247588
52.6,6.56476750723e-05,2.06380639755e-05,0.000151770162683
52.65,6.50268695569e-05,2.06414648786e-05,0.000150410220752
52.7,6.44119187766e-05,2.06452405164e-05,0.000149062478333
52.75,6.38027676835e-05,2.06493791798e-05,0.000147726860932
52.8,6.31993617456e-05,2.06538695504e-05,0.000146403277315
52.85,6.26019597971e-05,2.06587007029e-05,0.000145091602148
52.9,6.20101892421e-05,2.06638626179e-05,0.000143791751522
52.95,6.14239971603e-05,2.06693451183e-05,0.000142503506826
53.0,6.08433311269e-05,2.0675138525e-05,0.00014122666241
53.05,6.02681392082e-05,2.06812336242e-05,0.000139961475853
53.1,5.96983699566e-05,2.06876211021e-05,0.00013870748467
53.15,5.91339724069e-05,2.06942923957e-05,0.000137464591329
53.2,5.85748960706e-05,2.07012392379e-05,0.000136232847503
53.25,5.80210909326e-05,2.07084534687e-05,0.000135012185108
53.3,5.7472507446e-05,2.07159271703e-05,0.000133802520764
53.35,5.69290965282e-05,2.07237834287e-05,0.000132603739924
53.4,5.63908095563e-05,2.07319383824e-05,0.000131415765901
53.45,5.58575983629e-05,2.07403338238e-05,0.000130238398899
53.5,5.53294152318e-05,2.07489628609e-05,0.000129071450968
53.55,5.4806212894e-05,2.07578189423e-05,0.000127915157519
53.6,5.42879445232e-05,2.07668953329e-05,0.00012676909587
53.65,5.37745637318e-05,2.07761859126e-05,0.000125633176886
53.7,5.32660245671e-05,2.07856847559e-05,0.000124507447791
53.75,5.27622815067e-05,2.07953859595e-05,0.000123391846361
53.8,5.22632894551e-05,2.08052837716e-05,0.000122286296394
53.85,0.000131650095397,2.20650020117e-05,0.0001211906932
53.9,0.000206075561403,2.34698937218e-05,0.000120104966693
53.95,0.00027581011142,2.502704151e-05,0.000119028934274
54.0,0.000341173590528,2.67480860171e-05,0.000117962424168
54.05,0.00040242419253,2.86519719697e-05,0.000116905651525
54.1,0.00045982385836,3.07406520196e-05,0.000115858230045
54.15,0.000513617514335,3.30381284101e-05,0.000114820078261
54.2,0.000564018561212,3.5553530231e-05,0.000113791239335
54.25,0.000611258055153,3.82981205505e-05,0.000112771656398
54.3,0.00065550879819,4.129420439e-05,0.000111761259806
54.35,0.000696984573506,4.45432198672e-05,0.00011075995388
54.4,0.000735833743801,4.80699602717e-05,0.000109767674567
54.45,0.000772241402737,5.18860155822e-05,0.000108784254982
54.5,0.000806346290963,5.59966945773e-05,0.000107809538137
54.55,0.000838300347096,6.0429489817e-05,0.000106843720663
54.6,0.000868235591433,6.51827241582e-05,0.000105886449508
54.65,0.000896276139999,7.02764668238e-05,0.000104937650218
54.7,0.000922546869018,7.57268193333e-05,0.000103997362239
54.75,0.000947148596987,8.15298360797e-05,0.000103065533597
54.8,0.000946735950952,8.543330869e-05,0.000102142100642
54.85,0.000937786779849,8.93585101227e-05,0.00010122697593
54.9,0.00092892196787,9.32722806215e-05,0.000100320100921
54.95,0.000920140722257,9.71629778944e-05,9.94213230948e-05
55.0,0.000911442257682,0.000101026526803,9.85304989732e-05
55.05,0.000902825796168,0.000104857573042,9.76478082647e-05
55.1,0.000894290567026,0.000108648960006,9.67729283031e-05
55.15,0.000885835806784,0.000112395773893,9.59057910434e-05
55.2,0.000877460759121,0.000116095778551,9.50464325359e-05
55.25,0.000869164674802,0.000119741971632,9.41948052807e-05
55.3,0.000860946811607,0.000123331068841,9.33508511055e-05
55.35,0.00085280643427,0.000126861639794,9.25144900932e-05
55.4,0.000844742814415,0.000130329769031,9.16856687414e-05
55.45,0.000836755230485,0.000133731897116,9.08642476572e-05
55.5,0.000828842967686,0.000137066996532,9.0050095712e-05
55.55,0.000821005317919,0.000140333996466,8.92433771465e-05
55.6,0.000813241579721,0.000143531259424,8.84437970662e-05
55.65,0.000805551058199,0.000146657701597,8.76512932826e-05
55.7,0.000797933064973,0.000149712112021,8.68658987433e-05
55.75,0.000790386918111,0.000152693255028,8.60875700366e-05
55.8,0.000782911942072,0.000155599900963,8.5316253997e-05
55.85,0.000775511343288,0.000158434540495,8.45518775857e-05
55.9,0.00076818050605,0.000161195650768,8.37943919052e-05
55.95,0.000760918774784,0.000163882655194,8.30436695601e-05
56.0,0.000753725500052,0.000166497761111,8.22995907078e-05
56.05,0.000746600038501,0.000169040434755,8.15623054531e-05
56.1,0.000739541752802,0.00017150931278,8.08315442826e-05
56.15,0.000732550011594,0.000173910290953,8.01072503604e-05
56.2,0.000725624189432,0.00017624023678,7.93894537981e-05
56.25,0.000718763666728,0.000178500193102,7.86781149207e-05
56.3,0.000711967829697,0.000180691598704,7.79731851383e-05
56.35,0.000705236070305,0.000182816068374,7.72745976988e-05
56.4,0.000698567786213,0.000184874835632,7.6582307913e-05
56.45,0.000691962380724,0.000186869115298,7.58961993504e-05
56.5,0.000685419262732,0.000188800179523,7.52161624829e-05
56.55,0.000678937846669,0.000190669265002,7.45423344962e-05
56.6,0.000672517552453,0.000192477566578,7.38744690735e-05
56.65,0.000666157805435,0.000194226251266,7.32125142707e-05
56.7,0.000659858036354,0.00019591645332,7.25564976077e-05
56.75,0.000653617681281,0.000197549272808,7.19063828244e-05
56.8,0.00064743618157,0.000199125778909,7.12621255129e-05
56.85,0.000641316188809,0.000200650025796,7.06236646662e-05
56.9,0.000635253885996,0.000202121667394,6.99909594418e-05
56.95,0.000629248730997,0.000203540531688,6.93639034299e-05
57.0,0.000623300186754,0.000204909605209,6.87423965296e-05
57.05,0.000617407721241,0.000206231967325,6.8126564119e-05
57.1,0.000611570807412,0.000207504730592,6.75161810816e-05
57.15,0.000605788923158,0.000208733326484,6.69111999441e-05
57.2,0.000600061551261,0.000209916501408,6.63116458578e-05
57.25,0.000594388179347,0.000211055663918,6.57174856832e-05
57.3,0.000588768299842,0.000212153882291,6.51286788349e-05
57.35,0.000583201409925,0.000213209462346,6.45451695566e-05
57.4,0.000577687011488,0.000214227009963,6.39669205209e-05
57.45,0.000572224611085,0.00021520441713,6.33938344767e-05
57.5,0.000566813719897,0.000216145258496,6.28258199387e-05
57.55,0.000561453853683,0.000217049494082,6.22629914937e-05
57.6,0.000556144532738,0.000217917293306,6.17051434009e-05
57.65,0.000550885281853,0.000218752963141,6.11522322728e-05
57.7,0.000545675630269,0.000219552834371,6.06042810961e-05
57.75,0.000540515111642,0.000220322420032,6.00612595835e-05
57.8,0.000535403263995,0.000221060229491,5.95231306427e-05
57.85,0.000530342280081,0.000221765799683,5.89898433164e-05
57.9,0.000525329003397,0.000222444928924,5.84613634898e-05
57.95,0.00052036298562,0.00022309442285,5.79376022822e-05
58.0,0.000515443782625,0.000223714554503,5.74184760822e-05
58.05,0.000510570954447,0.000224309324588,5.69040896144e-05
58.1,0.000505744065242,0.000224878149209,5.63942548457e-05
58.15,0.000500962683247,0.000225420256652,5.58889321231e-05
58.2,0.000496226380744,0.00022593650734,5.53881424547e-05
58.25,0.000491534734019,0.000226431424442,5.489185816e-05
58.3,0.000486887323331,0.000226902208177,5.44000453394e-05
58.35,0.000482283732866,0.000227349354444,5.39126574211e-05
58.4,0.00047772355071,0.000227773585176,5.34296632268e-05
58.45,0.000473206368804,0.000228177318212,5.29509815255e-05
58.5,0.000468731782913,0.000228560954912,5.24765359023e-05
58.55,0.000464299392591,0.000228923878097,5.20064220681e-05
58.6,0.00045990880114,0.00022926636034,5.15404681736e-05
58.65,0.000455559615583,0.000229588985911,5.10786379788e-05
58.7,0.000451251446621,0.000229892335302,5.06209506836e-05
58.75,0.000446983908607,0.000230179371108,5.016738099e-05
58.8,0.000442756619503,0.000230448044803,4.97178979158e-05
58.85,0.000438571392629,0.00023069884616,4.9272458898e-05
58.9,0.000434425617685,0.000230932260861,4.88310354415e-05
58.95,0.000430318923924,0.000231148737349,4.83935533069e-05
59.0,0.000426250944076,0.000231348706809,4.79599426561e-05
59.05,0.000422221314306,0.000231532583853,4.75302909624e-05
59.1,0.00041822967419,0.000231701218987,4.71044411674e-05
59.15,0.000414275666676,0.000231855638071,4.668236015e-05
59.2,0.00041035893806,0.00023199501366,4.62640654578e-05
59.25,0.000406479137948,0.000232119695819,4.58495339701e-05
59.3,0.00040263591923,0.000232230020079,4.54387373714e-05
59.35,0.000398828938046,0.000232326345054,4.50316367619e-05
59.4,0.00039505785376,0.00023240931096,4.46282060991e-05
59.45,0.000391322328923,0.000232478850936,4.42283775333e-05
59.5,0.00038762202925,0.000232535251943,4.38320872372e-05
59.55,0.000383956623587,0.000232578791367,4.34394151555e-05
59.6,0.000380325783884,0.000232609731555,4.30502177476e-05
59.65,0.000376729185162,0.000232628329794,4.26644647431e-05
59.7,0.000373166505489,0.000232634834016,4.22821721793e-05
59.75,0.000369637425948,0.000232629481373,4.19033189254e-05
59.8,0.000366141630612,0.000232612500308,4.15278791031e-05
59.85,0.000362680619021,0.000232584111216,4.11558171605e-05
59.9,0.000359252232563,0.000232544540825,4.07871092967e-05
59.95,0.000355856164648,0.000232493994591,4.04216935016e-05
60.0,0.000352492111556,0.00023243267274,4.00595114416e-05
60.05,0.000349159772411,0.000232361045671,3.97006361806e-05
60.1,0.000345858849157,0.000232279113301,3.93449365323e-05
60.15,0.000342589046528,0.00023218697193,3.89923848317e-05
60.2,0.000339350072024,0.00023208479996,3.86429957357e-05
60.25,0.000336141635883,0.000231972769056,3.82967499323e-05
60.3,0.000332963451061,0.000231851045887,3.79536237705e-05
60.35,0.000329815233198,0.0002317197926,3.76135847583e-05
60.4,0.000326696700603,0.000231579167457,3.72766111433e-05
60.45,0.000323607574219,0.000231429324645,3.69426462526e-05
60.5,0.000320547577606,0.000231270415974,3.66116367732e-05
60.55,0.000317516436914,0.000231102590956,3.62836494806e-05
60.6,0.000314513880857,0.000230925992006,3.59585644794e-05
60.65,0.000311539640693,0.000230740762486,3.56363564858e-05
60.7,0.000308593450196,0.0002305470429,3.53170388951e-05
60.75,0.000305675045635,0.000230344969477,3.50005940577e-05
60.8,0.000302784165752,0.000230134675663,3.46870003579e-05
60.85,0.000299922050604,0.000229916292453,3.43762281004e-05
60.9,0.000297086915108,0.000229690274492,3.40682574051e-05
60.95,0.000294278505726,0.000229456520308,3.37630364767e-05
61.0,0.000291496571294,0.000229215071475,3.34605165909e-05
61.05,0.000288740863001,0.000228966052885,3.31607587757e-05
61.1,0.000286011134366,0.000228709584227,3.28636534553e-05
61.15,0.000283307141216,0.00022844628209,3.25691775218e-05
61.2,0.000280628641664,0.00022817659978,3.22773432177e-05
61.25,0.000277975396092,0.000227899883981,3.19881344123e-05
61.3,0.000275347167124,0.000227616249885,3.17015313506e-05
61.35,0.000272743719607,0.000227325811327,3.1417506893e-05
61.4,0.000270164820592,0.000227028681152,3.11360428704e-05
61.45,0.000267610239313,0.000226724970905,3.08570919455e-05
61.5,0.000265079747165,0.000226414792091,3.05806095877e-05
61.55,0.000262573117683,0.000226098416745,3.03066515724e-05
61.6,0.000260090126527,0.000225775984829,3.00351177547e-05
61.65,0.000257630551456,0.000225447474566,2.97659870158e-05
61.7,0.000255194172314,0.000225114646048,2.94992705444e-05
61.75,0.000252780771007,0.000224775948716,2.92349535981e-05
61.8,0.000250390131482,0.000224431485143,2.89730181222e-05
61.85,0.000248023279218,0.000224081358934,2.8713439313e-05
61.9,0.000245678738023,0.000223725682195,2.84562005652e-05
61.95,0.000243356298233,0.000223364556595,2.82012586158e-05
62.0,0.000241055752145,0.000222998083925,2.79485727668e-05
62.05,0.000238776894001,0.000222626365981,2.76981939932e-05
62.1,0.000236519519973,0.000222251212159,2.74500307693e-05
62.15,0.00023428342814,0.000221871435546,2.72040637941e-05
62.2,0.00023206841847,0.000221486760602,2.69603032932e-05
62.25,0.00022987429281,0.0002210972841,2.67187357932e-05
62.3,0.000227700854859,0.000220703101749,2.64793447933e-05
62.35,0.000225547910155,0.000220304308314,2.62421076245e-05
62.4,0.000223415266059,0.000219901183086,2.60070091108e-05
62.45,0.000221302731737,0.000219495384049,2.57740097128e-05
62.5,0.000219210118141,0.00021908607322,2.55430722354e-05
62.55,0.000217137237996,0.000218672572187,2.5314243266e-05
62.6,0.00021508390578,0.000218254969716,2.50874391568e-05
62.65,0.00021304993771,0.000217833356246,2.48626422675e-05
62.7,0.000211035151725,0.000217407821259,2.46398619441e-05
62.75,0.000209039367469,0.000216978863983,2.44190858725e-05
62.8,0.000207062406278,0.000216548288176,2.42002989721e-05
62.85,0.00020510511618,0.000216114093754,2.39834805253e-05
62.9,0.000203166276424,0.000215676372032,2.3768616662e-05
62.95,0.000201245713627,0.000215235205466,2.35556712461e-05
63.0,0.000199343256026,0.000214790676254,2.33446102836e-05
63.05,0.000197458733469,0.000214343183716,2.31354763524e-05
63.1,0.000195591977398,0.00021389520278,2.2928193004e-05
63.15,0.000193742820832,0.000213444141993,2.27227441165e-05
63.2,0.000191911098354,0.000212990079423,2.25191382315e-05
63.25,0.000190096646098,0.000212533091118,2.23173640947e-05
63.3,0.000188299301732,0.000212073251868,2.21174079235e-05
63.35,0.000186518904444,0.000211611629202,2.19192507834e-05
63.4,0.00018475529493,0.000211149145677,2.17228799982e-05
63.45,0.000183008315376,0.000210684067933,2.15282625418e-05
63.5,0.00018127780945,0.000210216466414,2.13353673461e-05
63.55,0.00017956362228,0.000209746411038,2.11442333245e-05
63.6,0.000177865600449,0.00020927396856,2.09547906082e-05
63.65,0.000176183591975,0.000208801683938,2.0767024463e-05
63.7,0.000174517446302,0.000208327633986,2.05809426952e-05
63.75,0.000172867014282,0.000207851432441,2.03965350192e-05
63.8,0.000171232148168,0.000207373142082,2.02137888387e-05
63.85,0.000169613549243,0.000206892824496,2.00326868487e-05
63.9,0.000168010207998,0.000206412210364,1.98532174642e-05
63.95,0.00016642198105,0.000205931432231,1.96753505016e-05
64.0,0.00016484872636,0.000205448847527,1.94990575669e-05
64.05,0.000163290303219,0.000204964513805,1.9324374224e-05
64.1,0.000161746572235,0.000204478485713,1.91512366177e-05
64.15,0.000160217395323,0.000203991929479,1.89796312821e-05
64.2,0.000158702635689,0.000203505789908,1.88095653514e-05
64.25,0.000157202157823,0.00020301815135,1.86410294255e-05
64.3,0.000155715827482,0.000202529064577,1.84740119921e-05
64.35,0.000154243511683,0.000202038579252,1.83084972358e-05
64.4,0.000152785078687,0.000201547704544,1.81444745685e-05
64.45,0.000151340397988,0.000201057739991,1.79819164046e-05
64.5,0.000149909340306,0.000200566551943,1.78207967938e-05
64.55,0.000148491777568,0.000200074186492,1.76611482391e-05
64.6,0.000147087582905,0.000199580951871,1.75029123814e-05
64.65,0.000145696630635,0.000199087774553,1.73460769136e-05
64.7,0.000144318796252,0.000198595677896,1.7190648356e-05
64.75,0.000142953956418,0.000198102607097,1.70366181175e-05
64.8,0.000141601988952,0.000197608602133,1.68839756767e-05
64.85,0.000140263473787,0.000197113702004,1.67327065793e-05
64.9,0.0001389375761,0.00019661943187,1.65828011485e-05
64.95,0.000137624177319,0.000196126135589,1.64342341731e-05
65.0,0.000136323159983,0.00019563208976,1.62869819362e-05
65.05,0.000135034407731,0.000195137330168,1.61410741434e-05
65.1,0.000133757805294,0.000194641890322,1.59964574584e-05
65.15,0.000132493238479,0.000194147871825,1.58531206335e-05
65.2,0.000131240594164,0.000193654481793,1.57110696276e-05
65.25,0.000129999760287,0.000193160538192,1.55702965892e-05
65.3,0.000128770625836,0.000192666071631,1.54307919023e-05
65.35,0.000127553080838,0.000192171111902,1.52925423568e-05
65.4,0.00012634701635,0.000191678506686,1.51555391088e-05
65.45,0.000125152324451,0.000191186279481,1.50197591168e-05
65.5,0.000123968898229,0.000190693711611,1.48851807054e-05
65.55,0.000122796631776,0.000190200790274,1.47518310235e-05
65.6,0.000121635420173,0.000189707928255,1.46196613251e-05
65.65,0.000120485159488,0.000189217716883,1.44886613308e-05
65.7,0.00011934574676,0.00018872725386,1.43588364866e-05
65.75,0.000118217079993,0.000188236562913,1.42301796167e-05
65.8,0.000117099058149,0.000187745667043,1.41026819329e-05
65.85,0.000115992160807,0.000187255946463,1.3976331362e-05
65.9,0.000114895697604,0.000186768072711,1.38511198211e-05
65.95,0.000113809570485,0.000186280087592,1.37270262521e-05
66.0,0.000112733682316,0.000185792011647,1.36040308451e-05
66.05,0.00011166793687,0.000185303865195,1.34821584122e-05
66.1,0.000110612238824,0.000184818232434,1.33613644031e-05
66.15,0.000109566493746,0.00018433366749,1.32416394231e-05
66.2,0.000108530608088,0.000183849112578,1.31229884493e-05
66.25,0.00010750448918,0.000183364585152,1.30054049238e-05
66.3,0.000106488045219,0.000182880274085,1.28888808145e-05
66.35,0.000105481185262,0.000182399216654,1.27734050874e-05
66.4,0.000104483819217,0.000181918258479,1.26589703555e-05
66.45,0.000103495857839,0.000181437414753,1.25455573729e-05
66.5,0.000102517212715,0.00018095670057,1.24331480347e-05
66.55,0.000101547796264,0.000180477439747,1.23217650177e-05
66.6,0.000100587521723,0.0001800004,1.22113676058e-05
66.65,9.96363031434e-05,0.000179523554088,1.21019472128e-05
66.7,9.86940553805e-05,0.000179046915509,1.19935083878e-05
66.75,9.77606940887e-05,0.000178570496983,1.18860451369e-05
66.8,9.68361357122e-05,0.000178096772578,1.17795501196e-05
66.85,9.59207768452e-05,0.000177624205157,1.16740132515e-05
66.9,9.50140465842e-05,0.000177151917613,1.15694277813e-05
66.95,9.41158638428e-05,0.000176680097558,1.14657761197e-05
67.0,9.32261482941e-05,0.000176208993704,1.136304172e-05
67.05,9.23448203634e-05,0.000175741271376,1.12612453072e-05
67.1,9.14718012215e-05,0.000175273891851,1.11603496698e-05
67.15,9.06070127771e-05,0.000174806865064,1.10603469603e-05
67.2,8.97503776707e-05,0.000174340200672,1.09612413364e-05
67.25,8.89018192672e-05,0.000173875334638,1.08630273202e-05
67.3,8.80612616494e-05,0.000173412769944,1.07656982028e-05
67.35,8.72286296112e-05,0.000172950613093,1.06692447678e-05
67.4,8.6403848651e-05,0.000172488872046,1.05736608451e-05
67.45,8.55868449652e-05,0.000172027554492,1.04789303591e-05
67.5,8.47775454415e-05,0.000171569206506,1.03850381875e-05
67.55,8.39758776526e-05,0.000171112099157,1.02920032713e-05
67.6,8.31817698498e-05,0.000170655520699,1.01997916017e-05
67.65,8.23951509567e-05,0.000170199615277,1.0108396007e-05
67.7,8.16159505628e-05,0.000169744507841,1.00178202867e-05
67.75,8.08440989173e-05,0.000169292876446,9.92805943434e-06
67.8,8.0079526923e-05,0.000168841754248,9.83910731871e-06
67.85,7.93225625471e-05,0.000168391146882,9.75095551656e-06
67.9,7.85727336757e-05,0.000167941062556,9.66359838878e-06
67.95,7.78299732537e-05,0.000167492855924,9.57702124347e-06
68.0,7.70942148541e-05,0.000167047129598,9.49121025976e-06
68.05,7.63653926719e-05,0.000166601959548,9.40618274852e-06
68.1,7.56434415183e-05,0.000166157350051,9.32190762808e-06
68.15,7.49282968154e-05,0.000165713305941,9.23837834383e-06
68.2,7.42198945897e-05,0.000165272145597,9.15559836841e-06
68.25,7.35181714672e-05,0.000164832524871,9.07356312627e-06
68.3,7.28230646676e-05,0.000164393499265,8.9922670138e-06
68.35,7.21345119984e-05,0.000163955072498,8.91170233278e-06
68.4,7.14524518498e-05,0.000163517248209,8.83186392944e-06
68.45,7.07768231894e-05,0.00016308330932,8.75273837641e-06
68.5,7.01075655561e-05,0.00016265024245,8.67431304236e-06
68.55,6.94446190557e-05,0.000162217805397,8.59660374823e-06
68.6,6.87879243549e-05,0.000161786000866,8.51958208752e-06
68.65,6.81374226763e-05,0.000161355644483,8.44324206976e-06
68.7,6.74930557934e-05,0.00016092833479,8.36758686871e-06
68.75,6.68547660251e-05,0.000160501682378,8.29261230263e-06
68.8,6.62224962308e-05,0.000160075689681,8.2183132502e-06
68.85,6.55965176261e-05,0.000159650359029,8.14468267578e-06
68.9,6.4976439792e-05,0.00015922724746,8.07171586919e-06
68.95,6.43622072767e-05,0.000158806447299,7.99940055872e-06
69.0,6.37537651478e-05,0.000158386333013,7.92772520022e-06
69.05,6.31510589872e-05,0.000157966906706,7.85670425293e-06
69.1,6.25540348865e-05,0.000157548169877,7.78631175526e-06
69.15,6.19626394423e-05,0.00015713254963,7.71654223235e-06
69.2,6.13768197512e-05,0.000156718611617,7.64739858478e-06
69.25,6.07965234056e-05,0.000156305383498,7.57887699073e-06
69.3,6.02216984886e-05,0.000155892866588,7.51097276968e-06
69.35,5.96522935696e-05,0.000155481062132,7.44367949153e-06
69.4,5.90882576999e-05,0.000155072702482,7.3769928515e-06
69.45,5.85295404079e-05,0.000154665464584,7.31090163409e-06
69.5,5.79760916952e-05,0.000154258956621,7.24539528874e-06
69.55,5.74278620313e-05,0.000153853179746,7.18048703021e-06
69.6,5.68848023503e-05,0.000153448220088,7.11615313138e-06
69.65,5.63468640455e-05,0.000153047000043,7.05238858861e-06
69.7,5.58139989661e-05,0.000152646527322,6.98919605283e-06
69.75,5.52861594121e-05,0.000152246802533,6.92657203117e-06
69.8,5.47632981306e-05,0.000151847826209,6.86451224594e-06
69.85,5.42456394058e-05,0.000151450030218,6.80301082048e-06
69.9,5.37328603771e-05,0.000151055612623,6.74206382051e-06
69.95,5.32249151883e-05,0.000150661959551,6.68166099585e-06
70.0,5.27217584123e-05,0.000150269324497,6.621792704e-06
70.05,5.22233450476e-05,0.000149877463045,6.56247102234e-06
70.1,5.17296305144e-05,0.000149487025588,6.50367426593e-06
70.15,5.124057065e-05,0.000149099718506,6.44539786178e-06
70.2,5.07561217057e-05,0.000148713190142,6.38764423266e-06
70.25,5.02762403423e-05,0.000148327440426,6.33041018631e-06
70.3,4.98008836267e-05,0.000147942469236,6.27369181324e-06
70.35,4.9330009028e-05,0.000147559038555,6.21748374257e-06
70.4,4.88635744137e-05,0.000147178608843,6.16178237865e-06
70.45,4.84015380458e-05,0.000146798969081,6.10657835351e-06
70.5,4.79438585777e-05,0.000146420119013,6.05186285459e-06
70.55,4.74904950497e-05,0.00014604205847,5.99764691976e-06
70.6,4.70414068861e-05,0.000145665526426,5.94391073048e-06
70.65,4.65965538915e-05,0.000145292133392,5.89065010736e-06
70.7,4.61558962469e-05,0.000144919623054,5.83786726464e-06
70.75,4.57193945065e-05,0.000144547912607,5.78555928483e-06
70.8,4.52870095939e-05,0.000144177001458,5.7337225949e-06
70.85,4.48589269832e-05,0.000143807476658,5.68235228625e-06
70.9,4.44348796818e-05,0.000143441067417,5.63144507271e-06
70.95,4.40148297683e-05,0.000143075467959,5.58099239258e-06
71.0,4.35987396766e-05,0.000142710677548,5.53098619179e-06
71.05,4.31865721922e-05,0.000142346695536,5.48143655821e-06
71.1,4.27782904494e-05,0.000141983824893,5.43232537906e-06
71.15,4.23738579275e-05,0.000141624317578,5.38364883464e-06
71.2,4.19732384481e-05,0.00014126562685,5.33540894863e-06
71.25,4.15763961714e-05,0.000140907751747,5.28760305464e-06
71.3,4.11832955936e-05,0.000140550691275,5.24022788717e-06
71.35,4.07939015432e-05,0.000140194444425,5.1932789601e-06
71.4,4.04081791785e-05,0.000139841695611,5.14675327009e-06
71.45,4.00260939839e-05,0.000139489898933,5.10064299234e-06
71.5,3.96476117673e-05,0.000139139084011,5.05494076598e-06
71.55,3.92726986568e-05,0.000138789169403,5.00965581063e-06
71.6,3.8901321098e-05,0.000138440073565,4.96477157246e-06
71.65,3.85334458509e-05,0.000138093886067,4.92028456053e-06
71.7,3.81690399867e-05,0.000137749203952,4.87619662433e-06
71.75,3.78080708855e-05,0.000137405346938,4.83250532697e-06
71.8,3.74505062327e-05,0.000137062313727,4.78920768401e-06
71.85,3.70964994077e-05,0.000136720103012,4.74629959545e-06
71.9,3.67458296185e-05,0.000136380073502,4.70377831643e-06
71.95,3.63984655058e-05,0.000136042237224,4.66163669563e-06
72.0,3.6054376004e-05,0.000135705229775,4.61986800573e-06
72.05,3.57135303381e-05,0.000135369049839,4.57848067281e-06
72.1,3.53758980216e-05,0.000135033695847,4.53745956782e-06
72.15,3.50414488536e-05,0.000134699726273,4.49680150027e-06
72.2,3.47101529158e-05,0.000134368912216,4.45650816049e-06
72.25,3.43819805704e-05,0.000134038929124,4.41657732131e-06
72.3,3.4056902457e-05,0.000133709775417,4.37700625516e-06
72.35,3.37348894904e-05,0.000133381449514,4.33779121492e-06
72.4,3.34159128577e-05,0.000133053949851,4.29892969199e-06
72.45,3.30999440161e-05,0.000132729375505,4.26041515054e-06
72.5,3.278695469e-05,0.000132406162941,4.22224144227e-06
72.55,3.24769168688e-05,0.000132083780257,4.18441626805e-06
72.6,3.21698028045e-05,0.000131762225671,4.14692580094e-06
72.65,3.18655850087e-05,0.000131441497635,4.10976712507e-06
72.7,3.15642362509e-05,0.000131122506314,4.07294178529e-06
72.75,3.12657295555e-05,0.000130806013707,4.0364477461e-06
72.8,3.09700381999e-05,0.000130490350593,4.00028251472e-06
72.85,3.06772890225e-05,0.000130175515192,3.96444266651e-06
72.9,3.03872994374e-05,0.000129861506676,3.9289259088e-06
72.95,3.01000435116e-05,0.000129548323254,3.89372626828e-06
73.0,2.98154955551e-05,0.000129238151437,3.85883812584e-06
73.05,2.95336301184e-05,0.00012892937881,3.82426851952e-06
73.1,2.92544219904e-05,0.000128621433758,3.79000481248e-06
73.15,2.89778461961e-05,0.000128314314501,3.75604433981e-06
73.2,2.87038779943e-05,0.000128008019267,3.72238851337e-06
73.25,2.84324928757e-05,0.000127703145134,3.68903547288e-06
73.3,2.81636665606e-05,0.000127400979109,3.6559829401e-06
73.35,2.78973749966e-05,0.000127099638485,3.62322778515e-06
73.4,2.76335943567e-05,0.000126799121299,3.59076791267e-06
73.45,2.73723010371e-05,0.000126499425585,3.55859786349e-06
73.5,2.71134716551e-05,0.000126200549442,3.52671250212e-06
73.55,2.6857083047e-05,0.000125903869839,3.49511826084e-06
73.6,2.66031122663e-05,0.000125609065152,3.46380359046e-06
73.65,2.63515365814e-05,0.0001253150868,3.43276605541e-06
73.7,2.61023334736e-05,0.000125022116469,3.40200694606e-06
73.75,2.58554806353e-05,0.000124729962972,3.37152456224e-06
73.8,2.5610955968e-05,0.000124438624288,3.34131682177e-06
73.85,2.53688643618e-05,0.000124150025008,3.31138086419e-06
73.9,2.51290548256e-05,0.000123862698439,3.28171477446e-06
73.95,2.4891505914e-05,0.00012357618748,3.25231356329e-06
74.0,2.46561963823e-05,0.000123290490054,3.22317253717e-06
74.05,2.44231051849e-05,0.000123005604137,3.1942975748e-06
74.1,2.41922114732e-05,0.000122721527556,3.16567812097e-06
74.15,2.39634945938e-05,0.000122440502145,3.13731194978e-06
74.2,2.3736934087e-05,0.000122160374329,3.10920024051e-06
74.25,2.35125096844e-05,0.000121881055476,3.08134143934e-06
74.3,2.32902013076e-05,0.000121602543414,3.05373364329e-06
74.35,2.30699890665e-05,0.000121324835975,3.02637423809e-06
74.4,2.2851853257e-05,0.000121047999806,2.99926147354e-06
74.45,2.26357743597e-05,0.000120774172828,2.97239078977e-06
74.5,2.24217330381e-05,0.000120501162186,2.94575789723e-06
74.55,2.22097101368e-05,0.000120229149317,2.91936816864e-06
74.6,2.199968668e-05,0.000119957936067,2.89321195729e-06
74.65,2.17916438694e-05,0.000119687520292,2.86728722883e-06
74.7,2.15855630832e-05,0.000119417899853,2.84159506106e-06
74.75,2.13814258739e-05,0.000119151268988,2.81613403388e-06
74.8,2.11792139668e-05,0.000118885461769,2.79090240812e-06
74.85,2.09790141017e-05,0.000118620448278,2.76589779449e-06
74.9,2.07807014154e-05,0.000118356226851,2.74111859345e-06
74.95,2.05842581732e-05,0.0001180927952,2.71656063758e-06
75.0,2.03896668067e-05,0.000117830151087,2.69222000654e-06
75.05,2.01969099119e-05,0.00011757013019,2.66810161061e-06
75.1,2.00059702481e-05,0.000117311228448,2.64419663336e-06
75.15,1.98168307356e-05,0.000117053112187,2.62050321556e-06
75.2,1.9629474455e-05,0.000116795911935,2.59702234221e-06
75.25,1.94438846454e-05,0.000116539542562,2.57375271547e-06
75.3,1.92600447027e-05,0.000116283952148,2.55069274583e-06
75.35,1.90779381785e-05,0.000116030399144,2.52784024966e-06
75.4,1.88975487784e-05,0.000115778477683,2.50519376508e-06
75.45,1.87188603606e-05,0.000115527332586,2.48274948337e-06
75.5,1.85418569347e-05,0.000115276961507,2.46050382159e-06
75.55,1.83665226599e-05,0.000115027362143,2.43846126741e-06
75.6,1.81928418439e-05,0.000114778532089,2.41661376322e-06
75.65,1.80207989415e-05,0.000114530938181,2.3949596098e-06
75.7,1.7850378553e-05,0.000114285701036,2.3734997074e-06
75.75,1.76815654231e-05,0.000114041230342,2.35223286984e-06
75.8,1.75143444396e-05,0.000113797523694,2.33115764445e-06
75.85,1.73487873326e-05,0.000113554578692,2.31027203555e-06
75.9,1.71847908452e-05,0.000113312393442,2.28957470706e-06
75.95,1.70223403118e-05,0.000113070965552,2.26906217807e-06
76.0,1.68614212038e-05,0.000112831755686,2.24873117403e-06
76.05,1.67020191291e-05,0.000112593991148,2.22858579636e-06
76.1,1.654411983e-05,0.000112357028194,2.20861868096e-06
76.15,1.63877091826e-05,0.000112120817188,2.18882827486e-06
76.2,1.62327731951e-05,0.000111885355748,2.16921540082e-06
76.25,1.60792980069e-05,0.000111650641458,2.14977897477e-06
76.3,1.59272698871e-05,0.000111416877417,2.13051766905e-06
76.35,1.57766752335e-05,0.000111185599275,2.11142965975e-06
76.4,1.56275005714e-05,0.000110955064467,2.09251372579e-06
76.45,1.54797325522e-05,0.000110725270519,2.07376668585e-06
76.5,1.53333579524e-05,0.000110496214996,2.05518554723e-06
76.55,1.51883636723e-05,0.000110267895495,2.03677405835e-06
76.6,1.50447367352e-05,0.000110040309539,2.0185254889e-06
76.65,1.49024642856e-05,0.000109814090066,2.0004384196e-06
76.7,1.47615335887e-05,0.000109589930235,1.98251360238e-06
76.75,1.46219320291e-05,0.000109366598497,1.96475004648e-06
76.8,1.44836471093e-05,0.000109143994111,1.94714653852e-06
76.85,1.43467381475e-05,0.000108922114599,1.92970141155e-06
76.9,1.42111197543e-05,0.000108700957894,1.91241354961e-06
76.95,1.40767798019e-05,0.000108480521524,1.89528004518e-06
77.0,1.39437062758e-05,0.000108261567778,1.87829816314e-06
77.05,1.38118872741e-05,0.000108044401809,1.86147132927e-06
77.1,1.36813110065e-05,0.000107827951655,1.84479339257e-06
77.15,1.3551965793e-05,0.000107612214854,1.82826305589e-06
77.2,1.34238400629e-05,0.00010739718895,1.81188100644e-06
77.25,1.32969223542e-05,0.000107182871469,1.79564633874e-06
77.3,1.31712013119e-05,0.000106969259937,1.77955794384e-06
77.35,1.30466656876e-05,0.000106756953494,1.76361429828e-06
77.4,1.29233043383e-05,0.00010654652627,1.74781438212e-06
77.45,1.28011062251e-05,0.000106336800161,1.73215553811e-06
77.5,1.26800604128e-05,0.000106127772679,1.71663526653e-06
77.55,1.25601560685e-05,0.000105919525006,1.70125669831e-06
77.6,1.24413824609e-05,0.000105712071371,1.68601421186e-06
77.65,1.23237289592e-05,0.000105505309343,1.67090662165e-06
77.7,1.22071850322e-05,0.000105299391129,1.65593455579e-06
77.75,1.20917402473e-05,0.000105095726976,1.64109718669e-06
77.8,1.19773842699e-05,0.000104892749369,1.62639350088e-06
77.85,1.18641661534e-05,0.000104690455792,1.61182210598e-06
77.9,1.17520152844e-05,0.000104488844059,1.59738206988e-06
77.95,1.16409216337e-05,0.000104287911667,1.58307096402e-06
78.0,1.15308752658e-05,0.000104087656137,1.56888650382e-06
78.05,1.14218663383e-05,0.000103888075022,1.55483155074e-06
78.1,1.13138851011e-05,0.000103690256308,1.54090096703e-06
78.15,1.12069218954e-05,0.000103493682441,1.52709366921e-06
78.2,1.11009671526e-05,0.000103297797211,1.5134102313e-06
78.25,1.09960113941e-05,0.000103102720251,1.49984989698e-06
78.3,1.08920452299e-05,0.000102908307714,1.48641173997e-06
78.35,1.07890593579e-05,0.000102714557103,1.47309448777e-06
78.4,1.06870445632e-05,0.000102521465934,1.45989728846e-06
78.45,1.05859917174e-05,0.000102329081379,1.44681792251e-06
78.5,1.04858917773e-05,0.000102138907737,1.43385430199e-06
78.55,1.03867357846e-05,0.000101949389003,1.42100904206e-06
78.6,1.02885148649e-05,0.000101760521633,1.40827744718e-06
78.65,1.01912202271e-05,0.000101572303159,1.39565852712e-06
78.7,1.00948431621e-05,0.000101384731119,1.38315280649e-06
78.75,9.99937504282e-06,0.00010119780304,1.37075959408e-06
78.8,9.90480732271e-06,0.000101011516456,1.35847804331e-06
78.85,9.81118056715e-06,0.000100826168914,1.34630699122e-06
78.9,9.71843638169e-06,0.000100642707963,1.33424565922e-06
78.95,9.6265664725e-06,0.000100459882991,1.3222920188e-06
79.0,9.5355626234e-06,0.000100277691513,1.31044416172e-06
79.05,9.44541669516e-06,0.000100096157414,1.29870447809e-06
79.1,9.35612062477e-06,9.991539923e-05,1.28706867649e-06
79.15,9.26766642477e-06,9.97352675437e-05,1.27553585192e-06
79.2,9.18004618247e-06,9.95557599198e-05,1.26410648385e-06
79.25,9.09325205931e-06,9.93770713239e-05,1.25277994054e-06
79.3,9.00727629018e-06,9.9200296487e-05,1.24155544829e-06
79.35,8.92211118266e-06,9.90241397646e-05,1.23043194423e-06
79.4,8.83774911644e-06,9.88485986774e-05,1.21940871677e-06
79.45,8.75418254255e-06,9.86736707539e-05,1.20848391201e-06
79.5,8.67140398277e-06,9.84993535467e-05,1.19765578595e-06
79.55,8.58940602893e-06,9.83256446309e-05,1.18692652298e-06
79.6,8.50818134228e-06,9.81525415488e-05,1.17629220103e-06
79.65,8.42772265281e-06,9.79800418959e-05,1.165751993e-06
79.7,8.34802275865e-06,9.78093267276e-05,1.1553063371e-06
79.75,8.26907452538e-06,9.76395868339e-05,1.14495465594e-06
79.8,8.19087088547e-06,9.74704723219e-05,1.13469624244e-06
79.85,8.11344538477e-06,9.73019530926e-05,1.12453012518e-06
79.9,8.03674973349e-06,9.71340269183e-05,1.11445565385e-06
79.95,7.96077707295e-06,9.69666913633e-05,1.10447113409e-06
80.0,7.88552060871e-06,9.67999440147e-05,1.094574972e-06
80.05,7.81097360996e-06,9.66337824805e-05,1.08476916398e-06
80.1,7.73712940893e-06,9.64685672153e-05,1.07505012551e-06
80.15,7.6639814003e-06,9.63049469368e-05,1.0654171007e-06
80.2,7.59152304061e-06,9.61419063034e-05,1.05587049001e-06
80.25,7.5197478477e-06,9.5979442893e-05,1.04640976578e-06
80.3,7.44864940011e-06,9.5817554291e-05,1.03703428177e-06
80.35,7.37822133656e-06,9.56562380912e-05,1.02774315018e-06
80.4,7.30845735534e-06,9.54954918999e-05,1.01853577665e-06
80.45,7.23935121377e-06,9.53353133314e-05,1.00941061267e-06
80.5,7.17089672766e-06,9.51757000209e-05,1.00036620153e-06
80.55,7.10308777077e-06,9.50171985781e-05,9.91404367781e-07
80.6,7.03591827425e-06,9.48601679974e-05,9.82521835437e-07
80.65,6.96938222609e-06,9.47037217273e-05,9.73717913649e-07
80.7,6.90347367063e-06,9.45478325178e-05,9.6499296843e-07
80.75,6.83818670802e-06,9.43924979927e-05,9.56346517522e-07
80.8,6.77351549369e-06,9.42377157837e-05,9.47777970307e-07
80.85,6.70948776869e-06,9.4083483531e-05,9.392865154e-07
80.9,6.64606359932e-06,9.39297990576e-05,9.30871609599e-07
80.95,6.58323731376e-06,9.3776660019e-05,9.22531837666e-07
81.0,6.52100329327e-06,9.3624397849e-05,9.14265868271e-07
81.05,6.45935597175e-06,9.34736045799e-05,9.06075368929e-07
81.1,6.39828983522e-06,9.33233504497e-05,8.97957345616e-07
81.15,6.33779942135e-06,9.31736331246e-05,8.89911166941e-07
81.2,6.27787931898e-06,9.30244502808e-05,8.81937167416e-07
81.25,6.21852416761e-06,9.2875874385e-05,8.74034906289e-07
81.3,6.15972865697e-06,9.27278988173e-05,8.66203843777e-07
81.35,6.10148752653e-06,9.25804511376e-05,8.58443238329e-07
81.4,6.04379556503e-06,9.2433529043e-05,8.50752593496e-07
81.45,5.98664761005e-06,9.22871302386e-05,8.43130615849e-07
81.5,5.9300385475e-06,9.21421891349e-05,8.35576088642e-07
81.55,5.87396331124e-06,9.1998035004e-05,8.2809053587e-07
81.6,5.81841688257e-06,9.18543978471e-05,8.20671221201e-07
81.65,5.7633942898e-06,9.17112753807e-05,8.13317567588e-07
81.7,5.70889060787e-06,9.15686653312e-05,8.06029880751e-07
81.75,5.65490095781e-06,9.1426565424e-05,7.98807757873e-07
81.8,5.60142050641e-06,9.12849733919e-05,7.9165070563e-07
81.85,5.5484721944e-06,9.11438869766e-05,7.84558046294e-07
81.9,5.49602299823e-06,9.10033040696e-05,7.77529326146e-07
81.95,5.44406822753e-06,9.08632224286e-05,7.70563363081e-07
82.0,5.39260323584e-06,9.07247081202e-05,7.63659045077e-07
82.05,5.34162342023e-06,9.05867702628e-05,7.5681776496e-07
82.1,5.29112422085e-06,9.04494130914e-05,7.50037021911e-07
82.15,5.24110112059e-06,9.03126202261e-05,7.43316288548e-07
82.2,5.19154964462e-06,9.01763182835e-05,7.36655844279e-07
82.25,5.14246536005e-06,9.00405050381e-05,7.30055320957e-07
82.3,5.09384387549e-06,8.9905178272e-05,7.23514267717e-07
82.35,5.0456808407e-06,8.97703357767e-05,7.17032065164e-07
82.4,4.99797194619e-06,8.96359753542e-05,7.10608298628e-07
82.45,4.95071292283e-06,8.95020948154e-05,7.04241887747e-07
82.5,4.90389954149e-06,8.9369446936e-05,6.9793181621e-07
82.55,4.85752761268e-06,8.92376107051e-05,6.91679356964e-07
82.6,4.81159298613e-06,8.91062481151e-05,6.85482224432e-07
82.65,4.76609155047e-06,8.89753569897e-05,6.79339936624e-07
82.7,4.72101923286e-06,8.88449351623e-05,6.73252748899e-07
82.75,4.67637199861e-06,8.87150098816e-05,6.67220324795e-07
82.8,4.63214585083e-06,8.85856587828e-05,6.61242252255e-07
82.85,4.58835976059e-06,8.84567708739e-05,6.55317965193e-07
82.9,4.54498641875e-06,8.83283441245e-05,6.49447084629e-07
82.95,4.50202194657e-06,8.82003763973e-05,6.43628623186e-07
83.0,4.45946250161e-06,8.80728882461e-05,6.37861652028e-07
83.05,4.41730427744e-06,8.79468639379e-05,6.32147334538e-07
83.1,4.37554350326e-06,8.78212952804e-05,6.26483581858e-07
83.15,4.33417644359e-06,8.76961773542e-05,6.20869953481e-07
83.2,4.29319939794e-06,8.75715080459e-05,6.15306682788e-07
83.25,4.25260870048e-06,8.74472852434e-05,6.09793462277e-07
83.3,4.21240071972e-06,8.7323506843e-05,6.04329915355e-07
83.35,4.17257185818e-06,8.72001707497e-05,5.98915524658e-07
83.4,4.13311855209e-06,8.70772748793e-05,5.93549943826e-07
83.45,4.09403727106e-06,8.69548171559e-05,5.88232270463e-07
83.5,4.05532451778e-06,8.68327955187e-05,5.82961655677e-07
83.55,4.01697682769e-06,8.67112079215e-05,5.7773916272e-07
83.6,3.9789907687e-06,8.6590939616e-05,5.7256288252e-07
83.65,3.94136294087e-06,8.64713430668e-05,5.67432412484e-07
83.7,3.90408997613e-06,8.63521749197e-05,5.62347965906e-07
83.75,3.86716853796e-06,8.62334331204e-05,5.5730926175e-07
83.8,3.8305953211e-06,8.61151156226e-05,5.52315955835e-07
83.85,3.79438601383e-06,8.59972203889e-05,5.47367575328e-07
83.9,3.75851803263e-06,8.58797454834e-05,5.42463803678e-07
83.95,3.72298816993e-06,8.57626888852e-05,5.37603816159e-07
84.0,3.68779324819e-06,8.56460485877e-05,5.3278683694e-07
84.05,3.65293011964e-06,8.55298225983e-05,5.28013837762e-07
84.1,3.61839566599e-06,8.54140089179e-05,5.23283073864e-07
84.15,3.58418679815e-06,8.5298789862e-05,5.18594177303e-07
84.2,3.55030045597e-06,8.51847180569e-05,5.13947343015e-07
84.25,3.51673360795e-06,8.50710526617e-05,5.09342314154e-07
84.3,3.483483251e-06,8.4957912442e-05,5.04778776161e-07
84.35,3.45054641016e-06,8.48451870652e-05,5.00256296899e-07
84.4,3.41792013832e-06,8.47328625314e-05,4.95774587062e-07
84.45,3.38560151601e-06,8.46209368789e-05,4.91332892909e-07
84.5,3.35358765108e-06,8.45094081595e-05,4.86930505382e-07
84.55,3.32187567849e-06,8.43982744384e-05,4.82568312586e-07
84.6,3.29046276005e-06,8.42875337761e-05,4.78244719929e-07
84.65,3.25934608414e-06,8.41771842561e-05,4.73959391137e-07
84.7,3.2285228655e-06,8.40672239709e-05,4.69712504369e-07
84.75,3.19799034497e-06,8.39576510162e-05,4.65503824883e-07
84.8,3.16774578923e-06,8.38492810069e-05,4.61333065196e-07
84.85,3.13780217185e-06,8.37413452855e-05,4.57199830364e-07
84.9,3.10814081718e-06,8.36337912208e-05,4.53103855981e-07
84.95,3.07875907268e-06,8.35266169126e-05,4.49044453179e-07
85.0,3.04965431068e-06,8.34198204739e-05,4.45020973928e-07
85.05,3.02082392809e-06,8.33134000305e-05,4.41034229896e-07
85.1,2.99226534621e-06,8.32073537048e-05,4.37082763734e-07
85.15,2.96397601049e-06,8.31018152854e-05,4.33166268112e-07
85.2,2.9359533903e-06,8.29966564056e-05,4.29284905854e-07
85.25,2.90819497874e-06,8.28918664993e-05,4.25438462424e-07
85.3,2.88069829235e-06,8.27874437262e-05,4.2162667508e-07
85.35,2.85346087098e-06,8.26833862545e-05,4.1784918287e-07
85.4,2.82648027748e-06,8.25797289836e-05,4.14105744148e-07
85.45,2.79975409756e-06,8.24772097516e-05,4.10395729333e-07
85.5,2.77327993954e-06,8.23750512127e-05,4.06718546173e-07
85.55,2.74705543416e-06,8.22732506073e-05,4.03074936474e-07
85.6,2.72107823432e-06,8.21718061171e-05,3.99463568321e-07
85.65,2.69534601496e-06,8.20707159446e-05,3.95884160835e-07
85.7,2.66985647277e-06,8.19699783006e-05,3.92336862827e-07
85.75,2.64460732603e-06,8.18695914002e-05,3.88821478223e-07
85.8,2.61959631441e-06,8.17696309381e-05,3.85337766897e-07
85.85,2.59483416652e-06,8.16700682074e-05,3.81885398965e-07
85.9,2.57030543835e-06,8.15708513386e-05,3.78464153577e-07
85.95,2.54600793637e-06,8.14719785747e-05,3.7507345534e-07
86.0,2.52193948759e-06,8.13734481704e-05,3.71712762976e-07
86.05,2.49809793937e-06,8.1275258392e-05,3.68382754445e-07
86.1,2.47448115923e-06,8.11777277765e-05,3.65082212468e-07
86.15,2.45108703466e-06,8.10809745087e-05,3.61810880342e-07
86.2,2.42791347294e-06,8.09845565416e-05,3.58568894069e-07
86.25,2.40495840096e-06,8.08884721475e-05,3.55356074451e-07
86.3,2.382219765e-06,8.0792719607e-05,3.5217220203e-07
86.35,2.3596955306e-06,8.06972972088e-05,3.49016975314e-07
86.4,2.33738368237e-06,8.06022032506e-05,3.45890192461e-07
86.45,2.31528222377e-06,8.05074360382e-05,3.42791327602e-07
86.5,2.29338917699e-06,8.04129938888e-05,3.39719886047e-07
86.55,2.27170258272e-06,8.03188751306e-05,3.36676487403e-07
86.6,2.25022050005e-06,8.02250780911e-05,3.33660019163e-07
86.65,2.22894100621e-06,8.01316897108e-05,3.30670246715e-07
86.7,2.20786219648e-06,8.00386705901e-05,3.27707294358e-07
86.75,2.18698218396e-06,7.99459686482e-05,3.24770998316e-07
86.8,2.16629909945e-06,7.98535822458e-05,3.21861158021e-07
86.85,2.14582181507e-06,7.97622067396e-05,3.18977497929e-07
86.9,2.12553755926e-06,7.96711542053e-05,3.1611983357e-07
86.95,2.10544451807e-06,7.95804121821e-05,3.13287684336e-07
87.0,2.08554089451e-06,7.94899790435e-05,3.10480598115e-07
87.05,2.06582490845e-06,7.93998531735e-05,3.07699141185e-07
87.1,2.0462947964e-06,7.93100329563e-05,3.04942296791e-07
87.15,2.0269488114e-06,7.92205167927e-05,3.02209850515e-07
87.2,2.00778522288e-06,7.91313030912e-05,2.99501915954e-07
87.25,1.98880231642e-06,7.90423902654e-05,2.96818343433e-07
87.3,1.96999839372e-06,7.89538141346e-05,2.94158949643e-07
87.35,1.95137177236e-06,7.88656217878e-05,2.91523482757e-07
87.4,1.93292078567e-06,7.87777259676e-05,2.88911774182e-07
87.45,1.9146437826e-06,7.86901251147e-05,2.86323384676e-07
87.5,1.8965391276e-06,7.86028176803e-05,2.83757901039e-07
87.55,1.87860520039e-06,7.85158021259e-05,2.8121584081e-07
87.6,1.8608403959e-06,7.84294961931e-05,2.78696274746e-07
87.65,1.84324312411e-06,7.83437156514e-05,2.76199006881e-07
87.7,1.82581180986e-06,7.82582221963e-05,2.73724141039e-07
87.75,1.80854489279e-06,7.81730142983e-05,2.71271540424e-07
87.8,1.79144082714e-06,7.80880904353e-05,2.68841037505e-07
87.85,1.77450694979e-06,7.80034490926e-05,2.6643240213e-07
87.9,1.75773269917e-06,7.79190888041e-05,2.64045480217e-07
87.95,1.74111657523e-06,7.78350080697e-05,2.61679870328e-07
88.0,1.72465709193e-06,7.77512053996e-05,2.59335194826e-07
88.05,1.70835277717e-06,7.76676793135e-05,2.57011926709e-07
88.1,1.69220217262e-06,7.75844283325e-05,2.54709216709e-07
88.15,1.67620383363e-06,7.75014958712e-05,2.5242688573e-07
88.2,1.66035632905e-06,7.74189254206e-05,2.50165028657e-07
88.25,1.64465824117e-06,7.73366261044e-05,2.4792352047e-07
88.3,1.62910816554e-06,7.7254596473e-05,2.45702208057e-07
88.35,1.61370471087e-06,7.71728350843e-05,2.43500881074e-07
88.4,1.59844649889e-06,7.70914953402e-05,2.413193987e-07
88.45,1.58333216427e-06,7.70108712881e-05,2.39157394051e-07
88.5,1.56836035445e-06,7.69305109828e-05,2.3701452199e-07
88.55,1.55352972953e-06,7.68504129985e-05,2.34891214806e-07
88.6,1.5388389622e-06,7.67705759112e-05,2.32786696326e-07
88.65,1.52428673756e-06,7.66909983104e-05,2.30700802869e-07
88.7,1.50987175303e-06,7.66116787932e-05,2.28633621154e-07
88.75,1.49559271824e-06,7.65326159615e-05,2.2658503692e-07
88.8,1.48144835492e-06,7.64538084244e-05,2.24554910233e-07
88.85,1.46744473037e-06,7.6375374209e-05,2.22543048854e-07
88.9,1.45357311061e-06,7.6297192923e-05,2.20549324083e-07
88.95,1.43983225515e-06,7.62192631924e-05,2.18573400611e-07
89.0,1.42622093509e-06,7.61415836526e-05,2.16614963009e-07
89.05,1.41273793308e-06,7.60641529476e-05,2.14674406357e-07
89.1,1.39938204313e-06,7.59869697236e-05,2.12751021289e-07
89.15,1.38615207057e-06,7.59100326392e-05,2.10844658209e-07
89.2,1.37304683191e-06,7.58333403599e-05,2.08955396374e-07
89.25,1.36006515475e-06,7.57568915566e-05,2.07083131357e-07
89.3,1.34720587768e-06,7.56810660032e-05,2.05227735268e-07
89.35,1.33446785014e-06,7.56056556346e-05,2.03389032413e-07
89.4,1.32184993238e-06,7.55304845742e-05,2.0156690517e-07
89.45,1.30935099531e-06,7.5455551505e-05,1.99761047089e-07
89.5,1.29696992042e-06,7.53808551187e-05,1.9797116989e-07
89.55,1.28470559969e-06,7.53063941156e-05,1.9619763465e-07
89.6,1.27255693546e-06,7.52321671981e-05,1.94439793054e-07
89.65,1.26052284037e-06,7.51581770368e-05,1.92697508385e-07
89.7,1.24860223725e-06,7.50845449247e-05,1.90970853077e-07
89.75,1.23679405901e-06,7.50111434607e-05,1.89259731691e-07
89.8,1.22509724857e-06,7.49379713736e-05,1.87564027344e-07
89.85,1.21351682334e-06,7.48650273989e-05,1.85883579464e-07
89.9,1.20204556067e-06,7.47923103056e-05,1.84218280553e-07
89.95,1.19068243474e-06,7.47198188425e-05,1.82567850537e-07
90.0,1.1794264293e-06,7.46475517661e-05,1.80932025947e-07
90.05,1.16827653763e-06,7.45755078413e-05,1.79311136783e-07
90.1,1.15723176244e-06,7.45036858353e-05,1.7770459053e-07
90.15,1.14629111579e-06,7.44320845264e-05,1.76112262238e-07
90.2,1.13545361898e-06,7.43607026994e-05,1.74534218105e-07
90.25,1.12471830248e-06,7.4289924821e-05,1.72970370908e-07
90.3,1.11408420585e-06,7.42194854791e-05,1.71420613825e-07
90.35,1.10355037763e-06,7.41493425911e-05,1.69884800102e-07
90.4,1.09311587528e-06,7.40794495155e-05,1.68362831495e-07
90.45,1.08277976511e-06,7.40097700548e-05,1.66854452034e-07
90.5,1.07254112214e-06,7.39403030157e-05,1.65359420928e-07
90.55,1.06239903009e-06,7.38710472125e-05,1.63878039772e-07
90.6,1.05235258124e-06,7.38020014621e-05,1.62409767051e-07
90.65,1.04240087639e-06,7.37331645921e-05,1.60954488568e-07
90.7,1.03254302476e-06,7.36645354366e-05,1.59512264823e-07
90.75,1.02277814391e-06,7.35961128344e-05,1.58083016101e-07
90.8,1.01310535967e-06,7.35278956305e-05,1.56666644773e-07
90.85,1.00352882125e-06,7.34598826763e-05,1.55263016717e-07
90.9,9.94042555816e-07,7.33920728512e-05,1.53872042144e-07
90.95,9.84645715034e-07,7.33244650188e-05,1.52493487115e-07
91.0,9.7533745852e-07,7.32570580499e-05,1.51127131564e-07
91.05,9.66116953761e-07,7.31898508229e-05,1.49773251129e-07
91.1,9.56983376039e-07,7.31228422186e-05,1.48431350901e-07
91.15,9.47935908361e-07,7.3056031128e-05,1.47101326511e-07
91.2,9.38973741385e-07,7.29895086778e-05,1.45783233255e-07
91.25,9.30096073351e-07,7.29233411055e-05,1.44476998276e-07
91.3,9.21302110008e-07,7.28577038702e-05,1.4318253235e-07
91.35,9.12591064546e-07,7.27922599761e-05,1.41899712897e-07
91.4,8.87554326056e-07,7.2727008327e-05,1.40628457856e-07
91.45,8.54537891212e-07,7.26618780014e-05,1.39368553425e-07
91.5,8.46457477585e-07,7.25968341505e-05,1.38119798477e-07
91.55,8.38453262661e-07,7.25319822476e-05,1.36882444926e-07
91.6,8.30524530069e-07,7.2467321182e-05,1.3565604046e-07
91.65,8.22670570148e-07,7.24028498527e-05,1.34440489693e-07
91.7,8.14890679889e-07,7.23385671651e-05,1.33235843161e-07
91.75,8.07184162868e-07,7.22744720299e-05,1.32042034279e-07
91.8,7.99550329187e-07,7.22105633637e-05,1.308589815e-07
91.85,7.91992453421e-07,7.2146884517e-05,1.29686572798e-07
91.9,7.84505821769e-07,7.2083458461e-05,1.28524733172e-07
91.95,7.77089764723e-07,7.20202160321e-05,1.27373267222e-07
92.0,7.69743619044e-07,7.19571561693e-05,1.26231991132e-07
92.05,7.62466727707e-07,7.18942778185e-05,1.25101135134e-07
92.1,7.55258439838e-07,7.18315799292e-05,1.23980285847e-07
92.15,7.4811811066e-07,7.17690614597e-05,1.22869356094e-07
92.2,7.41045101434e-07,7.17067213745e-05,1.21768392061e-07
92.25,7.34038779405e-07,7.16445586431e-05,1.20677332894e-07
92.3,7.27098517745e-07,7.15825722409e-05,1.19596104066e-07
92.35,7.20223695496e-07,7.15207756769e-05,1.18524603191e-07
92.4,7.1341369752e-07,7.14595545705e-05,1.17462761724e-07
92.45,7.06667914439e-07,7.13985077584e-05,1.16410401084e-07
92.5,6.99985742584e-07,7.13376330556e-05,1.15367353274e-07
92.55,6.93366583942e-07,7.12769294587e-05,1.14333828712e-07
92.6,6.86809846104e-07,7.12163959674e-05,1.13309449594e-07
92.65,6.8031494221e-07,7.11560315904e-05,1.12294136248e-07
92.7,6.73881290899e-07,7.10958877419e-05,1.11287930885e-07
92.75,6.67508316258e-07,7.10359822844e-05,1.10290777887e-07
92.8,6.61195447769e-07,7.09762433889e-05,1.09302609143e-07
92.85,6.54945393371e-07,7.0916670082e-05,1.08323331078e-07
92.9,6.48754254943e-07,7.08572614103e-05,1.07352881048e-07
92.95,6.42621478831e-07,7.07980164119e-05,1.0639109584e-07
93.0,6.36546516563e-07,7.07389341315e-05,1.05437821919e-07
93.05,6.30528824806e-07,7.06800136199e-05,1.04493251591e-07
93.1,6.24567865312e-07,7.06212539316e-05,1.0355703957e-07
93.15,6.18663104879e-07,7.0562654129e-05,1.02629113041e-07
93.2,6.12814015295e-07,7.050421328e-05,1.0170951058e-07
93.25,6.07020073298e-07,7.04459304574e-05,1.00798181359e-07
93.3,6.01280760526e-07,7.0387804739e-05,9.98950631272e-08
93.35,5.95595563473e-07,7.03298452017e-05,9.90000703646e-08
93.4,5.89963973444e-07,7.0272140857e-05,9.81131458183e-08
93.45,5.8438548651e-07,7.02145912348e-05,9.72341403236e-08
93.5,5.7885960346e-07,7.01571954322e-05,9.63629135591e-08
93.55,5.73385829762e-07,7.00999525524e-05,9.54996412797e-08
93.6,5.67963675518e-07,7.00431162333e-05,9.46440079175e-08
93.65,5.62592655419e-07,6.99865496622e-05,9.37959469245e-08
93.7,5.57272288703e-07,6.99301332135e-05,9.29554935579e-08
93.75,5.52002099113e-07,6.98738660019e-05,9.21226013628e-08
93.8,5.46781614854e-07,6.98177471475e-05,9.12972134466e-08
93.85,5.41613075282e-07,6.97617757755e-05,9.04792516502e-08
93.9,5.3649325681e-07,6.97059510278e-05,8.96686636484e-08
93.95,5.31421701588e-07,6.96502720399e-05,8.88653131148e-08
94.0,5.26397956052e-07,6.95947379534e-05,8.80690718053e-08
94.05,5.21421570888e-07,6.95393479154e-05,8.72801003477e-08
94.1,5.16492100987e-07,6.94841010765e-05,8.64981103348e-08
94.15,5.11609105413e-07,6.94289965944e-05,8.57230409463e-08
94.2,5.06772147357e-07,6.93740482392e-05,8.49549244048e-08
94.25,5.019807941e-07,6.9319346472e-05,8.41937182538e-08
94.3,4.97234616981e-07,6.92647849491e-05,8.34393704972e-08
94.35,4.9253319135e-07,6.92103628438e-05,8.26918097031e-08
94.4,4.87876096537e-07,6.91560793347e-05,8.19509880499e-08
94.45,4.83262915813e-07,6.91019336049e-05,8.12167809445e-08
94.5,4.78693236352e-07,6.90479248435e-05,8.04890711808e-08
94.55,4.74166649195e-07,6.89940522448e-05,7.97680055614e-08
94.6,4.69682749218e-07,6.89403150065e-05,7.9053320502e-08
94.65,4.65241135088e-07,6.88867123327e-05,7.83449604171e-08
94.7,4.60841409236e-07,6.88332434324e-05,7.76429547559e-08
94.75,4.56483177817e-07,6.87799075191e-05,7.6947264716e-08
94.8,4.52166050676e-07,6.87267038104e-05,7.62578427768e-08
94.85,4.47891879668e-07,6.8673631529e-05,7.55746236542e-08
94.9,4.43657999018e-07,6.86207744348e-05,7.48975636426e-08
94.95,4.39464030104e-07,6.85683469145e-05,7.42265488725e-08
95.0,4.35309597846e-07,6.85161039763e-05,7.35614722256e-08
95.05,4.31194330681e-07,6.84639896553e-05,7.29024678694e-08
95.1,4.27117860521e-07,6.84120031859e-05,7.2249294906e-08
95.15,4.2307982273e-07,6.83601438085e-05,7.1601902534e-08
95.2,4.19079856085e-07,6.83084107684e-05,7.0960317668e-08
95.25,4.15117602745e-07,6.82568033149e-05,7.03245048453e-08
95.3,4.11192708225e-07,6.82053207019e-05,6.96944206352e-08
95.35,4.07304821357e-07,6.81539621878e-05,6.90700053727e-08
95.4,4.03453594264e-07,6.81027270356e-05,6.84512191138e-08
95.45,3.99638682328e-07,6.8051614513e-05,6.78379577896e-08
95.5,3.95859744158e-07,6.80006238927e-05,6.72301235014e-08
95.55,3.92116441563e-07,6.79497544522e-05,6.66278388691e-08
95.6,3.88408439521e-07,6.7899005472e-05,6.60308837285e-08
95.65,3.84735406147e-07,6.78483762389e-05,6.54392116506e-08
95.7,3.81097012667e-07,6.77978660437e-05,6.48528472336e-08
95.75,3.77492933387e-07,6.77475704912e-05,6.42717580669e-08
95.8,3.73922845666e-07,6.76974142751e-05,6.36959044579e-08
95.85,3.7038828091e-07,6.76473753713e-05,6.3125231877e-08
95.9,3.66887034635e-07,6.75974530918e-05,6.25597038179e-08
95.95,3.63418793734e-07,6.75476467446e-05,6.19992251691e-08
96.0,3.59983248032e-07,6.74979556427e-05,6.14437064576e-08
96.05,3.56580090261e-07,6.74483791039e-05,6.08932597497e-08
96.1,3.53209016028e-07,6.73989164486e-05,6.03476838305e-08
96.15,3.49869723794e-07,6.7349567003e-05,5.98069362671e-08
96.2,3.46561914841e-07,6.73003300975e-05,5.92710395404e-08
96.25,3.43285293251e-07,6.7251205066e-05,5.87399640295e-08
96.3,3.40039565878e-07,6.72021912467e-05,5.82136734581e-08
96.35,3.36824442321e-07,6.71532879815e-05,5.76921179899e-08
96.4,3.33639634899e-07,6.71045619945e-05,5.71752642605e-08
96.45,3.30484858628e-07,6.70562751888e-05,5.66630253447e-08
96.5,3.27359831192e-07,6.70080979913e-05,5.61553194703e-08
96.55,3.2426427292e-07,6.69600290407e-05,5.56522490581e-08
96.6,3.21197906763e-07,6.6912067689e-05,5.51536302116e-08
96.65,3.18160458265e-07,6.68642132935e-05,5.465942415e-08
96.7,3.15151655544e-07,6.68164652156e-05,5.41696514194e-08
96.75,3.12171229264e-07,6.67688228203e-05,5.36842849483e-08
96.8,3.09218912613e-07,6.67212854763e-05,5.32032915826e-08
96.85,3.06295972004e-07,6.66738525567e-05,5.27266257753e-08
96.9,3.03400584417e-07,6.66265234443e-05,5.22542570338e-08
96.95,3.00532490925e-07,6.65792975198e-05,5.17861059143e-08
97.0,2.97691435027e-07,6.65321741679e-05,5.13220976827e-08
97.05,2.94877162624e-07,6.64851527779e-05,5.08623259447e-08
97.1,2.92089421996e-07,6.64382327416e-05,5.04066226313e-08
97.15,2.89327963781e-07,6.63914134558e-05,4.99549522996e-08
97.2,2.86592540954e-07,6.63446943212e-05,4.95073337275e-08
97.25,2.83882908802e-07,6.62981340781e-05,4.90637421732e-08
97.3,2.81198824905e-07,6.62517288155e-05,4.86241473364e-08
97.35,2.78540049112e-07,6.62054222988e-05,4.81885075901e-08
97.4,2.75906343525e-07,6.61592139396e-05,4.77567950664e-08
97.45,2.73297472472e-07,6.61131031534e-05,4.73289371588e-08
97.5,2.7071320249e-07,6.60670893596e-05,4.69048655658e-08
97.55,2.68153302303e-07,6.60211719816e-05,4.64846658362e-08
97.6,2.65617542801e-07,6.59753504454e-05,4.60681843669e-08
97.65,2.63105697022e-07,6.59296241819e-05,4.56553887654e-08
97.7,2.60617540129e-07,6.58839926253e-05,4.52462961932e-08
97.75,2.58152849394e-07,6.58384552131e-05,4.48408840382e-08
97.8,2.55711404173e-07,6.57930113866e-05,4.4439124608e-08
97.85,2.53294251739e-07,6.57476605901e-05,4.40409798583e-08
97.9,2.50899884527e-07,6.57024209492e-05,4.36464243198e-08
97.95,2.48528088417e-07,6.56573572985e-05,4.32553916352e-08
98.0,2.46178651292e-07,6.56123853719e-05,4.28678193815e-08
98.05,2.43851363023e-07,6.55675046253e-05,4.24837857447e-08
98.1,2.41546015448e-07,6.55229276996e-05,4.21031503417e-08
98.15,2.39262402354e-07,6.5478484649e-05,4.17258835684e-08
98.2,2.37000319462e-07,6.543413116e-05,4.13520011089e-08
98.25,2.34759564405e-07,6.53898666961e-05,4.09814822977e-08
98.3,2.32539936709e-07,6.53456907241e-05,4.06143018254e-08
98.35,2.30341237783e-07,6.53016027141e-05,4.02504249224e-08
98.4,2.28163270891e-07,6.52576021398e-05,3.98898283114e-08
98.45,2.26005841145e-07,6.52136884783e-05,3.95324513465e-08
98.5,2.23868755478e-07,6.51698612103e-05,3.91782369773e-08
98.55,2.21751822636e-07,6.51261198199e-05,3.88272566604e-08
98.6,2.19654853155e-07,6.50824637941e-05,3.84793820955e-08
98.65,2.17577659345e-07,6.50388926238e-05,3.81345862261e-08
98.7,2.15520055276e-07,6.49954058031e-05,3.77928833866e-08
98.75,2.1348185676e-07,6.49520267634e-05,3.60773917004e-08
98.8,2.11462881335e-07,6.49088306459e-05,3.56010070313e-08
98.85,2.09463995051e-07,6.48657187438e-05,3.52820425731e-08
98.9,2.07483951215e-07,6.48226893652e-05,3.49659558092e-08
98.95,2.05522572758e-07,6.47797420191e-05,3.46526923609e-08
99.0,2.03579684268e-07,6.47368762179e-05,3.43422011267e-08
99.05,2.01655111976e-07,6.46940914773e-05,3.40345484426e-08
99.1,1.99748683742e-07,6.46513873157e-05,3.37296180718e-08
99.15,1.97860229036e-07,6.46087632549e-05,3.34273862987e-08
99.2,1.95989578927e-07,6.45662188201e-05,3.31278672277e-08
99.25,1.94136566065e-07,6.45237535392e-05,3.28310306103e-08
99.3,1.92301024668e-07,6.44813669432e-05,3.2536870553e-08
99.35,1.90482790508e-07,6.4439058566e-05,3.22453589876e-08
99.4,1.88681700894e-07,6.43968279445e-05,3.19564774368e-08
99.45,1.86897594659e-07,6.43547630363e-05,3.16701762023e-08
99.5,1.85130312147e-07,6.43127874463e-05,3.13864085806e-08
99.55,1.83379695198e-07,6.42708885659e-05,3.11052351983e-08
99.6,1.81645587131e-07,6.42290659408e-05,3.08265498231e-08
99.65,1.79927832737e-07,6.41873191198e-05,3.05503307805e-08
99.7,1.78226278258e-07,6.41456476551e-05,3.02765909609e-08
99.75,1.76540771379e-07,6.41040511012e-05,3.00053027193e-08
99.8,1.7487116121e-07,6.40625290158e-05,2.97364606695e-08
99.85,1.7321816394e-07,6.40210809592e-05,2.94700391591e-08
99.9,1.71580748604e-07,6.39797064979e-05,2.92060213009e-08
99.95,1.69958768774e-07,6.39385333335e-05,2.89443616743e-08
100.0,1.68352079391e-07,6.38975287921e-05,2.86850175954e-08
