"time","AMPA","NMDA","GABAa"
0.0,0.0,0.0,0.0
0.05,0.0,0.0,0.0
0.1,0.0,0.0,0.0
0.15,0.0,0.0,0.0
0.2,0.0,0.0,0.0
0.25,0.0,0.0,0.0
0.3,0.0,0.0,0.0
0.35,0.0,0.0,0.0
0.4,0.0,0.0,0.0
0.45,0.0,0.0,0.0
0.5,0.0,0.0,0.0
0.55,0.0,0.0,0.0
0.6,0.0,0.0,0.0
0.65,0.0,0.0,0.0
0.7,0.0,0.0,0.0
0.75,0.0,0.0,0.0
0.8,0.0,0.0,0.0
0.85,0.0,0.0,0.0
0.9,0.0,0.0,0.0
0.95,0.0,0.0,0.0
1.0,0.0,0.0,0.0
1.05,0.0,0.0,0.0
1.1,0.0,0.0,0.0
1.15,0.0,0.0,0.0
1.2,0.0,0.0,0.0
1.25,0.0,0.0,0.0
1.3,0.0,0.0,0.0
1.35,0.0,0.0,0.0
1.4,0.0,0.0,0.0
1.45,0.0,0.0,0.0
1.5,0.0,0.0,0.0
1.55,0.0,0.0,0.0
1.6,0.0,0.0,0.0
1.65,0.0,0.0,0.0
1.7,0.0,0.0,0.0
1.75,0.0,0.0,0.0
1.8,0.0,0.0,0.0
1.85,0.0,0.0,0.0
1.9,0.0,0.0,0.0
1.95,0.0,0.0,0.0
2.0,0.0,0.0,0.0
2.05,0.0,0.0,0.0
2.1,0.0,0.0,0.0
2.15,0.0,0.0,0.0
2.2,0.0,0.0,0.0
2.25,0.0,0.0,0.0
2.3,0.0,0.0,0.0
2.35,0.0,0.0,0.0
2.4,0.0,0.0,0.0
2.45,0.0,0.0,0.0
2.5,0.0,0.0,0.0
2.55,0.0,0.0,0.0
2.6,0.0,0.0,0.0
2.65,0.0,0.0,0.0
2.7,0.0,0.0,0.0
2.75,0.0,0.0,0.0
2.8,0.0,0.0,0.0
2.85,0.0,0.0,0.0
2.9,0.0,0.0,0.0
2.95,0.0,0.0,0.0
3.0,0.0,0.0,0.0
3.05,0.0,0.0,0.0
3.1,0.0,0.0,0.0
3.15,0.0,0.0,0.0
3.2,0.0,0.0,0.0
3.25,0.0,0.0,0.0
3.3,0.0,0.0,0.0
3.35,0.0,0.0,0.0
3.4,0.0,0.0,0.0
3.45,0.0,0.0,0.0
3.5,0.0,0.0,0.0
3.55,0.0,0.0,0.0
3.6,0.0,0.0,0.0
3.65,0.0,0.0,0.0
3.7,0.0,0.0,0.0
3.75,0.0,0.0,0.0
3.8,0.0,0.0,0.0
3.85,0.0,0.0,0.0
3.9,0.0,0.0,0.0
3.95,0.0,0.0,0.0
4.0,0.0,0.0,0.0
4.05,0.0,0.0,0.0
4.1,0.0,0.0,0.0
4.15,0.0,0.0,0.0
4.2,0.0,0.0,0.0
4.25,0.0,0.0,0.0
4.3,0.0,0.0,0.0
4.35,0.0,0.0,0.0
4.4,0.0,0.0,0.0
4.45,0.0,0.0,0.0
4.5,0.0,0.0,0.0
4.55,0.0,0.0,0.0
4.6,0.0,0.0,0.0
4.65,0.0,0.0,0.0
4.7,0.0,0.0,0.0
4.75,0.0,0.0,0.0
4.8,0.0,0.0,0.0
4.85,0.0,0.0,0.0
4.9,0.0,0.0,0.0
4.95,0.0,0.0,0.0
5.0,0.0,0.0,0.0
5.05,0.0,0.0,0.0
5.1,0.0,0.0,0.0
5.15,0.0,0.0,0.0
5.2,0.0,0.0,0.0
5.25,0.0,0.0,0.0
5.3,0.0,0.0,0.0
5.35,0.0,0.0,0.0
5.4,0.0,0.0,0.0
5.45,0.0,0.0,0.0
5.5,0.0,0.0,0.0
5.55,0.0,0.0,0.0
5.6,0.0,0.0,0.0
5.65,0.0,0.0,0.0
5.7,0.0,0.0,0.0
5.75,0.0,0.0,0.0
5.8,0.0,0.0,0.0
5.85,0.0,0.0,0.0
5.9,0.0,0.0,0.0
5.95,0.0,0.0,0.0
6.0,0.0,0.0,0.0
6.05,0.0,0.0,0.0
6.1,0.0,0.0,0.0
6.15,0.0,0.0,0.0
6.2,0.0,0.0,0.0
6.25,0.0,0.0,0.0
6.3,0.0,0.0,0.0
6.35,0.0,0.0,0.0
6.4,0.0,0.0,0.0
6.45,0.0,0.0,0.0
6.5,0.0,0.0,0.0
6.55,0.0,0.0,0.0
6.6,0.0,0.0,0.0
6.65,0.0,0.0,0.0
6.7,0.0,0.0,0.0
6.75,0.0,0.0,0.0
6.8,0.0,0.0,0.0
6.85,0.0,0.0,0.0
6.9,0.0,0.0,0.0
6.95,0.0,0.0,0.0
7.0,0.0,0.0,0.0
7.05,0.0,0.0,0.0
7.1,0.0,0.0,0.0
7.15,0.0,0.0,0.0
7.2,0.0,0.0,0.0
7.25,0.0,0.0,0.0
7.3,0.0,0.0,0.0
7.35,0.0,0.0,0.0
7.4,0.0,0.0,0.0
7.45,0.0,0.0,0.0
7.5,0.0,0.0,0.0
7.55,0.0,0.0,0.0
7.6,0.0,0.0,0.0
7.65,0.0,0.0,0.0
7.7,0.0,0.0,0.0
7.75,0.0,0.0,0.0
7.8,0.0,0.0,0.0
7.85,0.0,0.0,0.0
7.9,0.0,0.0,0.0
7.95,0.0,0.0,0.0
8.0,0.0,0.0,0.0
8.05,0.0,0.0,0.0
8.1,0.0,0.0,0.0
8.15,0.0,0.0,0.0
8.2,0.0,0.0,0.0
8.25,0.0,0.0,0.0
8.3,0.0,0.0,0.0
8.35,0.0,0.0,0.0
8.4,0.0,0.0,0.0
8.45,0.0,0.0,0.0
8.5,0.0,0.0,0.0
8.55,0.0,0.0,0.0
8.6,0.0,0.0,0.0
8.65,0.0,0.0,0.0
8.7,0.0,0.0,0.0
8.75,0.0,0.0,0.0
8.8,0.0,0.0,0.0
8.85,0.0,0.0,0.0
8.9,0.0,0.0,0.0
8.95,0.0,0.0,0.0
9.0,0.0,0.0,0.0
9.05,0.0,0.0,0.0
9.1,0.0,0.0,0.0
9.15,0.0,0.0,0.0
9.2,0.0,0.0,0.0
9.25,0.0,0.0,0.0
9.3,0.0,0.0,0.0
9.35,0.0,0.0,0.0
9.4,0.0,0.0,0.0
9.45,0.0,0.0,0.0
9.5,0.0,0.0,0.0
9.55,0.0,0.0,0.0
9.6,0.0,0.0,0.0
9.65,0.0,0.0,0.0
9.7,0.0,0.0,0.0
9.75,0.0,0.0,0.0
9.8,0.0,0.0,0.0
9.85,0.0,0.0,0.0
9.9,0.0,0.0,0.0
9.95,0.0,0.0,0.0
10.0,0.0,0.0,0.0
10.05,0.0,0.0,0.0
10.1,0.0,0.0,0.0
10.15,0.0,0.0,0.0
10.2,0.0,0.0,0.0
10.25,0.0,0.0,0.0
10.3,0.0,0.0,0.0
10.35,0.0,0.0,0.0
10.4,0.0,0.0,0.0
10.45,0.0,0.0,0.0
10.5,0.0,0.0,0.0
10.55,0.0,0.0,0.0
10.6,0.0,0.0,0.0
10.65,0.0,0.0,0.0
10.7,0.0,0.0,0.0
10.75,0.0,0.0,0.0
10.8,0.0,0.0,0.0
10.85,0.0,0.0,0.0
10.9,0.0,0.0,0.0
10.95,0.0,0.0,0.0
11.0,0.0,0.0,0.0
11.05,0.0,0.0,0.0
11.1,0.0,0.0,0.0
11.15,0.0,0.0,0.0
11.2,0.0,0.0,0.0
11.25,0.0,0.0,0.0
11.3,0.0,0.0,0.0
11.35,0.0,0.0,0.0
11.4,0.0,0.0,0.0
11.45,0.0,0.0,0.0
11.5,0.0,0.0,0.0
11.55,0.0,0.0,0.0
11.6,0.0,0.0,0.0
11.65,0.0,0.0,0.0
11.7,0.0,0.0,0.0
11.75,0.0,0.0,0.0
11.8,0.0,0.0,0.0
11.85,0.0,0.0,0.0
11.9,0.0,0.0,0.0
11.95,0.0,0.0,0.0
12.0,0.0,0.0,0.0
12.05,0.0,0.0,0.0
12.1,0.0,0.0,0.0
12.15,0.0,0.0,0.0
12.2,0.0,0.0,0.0
12.25,0.0,0.0,0.0
12.3,0.0,0.0,0.0
12.35,0.0,0.0,0.0
12.4,0.0,0.0,0.0
12.45,0.0,0.0,0.0
12.5,0.0,0.0,0.0
12.55,0.0,0.0,0.0
12.6,0.0,0.0,0.0
12.65,0.0,0.0,0.0
12.7,0.0,0.0,0.0
12.75,0.0,0.0,0.0
12.8,0.0,0.0,0.0
12.85,0.0,0.0,0.0
12.9,0.0,0.0,0.0
12.95,0.0,0.0,0.0
13.0,0.0,0.0,0.0
13.05,0.0,0.0,0.0
13.1,0.0,0.0,0.0
13.15,0.0,0.0,0.0
13.2,0.0,0.0,0.0
13.25,0.0,0.0,0.0
13.3,0.0,0.0,0.0
13.35,0.0,0.0,0.0
13.4,0.0,0.0,0.0
13.45,0.0,0.0,0.0
13.5,0.0,0.0,0.0
13.55,0.0,0.0,0.0
13.6,0.0,0.0,0.0
13.65,0.0,0.0,0.0
13.7,0.0,0.0,0.0
13.75,0.0,0.0,0.0
13.8,0.0,0.0,0.0
13.85,0.0,0.0,0.0
13.9,0.0,0.0,0.0
13.95,0.0,0.0,0.0
14.0,0.0,0.0,0.0
14.05,0.0,0.0,0.0
14.1,0.0,0.0,0.0
14.15,0.0,0.0,0.0
14.2,0.0,0.0,0.0
14.25,0.0,0.0,0.0
14.3,0.0,0.0,0.0
14.35,0.0,0.0,0.0
14.4,0.0,0.0,0.0
14.45,0.0,0.0,0.0
14.5,0.0,0.0,0.0
14.55,0.0,0.0,0.0
14.6,0.0,0.0,0.0
14.65,0.0,0.0,0.0
14.7,0.0,0.0,0.0
14.75,0.0,0.0,0.0
14.8,0.0,0.0,0.0
14.85,0.0,0.0,0.0
14.9,0.0,0.0,0.0
14.95,0.0,0.0,0.0
15.0,0.0,0.0,0.0
15.05,0.0,0.0,0.0
15.1,0.0,0.0,0.0
15.15,0.0,0.0,0.0
15.2,0.0,0.0,0.0
15.25,0.0,0.0,0.0
15.3,0.0,0.0,0.0
15.35,0.0,0.0,0.0
15.4,0.0,0.0,0.0
15.45,0.0,0.0,0.0
15.5,0.0,0.0,0.0
15.55,0.0,0.0,0.0
15.6,0.0,0.0,0.0
15.65,0.0,0.0,0.0
15.7,0.0,0.0,0.0
15.75,0.0,0.0,0.0
15.8,0.0,0.0,0.0
15.85,0.0,0.0,0.0
15.9,0.0,0.0,0.0
15.95,0.0,0.0,0.0
16.0,0.0,0.0,0.0
16.05,0.0,0.0,0.0
16.1,0.0,0.0,0.0
16.15,0.0,0.0,0.0
16.2,0.0,0.0,0.0
16.25,0.0,0.0,0.0
16.3,0.0,0.0,0.0
16.35,0.0,0.0,0.0
16.4,0.0,0.0,0.0
16.45,0.0,0.0,0.0
16.5,0.0,0.0,0.0
16.55,0.0,0.0,0.0
16.6,0.0,0.0,0.0
16.65,0.0,0.0,0.0
16.7,0.0,0.0,0.0
16.75,0.0,0.0,0.0
16.8,0.0,0.0,0.0
16.85,0.0,0.0,0.0
16.9,0.0,0.0,0.0
16.95,0.0,0.0,0.0
17.0,0.0,0.0,0.0
17.05,0.0,0.0,0.0
17.1,0.0,0.0,0.0
17.15,0.0,0.0,0.0
17.2,0.0,0.0,0.0
17.25,0.0,0.0,0.0
17.3,0.0,0.0,0.0
17.35,0.0,0.0,0.0
17.4,0.0,0.0,0.0
17.45,0.0,0.0,0.0
17.5,0.0,0.0,0.0
17.55,0.0,0.0,0.0
17.6,0.0,0.0,0.0
17.65,0.0,0.0,0.0
17.7,0.0,0.0,0.0
17.75,0.0,0.0,0.0
17.8,0.0,0.0,0.0
17.85,0.0,0.0,0.0
17.9,0.0,0.0,0.0
17.95,0.0,0.0,0.0
18.0,0.0,0.0,0.0
18.05,0.0,0.0,0.0
18.1,0.0,0.0,0.0
18.15,0.0,0.0,0.0
18.2,0.0,0.0,0.0
18.25,0.0,0.0,0.0
18.3,0.0,0.0,0.0
18.35,0.0,0.0,0.0
18.4,0.0,0.0,0.0
18.45,0.0,0.0,0.0
18.5,0.0,0.0,0.0
18.55,0.0,0.0,0.0
18.6,0.0,0.0,0.0
18.65,0.0,0.0,0.0
18.7,0.0,0.0,0.0
18.75,0.0,0.0,0.0
18.8,0.0,0.0,0.0
18.85,0.0,0.0,0.0
18.9,0.0,0.0,0.0
18.95,0.0,0.0,0.0
19.0,0.0,0.0,0.0
19.05,0.0,0.0,0.0
19.1,0.0,0.0,0.0
19.15,0.0,0.0,0.0
19.2,0.0,0.0,0.0
19.25,0.0,0.0,0.0
19.3,0.0,0.0,0.0
19.35,0.0,0.0,0.0
19.4,0.0,0.0,0.0
19.45,0.0,0.0,0.0
19.5,0.0,0.0,0.0
19.55,0.0,0.0,0.0
19.6,0.0,0.0,0.0
19.65,0.0,0.0,0.0
19.7,0.0,0.0,0.0
19.75,0.0,0.0,0.0
19.8,0.0,0.0,0.0
19.85,0.0,0.0,0.0
19.9,0.0,0.0,0.0
19.95,0.0,0.0,0.0
20.0,0.0,0.0,0.0
20.05,0.0,0.0,0.0
20.1,0.0,0.0,0.0
20.15,0.0,0.0,0.0
20.2,0.0,0.0,0.0
20.25,0.0,0.0,0.0
20.3,0.0,0.0,0.0
20.35,0.0,0.0,0.0
20.4,0.0,0.0,0.0
20.45,0.0,0.0,0.0
20.5,0.0,0.0,0.0
20.55,0.0,0.0,0.0
20.6,0.0,0.0,0.0
20.65,0.0,0.0,0.0
20.7,0.0,0.0,0.0
20.75,0.0,0.0,0.0
20.8,0.0,0.0,0.0
20.85,0.0,0.0,0.0
20.9,0.0,0.0,0.0
20.95,0.0,0.0,0.0
21.0,0.0,0.0,0.0
21.05,0.0,0.0,0.0
21.1,0.0,0.0,0.0
21.15,0.0,0.0,0.0
21.2,0.0,0.0,0.0
21.25,0.0,0.0,0.0
21.3,0.0,0.0,0.0
21.35,0.0,0.0,0.0
21.4,0.0,0.0,0.0
21.45,0.0,0.0,0.0
21.5,0.0,0.0,0.0
21.55,0.0,0.0,0.0
21.6,0.0,0.0,0.0
21.65,0.0,0.0,0.0
21.7,0.0,0.0,0.0
21.75,0.0,0.0,0.0
21.8,0.0,0.0,0.0
21.85,0.0,0.0,0.0
21.9,0.0,0.0,0.0
21.95,0.0,0.0,0.0
22.0,0.0,0.0,0.0
22.05,0.0,0.0,0.0
22.1,0.0,0.0,0.0
22.15,0.0,0.0,0.0
22.2,0.0,0.0,0.0
22.25,0.0,0.0,0.0
22.3,0.0,0.0,0.0
22.35,0.0,0.0,0.0
22.4,0.0,0.0,0.0
22.45,0.0,0.0,0.0
22.5,0.0,0.0,0.0
22.55,0.0,0.0,0.0
22.6,0.0,0.0,0.0
22.65,0.0,0.0,0.0
22.7,0.0,0.0,0.0
22.75,0.0,0.0,0.0
22.8,0.0,0.0,0.0
22.85,0.0,0.0,0.0
22.9,0.0,0.0,0.0
22.95,0.0,0.0,0.0
23.0,0.0,0.0,0.0
23.05,0.0,0.0,0.0
23.1,0.0,0.0,0.0
23.15,0.0,0.0,0.0
23.2,0.0,0.0,0.0
23.25,0.0,0.0,0.0
23.3,0.0,0.0,0.0
23.35,0.0,0.0,0.0
23.4,0.0,0.0,0.0
23.45,0.0,0.0,0.0
23.5,0.0,0.0,0.0
23.55,0.0,0.0,0.0
23.6,0.0,0.0,0.0
23.65,0.0,0.0,0.0
23.7,0.0,0.0,0.0
23.75,0.0,0.0,0.0
23.8,0.0,0.0,0.0
23.85,0.0,0.0,0.0
23.9,0.0,0.0,0.0
23.95,0.0,0.0,0.0
24.0,0.0,0.0,0.0
24.05,0.0,0.0,0.0
24.1,0.0,0.0,0.0
24.15,0.0,0.0,0.0
24.2,0.0,0.0,0.0
24.25,0.0,0.0,0.0
24.3,0.0,0.0,0.0
24.35,0.0,0.0,0.0
24.4,0.0,0.0,0.0
24.45,0.0,0.0,0.0
24.5,0.0,0.0,0.0
24.55,0.0,0.0,0.0
24.6,0.0,0.0,0.0
24.65,0.0,0.0,0.0
24.7,0.0,0.0,0.0
24.75,0.0,0.0,0.0
24.8,0.0,0.0,0.0
24.85,0.0,0.0,0.0
24.9,0.0,0.0,0.0
24.95,0.0,0.0,0.0
25.0,0.0,0.0,0.0
25.05,0.0,0.0,0.0
25.1,0.0,0.0,0.0
25.15,0.0,0.0,0.0
25.2,0.0,0.0,0.0
25.25,0.0,0.0,0.0
25.3,0.0,0.0,0.0
25.35,0.0,0.0,0.0
25.4,0.0,0.0,0.0
25.45,0.0,0.0,0.0
25.5,0.0,0.0,0.0
25.55,0.0,0.0,0.0
25.6,0.0,0.0,0.0
25.65,0.0,0.0,0.0
25.7,0.0,0.0,0.0
25.75,0.0,0.0,0.0
25.8,0.0,0.0,0.0
25.85,0.0,0.0,0.0
25.9,0.0,0.0,0.0
25.95,0.0,0.0,0.0
26.0,0.0,0.0,0.0
26.05,0.0,0.0,0.0
26.1,0.0,0.0,0.0
26.15,0.0,0.0,0.0
26.2,0.0,0.0,0.0
26.25,0.0,0.0,0.0
26.3,0.0,0.0,0.0
26.35,0.0,0.0,0.0
26.4,0.0,0.0,0.0
26.45,0.0,0.0,0.0
26.5,0.0,0.0,5.70432590052e-18
26.55,0.0,0.0,7.70856400236e-06
26.6,0.0,0.0,1.36582583061e-05
26.65,0.0,0.0,1.82504010673e-05
26.7,0.0,0.0,2.17947434661e-05
26.75,0.0,0.0,2.45303618898e-05
26.8,0.0,0.0,2.66417833522e-05
26.85,0.0,0.0,3.59799957239e-05
26.9,0.0,0.0,5.08960565043e-05
26.95,0.0,0.0,6.24086953125e-05
27.0,0.0,0.0,7.12944675035e-05
27.05,0.0,0.0,7.81527251065e-05
27.1,0.0,0.0,9.11546753e-05
27.15,0.0,0.0,0.000116607070174
27.2,0.0,0.0,0.000136251949096
27.25,0.0,0.0,0.000151414407438
27.3,0.0,0.0,0.000170825762359
27.35,0.0,0.0,0.00018580795507
27.4,0.0,0.0,0.000197371592603
27.45,0.0,0.0,0.000214005276842
27.5,0.0,0.0,0.000226787395704
27.55,0.0,0.0,0.000244061204594
27.6,0.0,0.0,0.000257327709191
27.65,0.0,0.0,0.000267501824674
27.7,0.0,0.0,0.000275289769314
27.75,0.0,0.0,0.000281236569836
27.8,0.0,0.0,0.000285706659294
27.85,0.0,0.0,0.000288737236452
27.9,0.0,0.0,0.000290647656273
27.95,0.0,0.0,0.000291929085952
28.0,0.0,0.0,0.00029272677754
28.05,0.0,0.0,0.000293096873225
28.1,0.0,0.0,0.000292781858051
28.15,0.0,0.0,0.000291685937886
28.2,0.0,0.0,0.000290458448173
28.25,0.0,0.0,0.000289076576211
28.3,0.0,0.0,0.000287334775846
28.35,0.0,0.0,0.000285553257551
28.4,0.0,0.0,0.000291397373442
28.45,0.0,0.0,0.000295178089823
28.5,0.0,0.0,0.00029754826414
28.55,0.0,0.0,0.000298590248886
28.6,0.0,0.0,0.000298845958758
28.65,0.0,0.0,0.000298500025234
28.7,0.0,0.0,0.00029769406196
28.75,0.0,0.0,0.000296537806729
28.8,0.0,0.0,0.000295116220373
28.85,0.0,0.0,0.000293494570568
28.9,0.0,0.0,0.000291723191747
28.95,0.0,0.0,0.000289840961436
29.0,0.0,0.0,0.000287877495832
29.05,0.0,0.0,0.000285856409845
29.1,0.0,0.0,0.000283795170286
29.15,0.0,0.0,0.000281707715854
29.2,0.0,0.0,0.000279603990704
29.25,0.0,0.0,0.000277492068476
29.3,0.0,0.0,0.000275378419971
29.35,0.0,0.0,0.000273211546858
29.4,0.0,0.0,0.000270763772285
29.45,0.0,0.0,0.000268337937054
29.5,0.0,0.0,0.000265933569564
29.55,0.0,0.0,0.000263550991772
29.6,0.0,0.0,0.000261189752575
29.65,0.0,0.0,0.000258849916689
29.7,0.0,0.0,0.000256530785012
29.75,0.0,0.0,0.000254232177182
29.8,0.0,0.0,0.000251954167847
29.85,0.0,0.0,0.000249696552849
29.9,0.0,0.0,0.000247459455333
29.95,0.0,0.0,0.000245242408865
30.0,0.0,0.0,0.000243044982435
30.05,0.0,0.0,0.000240867470289
30.1,0.0,0.0,0.000238709460151
30.15,0.0,0.0,0.000236571011167
30.2,0.0,0.0,0.000234451484405
30.25,0.0,0.0,0.000232350715026
30.3,0.0,0.0,0.000230268771254
30.35,0.0,0.0,0.000228205466504
30.4,0.0,0.0,0.000226160913319
30.45,0.0,0.0,0.000224134685413
30.5,0.0,0.0,0.000222126388871
30.55,0.0,0.0,0.000220136292615
30.6,0.0,0.0,0.000218164019851
30.65,0.0,0.0,0.000216209624636
30.7,0.0,0.0,0.000214272523031
30.75,0.0,0.0,0.000212352564383
30.8,0.0,0.0,0.000210449811044
30.85,0.0,0.0,0.000208564092487
30.9,0.0,0.0,0.000206695511572
30.95,0.0,0.0,0.000204843678699
31.0,0.0,0.0,0.000203008233861
31.05,0.0,0.0,0.000201189422831
31.1,0.0,0.0,0.000199386901246
31.15,0.0,0.0,0.000197600718511
31.2,0.0,0.0,0.000195830340945
31.25,0.0,0.0,0.000194240092523
31.3,0.0,0.0,0.000196539104795
31.35,0.0,0.0,0.000204457400855
31.4,0.0,0.0,0.000210303519419
31.45,0.0,0.0,0.000214552628983
31.5,0.0,0.0,0.000217571296064
31.55,0.0,0.0,0.000219805748278
31.6,0.0,0.0,0.000224868928821
31.65,0.0,0.0,0.000228716832492
31.7,0.0,0.0,0.000235174395832
31.75,0.0,0.0,0.000239978300329
31.8,0.0,0.0,0.000243507625218
31.85,0.0,0.0,0.000246054790788
31.9,0.0,0.0,0.000247845568771
31.95,0.0,0.0,0.000249243914082
32.0,0.0,0.0,0.000253219862442
32.05,0.0,0.0,0.000259970215863
32.1,0.0,0.0,0.000265085608359
32.15,0.0,0.0,0.000268939937449
32.2,0.0,0.0,0.000271821761506
32.25,0.0,0.0,0.000273928134505
32.3,0.0,0.0,0.000275114200631
32.35,0.0,0.0,0.000275269814886
32.4,0.0,0.0,0.000275102303526
32.45,0.0,0.0,0.000274688102727
32.5,0.0,0.0,0.000274085889146
32.55,0.0,0.0,0.000273315246055
32.6,0.0,0.0,0.000272141420533
32.65,0.0,0.0,0.000270867494809
32.7,0.0,0.0,0.000269384433824
32.75,0.0,0.0,0.000272016768581
32.8,0.0,0.0,0.000273681453053
32.85,0.0,0.0,0.000274603031184
32.9,0.0,0.0,0.000274953691256
32.95,0.0,0.0,0.000274845942684
33.0,0.0,0.0,0.00027419195424
33.05,0.0,0.0,0.000277950379644
33.1,0.0,0.0,0.000285129475592
33.15,0.0,0.0,0.000290244978804
33.2,0.0,0.0,0.000293771809578
33.25,0.0,0.0,0.000296075938233
33.3,0.0,0.0,0.000297440341924
33.35,0.0,0.0,0.000298083443913
33.4,0.0,0.0,0.000298173019413
33.45,0.0,0.0,0.000297838969532
33.5,0.0,0.0,0.000297181829348
33.55,0.0,0.0,0.000296278909778
33.6,0.0,0.0,0.000295189838922
33.65,0.0,0.0,0.000293960360685
33.7,0.0,0.0,0.000292595988864
33.75,0.0,0.0,0.000290859588456
33.8,0.0,0.0,0.00028907494009
33.85,0.0,0.0,0.000287257298286
33.9,0.0,0.0,0.000285417690819
33.95,0.0,0.0,0.000283564996163
34.0,0.0,0.0,0.000281671022503
34.05,0.0,0.0,0.000279448855263
34.1,0.0,0.0,0.000276945415521
34.15,0.0,0.0,0.000274464128001
34.2,0.0,0.0,0.000272005054172
34.25,0.0,0.0,0.000269568047679
34.3,0.0,0.0,0.000267152840925
34.35,0.0,0.0,0.000264759474087
34.4,0.0,0.0,0.000262387286363
34.45,0.0,0.0,0.000260036093237
34.5,0.0,0.0,0.000257705966411
34.55,0.0,0.0,0.000255397023513
34.6,0.0,0.0,0.000253308499318
34.65,0.0,0.0,0.000253868563099
34.7,0.0,0.0,0.000254053723205
34.75,0.0,0.0,0.00025623646231
34.8,0.0,0.0,0.000257520191699
34.85,0.0,0.0,0.000258114013153
34.9,0.0,0.0,0.000258178525602
34.95,0.0,0.0,0.000257837988797
35.0,0.0,0.0,0.000257188512738
35.05,0.0,0.0,0.000256304341651
35.1,0.0,0.0,0.000255242296118
35.15,0.0,0.0,0.000254046099444
35.2,0.0,0.0,0.000252749915643
35.25,0.0,0.0,0.000251379943193
35.3,0.0,0.0,0.000250144951502
35.35,0.0,0.0,0.000251768110124
35.4,0.0,0.0,0.000252702047704
35.45,0.0,0.0,0.000253106846132
35.5,0.0,0.0,0.000253338455352
35.55,0.0,0.0,0.000255055890888
35.6,0.0,0.0,0.000256105375856
35.65,0.0,0.0,0.000256358785068
35.7,0.0,0.0,0.00025621778918
35.75,0.0,0.0,0.000255676924583
35.8,0.0,0.0,0.000257904911328
35.85,0.0,0.0,0.000259289274217
35.9,0.0,0.0,0.000260025201909
35.95,0.0,0.0,0.000260263591915
36.0,0.0,0.0,0.000260121080664
36.05,0.0,0.0,0.000259687313631
36.1,0.0,0.0,0.000259031852358
36.15,0.0,0.0,0.000258208244415
36.2,0.0,0.0,0.000257257431283
36.25,0.0,0.0,0.000256211745825
36.3,0.0,0.0,0.000255074053742
36.35,0.0,0.0,0.000253587843848
36.4,0.0,0.0,0.000252070633384
36.45,0.0,0.0,0.000250532772358
36.5,0.0,0.0,0.00024896928746
36.55,0.0,0.0,0.000247100191105
36.6,0.0,0.0,0.000245234400612
36.65,0.0,0.0,0.000243375021633
36.7,0.0,0.0,0.000241524086383
36.75,0.0,0.0,0.000239662063365
36.8,0.0,0.0,0.000237514833437
36.85,0.0,0.0,0.000235387207704
36.9,0.0,0.0,0.000233278407082
36.95,0.0,0.0,0.000231188267594
37.0,0.0,0.0,0.000229116789024
37.05,0.0,0.0,0.000227063949757
37.1,0.0,0.0,0.00022502947283
37.15,0.0,0.0,0.000223013256719
37.2,0.0,0.0,0.000221014884755
37.25,0.0,0.0,0.000219034633636
37.3,0.0,0.0,0.000217072213242
37.35,0.0,0.0,0.000215127709734
37.4,0.0,0.0,0.000213200411083
37.45,0.0,0.0,0.000211512539441
37.5,0.0,0.0,0.000212139698842
37.55,0.0,0.0,0.000213653773352
37.6,0.0,0.0,0.000219234262437
37.65,0.0,0.0,0.000223261935623
37.7,0.0,0.0,0.000226093389929
37.75,0.0,0.0,0.000228004182951
37.8,2.15993889441e-16,3.73951671534e-17,0.000229206965834
37.85,7.98808329398e-05,8.66363260544e-07,0.000229865855477
37.9,0.000154795669012,1.74470650094e-06,0.000230107042651
37.95,0.000225014975925,2.6469919491e-06,0.000230028202535
38.0,0.000290858642113,3.58677011902e-06,0.000229704833579
38.05,0.000352584904326,4.58207158256e-06,0.000229334019774
38.1,0.000410455746042,5.63703646339e-06,0.000232988030356
38.15,0.000464716135727,6.7697409597e-06,0.000235702522805
38.2,0.000515579515886,7.98848347809e-06,0.000242266688921
38.25,0.000563276984045,9.2988515332e-06,0.000247137648337
38.3,0.000607981383207,1.07167507354e-05,0.000250703723618
38.35,0.000649906537145,1.22425184547e-05,0.000253264509915
38.4,0.000689200848768,1.38914392252e-05,0.000255050810362
38.45,0.000726049451571,1.5670498949e-05,0.000256226110549
38.5,0.000760591125661,1.75817726235e-05,0.000256635536749
38.55,0.000792977848746,1.96415035145e-05,0.000256363719268
38.6,0.000823341679847,2.18481808983e-05,0.000255715040083
38.65,0.000851806773347,2.42131319736e-05,0.000258061694906
38.7,0.000878498043473,2.67383205183e-05,0.000259536175025
38.75,0.000903516346367,2.94184402899e-05,0.000260340479691
38.8,0.000903516346367,3.07127760523e-05,0.000260825022178
38.85,0.000894975715403,3.19836292253e-05,0.000263676417777
38.9,0.000886515592469,3.32115419476e-05,0.000265594560087
38.95,0.000878135221,3.43957034568e-05,0.000266886842256
39.0,0.000869833851517,3.55365799689e-05,0.000273118087942
39.05,0.000861610741559,3.66126236515e-05,0.000282201429976
39.1,0.00085346515562,3.76119601416e-05,0.00028868546888
39.15,0.000845396365081,3.8540237655e-05,0.000293366261683
39.2,0.00083740364815,3.94032017506e-05,0.00029639065299
39.25,0.000829486289792,4.02078504432e-05,0.000298374268608
39.3,0.000821643581674,4.09567776619e-05,0.000299557901021
39.35,0.000813874822093,4.16558754694e-05,0.000300126986333
39.4,0.000806179315925,4.23069436214e-05,0.000300224806082
39.45,0.000798556374553,4.29135603232e-05,0.000299961913674
39.5,0.000791005315814,4.34787674748e-05,0.000299423876404
39.55,0.000783525463936,4.40051625897e-05,0.000298676509758
39.6,0.000776116149476,4.44949768125e-05,0.000297747656155
39.65,0.000768776709266,4.4950254315e-05,0.000296402794724
39.7,0.000761506486349,4.53742057774e-05,0.000294975511652
39.75,0.000754304829926,4.5768259286e-05,0.000293487821505
39.8,0.000747171095295,4.61341582837e-05,0.000291936975372
39.85,0.00074010834251,4.6474563344e-05,0.000290059014287
39.9,0.000733112166575,4.67905288373e-05,0.000288167501171
39.95,0.000726181941843,4.70850972829e-05,0.000286230311525
40.0,0.000719317048525,4.73580878751e-05,0.000283967084663
40.05,0.000712516872636,4.76137435267e-05,0.000281422901876
40.1,0.000705780805942,4.78530166041e-05,0.000279294890194
40.15,0.000699108245907,4.80766375687e-05,0.000282590644547
40.2,0.000692498595635,4.82520977284e-05,0.00028467215771
40.25,0.000685951263825,4.83889723069e-05,0.000285820355779
40.3,0.000679465664711,4.84954588424e-05,0.000286252250534
40.35,0.000673041218017,4.85760588688e-05,0.000286135608483
40.4,0.0006666773489,4.86353014977e-05,0.000285599335971
40.45,0.000660373487905,4.86767647017e-05,0.000284743132374
40.5,0.00065412907091,4.87033204885e-05,0.000283644218467
40.55,0.000647943539079,4.87172506503e-05,0.000282362153967
40.6,0.00064181633881,4.87203765006e-05,0.000280942638119
40.65,0.00063574692169,4.87141611315e-05,0.000279420725497
40.7,0.000629734744443,4.8699788504e-05,0.000277823607885
40.75,0.000623779268885,4.86782227747e-05,0.000276171986024
40.8,0.000617879961873,4.8650256903e-05,0.000274482005013
40.85,0.000612039353946,4.86165476872e-05,0.000272766372502
40.9,0.000606253802355,4.85776509597e-05,0.000271034365349
40.95,0.000600522789712,4.85340298626e-05,0.00026929333138
41.0,0.000594845803479,4.84860792737e-05,0.000267549188347
41.05,0.000589222335915,4.8434137641e-05,0.000265806465701
41.1,0.000583651884036,4.83784979819e-05,0.000264029000933
41.15,0.000578133949568,4.83196473209e-05,0.000261663988013
41.2,0.000572668038903,4.82612660396e-05,0.00025932013156
41.25,0.00056725366306,4.82033280451e-05,0.000256997012375
41.3,0.000561890337634,4.81458101811e-05,0.000254694449834
41.35,0.000556577582759,4.80886906875e-05,0.000252412519525
41.4,0.000551314923066,4.8031947631e-05,0.000250150784157
41.45,0.000546101887637,4.79756738196e-05,0.000247909067769
41.5,0.000540938009967,4.7920066102e-05,0.000245687449941
41.55,0.000535822827921,4.78647768848e-05,0.00024348594754
41.6,0.000530755883693,4.78097878623e-05,0.000241304337769
41.65,0.000525736723768,4.77550820505e-05,0.000239142878707
41.7,0.000520764898879,4.77006409679e-05,0.000237189517865
41.75,0.000515839963969,4.76453716909e-05,0.000238343838051
41.8,0.000510961478151,4.75716655291e-05,0.0002420918709
41.85,0.000506131534079,4.74656618469e-05,0.000250403812046
41.9,0.000501347119345,4.73029410399e-05,0.00025652592037
41.95,0.000496607806094,4.7100029485e-05,0.000260960444487
42.0,0.000491913170475,4.68677174641e-05,0.00026409524647
42.05,0.000487262792608,4.66144409351e-05,0.000266229485049
42.1,0.000482656256547,4.63491719755e-05,0.000267848755167
42.15,0.000478093150238,4.60730915481e-05,0.000270098031975
42.2,0.000473573065489,4.57859584431e-05,0.000271611652487
42.25,0.00046909559793,4.54904903673e-05,0.000272559433942
42.3,0.000464660346981,4.51922990093e-05,0.000273072438569
42.35,0.000460266915811,4.48920900544e-05,0.000273251799416
42.4,0.000455914911309,4.45938861749e-05,0.000273327664848
42.45,0.000451603944045,4.42961332056e-05,0.000277042909877
42.5,0.00044733362824,4.398300166e-05,0.000279732846044
42.55,0.000443103581725,4.36585287724e-05,0.000281633036247
42.6,0.000438913425914,4.33297732009e-05,0.000282925068798
42.65,0.000434762785769,4.29985584028e-05,0.000283749698931
42.7,0.000430651289765,4.26681355136e-05,0.000284193607988
42.75,0.000426578569857,4.23409018585e-05,0.000284043774268
42.8,0.000422544261451,4.20182226993e-05,0.000283350165539
42.85,0.000418550095083,4.17047658661e-05,0.000281912710323
42.9,0.000414593579619,4.14011975431e-05,0.000280595059584
42.95,0.000410674361237,4.11080245344e-05,0.000281303068097
43.0,0.000406792089431,4.08148668843e-05,0.000281476771201
43.05,0.000402946416978,4.0524630279e-05,0.000281241423552
43.1,0.000399136999906,4.02391914006e-05,0.000280684555204
43.15,0.000395363497465,3.99592052759e-05,0.000279589682065
43.2,0.000391625572095,3.96877062742e-05,0.00027831854659
43.25,0.000387922889401,3.94238101533e-05,0.000276915444782
43.3,0.000384255118117,3.91690583493e-05,0.000275414291434
43.35,0.000380621930082,3.89220826407e-05,0.000273841533957
43.4,0.000377023000208,3.86840578301e-05,0.000272188727424
43.45,0.000373458006453,3.84539114233e-05,0.000270204301993
43.5,0.000369926629793,3.82329212706e-05,0.000268203040868
43.55,0.00036642855419,3.8020954951e-05,0.000266192982462
43.6,0.00036296346657,3.78165038338e-05,0.000264180116588
43.65,0.000359531056791,3.76212231325e-05,0.000262169637771
43.7,0.000356131017616,3.7432708232e-05,0.00026016468177
43.75,0.000352763044688,3.72513987235e-05,0.000258168280425
43.8,0.000349426836502,3.70774252986e-05,0.00025618251823
43.85,0.000346123824142,3.69092973091e-05,0.000254209246799
43.9,0.00034285194754,3.67474932598e-05,0.000252383067401
43.95,0.000339610914101,3.65914488569e-05,0.000254179030687
44.0,0.000336400433971,3.64267732346e-05,0.000255102074565
44.05,0.00033322022001,3.62577404215e-05,0.00025535563404
44.1,0.000330069987767,3.60875660085e-05,0.000255096401051
44.15,0.000326949455456,3.59170748184e-05,0.000254445835334
44.2,0.00032385834393,3.57485961734e-05,0.000253496882584
44.25,0.000320796376656,3.55832073426e-05,0.000252321837647
44.3,0.000317763279691,3.54207045521e-05,0.000250976263856
44.35,0.00031475878166,3.52624950691e-05,0.000249503266031
44.4,0.000311782613729,3.51087640576e-05,0.000247935367873
44.45,0.000308834509581,3.49589105025e-05,0.000246298613122
44.5,0.000305914205396,3.48135984525e-05,0.000244612046501
44.55,0.000303021439825,3.4673249029e-05,0.000242890929165
44.6,0.000300155953968,3.45368490478e-05,0.000241146742072
44.65,0.000297317491349,3.44043425324e-05,0.000239388821509
44.7,0.000294505797898,3.42768324547e-05,0.000237623641541
44.75,0.000291720621922,3.41531684239e-05,0.000235856707555
44.8,0.00028896171409,3.40330614723e-05,0.000234092053004
44.85,0.00028623025785,3.39163921123e-05,0.000232332991499
44.9,0.000283524549608,3.38042599072e-05,0.000230552904221
44.95,0.000280844347403,3.36954558468e-05,0.000228487684077
45.0,0.000278189411535,3.35907054959e-05,0.000226440736424
45.05,0.000275559504552,3.34898234135e-05,0.000224412037508
45.1,0.000272954391225,3.3393065235e-05,0.000222401291427
45.15,0.000270373838527,3.33003663114e-05,0.000220408698764
45.2,0.000267817615617,3.32109959061e-05,0.000218433740339
45.25,0.000265285493811,3.3124805486e-05,0.000216476475189
45.3,0.000262777246572,3.30416533831e-05,0.000214536746754
45.35,0.000260292649483,3.29614050717e-05,0.000212614612525
45.4,0.000257831480228,3.28846241977e-05,0.000210709489022
45.45,0.000255393518575,3.28105555578e-05,0.000208822019928
45.5,0.000252978546355,3.27389962405e-05,0.000206951250634
45.55,0.000250586347444,3.26698384817e-05,0.000205097159429
45.6,0.000248216707741,3.26029794357e-05,0.00020325947588
45.65,0.000245869415152,3.2538321656e-05,0.000201438383306
45.7,0.000243544259571,3.24757714526e-05,0.000199633407211
45.75,0.000241241032858,3.24156773682e-05,0.000197844601553
45.8,0.000238959528827,3.23576435345e-05,0.000196071823245
45.85,0.00023670072614,3.23014435159e-05,0.000194315124831
45.9,0.000234463215996,3.2247003449e-05,0.00019257397305
45.95,0.000232246798301,3.21942515981e-05,0.000190848956184
46.0,0.000230051274835,3.21431174818e-05,0.000189139201785
46.05,0.000227876449234,3.20935360638e-05,0.000187444690013
46.1,0.000225722126973,3.2045445011e-05,0.000185765173709
46.15,0.00022358811535,3.19987852174e-05,0.000184100820414
46.2,0.000221474223465,3.19534994347e-05,0.000182451196472
46.25,0.00021938026221,3.19098551148e-05,0.000180816351197
46.3,0.000217306044246,3.18675358856e-05,0.000179196153817
46.35,0.000215251383988,3.18264221168e-05,0.000177590652353
46.4,0.000213216097592,3.17865174663e-05,0.000175999359442
46.45,0.000211200002935,3.17477810266e-05,0.000174422812733
46.5,0.0002092029196,3.17101148417e-05,0.000172860214869
46.55,0.00020722466886,3.16734788046e-05,0.000171311547716
46.6,0.000205265073664,3.16378342896e-05,0.00016977658539
46.65,0.000203323958618,3.16031446732e-05,0.00016825548101
46.7,0.000201401149972,3.15693741589e-05,0.000166747838246
46.75,0.000199496475604,3.15364892973e-05,0.000165253702166
46.8,0.000197609765006,3.15044576275e-05,0.000163772953254
46.85,0.000195741827492,3.14732480944e-05,0.000162305635398
46.9,0.000193891498041,3.14428325808e-05,0.000160851303182
46.95,0.000192058611184,3.1413183031e-05,0.000159410447979
47.0,0.000190243003,3.13842708617e-05,0.000157982341061
47.05,0.000188444511105,3.13562044691e-05,0.000156566965855
47.1,0.000186662974634,3.13288932314e-05,0.000155164115916
47.15,0.00018489823423,3.130223797e-05,0.000153773931188
47.2,0.000183150132028,3.12762156812e-05,0.000152396049449
47.25,0.000181418511642,3.12508050169e-05,0.000151030511891
47.3,0.00017970321815,3.12259850929e-05,0.000149677209283
47.35,0.000178004098083,3.12017358835e-05,0.000148336181736
47.4,0.000176320999408,3.11780377669e-05,0.000147007022169
47.45,0.000174653771516,3.1154872752e-05,0.000145690179666
47.5,0.000173002265211,3.11322220287e-05,0.000144384988218
47.55,0.000171366332693,3.11100690947e-05,0.000143091432678
47.6,0.000169745827546,3.10883978641e-05,0.000141809324371
47.65,0.000168140604728,3.10671931316e-05,0.000140538791195
47.7,0.000166550520556,3.10464396563e-05,0.000139279502104
47.75,0.00016497543269,3.10261234335e-05,0.000138031494744
47.8,0.000163415200128,3.10062306267e-05,0.000136794669288
47.85,0.000241751325079,3.2774781947e-05,0.000135569062392
47.9,0.000315136014311,3.47321388237e-05,0.000134354302015
47.95,0.000383839598696,3.68853387578e-05,0.000133150798585
48.0,0.000448181831113,3.9245341752e-05,0.000131957943417
48.05,0.000508420814026,4.18368076022e-05,0.00013077572267
48.1,0.000564818397885,4.46555560236e-05,0.000129603963905
48.15,0.000617619419373,4.77315572297e-05,0.000128442784013
48.2,0.00066703719045,5.10731963047e-05,0.000127291880442
48.25,0.000713302679314,5.4687105184e-05,0.000126151287596
48.3,0.000756588600855,5.86002762316e-05,0.000125020914241
48.35,0.000797108651934,6.28072932235e-05,0.000123900793878
48.4,0.000835011109734,6.73345315565e-05,0.000122790586486
48.45,0.000870480983204,7.21921873301e-05,0.000121690667171
48.5,0.00090365692907,7.7380965118e-05,0.000120600479633
48.55,0.000934690802816,8.29278597937e-05,0.000119520011224
48.6,0.000963714542385,8.88243530052e-05,0.000118449104347
48.65,0.000990852182214,9.5089854501e-05,0.000117387865833
48.7,0.00101622851771,0.000101735941377,0.000116336019168
48.75,0.00103994428731,0.00010875289321,0.000115293595797
48.8,0.00103865403874,0.000113202813137,0.000114260512336
48.85,0.00102883599739,0.000117632713996,0.000113236799405
48.9,0.00101911050555,0.000122004615167,0.000112222146248
48.95,0.0010094766935,0.00012630988617,0.000111216895684
49.0,0.000999933699641,0.00013054447252,0.000110220539296
49.05,0.000990480670481,0.000134703711315,0.000109233065522
49.1,0.000981116760501,0.00013878100039,0.000108254330331
49.15,0.000971841132103,0.000142776250959,0.000107284431357
49.2,0.000962652955536,0.00014668222598,0.000106323115888
49.25,0.000953551408821,0.000150502619361,0.000105370412661
49.3,0.000944535677678,0.000154230970194,0.000104426245469
49.35,0.000935604955454,0.00015786648887,0.000103490642297
49.4,0.000926758443053,0.00016140846008,0.000102563319134
49.45,0.000917995348866,0.000164856401082,0.000101644589294
49.5,0.000909314888698,0.000168209405279,0.00010073398812
49.55,0.000900716285702,0.000171467815458,9.98315050431e-05
49.6,0.00089219877031,0.000174634206957,9.89370084298e-05
49.65,0.000883761580161,0.000177704897647,9.80505875111e-05
49.7,0.000875403960041,0.00018068374234,9.71720113249e-05
49.75,0.000867125161811,0.000183570045462,9.63013061353e-05
49.8,0.000858924444342,0.000186366697211,9.54384022948e-05
49.85,0.000850805325375,0.000189071600046,9.45833253787e-05
49.9,0.000842762741065,0.000191691419855,9.37358158214e-05
49.95,0.000834795972189,0.000194224437759,9.28961599702e-05
50.0,0.000826904306256,0.000196672048268,9.20639331594e-05
50.05,0.000819087037449,0.000199036523286,9.12391257314e-05
50.1,0.000811343466561,0.000201320063465,9.04216173814e-05
50.15,0.000803672900934,0.000203524805003,8.96114896605e-05
50.2,0.000796074654398,0.000205652815291,8.88085314854e-05
50.25,0.000788548047209,0.000207706105627,8.80127668594e-05
50.3,0.000781092405991,0.00020968662503,8.72241321297e-05
50.35,0.000773707063675,0.000211596516713,8.64426506702e-05
50.4,0.000766391359442,0.000213437479097,8.5668085256e-05
50.45,0.000759144638663,0.000215211190018,8.49006975887e-05
50.5,0.00075196625284,0.000216919369969,8.41400995531e-05
50.55,0.000744855559553,0.000218565063471,8.33862823228e-05
50.6,0.000737811922401,0.000220151763989,8.26391359475e-05
50.65,0.000730834710942,0.000221678326735,8.18987349594e-05
50.7,0.000723923300646,0.000223146285948,8.11648864426e-05
50.75,0.000717077072832,0.000224563041701,8.04376123349e-05
50.8,0.000710295414616,0.000225924428101,7.97168544615e-05
50.85,0.000703581235026,0.00022723449248,7.9002634185e-05
50.9,0.000696930346471,0.000228496393567,7.82947346979e-05
50.95,0.000690342154181,0.00022970829485,7.75933951776e-05
51.0,0.000683816068956,0.000230877567759,7.68982609134e-05
51.05,0.000677351507113,0.000231998879911,7.62093238387e-05
51.1,0.000670947890438,0.000233081093991,7.55264834663e-05
51.15,0.00066460464613,0.000234118650068,7.48498079136e-05
51.2,0.000658321206755,0.000235119236054,7.41791208689e-05
51.25,0.000652097010193,0.000236079407391,7.35144423816e-05
51.3,0.000645931499588,0.000237003323999,7.28557192841e-05
51.35,0.000639824123303,0.000237891916308,7.22029711003e-05
51.4,0.000633774334866,0.000238743675981,7.1555999683e-05
51.45,0.000627781592926,0.00023956596312,7.09150236239e-05
51.5,0.000621845361203,0.000240354022185,7.02797187419e-05
51.55,0.000615965108441,0.000241110420978,6.96500776646e-05
51.6,0.000610140308361,0.00024183942837,6.90260085537e-05
51.65,0.000604370439617,0.000242537913194,6.84075736638e-05
51.7,0.000598654985744,0.000243207498427,6.77946118581e-05
51.75,0.00059299343512,0.000243853184906,6.71871414604e-05
51.8,0.000587385280914,0.000244471542077,6.65851138791e-05
51.85,0.000581832928776,0.000245063743379,6.59885469578e-05
51.9,0.000576332915737,0.000245633153026,6.53972596035e-05
51.95,0.000570884749946,0.000246179960887,6.48114515941e-05
52.0,0.00056548794416,0.000246703076638,6.42308266503e-05
52.05,0.000560142015697,0.000247203328381,6.36553780342e-05
52.1,0.000554846486398,0.000247683117245,6.30850218121e-05
52.15,0.000549600882579,0.000248143470902,6.25198148801e-05
52.2,0.000544404734995,0.000248583089207,6.19596099705e-05
52.25,0.000539257578796,0.000249002648826,6.14044238298e-05
52.3,0.000534158953486,0.000249402789444,6.0854212049e-05
52.35,0.000529108402883,0.00024978586807,6.03089909355e-05
52.4,0.000524105475076,0.000250151835647,5.97685949829e-05
52.45,0.000519149722392,0.00025050013086,5.92332067745e-05
52.5,0.000514240701347,0.00025083145046,5.87025555314e-05
52.55,0.000509377972616,0.00025114600341,5.81766350957e-05
52.6,0.000504561100987,0.000251444259379,5.76553687576e-05
52.65,0.000499789655326,0.000251728002093,5.71388085163e-05
52.7,0.000495063208542,0.000251997210546,5.66268197793e-05
52.75,0.000490381337541,0.000252251311309,5.61194178517e-05
52.8,0.000485743623196,0.00025249068417,5.56165621467e-05
52.85,0.00048115205488,0.00025271568893,5.51182675682e-05
52.9,0.000476603768861,0.000252926682256,5.46243828547e-05
52.95,0.000472098358397,0.00025312398874,5.41350748749e-05
53.0,0.000467635420558,0.000253307906318,5.36500961553e-05
53.05,0.000463214556186,0.000253479474516,5.31694410681e-05
53.1,0.000458835369863,0.000253638994142,5.26930395059e-05
53.15,0.000454497469872,0.000253785883236,5.22209389923e-05
53.2,0.000450200468166,0.000253920385208,5.1753016519e-05
53.25,0.000445943980334,0.000254042733956,5.12892860739e-05
53.3,0.000441727625563,0.000254153148136,5.08297105634e-05
53.35,0.00043755102661,0.000254251873604,5.03743036087e-05
53.4,0.000433413809764,0.00025433945808,4.99229269671e-05
53.45,0.000429315604816,0.000254415697058,4.94757331451e-05
53.5,0.000425256045025,0.000254480757431,4.90324959691e-05
53.55,0.000421234767084,0.000254534805038,4.85932102956e-05
53.6,0.000417251411093,0.000254577994826,4.81578120511e-05
53.65,0.000413305620523,0.000254610474118,4.77263446692e-05
53.7,0.000409397042183,0.00025463237812,4.72986957286e-05
53.75,0.000405525326195,0.00025464383765,4.68748780133e-05
53.8,0.000401690125957,0.00025464514495,4.64548576222e-05
53.85,0.000397893086599,0.00025463653826,4.60386470043e-05
53.9,0.000394131839931,0.000254617783093,4.56261198153e-05
53.95,0.000390406049596,0.000254588982134,4.52174154355e-05
54.0,0.000386715382386,0.000254550618109,4.48123271579e-05
54.05,0.000383059508214,0.00025450240384,4.44108502816e-05
54.1,0.000379438100084,0.000254444411839,4.4012926248e-05
54.15,0.000375850834065,0.000254376723189,4.36185947522e-05
54.2,0.000372297389255,0.000254299411105,4.3227753049e-05
54.25,0.000368777447764,0.000254212547937,4.28404128221e-05
54.3,0.000365290694674,0.000254116200139,4.24565430883e-05
54.35,0.000361836818021,0.000254010430614,4.20761552249e-05
54.4,0.000358415508762,0.000253895297065,4.16991337621e-05
54.45,0.000355026460747,0.00025377085821,4.13256060839e-05
54.5,0.000351669370698,0.000253637162774,4.09553832742e-05
54.55,0.000348343938175,0.000253494264544,4.05884610368e-05
54.6,0.000345049865554,0.000253342213998,4.0224785853e-05
54.65,0.000341786858001,0.000253181134832,3.98643940017e-05
54.7,0.000338554623442,0.000253011458327,3.95071915807e-05
54.75,0.000335352872542,0.000252832830902,3.9153189268e-05
54.8,0.000332181318675,0.000252645296744,3.88023587472e-05
54.85,0.000329041322296,0.000252448899278,3.84547104163e-05
54.9,0.000325930925009,0.00025224403094,3.8110138744e-05
54.95,0.00032284984866,0.000252030490355,3.77687601503e-05
55.0,0.0003197978177,0.000251808224288,3.7430401979e-05
55.05,0.000316774559161,0.000251577276979,3.70950603037e-05
55.1,0.000313779802631,0.000251337691942,3.6762686212e-05
55.15,0.00031081328023,0.000251089514255,3.64333128601e-05
55.2,0.000307874726588,0.000250832786991,3.61068544281e-05
55.25,0.000304963878821,0.000250567556888,3.57833206749e-05
55.3,0.000302080476505,0.00025029387012,3.54626857211e-05
55.35,0.00029922426166,0.000250011774134,3.51449590701e-05
55.4,0.000296394978717,0.000249721316191,3.48300442732e-05
55.45,0.000293592374506,0.000249422548375,3.45180477304e-05
55.5,0.000290816198227,0.000249116887099,3.42088116458e-05
55.55,0.000288066201427,0.000248803510516,3.3902332431e-05
55.6,0.000285342137986,0.000248482047966,3.35985653834e-05
55.65,0.000282643764086,0.000248152558998,3.32975408056e-05
55.7,0.000279970838195,0.000247815102833,3.29991802639e-05
55.75,0.000277323121043,0.000247469743394,3.27034926773e-05
55.8,0.000274700375603,0.000247116545401,3.2410454394e-05
55.85,0.000272103726917,0.000246755575941,3.21200740992e-05
55.9,0.000269531555471,0.000246386913377,3.18322636456e-05
55.95,0.000266983631242,0.000246011166719,3.15471202755e-05
56.0,0.000264459726363,0.000245629248755,3.12644997742e-05
56.05,0.000261959615099,0.000245239920682,3.09843988621e-05
56.1,0.000259483073833,0.000244843262198,3.07067766843e-05
56.15,0.000257029881037,0.000244439356325,3.04316609351e-05
56.2,0.000254599817262,0.000244028286328,3.01589799315e-05
56.25,0.000252192665114,0.000243610140146,2.98887418251e-05
56.3,0.000249808209232,0.000243185006779,2.96209249995e-05
56.35,0.000247446236277,0.000242754598446,2.93555373925e-05
56.4,0.000245106534905,0.000242318266997,2.90924984435e-05
56.45,0.000242788895754,0.000241875502469,2.88318970252e-05
56.5,0.000240493111422,0.000241426187546,2.85736013355e-05
56.55,0.000238218976451,0.000240970423421,2.8317608377e-05
56.6,0.000235966287307,0.000240508312485,2.80638808109e-05
56.65,0.000233734842363,0.000240040415664,2.78124439482e-05
56.7,0.000231524441883,0.00023956848219,2.75632322754e-05
56.75,0.000229334888,0.000239090578055,2.73162532425e-05
56.8,0.000227165984703,0.000238606811646,2.70714870936e-05
56.85,0.000225018662354,0.000238117292825,2.68289410834e-05
56.9,0.000222891581683,0.00023762214011,2.6588541585e-05
56.95,0.000220784552469,0.000237122226751,2.63503698219e-05
57.0,0.000218697386276,0.000236619078926,2.61143053361e-05
57.05,0.000216629896431,0.000236110931776,2.5880345388e-05
57.1,0.00021458189801,0.000235597661382,2.56484558529e-05
57.15,0.00021255320782,0.000235079384082,2.54186598629e-05
57.2,0.000210543644385,0.000234556214976,2.51908975434e-05
57.25,0.000208553027929,0.000234030663643,2.49651757031e-05
57.3,0.000206581180359,0.000233501086111,2.47414762865e-05
57.35,0.000204627925249,0.000232967019247,2.45198059239e-05
57.4,0.000202693087829,0.000232428578072,2.43000973254e-05
57.45,0.000200776494964,0.000231885879599,2.40824247237e-05
57.5,0.000198877975141,0.000231341094117,2.38666780283e-05
57.55,0.000196997358455,0.000230793404334,2.36528547357e-05
57.6,0.000195134476591,0.000230241851248,2.3440923658e-05
57.65,0.000193289162813,0.000229686549525,2.32309059365e-05
57.7,0.000191461251946,0.000229127611533,2.30227468498e-05
57.75,0.000189650580363,0.000228567588203,2.28164526208e-05
57.8,0.000187856985971,0.000228005038965,2.26120067479e-05
57.85,0.000186081238142,0.000227439234522,2.24094152907e-05
57.9,0.000184322229351,0.000226870359686,2.22086167508e-05
57.95,0.000182579802298,0.000226298828966,2.20096789719e-05
58.0,0.00018085380115,0.000225727712737,2.18125013389e-05
58.05,0.000179144071539,0.000225153821723,2.16170815637e-05
58.1,0.000177450460538,0.00022457725496,2.14233911426e-05
58.15,0.000175772816656,0.000223998114264,2.12314493974e-05
58.2,0.000174110989818,0.000223417993408,2.10412063167e-05
58.25,0.000172464831358,0.000222837524324,2.08526675874e-05
58.3,0.000170834193998,0.000222254816284,2.06658181285e-05
58.35,0.000169218931845,0.000221669963075,2.04806634778e-05
58.4,0.000167618900367,0.000221083055941,2.02971474303e-05
58.45,0.000166033956392,0.000220497580872,2.01153319902e-05
58.5,0.000164463958083,0.000219910480362,1.99351252024e-05
58.55,0.000162908764937,0.00021932195829,1.97565249756e-05
58.6,0.000161368237764,0.000218731771248,1.95795052595e-05
58.65,0.00015984223868,0.000218142047836,1.94040837128e-05
58.7,0.000158330631093,0.000217552452675,1.92302146285e-05
58.75,0.000156833279689,0.000216961471497,1.90579032042e-05
58.8,0.000155350050424,0.000216369180382,1.88871356568e-05
58.85,0.000153881579537,0.000215776549093,1.87179170474e-05
58.9,0.000152426951151,0.000215185581723,1.85501960086e-05
58.95,0.000150986035184,0.000214593561545,1.8384029208e-05
59.0,0.00014955870277,0.000214000554426,1.82193326048e-05
59.05,0.000148144826251,0.00021340662714,1.80561042878e-05
59.1,0.000146744279164,0.000212815479953,1.78943204488e-05
59.15,0.000145356936232,0.000212223689558,1.77339972268e-05
59.2,0.00014398267335,0.000211631198975,1.75750928485e-05
59.25,0.000142621367575,0.000211038067147,1.74176120642e-05
59.3,0.000141272897117,0.000210447167056,1.72615422772e-05
59.35,0.000139937141325,0.000209856730592,1.7106888113e-05
59.4,0.00013861398068,0.000209265847275,1.69536026251e-05
59.45,0.000137303296783,0.000208674881312,1.68017376041e-05
59.5,0.000136004972341,0.000208085704884,1.66512162423e-05
59.55,0.000134718891164,0.000207497964245,1.65020367931e-05
59.6,0.000133444938147,0.00020691000045,1.63541774974e-05
59.65,0.000132182999267,0.000206321858147,1.62076531051e-05
59.7,0.000130932961565,0.000205735021219,1.60624254383e-05
59.75,0.000129694713145,0.000205150487473,1.59184988385e-05
59.8,0.000128468143157,0.000204565926461,1.5775861793e-05
59.85,0.000127253777744,0.000203981375936,1.56345185294e-05
59.9,0.000126050859513,0.000203397714523,1.54944261418e-05
59.95,0.000124859280893,0.000202817146669,1.53556319631e-05
60.0,0.000123678935316,0.000202236723909,1.52180657966e-05
60.05,0.000122509717214,0.000201656722603,1.50817260457e-05
60.1,0.000121351522009,0.000201077270731,1.49465928243e-05
60.15,0.000120204246099,0.000200501641306,1.48126796128e-05
60.2,0.000119067786856,0.000199926304731,1.46799515191e-05
60.25,0.000117942042612,0.000199351288386,1.45484125112e-05
60.3,0.000116826912649,0.000198776618056,1.44180520671e-05
60.35,0.000115722297197,0.000198205830636,1.42888740507e-05
60.4,0.000114628097416,0.000197635790414,1.41608392489e-05
60.45,0.000113544215395,0.000197066191353,1.40339909206e-05
60.5,0.000112470554139,0.000196497053503,1.3908264911e-05
60.55,0.000111407017563,0.000195931333812,1.37836597609e-05
60.6,0.000110353510479,0.000195367035533,1.36601572957e-05
60.65,0.000109309938596,0.000194803281606,1.35377698355e-05
60.7,0.000108276208501,0.000194240089332,1.34164654916e-05
60.75,0.00010725222766,0.00019367981251,1.32962478902e-05
60.8,0.000106237904404,0.000193121635217,1.3177107415e-05
60.85,0.000105233673834,0.000192564090356,1.30590475974e-05
60.9,0.000104238909616,0.000192007195508,1.29420325992e-05
60.95,0.000103253522792,0.00019145285506,1.28261019562e-05
61.0,0.000102277425236,0.000190901449303,1.27111970352e-05
61.05,0.000101310529647,0.000190350753767,1.25973165027e-05
61.1,0.000100352749543,0.000189800779888,1.24844437483e-05
61.15,9.94039992507e-05,0.000189252562593,1.23725900317e-05
61.2,9.84641938994e-05,0.000188707866005,1.22617262089e-05
61.25,9.75332494137e-05,0.000188163942709,1.21518555939e-05
61.3,9.66110825058e-05,0.000187620801483,1.20429693983e-05
61.35,9.56976106677e-05,0.000187078742439,1.19350708492e-05
61.4,9.47927521647e-05,0.000186540966899,1.18281271932e-05
61.45,9.38964260274e-05,0.000186004016934,1.17221745632e-05
61.5,9.30085520452e-05,0.000185467898145,1.16171593726e-05
61.55,9.21290507589e-05,0.000184932751341,1.15130804025e-05
61.6,9.12578434537e-05,0.000184401836314,1.14099224723e-05
61.65,9.03948521524e-05,0.000183872314489,1.13076958726e-05
61.7,8.95399996085e-05,0.000183343666998,1.12063739676e-05
61.75,8.86932092989e-05,0.000182815898721,1.11059597862e-05
61.8,8.78544054181e-05,0.000182291358745,1.10064452963e-05
61.85,8.70239477753e-05,0.000181769100667,1.09078334475e-05
61.9,8.62013184193e-05,0.000181247754742,1.08100943052e-05
61.95,8.53864437847e-05,0.00018072732429,1.07132608925e-05
62.0,8.45792509951e-05,0.000180209200002,1.06172842348e-05
62.05,8.37796678565e-05,0.000179694313475,1.05221632184e-05
62.1,8.2987622851e-05,0.0001791803674,1.0427883969e-05
62.15,8.22030451308e-05,0.000178667363869,1.03344558915e-05
62.2,8.14258645114e-05,0.000178155659209,1.02418546428e-05
62.25,8.06560114659e-05,0.000177648216663,1.0150082991e-05
62.3,7.98934171183e-05,0.000177141738345,1.00591335953e-05
62.35,7.91380132382e-05,0.000176636224987,9.9690091514e-06
62.4,7.83897322342e-05,0.000176131676849,9.87968230125e-06
62.45,7.7648507148e-05,0.000175631030762,9.79118322563e-06
62.5,7.69142716486e-05,0.000175132364581,9.70346716511e-06
62.55,7.61869600266e-05,0.000174634681568,9.6165331018e-06
62.6,7.5466507188e-05,0.000174137981586,9.53036835563e-06
62.65,7.47528486489e-05,0.000173643889654,9.44498152206e-06
62.7,7.40459205295e-05,0.000173152767021,9.36035035304e-06
62.75,7.33456595485e-05,0.000172662642677,9.27647737853e-06
62.8,7.26520030177e-05,0.000172173515683,9.19335588955e-06
62.85,7.19652484846e-05,0.000171685693259,9.11098834972e-06
62.9,7.12849676248e-05,0.000171202130883,9.02934975568e-06
62.95,7.06110996027e-05,0.000170719580851,8.94846769061e-06
63.0,6.99435841525e-05,0.000170238040874,8.86830124745e-06
63.05,6.92823615726e-05,0.000169757550643,8.78884949592e-06
63.1,6.86273727209e-05,0.000169280710551,8.71010084733e-06
63.15,6.79785590089e-05,0.000168806006546,8.63206315732e-06
63.2,6.7335862397e-05,0.000168332322027,8.5547160927e-06
63.25,6.66992253891e-05,0.000167859655169,8.4780619657e-06
63.3,6.60685910279e-05,0.000167388887224,8.40209464476e-06
63.35,6.54439028895e-05,0.000166921747948,8.32681638145e-06
63.4,6.48251050784e-05,0.00016645563456,8.25220432444e-06
63.45,6.42121422231e-05,0.000165990544873,8.17828368284e-06
63.5,6.36049594704e-05,0.000165526475794,8.10501707043e-06
63.55,6.30035024813e-05,0.000165066119979,8.03240363698e-06
63.6,6.24077174259e-05,0.000164607552273,7.96043279124e-06
63.65,6.18175509785e-05,0.000164150012631,7.8891117127e-06
63.7,6.12329503131e-05,0.000163693498199,7.81842181826e-06
63.75,6.06538630987e-05,0.000163238950773,7.74836522112e-06
63.8,6.00802374947e-05,0.000162787897895,7.67893631744e-06
63.85,5.95123195608e-05,0.000162337876242,7.61013716503e-06
63.9,5.89497550902e-05,0.000161888884679,7.54194687933e-06
63.95,5.83924937742e-05,0.000161440920427,7.47438849974e-06
64.0,5.78404857756e-05,0.000160996699564,7.40742785782e-06
64.05,5.72936817237e-05,0.000160554438313,7.34106417652e-06
64.1,5.67520327101e-05,0.000160113209116,7.27528777617e-06
64.15,5.62154902847e-05,0.000159673009011,7.21010521833e-06
64.2,5.56840064511e-05,0.000159234313858,7.14549951932e-06
64.25,5.51575336625e-05,0.000158799494709,7.08147261045e-06
64.3,5.46360248173e-05,0.00015836570842,7.01801937022e-06
64.35,5.41194332554e-05,0.000157932951701,6.95514167932e-06
64.4,5.36077127535e-05,0.000157501221094,6.89282045068e-06
64.45,5.31008175214e-05,0.000157072193827,6.83107674075e-06
64.5,5.25987021981e-05,0.00015664579865,6.76987932191e-06
64.55,5.21013218474e-05,0.000156220432369,6.709227484e-06
64.6,5.16086319539e-05,0.000155796302675,6.64911238046e-06
64.65,5.11205884197e-05,0.000155373233404,6.58954000812e-06
64.7,5.06371475597e-05,0.00015495388669,6.53049484504e-06
64.75,5.01582660985e-05,0.000154536105263,6.47197865633e-06
64.8,4.96839011658e-05,0.000154119349011,6.41398676129e-06
64.85,4.9214256243e-05,0.00015370361451,6.35652087871e-06
64.9,4.87490384156e-05,0.000153289272586,6.29956356435e-06
64.95,4.82882060803e-05,0.000152878771636,6.24313406235e-06
65.0,4.78317180239e-05,0.000152469295233,6.18720383281e-06
65.05,4.73795334186e-05,0.00015206084003,6.13177222671e-06
65.1,4.69316118195e-05,0.000151653402608,6.07683115888e-06
65.15,4.64879131601e-05,0.000151248064447,6.02238611001e-06
65.2,4.60483977493e-05,0.00015084580548,5.96842289414e-06
65.25,4.5613026268e-05,0.00015044456558,5.91494312443e-06
65.3,4.5181759765e-05,0.000150044341229,5.86194252306e-06
65.35,4.47545596544e-05,0.000149645128941,5.80942266088e-06
65.4,4.43313877113e-05,0.000149248542721,5.75736759506e-06
65.45,4.39122060692e-05,0.000148854451315,5.70579491341e-06
65.5,4.34969772163e-05,0.000148461540941,5.65467853244e-06
65.55,4.30856639922e-05,0.000148069723994,5.60401785897e-06
65.6,4.26782295846e-05,0.000147678913036,5.55380550372e-06
65.65,4.22746375262e-05,0.000147291076414,5.50404647568e-06
65.7,4.18748516914e-05,0.000146905327206,5.45472780984e-06
65.75,4.14788362929e-05,0.000146520584359,5.40585098053e-06
65.8,4.1086555879e-05,0.000146136844371,5.35741207809e-06
65.85,4.06981787204e-05,0.000145754103772,5.3094125382e-06
65.9,4.03134625887e-05,0.000145374507759,5.2618377902e-06
65.95,3.99323730799e-05,0.000144996769226,5.21470390813e-06
66.0,3.9554876112e-05,0.000144620030791,5.16798705348e-06
66.05,3.91809379225e-05,0.000144244289072,5.12168668413e-06
66.1,3.88105250648e-05,0.00014386966588,5.07579604679e-06
66.15,3.84436044057e-05,0.000143498282802,5.03031971931e-06
66.2,3.80801431223e-05,0.000143128701725,4.98524585258e-06
66.25,3.77201086991e-05,0.000142760113892,4.94057579403e-06
66.3,3.73634689253e-05,0.000142392515809,4.89630597051e-06
66.35,3.70101918918e-05,0.000142025904015,4.85243769413e-06
66.4,3.66602459882e-05,0.000141662242715,4.8089576483e-06
66.45,3.63135999005e-05,0.000141300502452,4.76588052359e-06
66.5,3.5970222608e-05,0.000140939747193,4.72318453325e-06
66.55,3.56300833804e-05,0.000140579973591,4.68086918181e-06
66.6,3.52931517755e-05,0.000140221178262,4.63892829723e-06
66.65,3.49593976365e-05,0.000139864972774,4.59736606336e-06
66.7,3.46287910887e-05,0.000139510980546,4.55617165092e-06
66.75,3.43013025377e-05,0.000139157965461,4.51534629136e-06
66.8,3.39769026664e-05,0.000138805924089,4.47488671908e-06
66.85,3.36557306277e-05,0.00013845485303,4.43479413325e-06
66.9,3.33375861086e-05,0.00013810583884,4.39505636343e-06
66.95,3.30224406584e-05,0.000137759502981,4.35568683579e-06
67.0,3.27102660928e-05,0.000137414221777,4.31666563873e-06
67.05,3.24010344915e-05,0.000137070055622,4.27799231943e-06
67.1,3.20947181955e-05,0.000136726852704,4.23966123708e-06
67.15,3.1791289805e-05,0.000136385001687,4.20167621541e-06
67.2,3.14907221768e-05,0.000136046462915,4.16402735722e-06
67.25,3.11929884221e-05,0.000135708885539,4.12671578797e-06
67.3,3.08980619036e-05,0.000135372266147,4.08973852312e-06
67.35,3.06059162339e-05,0.000135036601363,4.05309665863e-06
67.4,3.03165252726e-05,0.00013470188775,4.01677907156e-06
67.45,3.00298631241e-05,0.000134370325926,3.9807980325e-06
67.5,2.97459041356e-05,0.000134040204127,3.94513534362e-06
67.55,2.94646228946e-05,0.000133711031165,3.90979059108e-06
67.6,2.91859942264e-05,0.000133382855324,3.87475861955e-06
67.65,2.89099931926e-05,0.00013305578277,3.84004292368e-06
67.7,2.86365950882e-05,0.000132730770789,3.80563445809e-06
67.75,2.83657754397e-05,0.00013240821594,3.77153425138e-06
67.8,2.80975100031e-05,0.000132086601263,3.73773957589e-06
67.85,2.78319138521e-05,0.000131765923421,3.70425143324e-06
67.9,2.75688213361e-05,0.000131446179887,3.67105965785e-06
67.95,2.73082089276e-05,0.00013112736744,3.63817546417e-06
68.0,2.70500533192e-05,0.000130811926346,3.60558222065e-06
68.05,2.67943314219e-05,0.000130497557029,3.57327954907e-06
68.1,2.65410203631e-05,0.000130184115767,3.54126273781e-06
68.15,2.62900974841e-05,0.000129871599329,3.50953498073e-06
68.2,2.60415403386e-05,0.000129560004394,3.47808801099e-06
68.25,2.57953266906e-05,0.00012925031408,3.44692276865e-06
68.3,2.55514345123e-05,0.000128943084446,3.41603676083e-06
68.35,2.53098419823e-05,0.000128636773211,3.38543090293e-06
68.4,2.50705274836e-05,0.000128331377021,3.3550959043e-06
68.45,2.48334696016e-05,0.000128026892689,3.32504201419e-06
68.5,2.45986471224e-05,0.00012772332999,3.29525403251e-06
68.55,2.43660390309e-05,0.000127422708804,3.26573161359e-06
68.6,2.41356245088e-05,0.000127123636448,3.23647045132e-06
68.65,2.39073829329e-05,0.000126825469669,3.20747346469e-06
68.7,2.36812938732e-05,0.000126528205177,3.17873309836e-06
68.75,2.34573370913e-05,0.000126231839812,3.1502502115e-06
68.8,2.32354925381e-05,0.000125936383516,3.12202252575e-06
68.85,2.30158553751e-05,0.000125644213005,3.09405087777e-06
68.9,2.2798288616e-05,0.000125352950024,3.06632677651e-06
68.95,2.25827728043e-05,0.000125062579892,3.03885958911e-06
69.0,2.2369288666e-05,0.000124773099217,3.01163542371e-06
69.05,2.21578171073e-05,0.000124484504859,2.98465396438e-06
69.1,2.19483392134e-05,0.000124197191146,2.95791127567e-06
69.15,2.17408362467e-05,0.000123912907719,2.93141002531e-06
69.2,2.1535289645e-05,0.00012362951897,2.90514330824e-06
69.25,2.13316810199e-05,0.000123347009793,2.87911190969e-06
69.3,2.11299921553e-05,0.00012306537699,2.8533137474e-06
69.35,2.0930205006e-05,0.000122784617387,2.82774958601e-06
69.4,2.07323016953e-05,0.000122505256466,2.80241166529e-06
69.45,2.05362645145e-05,0.000122228538953,2.77730854615e-06
69.5,2.03420759205e-05,0.000121952690191,2.75242753239e-06
69.55,2.01497185346e-05,0.00012167770705,2.72776833529e-06
69.6,1.99591751409e-05,0.000121403586388,2.7033273581e-06
69.65,1.9770428685e-05,0.000121130325116,2.67910703895e-06
69.7,1.95834622721e-05,0.000120858332028,2.65510106709e-06
69.75,1.93982591656e-05,0.0001205890277,2.63131016015e-06
69.8,1.92148027861e-05,0.000120320578247,2.60773241512e-06
69.85,1.9033171828e-05,0.000120052980511,2.58436853079e-06
69.9,1.88532530092e-05,0.000119786231872,2.56121141487e-06
69.95,1.86750302403e-05,0.000119520329251,2.53826889144e-06
70.0,1.84984875821e-05,0.000119255322229,2.51552935705e-06
70.05,1.83236092451e-05,0.000118993443031,2.49299254782e-06
70.1,1.81503795874e-05,0.000118732456216,2.47065517656e-06
70.15,1.79787831138e-05,0.000118472307873,2.44851947157e-06
70.2,1.7808804474e-05,0.000118212994849,2.42657966526e-06
70.25,1.76404284617e-05,0.000117954514084,2.40483641349e-06
70.3,1.7473640013e-05,0.000117696862491,2.38328797702e-06
70.35,1.7308424205e-05,0.000117441614571,2.36193499452e-06
70.4,1.71447662546e-05,0.000117187746087,2.34077098413e-06
70.45,1.69826515173e-05,0.000116934701696,2.31980309649e-06
70.5,1.68220654858e-05,0.000116682478186,2.29902072688e-06
70.55,1.66629937886e-05,0.00011643107252,2.2784236341e-06
70.6,1.65054221888e-05,0.000116180481659,2.25800881391e-06
70.65,1.63493365831e-05,0.000115931516469,2.23777830281e-06
70.7,1.61947230001e-05,0.00011568480515,2.21772682962e-06
70.75,1.60415675996e-05,0.000115438903807,2.19785499376e-06
70.8,1.58898566708e-05,0.000115193809361,2.17816120568e-06
70.85,1.5739655291e-05,0.000114949518749,2.15864604908e-06
70.9,1.55908697805e-05,0.000114706029346,2.13930359997e-06
70.95,1.54434868339e-05,0.000114463338152,2.12014039357e-06
71.0,1.52974932702e-05,0.000114223036829,2.10114673788e-06
71.05,1.51528760321e-05,0.000113983949612,2.08232241246e-06
71.1,1.50096221844e-05,0.000113745655009,2.06366467165e-06
71.15,1.48677189131e-05,0.000113508150007,2.04517537667e-06
71.2,1.47271535244e-05,0.000113271431555,2.02684971001e-06
71.25,1.45879134431e-05,0.000113035496676,2.0086882195e-06
71.3,1.4449986212e-05,0.000112800561031,1.99068945242e-06
71.35,1.43133594905e-05,0.000112568139765,1.97285394221e-06
71.4,1.41780210536e-05,0.000112336496332,1.95517627478e-06
71.45,1.40439587908e-05,0.00011210562774,1.93766242284e-06
71.5,1.39111607053e-05,0.000111875530893,1.92030352858e-06
71.55,1.37796149123e-05,0.000111646289345,1.90309939054e-06
71.6,1.36493096386e-05,0.000111417917454,1.88604749937e-06
71.65,1.35202332213e-05,0.0001111908324,1.86914955608e-06
71.7,1.33923741066e-05,0.000110965881089,1.85240115783e-06
71.75,1.32657208493e-05,0.000110741690173,1.83580280529e-06
71.8,1.3140262111e-05,0.000110518256659,1.81935317075e-06
71.85,1.30160517081e-05,0.000110295577573,1.80305274177e-06
71.9,1.28930121711e-05,0.000110073650292,1.78689657022e-06
71.95,1.27711324972e-05,0.000109852471895,1.77089011476e-06
72.0,1.26504017862e-05,0.00010963255431,1.75502527995e-06
72.05,1.25308092402e-05,0.000109414702405,1.73930188168e-06
72.1,1.24123441624e-05,0.000109197593255,1.72371762657e-06
72.15,1.22949959561e-05,0.000108981281895,1.70827406924e-06
72.2,1.2178754124e-05,0.00010876582327,1.69296718578e-06
72.25,1.2063608267e-05,0.000108551098994,1.67779743376e-06
72.3,1.19495480834e-05,0.000108337106146,1.66276359977e-06
72.35,1.18365633681e-05,0.000108124044723,1.6478661294e-06
72.4,1.17246440115e-05,0.000107913283847,1.63310050038e-06
72.45,1.16137799988e-05,0.000107703248155,1.61847170157e-06
72.5,1.1503961409e-05,0.000107493934646,1.60397233429e-06
72.55,1.13951784139e-05,0.000107285340432,1.58960223027e-06
72.6,1.12874212777e-05,0.000107077462626,1.57535929353e-06
72.65,1.11806803554e-05,0.00010687029837,1.56124494487e-06
72.7,1.10749460927e-05,0.000106663844784,1.54725550672e-06
72.75,1.09702090246e-05,0.000106459407081,1.53339139728e-06
72.8,1.08664597751e-05,0.000106256086225,1.51965150757e-06
72.85,1.07637428479e-05,0.000106053469684,1.50603624481e-06
72.9,1.0661994179e-05,0.000105851554851,1.49254147598e-06
72.95,1.05612046694e-05,0.000105650338881,1.47917176054e-06
73.0,1.04613653052e-05,0.000105449818855,1.46592033662e-06
73.05,1.03624671569e-05,0.000105250019141,1.45278705042e-06
73.1,1.02645013787e-05,0.000105051426702,1.43976998636e-06
73.15,1.01674592077e-05,0.000104854816476,1.42687044296e-06
73.2,1.00713319629e-05,0.00010465889332,1.41408505917e-06
73.25,9.97611104467e-06,0.0001044636544,1.4014142172e-06
73.3,9.88178793403e-06,0.000104269096878,1.38885690351e-06
73.35,9.78835419172e-06,0.000104075217929,1.37641349028e-06
73.4,9.69580145754e-06,0.000103882014725,1.36408020021e-06
73.45,9.60412144963e-06,0.00010368948449,1.35186120033e-06
73.5,9.5133059637e-06,0.000103498369733,1.33975031076e-06
73.55,9.42334687232e-06,0.000103308777135,1.32774739094e-06
73.6,9.33423612423e-06,0.000103119850884,1.31585069015e-06
73.65,9.24596574358e-06,0.000102931593175,1.30406139517e-06
73.7,9.15852782926e-06,0.000102744155266,1.29237643421e-06
73.75,9.07191455419e-06,0.000102557375761,1.28079615659e-06
73.8,8.98611816465e-06,0.000102371251897,1.269319636e-06
73.85,8.90117546345e-06,0.000102185780923,1.25794721259e-06
73.9,8.81703347235e-06,0.000102001714384,1.24667543418e-06
73.95,8.73368466678e-06,0.000101819082076,1.23550810914e-06
74.0,8.65112159262e-06,0.000101637096156,1.22443958948e-06
74.05,8.56933686559e-06,0.00010145575388,1.21346974674e-06
74.1,8.48832317052e-06,0.000101275052508,1.20259698089e-06
74.15,8.40807326081e-06,0.000101094989323,1.19182237655e-06
74.2,8.32857995768e-06,0.000100915561594,1.18114312633e-06
74.25,8.24983614962e-06,0.000100736766633,1.17055954948e-06
74.3,8.17183479174e-06,0.000100559007982,1.16007079942e-06
74.35,8.09456890511e-06,0.000100382951364,1.14967718701e-06
74.4,8.01803157622e-06,0.000100207520769,1.13937555721e-06
74.45,7.94221595627e-06,0.000100032713502,1.1291693906e-06
74.5,7.86711526068e-06,9.98585268216e-05,1.11905352531e-06
74.55,7.79272276838e-06,9.96849580612e-05,1.10902784393e-06
74.6,7.71903182132e-06,9.95121485111e-05,1.09909088415e-06
74.65,7.64603582378e-06,9.93399776047e-05,1.08924363723e-06
74.7,7.57372824188e-06,9.91684170781e-05,1.07948353742e-06
74.75,7.50210260294e-06,9.89985970208e-05,1.06981087649e-06
74.8,7.43115249495e-06,9.88296716117e-05,1.06022488071e-06
74.85,7.36090835233e-06,9.86613498251e-05,1.05072583421e-06
74.9,7.29132636424e-06,9.84936291873e-05,1.04131085347e-06
74.95,7.22240030817e-06,9.83265070691e-05,1.03198311952e-06
75.0,7.15412401987e-06,9.81599808001e-05,1.02273791476e-06
75.05,7.08649139283e-06,9.79940477782e-05,1.0135751319e-06
75.1,7.01949637773e-06,9.78287054051e-05,1.00449343447e-06
75.15,6.95313298189e-06,9.76640157596e-05,9.95493728425e-07
75.2,6.88739526878e-06,9.75013223401e-05,9.86573668837e-07
75.25,6.82227735747e-06,9.73392554883e-05,9.77733522362e-07
75.3,6.7577734221e-06,9.71777703201e-05,9.68972581879e-07
75.35,6.69387769142e-06,9.7016864238e-05,9.60291107052e-07
75.4,6.6305844482e-06,9.68565346442e-05,9.51686462546e-07
75.45,6.56788802879e-06,9.66967789802e-05,9.43161555607e-07
75.5,6.5057828226e-06,9.65375946513e-05,9.34712074662e-07
75.55,6.4442632716e-06,9.63789791248e-05,9.26337921661e-07
75.6,6.38332386984e-06,9.62209298724e-05,9.18037875164e-07
75.65,6.32295916293e-06,9.60647320634e-05,9.0981276315e-07
75.7,6.26316374763e-06,9.59091119567e-05,9.01660442518e-07
75.75,6.20393227129e-06,9.57540513761e-05,8.93581156972e-07
75.8,6.14525943143e-06,9.55995477884e-05,8.85574260252e-07
75.85,6.08717039608e-06,9.54455986731e-05,8.77639989673e-07
75.9,6.02962893547e-06,9.52922016671e-05,8.69775936721e-07
75.95,5.97262990384e-06,9.51393542822e-05,8.61984758418e-07
76.0,5.9161682036e-06,9.49870539989e-05,8.54262514283e-07
76.05,5.86023878491e-06,9.48352983542e-05,8.46609114705e-07
76.1,5.80483664524e-06,9.46849316153e-05,8.39023443373e-07
76.15,5.74995682889e-06,9.45356645323e-05,8.31506257001e-07
76.2,5.69559442659e-06,9.43869357973e-05,8.24055596942e-07
76.25,5.64174457505e-06,9.42387429429e-05,8.16671685928e-07
76.3,5.58840245653e-06,9.40910835031e-05,8.09353933318e-07
76.35,5.53556329842e-06,9.3943955024e-05,8.02102556004e-07
76.4,5.48322237282e-06,9.37973550534e-05,7.94915352768e-07
76.45,5.43137499612e-06,9.36512811723e-05,7.87794751947e-07
76.5,5.3800165286e-06,9.35057309344e-05,7.80737152212e-07
76.55,5.32914237399e-06,9.33607019449e-05,7.73742471664e-07
76.6,5.27874797908e-06,9.32172264666e-05,7.66809690072e-07
76.65,5.22882883334e-06,9.30744196326e-05,7.59939499021e-07
76.7,5.17938046848e-06,9.2932190316e-05,7.53130108443e-07
76.75,5.1303984581e-06,9.27905586593e-05,7.46381721897e-07
76.8,5.08187841727e-06,9.26494372141e-05,7.39693799581e-07
76.85,5.03384115891e-06,9.25088235972e-05,7.33066539717e-07
76.9,4.98625672248e-06,9.23687155551e-05,7.26497930546e-07
76.95,4.93912085264e-06,9.22291107341e-05,7.19990191397e-07
77.0,4.89242933391e-06,9.20900067574e-05,7.13540030906e-07
77.05,4.84617799027e-06,9.19514012948e-05,7.07147374223e-07
77.1,4.80036268483e-06,9.18141387103e-05,7.00811288925e-07
77.15,4.75497931943e-06,9.16776519612e-05,6.94532407075e-07
77.2,4.71002383431e-06,9.15416571597e-05,6.88309092673e-07
77.25,4.66549220771e-06,9.14061519801e-05,6.82141531758e-07
77.3,4.62138045558e-06,9.12711341001e-05,6.76029230989e-07
77.35,4.57768463115e-06,9.11366012086e-05,6.69972371527e-07
77.4,4.53440082465e-06,9.10025509977e-05,6.63969114761e-07
77.45,4.49152516292e-06,9.08689811876e-05,6.58021489007e-07
77.5,4.44905380909e-06,9.07358894788e-05,6.52126486185e-07
77.55,4.40698296225e-06,9.06032736143e-05,6.46284037885e-07
77.6,4.36530885708e-06,9.04713909796e-05,6.40493291939e-07
77.65,4.32402776355e-06,9.03409450566e-05,6.34754826007e-07
77.7,4.28313598658e-06,9.02109689666e-05,6.29067144899e-07
77.75,4.2426298657e-06,9.00814604535e-05,6.23430418643e-07
77.8,4.20250577475e-06,8.99524172646e-05,6.17844196356e-07
77.85,4.16278092518e-06,8.98238371588e-05,6.12308643608e-07
77.9,4.12343054084e-06,8.96957180014e-05,6.06822080037e-07
77.95,4.08445110274e-06,8.95680575781e-05,6.01386359382e-07
78.0,4.04583912485e-06,8.94408536577e-05,5.95998732465e-07
78.05,4.00759115377e-06,8.93141040483e-05,5.90659136766e-07
78.1,3.96970376846e-06,8.91878065642e-05,5.8536679346e-07
78.15,3.93217357992e-06,8.90621600788e-05,5.80122230489e-07
78.2,3.89499723087e-06,8.89377911861e-05,5.74924081353e-07
78.25,3.85817139551e-06,8.88139927489e-05,5.69772501444e-07
78.3,3.82169277917e-06,8.86906383538e-05,5.64667078689e-07
78.35,3.78555811804e-06,8.85677258265e-05,5.59607964405e-07
78.4,3.7497641789e-06,8.84452529972e-05,5.54593622857e-07
78.45,3.71430775881e-06,8.83232177203e-05,5.49625748236e-07
78.5,3.67918568484e-06,8.8201617836e-05,5.44701827982e-07
78.55,3.64439481377e-06,8.80804512205e-05,5.39821804956e-07
78.6,3.60993203185e-06,8.79597157566e-05,5.34984967365e-07
78.65,3.5757942545e-06,8.78394093412e-05,5.30191797713e-07
78.7,3.54197842602e-06,8.77195298716e-05,5.25441047112e-07
78.75,3.50848151938e-06,8.76007224549e-05,5.2073285758e-07
78.8,3.47530053588e-06,8.74826477337e-05,5.16066852509e-07
78.85,3.44244970868e-06,8.73649938264e-05,5.11443170196e-07
78.9,3.40990854893e-06,8.72477587209e-05,5.06860407081e-07
78.95,3.37767414656e-06,8.71309403422e-05,5.02320111541e-07
79.0,3.34574361876e-06,8.70145366034e-05,4.97819987267e-07
79.05,3.31411410972e-06,8.68985454504e-05,4.93359982038e-07
79.1,3.28278279038e-06,8.67829648362e-05,4.88939445326e-07
79.15,3.25174685816e-06,8.66679315373e-05,4.84558818105e-07
79.2,3.22100353675e-06,8.65533140547e-05,4.80216958977e-07
79.25,3.19055007584e-06,8.643910145e-05,4.75913997738e-07
79.3,3.16038375086e-06,8.63252917098e-05,4.71649590193e-07
79.35,3.13050186279e-06,8.62124169951e-05,4.67423862736e-07
79.4,3.10090173788e-06,8.61003080274e-05,4.63235532611e-07
79.45,3.07158072742e-06,8.59885959717e-05,4.59086014926e-07
79.5,3.04253620755e-06,8.58772788108e-05,4.54973211015e-07
79.55,3.01376557894e-06,8.57663545579e-05,4.5089707315e-07
79.6,2.98526626665e-06,8.5655821233e-05,4.46857006793e-07
79.65,2.95703571986e-06,8.55456768695e-05,4.42853414964e-07
79.7,2.92907141163e-06,8.54359195022e-05,4.38885254505e-07
79.75,2.90137083872e-06,8.53266586056e-05,4.34952644039e-07
79.8,2.87393152134e-06,8.52178058765e-05,4.31055268998e-07
79.85,2.84676522973e-06,8.51093347143e-05,4.27193244894e-07
79.9,2.81985502045e-06,8.50012432558e-05,4.23365399379e-07
79.95,2.79319848698e-06,8.48935295871e-05,4.19573025763e-07
80.0,2.76679324537e-06,8.47869373177e-05,4.15814206009e-07
80.05,2.74063693397e-06,8.4680819169e-05,4.12088896499e-07
80.1,2.71472721326e-06,8.4575073066e-05,4.08396553865e-07
80.15,2.68906176563e-06,8.44696971066e-05,4.0473754644e-07
80.2,2.66363829518e-06,8.43646893911e-05,4.01110920848e-07
80.25,2.63845452752e-06,8.42600480368e-05,3.97516785504e-07
80.3,2.61350820954e-06,8.41557711664e-05,3.93954852913e-07
80.35,2.58879710926e-06,8.40518569122e-05,3.90425228646e-07
80.4,2.5643190156e-06,8.39483034119e-05,3.86926841257e-07
80.45,2.54007173819e-06,8.38451088213e-05,3.83460872743e-07
80.5,2.51605310719e-06,8.37422712897e-05,3.80025570151e-07
80.55,2.49226097307e-06,8.36397889921e-05,3.76620893614e-07
80.6,2.46869320646e-06,8.35376601102e-05,3.73246346534e-07
80.65,2.44534769793e-06,8.34363508277e-05,3.69902265541e-07
80.7,2.42222235782e-06,8.33358569086e-05,3.66587779316e-07
80.75,2.39931511604e-06,8.32357113502e-05,3.63302986941e-07
80.8,2.3766239219e-06,8.31359123402e-05,3.60047625666e-07
80.85,2.35415850892e-06,8.3036458076e-05,3.56821791976e-07
80.9,2.33190486555e-06,8.29373468157e-05,3.53624506643e-07
80.95,2.30986100172e-06,8.28385767777e-05,3.50456849931e-07
81.0,2.28802494599e-06,8.27401461754e-05,3.47317219761e-07
81.05,2.26639474537e-06,8.26420532462e-05,3.44205579699e-07
81.1,2.24496846517e-06,8.25442962342e-05,3.41121475886e-07
81.15,2.22374418883e-06,8.24468733948e-05,3.38065215981e-07
81.2,2.20272001772e-06,8.23497829866e-05,3.35036003656e-07
81.25,2.18189407102e-06,8.22530909037e-05,3.32033929467e-07
81.3,2.16126448551e-06,8.21567915968e-05,3.29058753279e-07
81.35,2.14082941543e-06,8.20610347666e-05,3.26110563271e-07
81.4,2.12058703229e-06,8.19661264126e-05,3.23188464497e-07
81.45,2.10053552477e-06,8.18715422085e-05,3.20293444244e-07
81.5,2.08067309847e-06,8.17772804328e-05,3.17424038322e-07
81.55,2.06099797585e-06,8.1683339386e-05,3.14580213431e-07
81.6,2.04150839599e-06,8.15897173756e-05,3.11761554778e-07
81.65,2.02220261447e-06,8.149641272e-05,3.0896834354e-07
81.7,2.00307890324e-06,8.14034237413e-05,3.0619985193e-07
81.75,1.98413555042e-06,8.13107487756e-05,3.03456162708e-07
81.8,1.96537086017e-06,8.12183861645e-05,3.00737056408e-07
81.85,1.9467928817e-06,8.11263342586e-05,2.9804261362e-07
81.9,1.92839002806e-06,8.10345914589e-05,2.95372016424e-07
81.95,1.91016065352e-06,8.09431561354e-05,2.92726167133e-07
82.0,1.89210312777e-06,8.08520266546e-05,2.90103727577e-07
82.05,1.8742158358e-06,8.07612014037e-05,2.87504667324e-07
82.1,1.85649717768e-06,8.06708346561e-05,2.84928607281e-07
82.15,1.8389455685e-06,8.05813433895e-05,2.82375804423e-07
82.2,1.82155943818e-06,8.04922430716e-05,2.79845593604e-07
82.25,1.80433723133e-06,8.04034408761e-05,2.77338050462e-07
82.3,1.78727740716e-06,8.03149352049e-05,2.74852974418e-07
82.35,1.7703784393e-06,8.02267244682e-05,2.72390439127e-07
82.4,1.75363881568e-06,8.01388070821e-05,2.69949697066e-07
82.45,1.73705703838e-06,8.00511814766e-05,2.67531572888e-07
82.5,1.72063162353e-06,7.99638460801e-05,2.65134843596e-07
82.55,1.70436110117e-06,7.98767993395e-05,2.62759481379e-07
82.6,1.68824401508e-06,7.97900397087e-05,2.6040513977e-07
82.65,1.67227892272e-06,7.97035656514e-05,2.58072053628e-07
82.7,1.65646439504e-06,7.96173756351e-05,2.55759615056e-07
82.75,1.6407990164e-06,7.95314950597e-05,2.53467893179e-07
82.8,1.6252813844e-06,7.94459954869e-05,2.51196704685e-07
82.85,1.60991815542e-06,7.93607758057e-05,2.48946116888e-07
82.9,1.59469974751e-06,7.92759440659e-05,2.46715446604e-07
82.95,1.57962479972e-06,7.91919125445e-05,2.44505447507e-07
83.0,1.56469196388e-06,7.91081563145e-05,2.42315001864e-07
83.05,1.5498999044e-06,7.90246738808e-05,2.40144084258e-07
83.1,1.53524729823e-06,7.89414637554e-05,2.3799237804e-07
83.15,1.5207328347e-06,7.88585244596e-05,2.35860097858e-07
83.2,1.50635521542e-06,7.87758545188e-05,2.33746688132e-07
83.25,1.49211315416e-06,7.86934524706e-05,2.31652212042e-07
83.3,1.47800537674e-06,7.86113168579e-05,2.29576502049e-07
83.35,1.46403062092e-06,7.85294462319e-05,2.27519619676e-07
83.4,1.45018763626e-06,7.8447839149e-05,2.25480940539e-07
83.45,1.43647518407e-06,7.83664941784e-05,2.23461153445e-07
83.5,1.42289203723e-06,7.82854098884e-05,2.21459236863e-07
83.55,1.40943698015e-06,7.82045848639e-05,2.19475167561e-07
83.6,1.3961088086e-06,7.81240176959e-05,2.17508656148e-07
83.65,1.38290632965e-06,7.80437110154e-05,2.15559898793e-07
83.7,1.36982836153e-06,7.79637883095e-05,2.13628387738e-07
83.75,1.35687373358e-06,7.78841196964e-05,2.11714180722e-07
83.8,1.34404128606e-06,7.78052791186e-05,2.09817124628e-07
83.85,1.33133652353e-06,7.77266966976e-05,2.07937275683e-07
83.9,1.3187515221e-06,7.76483641058e-05,2.06074063243e-07
83.95,1.30628515634e-06,7.75702799672e-05,2.0422811683e-07
84.0,1.29393631134e-06,7.74924429058e-05,2.02398502835e-07
84.05,1.28170388264e-06,7.7414851561e-05,2.00585200027e-07
84.1,1.26958677613e-06,7.73375045782e-05,1.9878794392e-07
84.15,1.25758390794e-06,7.72604006119e-05,1.97006913801e-07
84.2,1.24569420435e-06,7.71835383206e-05,1.95241645613e-07
84.25,1.23391660171e-06,7.71069163735e-05,1.93492192126e-07
84.3,1.22225004632e-06,7.70306452134e-05,1.91758413402e-07
84.35,1.21069349434e-06,7.69546232758e-05,1.90040360827e-07
84.4,1.19924591174e-06,7.68788381104e-05,1.88337512873e-07
84.45,1.18790627415e-06,7.6803288412e-05,1.8665044488e-07
84.5,1.1766735668e-06,7.67279728754e-05,1.84978303593e-07
84.55,1.16554678445e-06,7.66528902099e-05,1.83321069608e-07
84.6,1.15452493125e-06,7.65780391307e-05,1.81678501204e-07
84.65,1.14360702069e-06,7.65034183614e-05,1.80050762237e-07
84.7,1.1327920755e-06,7.642930574e-05,1.78437428589e-07
84.75,1.12207912759e-06,7.63556747529e-05,1.7683854849e-07
84.8,1.1114672179e-06,7.62822701346e-05,1.75253994046e-07
84.85,1.10096089848e-06,7.62090906202e-05,1.7368381222e-07
84.9,1.0905536166e-06,7.61361349747e-05,1.72127526371e-07
84.95,1.08024444157e-06,7.60634019486e-05,1.70585662321e-07
85.0,1.0700324514e-06,7.59908902931e-05,1.69057440253e-07
85.05,1.05991673276e-06,7.59185987729e-05,1.67542842432e-07
85.1,1.04989638085e-06,7.58465261585e-05,1.66041647944e-07
85.15,1.03997049937e-06,7.57746712285e-05,1.6455400654e-07
85.2,1.03013820039e-06,7.57031266287e-05,1.63079530607e-07
85.25,1.02039860431e-06,7.56318327641e-05,1.61618264223e-07
85.3,1.01075083976e-06,7.55607533643e-05,1.60170090502e-07
85.35,1.00119404355e-06,7.54898872295e-05,1.58735052365e-07
85.4,9.91727360556e-07,7.54192331652e-05,1.57312714194e-07
85.45,9.82349943675e-07,7.53487899866e-05,1.55903556555e-07
85.5,9.73060953738e-07,7.52785565102e-05,1.54506866749e-07
85.55,9.6385955944e-07,7.52085315646e-05,1.53122628568e-07
85.6,9.54744937262e-07,7.51387139844e-05,1.5175064011e-07
85.65,9.45716271401e-07,7.50691026114e-05,1.50391038238e-07
85.7,9.36772753697e-07,7.49999772851e-05,1.49043468701e-07
85.75,9.27913583566e-07,7.49312601152e-05,1.47707971783e-07
85.8,9.19137967923e-07,7.48628179869e-05,1.46384440657e-07
85.85,9.10449671114e-07,7.47946246145e-05,1.45072914552e-07
85.9,9.01843274303e-07,7.47266319869e-05,1.43772995342e-07
85.95,8.93318007844e-07,7.46588389677e-05,1.4248512223e-07
86.0,8.84873109301e-07,7.45912444221e-05,1.4120864386e-07
86.05,8.76507823374e-07,7.45238472271e-05,1.39943545419e-07
86.1,8.68221401842e-07,7.44566462651e-05,1.38689642381e-07
86.15,8.60013103487e-07,7.43896404258e-05,1.37447059831e-07
86.2,8.51882194038e-07,7.43228286033e-05,1.36215474007e-07
86.25,8.43827946097e-07,7.42562097e-05,1.34994921726e-07
86.3,8.35849639083e-07,7.41897826234e-05,1.33785305355e-07
86.35,8.27946559163e-07,7.41235462873e-05,1.32586660747e-07
86.4,8.20117999193e-07,7.40574996105e-05,1.31398624043e-07
86.45,8.1236325865e-07,7.39916415206e-05,1.30221596644e-07
86.5,8.04681643578e-07,7.39259709467e-05,1.29054983254e-07
86.55,7.97072466518e-07,7.38604868286e-05,1.27898770336e-07
86.6,7.89535046455e-07,7.37951881118e-05,1.26752789246e-07
86.65,7.82068708753e-07,7.37300737481e-05,1.25617154304e-07
86.7,7.74672785099e-07,7.36651959681e-05,1.24491569612e-07
86.75,7.6734661344e-07,7.36005728957e-05,1.23376068818e-07
86.8,7.60089537928e-07,7.35365386493e-05,1.22270562695e-07
86.85,7.52904671524e-07,7.34727170039e-05,1.21175084008e-07
86.9,7.4578753307e-07,7.34090748505e-05,1.20089300214e-07
86.95,7.38737486103e-07,7.33456111611e-05,1.19013578168e-07
87.0,7.31753900117e-07,7.32823249098e-05,1.1794737381e-07
87.05,7.24836150512e-07,7.32192150807e-05,1.16890674768e-07
87.1,7.17983618538e-07,7.31562806632e-05,1.15843326912e-07
87.15,7.1119569124e-07,7.30935206532e-05,1.14805434723e-07
87.2,7.04471761403e-07,7.3030934051e-05,1.13776727772e-07
87.25,6.97811227501e-07,7.29685198643e-05,1.12757236809e-07
87.3,6.91213493643e-07,7.29063123598e-05,1.11746880288e-07
87.35,6.84677969517e-07,7.28443564585e-05,1.10745688152e-07
87.4,6.78204070344e-07,7.2782570403e-05,1.09753356483e-07
87.45,6.71791216821e-07,7.27209532205e-05,1.08770220559e-07
87.5,6.65438835073e-07,7.26595039401e-05,1.07795783146e-07
87.55,6.59146356602e-07,7.25982216005e-05,1.06830032938e-07
87.6,6.52913218234e-07,7.25371052453e-05,1.05872829071e-07
87.65,6.46738862075e-07,7.24761539245e-05,1.04924267032e-07
87.7,6.40622735455e-07,7.24153666918e-05,1.03984099669e-07
87.75,6.34564290885e-07,7.23547426083e-05,1.03052355085e-07
87.8,6.28562986004e-07,7.22942807396e-05,1.02128958752e-07
87.85,6.22621395105e-07,7.22339801568e-05,1.01213938037e-07
87.9,6.16735812454e-07,7.21738399488e-05,1.00307015178e-07
87.95,6.10905711719e-07,7.21139780081e-05,9.94084965975e-08
88.0,6.051305715e-07,7.20545508479e-05,9.8517927858e-08
88.05,5.99409875278e-07,7.19952812415e-05,9.76352986253e-08
88.1,5.93743111372e-07,7.19361682769e-05,9.67604801607e-08
88.15,5.88129772892e-07,7.18772110482e-05,9.58935597324e-08
88.2,5.82569357697e-07,7.18184234915e-05,9.50343114594e-08
88.25,5.77061368351e-07,7.17598974462e-05,9.41827610279e-08
88.3,5.71605312073e-07,7.17015248471e-05,9.33388403225e-08
88.35,5.66200700702e-07,7.1643304805e-05,9.2502574356e-08
88.4,5.60847050648e-07,7.15852364353e-05,9.1673709273e-08
88.45,5.55543882853e-07,7.15273188601e-05,9.08525251213e-08
88.5,5.50290722744e-07,7.1469551204e-05,9.00386065777e-08
88.55,5.45087100197e-07,7.14119325997e-05,8.92319441969e-08
88.6,5.39932549491e-07,7.13544621848e-05,8.84324203207e-08
88.65,5.34826609269e-07,7.12971391023e-05,8.76401147062e-08
88.7,5.29768822496e-07,7.12399624992e-05,8.68548209135e-08
88.75,5.24758736422e-07,7.11829315289e-05,8.60765624184e-08
88.8,5.19795902535e-07,7.11260453491e-05,8.53052769678e-08
88.85,5.14882449671e-07,7.10694165562e-05,8.45409874218e-08
88.9,5.10015313338e-07,7.1012931267e-05,8.37834617741e-08
88.95,5.05194058284e-07,7.09565886511e-05,8.3032955969e-08
89.0,5.00418253331e-07,7.09003878804e-05,8.22890904297e-08
89.05,4.95687471337e-07,7.08443281343e-05,8.15518565239e-08
89.1,4.91001289165e-07,7.07884085971e-05,8.08211467201e-08
89.15,4.86359287637e-07,7.0732628458e-05,8.00970339107e-08
89.2,4.81761051503e-07,7.06769869103e-05,7.9379329424e-08
89.25,4.77206169403e-07,7.06216121807e-05,7.86680547151e-08
89.3,4.72694233829e-07,7.05665984342e-05,7.79631528891e-08
89.35,4.68224841091e-07,7.05117208394e-05,7.72646448384e-08
89.4,4.63797591279e-07,7.04569785995e-05,7.65723185253e-08
89.45,4.59412088232e-07,7.04023709242e-05,7.58864078654e-08
89.5,4.55067939498e-07,7.03478970254e-05,7.52065659513e-08
89.55,4.50764756303e-07,7.02935561221e-05,7.4532784894e-08
89.6,4.46502153515e-07,7.0239347438e-05,7.38649664169e-08
89.65,4.42279749611e-07,7.01852702017e-05,7.32031771387e-08
89.7,4.38097166642e-07,7.01313236456e-05,7.25472446265e-08
89.75,4.339540302e-07,7.00776047598e-05,7.18971884887e-08
89.8,4.29849969388e-07,7.00240370689e-05,7.12529567274e-08
89.85,4.25786744662e-07,6.99705981745e-05,7.06145684367e-08
89.9,4.21761821816e-07,6.99172873324e-05,6.99818298288e-08
89.95,4.17774840912e-07,6.98641037954e-05,6.93549546864e-08
90.0,4.13825445384e-07,6.98110468181e-05,6.87336259601e-08
90.05,4.09913282004e-07,6.97581156623e-05,6.81178364397e-08
90.1,4.06038000853e-07,6.9705309594e-05,6.75074963074e-08
90.15,4.02199255289e-07,6.96526278837e-05,6.6902666448e-08
90.2,3.98396701919e-07,6.96000698057e-05,6.63031892697e-08
90.25,3.94630000562e-07,6.95476346396e-05,6.57090826932e-08
90.3,3.90898814227e-07,6.94953216689e-05,6.51202991959e-08
90.35,3.87202809079e-07,6.94432074246e-05,6.45368562288e-08
90.4,3.83541654409e-07,6.93912477806e-05,6.39585766829e-08
90.45,3.79915022607e-07,6.9339408573e-05,6.33856559409e-08
90.5,3.76322589132e-07,6.92876890974e-05,6.28178042417e-08
90.55,3.72764032484e-07,6.92360886564e-05,6.22550149955e-08
90.6,3.69239034175e-07,6.91846065561e-05,6.16972061149e-08
90.65,3.65747278699e-07,6.91332421073e-05,6.11444332446e-08
90.7,3.62288453509e-07,6.90822251761e-05,6.05965523565e-08
90.75,3.58862248986e-07,6.90314073768e-05,6.00535798289e-08
90.8,3.5546835841e-07,6.89807051689e-05,5.95154722294e-08
90.85,3.5210823761e-07,6.89301178718e-05,5.89822455069e-08
90.9,3.48779790899e-07,6.88796448159e-05,5.8453737796e-08
90.95,3.45482720624e-07,6.88292853294e-05,5.79301276633e-08
91.0,3.42216731918e-07,6.8779038743e-05,5.74111502867e-08
91.05,3.38981532678e-07,6.87289043931e-05,5.68967996439e-08
91.1,3.35776833533e-07,6.86788816202e-05,5.63870007125e-08
91.15,3.32602347827e-07,6.86289697691e-05,5.5881804348e-08
91.2,3.29457791585e-07,6.85791681881e-05,5.53810789185e-08
91.25,3.26342883493e-07,6.85295364119e-05,5.48848393928e-08
91.3,3.23257344873e-07,6.84800704337e-05,5.43930460766e-08
91.35,3.20200899656e-07,6.84307131792e-05,5.39057135461e-08
91.4,3.00765442892e-07,6.8381464009e-05,5.34226938675e-08
91.45,2.73297472472e-07,6.83322552541e-05,5.29441502382e-08
91.5,2.7071320249e-07,6.82830538831e-05,5.24698406293e-08
91.55,2.68153302303e-07,6.82339615574e-05,5.19997595367e-08
91.6,2.65617542801e-07,6.81849776173e-05,5.15338383951e-08
91.65,2.63105697022e-07,6.81361014074e-05,5.10721236829e-08
91.7,2.60617540129e-07,6.80873322762e-05,5.06144950976e-08
91.75,2.58152849394e-07,6.80386695768e-05,5.01609663197e-08
91.8,2.55711404174e-07,6.79901126665e-05,4.97115010713e-08
91.85,2.53294251739e-07,6.79417036175e-05,4.9266112674e-08
91.9,2.50899884527e-07,6.78934649147e-05,4.88246659267e-08
91.95,2.48528088417e-07,6.78453304604e-05,4.83873099804e-08
92.0,2.46178651292e-07,6.77972996239e-05,4.79538236374e-08
92.05,2.43851363023e-07,6.77493717799e-05,4.75242018672e-08
92.1,2.41546015448e-07,6.77015463071e-05,4.7098382006e-08
92.15,2.39262402354e-07,6.76538225885e-05,4.66764065318e-08
92.2,2.37000319462e-07,6.76062000105e-05,4.62581654965e-08
92.25,2.34759564405e-07,6.75586945772e-05,4.58436714029e-08
92.3,2.32539936709e-07,6.75115497365e-05,4.54328910957e-08
92.35,2.30341237783e-07,6.74645049066e-05,4.50258367499e-08
92.4,2.28163270891e-07,6.74175588044e-05,4.46223848008e-08
92.45,2.26005841145e-07,6.73707108302e-05,4.42226715625e-08
92.5,2.23868755478e-07,6.73239603871e-05,4.38264948752e-08
92.55,2.21751822637e-07,6.72773068834e-05,4.34338501415e-08
92.6,2.19654853155e-07,6.72307497312e-05,4.30446800911e-08
92.65,2.17577659345e-07,6.71842883467e-05,4.26590235458e-08
92.7,2.15520055276e-07,6.71379221494e-05,4.22767800207e-08
92.75,2.1348185676e-07,6.70916748216e-05,4.18979609424e-08
92.8,2.11462881335e-07,6.7045611683e-05,4.15225360094e-08
92.85,2.09463995051e-07,6.69996423907e-05,4.11505163487e-08
92.9,2.07483951215e-07,6.69537663799e-05,4.07817890306e-08
92.95,2.05522572758e-07,6.69079830861e-05,4.04164786369e-08
93.0,2.03579684268e-07,6.6862291947e-05,4.00544004076e-08
93.05,2.01655111976e-07,6.68166924056e-05,3.96955501407e-08
93.1,1.99748683742e-07,6.67711839081e-05,3.93398754953e-08
93.15,1.97860229036e-07,6.67257659048e-05,3.89874119517e-08
93.2,1.95989578927e-07,6.6680437849e-05,3.86380676737e-08
93.25,1.94136566065e-07,6.66351991982e-05,3.82918531045e-08
93.3,1.92301024668e-07,6.65900494132e-05,3.79487405505e-08
93.35,1.90482790508e-07,6.65449976111e-05,3.7608740181e-08
93.4,1.88681700894e-07,6.65001301332e-05,3.72717487863e-08
93.45,1.86897594659e-07,6.64553502765e-05,3.69378802252e-08
93.5,1.85130312147e-07,6.64106575117e-05,3.66069656398e-08
93.55,1.83379695198e-07,6.63660513143e-05,3.62790011901e-08
93.6,1.81645587131e-07,6.63215311631e-05,3.59539390398e-08
93.65,1.79927832737e-07,6.62770965405e-05,3.56318116157e-08
93.7,1.78226278258e-07,6.62327469319e-05,3.53125349856e-08
93.75,1.76540771379e-07,6.61884818265e-05,3.49961186941e-08
93.8,1.7487116121e-07,6.61443007167e-05,3.46825374309e-08
93.85,1.7321816394e-07,6.61002030984e-05,3.43718004902e-08
93.9,1.71580748604e-07,6.60561884737e-05,3.40638135454e-08
93.95,1.69958768774e-07,6.60122563454e-05,3.37586806556e-08
94.0,1.68352079391e-07,6.59684062183e-05,3.34562474964e-08
94.05,1.66760536755e-07,6.59248270129e-05,3.31565105581e-08
94.1,1.65183998514e-07,6.58813828774e-05,3.28594261218e-08
94.15,1.63622323646e-07,6.58380193292e-05,3.25650238233e-08
94.2,1.62075372451e-07,6.57947358812e-05,3.22732269544e-08
94.25,1.6054300654e-07,6.57515320497e-05,3.1984044238e-08
94.3,1.59025088816e-07,6.57085091994e-05,3.16974525424e-08
94.35,1.5752148347e-07,6.56655755248e-05,3.14134603619e-08
94.4,1.56032055962e-07,6.56227204009e-05,3.11319814884e-08
94.45,1.54556673015e-07,6.55799433537e-05,3.08531110247e-08
94.5,1.530952026e-07,6.55372439113e-05,3.05767079291e-08
94.55,1.51647513924e-07,6.54946216062e-05,3.03027689939e-08
94.6,1.50213477419e-07,6.54520759735e-05,3.00312542628e-08
94.65,1.48792964733e-07,6.5409606552e-05,2.97621908212e-08
94.7,1.47385848714e-07,6.53672128828e-05,2.94955085629e-08
94.75,1.45992003405e-07,6.53248945108e-05,2.92312154602e-08
94.8,1.44611304026e-07,6.52826509836e-05,2.89692903722e-08
94.85,1.43244342835e-07,6.52404818519e-05,2.87097410621e-08
94.9,1.41890267267e-07,6.51984686553e-05,2.84524887415e-08
94.95,1.40548956231e-07,6.51565513037e-05,2.81976203282e-08
95.0,1.3922028977e-07,6.5114707361e-05,2.79450069193e-08
95.05,1.37904149051e-07,6.50729363868e-05,2.76946455836e-08
95.1,1.36600416352e-07,6.50312379434e-05,2.74464998035e-08
95.15,1.35308975056e-07,6.49896115964e-05,2.5824352671e-08
95.2,1.34029709636e-07,6.49480675504e-05,2.54398799948e-08
95.25,1.32762505649e-07,6.49065957408e-05,2.52119221427e-08
95.3,1.31507249723e-07,6.48651945416e-05,2.49860082805e-08
95.35,1.30263829548e-07,6.48238635322e-05,2.47621465503e-08
95.4,1.29032133866e-07,6.47826022947e-05,2.45402659831e-08
95.45,1.27812052462e-07,6.47414104142e-05,2.43204470447e-08
95.5,1.26603476153e-07,6.47002874782e-05,2.41025729472e-08
95.55,1.25406296779e-07,6.46592330775e-05,2.2512156247e-08
95.6,1.24220407193e-07,6.461825738e-05,2.21575722503e-08
95.65,1.23045701252e-07,6.45773504026e-05,2.19590430943e-08
95.7,1.21882073808e-07,6.45365105509e-05,2.17622710061e-08
95.75,1.20729420698e-07,6.44957374291e-05,2.15672646639e-08
95.8,1.19587638736e-07,6.44550972387e-05,2.1374008411e-08
95.85,1.18457217693e-07,6.4414566489e-05,2.11825107167e-08
95.9,1.17337452534e-07,6.43741016617e-05,2.09927077392e-08
95.95,1.16228243122e-07,6.43337023682e-05,2.08046740293e-08
96.0,1.15129490256e-07,6.42934137469e-05,2.06183038527e-08
96.05,1.14041095666e-07,6.42533564888e-05,2.0433582721e-08
96.1,1.12962962003e-07,6.42133637068e-05,2.02504962694e-08
96.15,1.11894992827e-07,6.41734350174e-05,2.00690542826e-08
96.2,1.10837092603e-07,6.41335700396e-05,1.98892181348e-08
96.25,1.09789166691e-07,6.4093768395e-05,1.97109957573e-08
96.3,1.08751121338e-07,6.40540297078e-05,1.95343728411e-08
96.35,1.07722863667e-07,6.40143536047e-05,1.93593571264e-08
96.4,1.06704301673e-07,6.3974789214e-05,1.91858902662e-08
96.45,1.05695344212e-07,6.3935339409e-05,1.90140403948e-08
96.5,1.04695900994e-07,6.38959514166e-05,1.88437108784e-08
96.55,1.03705882575e-07,6.38566248704e-05,1.86748884756e-08
96.6,1.0272520035e-07,6.38173594066e-05,1.85075600578e-08
96.65,1.01753766543e-07,6.37781546638e-05,1.83417345677e-08
96.7,1.007914942e-07,6.37390102829e-05,1.81773767041e-08
96.75,9.98382971823e-08,6.36999259074e-05,1.80144937153e-08
96.8,9.88940901591e-08,6.36609011832e-05,1.78530725242e-08
96.85,9.79592781527e-08,6.36219357583e-05,1.76931202046e-08
96.9,9.70332781267e-08,6.35830292852e-05,1.75345834314e-08
96.95,9.61160072716e-08,6.35441814167e-05,1.73775244748e-08
97.0,9.52073835534e-08,6.35053918079e-05,1.7221855018e-08
97.05,9.43073257062e-08,6.34666601164e-05,1.70675629593e-08
97.1,9.34157532256e-08,6.34279860023e-05,1.69146363001e-08
97.15,9.25325863607e-08,6.3389369128e-05,1.67630832134e-08
97.2,9.16577461079e-08,6.33508091579e-05,1.66128714363e-08
97.25,9.07911542035e-08,6.33123057592e-05,1.64640075933e-08
97.3,8.9932733117e-08,6.32738912847e-05,1.63164797328e-08
97.35,8.90824060438e-08,6.32356079818e-05,1.61702943197e-08
97.4,8.82400968992e-08,6.31973806181e-05,1.60254026187e-08
97.45,8.7405730311e-08,6.31592088662e-05,1.58818615403e-08
97.5,8.65792316132e-08,6.31210924004e-05,1.57395903692e-08
97.55,8.57605268393e-08,6.30830308978e-05,1.55985780451e-08
97.6,8.49495427159e-08,6.30450240374e-05,1.54588136022e-08
97.65,8.41462066558e-08,6.30070715008e-05,1.532030451e-08
97.7,8.33504467523e-08,6.29691729713e-05,1.51830212825e-08
97.75,8.25621917723e-08,6.29313281347e-05,1.50469699741e-08
97.8,8.178137115e-08,6.28935366788e-05,1.49121396616e-08
97.85,8.10083198228e-08,6.28557982934e-05,1.47785362538e-08
97.9,8.02425556433e-08,6.28181308967e-05,1.46461152098e-08
97.95,7.94840101314e-08,6.27805980082e-05,1.45149285419e-08
98.0,7.87326154483e-08,6.27431176034e-05,1.43849024818e-08
98.05,7.79883043905e-08,6.27056893774e-05,1.42560269213e-08
98.1,7.72510103841e-08,6.26683130276e-05,1.41282918384e-08
98.15,7.65206674784e-08,6.26309882534e-05,1.40017040596e-08
98.2,7.57972103406e-08,6.25937147559e-05,1.38762366366e-08
98.25,7.50805742499e-08,6.25566358314e-05,1.23752786603e-08
98.3,7.43706950916e-08,6.25196589301e-05,1.07346010767e-08
98.35,7.36675093516e-08,6.24827435373e-05,7.73195707073e-09
98.4,7.29709541108e-08,6.24458992042e-05,7.3564218447e-09
98.45,7.22809670397e-08,6.24091063123e-05,7.29053441912e-09
98.5,7.15974863923e-08,6.23723623089e-05,7.22522984673e-09
98.55,7.09204510016e-08,6.23356669146e-05,7.16050305178e-09
98.6,7.02498002732e-08,6.22990198521e-05,7.09634900167e-09
98.65,6.95854741807e-08,6.22624208458e-05,5.6539724029e-09
98.7,6.89274132601e-08,6.22258796465e-05,5.44995828119e-09
98.75,6.82755586044e-08,6.21893869005e-05,5.40112058531e-09
98.8,6.76298518589e-08,6.21529412065e-05,5.35271519828e-09
98.85,6.69905700029e-08,6.21166482074e-05,5.30473835225e-09
98.9,6.63573143202e-08,6.20804020776e-05,5.25718631133e-09
98.95,6.57300281806e-08,6.20442025516e-05,3.83471325494e-09
99.0,6.51086554842e-08,6.20080593331e-05,3.64739398519e-09
99.05,6.44931406565e-08,6.19719631296e-05,3.61472374609e-09
99.1,6.38834286435e-08,6.19359125562e-05,3.58234254243e-09
99.15,6.32794649067e-08,6.18999073568e-05,3.55024785683e-09
99.2,6.26811954186e-08,6.1863947277e-05,3.51843719344e-09
99.25,6.20885666576e-08,6.18280320642e-05,3.48690807766e-09
99.3,6.15015256037e-08,6.17921614676e-05,3.45565805605e-09
99.35,6.09200197331e-08,6.17563352377e-05,3.42468469611e-09
99.4,6.03439970145e-08,6.17205531271e-05,3.39398558592e-09
99.45,5.97734059037e-08,6.16849014075e-05,1.98593251909e-09
99.5,5.92081953395e-08,6.1649315461e-05,1.81491925705e-09
99.55,5.86483147391e-08,6.16137741533e-05,1.79866276096e-09
99.6,5.80937139936e-08,6.15782761197e-05,1.782550087e-09
99.65,5.75443434635e-08,6.154282112e-05,1.76657998254e-09
99.7,5.70001539745e-08,6.15074089158e-05,1.75075120566e-09
99.75,5.6461096813e-08,6.14720392704e-05,1.73506252503e-09
99.8,5.5927123722e-08,6.14367119483e-05,1.71951271982e-09
99.85,5.5398463752e-08,6.14014267159e-05,1.70410057963e-09
99.9,5.4874787181e-08,6.13661833421e-05,1.68882490441e-09
99.95,5.43560471783e-08,6.13309815962e-05,1.6737012247e-09
100.0,5.38421973514e-08,6.12958212491e-05,1.65871130777e-09
