"time","AMPA","NMDA","GABAa"
0.0,0.0,0.0,0.0
0.05,0.0,0.0,0.0
0.1,0.0,0.0,0.0
0.15,0.0,0.0,0.0
0.2,0.0,0.0,0.0
0.25,0.0,0.0,0.0
0.3,0.0,0.0,0.0
0.35,0.0,0.0,0.0
0.4,0.0,0.0,0.0
0.45,0.0,0.0,0.0
0.5,0.0,0.0,0.0
0.55,0.0,0.0,0.0
0.6,0.0,0.0,0.0
0.65,0.0,0.0,0.0
0.7,0.0,0.0,0.0
0.75,0.0,0.0,0.0
0.8,0.0,0.0,0.0
0.85,0.0,0.0,0.0
0.9,0.0,0.0,0.0
0.95,0.0,0.0,0.0
1.0,0.0,0.0,0.0
1.05,0.0,0.0,0.0
1.1,0.0,0.0,0.0
1.15,0.0,0.0,0.0
1.2,0.0,0.0,0.0
1.25,0.0,0.0,0.0
1.3,0.0,0.0,0.0
1.35,0.0,0.0,0.0
1.4,0.0,0.0,0.0
1.45,0.0,0.0,0.0
1.5,0.0,0.0,0.0
1.55,0.0,0.0,0.0
1.6,0.0,0.0,0.0
1.65,0.0,0.0,0.0
1.7,0.0,0.0,0.0
1.75,0.0,0.0,0.0
1.8,0.0,0.0,0.0
1.85,0.0,0.0,0.0
1.9,0.0,0.0,0.0
1.95,0.0,0.0,0.0
2.0,0.0,0.0,0.0
2.05,0.0,0.0,0.0
2.1,0.0,0.0,0.0
2.15,0.0,0.0,0.0
2.2,0.0,0.0,0.0
2.25,0.0,0.0,0.0
2.3,0.0,0.0,0.0
2.35,0.0,0.0,0.0
2.4,0.0,0.0,0.0
2.45,0.0,0.0,0.0
2.5,0.0,0.0,0.0
2.55,0.0,0.0,0.0
2.6,0.0,0.0,0.0
2.65,0.0,0.0,0.0
2.7,0.0,0.0,0.0
2.75,0.0,0.0,0.0
2.8,0.0,0.0,0.0
2.85,0.0,0.0,0.0
2.9,0.0,0.0,0.0
2.95,0.0,0.0,0.0
3.0,0.0,0.0,0.0
3.05,0.0,0.0,0.0
3.1,0.0,0.0,0.0
3.15,0.0,0.0,0.0
3.2,0.0,0.0,0.0
3.25,0.0,0.0,0.0
3.3,0.0,0.0,0.0
3.35,0.0,0.0,0.0
3.4,0.0,0.0,0.0
3.45,0.0,0.0,0.0
3.5,0.0,0.0,0.0
3.55,0.0,0.0,0.0
3.6,0.0,0.0,0.0
3.65,0.0,0.0,0.0
3.7,0.0,0.0,0.0
3.75,0.0,0.0,0.0
3.8,0.0,0.0,0.0
3.85,0.0,0.0,0.0
3.9,0.0,0.0,0.0
3.95,0.0,0.0,0.0
4.0,0.0,0.0,0.0
4.05,0.0,0.0,0.0
4.1,0.0,0.0,0.0
4.15,0.0,0.0,0.0
4.2,0.0,0.0,0.0
4.25,0.0,0.0,0.0
4.3,0.0,0.0,0.0
4.35,0.0,0.0,0.0
4.4,0.0,0.0,0.0
4.45,0.0,0.0,0.0
4.5,0.0,0.0,0.0
4.55,0.0,0.0,0.0
4.6,0.0,0.0,0.0
4.65,0.0,0.0,0.0
4.7,0.0,0.0,0.0
4.75,0.0,0.0,0.0
4.8,0.0,0.0,0.0
4.85,0.0,0.0,0.0
4.9,0.0,0.0,0.0
4.95,0.0,0.0,0.0
5.0,0.0,0.0,0.0
5.05,0.0,0.0,0.0
5.1,0.0,0.0,0.0
5.15,0.0,0.0,0.0
5.2,0.0,0.0,0.0
5.25,0.0,0.0,0.0
5.3,0.0,0.0,0.0
5.35,0.0,0.0,0.0
5.4,0.0,0.0,0.0
5.45,0.0,0.0,0.0
5.5,0.0,0.0,0.0
5.55,0.0,0.0,0.0
5.6,0.0,0.0,0.0
5.65,0.0,0.0,0.0
5.7,0.0,0.0,0.0
5.75,0.0,0.0,0.0
5.8,0.0,0.0,0.0
5.85,0.0,0.0,0.0
5.9,0.0,0.0,0.0
5.95,0.0,0.0,0.0
6.0,0.0,0.0,0.0
6.05,0.0,0.0,0.0
6.1,0.0,0.0,0.0
6.15,0.0,0.0,0.0
6.2,0.0,0.0,0.0
6.25,0.0,0.0,0.0
6.3,0.0,0.0,0.0
6.35,0.0,0.0,0.0
6.4,0.0,0.0,0.0
6.45,0.0,0.0,0.0
6.5,0.0,0.0,0.0
6.55,0.0,0.0,0.0
6.6,0.0,0.0,0.0
6.65,0.0,0.0,0.0
6.7,0.0,0.0,0.0
6.75,0.0,0.0,0.0
6.8,0.0,0.0,0.0
6.85,0.0,0.0,0.0
6.9,0.0,0.0,0.0
6.95,0.0,0.0,0.0
7.0,0.0,0.0,0.0
7.05,0.0,0.0,0.0
7.1,0.0,0.0,0.0
7.15,0.0,0.0,0.0
7.2,0.0,0.0,0.0
7.25,0.0,0.0,0.0
7.3,0.0,0.0,0.0
7.35,0.0,0.0,0.0
7.4,0.0,0.0,0.0
7.45,0.0,0.0,0.0
7.5,0.0,0.0,0.0
7.55,0.0,0.0,0.0
7.6,0.0,0.0,0.0
7.65,0.0,0.0,0.0
7.7,0.0,0.0,0.0
7.75,0.0,0.0,0.0
7.8,0.0,0.0,0.0
7.85,0.0,0.0,0.0
7.9,0.0,0.0,0.0
7.95,0.0,0.0,0.0
8.0,0.0,0.0,0.0
8.05,0.0,0.0,0.0
8.1,0.0,0.0,0.0
8.15,0.0,0.0,0.0
8.2,0.0,0.0,0.0
8.25,0.0,0.0,0.0
8.3,0.0,0.0,0.0
8.35,0.0,0.0,0.0
8.4,0.0,0.0,0.0
8.45,0.0,0.0,0.0
8.5,0.0,0.0,0.0
8.55,0.0,0.0,0.0
8.6,0.0,0.0,0.0
8.65,0.0,0.0,0.0
8.7,0.0,0.0,0.0
8.75,0.0,0.0,0.0
8.8,0.0,0.0,0.0
8.85,0.0,0.0,0.0
8.9,0.0,0.0,0.0
8.95,0.0,0.0,0.0
9.0,0.0,0.0,0.0
9.05,0.0,0.0,0.0
9.1,0.0,0.0,0.0
9.15,0.0,0.0,0.0
9.2,0.0,0.0,0.0
9.25,0.0,0.0,0.0
9.3,0.0,0.0,0.0
9.35,0.0,0.0,0.0
9.4,0.0,0.0,0.0
9.45,0.0,0.0,0.0
9.5,0.0,0.0,0.0
9.55,0.0,0.0,0.0
9.6,0.0,0.0,0.0
9.65,0.0,0.0,0.0
9.7,0.0,0.0,0.0
9.75,0.0,0.0,0.0
9.8,0.0,0.0,0.0
9.85,0.0,0.0,0.0
9.9,0.0,0.0,0.0
9.95,0.0,0.0,0.0
10.0,0.0,0.0,0.0
10.05,0.0,0.0,0.0
10.1,0.0,0.0,0.0
10.15,0.0,0.0,0.0
10.2,0.0,0.0,0.0
10.25,0.0,0.0,0.0
10.3,0.0,0.0,0.0
10.35,0.0,0.0,0.0
10.4,0.0,0.0,0.0
10.45,0.0,0.0,0.0
10.5,0.0,0.0,0.0
10.55,0.0,0.0,0.0
10.6,0.0,0.0,0.0
10.65,0.0,0.0,0.0
10.7,0.0,0.0,0.0
10.75,0.0,0.0,0.0
10.8,0.0,0.0,0.0
10.85,0.0,0.0,0.0
10.9,0.0,0.0,0.0
10.95,0.0,0.0,0.0
11.0,0.0,0.0,0.0
11.05,0.0,0.0,0.0
11.1,0.0,0.0,0.0
11.15,0.0,0.0,0.0
11.2,0.0,0.0,0.0
11.25,0.0,0.0,0.0
11.3,0.0,0.0,0.0
11.35,0.0,0.0,0.0
11.4,0.0,0.0,0.0
11.45,0.0,0.0,0.0
11.5,0.0,0.0,0.0
11.55,0.0,0.0,0.0
11.6,0.0,0.0,0.0
11.65,0.0,0.0,0.0
11.7,0.0,0.0,0.0
11.75,0.0,0.0,0.0
11.8,0.0,0.0,0.0
11.85,0.0,0.0,0.0
11.9,0.0,0.0,0.0
11.95,0.0,0.0,0.0
12.0,0.0,0.0,0.0
12.05,0.0,0.0,0.0
12.1,0.0,0.0,0.0
12.15,0.0,0.0,0.0
12.2,0.0,0.0,0.0
12.25,0.0,0.0,0.0
12.3,0.0,0.0,0.0
12.35,0.0,0.0,0.0
12.4,0.0,0.0,0.0
12.45,0.0,0.0,0.0
12.5,0.0,0.0,0.0
12.55,0.0,0.0,0.0
12.6,0.0,0.0,0.0
12.65,0.0,0.0,0.0
12.7,0.0,0.0,0.0
12.75,0.0,0.0,0.0
12.8,0.0,0.0,0.0
12.85,0.0,0.0,0.0
12.9,0.0,0.0,0.0
12.95,0.0,0.0,0.0
13.0,0.0,0.0,0.0
13.05,0.0,0.0,0.0
13.1,0.0,0.0,0.0
13.15,0.0,0.0,0.0
13.2,0.0,0.0,0.0
13.25,0.0,0.0,0.0
13.3,0.0,0.0,0.0
13.35,0.0,0.0,0.0
13.4,0.0,0.0,0.0
13.45,0.0,0.0,0.0
13.5,0.0,0.0,0.0
13.55,0.0,0.0,0.0
13.6,0.0,0.0,0.0
13.65,0.0,0.0,0.0
13.7,0.0,0.0,0.0
13.75,0.0,0.0,0.0
13.8,0.0,0.0,0.0
13.85,0.0,0.0,0.0
13.9,0.0,0.0,0.0
13.95,0.0,0.0,0.0
14.0,0.0,0.0,0.0
14.05,0.0,0.0,0.0
14.1,0.0,0.0,0.0
14.15,0.0,0.0,0.0
14.2,0.0,0.0,0.0
14.25,0.0,0.0,0.0
14.3,0.0,0.0,0.0
14.35,0.0,0.0,0.0
14.4,0.0,0.0,0.0
14.45,0.0,0.0,0.0
14.5,0.0,0.0,0.0
14.55,0.0,0.0,0.0
14.6,0.0,0.0,0.0
14.65,0.0,0.0,0.0
14.7,0.0,0.0,0.0
14.75,0.0,0.0,0.0
14.8,0.0,0.0,0.0
14.85,0.0,0.0,0.0
14.9,0.0,0.0,0.0
14.95,0.0,0.0,0.0
15.0,0.0,0.0,0.0
15.05,0.0,0.0,0.0
15.1,0.0,0.0,0.0
15.15,0.0,0.0,0.0
15.2,0.0,0.0,0.0
15.25,0.0,0.0,0.0
15.3,0.0,0.0,0.0
15.35,0.0,0.0,0.0
15.4,0.0,0.0,0.0
15.45,0.0,0.0,0.0
15.5,0.0,0.0,0.0
15.55,0.0,0.0,0.0
15.6,0.0,0.0,0.0
15.65,0.0,0.0,0.0
15.7,0.0,0.0,0.0
15.75,0.0,0.0,0.0
15.8,0.0,0.0,0.0
15.85,0.0,0.0,0.0
15.9,0.0,0.0,0.0
15.95,0.0,0.0,0.0
16.0,0.0,0.0,0.0
16.05,0.0,0.0,0.0
16.1,0.0,0.0,0.0
16.15,0.0,0.0,0.0
16.2,0.0,0.0,0.0
16.25,0.0,0.0,0.0
16.3,0.0,0.0,0.0
16.35,0.0,0.0,0.0
16.4,0.0,0.0,0.0
16.45,0.0,0.0,0.0
16.5,0.0,0.0,0.0
16.55,0.0,0.0,0.0
16.6,0.0,0.0,0.0
16.65,0.0,0.0,0.0
16.7,0.0,0.0,0.0
16.75,0.0,0.0,0.0
16.8,0.0,0.0,0.0
16.85,0.0,0.0,0.0
16.9,0.0,0.0,0.0
16.95,0.0,0.0,0.0
17.0,0.0,0.0,0.0
17.05,0.0,0.0,0.0
17.1,0.0,0.0,0.0
17.15,0.0,0.0,0.0
17.2,0.0,0.0,0.0
17.25,0.0,0.0,0.0
17.3,0.0,0.0,0.0
17.35,0.0,0.0,0.0
17.4,0.0,0.0,0.0
17.45,0.0,0.0,0.0
17.5,0.0,0.0,0.0
17.55,0.0,0.0,0.0
17.6,0.0,0.0,0.0
17.65,0.0,0.0,0.0
17.7,0.0,0.0,0.0
17.75,0.0,0.0,0.0
17.8,0.0,0.0,0.0
17.85,0.0,0.0,0.0
17.9,0.0,0.0,0.0
17.95,0.0,0.0,0.0
18.0,0.0,0.0,0.0
18.05,0.0,0.0,0.0
18.1,0.0,0.0,0.0
18.15,0.0,0.0,0.0
18.2,0.0,0.0,0.0
18.25,0.0,0.0,0.0
18.3,0.0,0.0,0.0
18.35,0.0,0.0,0.0
18.4,0.0,0.0,0.0
18.45,0.0,0.0,0.0
18.5,0.0,0.0,0.0
18.55,0.0,0.0,0.0
18.6,0.0,0.0,0.0
18.65,0.0,0.0,0.0
18.7,0.0,0.0,0.0
18.75,0.0,0.0,0.0
18.8,0.0,0.0,0.0
18.85,0.0,0.0,0.0
18.9,0.0,0.0,0.0
18.95,0.0,0.0,0.0
19.0,0.0,0.0,0.0
19.05,0.0,0.0,0.0
19.1,0.0,0.0,0.0
19.15,0.0,0.0,0.0
19.2,0.0,0.0,0.0
19.25,0.0,0.0,0.0
19.3,0.0,0.0,0.0
19.35,0.0,0.0,0.0
19.4,0.0,0.0,0.0
19.45,0.0,0.0,0.0
19.5,0.0,0.0,0.0
19.55,0.0,0.0,0.0
19.6,0.0,0.0,0.0
19.65,0.0,0.0,0.0
19.7,0.0,0.0,0.0
19.75,0.0,0.0,0.0
19.8,0.0,0.0,0.0
19.85,0.0,0.0,0.0
19.9,0.0,0.0,0.0
19.95,0.0,0.0,0.0
20.0,0.0,0.0,0.0
20.05,0.0,0.0,0.0
20.1,0.0,0.0,0.0
20.15,0.0,0.0,0.0
20.2,0.0,0.0,0.0
20.25,0.0,0.0,0.0
20.3,0.0,0.0,0.0
20.35,0.0,0.0,0.0
20.4,0.0,0.0,0.0
20.45,0.0,0.0,0.0
20.5,0.0,0.0,0.0
20.55,0.0,0.0,0.0
20.6,0.0,0.0,0.0
20.65,0.0,0.0,0.0
20.7,0.0,0.0,0.0
20.75,0.0,0.0,0.0
20.8,0.0,0.0,0.0
20.85,0.0,0.0,0.0
20.9,0.0,0.0,0.0
20.95,0.0,0.0,0.0
21.0,0.0,0.0,0.0
21.05,0.0,0.0,0.0
21.1,0.0,0.0,0.0
21.15,0.0,0.0,0.0
21.2,0.0,0.0,0.0
21.25,0.0,0.0,0.0
21.3,0.0,0.0,0.0
21.35,0.0,0.0,0.0
21.4,0.0,0.0,0.0
21.45,0.0,0.0,0.0
21.5,0.0,0.0,0.0
21.55,0.0,0.0,0.0
21.6,0.0,0.0,0.0
21.65,0.0,0.0,0.0
21.7,0.0,0.0,0.0
21.75,0.0,0.0,0.0
21.8,0.0,0.0,0.0
21.85,0.0,0.0,0.0
21.9,0.0,0.0,0.0
21.95,0.0,0.0,0.0
22.0,0.0,0.0,0.0
22.05,0.0,0.0,0.0
22.1,0.0,0.0,0.0
22.15,0.0,0.0,0.0
22.2,0.0,0.0,0.0
22.25,0.0,0.0,0.0
22.3,0.0,0.0,0.0
22.35,0.0,0.0,0.0
22.4,0.0,0.0,0.0
22.45,0.0,0.0,0.0
22.5,0.0,0.0,0.0
22.55,0.0,0.0,0.0
22.6,0.0,0.0,0.0
22.65,0.0,0.0,0.0
22.7,0.0,0.0,0.0
22.75,0.0,0.0,0.0
22.8,0.0,0.0,0.0
22.85,0.0,0.0,0.0
22.9,0.0,0.0,0.0
22.95,0.0,0.0,0.0
23.0,0.0,0.0,0.0
23.05,0.0,0.0,0.0
23.1,0.0,0.0,0.0
23.15,0.0,0.0,0.0
23.2,0.0,0.0,0.0
23.25,0.0,0.0,0.0
23.3,0.0,0.0,0.0
23.35,0.0,0.0,0.0
23.4,0.0,0.0,0.0
23.45,0.0,0.0,0.0
23.5,0.0,0.0,0.0
23.55,0.0,0.0,0.0
23.6,0.0,0.0,0.0
23.65,0.0,0.0,0.0
23.7,0.0,0.0,0.0
23.75,0.0,0.0,0.0
23.8,0.0,0.0,0.0
23.85,0.0,0.0,0.0
23.9,0.0,0.0,0.0
23.95,0.0,0.0,0.0
24.0,0.0,0.0,0.0
24.05,0.0,0.0,0.0
24.1,0.0,0.0,0.0
24.15,0.0,0.0,0.0
24.2,0.0,0.0,0.0
24.25,0.0,0.0,0.0
24.3,0.0,0.0,0.0
24.35,0.0,0.0,0.0
24.4,0.0,0.0,0.0
24.45,0.0,0.0,0.0
24.5,0.0,0.0,0.0
24.55,0.0,0.0,0.0
24.6,0.0,0.0,0.0
24.65,0.0,0.0,0.0
24.7,0.0,0.0,0.0
24.75,0.0,0.0,0.0
24.8,0.0,0.0,0.0
24.85,0.0,0.0,0.0
24.9,0.0,0.0,0.0
24.95,0.0,0.0,0.0
25.0,0.0,0.0,0.0
25.05,0.0,0.0,0.0
25.1,0.0,0.0,0.0
25.15,0.0,0.0,0.0
25.2,0.0,0.0,0.0
25.25,0.0,0.0,0.0
25.3,0.0,0.0,0.0
25.35,0.0,0.0,0.0
25.4,0.0,0.0,0.0
25.45,0.0,0.0,0.0
25.5,0.0,0.0,0.0
25.55,0.0,0.0,0.0
25.6,0.0,0.0,0.0
25.65,0.0,0.0,0.0
25.7,0.0,0.0,0.0
25.75,0.0,0.0,0.0
25.8,0.0,0.0,0.0
25.85,0.0,0.0,0.0
25.9,0.0,0.0,0.0
25.95,0.0,0.0,0.0
26.0,0.0,0.0,0.0
26.05,0.0,0.0,0.0
26.1,0.0,0.0,0.0
26.15,0.0,0.0,0.0
26.2,0.0,0.0,0.0
26.25,0.0,0.0,0.0
26.3,0.0,0.0,0.0
26.35,0.0,0.0,0.0
26.4,0.0,0.0,5.70432590052e-18
26.45,0.0,0.0,7.70856400236e-06
26.5,0.0,0.0,1.36582583061e-05
26.55,0.0,0.0,1.82504010673e-05
26.6,0.0,0.0,2.17947434661e-05
26.65,0.0,0.0,3.22389258922e-05
26.7,0.0,0.0,4.03000416583e-05
26.75,0.0,0.0,4.65218327889e-05
26.8,0.0,0.0,5.90325416643e-05
26.85,0.0,0.0,6.8688656135e-05
26.9,0.0,0.0,7.61415073896e-05
26.95,0.0,0.0,8.18937949382e-05
27.0,0.0,0.0,8.63335621413e-05
27.05,0.0,0.0,8.9760288081e-05
27.1,0.0,0.0,9.24051201902e-05
27.15,0.0,0.0,9.44464456487e-05
27.2,0.0,0.0,9.60219926199e-05
27.25,0.0,0.0,9.72380386709e-05
27.3,0.0,0.0,9.81765925523e-05
27.35,0.0,0.0,9.89009946469e-05
27.4,0.0,0.0,9.94038963037e-05
27.45,0.0,0.0,0.000107200280535
27.5,0.0,0.0,0.000113151884991
27.55,0.0,0.0,0.000125388777012
27.6,0.0,0.0,0.000134712637014
27.65,0.0,0.0,0.000141544580369
27.7,0.0,0.0,0.000146688216904
27.75,0.0,0.0,0.000158182266624
27.8,0.0,0.0,0.000166626201773
27.85,0.0,0.0,0.000172951553924
27.9,0.0,0.0,0.000185351984028
27.95,0.0,0.0,0.00020244330499
28.0,0.0,0.0,0.000215448078271
28.05,0.0,0.0,0.000225300362798
28.1,0.0,0.0,0.000232721125573
28.15,0.0,0.0,0.000238267096519
28.2,0.0,0.0,0.000242367419828
28.25,0.0,0.0,0.000245353527851
28.3,0.0,0.0,0.000247481563355
28.35,0.0,0.0,0.000256657206395
28.4,0.0,0.0,0.000263509157618
28.45,0.0,0.0,0.000268325313073
28.5,0.0,0.0,0.000279458324696
28.55,0.0,0.0,0.000287516277965
28.6,0.0,0.0,0.000293437344535
28.65,0.0,0.0,0.000297712015792
28.7,0.0,0.0,0.000300662137608
28.75,0.0,0.0,0.000302348407396
28.8,0.0,0.0,0.000303296511211
28.85,0.0,0.0,0.000303621559812
28.9,0.0,0.0,0.000303168512974
28.95,0.0,0.0,0.00030210888431
29.0,0.0,0.0,0.00030081871266
29.05,0.0,0.0,0.000299355110815
29.1,0.0,0.0,0.000297761554854
29.15,0.0,0.0,0.000296072057384
29.2,0.0,0.0,0.000294312380489
29.25,0.0,0.0,0.000292502875735
29.3,0.0,0.0,0.000290602714118
29.35,0.0,0.0,0.000288392223293
29.4,0.0,0.0,0.00028618090492
29.45,0.0,0.0,0.000283917785412
29.5,0.0,0.0,0.000281374356798
29.55,0.0,0.0,0.000278853711093
29.6,0.0,0.0,0.00027635536938
29.65,0.0,0.0,0.000273879369017
29.7,0.0,0.0,0.000271425281098
29.75,0.0,0.0,0.000268993192039
29.8,0.0,0.0,0.00026678688491
29.85,0.0,0.0,0.000267112274271
29.9,0.0,0.0,0.000266884159842
29.95,0.0,0.0,0.000266233603627
30.0,0.0,0.0,0.000265260918199
30.05,0.0,0.0,0.000264043785957
30.1,0.0,0.0,0.000262641913205
30.15,0.0,0.0,0.00026110154677
30.2,0.0,0.0,0.00025945834571
30.25,0.0,0.0,0.000258138970727
30.3,0.0,0.0,0.000262021684642
30.35,0.0,0.0,0.000264853029959
30.4,0.0,0.0,0.000269600811332
30.45,0.0,0.0,0.000272957653548
30.5,0.0,0.0,0.000275243729042
30.55,0.0,0.0,0.000276706068226
30.6,0.0,0.0,0.000277535117065
30.65,0.0,0.0,0.000277878026948
30.7,0.0,0.0,0.000277848350789
30.75,0.0,0.0,0.000277736159231
30.8,0.0,0.0,0.000279944900161
30.85,0.0,0.0,0.000281105523048
30.9,0.0,0.0,0.000281694971732
30.95,0.0,0.0,0.000281846342783
31.0,0.0,0.0,0.000281662352343
31.05,0.0,0.0,0.000281221984942
31.1,0.0,0.0,0.000280586379756
31.15,0.0,0.0,0.000279802702899
31.2,0.0,0.0,0.000278907335798
31.25,0.0,0.0,0.000278087090833
31.3,0.0,0.0,0.000279303889313
31.35,0.0,0.0,0.000279850252843
31.4,0.0,0.0,0.000279601259114
31.45,0.0,0.0,0.00027897740508
31.5,0.0,0.0,0.000278068110295
31.55,0.0,0.0,0.000276942110034
31.6,0.0,0.0,0.000275652605776
31.65,0.0,0.0,0.00027424062735
31.7,0.0,0.0,0.000272737810369
31.75,0.0,0.0,0.00027115007725
31.8,0.0,0.0,0.000269217729387
31.85,0.0,0.0,0.000267258620354
31.9,0.0,0.0,0.000265282918351
31.95,0.0,0.0,0.000263298468875
32.0,0.0,0.0,0.000261311396639
32.05,0.0,0.0,0.000259326166446
32.1,0.0,0.0,0.000257529534047
32.15,0.0,0.0,0.000258783279765
32.2,0.0,0.0,0.000259351115717
32.25,0.0,0.0,0.000259373606427
32.3,0.0,0.0,0.000258697305227
32.35,0.0,0.0,0.0002577202888
32.4,0.0,0.0,0.000256515279485
32.45,0.0,0.0,0.000255138249798
32.5,0.0,0.0,0.000253632462303
32.55,0.0,0.0,0.000252031066423
32.6,0.0,0.0,0.000250359766038
32.65,0.0,0.0,0.000248638358529
32.7,0.0,0.0,0.000246882107666
32.75,0.0,0.0,0.000245102912844
32.8,0.0,0.0,0.00024331072882
32.85,0.0,0.0,0.000241511607943
32.9,0.0,0.0,0.000239710887403
32.95,0.0,0.0,0.000237912543203
33.0,0.0,0.0,0.000236119700101
33.05,0.0,0.0,0.000234493088795
33.1,0.0,0.0,0.000236521849953
33.15,0.0,0.0,0.000237426197301
33.2,0.0,0.0,0.000237701378198
33.25,0.0,0.0,0.0002374948414
33.3,0.0,0.0,0.000236921094441
33.35,0.0,0.0,0.000236067024871
33.4,0.0,0.0,0.000235000301351
33.45,0.0,0.0,0.000233773019197
33.5,0.0,0.0,0.000232553073331
33.55,0.0,0.0,0.000235696671657
33.6,0.0,0.0,0.000237757332603
33.65,0.0,0.0,0.000238985703066
33.7,0.0,0.0,0.000239574654517
33.75,0.0,0.0,0.000239673263697
33.8,0.0,0.0,0.000239397478167
33.85,0.0,0.0,0.000238835321146
33.9,0.0,0.0,0.000238055287679
33.95,0.0,0.0,0.000237110124395
34.0,0.0,0.0,0.000236040441593
34.05,0.0,0.0,0.000234850893825
34.1,0.0,0.0,0.000233297100359
34.15,0.0,0.0,0.000231700773642
34.2,0.0,0.0,0.000230271027695
34.25,0.0,0.0,0.000231536403602
34.3,0.0,0.0,0.000232169486751
34.35,0.0,0.0,0.000232317280603
34.4,0.0,0.0,0.000232093586376
34.45,0.0,0.0,0.000231586128374
34.5,0.0,0.0,0.000230830041276
34.55,0.0,0.0,0.000229616210108
34.6,0.0,0.0,0.000228457171328
34.65,0.0,0.0,0.000230598417158
34.7,0.0,0.0,0.000231902851967
34.75,0.0,0.0,0.000232564486543
34.8,0.0,0.0,0.000232733621575
34.85,0.0,0.0,0.000232525373118
34.9,0.0,0.0,0.000232028721488
34.95,0.0,0.0,0.000231312559062
35.0,0.0,0.0,0.000230429831173
35.05,0.0,0.0,0.000229421770143
35.1,0.0,0.0,0.000228319907827
35.15,0.0,0.0,0.000227148521138
35.2,0.0,0.0,0.000225906337625
35.25,0.0,0.0,0.000224330374209
35.3,0.0,0.0,0.000222911534168
35.35,0.0,0.0,0.000224707640226
35.4,0.0,0.0,0.00022576013362
35.45,0.0,0.0,0.000226241741727
35.5,0.0,0.0,0.000226569102464
35.55,0.0,0.0,0.00023484689485
35.6,0.0,0.0,0.000246347035764
35.65,0.0,0.0,0.000254683667097
35.7,0.0,0.0,0.000260815971799
35.75,0.0,0.0,0.000265249890196
35.8,0.0,0.0,0.000268375354092
35.85,0.0,0.0,0.000270493669879
35.9,0.0,0.0,0.000271837147561
35.95,0.0,0.0,0.000272585164744
36.0,0.0,0.0,0.000273090501465
36.05,0.0,0.0,0.00027567487147
36.1,0.0,0.0,0.000280622141412
36.15,0.0,0.0,0.000284247262962
36.2,0.0,0.0,0.00028685338255
36.25,0.0,0.0,0.000288674982591
36.3,0.0,0.0,0.000289868992434
36.35,0.0,0.0,0.000290302324957
36.4,0.0,0.0,0.000290385563265
36.45,0.0,0.0,0.000290200813272
36.5,0.0,0.0,0.000289751660877
36.55,0.0,0.0,0.000288518681283
36.6,0.0,0.0,0.000286891441452
36.65,0.0,0.0,0.000285198488095
36.7,0.0,0.0,0.000283458466237
36.75,0.0,0.0,0.000281686206976
36.8,0.0,0.0,0.000279892667679
36.85,0.0,0.0,0.000278086891069
36.9,0.0,0.0,0.000276275074663
36.95,0.0,0.0,0.000274462298541
37.0,0.0,0.0,0.000272636031327
37.05,0.0,0.0,0.000270495380973
37.1,0.0,0.0,0.000268072338747
37.15,0.0,0.0,0.00026567098977
37.2,0.0,0.0,0.000263290887717
37.25,0.0,0.0,0.000260932080273
37.3,0.0,0.0,0.000258594146555
37.35,0.0,0.0,0.000256277286796
37.4,0.0,0.0,0.000253980930994
37.45,0.0,0.0,0.000251704900496
37.5,0.0,0.0,0.000249540229147
37.55,0.0,0.0,0.000252956662417
37.6,0.0,0.0,0.000258397668183
37.65,0.0,0.0,0.000262169551208
37.7,0.0,0.0,0.000264656756934
37.75,0.0,0.0,0.000266156376307
37.8,2.15993889441e-16,3.67964071516e-17,0.000266897300117
37.85,7.98808329398e-05,8.52149930524e-07,0.000267056583322
37.9,0.000154795669012,1.7154284139e-06,0.000266998604613
37.95,0.000225014975925,2.60163054842e-06,0.000268492910801
38.0,0.000290858642113,3.52377619941e-06,0.000269293956598
38.05,0.000352584904326,4.49929752171e-06,0.000269563818263
38.1,0.000410455746042,5.53198813751e-06,0.000269426708118
38.15,0.000464716135727,6.64031854998e-06,0.000268978349376
38.2,0.000515579515886,7.83218001858e-06,0.000268292625574
38.25,0.000563276984045,9.11508708466e-06,0.00026742689783
38.3,0.000607981383207,1.05047701281e-05,0.000266645122932
38.35,0.000649906537145,1.20019639083e-05,0.000267863990261
38.4,0.000689200848768,1.36204739432e-05,0.000268524826735
38.45,0.000726049451571,1.53672285137e-05,0.000268757431877
38.5,0.000760591125661,1.72450235512e-05,0.000268855484326
38.55,0.000792977848746,1.92686496345e-05,0.000270168734143
38.6,0.000823341679847,2.14331842779e-05,0.000270595708855
38.65,0.000851806773347,2.37515647857e-05,0.000270576428261
38.7,0.000878498043473,2.62289867068e-05,0.000270215650348
38.75,0.000903516346367,2.88621618287e-05,0.000269594534513
38.8,0.000903516346367,3.01389855622e-05,0.000268775377118
38.85,0.000894975715403,3.1394407112e-05,0.000267806368561
38.9,0.000886515592469,3.26183922362e-05,0.000266710874399
38.95,0.000878135221,3.38091050633e-05,0.000265232529313
39.0,0.000869833851517,3.4965512119e-05,0.000263697379834
39.05,0.000861610741559,3.60861910408e-05,0.000262122390044
39.1,0.00085346515562,3.7171188597e-05,0.000260881924325
39.15,0.000845396365081,3.82178504219e-05,0.000265830551571
39.2,0.00083740364815,3.92006312959e-05,0.000269348578475
39.25,0.000829486289792,4.01238068987e-05,0.00027176509131
39.3,0.000821643581674,4.09908303711e-05,0.000273318719368
39.35,0.000813874822093,4.18059875059e-05,0.000273922380478
39.4,0.000806179315925,4.25730176209e-05,0.000274211711764
39.45,0.000798556374553,4.32942273277e-05,0.000277232242301
39.5,0.000791005315814,4.39560992769e-05,0.000279239023637
39.55,0.000783525463936,4.45648372103e-05,0.000280177376002
39.6,0.000776116149476,4.51272356335e-05,0.000280529856347
39.65,0.000768776709266,4.56468568682e-05,0.000280433212397
39.7,0.000761506486349,4.61277392923e-05,0.000279993077987
39.75,0.000754304829926,4.6572567764e-05,0.000279291063697
39.8,0.000747171095295,4.69837458999e-05,0.000278390130988
39.85,0.00074010834251,4.73632947832e-05,0.00027733915261
39.9,0.000733112166575,4.77148285877e-05,0.000276175275693
39.95,0.000726181941843,4.80387797742e-05,0.000274927655245
40.0,0.000719317048525,4.83370850798e-05,0.000273756220238
40.05,0.000712516872636,4.86109445593e-05,0.000276736278371
40.1,0.000705780805942,4.883651437e-05,0.000278681310116
40.15,0.000699108245907,4.90213168488e-05,0.000279271865022
40.2,0.000692498595635,4.91767287128e-05,0.00027951442721
40.25,0.000685951263825,4.93045226002e-05,0.000281327484434
40.3,0.000679465664711,4.93967802134e-05,0.000282346215138
40.35,0.000673041218017,4.94601677403e-05,0.000282755509803
40.4,0.0006666773489,4.94997775649e-05,0.000282674856121
40.45,0.000660373487905,4.95199382211e-05,0.000281940651517
40.5,0.00065412907091,4.95255277717e-05,0.000280940586795
40.55,0.000647943539079,4.95187797931e-05,0.000279965907803
40.6,0.00064181633881,4.95002686553e-05,0.000280777298307
40.65,0.00063574692169,4.94598832067e-05,0.000281031566522
40.7,0.000629734744443,4.94023636552e-05,0.000281065369411
40.75,0.000623779268885,4.9330151447e-05,0.000283213434606
40.8,0.000617879961873,4.92312314009e-05,0.000284553649134
40.85,0.000612039353946,4.91117944278e-05,0.000285273407708
40.9,0.000606253802355,4.89766226735e-05,0.000285516866778
40.95,0.000600522789712,4.88293954712e-05,0.000285395772189
41.0,0.000594845803479,4.86734935041e-05,0.000284965199713
41.05,0.000589222335915,4.85117820298e-05,0.000284027998204
41.1,0.000583651884036,4.83466461801e-05,0.000282937644482
41.15,0.000578133949568,4.8179220902e-05,0.000281732780813
41.2,0.000572668038903,4.80109552775e-05,0.000280427659913
41.25,0.00056725366306,4.78430592249e-05,0.000278761035833
41.3,0.000561890337634,4.76766311233e-05,0.000277054299714
41.35,0.000556577582759,4.75119022226e-05,0.000275320559018
41.4,0.000551314923066,4.73497371138e-05,0.00027356948079
41.45,0.000546101887637,4.71903734607e-05,0.000271808956158
41.5,0.000540938009967,4.70329560253e-05,0.000270044544763
41.55,0.000535822827921,4.6877487188e-05,0.000268267121419
41.6,0.000530755883693,4.67245511896e-05,0.000266195083283
41.65,0.000525736723768,4.65761747237e-05,0.000264135333106
41.7,0.000520764898879,4.6431215438e-05,0.000262070934932
41.75,0.000515839963969,4.62896137992e-05,0.00025972327039
41.8,0.000510961478151,4.61528320769e-05,0.000257396378607
41.85,0.000506131534079,4.60217937397e-05,0.000255090291481
41.9,0.000501347119345,4.58952945e-05,0.000252804612518
41.95,0.000496607806094,4.57728504007e-05,0.00025053941849
42.0,0.000491913170475,4.56542473518e-05,0.000248294273451
42.05,0.000487262792608,4.55392851202e-05,0.000246069493872
42.1,0.000482656256547,4.54283684066e-05,0.000243864834354
42.15,0.000478093150238,4.53211570918e-05,0.000241680151329
42.2,0.000473573065489,4.52170141177e-05,0.000239514800188
42.25,0.00046909559793,4.51157835133e-05,0.00023736919635
42.3,0.000464660346981,4.5017315111e-05,0.000235242577385
42.35,0.000460266915811,4.49214703004e-05,0.000233134972444
42.4,0.000455914911309,4.48281855217e-05,0.000231046019161
42.45,0.000451603944045,4.47380448197e-05,0.000228975787698
42.5,0.00044733362824,4.46501318335e-05,0.000226923879631
42.55,0.000443103581725,4.45643375926e-05,0.000224890584193
42.6,0.000438913425914,4.44805568212e-05,0.000222875677107
42.65,0.000434762785769,4.43986903156e-05,0.000220879027161
42.7,0.000430651289765,4.43186441176e-05,0.000218900045226
42.75,0.000426578569857,4.42403315512e-05,0.000216939110967
42.8,0.000422544261451,4.41636923806e-05,0.000214995527575
42.85,0.000418550095083,4.4089271787e-05,0.000213069321694
42.9,0.000414593579619,4.40163390972e-05,0.000211160162144
42.95,0.000410674361237,4.39448251186e-05,0.000209268113049
43.0,0.000406792089431,4.38746634424e-05,0.000207392810278
43.05,0.000402946416978,4.3805792227e-05,0.000205534518168
43.1,0.000399136999906,4.37381508061e-05,0.000203693031746
43.15,0.000395363497465,4.36716819436e-05,0.000201868231094
43.2,0.000391625572095,4.36063312242e-05,0.000200059577789
43.25,0.000387922889401,4.35420489926e-05,0.000198267418817
43.3,0.000384255118117,4.34787857007e-05,0.000196491117345
43.35,0.000380621930082,4.34170284807e-05,0.000194730697721
43.4,0.000377023000208,4.33563379491e-05,0.00019298585727
43.45,0.000373458006453,4.32965299345e-05,0.000191256654598
43.5,0.000369926629793,4.32375657269e-05,0.000189542756914
43.55,0.00036642855419,4.3179409515e-05,0.000187844405804
43.6,0.00036296346657,4.31220254265e-05,0.000186161413935
43.65,0.000359531056791,4.30653796104e-05,0.000184493671713
43.7,0.000356131017616,4.30094397557e-05,0.000182840687054
43.75,0.000352763044688,4.29541768881e-05,0.000181202777081
43.8,0.000349426836502,4.28995612642e-05,0.00017957935977
43.85,0.000346123824142,4.28455667794e-05,0.000177970457377
43.9,0.00034285194754,4.27921723083e-05,0.000176375793276
43.95,0.000339610914101,4.27395611214e-05,0.000174795421028
44.0,0.000336400433971,4.26877221186e-05,0.000173229036486
44.05,0.00033322022001,4.26364092827e-05,0.000171676860443
44.1,0.000330069987767,4.25856006071e-05,0.00017013872169
44.15,0.000326949455456,4.25352753432e-05,0.000168614520064
44.2,0.00032385834393,4.24854136027e-05,0.000167103805835
44.25,0.000320796376656,4.24359979976e-05,0.000165606868832
44.3,0.000317763279691,4.23870099927e-05,0.000164123177125
44.35,0.00031475878166,4.23384338784e-05,0.000162652751053
44.4,0.000311782613729,4.2290254019e-05,0.000161195337802
44.45,0.000308834509581,4.22424561518e-05,0.00015975098632
44.5,0.000305914205396,4.21950258886e-05,0.000158319418639
44.55,0.000303021439825,4.21479502779e-05,0.000156900836548
44.6,0.000300155953968,4.21012154572e-05,0.000155495083574
44.65,0.000297317491349,4.20548083878e-05,0.000154102068176
44.7,0.000294505797898,4.20088544781e-05,0.00015272137933
44.75,0.000291720621922,4.19634242655e-05,0.00015135328192
44.8,0.00028896171409,4.1918284382e-05,0.000149997289801
44.85,0.00028623025785,4.18734253366e-05,0.000148653421558
44.9,0.000283524549608,4.18289498581e-05,0.000147321446137
44.95,0.000280844347403,4.17847697311e-05,0.000146001408276
45.0,0.000278189411535,4.17408465901e-05,0.000144693053928
45.05,0.000275559504552,4.16971724019e-05,0.000143396567516
45.1,0.000272954391225,4.16537381384e-05,0.000142111806035
45.15,0.000270373838527,4.16105353395e-05,0.00014083868582
45.2,0.000267817615617,4.15675558158e-05,0.000139576831227
45.25,0.000265285493811,4.15247930056e-05,0.00013832648434
45.3,0.000262777246572,4.14822390353e-05,0.000137087200855
45.35,0.000260292649483,4.14398879655e-05,0.000135858997759
45.4,0.000257831480228,4.13977335786e-05,0.000134641663884
45.45,0.000255393518575,4.13557704516e-05,0.000133435240117
45.5,0.000252978546355,4.13139927565e-05,0.000132239494277
45.55,0.000250586347444,4.12723955449e-05,0.000131054594914
45.6,0.000248216707741,4.12312533568e-05,0.000129880411331
45.65,0.000245869415152,4.11903105513e-05,0.000128716867064
45.7,0.000243544259571,4.1149530207e-05,0.0001275636188
45.75,0.000241241032858,4.11089083211e-05,0.000126420887787
45.8,0.000238959528827,4.10684396264e-05,0.000125288267963
45.85,0.00031658155908,4.33645052289e-05,0.000124165774852
45.9,0.000389258885007,4.58856795386e-05,0.00012305321546
45.95,0.000457261774226,4.86392065971e-05,0.000121950627157
46.0,0.000520909916948,5.16366379572e-05,0.000120857797744
46.05,0.00058046135356,5.49065054669e-05,0.000119774881265
46.1,0.000636177873016,5.84420436364e-05,0.000118701758271
46.15,0.000688304251076,6.22766586619e-05,0.00011763835888
46.2,0.000737053739352,6.64172762973e-05,0.000116584369327
46.25,0.000782657246255,7.08697482735e-05,0.000115539991819
46.3,0.000825287427452,7.56652419973e-05,0.00011450485524
46.35,0.000865157921133,8.07912702598e-05,0.00011347897378
46.4,0.00090241694636,8.62789947904e-05,0.000112462171057
46.45,0.000937249454506,9.21342607166e-05,0.000111454481222
46.5,0.000969794045261,9.83540456868e-05,0.000110455710342
46.55,0.00100020251761,0.000104968600667,0.0001094659992
46.6,0.00102860675351,0.000111963347029,0.00010848523863
46.65,0.00105513073197,0.000119358816127,0.000107513364765
46.7,0.00107989919344,0.000127163280675,0.000106550090843
46.75,0.00110301282197,0.000135359360479,0.000105595601669
46.8,0.00110112611137,0.000140327761266,0.000104649558069
46.85,0.0010907175429,0.000145245829142,0.00010371197301
46.9,0.00108040709051,0.000150072500076,0.000102782685292
46.95,0.00107019383218,0.000154801888713,0.000101861726127
47.0,0.00106007685452,0.000159433557404,0.000100948918273
47.05,0.00105005525266,0.000163957706339,0.000100044390396
47.1,0.00104012813025,0.000168377177498,9.91480427259e-05
47.15,0.00103029459931,0.000172684735569,9.82598168919e-05
47.2,0.00102055378018,0.000176880088598,9.73794508153e-05
47.25,0.00101090480143,0.000180963419478,9.65071133928e-05
47.3,0.00100134679982,0.000184933754308,9.56424946438e-05
47.35,0.000991878920176,0.000188790851483,9.47856064202e-05
47.4,0.000982500315332,0.000192535019608,9.39363013947e-05
47.45,0.000973210146069,0.000196166065592,9.30946080932e-05
47.5,0.000964007581025,0.000199684010402,9.22603645287e-05
47.55,0.000954891796628,0.000203092746169,9.14336882944e-05
47.6,0.000945861977022,0.00020639279392,9.06144882058e-05
47.65,0.000936917313994,0.000209585339033,8.98027109165e-05
47.7,0.000928057006905,0.000212673336988,8.89981169047e-05
47.75,0.000919280262616,0.000215660045669,8.82008605302e-05
47.8,0.000910586295424,0.000218545143576,8.74106584921e-05
47.85,0.00090197883465,0.000221333298352,8.66275216223e-05
47.9,0.000893452511875,0.000224029095966,8.58513152737e-05
47.95,0.000885006564614,0.000226633153763,8.50820655169e-05
48.0,0.000876640237525,0.000229148558246,8.43196243073e-05
48.05,0.000868352782335,0.000231578634573,8.35640991166e-05
48.1,0.000860143457785,0.000233926648357,8.28154066086e-05
48.15,0.000852011529553,0.000236195813949,8.20734980285e-05
48.2,0.000843956270198,0.000238389293333,8.13381544696e-05
48.25,0.000835976959093,0.000240510203692,8.06095170063e-05
48.3,0.000828072882359,0.000242561602388,7.9887326721e-05
48.35,0.000820243332806,0.000244546793567,7.91715935134e-05
48.4,0.000812487609866,0.000246470810425,7.84621943252e-05
48.45,0.000804805019538,0.000248335515192,7.77591529832e-05
48.5,0.00079719487432,0.000250142896473,7.70623341848e-05
48.55,0.000789656493149,0.000251895746438,7.63718361518e-05
48.6,0.000782189201348,0.000253599558772,7.56875827206e-05
48.65,0.000774792330557,0.000255256529519,7.50095293326e-05
48.7,0.00076746521868,0.000256867392603,7.43374759222e-05
48.75,0.000760207209824,0.000258437566687,7.36715514217e-05
48.8,0.000753017654244,0.000259969852801,7.30115191983e-05
48.85,0.000745899635937,0.000261464036524,7.23573882995e-05
48.9,0.000738848715439,0.00026292796516,7.17090462586e-05
48.95,0.000731864262208,0.000264360033123,7.10665148516e-05
49.0,0.000724945651603,0.000265764560029,7.04296704212e-05
49.05,0.000718092264837,0.000267145250919,6.97986027355e-05
49.1,0.000711303488917,0.000268501793981,6.91732421861e-05
49.15,0.000704578716589,0.000269841719172,6.85535480496e-05
49.2,0.000697917346289,0.000271161711289,6.79393374796e-05
49.25,0.000691318782088,0.000272471413896,6.73307283116e-05
49.3,0.000684782433638,0.000273766704063,6.67275042794e-05
49.35,0.00067830771612,0.000275056533949,6.61296736517e-05
49.4,0.000671894050195,0.000276338408144,6.55371336418e-05
49.45,0.000665540861951,0.00027762061577,6.49499041515e-05
49.5,0.000659247582851,0.000278901562582,6.43678721663e-05
49.55,0.000653013649688,0.000280188467738,6.37911197284e-05
49.6,0.000646838504527,0.000281481221364,6.32195832202e-05
49.65,0.000640721594663,0.000282786632966,6.26532254235e-05
49.7,0.000634662372571,0.000284106007284,6.20918792293e-05
49.75,0.000628660295854,0.000285445606752,6.1535652331e-05
49.8,0.000622714827198,0.000286808774067,6.09843470762e-05
49.85,0.000616828516943,0.000288201051042,6.04379710221e-05
49.9,0.000610997693835,0.00028962900874,5.98964302285e-05
49.95,0.000605221836439,0.000291096163479,5.93597428844e-05
50.0,0.000599500428206,0.000292613612681,5.88278057024e-05
50.05,0.000593832957421,0.000294184462826,5.83006936631e-05
50.1,0.000588218917165,0.000295821578408,5.77783486248e-05
50.15,0.000582657805265,0.00029753341393,5.72607365723e-05
50.2,0.000577149124251,0.000299330700025,5.67477047797e-05
50.25,0.000571692381314,0.000301230628061,5.62393516713e-05
50.3,0.000566287088261,0.000303247969952,5.57354966064e-05
50.35,0.000560932761469,0.000305401823858,5.52361464916e-05
50.4,0.000555628921851,0.000307716441193,5.47412154723e-05
50.45,0.000550375094803,0.000310221308527,5.42507201717e-05
50.5,0.000545170810169,0.000312952723374,5.37645661925e-05
50.55,0.000540015602199,0.000315956002732,5.32828220617e-05
50.6,0.000534909009505,0.000319288603504,5.28054346417e-05
50.65,0.000529850575022,0.000323024681031,5.23323728451e-05
50.7,0.000524839845968,0.000327264968371,5.18634970908e-05
50.75,0.000519876373804,0.000332143431311,5.13988973318e-05
50.8,0.000514959714193,0.000337850574469,5.09384084751e-05
50.85,0.000510091976163,0.00034465824492,5.04820368329e-05
50.9,0.000505270123735,0.000352972121875,5.00297039397e-05
50.95,0.000500493725706,0.000363435016457,4.95814249884e-05
51.0,0.000495762354908,0.00037710747531,4.91371137059e-05
51.05,0.000491075588176,0.000395886920437,4.86968327214e-05
51.1,0.000486433006308,0.000423452800001,4.82605334708e-05
51.15,0.000481834194027,0.000467687062128,4.78281875423e-05
51.2,0.000477278739947,0.00054661147938,4.73996673685e-05
51.25,0.000472766236534,0.000691380798204,4.69750551601e-05
51.3,0.000468296280071,0.000854140764419,4.65542000335e-05
51.35,0.000463868470625,0.00090902545748,4.61371077576e-05
51.4,0.000459482412008,0.000918578026852,4.57237066204e-05
51.45,0.000455137711742,0.000920164053005,4.53140105071e-05
51.5,0.000450833981029,0.000919892149393,4.490794057e-05
51.55,0.00044657083471,0.000918831372604,4.4505554048e-05
51.6,0.000442347891238,0.000917101799618,4.41068065568e-05
51.65,0.000438164772639,0.000914546026958,4.371167213e-05
51.7,0.000434021104481,0.000910842504451,4.33200341795e-05
51.75,0.000429916515839,0.000905490803929,4.29319678407e-05
51.8,0.000425850639265,0.000897756228982,4.2547335216e-05
51.85,0.000421825218839,0.000886602282417,4.21661415779e-05
51.9,0.000417837743932,0.000870657963676,4.17883213866e-05
51.95,0.000413887857954,0.00084826963786,4.14138873321e-05
52.0,0.000409975207656,0.000817728406667,4.10427673533e-05
52.05,0.000406099443099,0.000777765018657,4.06750137623e-05
52.1,0.000402260217618,0.000728363620345,4.0310585995e-05
52.15,0.000398457187797,0.000671413842234,3.99494603199e-05
52.2,0.000394690013436,0.00060943897952,3.95915301837e-05
52.25,0.000390958357522,0.000543319835533,3.92368642546e-05
52.3,0.000387261886197,0.000472717142199,3.88853365041e-05
52.35,0.000383600268732,0.000398631272191,3.85369517506e-05
52.4,0.000379973177496,0.0003256531102,3.81916500953e-05
52.45,0.000376380287927,0.000261078511876,3.78494431361e-05
52.5,0.000372821278504,0.000210101712063,3.7510265014e-05
52.55,0.000369295830716,0.000172899994443,3.71741635387e-05
52.6,0.00036580362904,0.00014662383119,3.68411016374e-05
52.65,0.000362344360906,0.000128116827357,3.65110576211e-05
52.7,0.000358917716674,0.000114968340134,3.61839341075e-05
52.75,0.000355523389606,0.00010552600189,3.58597938546e-05
52.8,0.000352161075836,9.86923322882e-05,3.55385216808e-05
52.85,0.000348832217647,9.37329541276e-05,3.52201219901e-05
52.9,0.00034553473885,9.01500772008e-05,3.49045400391e-05
52.95,0.000342268344563,8.75949133419e-05,3.45917864273e-05
53.0,0.000339032742662,8.58178210955e-05,3.42818009641e-05
53.05,0.00033582764376,8.4643296637e-05,3.39746273444e-05
53.1,0.000332652761181,8.39372841425e-05,3.36702316862e-05
53.15,0.000329507810934,8.35997170917e-05,3.33685941672e-05
53.2,0.000326392511687,8.35559523647e-05,3.30696257866e-05
53.25,0.000323306584744,8.3746499104e-05,3.27733839011e-05
53.3,0.000320249754018,8.41261765782e-05,3.24797632426e-05
53.35,0.000317221746011,8.46552511166e-05,3.21887678359e-05
53.4,0.000314222289784,8.53089929512e-05,3.19003476493e-05
53.45,0.000311251116938,8.6060300013e-05,3.16145123701e-05
53.5,0.000308307961587,8.68903088554e-05,3.13312069883e-05
53.55,0.000305392560338,8.7783598697e-05,3.1050471438e-05
53.6,0.000302504652264,8.8727745688e-05,3.07722747533e-05
53.65,0.000299643978884,8.97121010101e-05,3.0496598818e-05
53.7,0.000296810284138,9.07270253769e-05,3.02233622916e-05
53.75,0.000294003314365,9.17651098056e-05,2.99526175941e-05
53.8,0.000291222818282,9.28201385388e-05,2.96842685176e-05
53.85,0.000288469988597,9.38868881262e-05,2.94183187406e-05
53.9,0.000285743108387,9.4960966995e-05,2.91547225377e-05
53.95,0.000283041933796,9.60386622838e-05,2.88934887622e-05
54.0,0.00028036622325,9.71169841575e-05,2.86345671388e-05
54.05,0.000277715737438,9.81931269103e-05,2.83779941646e-05
54.1,0.00027509023929,9.92648204505e-05,2.81237415388e-05
54.15,0.000272489493958,0.000100330132781,2.78717927045e-05
54.2,0.000269913268791,0.000101387410809,2.76220733221e-05
54.25,0.000267361333318,0.000102435235801,2.73746312997e-05
54.3,0.000264833459229,0.000103473313761,2.71293787102e-05
54.35,0.000262329420349,0.000104500752827,2.68863189153e-05
54.4,0.000259848992625,0.000105515881489,2.66454101251e-05
54.45,0.000257391954102,0.00010651791077,2.6406660431e-05
54.5,0.000254958084902,0.000107506048132,2.61700238849e-05
54.55,0.00025254716721,0.000108479890722,2.59355338424e-05
54.6,0.00025015898525,0.000109441653163,2.57031644388e-05
54.65,0.00024779332527,0.000110388138548,2.54729005421e-05
54.7,0.000245449975516,0.000111318901232,2.52446742109e-05
54.75,0.000243128726224,0.000112234497789,2.50185292301e-05
54.8,0.000240829369591,0.000113136808349,2.47943852403e-05
54.85,0.000238552891939,0.000114022569923,2.45722453139e-05
54.9,0.000236297873442,0.0001148918533,2.43520712577e-05
54.95,0.000234064112442,0.000115748466616,2.41338704668e-05
55.0,0.000231851409166,0.000116587934747,2.39176009477e-05
55.05,0.000229659565714,0.000117411714593,2.37032931853e-05
55.1,0.00022748838604,0.00011822166948,2.34909235408e-05
55.15,0.000225337675932,0.00011901400318,2.32804781847e-05
55.2,0.000223207242999,0.000119793429268,2.30718950234e-05
55.25,0.000221096896651,0.000120556077,2.2865214073e-05
55.3,0.000219006448083,0.000121304026686,2.26603618907e-05
55.35,0.00021693571026,0.000122037067719,2.24573412845e-05
55.4,0.000214884497898,0.000122754378511,2.22561173483e-05
55.45,0.000212852627448,0.000123457920016,2.20566968409e-05
55.5,0.000210839917082,0.0001241455647,2.1859041383e-05
55.55,0.000208846186676,0.000124819930142,2.16631788356e-05
55.6,0.000206871257791,0.000125478678996,2.14690875947e-05
55.65,0.000204914953662,0.000126123798408,2.1276755021e-05
55.7,0.000202977099179,0.000126754398315,2.10861243652e-05
55.75,0.000201057520875,0.000127370396466,2.08972321992e-05
55.8,0.000199156046905,0.000127973640507,2.07100114015e-05
55.85,0.000197273492917,0.000128560637964,2.05244645382e-05
55.9,0.000195408684774,0.00012913734179,2.03405597077e-05
55.95,0.000193561455712,0.000129698269598,2.0158303087e-05
56.0,0.000191731640527,0.000130246723394,1.99776596e-05
56.05,0.000189919075565,0.000130782335575,1.979865471e-05
56.1,0.000188123598702,0.000131302804888,1.96212686721e-05
56.15,0.000186345049334,0.000131813224895,1.94454899351e-05
56.2,0.00018458326836,0.000132309557625,1.92712666338e-05
56.25,0.000182838098172,0.000132791754729,1.90986321927e-05
56.3,0.000181109382635,0.000133264606749,1.89275252671e-05
56.35,0.000179396967078,0.000133723538674,1.87579482024e-05
56.4,0.000177700698279,0.000134168822825,1.85898718427e-05
56.45,0.000176020424452,0.000134605143046,1.84233018333e-05
56.5,0.000174355995231,0.000135028447027,1.82582061172e-05
56.55,0.000172707261661,0.000135438791859,1.80946079659e-05
56.6,0.000171074076181,0.000135838949596,1.7932489334e-05
56.65,0.000169456292612,0.000136228293035,1.77718396646e-05
56.7,0.000167853766148,0.000136605326627,1.76126115563e-05
56.75,0.000166266353335,0.000136970289454,1.7454835557e-05
56.8,0.000164693912068,0.000137326773234,1.72984556016e-05
56.85,0.000163137116853,0.000137672027171,1.71434738339e-05
56.9,0.000161594996726,0.000138005817311,1.69898636073e-05
56.95,0.00016006741378,0.000138328365036,1.68376300812e-05
57.0,0.0001585542314,0.000138642434293,1.66867439576e-05
57.05,0.000157055314248,0.000138946693876,1.65372265053e-05
57.1,0.000155570528257,0.000139240270012,1.63890612319e-05
57.15,0.000154099740612,0.000139523367217,1.62422384891e-05
57.2,0.000152642819744,0.000139796185867,1.60967149554e-05
57.25,0.000151199635316,0.000140061806425,1.59525185493e-05
57.3,0.000149770058213,0.000140317514878,1.58095980314e-05
57.35,0.000148353960527,0.000140563449238,1.56679553607e-05
57.4,0.00014695121555,0.000140799795696,1.55275661842e-05
57.45,0.000145561697761,0.000141026946987,1.53884352172e-05
57.5,0.000144185282814,0.00014124589876,1.52505356835e-05
57.55,0.000142821847529,0.000141457227465,1.51138870211e-05
57.6,0.000141471269878,0.00014165961088,1.49784741572e-05
57.65,0.00014013342898,0.000141853217996,1.48442882738e-05
57.7,0.000138808205083,0.000142038214436,1.47112897782e-05
57.75,0.000137495479558,0.000142214763219,1.45795041858e-05
57.8,0.00013619513489,0.000142383023358,1.44488846675e-05
57.85,0.000134907728867,0.000142544114777,1.43194330136e-05
57.9,0.000133632458542,0.000142698147925,1.41911269671e-05
57.95,0.000132369209872,0.000142844295903,1.40639708375e-05
58.0,0.000131117869882,0.000142982706749,1.39379401533e-05
58.05,0.000129878326652,0.000143113525954,1.38130526792e-05
58.1,0.000128650469314,0.000143236895564,1.368929464e-05
58.15,0.000127434188037,0.000143352954967,1.35666579766e-05
58.2,0.000126229374018,0.000143461840816,1.34451065038e-05
58.25,0.000125035919473,0.000143563687735,1.33246635412e-05
58.3,0.00012385371763,0.00014365867155,1.320528629e-05
58.35,0.000122682662714,0.00014374810212,1.30869763865e-05
58.4,0.000121522649943,0.000143830827376,1.29697134894e-05
58.45,0.000120373575516,0.00014390697261,1.28535015372e-05
58.5,0.000119235336603,0.000143976674449,1.27383181645e-05
58.55,0.000118107831341,0.000144040257016,1.26241796073e-05
58.6,0.000116990958817,0.000144097622323,1.25110732759e-05
58.65,0.000115884619066,0.000144148885893,1.23989918047e-05
58.7,0.000114788713059,0.000144194161029,1.22879021231e-05
58.75,0.000113703142697,0.000144233559451,1.21778255436e-05
58.8,0.000112627810796,0.000144267190092,1.20687229508e-05
58.85,0.000111563178626,0.000144295160533,1.19605958405e-05
58.9,0.000110508582183,0.000144317579768,1.1853425622e-05
58.95,0.000109463927157,0.000144334692052,1.17472158948e-05
59.0,0.000108429120122,0.000144346562706,1.16419462184e-05
59.05,0.000107404068526,0.000144353188377,1.15376314316e-05
59.1,0.000106388680686,0.00014435466632,1.1434260028e-05
59.15,0.000105382865774,0.000144351092061,1.13318252762e-05
59.2,0.000104386533816,0.000144342559324,1.12302969519e-05
59.25,0.00010339959568,0.000144329160612,1.11296945331e-05
59.3,0.000102421963067,0.000144310986094,1.10299822712e-05
59.35,0.000101453548508,0.000144288124919,1.09311615331e-05
59.4,0.000100494265352,0.000144260718459,1.08332153282e-05
59.45,9.95440277582e-05,0.000144228890046,1.07361469463e-05
59.5,9.8602750693e-05,0.000144192592034,1.06399377063e-05
59.55,9.76703499173e-05,0.000144151907737,1.05446011695e-05
59.6,9.67467419821e-05,0.000144106918472,1.04501268201e-05
59.65,9.58318442199e-05,0.000144057704149,1.0356508506e-05
59.7,9.49255747381e-05,0.000144004343203,1.02637186042e-05
59.75,9.4027852411e-05,0.000143946913122,1.01717749163e-05
59.8,9.31385968734e-05,0.000143885489421,1.00806447706e-05
59.85,9.22581895764e-05,0.000143820205794,9.99032941632e-06
59.9,9.13860814151e-05,0.000143751219907,9.90081332522e-06
59.95,9.05221943996e-05,0.000143678499605,9.81209950391e-06
60.0,8.96664512701e-05,0.000143602114761,9.72417087912e-06
60.05,8.88187754904e-05,0.000143522309123,9.63703984506e-06
60.1,8.79790912411e-05,0.00014343903229,9.55069679096e-06
60.15,8.71473234128e-05,0.000143352294911,9.46513609416e-06
60.2,8.63233975998e-05,0.000143262161985,9.38033250922e-06
60.25,8.55072400933e-05,0.000143168697787,9.29630230557e-06
60.3,8.46987778748e-05,0.00014307196493,9.21301562351e-06
60.35,8.38979386097e-05,0.000142972025458,9.13047360471e-06
60.4,8.31046506414e-05,0.000142868940148,9.04866205746e-06
60.45,8.23188429842e-05,0.00014276283483,8.96758372961e-06
60.5,8.15404453175e-05,0.00014265387834,8.88722301733e-06
60.55,8.07693879796e-05,0.000142541953688,8.80759124811e-06
60.6,8.00056019614e-05,0.000142427117253,8.72867963833e-06
60.65,7.92490189003e-05,0.000142309424488,8.65048304929e-06
60.7,7.84995710745e-05,0.000142188929855,8.57297840839e-06
60.75,7.77571913963e-05,0.00014206568726,8.49618058477e-06
60.8,7.70218134072e-05,0.000141939749196,8.42006228872e-06
60.85,7.62937525512e-05,0.000141811167736,8.34462456364e-06
60.9,7.55725547415e-05,0.000141679996368,8.2698544393e-06
60.95,7.48581554834e-05,0.000141546285319,8.19575442702e-06
61.0,7.41504908861e-05,0.000141410083764,8.122310266e-06
61.05,7.34494976575e-05,0.000141271440226,8.04953230877e-06
61.1,7.27551130978e-05,0.000141130402037,7.97741252771e-06
61.15,7.20672750949e-05,0.00014098701577,7.9059462264e-06
61.2,7.13859221182e-05,0.000140842149759,7.83511231808e-06
61.25,7.07109932134e-05,0.000140695148839,7.76492439212e-06
61.3,7.00424279974e-05,0.000140545961466,7.69535750759e-06
61.35,6.93801666523e-05,0.000140394631129,7.62641261809e-06
61.4,6.87241499211e-05,0.000140241200441,7.55807786973e-06
61.45,6.80743191014e-05,0.000140085711434,7.49035555768e-06
61.5,6.74306160411e-05,0.000139928205262,7.42323264855e-06
61.55,6.67929831327e-05,0.000139768824632,7.35671860383e-06
61.6,6.61613633086e-05,0.000139607629967,7.29080608685e-06
61.65,6.55357000357e-05,0.000139444538447,7.22549080539e-06
61.7,6.49159373107e-05,0.000139279588376,7.1607534876e-06
61.75,6.4302019655e-05,0.000139112817727,7.09660655323e-06
61.8,6.36938921099e-05,0.000138944263451,7.03302720799e-06
61.85,6.30918155351e-05,0.000138773962274,6.97001632342e-06
61.9,6.24954144189e-05,0.000138602695535,6.90756306585e-06
61.95,6.19046354271e-05,0.000138430207943,6.84566953293e-06
62.0,6.13194257247e-05,0.000138256331474,6.78432381303e-06
62.05,6.07397329714e-05,0.000138080881128,6.7235345533e-06
62.1,6.01655053173e-05,0.000137903882979,6.66329504853e-06
62.15,5.95966913982e-05,0.000137725369652,6.60360137594e-06
62.2,5.90332403306e-05,0.000137545373211,6.54443592236e-06
62.25,5.84751017081e-05,0.000137363925475,6.4858100386e-06
62.3,5.7922225596e-05,0.000137181057388,6.42770289225e-06
62.35,5.73745625277e-05,0.000136996799734,6.37011527982e-06
62.4,5.68320634997e-05,0.000136811182679,6.31303730011e-06
62.45,5.62946799679e-05,0.000136624236006,6.25647087021e-06
62.5,5.57623638426e-05,0.000136437123934,6.20040510371e-06
62.55,5.52350674849e-05,0.000136248965116,6.14484790351e-06
62.6,5.47127437022e-05,0.000136059582759,6.08979314152e-06
62.65,5.41953457439e-05,0.000135869004272,6.03523723257e-06
62.7,5.36828272975e-05,0.000135677256599,5.98116407945e-06
62.75,5.31751424847e-05,0.000135484366494,5.92758405602e-06
62.8,5.26722458567e-05,0.000135290359964,5.87447812288e-06
62.85,5.21743531338e-05,0.000135095262905,5.821847008e-06
62.9,5.16811537833e-05,0.000134899102339,5.76968166235e-06
62.95,5.11926036999e-05,0.000134701903283,5.71798383802e-06
63.0,5.07086591912e-05,0.000134504124503,5.66674358559e-06
63.05,5.0229276974e-05,0.000134306412862,5.61596812777e-06
63.1,4.97544141705e-05,0.000134107936089,5.56565186389e-06
63.15,4.92840283045e-05,0.000133908535043,5.51579151735e-06
63.2,4.88180772977e-05,0.000133708232322,5.46637237643e-06
63.25,4.83565194658e-05,0.000133507050384,5.41740392211e-06
63.3,4.78993135149e-05,0.000133305011044,5.3688687537e-06
63.35,4.74464185383e-05,0.000133102136046,5.32076753649e-06
63.4,4.6997794012e-05,0.00013289844669,5.27309200031e-06
63.45,4.65533997919e-05,0.000132693964025,5.22584374645e-06
63.5,4.61131961099e-05,0.00013248961372,5.17901368181e-06
63.55,4.56771435706e-05,0.000132285370065,5.13260840746e-06
63.6,4.52452031476e-05,0.000132080411062,5.08662280477e-06
63.65,4.48173361801e-05,0.000131874756027,5.04105387916e-06
63.7,4.43935043696e-05,0.000131668423954,4.99588818513e-06
63.75,4.39736697765e-05,0.000131461433729,4.95113438763e-06
63.8,4.35577948165e-05,0.000131253803687,4.90677658363e-06
63.85,4.31460578816e-05,0.000131045552117,4.86281538118e-06
63.9,4.27382021739e-05,0.000130836698277,4.81924322189e-06
63.95,4.233419122e-05,0.000130627552375,4.77606156923e-06
64.0,4.19339888882e-05,0.000130419135506,4.73326211275e-06
64.05,4.1537559385e-05,0.000130210183321,4.69085088536e-06
64.1,4.11448672523e-05,0.000130000712268,4.64882320899e-06
64.15,4.07558773639e-05,0.000129790738556,4.6071763468e-06
64.2,4.03705549229e-05,0.000129580278123,4.56589801052e-06
64.25,3.99888654579e-05,0.00012936934683,4.52499611932e-06
64.3,3.96107748208e-05,0.000129157960059,4.48445613894e-06
64.35,3.92362491831e-05,0.000128946133172,4.44427862507e-06
64.4,3.88652550334e-05,0.000128734229497,4.40445666989e-06
64.45,3.8497759174e-05,0.000128523194524,4.3649916109e-06
64.5,3.81337287184e-05,0.000128311777478,4.32587585291e-06
64.55,3.77731310882e-05,0.000128099992573,4.28711490959e-06
64.6,3.741593401e-05,0.000127888027994,4.24870450551e-06
64.65,3.70621055132e-05,0.000127675754689,4.21064213938e-06
64.7,3.67116139262e-05,0.000127463155046,4.17291658058e-06
64.75,3.63644278747e-05,0.000127250242383,4.13553506668e-06
64.8,3.6020516278e-05,0.000127037029604,4.09848431436e-06
64.85,3.56800266588e-05,0.000126824328361,4.06176483149e-06
64.9,3.5342746656e-05,0.000126612210063,4.02537030479e-06
64.95,3.50086461075e-05,0.000126399843089,3.98930195665e-06
65.0,3.46776951337e-05,0.000126187317165,3.95355284558e-06
65.05,3.43498641351e-05,0.000125974702547,3.91812801071e-06
65.1,3.40251237892e-05,0.000125761875404,3.88302354459e-06
65.15,3.3703445048e-05,0.000125548847101,3.8482371612e-06
65.2,3.33847991358e-05,0.00012533562881,3.81375859653e-06
65.25,3.30691575465e-05,0.000125122231665,3.77959446522e-06
65.3,3.27564920406e-05,0.000124910202084,3.74573262724e-06
65.35,3.24467746437e-05,0.000124698153336,3.71217354674e-06
65.4,3.21399776429e-05,0.000124485969091,3.67891145381e-06
65.45,3.18360735853e-05,0.000124273659622,3.64594746564e-06
65.5,3.1535035275e-05,0.000124061234964,3.6132752382e-06
65.55,3.1236835771e-05,0.000123848705059,3.58089937688e-06
65.6,3.09414483846e-05,0.000123636079549,3.54881631054e-06
65.65,3.06488466773e-05,0.000123423367941,3.51702394994e-06
65.7,3.03590044581e-05,0.000123211386427,3.48551291446e-06
65.75,3.00718957816e-05,0.000123000204071,3.45428924944e-06
65.8,2.97874949454e-05,0.000122788973657,3.42334185972e-06
65.85,2.95059239449e-05,0.00012257770405,3.3926711695e-06
65.9,2.92270071658e-05,0.000122366404797,3.36227190549e-06
65.95,2.89507196656e-05,0.000122155084448,3.33214508871e-06
66.0,2.8677036735e-05,0.00012194375135,3.30228492116e-06
66.05,2.84059338963e-05,0.000121732413772,3.27269561185e-06
66.1,2.8137386901e-05,0.00012152138253,3.243373897e-06
66.15,2.78713717278e-05,0.000121311922636,3.2143178672e-06
66.2,2.76078645802e-05,0.000121102492094,3.18551894919e-06
66.25,2.73468418849e-05,0.000120893098492,3.15698266801e-06
66.3,2.70882802889e-05,0.000120683749146,3.12869888344e-06
66.35,2.68321566586e-05,0.000120474451394,3.10066798318e-06
66.4,2.65784480765e-05,0.000120265212401,3.07288514779e-06
66.45,2.63271318402e-05,0.00012005603926,3.04535131042e-06
66.5,2.60781854599e-05,0.000119846951189,3.0180611721e-06
66.55,2.58315866563e-05,0.000119639435456,2.99101857957e-06
66.6,2.55873133591e-05,0.00011943236886,2.96422054996e-06
66.65,2.53453437046e-05,0.000119225404327,2.93766533821e-06
66.7,2.5105656034e-05,0.000119018548127,2.91134510894e-06
66.75,2.48682288916e-05,0.000118811806523,2.88526491166e-06
66.8,2.46330410224e-05,0.000118605185543,2.8594154789e-06
66.85,2.44001933116e-05,0.000118398691238,2.833797165e-06
66.9,2.41695405336e-05,0.000118192330232,2.80840556532e-06
66.95,2.39410620617e-05,0.000117986880623,2.7832415327e-06
67.0,2.37147374624e-05,0.000117782450854,2.75830022423e-06
67.05,2.34905464937e-05,0.000117578179468,2.73358515559e-06
67.1,2.32684691031e-05,0.000117374071767,2.70909360063e-06
67.15,2.30484854258e-05,0.000117170132975,2.68482396448e-06
67.2,2.28305757833e-05,0.000116966368214,2.66076908615e-06
67.25,2.26147206812e-05,0.000116762782607,2.63693358053e-06
67.3,2.24009008078e-05,0.000116559381073,2.61330897781e-06
67.35,2.21890970322e-05,0.000116356394361,2.58989560182e-06
67.4,2.19792904029e-05,0.000116155001429,2.56668942704e-06
67.45,2.17714621458e-05,0.000115953814421,2.54369123288e-06
67.5,2.15655936627e-05,0.000115752837853,2.52089659327e-06
67.55,2.13616665297e-05,0.000115552076206,2.49830872129e-06
67.6,2.11596624954e-05,0.000115351578715,2.47592512544e-06
67.65,2.09595634795e-05,0.00011515144503,2.4537443481e-06
67.7,2.0761351571e-05,0.000114951539525,2.43175984463e-06
67.75,2.05650090269e-05,0.000114751866354,2.40997583274e-06
67.8,2.03705182703e-05,0.000114553654609,2.38838457157e-06
67.85,2.0177962729e-05,0.000114356065083,2.3669863571e-06
67.9,1.99872223075e-05,0.000114158726941,2.34577751027e-06
67.95,1.97982799482e-05,0.000113961643908,2.32475874343e-06
68.0,1.96111187536e-05,0.000113764819597,2.30392601143e-06
68.05,1.94257219843e-05,0.000113568403332,2.28328225082e-06
68.1,1.92420730577e-05,0.000113372299809,2.26282518453e-06
68.15,1.90601555464e-05,0.000113176465962,2.24255348041e-06
68.2,1.88799531772e-05,0.000112981436924,2.2224611571e-06
68.25,1.87014498289e-05,0.000112787729663,2.20255206929e-06
68.3,1.85246295315e-05,0.000112594307882,2.18281914238e-06
68.35,1.83494764647e-05,0.000112401174653,2.16326264687e-06
68.4,1.81759749563e-05,0.000112208332952,2.14387922035e-06
68.45,1.80041094808e-05,0.000112015785728,2.12466951385e-06
68.5,1.78338646583e-05,0.000111823535829,2.1056298304e-06
68.55,1.7665225253e-05,0.000111631586083,2.0867628538e-06
68.6,1.74981761717e-05,0.000111439939189,2.06806650296e-06
68.65,1.73327024628e-05,0.000111249873627,2.04953956039e-06
68.7,1.71687893146e-05,0.000111060390425,2.03117655953e-06
68.75,1.70064220544e-05,0.000110871223366,2.01298102331e-06
68.8,1.68455861468e-05,0.000110682374814,1.99494648603e-06
68.85,1.66863505831e-05,0.000110493847163,1.97707319491e-06
68.9,1.65286160493e-05,0.000110305643195,1.95935807693e-06
68.95,1.63723684395e-05,0.000110117765185,1.9418017271e-06
69.0,1.62175937801e-05,0.000109930215325,1.92440076664e-06
69.05,1.60642782284e-05,0.000109743330077,1.90715764835e-06
69.1,1.5912408071e-05,0.000109557956892,1.89007047027e-06
69.15,1.57619697235e-05,0.000109373088212,1.87313811968e-06
69.2,1.56129497283e-05,0.000109188571919,1.85635560055e-06
69.25,1.5465334754e-05,0.000109004399288,1.83972613256e-06
69.3,1.5319111594e-05,0.000108820572081,1.82324380653e-06
69.35,1.51742671656e-05,0.000108637092088,1.80690884839e-06
69.4,1.50307885084e-05,0.00010845396103,1.79071844962e-06
69.45,1.48886627837e-05,0.000108271180611,1.77467315401e-06
69.5,1.47478772727e-05,0.000108089481657,1.7587698736e-06
69.55,1.46084193761e-05,0.000107908970433,1.74301085006e-06
69.6,1.44702766125e-05,0.000107728918896,1.72739434514e-06
69.65,1.43334366175e-05,0.000107549229162,1.7119193419e-06
69.7,1.41978871425e-05,0.000107369902576,1.69658127429e-06
69.75,1.40636160536e-05,0.000107190940498,1.6813830849e-06
69.8,1.39306113307e-05,0.000107012344185,1.66631937314e-06
69.85,1.37989300269e-05,0.000106834114921,1.65139034548e-06
69.9,1.36684900134e-05,0.000106656254315,1.63659343515e-06
69.95,1.35392796254e-05,0.00010647966959,1.62192913912e-06
70.0,1.34112873071e-05,0.000106303992712,1.60739463519e-06
70.05,1.32845016111e-05,0.00010612869197,1.59299197214e-06
70.1,1.31589111974e-05,0.000105953768325,1.57871956129e-06
70.15,1.30345048318e-05,0.00010577922271,1.56457647323e-06
70.2,1.29112713856e-05,0.000105605056023,1.55055853492e-06
70.25,1.27891998343e-05,0.000105431269174,1.53666843568e-06
70.3,1.26682792566e-05,0.000105257862987,1.52290123973e-06
70.35,1.25484988335e-05,0.000105084838309,1.50925713579e-06
70.4,1.24298478474e-05,0.000104913047695,1.49573377799e-06
70.45,1.23123156811e-05,0.00010474219156,1.48233162054e-06
70.5,1.21958918169e-05,0.000104571722854,1.46904808414e-06
70.55,1.20805658356e-05,0.000104401642222,1.45588504122e-06
70.6,1.19663274154e-05,0.000104231950238,1.44284103986e-06
70.65,1.18531663317e-05,0.000104062753859,1.42991523063e-06
70.7,1.17410724552e-05,0.000103894008233,1.41710379965e-06
70.75,1.16300357518e-05,0.000103725653341,1.40440920479e-06
70.8,1.15200462813e-05,0.000103557689635,1.39182693508e-06
70.85,1.14111512244e-05,0.000103390675189,1.379357163e-06
70.9,1.13032826638e-05,0.00010322485667,1.36699774457e-06
70.95,1.11964309532e-05,0.000103059434197,1.35474909492e-06
71.0,1.10905865365e-05,0.000102894408066,1.34260885676e-06
71.05,1.09857399472e-05,0.000102729804933,1.33057874134e-06
71.1,1.08818818074e-05,0.000102565746179,1.31865742172e-06
71.15,1.07790028271e-05,0.000102402085,1.30684412156e-06
71.2,1.06770938032e-05,0.000102238821576,1.29513535527e-06
71.25,1.05761456188e-05,0.000102075956102,1.28353336914e-06
71.3,1.04761492426e-05,0.00010191350602,1.27203404047e-06
71.35,1.03770957276e-05,0.00010175274905,1.26063752689e-06
71.4,1.02789762109e-05,0.000101592398216,1.24934186896e-06
71.45,1.01817819125e-05,0.000101432448652,1.23814744607e-06
71.5,1.00855041346e-05,0.000101272900356,1.22705210381e-06
71.55,9.99013426092e-06,0.000101113753328,1.21605740617e-06
71.6,9.89566375595e-06,0.000100955007512,1.20516214039e-06
71.65,9.80208416412e-06,0.000100796662838,1.19436559699e-06
71.7,9.7093871091e-06,0.000100638719216,1.18366459033e-06
71.75,9.61756429302e-06,0.000100481176569,1.17306117339e-06
71.8,9.5266074958e-06,0.00010032453111,1.16255157831e-06
71.85,9.43655573383e-06,0.000100169064023,1.15213594915e-06
71.9,9.34735284239e-06,0.000100014000298,1.14181249511e-06
71.95,9.25899084431e-06,9.98593397176e-05,1.13158156293e-06
72.0,9.17146183716e-06,9.97050820292e-05,1.12144118363e-06
72.05,9.08475799248e-06,9.95512269812e-05,1.11139278658e-06
72.1,8.99887155514e-06,9.93977742749e-05,1.10143526341e-06
72.15,8.91379484266e-06,9.92447767505e-05,1.0915679657e-06
72.2,8.82952024449e-06,9.90922872564e-05,1.081787982e-06
72.25,8.74604022138e-06,9.89401996141e-05,1.0720971886e-06
72.3,8.66334730469e-06,9.87891523306e-05,1.06249214191e-06
72.35,8.58143409576e-06,9.86390962342e-05,1.0529729736e-06
72.4,8.50029326523e-06,9.8489443103e-05,1.04353804701e-06
72.45,8.41991755237e-06,9.83401925001e-05,1.03418767904e-06
72.5,8.34029976453e-06,9.81913439607e-05,1.02492007017e-06
72.55,8.26143277639e-06,9.8042897022e-05,1.01573652674e-06
72.6,8.18330952941e-06,9.78949918903e-05,1.00663603579e-06
72.65,8.1059230312e-06,9.77475128484e-05,9.97618004697e-07
72.7,8.02926635486e-06,9.76004343406e-05,9.88679772604e-07
72.75,7.9533326384e-06,9.74537558493e-05,9.79823054299e-07
72.8,7.87811508414e-06,9.73079234691e-05,9.71044702594e-07
72.85,7.80364595705e-06,9.7163225558e-05,9.62344837818e-07
72.9,7.7298788112e-06,9.70189281258e-05,9.53721964179e-07
72.95,7.6568070498e-06,9.68750305465e-05,9.45176371294e-07
73.0,7.58442413785e-06,9.67315321706e-05,9.36706414535e-07
73.05,7.51272360155e-06,9.65884323518e-05,9.28313287808e-07
73.1,7.44169902771e-06,9.64457304086e-05,9.19996065328e-07
73.15,7.37134406323e-06,9.63034256537e-05,9.1175420548e-07
73.2,7.30165241452e-06,9.61615173886e-05,9.03585276429e-07
73.25,7.2326178469e-06,9.60200049296e-05,8.95490845372e-07
73.3,7.16423418414e-06,9.58788875541e-05,8.87468035993e-07
73.35,7.09649530782e-06,9.57392173392e-05,8.79516958267e-07
73.4,7.02939515688e-06,9.56000239204e-05,8.71636245141e-07
73.45,6.96292772699e-06,9.54612250779e-05,8.63826161307e-07
73.5,6.8970870701e-06,9.53228200188e-05,8.56085203687e-07
73.55,6.83186729389e-06,9.51848079545e-05,8.48414463429e-07
73.6,6.76726256123e-06,9.5047188066e-05,8.4081309443e-07
73.65,6.70326708969e-06,9.49099641506e-05,8.33280601691e-07
73.7,6.63987515101e-06,9.47732784555e-05,8.25814762681e-07
73.75,6.57708107062e-06,9.4636982911e-05,8.1841700971e-07
73.8,6.51487922709e-06,9.45010766605e-05,8.11084714026e-07
73.85,6.45329630225e-06,9.43657216804e-05,8.03817976135e-07
73.9,6.3922938872e-06,9.42316783452e-05,7.96615546647e-07
73.95,6.33186652668e-06,9.40980233596e-05,7.89477667472e-07
74.0,6.2720088165e-06,9.39647558028e-05,7.82402964899e-07
74.05,6.21271540309e-06,9.38318747586e-05,7.75392436163e-07
74.1,6.15398098302e-06,9.36994658563e-05,7.68445307984e-07
74.15,6.09580030253e-06,9.35675139e-05,7.61561127967e-07
74.2,6.03816815706e-06,9.34359460834e-05,7.54737864871e-07
74.25,5.98107939082e-06,9.33047614642e-05,7.47976827731e-07
74.3,5.92452889628e-06,9.31739590714e-05,7.41275614045e-07
74.35,5.86851161379e-06,9.30435379531e-05,7.34634315672e-07
74.4,5.81302253108e-06,9.29134971447e-05,7.28051790753e-07
74.45,5.75805668282e-06,9.27848647173e-05,7.21528260378e-07
74.5,5.70360915022e-06,9.26566208793e-05,7.1506246907e-07
74.55,5.64967506057e-06,9.25287556176e-05,7.08655328233e-07
74.6,5.59624958681e-06,9.24012678941e-05,7.02306131142e-07
74.65,5.54332794708e-06,9.22741566696e-05,6.96014464339e-07
74.7,5.49090540437e-06,9.21474209003e-05,6.89778471411e-07
74.75,5.43897726603e-06,9.20210595562e-05,6.83599348723e-07
74.8,5.38753888338e-06,9.18950715826e-05,6.77474900557e-07
74.85,5.33661232118e-06,9.17694559431e-05,6.71405210863e-07
74.9,5.28616581687e-06,9.16442117259e-05,6.65389236061e-07
74.95,5.23619485915e-06,9.15193378845e-05,6.59427178214e-07
75.0,5.18669497898e-06,9.13952576443e-05,6.535178899e-07
75.05,5.13766174918e-06,9.12721109532e-05,6.47662204081e-07
75.1,5.08909078402e-06,9.11493324623e-05,6.41859474858e-07
75.15,5.04097773887e-06,9.10269210579e-05,6.36109324359e-07
75.2,4.99331830977e-06,9.0904981856e-05,6.30410055951e-07
75.25,4.94610823308e-06,9.07834476347e-05,6.24762763029e-07
75.3,4.89934328509e-06,9.06622775879e-05,6.19165438857e-07
75.35,4.85301928168e-06,9.05414706038e-05,6.13618160161e-07
75.4,4.80713207789e-06,9.04210255625e-05,6.0811997318e-07
75.45,4.76167756762e-06,9.03009413487e-05,6.02671062585e-07
75.5,4.71665168322e-06,9.01812168381e-05,5.97270379712e-07
75.55,4.67205039515e-06,9.00618509122e-05,5.91918685831e-07
75.6,4.62786971164e-06,8.99432619468e-05,5.86615390635e-07
75.65,4.58410567828e-06,8.98257023962e-05,5.81360148774e-07
75.7,4.54075437777e-06,8.9708499311e-05,5.76151409642e-07
75.75,4.49781192945e-06,8.95916515241e-05,5.70990172529e-07
75.8,4.45527448908e-06,8.9475157851e-05,5.65874603414e-07
75.85,4.41316030332e-06,8.93590171235e-05,5.6080477242e-07
75.9,4.3714431058e-06,8.92432282767e-05,5.55779807876e-07
75.95,4.33011916588e-06,8.91277901387e-05,5.50799878557e-07
76.0,4.28918478784e-06,8.90127015305e-05,5.45864026058e-07
76.05,4.24863631059e-06,8.88979612796e-05,5.40972946126e-07
76.1,4.20847010731e-06,8.87835682004e-05,5.36126099261e-07
76.15,4.16868258517e-06,8.86695211091e-05,5.31323169838e-07
76.2,4.12927018495e-06,8.85558188209e-05,5.2656274071e-07
76.25,4.09022938082e-06,8.84432392645e-05,5.21845725157e-07
76.3,4.05155667993e-06,8.83311141765e-05,5.17170447013e-07
76.35,4.01324862219e-06,8.82193310144e-05,5.12536970363e-07
76.4,3.97530177988e-06,8.81078885656e-05,5.07944498562e-07
76.45,3.93771275744e-06,8.79967856235e-05,5.03393185857e-07
76.5,3.90047819107e-06,8.7886020976e-05,4.98882156332e-07
76.55,3.86359474852e-06,8.77755934177e-05,4.94412045852e-07
76.6,3.82705912874e-06,8.76655017324e-05,4.89982361352e-07
76.65,3.79086806162e-06,8.75557447066e-05,4.85592814372e-07
76.7,3.75501830769e-06,8.7446380732e-05,4.81242109737e-07
76.75,3.71950665782e-06,8.73374300032e-05,4.76931082122e-07
76.8,3.68432993297e-06,8.72288107328e-05,4.72658199626e-07
76.85,3.64950322238e-06,8.71205217167e-05,4.6842352082e-07
76.9,3.61500480485e-06,8.70132185236e-05,4.64226317623e-07
76.95,3.58083159529e-06,8.69064280948e-05,4.60066731007e-07
77.0,3.54698053748e-06,8.67999649091e-05,4.55943960447e-07
77.05,3.51344860385e-06,8.66938277318e-05,4.51858587078e-07
77.1,3.48023279517e-06,8.658801532e-05,4.47810160273e-07
77.15,3.44733014031e-06,8.64826640628e-05,4.43798416398e-07
77.2,3.41473769596e-06,8.63776443861e-05,4.39822171754e-07
77.25,3.38245254639e-06,8.62729462142e-05,4.35882189176e-07
77.3,3.35047180316e-06,8.61685683046e-05,4.31977068612e-07
77.35,3.3187926049e-06,8.60645094293e-05,4.28106863591e-07
77.4,3.28741211706e-06,8.59607683582e-05,4.24270908699e-07
77.45,3.25632753161e-06,8.58573438671e-05,4.20469332773e-07
77.5,3.22553606685e-06,8.5754234729e-05,4.16701404189e-07
77.55,3.19503496714e-06,8.5651485468e-05,4.12967654063e-07
77.6,3.16482150265e-06,8.55497947168e-05,4.09267670555e-07
77.65,3.13489296913e-06,8.54484164269e-05,4.05601212721e-07
77.7,3.10524668767e-06,8.53473489894e-05,4.0196719874e-07
77.75,3.07588000445e-06,8.52465911635e-05,3.98366325792e-07
77.8,3.04679029053e-06,8.51461416997e-05,3.94797314327e-07
77.85,3.01799002411e-06,8.50459993624e-05,3.91260213265e-07
77.9,2.98946124262e-06,8.49461629873e-05,3.87754414463e-07
77.95,2.96120139483e-06,8.48466313417e-05,3.84280035672e-07
78.0,2.93320795339e-06,8.47474031916e-05,3.80836408234e-07
78.05,2.90547841459e-06,8.46484773097e-05,3.77424017557e-07
78.1,2.87801029822e-06,8.45498524633e-05,3.74042487243e-07
78.15,2.85080114725e-06,8.44515274233e-05,3.70691597089e-07
78.2,2.8238485277e-06,8.43535173893e-05,3.67370358384e-07
78.25,2.79715002837e-06,8.42559237617e-05,3.64079408304e-07
78.3,2.77070326064e-06,8.41590879219e-05,3.60817577424e-07
78.35,2.74450585829e-06,8.40628289639e-05,3.57584910459e-07
78.4,2.71855547724e-06,8.39668644457e-05,3.54380851605e-07
78.45,2.69284979537e-06,8.38711931313e-05,3.51205508478e-07
78.5,2.66738651235e-06,8.37758137843e-05,3.48058269972e-07
78.55,2.64216334934e-06,8.3680725175e-05,3.44939579715e-07
78.6,2.61717804892e-06,8.35859260699e-05,3.41849093708e-07
78.65,2.59242837476e-06,8.34915052386e-05,3.38786610698e-07
78.7,2.56791211151e-06,8.33974231246e-05,3.35751227072e-07
78.75,2.54362706459e-06,8.33036272832e-05,3.32743525164e-07
78.8,2.51957105997e-06,8.32101164882e-05,3.29762436202e-07
78.85,2.49575441658e-06,8.31168895256e-05,3.26808001051e-07
78.9,2.47216228016e-06,8.30239452411e-05,3.23879711744e-07
78.95,2.4487925409e-06,8.29312824258e-05,3.20977666637e-07
79.0,2.42564310881e-06,8.2838899871e-05,3.18101307219e-07
79.05,2.40271191342e-06,8.27470681004e-05,3.15251038936e-07
79.1,2.37999690369e-06,8.26559362735e-05,3.12426547396e-07
79.15,2.35749604777e-06,8.25650813248e-05,3.09627648669e-07
79.2,2.33520733285e-06,8.24745020325e-05,3.06853516914e-07
79.25,2.31312876497e-06,8.23841971846e-05,3.04104684344e-07
79.3,2.29125836883e-06,8.2294165565e-05,3.01380174176e-07
79.35,2.26959418767e-06,8.22044059697e-05,2.98680023756e-07
79.4,2.24813428303e-06,8.21149171956e-05,2.9600376884e-07
79.45,2.22687673462e-06,8.2025698046e-05,2.93351499315e-07
79.5,2.20581964014e-06,8.19367473251e-05,2.90722704743e-07
79.55,2.18496111511e-06,8.18480638437e-05,2.88117755673e-07
79.6,2.16429929271e-06,8.17596464105e-05,2.85536364772e-07
79.65,2.1438323236e-06,8.1671493839e-05,2.82978363941e-07
79.7,2.12355837578e-06,8.1583604946e-05,2.80442998418e-07
79.75,2.10347563441e-06,8.14960857031e-05,2.77930754609e-07
79.8,2.08358230166e-06,8.14088519225e-05,2.75440739802e-07
79.85,2.06388691087e-06,8.13220477284e-05,2.72972988128e-07
79.9,2.04437717817e-06,8.12359794592e-05,2.70527075301e-07
79.95,2.02505135883e-06,8.11501696431e-05,2.6810308347e-07
80.0,2.00590772452e-06,8.10646170956e-05,2.65700546131e-07
80.05,1.98694456304e-06,8.09793206391e-05,2.6331980194e-07
80.1,1.96816017827e-06,8.08942790948e-05,2.60960588294e-07
80.15,1.94955288994e-06,8.08095369123e-05,2.58622751563e-07
80.2,1.93112103355e-06,8.07251386252e-05,2.56305601945e-07
80.25,1.91286296018e-06,8.06409921807e-05,2.54009583983e-07
80.3,1.89477703633e-06,8.05570964114e-05,2.51733881799e-07
80.35,1.87686164384e-06,8.04734501609e-05,2.49478526587e-07
80.4,1.85911517968e-06,8.03900522744e-05,2.47243130577e-07
80.45,1.84153605586e-06,8.03069016038e-05,2.45027768851e-07
80.5,1.82412269925e-06,8.02239970025e-05,2.42832015053e-07
80.55,1.80687355145e-06,8.01413373307e-05,2.40656178692e-07
80.6,1.78978706869e-06,8.00589214478e-05,2.38500019769e-07
80.65,1.77286172164e-06,7.99767482182e-05,2.36363397874e-07
80.7,1.75609599531e-06,7.98948832315e-05,2.34245682577e-07
80.75,1.7394883889e-06,7.98137896996e-05,2.3214728016e-07
80.8,1.72303741568e-06,7.97329355524e-05,2.30067444966e-07
80.85,1.70675013237e-06,7.96523196558e-05,2.28006205504e-07
80.9,1.69061638071e-06,7.95719409174e-05,2.25963207379e-07
80.95,1.67463471789e-06,7.94917982106e-05,2.2393851921e-07
81.0,1.65880371464e-06,7.94118904114e-05,2.21931751339e-07
81.05,1.64312195504e-06,7.93322164022e-05,2.19943186635e-07
81.1,1.62758803648e-06,7.92527750654e-05,2.17972605755e-07
81.15,1.61220056944e-06,7.91735652886e-05,2.16019880373e-07
81.2,1.59695817745e-06,7.90945859636e-05,2.14084434323e-07
81.25,1.5818594969e-06,7.90159013926e-05,2.12166638914e-07
81.3,1.56690317698e-06,7.89375067987e-05,2.1026581267e-07
81.35,1.55208787952e-06,7.88593397739e-05,2.08381981645e-07
81.4,1.53741227889e-06,7.87813992258e-05,2.06514821947e-07
81.45,1.52287506188e-06,7.87036840682e-05,2.04664396289e-07
81.5,1.50847492758e-06,7.86261932173e-05,2.0283034855e-07
81.55,1.49421058725e-06,7.85489255955e-05,2.01012937254e-07
81.6,1.48008076427e-06,7.84718801259e-05,1.99211961934e-07
81.65,1.46608419393e-06,7.83954977886e-05,1.97427305312e-07
81.7,1.4522196234e-06,7.83195771476e-05,1.95658440808e-07
81.75,1.43848581159e-06,7.82438759469e-05,1.93905707778e-07
81.8,1.42488152902e-06,7.81683931045e-05,1.92168483395e-07
81.85,1.41141261133e-06,7.80931275481e-05,1.90446791474e-07
81.9,1.39807065802e-06,7.80180782399e-05,1.88740335998e-07
81.95,1.38485447598e-06,7.79432441158e-05,1.87049174284e-07
82.0,1.37176288324e-06,7.78686241141e-05,1.8537298086e-07
82.05,1.35879470891e-06,7.77942171799e-05,1.83711991999e-07
82.1,1.34594879306e-06,7.77200222589e-05,1.8206602449e-07
82.15,1.33322398665e-06,7.76460383021e-05,1.80434971149e-07
82.2,1.32061915137e-06,7.75722642647e-05,1.78818350716e-07
82.25,1.30813315958e-06,7.74986991099e-05,1.7721647334e-07
82.3,1.29576489421e-06,7.74253418011e-05,1.75628769801e-07
82.35,1.28351324865e-06,7.73521913107e-05,1.74055261863e-07
82.4,1.27137712667e-06,7.72792466139e-05,1.72495678987e-07
82.45,1.25935544228e-06,7.7206506692e-05,1.70950073557e-07
82.5,1.24744711968e-06,7.71339705289e-05,1.69418148114e-07
82.55,1.23565109316e-06,7.70616371147e-05,1.67900118596e-07
82.6,1.22396630699e-06,7.69895824954e-05,1.6639581756e-07
82.65,1.2123917153e-06,7.69181567154e-05,1.64905147046e-07
82.7,1.20092628207e-06,7.68469307185e-05,1.63427667219e-07
82.75,1.18956898094e-06,7.67759296613e-05,1.6196366153e-07
82.8,1.17831879521e-06,7.67052235819e-05,1.60512609752e-07
82.85,1.1671805507e-06,7.66347146742e-05,1.59074531777e-07
82.9,1.15614730055e-06,7.6564401965e-05,1.57649180351e-07
82.95,1.14521805809e-06,7.64942844603e-05,1.56236603348e-07
83.0,1.1343918459e-06,7.64243611691e-05,1.54836528913e-07
83.05,1.12366769568e-06,7.63546311067e-05,1.53449154396e-07
83.1,1.11304464824e-06,7.62850932897e-05,1.52074326767e-07
83.15,1.10252175335e-06,7.62157467398e-05,1.50711956497e-07
83.2,1.09209806968e-06,7.61466842936e-05,1.49361641607e-07
83.25,1.08177266473e-06,7.60778466412e-05,1.48023641153e-07
83.3,1.07154461471e-06,7.60091977707e-05,1.46697479682e-07
83.35,1.06141300451e-06,7.59407367204e-05,1.45383175374e-07
83.4,1.05137692758e-06,7.58724625318e-05,1.44080502255e-07
83.45,1.04143548587e-06,7.58043742522e-05,1.42789504081e-07
83.5,1.03158778973e-06,7.57364709317e-05,1.41509932392e-07
83.55,1.02183295786e-06,7.56687516265e-05,1.40241967556e-07
83.6,1.0121701172e-06,7.56012153944e-05,1.38985469711e-07
83.65,1.00259840289e-06,7.5533861298e-05,1.37740357036e-07
83.7,9.93116958147e-07,7.54671360842e-05,1.36506262148e-07
83.75,9.83724934247e-07,7.54006040581e-05,1.35283421807e-07
83.8,9.74421490397e-07,7.53342514021e-05,1.34071401482e-07
83.85,9.65210617361e-07,7.52680771852e-05,1.32870217788e-07
83.9,9.56086570373e-07,7.52020805012e-05,1.31679664201e-07
83.95,9.47048533497e-07,7.51362604275e-05,1.30499780709e-07
84.0,9.38095698435e-07,7.5070616045e-05,1.29330340239e-07
84.05,9.29227264463e-07,7.50051464401e-05,1.28171507633e-07
84.1,9.20442438353e-07,7.49398507013e-05,1.27023155069e-07
84.15,9.11740434306e-07,7.48747279219e-05,1.25885207766e-07
84.2,9.03120473886e-07,7.48097771996e-05,1.24757329962e-07
84.25,8.94581785945e-07,7.47449976386e-05,1.23639738039e-07
84.3,8.86123606561e-07,7.4680497442e-05,1.22532034867e-07
84.35,8.77745178966e-07,7.46161778909e-05,1.2143423563e-07
84.4,8.69445753483e-07,7.45520272307e-05,1.20346151579e-07
84.45,8.61224587454e-07,7.44880445791e-05,1.19267819261e-07
84.5,8.53080945184e-07,7.44242290575e-05,1.18199031146e-07
84.55,8.45014097866e-07,7.43605797925e-05,1.17139937889e-07
84.6,8.37023323523e-07,7.42970959129e-05,1.16090422669e-07
84.65,8.29107906943e-07,7.42337765521e-05,1.15050417141e-07
84.7,8.21267139614e-07,7.41706741451e-05,1.14019614443e-07
84.75,8.13500319663e-07,7.41078070108e-05,1.12998212333e-07
84.8,8.05806751795e-07,7.40451146524e-05,1.1198584786e-07
84.85,7.98189736206e-07,7.39829874949e-05,1.10982534902e-07
84.9,7.90644522211e-07,7.39210223578e-05,1.09988100956e-07
84.95,7.83170435063e-07,7.38592170718e-05,1.09002579422e-07
85.0,7.75766806334e-07,7.37975707848e-05,1.08025780633e-07
85.05,7.68432973857e-07,7.373608265e-05,1.07057842278e-07
85.1,7.61168281665e-07,7.3674751823e-05,1.06098657588e-07
85.15,7.53972079935e-07,7.3613577464e-05,1.05148164104e-07
85.2,7.46843724931e-07,7.35525587375e-05,1.04206081372e-07
85.25,7.39782578947e-07,7.3491694814e-05,1.03272590131e-07
85.3,7.32788010249e-07,7.34309848661e-05,1.02347358668e-07
85.35,7.25859393021e-07,7.33704280729e-05,1.01430399667e-07
85.4,7.18996107311e-07,7.33100236171e-05,1.00521555472e-07
85.45,7.12197538972e-07,7.32497706862e-05,9.96208566085e-08
85.5,7.05463079613e-07,7.31896684711e-05,9.87281297341e-08
85.55,6.98792126541e-07,7.31297161678e-05,9.78435006854e-08
85.6,6.92184082711e-07,7.30699129746e-05,9.69668718855e-08
85.65,6.85638356671e-07,7.30102580943e-05,9.60981862486e-08
85.7,6.79154362511e-07,7.29507507338e-05,9.52371874611e-08
85.75,6.72731519811e-07,7.28913901056e-05,9.43840407044e-08
85.8,6.6636925359e-07,7.28322463486e-05,9.35384428171e-08
85.85,6.60070292975e-07,7.27732940754e-05,9.27004053903e-08
85.9,6.53830709344e-07,7.27144865976e-05,9.18697843378e-08
85.95,6.4764994471e-07,7.265582314e-05,9.1046607558e-08
86.0,6.41527446308e-07,7.25973029306e-05,9.02307166275e-08
86.05,6.35462666554e-07,7.25389365204e-05,8.94222265525e-08
86.1,6.29455062991e-07,7.24810752644e-05,8.86210481544e-08
86.15,6.2350409824e-07,7.24233561976e-05,8.78271292606e-08
86.2,6.1760923996e-07,7.2365792211e-05,8.70402356183e-08
86.25,6.11769960792e-07,7.23084753916e-05,8.62605181917e-08
86.3,6.05985738319e-07,7.22512976833e-05,8.54876999122e-08
86.35,6.00256055017e-07,7.2194258329e-05,8.47217913735e-08
86.4,5.9458039821e-07,7.2137356575e-05,8.39626608905e-08
86.45,5.88958260025e-07,7.20805916723e-05,8.32103339604e-08
86.5,5.83389137346e-07,7.20239628752e-05,8.24646657952e-08
86.55,5.77872531771e-07,7.19674694428e-05,8.17257615027e-08
86.6,5.72407949568e-07,7.19111106368e-05,8.09935395797e-08
86.65,5.66994901631e-07,7.18548857229e-05,8.02679523441e-08
86.7,5.61632903436e-07,7.17987939709e-05,7.95487857049e-08
86.75,5.56321475e-07,7.17428346558e-05,7.8836177633e-08
86.8,5.51060140835e-07,7.16870070549e-05,7.81298749069e-08
86.85,5.4585115782e-07,7.16313104512e-05,7.74298872083e-08
86.9,5.40691277145e-07,7.15757441424e-05,7.67360941862e-08
86.95,5.35580037375e-07,7.15203074189e-05,7.60485191432e-08
87.0,5.305169814e-07,7.14649995743e-05,7.53670297532e-08
87.05,5.25501656387e-07,7.14098199066e-05,7.46917220774e-08
87.1,5.20533613747e-07,7.13547677164e-05,7.40225216274e-08
87.15,5.15612409091e-07,7.12998423082e-05,7.33593848251e-08
87.2,5.10737602193e-07,7.12450429905e-05,7.27021160061e-08
87.25,5.05908756949e-07,7.11903690765e-05,7.20508412664e-08
87.3,5.01125441343e-07,7.11358545145e-05,7.14053291788e-08
87.35,4.96387227401e-07,7.10815437299e-05,7.07655885917e-08
87.4,4.91693691164e-07,7.10273566931e-05,7.01315095127e-08
87.45,4.87044412639e-07,7.09735081245e-05,6.95031132387e-08
87.5,4.82438975771e-07,7.09199030356e-05,6.88802788327e-08
87.55,4.77876968403e-07,7.08664197225e-05,6.82630940881e-08
87.6,4.73357982237e-07,7.08130575107e-05,6.76514909277e-08
87.65,4.68881612803e-07,7.07598157296e-05,6.7045429524e-08
87.7,4.6444745942e-07,7.07066937123e-05,6.64447310532e-08
87.75,4.6005512516e-07,7.06537887237e-05,6.58495107584e-08
87.8,4.55704216816e-07,7.0601024257e-05,6.5259557131e-08
87.85,4.51396600733e-07,7.05483779752e-05,6.4674878258e-08
87.9,4.47129590279e-07,7.04958492323e-05,6.40953736138e-08
87.95,4.42902803865e-07,7.04434373772e-05,6.35210626623e-08
88.0,4.38715863481e-07,7.03911417617e-05,6.29518348754e-08
88.05,4.34568394652e-07,7.03389617418e-05,6.23877704902e-08
88.1,4.30460026413e-07,7.02868966761e-05,6.18288072889e-08
88.15,4.26390391272e-07,7.02349459272e-05,6.12749088719e-08
88.2,4.22359125182e-07,7.01831088608e-05,6.07259118065e-08
88.25,4.18365867501e-07,7.01313848476e-05,6.01819214169e-08
88.3,4.1441026097e-07,7.00797732605e-05,5.9642744399e-08
88.35,4.10491951672e-07,7.00282734771e-05,5.91083881436e-08
88.4,4.0661058901e-07,6.99768848782e-05,5.85787607772e-08
88.45,4.02765825668e-07,6.99256068487e-05,5.80538800886e-08
88.5,3.98957317584e-07,6.98744387761e-05,5.75336450627e-08
88.55,3.95184723922e-07,6.98233800522e-05,5.70181290306e-08
88.6,3.91447707036e-07,6.97724300713e-05,5.65072751295e-08
88.65,3.87745932446e-07,6.97215882311e-05,5.60010500927e-08
88.7,3.84079068804e-07,6.96708539327e-05,5.5499304554e-08
88.75,3.80446787868e-07,6.96202265817e-05,5.50021347725e-08
88.8,3.76848764472e-07,6.95697055858e-05,5.45093640814e-08
88.85,3.73286542007e-07,6.95194020739e-05,5.40209992356e-08
88.9,3.69757898737e-07,6.94692041296e-05,5.35369562688e-08
88.95,3.66262519106e-07,6.94192524962e-05,5.3057251439e-08
89.0,3.62800090511e-07,6.9369563159e-05,5.25817924251e-08
89.05,3.5937030328e-07,6.93199777104e-05,5.21106462468e-08
89.1,3.55972850639e-07,6.9270495567e-05,5.16437609355e-08
89.15,3.52607428688e-07,6.92211161486e-05,5.11811060876e-08
89.2,3.49273736373e-07,6.91718388787e-05,5.07225451927e-08
89.25,3.4597147546e-07,6.91227235001e-05,5.02681662251e-08
89.3,3.42700350509e-07,6.90737660753e-05,4.98178077233e-08
89.35,3.39460068846e-07,6.90249094809e-05,4.93714758609e-08
89.4,3.3625034054e-07,6.89761531503e-05,4.89290938986e-08
89.45,3.33070878376e-07,6.89274965205e-05,4.84906766949e-08
89.5,3.2992139783e-07,6.88789390317e-05,4.80561398748e-08
89.55,3.26801617042e-07,6.88304801274e-05,4.76255446896e-08
89.6,3.23711256795e-07,6.8782119254e-05,4.71988436437e-08
89.65,3.20650040485e-07,6.87338558608e-05,4.67760089502e-08
89.7,3.17617694104e-07,6.86856894007e-05,4.6356915848e-08
89.75,3.14613946207e-07,6.86376193303e-05,4.59416447395e-08
89.8,3.11638527896e-07,6.85896451086e-05,4.55300480602e-08
89.85,3.08692715491e-07,6.85417661988e-05,4.51221314521e-08
89.9,3.05774671708e-07,6.84939820729e-05,4.4717824781e-08
89.95,3.02884135595e-07,6.84462922004e-05,4.43171416263e-08
90.0,3.00020848644e-07,6.83986960531e-05,4.39200048753e-08
90.05,2.97184554766e-07,6.83511931065e-05,4.35264705074e-08
90.1,2.94375000272e-07,6.83037828386e-05,4.31364951147e-08
90.15,2.9159193385e-07,6.82564647302e-05,4.27500533021e-08
90.2,2.8883510654e-07,6.82092382655e-05,4.23670310465e-08
90.25,2.86104271716e-07,6.81621029323e-05,4.19875018301e-08
90.3,2.83399185059e-07,6.81150582205e-05,4.16113307891e-08
90.35,2.80719604541e-07,6.80681798541e-05,4.123852308e-08
90.4,2.78065290401e-07,6.80214244886e-05,4.08690146048e-08
90.45,2.75436005124e-07,6.79747586017e-05,4.05028177744e-08
90.5,2.72831513419e-07,6.79281816922e-05,4.01398621128e-08
90.55,2.702515822e-07,6.78816932625e-05,3.97801987815e-08
90.6,2.67695980567e-07,6.7835311985e-05,3.94237881086e-08
90.65,2.65164479779e-07,6.77892629589e-05,3.90706068848e-08
90.7,2.62656853241e-07,6.77433016148e-05,3.87205509007e-08
90.75,2.60172876482e-07,6.76974511957e-05,3.83736873141e-08
90.8,2.57712327132e-07,6.7651777276e-05,3.80298928688e-08
90.85,2.55276260657e-07,6.76061893655e-05,3.76891722773e-08
90.9,2.52863157698e-07,6.75606869818e-05,3.73514669587e-08
90.95,2.50472802457e-07,6.75152696399e-05,3.70167882554e-08
91.0,2.48104981159e-07,6.7469936858e-05,3.66850717574e-08
91.05,2.4575948203e-07,6.74246881573e-05,3.63563642227e-08
91.1,2.4343609528e-07,6.73795230611e-05,3.6030629394e-08
91.15,2.41134613082e-07,6.7334441096e-05,3.57078460595e-08
91.2,2.38854829557e-07,6.72894417913e-05,3.5387918979e-08
91.25,2.36596540755e-07,6.72445246799e-05,3.50709095302e-08
91.3,2.34359544636e-07,6.71996892965e-05,3.47567050653e-08
91.35,2.32143641052e-07,6.71549351796e-05,3.44453098913e-08
91.4,2.1354080026e-07,6.71102618702e-05,3.41366704692e-08
91.45,1.86897594659e-07,6.70656028218e-05,3.38307971652e-08
91.5,1.85130312147e-07,6.70209256431e-05,3.3527631113e-08
91.55,1.83379695198e-07,6.69763307347e-05,3.32272150462e-08
91.6,1.81645587131e-07,6.69318176119e-05,3.29295158281e-08
91.65,1.79927832737e-07,6.68873857935e-05,3.26345140726e-08
91.7,1.78226278258e-07,6.6843034801e-05,3.23421227368e-08
91.75,1.76540771379e-07,6.679876416e-05,3.20523979155e-08
91.8,1.7487116121e-07,6.67545733981e-05,3.17652366565e-08
91.85,1.7321816394e-07,6.67105042698e-05,3.1480642896e-08
91.9,1.71580748604e-07,6.6666579169e-05,3.11985677031e-08
91.95,1.69958768774e-07,6.66227329131e-05,3.09190205518e-08
92.0,1.68352079391e-07,6.65789650389e-05,3.06419476424e-08
92.05,1.66760536755e-07,6.65352750866e-05,3.03673880303e-08
92.1,1.65183998514e-07,6.64916625989e-05,2.87219278931e-08
92.15,1.63622323646e-07,6.64481380806e-05,2.83118654357e-08
92.2,1.62075372451e-07,6.64046911529e-05,2.80581995134e-08
92.25,1.6054300654e-07,6.63613201314e-05,2.7806850639e-08
92.3,1.59025088816e-07,6.63181267068e-05,2.7557725766e-08
92.35,1.5752148347e-07,6.627501886e-05,2.73108295279e-08
92.4,1.56032055962e-07,6.62319859753e-05,2.70661182321e-08
92.45,1.54556673015e-07,6.61890432614e-05,2.68236015556e-08
92.5,1.530952026e-07,6.6146392358e-05,2.65832313388e-08
92.55,1.51647513924e-07,6.61038157907e-05,2.63450442765e-08
92.6,1.50213477419e-07,6.60613125459e-05,2.61089997368e-08
92.65,1.48792964733e-07,6.60188821916e-05,2.58750967349e-08
92.7,1.47385848714e-07,6.59765242986e-05,2.56432635378e-08
92.75,1.45992003405e-07,6.59342384409e-05,2.54135479631e-08
92.8,1.44611304026e-07,6.58920241946e-05,2.51858649727e-08
92.85,1.43244342835e-07,6.58498811393e-05,2.49602188012e-08
92.9,1.41890267267e-07,6.58078088601e-05,2.47365695166e-08
92.95,1.40548956231e-07,6.5765806942e-05,2.4514925963e-08
93.0,1.3922028977e-07,6.57238749725e-05,2.42952441258e-08
93.05,1.37904149051e-07,6.56820125421e-05,2.40775575417e-08
93.1,1.36600416352e-07,6.56402192436e-05,2.38618290757e-08
93.15,1.35308975056e-07,6.55984946727e-05,2.36480578279e-08
93.2,1.34029709636e-07,6.55568384273e-05,2.34361782394e-08
93.25,1.32762505649e-07,6.55152501089e-05,2.32262340119e-08
93.3,1.31507249723e-07,6.54737293208e-05,2.30181474266e-08
93.35,1.30263829548e-07,6.54322852254e-05,2.28119223536e-08
93.4,1.29032133866e-07,6.539100344e-05,2.26075222978e-08
93.45,1.27812052462e-07,6.53497883629e-05,2.24049553422e-08
93.5,1.26603476153e-07,6.53086396049e-05,2.22041812603e-08
93.55,1.25406296779e-07,6.52675567795e-05,2.20052307025e-08
93.6,1.24220407193e-07,6.52265395023e-05,2.18080697299e-08
93.65,1.23045701252e-07,6.51855873918e-05,2.161269752e-08
93.7,1.21882073808e-07,6.51447000686e-05,2.14190541565e-08
93.75,1.20729420699e-07,6.51038771564e-05,2.12271795799e-08
93.8,1.19587638736e-07,6.5063185075e-05,2.10370027603e-08
93.85,1.18457217693e-07,6.50226002857e-05,2.08485272349e-08
93.9,1.17337452534e-07,6.49820791619e-05,2.06617196497e-08
93.95,1.16228243122e-07,6.49416213334e-05,2.04765873918e-08
94.0,1.15129490256e-07,6.49012264327e-05,2.02930936972e-08
94.05,1.14041095666e-07,6.48608940944e-05,2.01112665781e-08
94.1,1.12962962003e-07,6.48206239557e-05,1.99310750167e-08
94.15,1.11894992827e-07,6.4780415656e-05,1.97525182614e-08
94.2,1.10837092603e-07,6.47402688372e-05,1.95755415527e-08
94.25,1.09789166691e-07,6.47001831438e-05,1.94001813934e-08
94.3,1.08751121338e-07,6.46601582221e-05,1.92263728673e-08
94.35,1.07722863667e-07,6.46201937216e-05,1.9054119207e-08
94.4,1.06704301673e-07,6.45802892934e-05,1.88833899292e-08
94.45,1.05695344212e-07,6.45404445916e-05,1.87141917853e-08
94.5,1.04695900994e-07,6.45006592722e-05,1.85464911755e-08
94.55,1.03705882575e-07,6.44611026799e-05,1.8380313701e-08
94.6,1.0272520035e-07,6.4421639872e-05,1.82156310138e-08
94.65,1.01753766543e-07,6.43822355572e-05,1.80524424267e-08
94.7,1.007914942e-07,6.43428893952e-05,1.78906978935e-08
94.75,9.98382971823e-08,6.43036010486e-05,1.77304307753e-08
94.8,9.88940901591e-08,6.42643701818e-05,1.75715817429e-08
94.85,9.79592781527e-08,6.42251964617e-05,1.6036498746e-08
94.9,9.70332781267e-08,6.41861712414e-05,1.57395759533e-08
94.95,9.61160072716e-08,6.41472256322e-05,1.55985423039e-08
95.0,9.52073835534e-08,6.41083363299e-05,1.54587569613e-08
95.05,9.43073257062e-08,6.40695030095e-05,1.39421698701e-08
95.1,9.34157532256e-08,6.40307357495e-05,1.36639742826e-08
95.15,9.25325863607e-08,6.39920248062e-05,1.35415638157e-08
95.2,9.16577461079e-08,6.39533686874e-05,1.3420236545e-08
95.25,9.07911542036e-08,6.39147670793e-05,1.33000250214e-08
95.3,8.9932733117e-08,6.38762524544e-05,1.31808770656e-08
95.35,8.90824060438e-08,6.38378672113e-05,1.30627834141e-08
95.4,8.82400968992e-08,6.37995359081e-05,1.29457348821e-08
95.45,8.7405730311e-08,6.37612582359e-05,1.28297390964e-08
95.5,8.65792316132e-08,6.37230338879e-05,1.27147699625e-08
95.55,8.57605268393e-08,6.36848625592e-05,1.26008368237e-08
95.6,8.49495427159e-08,6.36467439471e-05,1.24879322113e-08
95.65,8.41462066558e-08,6.36086777508e-05,9.62335994432e-09
95.7,8.33504467523e-08,6.35706843125e-05,9.230966375e-09
95.75,8.25621917723e-08,6.35327446364e-05,9.14827914256e-09
95.8,8.17813711501e-08,6.34948560984e-05,9.06632349425e-09
95.85,8.10083198228e-08,6.34570184106e-05,8.98509305782e-09
95.9,8.02425556433e-08,6.34192312889e-05,8.90458151524e-09
95.95,7.94840101314e-08,6.33814944492e-05,7.44845732027e-09
96.0,7.87326154483e-08,6.33438178965e-05,7.22862625669e-09
96.05,7.79883043905e-08,6.33061920311e-05,7.16385426364e-09
96.1,7.72510103841e-08,6.32686154138e-05,7.09967390796e-09
96.15,7.65206674784e-08,6.32310877704e-05,7.03606149951e-09
96.2,7.57972103406e-08,6.31936088286e-05,6.97301209019e-09
96.25,7.50805742499e-08,6.31561783179e-05,6.91055584502e-09
96.3,7.43706950916e-08,6.31187959693e-05,6.8486521312e-09
96.35,7.36675093516e-08,6.3081461516e-05,6.7872961367e-09
96.4,7.29709541108e-08,6.30442238049e-05,6.72648309055e-09
96.45,7.22809670397e-08,6.30070857919e-05,6.66620826249e-09
96.5,7.15974863923e-08,6.29699952192e-05,6.6064669625e-09
96.55,7.09204510016e-08,6.29329518235e-05,5.17234659376e-09
96.6,7.02498002732e-08,6.28959655539e-05,4.97308155349e-09
96.65,6.95854741807e-08,6.28590269007e-05,4.92851902901e-09
96.7,6.89274132601e-08,6.28221344539e-05,4.88435094946e-09
96.75,6.82755586045e-08,6.27852879596e-05,3.46282712952e-09
96.8,6.76298518589e-08,6.27484973754e-05,3.27856842975e-09
96.85,6.69905700029e-08,6.27119749639e-05,3.24919699612e-09
96.9,6.63573143202e-08,6.26755607815e-05,3.22008546647e-09
96.95,6.57300281806e-08,6.2639191876e-05,3.19123157657e-09
97.0,6.51086554842e-08,6.26028679966e-05,3.1626330815e-09
97.05,6.44931406565e-08,6.25665888937e-05,3.13428775537e-09
97.1,6.38834286435e-08,6.25303543197e-05,1.72833772553e-09
97.15,6.32794649067e-08,6.24941740876e-05,1.55959707352e-09
97.2,6.26811954186e-08,6.24580388398e-05,1.54561673754e-09
97.25,6.20885666577e-08,6.24219471982e-05,1.54561673598e-10
97.3,6.15015256037e-08,6.23859089625e-05,0.0
97.35,6.09200197331e-08,6.23499148011e-05,0.0
97.4,6.03439970145e-08,6.23139633453e-05,0.0
97.45,5.97734059037e-08,6.22780543635e-05,0.0
97.5,5.92081953395e-08,6.22421876255e-05,0.0
97.55,5.86483147391e-08,6.22063629025e-05,0.0
97.6,5.80937139936e-08,6.21705799674e-05,0.0
97.65,5.75443434635e-08,6.21348385944e-05,0.0
97.7,5.70001539745e-08,6.20991385594e-05,0.0
97.75,5.6461096813e-08,6.20634796394e-05,0.0
97.8,5.5927123722e-08,6.20278616132e-05,0.0
97.85,5.5398463752e-08,6.1992284261e-05,0.0
97.9,5.4874787181e-08,6.19567654628e-05,0.0
97.95,5.43560471783e-08,6.1921368383e-05,0.0
98.0,5.38421973514e-08,6.1886011654e-05,0.0
98.05,5.33331917426e-08,6.18506950582e-05,0.0
98.1,5.28289848243e-08,6.181541838e-05,0.0
98.15,5.23295314956e-08,6.17801814048e-05,0.0
98.2,5.18347870779e-08,6.17449839196e-05,0.0
98.25,5.1344707311e-08,6.17098257127e-05,0.0
98.3,5.08592483494e-08,6.16747065739e-05,0.0
98.35,5.03783667583e-08,6.16396990678e-05,0.0
98.4,4.99020195098e-08,6.16047620859e-05,0.0
98.45,4.9430163979e-08,6.15698638907e-05,0.0
98.5,4.89627579403e-08,6.15350042742e-05,0.0
98.55,4.84997595639e-08,6.15001830297e-05,0.0
98.6,4.80411274117e-08,6.1465399952e-05,0.0
98.65,4.75868204339e-08,6.14306548371e-05,0.0
98.7,4.71367979654e-08,6.13959474826e-05,0.0
98.75,4.6691019722e-08,6.13612776871e-05,0.0
98.8,4.62494457971e-08,6.13266452508e-05,0.0
98.85,4.58122656061e-08,6.12920499751e-05,0.0
98.9,4.53792064826e-08,6.12574916636e-05,0.0
98.95,4.49502296992e-08,6.12229701203e-05,0.0
99.0,4.45252968914e-08,6.11884851505e-05,0.0
99.05,4.41043700539e-08,6.11540365609e-05,0.0
99.1,4.36874115374e-08,6.11196241593e-05,0.0
99.15,4.32743840453e-08,6.10852477549e-05,0.0
99.2,4.28652506301e-08,6.1050907158e-05,0.0
99.25,4.24599746905e-08,6.10166021805e-05,0.0
99.3,4.2058519968e-08,6.09823326351e-05,0.0
99.35,4.16608505439e-08,6.09480983361e-05,0.0
99.4,2.48590993647e-08,6.09139077603e-05,0.0
99.45,0.0,6.08799245781e-05,0.0
99.5,0.0,6.08458987561e-05,0.0
99.55,0.0,6.08119105747e-05,0.0
99.6,0.0,6.07779598129e-05,0.0
99.65,0.0,6.07440462513e-05,0.0
99.7,0.0,6.07101696719e-05,0.0
99.75,0.0,6.06763298586e-05,0.0
99.8,0.0,6.06425265969e-05,0.0
99.85,0.0,6.06088001147e-05,0.0
99.9,0.0,6.05751720936e-05,0.0
99.95,0.0,6.05415803213e-05,0.0
100.0,0.0,6.05080245867e-05,0.0
