"time","AMPA","NMDA","GABAa"
0.0,0.0,0.0,0.0
0.05,0.0,0.0,0.0
0.1,0.0,0.0,0.0
0.15,0.0,0.0,0.0
0.2,0.0,0.0,0.0
0.25,0.0,0.0,0.0
0.3,0.0,0.0,0.0
0.35,0.0,0.0,0.0
0.4,0.0,0.0,0.0
0.45,0.0,0.0,0.0
0.5,0.0,0.0,0.0
0.55,0.0,0.0,0.0
0.6,0.0,0.0,0.0
0.65,0.0,0.0,0.0
0.7,0.0,0.0,0.0
0.75,0.0,0.0,0.0
0.8,0.0,0.0,0.0
0.85,0.0,0.0,0.0
0.9,0.0,0.0,0.0
0.95,0.0,0.0,0.0
1.0,0.0,0.0,0.0
1.05,0.0,0.0,0.0
1.1,0.0,0.0,0.0
1.15,0.0,0.0,0.0
1.2,0.0,0.0,0.0
1.25,0.0,0.0,0.0
1.3,0.0,0.0,0.0
1.35,0.0,0.0,0.0
1.4,0.0,0.0,0.0
1.45,0.0,0.0,0.0
1.5,0.0,0.0,0.0
1.55,0.0,0.0,0.0
1.6,0.0,0.0,0.0
1.65,0.0,0.0,0.0
1.7,0.0,0.0,0.0
1.75,0.0,0.0,0.0
1.8,0.0,0.0,0.0
1.85,0.0,0.0,0.0
1.9,0.0,0.0,0.0
1.95,0.0,0.0,0.0
2.0,0.0,0.0,0.0
2.05,0.0,0.0,0.0
2.1,0.0,0.0,0.0
2.15,0.0,0.0,0.0
2.2,0.0,0.0,0.0
2.25,0.0,0.0,0.0
2.3,0.0,0.0,0.0
2.35,0.0,0.0,0.0
2.4,0.0,0.0,0.0
2.45,0.0,0.0,0.0
2.5,0.0,0.0,0.0
2.55,0.0,0.0,0.0
2.6,0.0,0.0,0.0
2.65,0.0,0.0,0.0
2.7,0.0,0.0,0.0
2.75,0.0,0.0,0.0
2.8,0.0,0.0,0.0
2.85,0.0,0.0,0.0
2.9,0.0,0.0,0.0
2.95,0.0,0.0,0.0
3.0,0.0,0.0,0.0
3.05,0.0,0.0,0.0
3.1,0.0,0.0,0.0
3.15,0.0,0.0,0.0
3.2,0.0,0.0,0.0
3.25,0.0,0.0,0.0
3.3,0.0,0.0,0.0
3.35,0.0,0.0,0.0
3.4,0.0,0.0,0.0
3.45,0.0,0.0,0.0
3.5,0.0,0.0,0.0
3.55,0.0,0.0,0.0
3.6,0.0,0.0,0.0
3.65,0.0,0.0,0.0
3.7,0.0,0.0,0.0
3.75,0.0,0.0,0.0
3.8,0.0,0.0,0.0
3.85,0.0,0.0,0.0
3.9,0.0,0.0,0.0
3.95,0.0,0.0,0.0
4.0,0.0,0.0,0.0
4.05,0.0,0.0,0.0
4.1,0.0,0.0,0.0
4.15,0.0,0.0,0.0
4.2,0.0,0.0,0.0
4.25,0.0,0.0,0.0
4.3,0.0,0.0,0.0
4.35,0.0,0.0,0.0
4.4,0.0,0.0,0.0
4.45,0.0,0.0,0.0
4.5,0.0,0.0,0.0
4.55,0.0,0.0,0.0
4.6,0.0,0.0,0.0
4.65,0.0,0.0,0.0
4.7,0.0,0.0,0.0
4.75,0.0,0.0,0.0
4.8,0.0,0.0,0.0
4.85,0.0,0.0,0.0
4.9,0.0,0.0,0.0
4.95,0.0,0.0,0.0
5.0,0.0,0.0,0.0
5.05,0.0,0.0,0.0
5.1,0.0,0.0,0.0
5.15,0.0,0.0,0.0
5.2,0.0,0.0,0.0
5.25,0.0,0.0,0.0
5.3,0.0,0.0,0.0
5.35,0.0,0.0,0.0
5.4,0.0,0.0,0.0
5.45,0.0,0.0,0.0
5.5,0.0,0.0,0.0
5.55,0.0,0.0,0.0
5.6,0.0,0.0,0.0
5.65,0.0,0.0,0.0
5.7,0.0,0.0,0.0
5.75,0.0,0.0,0.0
5.8,0.0,0.0,0.0
5.85,0.0,0.0,0.0
5.9,0.0,0.0,0.0
5.95,0.0,0.0,0.0
6.0,0.0,0.0,0.0
6.05,0.0,0.0,0.0
6.1,0.0,0.0,0.0
6.15,0.0,0.0,0.0
6.2,0.0,0.0,0.0
6.25,0.0,0.0,0.0
6.3,0.0,0.0,0.0
6.35,0.0,0.0,0.0
6.4,0.0,0.0,0.0
6.45,0.0,0.0,0.0
6.5,0.0,0.0,0.0
6.55,0.0,0.0,0.0
6.6,0.0,0.0,0.0
6.65,0.0,0.0,0.0
6.7,0.0,0.0,0.0
6.75,0.0,0.0,0.0
6.8,0.0,0.0,0.0
6.85,0.0,0.0,0.0
6.9,0.0,0.0,0.0
6.95,0.0,0.0,0.0
7.0,0.0,0.0,0.0
7.05,0.0,0.0,0.0
7.1,0.0,0.0,0.0
7.15,0.0,0.0,0.0
7.2,0.0,0.0,0.0
7.25,0.0,0.0,0.0
7.3,0.0,0.0,0.0
7.35,0.0,0.0,0.0
7.4,0.0,0.0,0.0
7.45,0.0,0.0,0.0
7.5,0.0,0.0,0.0
7.55,0.0,0.0,0.0
7.6,0.0,0.0,0.0
7.65,0.0,0.0,0.0
7.7,0.0,0.0,0.0
7.75,0.0,0.0,0.0
7.8,0.0,0.0,0.0
7.85,0.0,0.0,0.0
7.9,0.0,0.0,0.0
7.95,0.0,0.0,0.0
8.0,0.0,0.0,0.0
8.05,0.0,0.0,0.0
8.1,0.0,0.0,0.0
8.15,0.0,0.0,0.0
8.2,0.0,0.0,0.0
8.25,0.0,0.0,0.0
8.3,0.0,0.0,0.0
8.35,0.0,0.0,0.0
8.4,0.0,0.0,0.0
8.45,0.0,0.0,0.0
8.5,0.0,0.0,0.0
8.55,0.0,0.0,0.0
8.6,0.0,0.0,0.0
8.65,0.0,0.0,0.0
8.7,0.0,0.0,0.0
8.75,0.0,0.0,0.0
8.8,0.0,0.0,0.0
8.85,0.0,0.0,0.0
8.9,0.0,0.0,0.0
8.95,0.0,0.0,0.0
9.0,0.0,0.0,0.0
9.05,0.0,0.0,0.0
9.1,0.0,0.0,0.0
9.15,0.0,0.0,0.0
9.2,0.0,0.0,0.0
9.25,0.0,0.0,0.0
9.3,0.0,0.0,0.0
9.35,0.0,0.0,0.0
9.4,0.0,0.0,0.0
9.45,0.0,0.0,0.0
9.5,0.0,0.0,0.0
9.55,0.0,0.0,0.0
9.6,0.0,0.0,0.0
9.65,0.0,0.0,0.0
9.7,0.0,0.0,0.0
9.75,0.0,0.0,0.0
9.8,0.0,0.0,0.0
9.85,0.0,0.0,0.0
9.9,0.0,0.0,0.0
9.95,0.0,0.0,0.0
10.0,0.0,0.0,0.0
10.05,0.0,0.0,0.0
10.1,0.0,0.0,0.0
10.15,0.0,0.0,0.0
10.2,0.0,0.0,0.0
10.25,0.0,0.0,0.0
10.3,0.0,0.0,0.0
10.35,0.0,0.0,0.0
10.4,0.0,0.0,0.0
10.45,0.0,0.0,0.0
10.5,0.0,0.0,0.0
10.55,0.0,0.0,0.0
10.6,0.0,0.0,0.0
10.65,0.0,0.0,0.0
10.7,0.0,0.0,0.0
10.75,0.0,0.0,0.0
10.8,0.0,0.0,0.0
10.85,0.0,0.0,0.0
10.9,0.0,0.0,0.0
10.95,0.0,0.0,0.0
11.0,0.0,0.0,0.0
11.05,0.0,0.0,0.0
11.1,0.0,0.0,0.0
11.15,0.0,0.0,0.0
11.2,0.0,0.0,0.0
11.25,0.0,0.0,0.0
11.3,0.0,0.0,0.0
11.35,0.0,0.0,0.0
11.4,0.0,0.0,0.0
11.45,0.0,0.0,0.0
11.5,0.0,0.0,0.0
11.55,0.0,0.0,0.0
11.6,0.0,0.0,0.0
11.65,0.0,0.0,0.0
11.7,0.0,0.0,0.0
11.75,0.0,0.0,0.0
11.8,0.0,0.0,0.0
11.85,0.0,0.0,0.0
11.9,0.0,0.0,0.0
11.95,0.0,0.0,0.0
12.0,0.0,0.0,0.0
12.05,0.0,0.0,0.0
12.1,0.0,0.0,0.0
12.15,0.0,0.0,0.0
12.2,0.0,0.0,0.0
12.25,0.0,0.0,0.0
12.3,0.0,0.0,0.0
12.35,0.0,0.0,0.0
12.4,0.0,0.0,0.0
12.45,0.0,0.0,0.0
12.5,0.0,0.0,0.0
12.55,0.0,0.0,0.0
12.6,0.0,0.0,0.0
12.65,0.0,0.0,0.0
12.7,0.0,0.0,0.0
12.75,0.0,0.0,0.0
12.8,0.0,0.0,0.0
12.85,0.0,0.0,0.0
12.9,0.0,0.0,0.0
12.95,0.0,0.0,0.0
13.0,0.0,0.0,0.0
13.05,0.0,0.0,0.0
13.1,0.0,0.0,0.0
13.15,0.0,0.0,0.0
13.2,0.0,0.0,0.0
13.25,0.0,0.0,0.0
13.3,0.0,0.0,0.0
13.35,0.0,0.0,0.0
13.4,0.0,0.0,0.0
13.45,0.0,0.0,0.0
13.5,0.0,0.0,0.0
13.55,0.0,0.0,0.0
13.6,0.0,0.0,0.0
13.65,0.0,0.0,0.0
13.7,0.0,0.0,0.0
13.75,0.0,0.0,0.0
13.8,0.0,0.0,0.0
13.85,0.0,0.0,0.0
13.9,0.0,0.0,0.0
13.95,0.0,0.0,0.0
14.0,0.0,0.0,0.0
14.05,0.0,0.0,0.0
14.1,0.0,0.0,0.0
14.15,0.0,0.0,0.0
14.2,0.0,0.0,0.0
14.25,0.0,0.0,0.0
14.3,0.0,0.0,0.0
14.35,0.0,0.0,0.0
14.4,0.0,0.0,0.0
14.45,0.0,0.0,0.0
14.5,0.0,0.0,0.0
14.55,0.0,0.0,0.0
14.6,0.0,0.0,0.0
14.65,0.0,0.0,0.0
14.7,0.0,0.0,0.0
14.75,0.0,0.0,0.0
14.8,0.0,0.0,0.0
14.85,0.0,0.0,0.0
14.9,0.0,0.0,0.0
14.95,0.0,0.0,0.0
15.0,0.0,0.0,0.0
15.05,0.0,0.0,0.0
15.1,0.0,0.0,0.0
15.15,0.0,0.0,0.0
15.2,0.0,0.0,0.0
15.25,0.0,0.0,0.0
15.3,0.0,0.0,0.0
15.35,0.0,0.0,0.0
15.4,0.0,0.0,0.0
15.45,0.0,0.0,0.0
15.5,0.0,0.0,0.0
15.55,0.0,0.0,0.0
15.6,0.0,0.0,0.0
15.65,0.0,0.0,0.0
15.7,0.0,0.0,0.0
15.75,0.0,0.0,0.0
15.8,0.0,0.0,0.0
15.85,0.0,0.0,0.0
15.9,0.0,0.0,0.0
15.95,0.0,0.0,0.0
16.0,0.0,0.0,0.0
16.05,0.0,0.0,0.0
16.1,0.0,0.0,0.0
16.15,0.0,0.0,0.0
16.2,0.0,0.0,0.0
16.25,0.0,0.0,0.0
16.3,0.0,0.0,0.0
16.35,0.0,0.0,0.0
16.4,0.0,0.0,0.0
16.45,0.0,0.0,0.0
16.5,0.0,0.0,0.0
16.55,0.0,0.0,0.0
16.6,0.0,0.0,0.0
16.65,0.0,0.0,0.0
16.7,0.0,0.0,0.0
16.75,0.0,0.0,0.0
16.8,0.0,0.0,0.0
16.85,0.0,0.0,0.0
16.9,0.0,0.0,0.0
16.95,0.0,0.0,0.0
17.0,0.0,0.0,0.0
17.05,0.0,0.0,0.0
17.1,0.0,0.0,0.0
17.15,0.0,0.0,0.0
17.2,0.0,0.0,0.0
17.25,0.0,0.0,0.0
17.3,0.0,0.0,0.0
17.35,0.0,0.0,0.0
17.4,0.0,0.0,0.0
17.45,0.0,0.0,0.0
17.5,0.0,0.0,0.0
17.55,0.0,0.0,0.0
17.6,0.0,0.0,0.0
17.65,0.0,0.0,0.0
17.7,0.0,0.0,0.0
17.75,0.0,0.0,0.0
17.8,0.0,0.0,0.0
17.85,0.0,0.0,0.0
17.9,0.0,0.0,0.0
17.95,0.0,0.0,0.0
18.0,0.0,0.0,0.0
18.05,0.0,0.0,0.0
18.1,0.0,0.0,0.0
18.15,0.0,0.0,0.0
18.2,0.0,0.0,0.0
18.25,0.0,0.0,0.0
18.3,0.0,0.0,0.0
18.35,0.0,0.0,0.0
18.4,0.0,0.0,0.0
18.45,0.0,0.0,0.0
18.5,0.0,0.0,0.0
18.55,0.0,0.0,0.0
18.6,0.0,0.0,0.0
18.65,0.0,0.0,0.0
18.7,0.0,0.0,0.0
18.75,0.0,0.0,0.0
18.8,0.0,0.0,0.0
18.85,0.0,0.0,0.0
18.9,0.0,0.0,0.0
18.95,0.0,0.0,0.0
19.0,0.0,0.0,0.0
19.05,0.0,0.0,0.0
19.1,0.0,0.0,0.0
19.15,0.0,0.0,0.0
19.2,0.0,0.0,0.0
19.25,0.0,0.0,0.0
19.3,0.0,0.0,0.0
19.35,0.0,0.0,0.0
19.4,0.0,0.0,0.0
19.45,0.0,0.0,0.0
19.5,0.0,0.0,0.0
19.55,0.0,0.0,0.0
19.6,0.0,0.0,0.0
19.65,0.0,0.0,0.0
19.7,0.0,0.0,0.0
19.75,0.0,0.0,0.0
19.8,0.0,0.0,0.0
19.85,0.0,0.0,0.0
19.9,0.0,0.0,0.0
19.95,0.0,0.0,0.0
20.0,0.0,0.0,0.0
20.05,0.0,0.0,0.0
20.1,0.0,0.0,0.0
20.15,0.0,0.0,0.0
20.2,0.0,0.0,0.0
20.25,0.0,0.0,0.0
20.3,0.0,0.0,0.0
20.35,0.0,0.0,0.0
20.4,0.0,0.0,0.0
20.45,0.0,0.0,0.0
20.5,0.0,0.0,0.0
20.55,0.0,0.0,0.0
20.6,0.0,0.0,0.0
20.65,0.0,0.0,0.0
20.7,0.0,0.0,0.0
20.75,0.0,0.0,0.0
20.8,0.0,0.0,0.0
20.85,0.0,0.0,0.0
20.9,0.0,0.0,0.0
20.95,0.0,0.0,0.0
21.0,0.0,0.0,0.0
21.05,0.0,0.0,0.0
21.1,0.0,0.0,0.0
21.15,0.0,0.0,0.0
21.2,0.0,0.0,0.0
21.25,0.0,0.0,0.0
21.3,0.0,0.0,0.0
21.35,0.0,0.0,0.0
21.4,0.0,0.0,0.0
21.45,0.0,0.0,0.0
21.5,0.0,0.0,0.0
21.55,0.0,0.0,0.0
21.6,0.0,0.0,0.0
21.65,0.0,0.0,0.0
21.7,0.0,0.0,0.0
21.75,0.0,0.0,0.0
21.8,0.0,0.0,0.0
21.85,0.0,0.0,0.0
21.9,0.0,0.0,0.0
21.95,0.0,0.0,0.0
22.0,0.0,0.0,0.0
22.05,0.0,0.0,0.0
22.1,0.0,0.0,0.0
22.15,0.0,0.0,0.0
22.2,0.0,0.0,0.0
22.25,0.0,0.0,0.0
22.3,0.0,0.0,0.0
22.35,0.0,0.0,0.0
22.4,0.0,0.0,0.0
22.45,0.0,0.0,0.0
22.5,0.0,0.0,0.0
22.55,0.0,0.0,0.0
22.6,0.0,0.0,0.0
22.65,0.0,0.0,0.0
22.7,0.0,0.0,0.0
22.75,0.0,0.0,0.0
22.8,0.0,0.0,0.0
22.85,0.0,0.0,0.0
22.9,0.0,0.0,0.0
22.95,0.0,0.0,0.0
23.0,0.0,0.0,0.0
23.05,0.0,0.0,0.0
23.1,0.0,0.0,0.0
23.15,0.0,0.0,0.0
23.2,0.0,0.0,0.0
23.25,0.0,0.0,0.0
23.3,0.0,0.0,0.0
23.35,0.0,0.0,0.0
23.4,0.0,0.0,0.0
23.45,0.0,0.0,0.0
23.5,0.0,0.0,0.0
23.55,0.0,0.0,0.0
23.6,0.0,0.0,0.0
23.65,0.0,0.0,0.0
23.7,0.0,0.0,0.0
23.75,0.0,0.0,0.0
23.8,0.0,0.0,0.0
23.85,0.0,0.0,0.0
23.9,0.0,0.0,0.0
23.95,0.0,0.0,0.0
24.0,0.0,0.0,0.0
24.05,0.0,0.0,0.0
24.1,0.0,0.0,0.0
24.15,0.0,0.0,0.0
24.2,0.0,0.0,0.0
24.25,0.0,0.0,0.0
24.3,0.0,0.0,0.0
24.35,0.0,0.0,0.0
24.4,0.0,0.0,0.0
24.45,0.0,0.0,0.0
24.5,0.0,0.0,0.0
24.55,0.0,0.0,0.0
24.6,0.0,0.0,0.0
24.65,0.0,0.0,0.0
24.7,0.0,0.0,0.0
24.75,0.0,0.0,0.0
24.8,0.0,0.0,0.0
24.85,0.0,0.0,0.0
24.9,0.0,0.0,0.0
24.95,0.0,0.0,0.0
25.0,0.0,0.0,0.0
25.05,0.0,0.0,0.0
25.1,0.0,0.0,0.0
25.15,0.0,0.0,0.0
25.2,0.0,0.0,0.0
25.25,0.0,0.0,0.0
25.3,0.0,0.0,0.0
25.35,0.0,0.0,0.0
25.4,0.0,0.0,0.0
25.45,0.0,0.0,0.0
25.5,0.0,0.0,0.0
25.55,0.0,0.0,0.0
25.6,0.0,0.0,0.0
25.65,0.0,0.0,0.0
25.7,0.0,0.0,0.0
25.75,0.0,0.0,0.0
25.8,0.0,0.0,0.0
25.85,0.0,0.0,0.0
25.9,0.0,0.0,0.0
25.95,0.0,0.0,0.0
26.0,0.0,0.0,0.0
26.05,0.0,0.0,0.0
26.1,0.0,0.0,0.0
26.15,0.0,0.0,0.0
26.2,0.0,0.0,0.0
26.25,0.0,0.0,0.0
26.3,0.0,0.0,0.0
26.35,0.0,0.0,0.0
26.4,0.0,0.0,8.57154836332e-17
26.45,0.0,0.0,0.000115829952449
26.5,0.0,0.0,0.000205079946154
26.55,0.0,0.0,0.000273680107722
26.6,0.0,0.0,0.000326276173331
26.65,0.0,0.0,0.000481660453437
26.7,0.0,0.0,0.000600315490827
26.75,0.0,0.0,0.000690449587786
26.8,0.0,0.0,0.000872434398479
26.85,0.0,0.0,0.00100973337369
26.9,0.0,0.0,0.00111239292309
26.95,0.0,0.0,0.0011883113008
27.0,0.0,0.0,0.00124365608934
27.05,0.0,0.0,0.00128321768023
27.1,0.0,0.0,0.00131070253643
27.15,0.0,0.0,0.00132896962263
27.2,0.0,0.0,0.00134021995381
27.25,0.0,0.0,0.00134614414582
27.3,0.0,0.0,0.00134803894051
27.35,0.0,0.0,0.00134689862657
27.4,0.0,0.0,0.00134272473206
27.45,0.0,0.0,0.00143630771529
27.5,0.0,0.0,0.00150282220743
27.55,0.0,0.0,0.0016500704176
27.6,0.0,0.0,0.00175470846501
27.65,0.0,0.0,0.00182355989877
27.7,0.0,0.0,0.00186824415648
27.75,0.0,0.0,0.00199094848775
27.8,0.0,0.0,0.00207066844193
27.85,0.0,0.0,0.00212073080706
27.9,0.0,0.0,0.00224165967617
27.95,0.0,0.0,0.00241249372259
28.0,0.0,0.0,0.00252635871091
28.05,0.0,0.0,0.00259701933073
28.1,0.0,0.0,0.00263520149557
28.15,0.0,0.0,0.00264918841717
28.2,0.0,0.0,0.00264532245007
28.25,0.0,0.0,0.00262843930601
28.3,0.0,0.0,0.00260221000045
28.35,0.0,0.0,0.00264896079235
28.4,0.0,0.0,0.00266803782866
28.45,0.0,0.0,0.00266429079246
28.5,0.0,0.0,0.00272079216657
28.55,0.0,0.0,0.00274276026747
28.6,0.0,0.0,0.00274160998423
28.65,0.0,0.0,0.00272370077116
28.7,0.0,0.0,0.00269334368834
28.75,0.0,0.0,0.00265218395523
28.8,0.0,0.0,0.00260574304832
28.85,0.0,0.0,0.00255553048481
28.9,0.0,0.0,0.00250068265965
28.95,0.0,0.0,0.00244307623409
29.0,0.0,0.0,0.00238602096092
29.05,0.0,0.0,0.00233000737203
29.1,0.0,0.0,0.00227536827454
29.15,0.0,0.0,0.00222232785452
29.2,0.0,0.0,0.00217102285824
29.25,0.0,0.0,0.00212153302436
29.3,0.0,0.0,0.00207348959538
29.35,0.0,0.0,0.00202529627925
29.4,0.0,0.0,0.0019791503149
29.45,0.0,0.0,0.00193460149254
29.5,0.0,0.0,0.00189004086685
29.55,0.0,0.0,0.0018475064672
29.6,0.0,0.0,0.00180688794674
29.65,0.0,0.0,0.00176808470189
29.7,0.0,0.0,0.00173099891639
29.75,0.0,0.0,0.00169554164539
29.8,0.0,0.0,0.00166289864534
29.85,0.0,0.0,0.00164713868966
29.9,0.0,0.0,0.00162851396701
29.95,0.0,0.0,0.00160798490516
30.0,0.0,0.0,0.00158626510431
30.05,0.0,0.0,0.00156388714412
30.1,0.0,0.0,0.00154124308761
30.15,0.0,0.0,0.00151862104371
30.2,0.0,0.0,0.00149622934877
30.25,0.0,0.0,0.00147649937943
30.3,0.0,0.0,0.00148699205311
30.35,0.0,0.0,0.00149108362895
30.4,0.0,0.0,0.00150564229508
30.45,0.0,0.0,0.0015118299837
30.5,0.0,0.0,0.00151179866063
30.55,0.0,0.0,0.00150719665737
30.6,0.0,0.0,0.00149928063664
30.65,0.0,0.0,0.00148900693217
30.7,0.0,0.0,0.00147709989421
30.75,0.0,0.0,0.00146517405404
30.8,0.0,0.0,0.00146582011005
30.85,0.0,0.0,0.00146093800054
30.9,0.0,0.0,0.00145325127701
30.95,0.0,0.0,0.00144357744129
31.0,0.0,0.0,0.00143253563678
31.05,0.0,0.0,0.00142059152584
31.1,0.0,0.0,0.00140809583364
31.15,0.0,0.0,0.00139531051834
31.2,0.0,0.0,0.00138242991023
31.25,0.0,0.0,0.00137037922871
31.3,0.0,0.0,0.00136873816558
31.35,0.0,0.0,0.00136387982386
31.4,0.0,0.0,0.00135533367946
31.45,0.0,0.0,0.00134528042537
31.5,0.0,0.0,0.00133421061517
31.55,0.0,0.0,0.00132249228347
31.6,0.0,0.0,0.00131040188753
31.65,0.0,0.0,0.00129814510799
31.7,0.0,0.0,0.00128587371766
31.75,0.0,0.0,0.00127361178594
31.8,0.0,0.0,0.00126013850342
31.85,0.0,0.0,0.00124697243517
31.9,0.0,0.0,0.00123414314138
31.95,0.0,0.0,0.00122166840698
32.0,0.0,0.0,0.0012095576012
32.05,0.0,0.0,0.00119781235777
32.1,0.0,0.0,0.00118727496672
32.15,0.0,0.0,0.00119107497831
32.2,0.0,0.0,0.00119163376915
32.25,0.0,0.0,0.00118968897605
32.3,0.0,0.0,0.00118460969862
32.35,0.0,0.0,0.00117830414629
32.4,0.0,0.0,0.00117113645427
32.45,0.0,0.0,0.0011633823876
32.5,0.0,0.0,0.00115525082557
32.55,0.0,0.0,0.00114689795331
32.6,0.0,0.0,0.00113844125501
32.65,0.0,0.0,0.00112996787858
32.7,0.0,0.0,0.00112154192416
32.75,0.0,0.0,0.00111321053695
32.8,0.0,0.0,0.001105010921
32.85,0.0,0.0,0.00109696180138
32.9,0.0,0.0,0.00108907839711
32.95,0.0,0.0,0.00108136961615
33.0,0.0,0.0,0.00107384054377
33.05,0.0,0.0,0.00106721370633
33.1,0.0,0.0,0.00107735994919
33.15,0.0,0.0,0.00108216697557
33.2,0.0,0.0,0.00108399877474
33.25,0.0,0.0,0.00108358865619
33.3,0.0,0.0,0.0010815051009
33.35,0.0,0.0,0.00107817844275
33.4,0.0,0.0,0.00107394173659
33.45,0.0,0.0,0.00106904939039
33.5,0.0,0.0,0.00106428009158
33.55,0.0,0.0,0.00107958199685
33.6,0.0,0.0,0.00108960269597
33.65,0.0,0.0,0.00109559296618
33.7,0.0,0.0,0.00109852022239
33.75,0.0,0.0,0.00109913356515
33.8,0.0,0.0,0.00109801487472
33.85,0.0,0.0,0.00109560516951
33.9,0.0,0.0,0.00109224575835
33.95,0.0,0.0,0.00108819767604
34.0,0.0,0.0,0.0010836600791
34.05,0.0,0.0,0.0010786623044
34.1,0.0,0.0,0.00107208812501
34.15,0.0,0.0,0.00106544456998
34.2,0.0,0.0,0.00105969103446
34.25,0.0,0.0,0.00106645338208
34.3,0.0,0.0,0.00107015856554
34.35,0.0,0.0,0.0010715432592
34.4,0.0,0.0,0.00107117811577
34.45,0.0,0.0,0.0010695025065
34.5,0.0,0.0,0.00106670394606
34.55,0.0,0.0,0.00106183617759
34.6,0.0,0.0,0.00105730857633
34.65,0.0,0.0,0.00106814566196
34.7,0.0,0.0,0.00107488182489
34.75,0.0,0.0,0.00107849465042
34.8,0.0,0.0,0.00107974344366
34.85,0.0,0.0,0.00107921032322
34.9,0.0,0.0,0.00107734444642
34.95,0.0,0.0,0.00107449221962
35.0,0.0,0.0,0.00107091844611
35.05,0.0,0.0,0.00106682766853
35.1,0.0,0.0,0.00106237483103
35.15,0.0,0.0,0.00105767775684
35.2,0.0,0.0,0.00105273272667
35.25,0.0,0.0,0.00104631511983
35.3,0.0,0.0,0.00104073985505
35.35,0.0,0.0,0.00105028082536
35.4,0.0,0.0,0.00105615263859
35.45,0.0,0.0,0.00105922954344
35.5,0.0,0.0,0.00106151553599
35.55,0.0,0.0,0.00110102267471
35.6,0.0,0.0,0.0011548020414
35.65,0.0,0.0,0.00119249391518
35.7,0.0,0.0,0.00121890518376
35.75,0.0,0.0,0.00123667214038
35.8,0.0,0.0,0.00124785071943
35.85,0.0,0.0,0.0012540390655
35.9,0.0,0.0,0.00125647156613
35.95,0.0,0.0,0.00125609947787
36.0,0.0,0.0,0.00125463803139
36.05,0.0,0.0,0.00126275899099
36.1,0.0,0.0,0.00128143156054
36.15,0.0,0.0,0.0012935033505
36.2,0.0,0.0,0.00130057035995
36.25,0.0,0.0,0.00130386883025
36.3,0.0,0.0,0.0013042428556
36.35,0.0,0.0,0.00130120524059
36.4,0.0,0.0,0.00129671791177
36.45,0.0,0.0,0.00129120066181
36.5,0.0,0.0,0.00128470746455
36.55,0.0,0.0,0.00127497806098
36.6,0.0,0.0,0.00126384249805
36.65,0.0,0.0,0.00125278874209
36.7,0.0,0.0,0.0012418900162
36.75,0.0,0.0,0.00123119996576
36.8,0.0,0.0,0.00122075335828
36.85,0.0,0.0,0.00121057546681
36.9,0.0,0.0,0.00120067848549
36.95,0.0,0.0,0.00119106955983
37.0,0.0,0.0,0.0011816795226
37.05,0.0,0.0,0.00117119292388
37.1,0.0,0.0,0.00115977101423
37.15,0.0,0.0,0.00114874445052
37.2,0.0,0.0,0.00113809135359
37.25,0.0,0.0,0.00112779317793
37.3,0.0,0.0,0.00111783042608
37.35,0.0,0.0,0.00110818734215
37.4,0.0,0.0,0.00109884577101
37.45,0.0,0.0,0.00108979019981
37.5,0.0,0.0,0.00108140124679
37.55,0.0,0.0,0.00109738727721
37.6,0.0,0.0,0.00112180940885
37.65,0.0,0.0,0.00113842296329
37.7,0.0,0.0,0.00114906113223
37.75,0.0,0.0,0.00115515301536
37.8,-1.63425262383e-14,-2.7840891745e-15,0.00115780471955
37.85,-0.00604412874647,-6.44773433355e-05,0.00115787241859
37.9,-0.0116956857294,-0.000129610290445,0.00118663811164
37.95,-0.0169542083326,-0.000196025114067,0.00124929161751
38.0,-0.0218289043043,-0.000264458958097,0.00133303914409
38.05,-0.0263289418491,-0.000335980756288,0.00143568412567
38.1,-0.0304676622027,-0.000410633174242,0.00155489919088
38.15,-0.0342602847297,-0.000489544448166,0.00168836722726
38.2,-0.0377222070108,-0.000573038894881,0.00183386765812
38.25,-0.0408721009796,-0.000661402418907,0.00198931285309
38.3,-0.0437258667722,-0.000755500401462,0.00215456026886
38.35,-0.0463036043822,-0.000855098628585,0.00234473165994
38.4,-0.0486226141447,-0.000960914441984,0.00253775665626
38.45,-0.0507021105354,-0.00107313753497,0.0027324941284
38.5,-0.0525582409301,-0.00119166273714,0.00293003197292
38.55,-0.054208311478,-0.00131721329013,0.00314464627207
38.6,-0.0556693808106,-0.00144918218858,0.00335161275645
38.65,-0.0569559817924,-0.00158814620147,0.00355404619603
38.7,-0.0580826877436,-0.00173415303089,0.00375170143361
38.75,-0.0590621243314,-0.00188669590457,0.00394438861426
38.8,-0.0583913271445,-0.00194778475547,0.00413195043951
38.85,-0.0572060006259,-0.00200670078751,0.00430657988761
38.9,-0.0560754388281,-0.00206323574459,0.0044664060264
38.95,-0.0549960254926,-0.00211740328764,0.00460756728491
39.0,-0.0539640196855,-0.00216924137985,0.00473614817279
39.05,-0.0529763644776,-0.00221876900667,0.00485312667869
39.1,-0.0520302474125,-0.00226608681864,0.00496627129463
39.15,-0.0511235778958,-0.00231114461068,0.00519089723235
39.2,-0.0502632577728,-0.00235292912807,0.00538084776491
39.25,-0.0494445663263,-0.00239172636833,0.00554165434317
39.3,-0.048663468934,-0.00242776313822,0.00567765490611
39.35,-0.0479164794651,-0.00246130693254,0.00578674514466
39.4,-0.0472001554616,-0.00249256339189,0.00588240022827
39.45,-0.0465122089457,-0.00252168815099,0.00603108574269
39.5,-0.0458552638828,-0.00254817318077,0.00615139361752
39.55,-0.0452259578838,-0.0025723317793,0.00624204151537
39.6,-0.0446210237688,-0.00259448724934,0.00631396572419
39.65,-0.0440381316585,-0.00261480644292,0.00637049352257
39.7,-0.0434753197368,-0.00263348802725,0.00641430519579
39.75,-0.0429308978283,-0.00265065537029,0.00644756808024
39.8,-0.0424034145734,-0.00266641906807,0.00647202845531
39.85,-0.0418918190695,-0.00268087043697,0.00648910404902
39.9,-0.0413947914021,-0.00269419260275,0.00649993093412
39.95,-0.0409113603231,-0.00270639039004,0.00650544339573
40.0,-0.0404406583511,-0.0027175548632,0.00650967406379
40.05,-0.0399821246689,-0.00272775132812,0.00661014104709
40.1,-0.0395414310398,-0.00273606996525,0.00668136017107
40.15,-0.0391159941909,-0.0027428049323,0.00671613369253
40.2,-0.0387029196535,-0.00274842864981,0.0067394265856
40.25,-0.0383010176373,-0.00275298478084,0.00679789772604
40.3,-0.0379120149137,-0.00275618263792,0.00683367978957
40.35,-0.0375340229412,-0.00275828436795,0.00685179020595
40.4,-0.0371655557499,-0.00275948589783,0.00685558880567
40.45,-0.0368054060537,-0.00275995549088,0.00684150777491
40.5,-0.0364522199543,-0.00275987647082,0.00681945587825
40.55,-0.0361052941551,-0.00275933010023,0.0067967598558
40.6,-0.0357643844648,-0.00275833837852,0.00681623246316
40.65,-0.0354317058788,-0.00275651831695,0.00681995981347
40.7,-0.0351060629563,-0.00275405240695,0.00681657121625
40.75,-0.0347868070063,-0.00275103477075,0.00686288027907
40.8,-0.034476478452,-0.00274700523288,0.00688676173363
40.85,-0.0341736719134,-0.00274219351914,0.00689342001343
40.9,-0.033877003362,-0.00273677658519,0.00688688304747
40.95,-0.0335855461803,-0.00273089039192,0.0068702810403
41.0,-0.0332985897516,-0.0027246702969,0.00684528486608
41.05,-0.0330155476759,-0.00271823207442,0.00680746652812
41.1,-0.0327356334092,-0.00271164735214,0.00676571813081
41.15,-0.0324585638195,-0.00270495845744,0.00672110914846
41.2,-0.0321841252015,-0.00269823089595,0.00667408946943
41.25,-0.0319121361948,-0.00269151937023,0.00661855109761
41.3,-0.0316421175692,-0.00268484696437,0.00656239438406
41.35,-0.0313740106415,-0.00267822307636,0.00650595723127
41.4,-0.0311077762256,-0.00267169446146,0.00644948402637
41.45,-0.0308433875679,-0.00266527366243,0.00639316915508
41.5,-0.0305808301014,-0.00265891250175,0.00633714452554
41.55,-0.0303200956268,-0.00265261168472,0.00628119382121
41.6,-0.0300611656593,-0.00264640396239,0.00621874224698
41.65,-0.029803709873,-0.00264037632469,0.00615714784843
41.7,-0.0295477620524,-0.00263446808439,0.00609599052268
41.75,-0.0292933341946,-0.00262867792624,0.00602879004104
41.8,-0.0290401388974,-0.00262306399079,0.00596276680447
41.85,-0.028788377503,-0.00261768469723,0.00589788115335
41.9,-0.0285379535488,-0.00261247692868,0.00583408727729
41.95,-0.0282889154485,-0.00260741832677,0.00577135118529
42.0,-0.0280413069259,-0.00260250149682,0.0057096294629
42.05,-0.0277951673509,-0.00259771948558,0.00564889825453
42.1,-0.02755053281,-0.00259309961761,0.00558912246044
42.15,-0.0273074349732,-0.00258862639964,0.0055302716089
42.2,-0.027065903419,-0.00258426719379,0.00547230489219
42.25,-0.0268259639011,-0.00258001649394,0.00541520774454
42.3,-0.0265876399357,-0.00257586896068,0.00535893988307
42.35,-0.0263509518331,-0.00257181965397,0.00530348079653
42.4,-0.0261159176779,-0.0025678677615,0.00524880224608
42.45,-0.0258825526939,-0.00256404935726,0.00519488734642
42.5,-0.0256508707407,-0.00256031446758,0.0051417093265
42.55,-0.0254208834828,-0.00255665916538,0.00508925818711
42.6,-0.0251926011985,-0.00255307963467,0.00503751304612
42.65,-0.0249660324145,-0.00254957226759,0.00498645609169
42.7,-0.0247411841129,-0.00254613363482,0.00493606004152
42.75,-0.0245180614407,-0.00254276056927,0.00488632048561
42.8,-0.0242966686823,-0.00253945136511,0.00483720925346
42.85,-0.0240771284506,-0.00253623896537,0.00478871557929
42.9,-0.0238593187527,-0.00253308279837,0.00474082156563
42.95,-0.0236432401029,-0.00252998031927,0.00469351834818
43.0,-0.0234288921727,-0.00252692907658,0.00464678795335
43.05,-0.0232162735306,-0.00252392678459,0.0046006271331
43.1,-0.023005382234,-0.00252097118969,0.00455502244627
43.15,-0.0227962154856,-0.00251806016132,0.00450996287091
43.2,-0.0225887697629,-0.00251519166881,0.00446542848951
43.25,-0.0223830405417,-0.00251236386019,0.00442141975094
43.3,-0.022179023063,-0.00250957487706,0.00437791534258
43.35,-0.0219767115874,-0.00250685375039,0.00433490928814
43.4,-0.0217760995586,-0.00250417595519,0.00429238882046
43.45,-0.0215771804023,-0.00250153168776,0.00425034930017
43.5,-0.0213799470818,-0.00249891949575,0.00420877769643
43.55,-0.0211843919921,-0.0024963380356,0.00416767410446
43.6,-0.0209905074264,-0.00249378595458,0.00412702921294
43.65,-0.0207982852716,-0.0024912619746,0.00408683572149
43.7,-0.0206077170967,-0.00248876487341,0.00404707810185
43.75,-0.020418793906,-0.00248629355736,0.00400775911419
43.8,-0.020231506755,-0.0024838468968,0.00396886166636
43.85,-0.0200459463005,-0.00248142390373,0.00393038241455
43.9,-0.0198620001592,-0.0024790237865,0.0038923118662
43.95,-0.0196796584612,-0.00247665764181,0.00385464770571
44.0,-0.019498911051,-0.00247432527578,0.00381737994501
44.05,-0.0193197477933,-0.00247201287524,0.00378051023087
44.1,-0.019142158556,-0.00246971960262,0.00374403163465
44.15,-0.0189661330265,-0.00246744466771,0.00370793895936
44.2,-0.0187916607753,-0.00246518731193,0.00367221945813
44.25,-0.0186187310435,-0.00246294687465,0.00363687688765
44.3,-0.0184473332434,-0.00246072264639,0.00360189692985
44.35,-0.0182774564302,-0.00245851402923,0.003567277659
44.4,-0.018109089679,-0.00245632042602,0.00353301121569
44.45,-0.0179422219185,-0.00245414129297,0.00349909650456
44.5,-0.0177768421313,-0.0024519760793,0.00346552530731
44.55,-0.0176129391564,-0.00244982429045,0.0034323000542
44.6,-0.0174505019926,-0.00244768539326,0.00339941531251
44.65,-0.0172895195782,-0.00244555888615,0.00336686717096
44.7,-0.0171299808386,-0.00244345231027,0.00333464481681
44.75,-0.0169718743521,-0.00244136996323,0.00330275245085
44.8,-0.0168151891184,-0.00243929851269,0.00327117772435
44.85,-0.0166599971269,-0.00243723759689,0.00323991951632
44.9,-0.0165062018788,-0.00243519332519,0.00320897151001
44.95,-0.0163537921519,-0.00243316073696,0.00317833327109
45.0,-0.0162027568519,-0.00243113777897,0.00314799785603
45.05,-0.0160530848297,-0.0024291241444,0.00311796795655
45.1,-0.0159047651204,-0.00242711948507,0.00308823910311
45.15,-0.0157577867588,-0.00242512347486,0.00305880818139
45.2,-0.0156121388161,-0.00242313579765,0.00302966578308
45.25,-0.015467810248,-0.00242115620259,0.00300081603765
45.3,-0.0153247902319,-0.00241918438471,0.00297224812303
45.35,-0.0151830678002,-0.00241722011691,0.00294396136771
45.4,-0.015042632093,-0.00241526316009,0.00291595015902
45.45,-0.0149034722393,-0.00241331330685,0.00288821441248
45.5,-0.0147655774903,-0.00241137033266,0.00286074812679
45.55,-0.01462893708,-0.00240943404828,0.00283355404085
45.6,-0.0144935404287,-0.00240752060121,0.00280662837676
45.65,-0.0143593768336,-0.00240561515441,0.00277996865364
45.7,-0.0142264358909,-0.00240371567149,0.00275356653206
45.75,-0.0140947070541,-0.00240182200032,0.00272742599756
45.8,-0.013964179988,-0.00239993393686,0.00270153744172
45.85,-0.0185038657341,-0.00253461062203,0.00267590046239
45.9,-0.0227218982646,-0.00267844815478,0.00266137008765
45.95,-0.0266194635406,-0.00283152815221,0.00265670258583
46.0,-0.0302048147601,-0.00299413590255,0.00266071847084
46.05,-0.0334860755467,-0.00316748630859,0.00267233028346
46.1,-0.0364744571295,-0.00335070096839,0.00269052484745
46.15,-0.0391825449355,-0.00354517347908,0.00271436405436
46.2,-0.0416229584087,-0.00375072180133,0.0027429876079
46.25,-0.0438108011735,-0.00396707558217,0.00277561774016
46.3,-0.0457590036498,-0.00419534572992,0.00281153598966
46.35,-0.047483593005,-0.00443417288527,0.00285010305982
46.4,-0.0489975827746,-0.0046845997363,0.002890733595
46.45,-0.05031633266,-0.00494623719364,0.00293291329366
46.5,-0.0514528827125,-0.00521822050955,0.00297617676384
46.55,-0.0524210743942,-0.00550145268359,0.00302011652492
46.6,-0.0532336057406,-0.00579445220713,0.00306436983447
46.65,-0.053902652826,-0.00609759211113,0.00310861654047
46.7,-0.0544402072671,-0.00641059406169,0.00315257161399
46.75,-0.0548567699034,-0.00673190478311,0.00319600145437
46.8,-0.0540125160263,-0.00688336728739,0.00323868710903
46.85,-0.0527836618616,-0.00702895702209,0.00327797034032
46.9,-0.0516049929125,-0.00716812243348,0.00331326186503
46.95,-0.0504738408302,-0.00730096329854,0.00334480598194
47.0,-0.0493877392699,-0.00742782273791,0.00337282157373
47.05,-0.0483442866685,-0.00754857264572,0.00339753199926
47.1,-0.0473412709922,-0.00766366119422,0.00341913558669
47.15,-0.0463766377069,-0.00777305580787,0.00343781746218
47.2,-0.0454484194834,-0.00787701796905,0.00345374763196
47.25,-0.0445547600768,-0.00797580714432,0.00346710101309
47.3,-0.0436938808447,-0.00806960528193,0.00347802850226
47.35,-0.0428641581848,-0.00815861770748,0.00348667795833
47.4,-0.042064053832,-0.00824305427995,0.00349318363273
47.45,-0.0412920634096,-0.00832307559877,0.00349768333645
47.5,-0.0405467900177,-0.0083988402156,0.00350029782506
47.55,-0.0398269113795,-0.00847065272951,0.00350115156714
47.6,-0.0391311923429,-0.00853866241932,0.00350035314907
47.65,-0.0384584237644,-0.00860302362114,0.00349801035325
47.7,-0.0378074960592,-0.00866395737574,0.00349421436539
47.75,-0.0371773206697,-0.00872167390023,0.00348906995359
47.8,-0.0365668968841,-0.00877623325743,0.00348265649948
47.85,-0.0359754388545,-0.00882788180324,0.00347506177802
47.9,-0.0354018267234,-0.00887684474662,0.00346636495378
47.95,-0.0348452021979,-0.0089231858648,0.00345664457987
48.0,-0.0343047379042,-0.0089670550076,0.00344596939213
48.05,-0.0337796476286,-0.00900860207202,0.003434414763
48.1,-0.0332691850242,-0.0090479662152,0.00342204466464
48.15,-0.0327726411307,-0.00908527687552,0.00340892104075
48.2,-0.0322893427489,-0.00912065455511,0.00339509544585
48.25,-0.031818650229,-0.00915421168555,0.00338063131355
48.3,-0.0313599570478,-0.00918605305687,0.00336557232689
48.35,-0.030912686958,-0.00921628762315,0.00334997060264
48.4,-0.030476293215,-0.00924508459728,0.00333386993861
48.45,-0.03005026278,-0.00927249123446,0.00331731722015
48.5,-0.0296340953648,-0.00929855257191,0.00330035145697
48.55,-0.0292273239092,-0.00932334329722,0.00328301854619
48.6,-0.0288295056737,-0.00934703509826,0.00326535471282
48.65,-0.0284402246954,-0.00936967593532,0.00324739504497
48.7,-0.0280590745649,-0.00939125467435,0.00322916705147
48.75,-0.027685675762,-0.00941193214631,0.00321070998392
48.8,-0.0273196716582,-0.00943177225595,0.00319204508453
48.85,-0.0269608467784,-0.00945072431617,0.00317320373135
48.9,-0.026608734142,-0.00946902955535,0.00315420997684
48.95,-0.0262630240278,-0.00948658687194,0.00313509202202
49.0,-0.025923413767,-0.00950350504071,0.00311587106214
49.05,-0.0255896214058,-0.00951987114488,0.00309657578544
49.1,-0.0252613680276,-0.00953562401918,0.00307722763365
49.15,-0.0249383949456,-0.00955098303012,0.00305784742752
49.2,-0.0246204426828,-0.00956577652933,0.00303844977739
49.25,-0.0243072666594,-0.00958029130153,0.00301906132759
49.3,-0.0239986303661,-0.00959432604377,0.00299969305625
49.35,-0.0236942987215,-0.00960813437002,0.00298036590516
49.4,-0.0233940461309,-0.00962156677233,0.00296109495921
49.45,-0.0230976459777,-0.00963484447875,0.00294190099357
49.5,-0.0228048787512,-0.00964784169658,0.00292279814293
49.55,-0.0225155211571,-0.00966073125172,0.00290380981767
49.6,-0.0222293546679,-0.00967342831056,0.00288495243085
49.65,-0.0219461536519,-0.00968607730639,0.00286624434652
49.7,-0.0216656936557,-0.00969862715291,0.00284769791837
49.75,-0.0213877387347,-0.00971118440343,0.00282933926129
49.8,-0.0211120505183,-0.00972374683036,0.00281118078349
49.85,-0.0208384777076,-0.0097363708267,0.00279324603751
49.9,-0.0205666487827,-0.00974913352397,0.00277555485454
49.95,-0.0202962759195,-0.00976198758432,0.00275813460012
50.0,-0.0200270563658,-0.00977512114898,0.00274100854433
50.05,-0.0197586516515,-0.00978842324194,0.00272421183376
50.1,-0.0194906941175,-0.00980207832468,0.00270777638555
50.15,-0.0192227751473,-0.00981608392286,0.00269173935345
50.2,-0.018954427293,-0.00983046105725,0.00267613817671
50.25,-0.0186851202726,-0.00984538311,0.00266102839593
50.3,-0.0184142433026,-0.0098608674213,0.00264646043119
50.35,-0.018141073552,-0.00987697159103,0.0026325047135
50.4,-0.0178647573428,-0.00989379662597,0.00261924031381
50.45,-0.0175842666199,-0.00991144812294,0.00260676855901
50.5,-0.017298345402,-0.00993003330781,0.00259520815492
50.55,-0.01700543459,-0.00994965537271,0.00258471582743
50.6,-0.0167035658538,-0.00997040266709,0.00257548319395
50.65,-0.0163902063972,-0.00999232886229,0.00256775909943
50.7,-0.0160620276215,-0.0100155104494,0.00256186620255
50.75,-0.0157145419202,-0.0100398520453,0.00255825371037
50.8,-0.0153415534,-0.0100651613837,0.00255752811638
50.85,-0.0149342657373,-0.0100907641342,0.00256057037224
50.9,-0.0144794280456,-0.0101150537123,0.00256868478206
50.95,-0.013956568495,-0.0101346039723,0.00258390614928
51.0,-0.0133319934509,-0.0101411378685,0.00260957857208
51.05,-0.0125461539383,-0.0101142438467,0.00265162458367
51.1,-0.0114840063627,-0.00999713133452,0.00272147864139
51.15,-0.00989688024162,-0.00960629797929,0.00284386344599
51.2,-0.00717536836052,-0.00821771092312,0.00307937078419
51.25,-0.00175554431007,-0.00256733567794,0.00358356980977
51.3,0.00820545569215,0.0149661966058,0.0045400555416
51.35,0.0172043372307,0.033714687486,0.00540213980592
51.4,0.0207344668627,0.0414514792315,0.00572121093511
51.45,0.0214954834738,0.0434579923489,0.00576523478599
51.5,0.0213088476925,0.0434790688587,0.00571522694468
51.55,0.0207148531898,0.0426213615183,0.00562490072489
51.6,0.0198382132972,0.0411297566382,0.00550662615139
51.65,0.0186977399495,0.0390262861182,0.00536223543151
51.7,0.017293407425,0.0362921765021,0.00519167317886
51.75,0.0156319895147,0.0329241195237,0.00499558624659
51.8,0.0137347203902,0.0289548251117,0.00477604201348
51.85,0.0116382434606,0.024461537041,0.00453666373632
51.9,0.0093918175776,0.0195699428453,0.00428234967231
51.95,0.00705289230308,0.0144550130786,0.00401882796181
52.0,0.0046814862061,0.00933759940762,0.00375208667737
52.05,0.00233645577533,0.00447479946247,0.00348802104962
52.1,7.77873202652e-05,0.000140847768991,0.00323264196429
52.15,-0.00203759985048,-0.00343342468513,0.002991666335
52.2,-0.00399809010307,-0.00617343198332,0.00276627222441
52.25,-0.00586415981406,-0.00814949798212,0.00255041780918
52.3,-0.00772390947223,-0.00942830818744,0.0023352617804
52.35,-0.0096333854097,-0.010010860248,0.00211517446994
52.4,-0.0115693013015,-0.00991538133432,0.00189248490861
52.45,-0.0134169620458,-0.00930675860869,0.00167872288399
52.5,-0.0150367730211,-0.00847390408701,0.00148794258207
52.55,-0.0163540865407,-0.00765679229718,0.0013276933018
52.6,-0.0173718108685,-0.00696308418516,0.00119772470673
52.65,-0.0181307843704,-0.00641063811567,0.0010939647393
52.7,-0.0186785934811,-0.00598311754696,0.00101165082749
52.75,-0.0190576085318,-0.00565665520961,0.000946541728242
52.8,-0.0193026524723,-0.00540952400068,0.00089514432612
52.85,-0.0194417828246,-0.00522410386848,0.000854654710485
52.9,-0.019497167839,-0.00508681469114,0.000822837135361
52.95,-0.0194865088726,-0.00498707836453,0.000797914061521
53.0,-0.0194239069322,-0.00491668550064,0.000778466784271
53.05,-0.0193205714009,-0.00486963145135,0.000763368695909
53.1,-0.0191854421542,-0.00484100568946,0.000751718879415
53.15,-0.0190256535702,-0.00482701533369,0.000742797811063
53.2,-0.0188469063132,-0.00482477737614,0.000736028279044
53.25,-0.0186537637869,-0.00483190719267,0.00073095048146
53.3,-0.0184498792317,-0.00484658544969,0.000727192395618
53.35,-0.0182381823856,-0.00486712506055,0.000724457119092
53.4,-0.0180210191697,-0.00489257142891,0.000722505224911
53.45,-0.0178002718778,-0.0049217389264,0.000721145259388
53.5,-0.0175774432024,-0.00495384375053,0.000720222508712
53.55,-0.0173537359558,-0.00498824657468,0.000719614632691
53.6,-0.0171301089394,-0.00502443826304,0.000719222271209
53.65,-0.0169073271985,-0.00506198005742,0.000718965897889
53.7,-0.0166859893609,-0.00510046403743,0.000718781287926
53.75,-0.0164665687867,-0.00513958999441,0.000718620027217
53.8,-0.0162494344323,-0.00517910912367,0.000718440722443
53.85,-0.0160349507353,-0.00521881542382,0.000718212924044
53.9,-0.0158232507308,-0.00525853868842,0.000717911972832
53.95,-0.0156144947739,-0.00529813787735,0.000717520130918
54.0,-0.0154087983314,-0.00533750466119,0.000717022766755
54.05,-0.0152062405048,-0.00537653471671,0.000716411117498
54.1,-0.0150068711759,-0.00541514804976,0.000715677798754
54.15,-0.0148107166265,-0.00545327874532,0.000714818133837
54.2,-0.0146177841936,-0.00549087230053,0.000713827897952
54.25,-0.0144280660241,-0.00552788365838,0.00071270756967
54.3,-0.0142415422491,-0.00556432549676,0.000711455358774
54.35,-0.0140581861021,-0.00560017640833,0.000710072554385
54.4,-0.0138779573221,-0.00563536877828,0.000708560660253
54.45,-0.0137008131392,-0.00566988193756,0.000706922773911
54.5,-0.0135267063814,-0.00570369340463,0.000705161025608
54.55,-0.0133555865833,-0.00573679993759,0.000703280034001
54.6,-0.0131874034092,-0.00576933596283,0.000701282842894
54.65,-0.013022098979,-0.00580114603456,0.000699173579582
54.7,-0.0128596177452,-0.00583222106519,0.000696954695331
54.75,-0.0126999035664,-0.00586260340723,0.00069463179248
54.8,-0.0125429021978,-0.00589240392276,0.000692206870387
54.85,-0.0123886162766,-0.00592146192054,0.000689684769276
54.9,-0.0122369262714,-0.0059497917503,0.000687068864674
54.95,-0.0120877790176,-0.00597760105759,0.000684363540123
55.0,-0.0119411169952,-0.00600466554874,0.000681572253943
55.05,-0.0117968866959,-0.00603106902826,0.000678700131658
55.1,-0.0116550370952,-0.00605691555175,0.000675750529677
55.15,-0.0115155139372,-0.00608201627479,0.000672727435707
55.2,-0.0113782668286,-0.00610661905146,0.000669633057106
55.25,-0.0112432471236,-0.0061305327506,0.00066647239151
55.3,-0.0111104046901,-0.00615386824826,0.000663247314583
55.35,-0.0109796934312,-0.0061766206642,0.000659961514925
55.4,-0.0108510652027,-0.00619875225143,0.000656617806307
55.45,-0.0107244763178,-0.00622036737499,0.000653219783002
55.5,-0.0105998808027,-0.00624136172227,0.000649769960974
55.55,-0.0104772371782,-0.00626187163613,0.000646272372706
55.6,-0.0103565017398,-0.00628178206681,0.000642729834686
55.65,-0.0102376350955,-0.00630119667638,0.000639144997841
55.7,-0.0101205958829,-0.00632007279104,0.000635519403965
55.75,-0.0100053465233,-0.00633840976405,0.000631857022041
55.8,-0.00989184802629,-0.00635630111634,0.000628158856856
55.85,-0.0097801133232,-0.00637357604207,0.000624427711362
55.9,-0.00967005558295,-0.00639053107793,0.000620665446793
55.95,-0.00956164032882,-0.00640689645883,0.000616874857753
56.0,-0.00945483388026,-0.006422837304,0.000613057410675
56.05,-0.00934960188599,-0.00643833573701,0.000609216510955
56.1,-0.00924591299798,-0.00645328028363,0.000605353882389
56.15,-0.00914373608625,-0.00646792252024,0.000601471489949
56.2,-0.00904303910941,-0.00648206370374,0.000597570156706
56.25,-0.00894379333947,-0.00649570315682,0.00059365301166
56.3,-0.00884596911194,-0.00650907522223,0.000589720354861
56.35,-0.00874953840456,-0.006521956621,0.000585774301613
56.4,-0.00865447385263,-0.00653436131779,0.00058181592872
56.45,-0.00856074875619,-0.00654651762428,0.000577847342106
56.5,-0.00846833567833,-0.00655822711479,0.000573869556242
56.55,-0.0083772099805,-0.0065694933033,0.000569885041414
56.6,-0.00828734694083,-0.00658045057741,0.000565894992699
56.65,-0.00819872142029,-0.00659106727132,0.000561900894873
56.7,-0.00811131032357,-0.00660127098458,0.000557902862243
56.75,-0.0080250907075,-0.00661107298649,0.000553903468823
56.8,-0.00794004020268,-0.0066206460621,0.000549902494895
56.85,-0.00785617518418,-0.00662985581871,0.000545901628899
56.9,-0.00777343462854,-0.00663869068323,0.000541901444937
56.95,-0.00769179777526,-0.00664716062635,0.000537903527458
57.0,-0.007611244365,-0.00665539757246,0.000533908318665
57.05,-0.00753175378957,-0.00666333573718,0.000529917923789
57.1,-0.00745330711371,-0.00667093251291,0.000525933075682
57.15,-0.0073758855149,-0.00667819672611,0.000521954723149
57.2,-0.00729947061143,-0.00668513692317,0.000517982694026
57.25,-0.00722404427636,-0.00669189901766,0.000514019087943
57.3,-0.00714958853729,-0.00669835151248,0.000510063449567
57.35,-0.00707608650884,-0.00670449998946,0.000506116929226
57.4,-0.00700352147192,-0.0067103520628,0.000502179819134
57.45,-0.00693187708479,-0.0067159251176,0.000498253319046
57.5,-0.00686113735882,-0.00672126512393,0.000494337581036
57.55,-0.00679128625559,-0.00672639754534,0.000490434267813
57.6,-0.00672230868977,-0.00673125811356,0.000486543832267
57.65,-0.00665418978658,-0.00673585340238,0.000482666915365
57.7,-0.00658691500564,-0.00674018978553,0.00047880312877
57.75,-0.00652047011919,-0.00674427346309,0.000474954175901
57.8,-0.00645484123117,-0.00674811042654,0.000471119377789
57.85,-0.0063900466728,-0.00675175213466,0.000467299614087
57.9,-0.00632604012731,-0.00675520169062,0.000463494999028
57.95,-0.00626280873581,-0.00675841840492,0.00045970643197
58.0,-0.00620033981159,-0.00676140765424,0.000455933860921
58.05,-0.00613862093818,-0.00676417466719,0.00045217859324
58.1,-0.00607763997913,-0.00676672450251,0.00044844088264
58.15,-0.0060173850581,-0.00676906207462,0.000444721148743
58.2,-0.00595784455441,-0.00677119215491,0.000441018868012
58.25,-0.00589900708559,-0.00677311939439,0.000437335448818
58.3,-0.00584086152418,-0.00677485039067,0.000433670109962
58.35,-0.00578339682496,-0.00677644500862,0.000430023525319
58.4,-0.00572660233488,-0.00677784719359,0.000426395611451
58.45,-0.00567046761542,-0.00677906113799,0.000422787066056
58.5,-0.00561498245104,-0.00678009156868,0.000419197704328
58.55,-0.00556013683238,-0.00678095202739,0.000415628595493
58.6,-0.00550592094557,-0.00678163616216,0.000412079845793
58.65,-0.00545232520032,-0.00678214770425,0.000408551715261
58.7,-0.00539934020348,-0.00678249028148,0.000405043601275
58.75,-0.00534695674513,-0.00678266743814,0.000401556679324
58.8,-0.00529516581306,-0.0067826826032,0.000398090117448
58.85,-0.00524398477376,-0.00678253913236,0.000394644409452
58.9,-0.0051933781754,-0.00678224038614,0.000391219378411
58.95,-0.00514333754161,-0.00678179615393,0.00038781556063
59.0,-0.00509385455578,-0.0067812078086,0.000384432687159
59.05,-0.00504492106623,-0.00678047350546,0.000381071641426
59.1,-0.00499652909991,-0.00677959615938,0.000377732423176
59.15,-0.00494867083936,-0.00677857861111,0.000374415178157
59.2,-0.00490133862045,-0.00677742362666,0.000371119264305
59.25,-0.00485452492114,-0.00677613391457,0.000367845671495
59.3,-0.00480822237394,-0.00677471209653,0.000364593552848
59.35,-0.0047624237446,-0.00677316074485,0.000361363278521
59.4,-0.0047171219407,-0.00677148489859,0.000358154601414
59.45,-0.00467230998513,-0.00676968873254,0.000354967937183
59.5,-0.0046279810627,-0.00676776845093,0.000351802962357
59.55,-0.00458412847886,-0.00676572640622,0.000348660411135
59.6,-0.00454074567128,-0.00676356487928,0.000345540211939
59.65,-0.00449782619944,-0.00676128609678,0.000342442428807
59.7,-0.00445536374299,-0.00675889223014,0.000339366407291
59.75,-0.0044133520927,-0.00675638541107,0.0003363129873
59.8,-0.00437178516109,-0.00675376770384,0.000333281331058
59.85,-0.00433067860767,-0.00675104390671,0.000330271715398
59.9,-0.00429000443487,-0.00674821987516,0.000327283860649
59.95,-0.00424975688272,-0.00674529265057,0.000324318086796
60.0,-0.00420993030023,-0.00674226408591,0.000321374042412
60.05,-0.00417051913306,-0.00673914420586,0.000318452343609
60.1,-0.00413151791815,-0.00673592922714,0.000315552873265
60.15,-0.00409292129839,-0.00673261826108,0.000312675638545
60.2,-0.00405472401622,-0.00672921299404,0.000309819991605
60.25,-0.00401692090184,-0.00672571508566,0.000306986650348
60.3,-0.00397950688219,-0.00672212614368,0.00030417480246
60.35,-0.00394247696667,-0.00671844775436,0.000301384654437
60.4,-0.00390582625337,-0.00671468146383,0.000298615900689
60.45,-0.00386954992316,-0.0067108318888,0.000295868789503
60.5,-0.00383364323739,-0.00670690568166,0.000293142958502
60.55,-0.00379810152855,-0.00670289605664,0.000290438929639
60.6,-0.00376292022565,-0.00669880442188,0.00028775655435
60.65,-0.00372809483442,-0.00669463215677,0.000285095799491
60.7,-0.00369362093649,-0.00669038061053,0.00028245603626
60.75,-0.00365949418343,-0.00668605111445,0.000279837882096
60.8,-0.00362571030435,-0.00668164495866,0.000277240560436
60.85,-0.00359228304666,-0.00667716341968,0.000274664224473
60.9,-0.00355918994982,-0.00667260781229,0.000272108564399
60.95,-0.00352642695294,-0.00666797935928,0.000269573773154
61.0,-0.00349399006343,-0.00666327925325,0.000267059487673
61.05,-0.00346187535164,-0.00665850866797,0.000264566150679
61.1,-0.00343007895509,-0.00665366874354,0.000262093596109
61.15,-0.00339859707285,-0.0066487605987,0.000259641763879
61.2,-0.00336742596494,-0.00664382413205,0.000257210052278
61.25,-0.00333656183808,-0.00663882719058,0.000254799007317
61.3,-0.0033060011244,-0.00663376641729,0.000252407888531
61.35,-0.00327574025623,-0.00662864284046,0.00025003680858
61.4,-0.0032457757233,-0.00662345746469,0.000247685456799
61.45,-0.00321610406877,-0.00661821127948,0.000245353983532
61.5,-0.0031867218911,-0.00661290525092,0.000243042033708
61.55,-0.00315762583974,-0.00660754515742,0.000240749986243
61.6,-0.00312881261269,-0.00660213290088,0.000238477667263
61.65,-0.00310027895699,-0.00659666361966,0.000236225000058
61.7,-0.00307202167655,-0.00659113820607,0.000233991414972
61.75,-0.00304403762083,-0.00658555754503,0.000231777376158
61.8,-0.00301632369022,-0.00657992249464,0.000229582194298
61.85,-0.00298889176511,-0.0065742339087,0.000227405951451
61.9,-0.00296172359464,-0.00656852790664,0.00022524834712
61.95,-0.00293481611206,-0.00656279133,0.000223109510247
62.0,-0.00290816644461,-0.00655701548401,0.000220989094223
62.05,-0.00288177170697,-0.0065511907452,0.000218887426308
62.1,-0.0028556290706,-0.00654531753878,0.000216804329633
62.15,-0.00282973574804,-0.00653939661366,0.000214739716013
62.2,-0.00280408899229,-0.00653342870562,0.000212693050385
62.25,-0.00277868609354,-0.00652741454606,0.000210664737878
62.3,-0.00275352438364,-0.00652135484441,0.000208654135613
62.35,-0.00272860122958,-0.00651525030841,0.000206661302274
62.4,-0.00270391403666,-0.00650910163095,0.000204685947531
62.45,-0.00267946024585,-0.00650290949706,0.000202728162942
62.5,-0.0026552373352,-0.00649672862507,0.00020078762328
62.55,-0.00263124269498,-0.00649051608848,0.000198864624107
62.6,-0.00260747393307,-0.00648426292271,0.000196958984409
62.65,-0.00258392863362,-0.00647796975443,0.000195070610515
62.7,-0.00256060441415,-0.00647163720012,0.000193199003178
62.75,-0.0025374989229,-0.00646526587394,0.000191344517542
62.8,-0.00251460984255,-0.00645885637176,0.000189506557153
62.85,-0.00249194733843,-0.00645240928943,0.000187685163119
62.9,-0.0024694964516,-0.00644592525827,0.000185880061232
62.95,-0.00244725495924,-0.00643940485543,0.000184091322985
63.0,-0.00242522066919,-0.00643286941601,0.00018231864169
63.05,-0.0024033913331,-0.00642634909557,0.000180562271776
63.1,-0.00238176483785,-0.00641980358889,0.00017882204175
63.15,-0.00236033907164,-0.00641322469292,0.000177097856889
63.2,-0.00233911195868,-0.0064066129293,0.000175389253623
63.25,-0.0023180814487,-0.00639996881881,0.00017369654429
63.3,-0.00229724552003,-0.00639329286677,0.000172019177638
63.35,-0.00227660217518,-0.00638658557966,0.000170357181434
63.4,-0.00225614944304,-0.00637984745421,0.00016871029626
63.45,-0.00223588537717,-0.00637307898302,0.000167078577998
63.5,-0.0022158080567,-0.00636632413874,0.000165461739523
63.55,-0.00219591548471,-0.00635958095927,0.000163860005805
63.6,-0.00217620582029,-0.00635280956439,0.000162273211453
63.65,-0.00215667721719,-0.00634601040776,0.000160701261485
63.7,-0.00213732785234,-0.00633918393662,0.000159143727291
63.75,-0.00211815592409,-0.00633233059825,0.000157600884519
63.8,-0.00209915965477,-0.00632545082677,0.000156072225431
63.85,-0.00208034768367,-0.00631854505806,0.000154557767856
63.9,-0.00206170767408,-0.00631161375929,0.00015305727019
63.95,-0.00204323791489,-0.00630467147359,0.000151570776079
64.0,-0.00202493664574,-0.00629776689018,0.000150098026163
64.05,-0.00200680221014,-0.00629083864196,0.000148639206169
64.1,-0.00198883296157,-0.00628388712499,0.000147194162454
64.15,-0.00197102727315,-0.00627691273119,0.000145762802502
64.2,-0.00195338353753,-0.00626991584727,0.000144344731347
64.25,-0.00193590016546,-0.00626289686056,0.000142940192963
64.3,-0.0019185755879,-0.00625585614704,0.000141548720955
64.35,-0.00190140825301,-0.00624879408485,0.000140170325755
64.4,-0.00188439662773,-0.00624172793227,0.000138804781812
64.45,-0.00186753912798,-0.0062347030003,0.000137452131072
64.5,-0.00185083427076,-0.00622765837695,0.000136112124211
64.55,-0.00183428057749,-0.00622059441683,0.000134784925655
64.6,-0.00181787658769,-0.00621351993709,0.000133470391053
64.65,-0.00180162085172,-0.00620642833759,0.000132168432273
64.7,-0.00178551194161,-0.00619931844751,0.000130878686507
64.75,-0.00176954844593,-0.00619219060533,0.000129601370282
64.8,-0.00175372897043,-0.00618504513967,0.000128336056158
64.85,-0.00173806082159,-0.00617792129069,0.000127082749147
64.9,-0.00172253370173,-0.0061708220079,0.00012584125002
64.95,-0.00170714629312,-0.0061637066146,0.000124611582307
65.0,-0.0016918972671,-0.00615657921414,0.000123393517091
65.05,-0.00167678530705,-0.00614944296315,0.000122187199651
65.1,-0.00166180911005,-0.00614229154721,0.000120992495635
65.15,-0.00164696739183,-0.00613512526576,0.000119809320658
65.2,-0.00163225888234,-0.00612794441465,0.000118637341965
65.25,-0.00161768232479,-0.00612074929086,0.000117476752163
65.3,-0.00160323647704,-0.00611361534339,0.000116327160224
65.35,-0.00158892001486,-0.00610647418205,0.000115188578056
65.4,-0.00157473177091,-0.00609932006607,0.00011406080745
65.45,-0.00156067054392,-0.00609215327508,0.000112943869174
65.5,-0.00154673514598,-0.00608497408355,0.000111837552545
65.55,-0.00153292440158,-0.00607778276521,0.000110741985865
65.6,-0.00151923714852,-0.00607057958679,0.000109657043894
65.65,-0.00150567223691,-0.00606336481273,0.000108582647211
65.7,-0.00149222852913,-0.00605617836362,0.000107518491379
65.75,-0.00147890483088,-0.00604902322489,0.000106464755987
65.8,-0.00146570005312,-0.00604185768361,0.000105421081147
65.85,-0.00145262035443,-0.00603468199252,0.000104387465
65.9,-0.00143965724542,-0.00602749642694,0.000103363730644
65.95,-0.00142680965029,-0.00602030123384,0.00010234989435
66.0,-0.00141407650476,-0.00601309665571,0.000101345762719
66.05,-0.00140145675535,-0.0060058829345,0.000100351449595
66.1,-0.00138894936002,-0.00599867525321,9.93668391335e-05
66.15,-0.00137655323701,-0.00599153573865,9.83918628818e-05
66.2,-0.00136426737011,-0.00598438817764,9.74262422322e-05
66.25,-0.00135209075025,-0.00597723279816,9.64701304606e-05
66.3,-0.00134002237927,-0.00597006982154,9.55232016996e-05
66.35,-0.0013280612686,-0.00596289947125,9.45854521765e-05
66.4,-0.00131620643991,-0.00595572196706,9.36567191526e-05
66.45,-0.00130445692462,-0.00594853752797,9.27370154099e-05
66.5,-0.00129281176416,-0.00594134697888,9.18261638045e-05
66.55,-0.00128127000914,-0.00593422396384,9.09242656587e-05
66.6,-0.00126983064587,-0.00592711239191,9.00312228336e-05
66.65,-0.00125849277781,-0.0059199950897,8.91469624338e-05
66.7,-0.00124725548603,-0.00591287225833,8.82712306049e-05
66.75,-0.00123611786028,-0.00590574410009,8.74041645425e-05
66.8,-0.00122507899992,-0.00589861081128,8.65454673734e-05
66.85,-0.00121414408039,-0.00589147259025,8.56951340895e-05
66.9,-0.00120330603361,-0.00588432965438,8.48530160202e-05
66.95,-0.00119256398661,-0.00587722066637,8.40191232215e-05
67.0,-0.00118191702206,-0.00587015073578,8.31932999035e-05
67.05,-0.0011713643028,-0.00586307697241,8.23756342129e-05
67.1,-0.00116090498291,-0.00585599955782,8.15660278701e-05
67.15,-0.00115053822463,-0.00584891867218,8.07644168096e-05
67.2,-0.00114026319837,-0.00584183449365,7.99705697347e-05
67.25,-0.00113007908223,-0.0058347472015,7.91846096593e-05
67.3,-0.00111998506269,-0.00582765696964,7.84062663856e-05
67.35,-0.00110998033365,-0.00582057526938,7.76355341648e-05
67.4,-0.00110006405906,-0.00581356085704,7.68722812637e-05
67.45,-0.00109023545417,-0.00580654430469,7.61165149747e-05
67.5,-0.00108049373722,-0.00579952577808,7.53680873291e-05
67.55,-0.00107083813378,-0.0057925054427,7.46270789534e-05
67.6,-0.00106126787705,-0.00578548571296,7.3893399773e-05
67.65,-0.00105178220664,-0.00577847153499,7.31669908409e-05
67.7,-0.00104238036754,-0.00577145604466,7.24476419509e-05
67.75,-0.00103306161443,-0.00576443940089,7.17354635709e-05
67.8,-0.00102382520937,-0.00575748333243,7.1030209978e-05
67.85,-0.00101467543846,-0.00575054538638,7.03318813124e-05
67.9,-0.00100560643384,-0.00574360701675,6.96403506421e-05
67.95,-0.00099661748037,-0.0057366683726,6.89556241947e-05
68.0,-0.000987707869745,-0.00572972960021,6.82775670678e-05
68.05,-0.000978876900135,-0.0057227981898,6.76062514709e-05
68.1,-0.000970123873859,-0.00571586930106,6.69415953083e-05
68.15,-0.000961448101565,-0.00570894073115,6.62835443893e-05
68.2,-0.000952848901174,-0.00570203946034,6.56319072225e-05
68.25,-0.000944325559656,-0.00569519138412,6.49867875038e-05
68.3,-0.000935877418172,-0.00568834426526,6.43479606661e-05
68.35,-0.000927503814136,-0.00568149823808,6.37154203477e-05
68.4,-0.000919204091158,-0.00567465343455,6.30890532108e-05
68.45,-0.000910977598785,-0.00566780998622,6.24688642495e-05
68.5,-0.000902823692647,-0.00566096802214,6.18547306249e-05
68.55,-0.000894741734169,-0.00565412767114,6.12467171436e-05
68.6,-0.000886731090822,-0.00564728905848,6.06447485621e-05
68.65,-0.000878791135824,-0.00564051699469,6.00487751358e-05
68.7,-0.000870921202339,-0.00563376059828,5.94586282594e-05
68.75,-0.000863120696985,-0.00562700650855,5.88743947746e-05
68.8,-0.000855389010877,-0.00562025484238,5.82958717551e-05
68.85,-0.000847729776969,-0.00561350571804,5.77230529426e-05
68.9,-0.000840138079244,-0.00560675926688,5.71558353352e-05
68.95,-0.000832613326168,-0.00560001560429,5.65942229845e-05
69.0,-0.000825154931635,-0.0055932748434,5.60381041462e-05
69.05,-0.000817762314731,-0.00558655411432,5.5487537089e-05
69.1,-0.000810434872078,-0.00557989641683,5.49424565273e-05
69.15,-0.000803172039314,-0.00557325054203,5.44028162705e-05
69.2,-0.000795973249545,-0.0055666087393,5.38684584587e-05
69.25,-0.000788837943154,-0.00555997057272,5.33394636717e-05
69.3,-0.000781765565875,-0.00555333614417,5.28156476778e-05
69.35,-0.000774755568196,-0.00554670555678,5.22970044335e-05
69.4,-0.000767807405565,-0.00554007891171,5.17834401178e-05
69.45,-0.000760920538217,-0.00553345630977,5.12749580595e-05
69.5,-0.000754094431264,-0.00552687513521,5.07714566875e-05
69.55,-0.000747328523785,-0.005520340668,5.02729921396e-05
69.6,-0.000740622300463,-0.00551381579467,4.9779500768e-05
69.65,-0.000733975239974,-0.00550729552092,4.92909411456e-05
69.7,-0.000727386827012,-0.00550077993771,4.8807169687e-05
69.75,-0.000720856550691,-0.00549426913664,4.83282591079e-05
69.8,-0.000714383904787,-0.00548776320611,4.78540422218e-05
69.85,-0.00070797192549,-0.00548126223563,4.73845132959e-05
69.9,-0.000701616509289,-0.00547476632552,4.69195871837e-05
69.95,-0.000695317164051,-0.00546832209226,4.6459266657e-05
70.0,-0.000689073371913,-0.00546191048096,4.60034630591e-05
70.05,-0.000682884661989,-0.0054555043211,4.55522221985e-05
70.1,-0.000676750555756,-0.00544910369276,4.51054871955e-05
70.15,-0.000670670578855,-0.00544270867526,4.46632201646e-05
70.2,-0.000664644261074,-0.00543631934683,4.42252908133e-05
70.25,-0.000658671136199,-0.00542993578626,4.37917648488e-05
70.3,-0.000652750742211,-0.00542355806946,4.33624906062e-05
70.35,-0.000646882620985,-0.0054171862733,4.29374627229e-05
70.4,-0.000641066318434,-0.00541086440211,4.25166037853e-05
70.45,-0.000635301357724,-0.00540457686699,4.2099919365e-05
70.5,-0.000629587303627,-0.0053982955913,4.16873243944e-05
70.55,-0.000623923714354,-0.00539202064591,4.12788615497e-05
70.6,-0.000618310152036,-0.00538575209929,4.08744791623e-05
70.65,-0.000612746182583,-0.00537949551978,4.04741427814e-05
70.7,-0.000607231374462,-0.00537324862431,4.00777343668e-05
70.75,-0.000601765300343,-0.00536700834532,3.9685313431e-05
70.8,-0.0005963475374,-0.00536077474731,3.92967424211e-05
70.85,-0.000590980619798,-0.00535457677346,3.89120163698e-05
70.9,-0.000585661100832,-0.00534842708872,3.85310676241e-05
70.95,-0.000580388576065,-0.0053422843863,3.8153897405e-05
71.0,-0.000575162638372,-0.00533614872598,3.77804296565e-05
71.05,-0.000569982884087,-0.00533002153508,3.74107029671e-05
71.1,-0.000564848912815,-0.00532390915895,3.70446704632e-05
71.15,-0.000559760326329,-0.00531780401542,3.66823010316e-05
71.2,-0.00055471673141,-0.00531170616024,3.6323487479e-05
71.25,-0.000549717738143,-0.00530561564958,3.59682835965e-05
71.3,-0.000544762960043,-0.00529953343754,3.56165646524e-05
71.35,-0.000539852009638,-0.00529352600211,3.52683265954e-05
71.4,-0.000534984489127,-0.0052875263201,3.49235078622e-05
71.45,-0.000530160031616,-0.00528153427821,3.45821090635e-05
71.5,-0.00052537826412,-0.00527554992606,3.42440612204e-05
71.55,-0.000520638816809,-0.00526957331312,3.39093992696e-05
71.6,-0.000515941323076,-0.00526360448691,3.35780806602e-05
71.65,-0.000511285419434,-0.00525764349435,3.3250076992e-05
71.7,-0.000506670745503,-0.00525169038153,3.29252910803e-05
71.75,-0.000502096943921,-0.00524574519493,3.26037716654e-05
71.8,-0.000497563660448,-0.00523983390246,3.22854056691e-05
71.85,-0.000493072991696,-0.00523397110833,3.19701909244e-05
71.9,-0.000488622083008,-0.00522811644961,3.16580690763e-05
71.95,-0.000484210590168,-0.00522226996781,3.13490416969e-05
72.0,-0.00047983817192,-0.0052164317032,3.10430462503e-05
72.05,-0.000475504489876,-0.00521060169587,3.07401144037e-05
72.1,-0.000471209208578,-0.00520477998419,3.04402075849e-05
72.15,-0.00046695199541,-0.00519896939022,3.01433000511e-05
72.2,-0.000462732520125,-0.00519317273617,2.98493037601e-05
72.25,-0.000458550454794,-0.00518738450568,2.95582630147e-05
72.3,-0.000454405475269,-0.00518163824413,2.92700753042e-05
72.35,-0.000450297244442,-0.00517593128757,2.89847387914e-05
72.4,-0.000446225449507,-0.00517023291421,2.8702200374e-05
72.45,-0.000442189774818,-0.00516454315694,2.84224614899e-05
72.5,-0.000438189907427,-0.00515886204753,2.81454654569e-05
72.55,-0.000434225537013,-0.00515318961759,2.78712410038e-05
72.6,-0.000430296355927,-0.00514753329598,2.75997531793e-05
72.65,-0.000426402057998,-0.00514188704758,2.73309788037e-05
72.7,-0.000422542340605,-0.00513624958342,2.70648380416e-05
72.75,-0.000418716903851,-0.00513062093252,2.68013709828e-05
72.8,-0.00041492545043,-0.0051250246467,2.65404847055e-05
72.85,-0.000411169727871,-0.00511947584907,2.62821773667e-05
72.9,-0.00040744735333,-0.00511393599476,2.60264010615e-05
72.95,-0.00040375803784,-0.00510840510865,2.57731571231e-05
73.0,-0.000400101494896,-0.00510288321455,2.55223941839e-05
73.05,-0.000396477440391,-0.00509737033615,2.52741383278e-05
73.1,-0.000392885592653,-0.00509186649572,2.50283578965e-05
73.15,-0.000389325672381,-0.00508637171506,2.47850317816e-05
73.2,-0.000385797402636,-0.00508088601538,2.45440876048e-05
73.25,-0.000382300508784,-0.00507540941815,2.4305561765e-05
73.3,-0.00037883471855,-0.00506994194325,2.40693700392e-05
73.35,-0.000375399761919,-0.00506453930235,2.38355094065e-05
73.4,-0.000371995356015,-0.00505915006052,2.36039387433e-05
73.45,-0.000368621243175,-0.00505377002935,2.33746583768e-05
73.5,-0.00036527716047,-0.00504839922573,2.31476217705e-05
73.55,-0.000361962847177,-0.00504303766644,2.29228526322e-05
73.6,-0.000358678044798,-0.00503768536695,2.27003223022e-05
73.65,-0.000355422497013,-0.00503234258735,2.24800116901e-05
73.7,-0.000352195949635,-0.00502701693126,2.22618552064e-05
73.75,-0.000348998149661,-0.00502170059497,2.20458860394e-05
73.8,-0.00034582884725,-0.0050163935917,2.18320278479e-05
73.85,-0.000342689507235,-0.00501110458098,2.16202779421e-05
73.9,-0.000339578130446,-0.00500587390472,2.14105983772e-05
73.95,-0.000336494475074,-0.00500065262629,2.12029902136e-05
74.0,-0.000333438300313,-0.00499544075605,2.09974112903e-05
74.05,-0.000330409367369,-0.00499023830427,2.07938831655e-05
74.1,-0.000327407439483,-0.00498504988585,2.05923798962e-05
74.15,-0.000324432281363,-0.0049798747481,2.03928842855e-05
74.2,-0.000321483659806,-0.0049747090712,2.0195336937e-05
74.25,-0.000318561343999,-0.00496955286351,1.99997679004e-05
74.3,-0.000315665105097,-0.00496440613211,1.98061079763e-05
74.35,-0.00031279471616,-0.0049592688845,1.96143547795e-05
74.4,-0.00030994995217,-0.00495414112744,1.94244730259e-05
74.45,-0.000307130589997,-0.00494907775542,1.92364638824e-05
74.5,-0.000304336396687,-0.00494402428091,1.9050290653e-05
74.55,-0.000301567159089,-0.00493898032479,1.88659722029e-05
74.6,-0.000298822659911,-0.00493394589054,1.86834850547e-05
74.65,-0.000296102683687,-0.00492892098134,1.85028136064e-05
74.7,-0.000293407016768,-0.00492390559991,1.83239039798e-05
74.75,-0.000290735447287,-0.00491889974922,1.81467835034e-05
74.8,-0.000288087765187,-0.00491390343105,1.79713894535e-05
74.85,-0.000285465188782,-0.0049089166476,1.77977197291e-05
74.9,-0.000282866057369,-0.00490393940517,1.76257423951e-05
74.95,-0.000280290166538,-0.00489897170506,1.74554585726e-05
75.0,-0.000277737313614,-0.00489403626742,1.7286833693e-05
75.05,-0.000275207290377,-0.00488914054073,1.71198865579e-05
75.1,-0.000272699899998,-0.00488425435943,1.69545956451e-05
75.15,-0.000270214945083,-0.00487937772172,1.67909468605e-05
75.2,-0.0002677522299,-0.00487451632181,1.66288913745e-05
75.25,-0.000265311559828,-0.00486966660726,1.64684541169e-05
75.3,-0.000262892742251,-0.00486482644446,1.63095782516e-05
75.35,-0.00026049558636,-0.00485999583062,1.61522619313e-05
75.4,-0.000258119902963,-0.00485517476238,1.59964762169e-05
75.45,-0.000255765504458,-0.0048503632363,1.58422221861e-05
75.5,-0.000253432204836,-0.00484556124833,1.56894685258e-05
75.55,-0.000251119819651,-0.00484076879435,1.5538231532e-05
75.6,-0.000248828166029,-0.00483600842534,1.53884920098e-05
75.65,-0.000246557056398,-0.00483129367559,1.52402380407e-05
75.7,-0.000244306312418,-0.00482658845555,1.50934252024e-05
75.75,-0.000242075755985,-0.0048218927587,1.49480761196e-05
75.8,-0.000239865210517,-0.00481720657763,1.48041392413e-05
75.85,-0.000237675688698,-0.00481252990522,1.46616129501e-05
75.9,-0.00023550580615,-0.00480786273778,1.45204710497e-05
75.95,-0.000233355391043,-0.00480320506754,1.43807145771e-05
76.0,-0.000231224273008,-0.00479855688619,1.42423151669e-05
76.05,-0.00022911228311,-0.00479391818541,1.41052876707e-05
76.1,-0.000227019253852,-0.00478928895612,1.39696147235e-05
76.15,-0.000224945019153,-0.00478466918905,1.38352848465e-05
76.2,-0.000222889414338,-0.00478005887461,1.37022579377e-05
76.25,-0.000220852276115,-0.00477550007102,1.35705546152e-05
76.3,-0.000218833435784,-0.00477095662949,1.34401290261e-05
76.35,-0.000216832736215,-0.00476642259967,1.33109793447e-05
76.4,-0.00021485001837,-0.00476189797027,1.31830818368e-05
76.45,-0.000212885124552,-0.00475738272993,1.30564375041e-05
76.5,-0.000210937898405,-0.00475287686681,1.29310206533e-05
76.55,-0.000209008184891,-0.00474838036909,1.28068448286e-05
76.6,-0.000207095830297,-0.00474389322426,1.26838943238e-05
76.65,-0.000205200682209,-0.00473941541965,1.25621587767e-05
76.7,-0.000203322589509,-0.00473495016981,1.24416018349e-05
76.75,-0.000201461402125,-0.00473049861854,1.23222423071e-05
76.8,-0.000199616971202,-0.00472605638387,1.2204037866e-05
76.85,-0.000197790137906,-0.00472162345249,1.20869873034e-05
76.9,-0.00019597974859,-0.00471723541484,1.19710691462e-05
76.95,-0.000194185653313,-0.00471286656957,1.18562850691e-05
77.0,-0.000192407711342,-0.00470850697268,1.17426114807e-05
77.05,-0.000190645780708,-0.00470415660909,1.16300607342e-05
77.1,-0.000188899720655,-0.00469981546313,1.15186186214e-05
77.15,-0.000187169391621,-0.00469549099145,1.1408275786e-05
77.2,-0.00018545465475,-0.00469117620269,1.129899933e-05
77.25,-0.00018375537282,-0.00468687060008,1.1190806363e-05
77.3,-0.000182071409814,-0.00468257416704,1.10836584612e-05
77.35,-0.000180402630863,-0.00467828688724,1.09775545791e-05
77.4,-0.000178748902248,-0.00467400874404,1.08724752588e-05
77.45,-0.000177110091383,-0.00466973972077,1.07684214407e-05
77.5,-0.000175486066816,-0.00466547980041,1.06653720482e-05
77.55,-0.000173876698209,-0.00466123145538,1.05633383653e-05
77.6,-0.000172281853895,-0.00465703270209,1.04623078675e-05
77.65,-0.000170701405521,-0.00465284299249,1.03622721508e-05
77.7,-0.000169135226397,-0.00464866229504,1.02632012968e-05
77.75,-0.000167583190667,-0.0046444905913,1.01651108952e-05
77.8,-0.000166045173552,-0.00464032786231,1.00679660959e-05
77.85,-0.000164521873533,-0.00463617408932,9.97176600036e-06
77.9,-0.000163012329792,-0.00463202925597,9.87649299006e-06
77.95,-0.000161516420938,-0.00462789334318,9.78214796937e-06
78.0,-0.00016003402662,-0.00462376633157,9.68871184178e-06
78.05,-0.00015856502751,-0.00461964820179,9.59619490747e-06
78.1,-0.000157109305303,-0.00461553893405,9.50458555091e-06
78.15,-0.000155666742704,-0.00461143850845,9.41387615895e-06
78.2,-0.000154237223419,-0.00460734780217,9.32403963939e-06
78.25,-0.000152820632096,-0.00460327240103,9.23509022002e-06
78.3,-0.000151416854088,-0.00459923100286,9.14699634133e-06
78.35,-0.000150025772703,-0.00459521368222,9.05975768042e-06
78.4,-0.000148647276992,-0.00459120509475,8.97335809683e-06
78.45,-0.000147281255636,-0.00458720521929,8.88779845694e-06
78.5,-0.00014592759827,-0.00458321403443,8.80306145477e-06
78.55,-0.000144586195468,-0.00457923151878,8.71915649317e-06
78.6,-0.000143256938749,-0.00457525765061,8.63607306276e-06
78.65,-0.000141939720557,-0.00457129733568,8.55380429015e-06
78.7,-0.000140634434021,-0.00456734844908,8.47232563285e-06
78.75,-0.00013934097329,-0.00456340816065,8.39165007278e-06
78.8,-0.000138059233564,-0.00455947644807,8.31174893451e-06
78.85,-0.000136789794548,-0.00455555328927,8.23262156838e-06
78.9,-0.000135531856331,-0.00455163866416,8.15425351958e-06
78.95,-0.000134285316973,-0.00454773255043,8.07664562541e-06
79.0,-0.00013305007541,-0.00454383492556,7.99978220893e-06
79.05,-0.000131826031445,-0.00453996067546,7.92367186402e-06
79.1,-0.000130613083394,-0.00453611795912,7.84830539746e-06
79.15,-0.000129411133521,-0.00453228363778,7.77367651379e-06
79.2,-0.000128220084252,-0.00452845768788,7.69976292041e-06
79.25,-0.00012703983885,-0.00452464008602,7.6265764397e-06
79.3,-0.000125870301409,-0.00452083080844,7.55409105126e-06
79.35,-0.000124711376847,-0.00451702983161,7.48230620443e-06
79.4,-0.000123562970896,-0.00451323713186,7.41120879757e-06
79.45,-0.000122424990101,-0.00450945268552,7.34079963094e-06
79.5,-0.000121297341809,-0.00450567646879,7.27106449501e-06
79.55,-0.000120179934165,-0.00450190845788,7.20201123953e-06
79.6,-0.000119072676107,-0.00449814862875,7.13363126723e-06
79.65,-0.000117975477358,-0.00449439695733,7.06591898302e-06
79.7,-0.000116888248417,-0.00449065341948,6.99885416914e-06
79.75,-0.000115810900552,-0.00448692389031,6.93244761623e-06
79.8,-0.000114743345571,-0.00448320376941,6.86667574678e-06
79.85,-0.000113686064373,-0.00447950103482,6.80153810908e-06
79.9,-0.000112638389599,-0.00447583254279,6.73702306402e-06
79.95,-0.000111600236127,-0.00447217205354,6.67313132497e-06
80.0,-0.000110571519211,-0.00446851954203,6.60985000877e-06
80.05,-0.000109552154831,-0.00446487498333,6.547186285e-06
80.1,-0.000108542059696,-0.00446123835223,6.4851323719e-06
80.15,-0.000107541151234,-0.00445761214023,6.42368321648e-06
80.2,-0.000106549347492,-0.00445399884176,6.3628204837e-06
80.25,-0.00010556656714,-0.00445039341161,6.30255403954e-06
80.3,-0.000104592729734,-0.00444679582431,6.24286245248e-06
80.35,-0.000103627755526,-0.00444320605464,6.18374533728e-06
80.4,-0.000102671565456,-0.00443962407726,6.12519193542e-06
80.45,-0.000101724081148,-0.0044360498669,6.06720297678e-06
80.5,-0.000100785224904,-0.00443248339816,6.0097667851e-06
80.55,-9.98549196992e-05,-0.00442892464573,5.9528899157e-06
80.6,-9.89330891762e-05,-0.0044253735841,5.89656532975e-06
80.65,-9.80196576398e-05,-0.00442183018776,5.84078846897e-06
80.7,-9.71145500505e-05,-0.00441829812099,5.78554268662e-06
80.75,-9.6217690827e-05,-0.00441480299037,5.7308371261e-06
80.8,-9.53290063907e-05,-0.00441131542104,5.67665231411e-06
80.85,-9.4448895688e-05,-0.00440783538714,5.62298793019e-06
80.9,-9.35768050759e-05,-0.00440436286416,5.56983422307e-06
80.95,-9.2712662885e-05,-0.00440089782619,5.5171918856e-06
81.0,-9.18563980681e-05,-0.00439744024722,5.46505032898e-06
81.05,-9.10079401935e-05,-0.00439399010133,5.41341554304e-06
81.1,-9.01672194423e-05,-0.00439054736246,5.36228115557e-06
81.15,-8.93341666014e-05,-0.00438711200454,5.31164304972e-06
81.2,-8.85087130589e-05,-0.00438368400151,5.26148611483e-06
81.25,-8.76907907975e-05,-0.00438026695309,5.21181854916e-06
81.3,-8.68803322867e-05,-0.0043768606263,5.16262270456e-06
81.35,-8.60772705913e-05,-0.00437346159192,5.11389833402e-06
81.4,-8.5281539461e-05,-0.00437006982389,5.06563659765e-06
81.45,-8.44930732209e-05,-0.00436668529624,5.01783815561e-06
81.5,-8.37118067686e-05,-0.00436330798294,4.97049340725e-06
81.55,-8.29376755679e-05,-0.00435993785804,4.92360782972e-06
81.6,-8.21706156462e-05,-0.00435657489546,4.8771756567e-06
81.65,-8.14105635881e-05,-0.00435324361599,4.8311931727e-06
81.7,-8.06574550392e-05,-0.00434993279988,4.78564686332e-06
81.75,-7.9911228202e-05,-0.00434662905662,4.74054414381e-06
81.8,-7.91718213445e-05,-0.00434333235964,4.69586897178e-06
81.85,-7.84395652751e-05,-0.00434004268255,4.65162113325e-06
81.9,-7.77139996761e-05,-0.00433676000013,4.60779261188e-06
81.95,-7.69950645262e-05,-0.00433348428602,4.56438403088e-06
82.0,-7.62827003281e-05,-0.00433021551381,4.52138667973e-06
82.05,-7.5576848103e-05,-0.00432695365721,4.47880556303e-06
82.1,-7.48774493879e-05,-0.0043236986898,4.43663545776e-06
82.15,-7.41844462298e-05,-0.00432045058524,4.39487300617e-06
82.2,-7.34977811822e-05,-0.00431720931719,4.35350575333e-06
82.25,-7.28173972992e-05,-0.00431397485948,4.31254052959e-06
82.3,-7.21432381342e-05,-0.00431074718581,4.27196276691e-06
82.35,-7.14752477327e-05,-0.0043075262701,4.23177229591e-06
82.4,-7.08133706299e-05,-0.00430431208623,4.1919618476e-06
82.45,-7.01575518461e-05,-0.00430110460817,4.15253201368e-06
82.5,-6.95077368836e-05,-0.00429790380988,4.1134748941e-06
82.55,-6.88638717211e-05,-0.00429470966541,4.07479506615e-06
82.6,-6.82259028116e-05,-0.00429152644387,4.03648780202e-06
82.65,-6.75937763445e-05,-0.00428837364709,3.99855017027e-06
82.7,-6.69674398318e-05,-0.00428522739988,3.96097084566e-06
82.75,-6.63468411459e-05,-0.00428208913536,3.9237560625e-06
82.8,-6.57319285848e-05,-0.00427896278923,3.88689259017e-06
82.85,-6.51229762676e-05,-0.00427584292938,3.85038030983e-06
82.9,-6.45196016161e-05,-0.00427272953058,3.81421262696e-06
82.95,-6.39217544052e-05,-0.00426962256674,3.77839009807e-06
83.0,-6.33293848506e-05,-0.00426652201173,3.74290555292e-06
83.05,-6.27424436046e-05,-0.00426342783953,3.70776317422e-06
83.1,-6.21608817532e-05,-0.00426034002408,3.67295867786e-06
83.15,-6.15846508115e-05,-0.00425725853938,3.6384893233e-06
83.2,-6.10137027207e-05,-0.00425418860049,3.60434483777e-06
83.25,-6.04479897374e-05,-0.00425112691693,3.57053092874e-06
83.3,-5.98874646083e-05,-0.00424807150249,3.53703557739e-06
83.35,-5.93320805347e-05,-0.00424502233137,3.50385867973e-06
83.4,-5.878179113e-05,-0.00424197937776,3.47099425301e-06
83.45,-5.82365504154e-05,-0.00423894261597,3.43844282259e-06
83.5,-5.76963128167e-05,-0.00423591202029,3.40619788208e-06
83.55,-5.7161033161e-05,-0.00423288756514,3.37426325639e-06
83.6,-5.66306666733e-05,-0.00422986922489,3.3426350652e-06
83.65,-5.61051689734e-05,-0.00422685697398,3.31131083259e-06
83.7,-5.55844960719e-05,-0.00422387584344,3.28028122742e-06
83.75,-5.50686034351e-05,-0.00422090141166,3.24955157647e-06
83.8,-5.45574483375e-05,-0.00421793296784,3.21911088698e-06
83.85,-5.40512580833e-05,-0.00421497048643,3.1889590796e-06
83.9,-5.3549714822e-05,-0.00421201394272,3.15909072512e-06
83.95,-5.30527765642e-05,-0.00420906331127,3.12950631663e-06
84.0,-5.25604016906e-05,-0.00420611856665,3.10019994713e-06
84.05,-5.20725489487e-05,-0.00420317968356,3.07117511258e-06
84.1,-5.15891774505e-05,-0.00420024663667,3.04242829584e-06
84.15,-5.11102466688e-05,-0.00419731940073,3.01395725782e-06
84.2,-5.06357164341e-05,-0.00419439795056,2.98575351952e-06
84.25,-5.01655469311e-05,-0.00419148226112,2.95782182684e-06
84.3,-4.96996986971e-05,-0.00418857842623,2.93015224919e-06
84.35,-4.92381325167e-05,-0.00418568092759,2.90274474403e-06
84.4,-4.87808096149e-05,-0.00418278912994,2.87559438527e-06
84.45,-4.83276915693e-05,-0.00417990300841,2.84870163662e-06
84.5,-4.78787402978e-05,-0.00417702253816,2.82206113581e-06
84.55,-4.74339180548e-05,-0.00417414769445,2.79567607967e-06
84.6,-4.69931874292e-05,-0.00417127845254,2.769543281e-06
84.65,-4.65565113413e-05,-0.00416841478777,2.74366071582e-06
84.7,-4.61238530395e-05,-0.00416555966883,2.71802067955e-06
84.75,-4.56951760519e-05,-0.00416271414568,2.69262751261e-06
84.8,-4.52704442159e-05,-0.00415987483955,2.66747219675e-06
84.85,-4.48498457845e-05,-0.00415706370216,2.64255470817e-06
84.9,-4.44331162792e-05,-0.00415425806369,2.61787064234e-06
84.95,-4.4020220887e-05,-0.00415145784938,2.59342039684e-06
85.0,-4.36111248483e-05,-0.00414866303471,2.56919910105e-06
85.05,-4.32057937112e-05,-0.00414587359527,2.54520967634e-06
85.1,-4.28041933296e-05,-0.00414308950662,2.52144923204e-06
85.15,-4.24062898601e-05,-0.00414031074446,2.49791593632e-06
85.2,-4.20120497596e-05,-0.00413753728454,2.47460278536e-06
85.25,-4.1621439782e-05,-0.00413476910274,2.45151373562e-06
85.3,-4.12344269768e-05,-0.00413200617498,2.42864057934e-06
85.35,-4.08509786857e-05,-0.00412924847731,2.40598329209e-06
85.4,-4.04710625405e-05,-0.00412649598584,2.38353781226e-06
85.45,-4.00946464602e-05,-0.0041237486768,2.36130454648e-06
85.5,-3.97216986494e-05,-0.00412100652645,2.33927907201e-06
85.55,-3.93521875949e-05,-0.00411826951119,2.31746406057e-06
85.6,-3.8986082064e-05,-0.0041155376074,2.29585689187e-06
85.65,-3.86233511021e-05,-0.00411281079156,2.27445590954e-06
85.7,-3.82639640295e-05,-0.00411008904026,2.25325474766e-06
85.75,-3.79078904397e-05,-0.00410737233019,2.23225701995e-06
85.8,-3.7555100197e-05,-0.0041046646352,2.21145526381e-06
85.85,-3.72057493213e-05,-0.00410196454146,2.19084947473e-06
85.9,-3.68596185977e-05,-0.00409926943505,2.17043596951e-06
85.95,-3.65166787444e-05,-0.00409657929286,2.15021512853e-06
86.0,-3.61769007411e-05,-0.00409389409183,2.13018293444e-06
86.05,-3.58402558253e-05,-0.00409121444739,2.11034183e-06
86.1,-3.55067154206e-05,-0.00408856019136,2.09068944893e-06
86.15,-3.51762509188e-05,-0.00408591083391,2.07122434278e-06
86.2,-3.48488345181e-05,-0.00408326714428,2.05194069618e-06
86.25,-3.45244384677e-05,-0.00408063433862,2.03284180945e-06
86.3,-3.42030352054e-05,-0.00407800633254,2.01392090438e-06
86.35,-3.38845974854e-05,-0.00407538310323,1.99517797808e-06
86.4,-3.35690983048e-05,-0.00407276462796,1.9766096796e-06
86.45,-3.32565109016e-05,-0.00407015088411,1.95821636308e-06
86.5,-3.29468087526e-05,-0.00406754184909,1.93999437755e-06
86.55,-3.26399655715e-05,-0.00406493750046,1.92194595525e-06
86.6,-3.23359553065e-05,-0.0040623378158,1.90406893961e-06
86.65,-3.20347521389e-05,-0.00405974277278,1.88636197321e-06
86.7,-3.17363304802e-05,-0.00405715234915,1.86881979238e-06
86.75,-3.14406649707e-05,-0.00405456652283,1.85144541005e-06
86.8,-3.11477304776e-05,-0.00405198527171,1.83423265234e-06
86.85,-3.08576563045e-05,-0.00404940857388,1.81718152509e-06
86.9,-3.05702605263e-05,-0.00404683640792,1.80028898485e-06
86.95,-3.02855187227e-05,-0.00404426875207,1.78355536241e-06
87.0,-3.00034066918e-05,-0.00404170558461,1.76697734054e-06
87.05,-2.9723900448e-05,-0.00403914688396,1.7505569604e-06
87.1,-2.94469762206e-05,-0.00403659262856,1.73429226571e-06
87.15,-2.91726104514e-05,-0.00403404279694,1.71818202791e-06
87.2,-2.89007797935e-05,-0.00403149736774,1.70222146034e-06
87.25,-2.86314611083e-05,-0.0040289563197,1.68641331489e-06
87.3,-2.83646314652e-05,-0.00402642159188,1.67075197553e-06
87.35,-2.81002681202e-05,-0.00402389571477,1.65523745747e-06
87.4,-2.78383485108e-05,-0.00402137417045,1.6398670014e-06
87.45,-2.75788503189e-05,-0.00401886913468,1.62464091544e-06
87.5,-2.73217511459e-05,-0.00401637520876,1.60955622481e-06
87.55,-2.70670291918e-05,-0.00401388553577,1.59461477851e-06
87.6,-2.68146627403e-05,-0.00401140009468,1.57981480027e-06
87.65,-2.65646302698e-05,-0.00400891886457,1.56515517666e-06
87.7,-2.63169104515e-05,-0.00400644182461,1.55063155293e-06
87.75,-2.60714821482e-05,-0.00400397450364,1.53624644143e-06
87.8,-2.58283243649e-05,-0.00400151257705,1.52199473845e-06
87.85,-2.55875442077e-05,-0.00399905479415,1.50787646211e-06
87.9,-2.53489907184e-05,-0.00399660113472,1.49388909862e-06
87.95,-2.51126435472e-05,-0.0039941515783,1.48003293389e-06
88.0,-2.48784825271e-05,-0.00399170610447,1.46630522658e-06
88.05,-2.46464876722e-05,-0.00398926469293,1.45270768171e-06
88.1,-2.4416639176e-05,-0.00398682732342,1.43923868703e-06
88.15,-2.418891741e-05,-0.0039843939758,1.425897234e-06
88.2,-2.39633029218e-05,-0.00398196462999,1.41267936105e-06
88.25,-2.37397764341e-05,-0.00397953926604,1.39958736263e-06
88.3,-2.35183188426e-05,-0.00397711786407,1.38661658845e-06
88.35,-2.32989112148e-05,-0.00397470040429,1.37376705934e-06
88.4,-2.30815347887e-05,-0.00397228686703,1.36103649056e-06
88.45,-2.28661709706e-05,-0.00396987723269,1.34842514817e-06
88.5,-2.26528013345e-05,-0.00396747148176,1.33593054008e-06
88.55,-2.24414076201e-05,-0.00396506959482,1.32355422512e-06
88.6,-2.22319717313e-05,-0.00396267155252,1.31129473977e-06
88.65,-2.20244757354e-05,-0.00396027733559,1.29915117043e-06
88.7,-2.18189018609e-05,-0.00395788692483,1.28711991288e-06
88.75,-2.16152324962e-05,-0.0039555003012,1.27520306277e-06
88.8,-2.14134501889e-05,-0.00395311744567,1.26339638816e-06
88.85,-2.12136436592e-05,-0.00395074468815,1.25169991295e-06
88.9,-2.10156876232e-05,-0.0039483756761,1.2401115668e-06
88.95,-2.08195651281e-05,-0.00394601842421,1.22863159669e-06
89.0,-2.06252592047e-05,-0.00394367382614,1.21725776101e-06
89.05,-2.04327532648e-05,-0.00394133290355,1.20599147588e-06
89.1,-2.02420308142e-05,-0.00393899563763,1.19483141159e-06
89.15,-2.00530755076e-05,-0.00393666200968,1.18377673952e-06
89.2,-1.98658711467e-05,-0.00393433200106,1.17282417925e-06
89.25,-1.96804016795e-05,-0.00393200902431,1.161975644e-06
89.3,-1.94966511767e-05,-0.00392969286617,1.15122728446e-06
89.35,-1.93146038546e-05,-0.00392738028735,1.14057912886e-06
89.4,-1.91342440934e-05,-0.00392507126946,1.13002928807e-06
89.45,-1.89555564136e-05,-0.00392276579422,1.11957799066e-06
89.5,-1.8778525476e-05,-0.00392046384344,1.10922317507e-06
89.55,-1.86031360796e-05,-0.00391816539901,1.0989661431e-06
89.6,-1.84293731607e-05,-0.0039158704429,1.08880568702e-06
89.65,-1.82572217917e-05,-0.00391357895714,1.07874105561e-06
89.7,-1.80866671799e-05,-0.00391129092388,1.06876926338e-06
89.75,-1.79176946661e-05,-0.00390900632536,1.05889205756e-06
89.8,-1.77502897239e-05,-0.00390672514389,1.04910593115e-06
89.85,-1.7584525837e-05,-0.00390444736189,1.0394109109e-06
89.9,-1.74202991318e-05,-0.00390217296211,1.02980527912e-06
89.95,-1.72575954976e-05,-0.00389990192713,1.02028924783e-06
90.0,-1.70964009513e-05,-0.00389763423962,1.01086094199e-06
90.05,-1.69367016363e-05,-0.00389536988233,1.00152155159e-06
90.1,-1.67784838211e-05,-0.0038931088381,9.92269979587e-07
90.15,-1.66217338985e-05,-0.00389085108981,9.83105544942e-07
90.2,-1.64664383847e-05,-0.00388859662046,9.74025530312e-07
90.25,-1.63125839174e-05,-0.00388634541316,9.6503153148e-07
90.3,-1.61601572555e-05,-0.00388409745104,9.56120355697e-07
90.35,-1.6009145278e-05,-0.00388185706472,9.47292030665e-07
90.4,-1.58595349596e-05,-0.00387962178998,9.38544997453e-07
90.45,-1.57113134068e-05,-0.00387738972492,9.29879453841e-07
90.5,-1.55644678527e-05,-0.00387516085291,9.2129369396e-07
90.55,-1.54189856462e-05,-0.00387293515743,9.12788805347e-07
90.6,-1.52748542508e-05,-0.00387071371575,9.04363791131e-07
90.65,-1.51320612044e-05,-0.00386850937557,8.96018039313e-07
90.7,-1.4990594123e-05,-0.00386630817558,8.87749086993e-07
90.75,-1.48504408521e-05,-0.00386411146471,8.79558384936e-07
90.8,-1.47115892998e-05,-0.00386192299672,8.71443026573e-07
90.85,-1.45741003005e-05,-0.00385973761216,8.63403043105e-07
90.9,-1.44378877194e-05,-0.00385755529501,8.55437012848e-07
90.95,-1.43029398192e-05,-0.0038553760291,8.47545117012e-07
91.0,-1.41692449689e-05,-0.00385319979838,8.39725803041e-07
91.05,-1.40367916432e-05,-0.00385102658685,8.31980064426e-07
91.1,-1.3905568421e-05,-0.0038488563786,8.24306994788e-07
91.15,-1.37755639849e-05,-0.00384668915778,8.16706033236e-07
91.2,-1.36467671204e-05,-0.00384452490866,8.09174927156e-07
91.25,-1.35191667143e-05,-0.00384236361558,8.01715006959e-07
91.3,-1.33927517546e-05,-0.00384020526295,7.94323624897e-07
91.35,-1.32675113291e-05,-0.00383804983529,7.87000808552e-07
91.4,-1.22055936007e-05,-0.00383589731718,7.79745264536e-07
91.45,-1.06838335302e-05,-0.00383374509158,7.72556567147e-07
91.5,-1.05839153154e-05,-0.00383159188325,7.65433034765e-07
91.55,-1.04849255569e-05,-0.00382944164603,7.58376487773e-07
91.6,-1.03868557076e-05,-0.0038272943635,7.51386101097e-07
91.65,-1.02896972981e-05,-0.00382515001934,7.44461364574e-07
91.7,-1.01934419357e-05,-0.00382300859732,7.37600225951e-07
91.75,-1.0098081304e-05,-0.00382087008133,7.30803899044e-07
91.8,-1.00036071622e-05,-0.00381873445531,7.24069971383e-07
91.85,-9.9100608699e-06,-0.00381660411899,7.17398469176e-07
91.9,-9.81738382601e-06,-0.00381448036213,7.1078821592e-07
91.95,-9.72556801498e-06,-0.00381235946203,7.0423936761e-07
92.0,-9.6346055062e-06,-0.00381024140291,6.97750637374e-07
92.05,-9.54448844108e-06,-0.00380812616908,6.91322853867e-07
92.1,-9.45520903241e-06,-0.00380601374493,6.53697697604e-07
92.15,-9.36675908566e-06,-0.00380390454814,6.44202035492e-07
92.2,-9.27913139672e-06,-0.00380179817111,6.38269277503e-07
92.25,-9.19231844278e-06,-0.00379969454964,6.32392581544e-07
92.3,-9.1063127154e-06,-0.00379759951708,6.26569777084e-07
92.35,-9.02110675717e-06,-0.00379550780821,6.20800919404e-07
92.4,-8.93669319448e-06,-0.00379341882456,6.15084962997e-07
92.45,-8.85306472255e-06,-0.00379133344736,6.09422075909e-07
92.5,-8.770214086e-06,-0.00378926323062,6.03811115549e-07
92.55,-8.68813406858e-06,-0.00378719570915,5.98252872302e-07
92.6,-8.60681758869e-06,-0.00378513084526,5.92746368459e-07
92.65,-8.52625760522e-06,-0.00378306862415,5.87291531623e-07
92.7,-8.44644714115e-06,-0.0037810090311,5.81886684343e-07
92.75,-8.36737928296e-06,-0.00377895205148,5.76532863206e-07
92.8,-8.28904718007e-06,-0.00377689767075,5.71228090808e-07
92.85,-8.21148508142e-06,-0.00377484587446,5.65972416192e-07
92.9,-8.13464441453e-06,-0.00377279664834,5.60764887387e-07
92.95,-8.05851852622e-06,-0.00377074997813,5.55605659031e-07
93.0,-7.98310082389e-06,-0.00376870584961,5.50493688155e-07
93.05,-7.90838477494e-06,-0.00376666424868,5.45429689812e-07
93.1,-7.83436390629e-06,-0.0037646251613,5.40412778055e-07
93.15,-7.76103180385e-06,-0.00376258857351,5.35442888462e-07
93.2,-7.68838211191e-06,-0.00376055447145,5.30518493235e-07
93.25,-7.61640853271e-06,-0.00375852284132,5.25640538979e-07
93.3,-7.54510482589e-06,-0.00375649366943,5.20807224359e-07
93.35,-7.47446480794e-06,-0.00375446749047,5.16018595566e-07
93.4,-7.40448235045e-06,-0.00375244922596,5.11273786324e-07
93.45,-7.33515136911e-06,-0.00375043339299,5.06572941348e-07
93.5,-7.26646584857e-06,-0.00374841997807,5.01915111042e-07
93.55,-7.19841982834e-06,-0.00374640896778,4.97300948669e-07
93.6,-7.13100740234e-06,-0.00374440034879,4.92729647758e-07
93.65,-7.06422271832e-06,-0.00374239410783,4.88201150854e-07
93.7,-6.9980599775e-06,-0.00374039023173,4.83714066212e-07
93.75,-6.93251343397e-06,-0.0037383887074,4.79269258162e-07
93.8,-6.86757739431e-06,-0.0037363933576,4.74865085505e-07
93.85,-6.80328020817e-06,-0.00373440283524,4.70501593049e-07
93.9,-6.73958161029e-06,-0.0037324146405,4.66177992824e-07
93.95,-6.67647607218e-06,-0.00373042876048,4.61894415773e-07
94.0,-6.61395811581e-06,-0.00372844518234,4.57649997194e-07
94.05,-6.55202231315e-06,-0.00372646389334,4.53445333868e-07
94.1,-6.49066328574e-06,-0.00372448488078,4.49279691564e-07
94.15,-6.42987570424e-06,-0.00372250813208,4.45153018994e-07
94.2,-6.36965428796e-06,-0.0037205336347,4.41064048219e-07
94.25,-6.30999380445e-06,-0.0037185613762,4.37013568422e-07
94.3,-6.25088906909e-06,-0.0037165913442,4.33000084161e-07
94.35,-6.1923349446e-06,-0.00371462352641,4.29023635957e-07
94.4,-6.13432634066e-06,-0.0037126579106,4.2508350548e-07
94.45,-6.07685821348e-06,-0.00371069448465,4.21179813207e-07
94.5,-6.01992556539e-06,-0.00370873323646,4.17311771722e-07
94.55,-5.9635234444e-06,-0.00370678391174,4.13479926248e-07
94.6,-5.9076469026e-06,-0.00370483873434,4.09683615616e-07
94.65,-5.85229109828e-06,-0.00370289569458,4.05922790523e-07
94.7,-5.79745121494e-06,-0.00370095478054,4.02196295632e-07
94.75,-5.74312248011e-06,-0.00369901598041,3.98504851429e-07
94.8,-5.68930016501e-06,-0.00369707928241,3.94847095083e-07
94.85,-5.63600775023e-06,-0.00369514467485,3.6027292919e-07
94.9,-5.5832115905e-06,-0.00369321723581,3.53524376957e-07
94.95,-5.53090734515e-06,-0.00369129317261,3.50279596438e-07
95.0,-5.47909049401e-06,-0.00368937117125,3.47064426231e-07
95.05,-5.42775652886e-06,-0.00368745122032,3.12947023355e-07
95.1,-5.3769007126e-06,-0.00368553372201,3.06635678962e-07
95.15,-5.32651886897e-06,-0.00368361829059,3.03822467143e-07
95.2,-5.27660664289e-06,-0.00368170486818,3.01034910688e-07
95.25,-5.22715968864e-06,-0.00367979344372,2.98273718381e-07
95.3,-5.17817370027e-06,-0.00367788589391,2.95537698704e-07
95.35,-5.12964440811e-06,-0.00367598466531,2.92826623759e-07
95.4,-5.08156757765e-06,-0.00367408541618,2.90140268293e-07
95.45,-5.03393902056e-06,-0.00367218813562,2.87478782951e-07
95.5,-4.98675458683e-06,-0.00367029281279,2.8484156291e-07
95.55,-4.9400101645e-06,-0.00366839943692,2.82228797691e-07
95.6,-4.89370167926e-06,-0.00366650799729,2.79640300264e-07
95.65,-4.84782509418e-06,-0.00366461848327,2.15448487341e-07
95.7,-4.80237592915e-06,-0.00366273170736,2.06619684163e-07
95.75,-4.75735066503e-06,-0.00366084691382,2.04725503657e-07
95.8,-4.71274542918e-06,-0.00365896399933,2.02848576537e-07
95.85,-4.66857966151e-06,-0.0036570829537,2.00988746519e-07
95.9,-4.62482571437e-06,-0.00365520376686,1.99145858727e-07
95.95,-4.58147977419e-06,-0.00365332642876,1.66545497453e-07
96.0,-4.5385378359e-06,-0.00365145134016,1.61596287168e-07
96.05,-4.49599636505e-06,-0.00364957811919,1.60114841864e-07
96.1,-4.45385167763e-06,-0.00364770670961,1.58647298158e-07
96.15,-4.41210009784e-06,-0.00364583710169,1.5719311599e-07
96.2,-4.37073798357e-06,-0.00364396928574,1.55752174428e-07
96.25,-4.32976172615e-06,-0.00364210325218,1.54325136828e-07
96.3,-4.28916775001e-06,-0.00364023899142,1.52911085325e-07
96.35,-4.24895251241e-06,-0.00363837649398,1.51509902472e-07
96.4,-4.20911250312e-06,-0.00363651858332,1.50121471882e-07
96.45,-4.16964424031e-06,-0.00363466543311,1.48745678565e-07
96.5,-4.13054427401e-06,-0.00363281403151,1.47382408576e-07
96.55,-4.09180919008e-06,-0.00363096436914,1.15365269271e-07
96.6,-4.05343540436e-06,-0.00362911684554,1.10898166287e-07
96.65,-4.01541975138e-06,-0.00362727108124,1.09882042585e-07
96.7,-3.97775893299e-06,-0.00362542702089,1.08875164989e-07
96.75,-3.94044965854e-06,-0.00362358465546,7.71728662071e-08
96.8,-3.90348847353e-06,-0.00362174438511,7.30516712082e-08
96.85,-3.86689165198e-06,-0.00361991863118,7.23826049785e-08
96.9,-3.83063627998e-06,-0.00361809816231,7.17196244479e-08
96.95,-3.7947192009e-06,-0.00361627935847,7.10626742124e-08
97.0,-3.75913727868e-06,-0.00361446221071,7.04116997745e-08
97.05,-3.72388740605e-06,-0.00361264671016,6.97666471233e-08
97.1,-3.68896650429e-06,-0.00361083284797,3.84636713377e-08
97.15,-3.65437134162e-06,-0.00360902101718,3.47014725217e-08
97.2,-3.6200990634e-06,-0.00360721084522,3.43835605417e-08
97.25,-3.5861466955e-06,-0.0036054022781,3.43767296266e-09
97.3,-3.55251109455e-06,-0.00360359570852,0.0
97.35,-3.51918948341e-06,-0.00360179076469,0.0
97.4,-3.48617896902e-06,-0.00359998739292,0.0
97.45,-3.45347666498e-06,-0.00359818558492,0.0
97.5,-3.42107971145e-06,-0.00359638533248,0.0
97.55,-3.3889852749e-06,-0.00359458662741,0.0
97.6,-3.35719054785e-06,-0.00359278946159,0.0
97.65,-3.32569274867e-06,-0.00359099382695,0.0
97.7,-3.2944891213e-06,-0.00358919971545,0.0
97.75,-3.26357693505e-06,-0.00358740711912,0.0
97.8,-3.23295348437e-06,-0.00358561603003,0.0
97.85,-3.20263209386e-06,-0.00358382644029,0.0
97.9,-3.17259378612e-06,-0.00358203938845,0.0
97.95,-3.14283593323e-06,-0.0035802585304,0.0
98.0,-3.11335592782e-06,-0.00357847916151,0.0
98.05,-3.08415119136e-06,-0.00357670127396,0.0
98.1,-3.05521916905e-06,-0.00357492486001,0.0
98.15,-3.02655732961e-06,-0.00357314991194,0.0
98.2,-2.99816316505e-06,-0.0035713764221,0.0
98.25,-2.97003419047e-06,-0.00356960438287,0.0
98.3,-2.94216794383e-06,-0.00356783378669,0.0
98.35,-2.91456198577e-06,-0.00356606883623,0.0
98.4,-2.88721389546e-06,-0.00356430715367,0.0
98.45,-2.86012127672e-06,-0.00356254690544,0.0
98.5,-2.83328175715e-06,-0.00356078808405,0.0
98.55,-2.8066929862e-06,-0.00355903068204,0.0
98.6,-2.78035263499e-06,-0.00355727469201,0.0
98.65,-2.75425839608e-06,-0.0035555201066,0.0
98.7,-2.72840798329e-06,-0.00355376691849,0.0
98.75,-2.7027991315e-06,-0.00355201512042,0.0
98.8,-2.67742959647e-06,-0.00355026470516,0.0
98.85,-2.65231040963e-06,-0.00354851566552,0.0
98.9,-2.62742585101e-06,-0.00354676799443,0.0
98.95,-2.60277374172e-06,-0.00354502168478,0.0
99.0,-2.57835192295e-06,-0.00354327672952,0.0
99.05,-2.55415825578e-06,-0.00354153312167,0.0
99.1,-2.53019062099e-06,-0.00353979085426,0.0
99.15,-2.5064469189e-06,-0.00353804992037,0.0
99.2,-2.48292506918e-06,-0.00353631031315,0.0
99.25,-2.45962301066e-06,-0.00353457202576,0.0
99.3,-2.43653870118e-06,-0.00353283505141,0.0
99.35,-2.41367011741e-06,-0.00353109938338,0.0
99.4,-1.44034180866e-06,-0.00352936551679,0.0
99.45,0.0,-0.00352764401881,0.0
99.5,0.0,-0.00352592090719,0.0
99.55,0.0,-0.0035241991928,0.0
99.6,0.0,-0.00352247886759,0.0
99.65,0.0,-0.00352075992354,0.0
99.7,0.0,-0.00351904235269,0.0
99.75,0.0,-0.00351732614714,0.0
99.8,0.0,-0.00351561129905,0.0
99.85,0.0,-0.00351390014527,0.0
99.9,0.0,-0.00351219394527,0.0
99.95,0.0,-0.00351048909287,0.0
100.0,0.0,-0.00350878558034,0.0
