"time","AMPA","NMDA","GABAa"
0.0,0.0,0.0,0.0
0.05,0.0,0.0,0.0
0.1,0.0,0.0,0.0
0.15,0.0,0.0,0.0
0.2,0.0,0.0,0.0
0.25,0.0,0.0,0.0
0.3,0.0,0.0,0.0
0.35,0.0,0.0,0.0
0.4,0.0,0.0,0.0
0.45,0.0,0.0,0.0
0.5,0.0,0.0,0.0
0.55,0.0,0.0,0.0
0.6,0.0,0.0,0.0
0.65,0.0,0.0,0.0
0.7,0.0,0.0,0.0
0.75,0.0,0.0,0.0
0.8,0.0,0.0,0.0
0.85,0.0,0.0,0.0
0.9,0.0,0.0,0.0
0.95,0.0,0.0,0.0
1.0,0.0,0.0,0.0
1.05,0.0,0.0,0.0
1.1,0.0,0.0,0.0
1.15,0.0,0.0,0.0
1.2,0.0,0.0,0.0
1.25,0.0,0.0,0.0
1.3,0.0,0.0,0.0
1.35,0.0,0.0,0.0
1.4,0.0,0.0,0.0
1.45,0.0,0.0,0.0
1.5,0.0,0.0,0.0
1.55,0.0,0.0,0.0
1.6,0.0,0.0,0.0
1.65,0.0,0.0,0.0
1.7,0.0,0.0,0.0
1.75,0.0,0.0,0.0
1.8,0.0,0.0,0.0
1.85,0.0,0.0,0.0
1.9,0.0,0.0,0.0
1.95,0.0,0.0,0.0
2.0,0.0,0.0,0.0
2.05,0.0,0.0,0.0
2.1,0.0,0.0,0.0
2.15,0.0,0.0,0.0
2.2,0.0,0.0,0.0
2.25,0.0,0.0,0.0
2.3,0.0,0.0,0.0
2.35,0.0,0.0,0.0
2.4,0.0,0.0,0.0
2.45,0.0,0.0,0.0
2.5,0.0,0.0,0.0
2.55,0.0,0.0,0.0
2.6,0.0,0.0,0.0
2.65,0.0,0.0,0.0
2.7,0.0,0.0,0.0
2.75,0.0,0.0,0.0
2.8,0.0,0.0,0.0
2.85,0.0,0.0,0.0
2.9,0.0,0.0,0.0
2.95,0.0,0.0,0.0
3.0,0.0,0.0,0.0
3.05,0.0,0.0,0.0
3.1,0.0,0.0,0.0
3.15,0.0,0.0,0.0
3.2,0.0,0.0,0.0
3.25,0.0,0.0,0.0
3.3,0.0,0.0,0.0
3.35,0.0,0.0,0.0
3.4,0.0,0.0,0.0
3.45,0.0,0.0,0.0
3.5,0.0,0.0,0.0
3.55,0.0,0.0,0.0
3.6,0.0,0.0,0.0
3.65,0.0,0.0,0.0
3.7,0.0,0.0,0.0
3.75,0.0,0.0,0.0
3.8,0.0,0.0,0.0
3.85,0.0,0.0,0.0
3.9,0.0,0.0,0.0
3.95,0.0,0.0,0.0
4.0,0.0,0.0,0.0
4.05,0.0,0.0,0.0
4.1,0.0,0.0,0.0
4.15,0.0,0.0,0.0
4.2,0.0,0.0,0.0
4.25,0.0,0.0,0.0
4.3,0.0,0.0,0.0
4.35,0.0,0.0,0.0
4.4,0.0,0.0,0.0
4.45,0.0,0.0,0.0
4.5,0.0,0.0,0.0
4.55,0.0,0.0,0.0
4.6,0.0,0.0,0.0
4.65,0.0,0.0,0.0
4.7,0.0,0.0,0.0
4.75,0.0,0.0,0.0
4.8,0.0,0.0,0.0
4.85,0.0,0.0,0.0
4.9,0.0,0.0,0.0
4.95,0.0,0.0,0.0
5.0,0.0,0.0,0.0
5.05,0.0,0.0,0.0
5.1,0.0,0.0,0.0
5.15,0.0,0.0,0.0
5.2,0.0,0.0,0.0
5.25,0.0,0.0,0.0
5.3,0.0,0.0,0.0
5.35,0.0,0.0,0.0
5.4,0.0,0.0,0.0
5.45,0.0,0.0,0.0
5.5,0.0,0.0,0.0
5.55,0.0,0.0,0.0
5.6,0.0,0.0,0.0
5.65,0.0,0.0,0.0
5.7,0.0,0.0,0.0
5.75,0.0,0.0,0.0
5.8,0.0,0.0,0.0
5.85,0.0,0.0,0.0
5.9,0.0,0.0,0.0
5.95,0.0,0.0,0.0
6.0,0.0,0.0,0.0
6.05,0.0,0.0,0.0
6.1,0.0,0.0,0.0
6.15,0.0,0.0,0.0
6.2,0.0,0.0,0.0
6.25,0.0,0.0,0.0
6.3,0.0,0.0,0.0
6.35,0.0,0.0,0.0
6.4,0.0,0.0,0.0
6.45,0.0,0.0,0.0
6.5,0.0,0.0,0.0
6.55,0.0,0.0,0.0
6.6,0.0,0.0,0.0
6.65,0.0,0.0,0.0
6.7,0.0,0.0,0.0
6.75,0.0,0.0,0.0
6.8,0.0,0.0,0.0
6.85,0.0,0.0,0.0
6.9,0.0,0.0,0.0
6.95,0.0,0.0,0.0
7.0,0.0,0.0,0.0
7.05,0.0,0.0,0.0
7.1,0.0,0.0,0.0
7.15,0.0,0.0,0.0
7.2,0.0,0.0,0.0
7.25,0.0,0.0,0.0
7.3,0.0,0.0,0.0
7.35,0.0,0.0,0.0
7.4,0.0,0.0,0.0
7.45,0.0,0.0,0.0
7.5,0.0,0.0,0.0
7.55,0.0,0.0,0.0
7.6,0.0,0.0,0.0
7.65,0.0,0.0,0.0
7.7,0.0,0.0,0.0
7.75,0.0,0.0,0.0
7.8,0.0,0.0,0.0
7.85,0.0,0.0,0.0
7.9,0.0,0.0,0.0
7.95,0.0,0.0,0.0
8.0,0.0,0.0,0.0
8.05,0.0,0.0,0.0
8.1,0.0,0.0,0.0
8.15,0.0,0.0,0.0
8.2,0.0,0.0,0.0
8.25,0.0,0.0,0.0
8.3,0.0,0.0,0.0
8.35,0.0,0.0,0.0
8.4,0.0,0.0,0.0
8.45,0.0,0.0,0.0
8.5,0.0,0.0,0.0
8.55,0.0,0.0,0.0
8.6,0.0,0.0,0.0
8.65,0.0,0.0,0.0
8.7,0.0,0.0,0.0
8.75,0.0,0.0,0.0
8.8,0.0,0.0,0.0
8.85,0.0,0.0,0.0
8.9,0.0,0.0,0.0
8.95,0.0,0.0,0.0
9.0,0.0,0.0,0.0
9.05,0.0,0.0,0.0
9.1,0.0,0.0,0.0
9.15,0.0,0.0,0.0
9.2,0.0,0.0,0.0
9.25,0.0,0.0,0.0
9.3,0.0,0.0,0.0
9.35,0.0,0.0,0.0
9.4,0.0,0.0,0.0
9.45,0.0,0.0,0.0
9.5,0.0,0.0,0.0
9.55,0.0,0.0,0.0
9.6,0.0,0.0,0.0
9.65,0.0,0.0,0.0
9.7,0.0,0.0,0.0
9.75,0.0,0.0,0.0
9.8,0.0,0.0,0.0
9.85,0.0,0.0,0.0
9.9,0.0,0.0,0.0
9.95,0.0,0.0,0.0
10.0,0.0,0.0,0.0
10.05,0.0,0.0,0.0
10.1,0.0,0.0,0.0
10.15,0.0,0.0,0.0
10.2,0.0,0.0,0.0
10.25,0.0,0.0,0.0
10.3,0.0,0.0,0.0
10.35,0.0,0.0,0.0
10.4,0.0,0.0,0.0
10.45,0.0,0.0,0.0
10.5,0.0,0.0,0.0
10.55,0.0,0.0,0.0
10.6,0.0,0.0,0.0
10.65,0.0,0.0,0.0
10.7,0.0,0.0,0.0
10.75,0.0,0.0,0.0
10.8,0.0,0.0,0.0
10.85,0.0,0.0,0.0
10.9,0.0,0.0,0.0
10.95,0.0,0.0,0.0
11.0,0.0,0.0,0.0
11.05,0.0,0.0,0.0
11.1,0.0,0.0,0.0
11.15,0.0,0.0,0.0
11.2,0.0,0.0,0.0
11.25,0.0,0.0,0.0
11.3,0.0,0.0,0.0
11.35,0.0,0.0,0.0
11.4,0.0,0.0,0.0
11.45,0.0,0.0,0.0
11.5,0.0,0.0,0.0
11.55,0.0,0.0,0.0
11.6,0.0,0.0,0.0
11.65,0.0,0.0,0.0
11.7,0.0,0.0,0.0
11.75,0.0,0.0,0.0
11.8,0.0,0.0,0.0
11.85,0.0,0.0,0.0
11.9,0.0,0.0,0.0
11.95,0.0,0.0,0.0
12.0,0.0,0.0,0.0
12.05,0.0,0.0,0.0
12.1,0.0,0.0,0.0
12.15,0.0,0.0,0.0
12.2,0.0,0.0,0.0
12.25,0.0,0.0,0.0
12.3,0.0,0.0,0.0
12.35,0.0,0.0,0.0
12.4,0.0,0.0,0.0
12.45,0.0,0.0,0.0
12.5,0.0,0.0,0.0
12.55,0.0,0.0,0.0
12.6,0.0,0.0,0.0
12.65,0.0,0.0,0.0
12.7,0.0,0.0,0.0
12.75,0.0,0.0,0.0
12.8,0.0,0.0,0.0
12.85,0.0,0.0,0.0
12.9,0.0,0.0,0.0
12.95,0.0,0.0,0.0
13.0,0.0,0.0,0.0
13.05,0.0,0.0,0.0
13.1,0.0,0.0,0.0
13.15,0.0,0.0,0.0
13.2,0.0,0.0,0.0
13.25,0.0,0.0,0.0
13.3,0.0,0.0,0.0
13.35,0.0,0.0,0.0
13.4,0.0,0.0,0.0
13.45,0.0,0.0,0.0
13.5,0.0,0.0,0.0
13.55,0.0,0.0,0.0
13.6,0.0,0.0,0.0
13.65,0.0,0.0,0.0
13.7,0.0,0.0,0.0
13.75,0.0,0.0,0.0
13.8,0.0,0.0,0.0
13.85,0.0,0.0,0.0
13.9,0.0,0.0,0.0
13.95,0.0,0.0,0.0
14.0,0.0,0.0,0.0
14.05,0.0,0.0,0.0
14.1,0.0,0.0,0.0
14.15,0.0,0.0,0.0
14.2,0.0,0.0,0.0
14.25,0.0,0.0,0.0
14.3,0.0,0.0,0.0
14.35,0.0,0.0,0.0
14.4,0.0,0.0,0.0
14.45,0.0,0.0,0.0
14.5,0.0,0.0,0.0
14.55,0.0,0.0,0.0
14.6,0.0,0.0,0.0
14.65,0.0,0.0,0.0
14.7,0.0,0.0,0.0
14.75,0.0,0.0,0.0
14.8,0.0,0.0,0.0
14.85,0.0,0.0,0.0
14.9,0.0,0.0,0.0
14.95,0.0,0.0,0.0
15.0,0.0,0.0,0.0
15.05,0.0,0.0,0.0
15.1,0.0,0.0,0.0
15.15,0.0,0.0,0.0
15.2,0.0,0.0,0.0
15.25,0.0,0.0,0.0
15.3,0.0,0.0,0.0
15.35,0.0,0.0,0.0
15.4,0.0,0.0,0.0
15.45,0.0,0.0,0.0
15.5,0.0,0.0,0.0
15.55,0.0,0.0,0.0
15.6,0.0,0.0,0.0
15.65,0.0,0.0,0.0
15.7,0.0,0.0,0.0
15.75,0.0,0.0,0.0
15.8,0.0,0.0,0.0
15.85,0.0,0.0,0.0
15.9,0.0,0.0,0.0
15.95,0.0,0.0,0.0
16.0,0.0,0.0,0.0
16.05,0.0,0.0,0.0
16.1,0.0,0.0,0.0
16.15,0.0,0.0,0.0
16.2,0.0,0.0,0.0
16.25,0.0,0.0,0.0
16.3,0.0,0.0,0.0
16.35,0.0,0.0,0.0
16.4,0.0,0.0,0.0
16.45,0.0,0.0,0.0
16.5,0.0,0.0,0.0
16.55,0.0,0.0,0.0
16.6,0.0,0.0,0.0
16.65,0.0,0.0,0.0
16.7,0.0,0.0,0.0
16.75,0.0,0.0,0.0
16.8,0.0,0.0,0.0
16.85,0.0,0.0,0.0
16.9,0.0,0.0,0.0
16.95,0.0,0.0,0.0
17.0,0.0,0.0,0.0
17.05,0.0,0.0,0.0
17.1,0.0,0.0,0.0
17.15,0.0,0.0,0.0
17.2,0.0,0.0,0.0
17.25,0.0,0.0,0.0
17.3,0.0,0.0,0.0
17.35,0.0,0.0,0.0
17.4,0.0,0.0,0.0
17.45,0.0,0.0,0.0
17.5,0.0,0.0,0.0
17.55,0.0,0.0,0.0
17.6,0.0,0.0,0.0
17.65,0.0,0.0,0.0
17.7,0.0,0.0,0.0
17.75,0.0,0.0,0.0
17.8,0.0,0.0,0.0
17.85,0.0,0.0,0.0
17.9,0.0,0.0,0.0
17.95,0.0,0.0,0.0
18.0,0.0,0.0,0.0
18.05,0.0,0.0,0.0
18.1,0.0,0.0,0.0
18.15,0.0,0.0,0.0
18.2,0.0,0.0,0.0
18.25,0.0,0.0,0.0
18.3,0.0,0.0,0.0
18.35,0.0,0.0,0.0
18.4,0.0,0.0,0.0
18.45,0.0,0.0,0.0
18.5,0.0,0.0,0.0
18.55,0.0,0.0,0.0
18.6,0.0,0.0,0.0
18.65,0.0,0.0,0.0
18.7,0.0,0.0,0.0
18.75,0.0,0.0,0.0
18.8,0.0,0.0,0.0
18.85,0.0,0.0,0.0
18.9,0.0,0.0,0.0
18.95,0.0,0.0,0.0
19.0,0.0,0.0,0.0
19.05,0.0,0.0,0.0
19.1,0.0,0.0,0.0
19.15,0.0,0.0,0.0
19.2,0.0,0.0,0.0
19.25,0.0,0.0,0.0
19.3,0.0,0.0,0.0
19.35,0.0,0.0,0.0
19.4,0.0,0.0,0.0
19.45,0.0,0.0,0.0
19.5,0.0,0.0,0.0
19.55,0.0,0.0,0.0
19.6,0.0,0.0,0.0
19.65,0.0,0.0,0.0
19.7,0.0,0.0,0.0
19.75,0.0,0.0,0.0
19.8,0.0,0.0,0.0
19.85,0.0,0.0,0.0
19.9,0.0,0.0,0.0
19.95,0.0,0.0,0.0
20.0,0.0,0.0,0.0
20.05,0.0,0.0,0.0
20.1,0.0,0.0,0.0
20.15,0.0,0.0,0.0
20.2,0.0,0.0,0.0
20.25,0.0,0.0,0.0
20.3,0.0,0.0,0.0
20.35,0.0,0.0,0.0
20.4,0.0,0.0,0.0
20.45,0.0,0.0,0.0
20.5,0.0,0.0,0.0
20.55,0.0,0.0,0.0
20.6,0.0,0.0,0.0
20.65,0.0,0.0,0.0
20.7,0.0,0.0,0.0
20.75,0.0,0.0,0.0
20.8,0.0,0.0,0.0
20.85,0.0,0.0,0.0
20.9,0.0,0.0,0.0
20.95,0.0,0.0,0.0
21.0,0.0,0.0,0.0
21.05,0.0,0.0,0.0
21.1,0.0,0.0,0.0
21.15,0.0,0.0,0.0
21.2,0.0,0.0,0.0
21.25,0.0,0.0,0.0
21.3,0.0,0.0,0.0
21.35,0.0,0.0,0.0
21.4,0.0,0.0,0.0
21.45,0.0,0.0,0.0
21.5,0.0,0.0,0.0
21.55,0.0,0.0,0.0
21.6,0.0,0.0,0.0
21.65,0.0,0.0,0.0
21.7,0.0,0.0,0.0
21.75,0.0,0.0,0.0
21.8,0.0,0.0,0.0
21.85,0.0,0.0,0.0
21.9,0.0,0.0,0.0
21.95,0.0,0.0,0.0
22.0,0.0,0.0,0.0
22.05,0.0,0.0,0.0
22.1,0.0,0.0,0.0
22.15,0.0,0.0,0.0
22.2,0.0,0.0,0.0
22.25,0.0,0.0,0.0
22.3,0.0,0.0,0.0
22.35,0.0,0.0,0.0
22.4,0.0,0.0,0.0
22.45,0.0,0.0,0.0
22.5,0.0,0.0,0.0
22.55,0.0,0.0,0.0
22.6,0.0,0.0,0.0
22.65,0.0,0.0,0.0
22.7,0.0,0.0,0.0
22.75,0.0,0.0,0.0
22.8,0.0,0.0,0.0
22.85,0.0,0.0,0.0
22.9,0.0,0.0,0.0
22.95,0.0,0.0,0.0
23.0,0.0,0.0,0.0
23.05,0.0,0.0,0.0
23.1,0.0,0.0,0.0
23.15,0.0,0.0,0.0
23.2,0.0,0.0,0.0
23.25,0.0,0.0,0.0
23.3,0.0,0.0,0.0
23.35,0.0,0.0,0.0
23.4,0.0,0.0,0.0
23.45,0.0,0.0,0.0
23.5,0.0,0.0,0.0
23.55,0.0,0.0,0.0
23.6,0.0,0.0,0.0
23.65,0.0,0.0,0.0
23.7,0.0,0.0,0.0
23.75,0.0,0.0,0.0
23.8,0.0,0.0,0.0
23.85,0.0,0.0,0.0
23.9,0.0,0.0,0.0
23.95,0.0,0.0,0.0
24.0,0.0,0.0,0.0
24.05,0.0,0.0,0.0
24.1,0.0,0.0,0.0
24.15,0.0,0.0,0.0
24.2,0.0,0.0,0.0
24.25,0.0,0.0,0.0
24.3,0.0,0.0,0.0
24.35,0.0,0.0,0.0
24.4,0.0,0.0,0.0
24.45,0.0,0.0,0.0
24.5,0.0,0.0,0.0
24.55,0.0,0.0,0.0
24.6,0.0,0.0,0.0
24.65,0.0,0.0,0.0
24.7,0.0,0.0,0.0
24.75,0.0,0.0,0.0
24.8,0.0,0.0,0.0
24.85,0.0,0.0,0.0
24.9,0.0,0.0,0.0
24.95,0.0,0.0,0.0
25.0,0.0,0.0,0.0
25.05,0.0,0.0,0.0
25.1,0.0,0.0,0.0
25.15,0.0,0.0,0.0
25.2,0.0,0.0,0.0
25.25,0.0,0.0,0.0
25.3,0.0,0.0,0.0
25.35,0.0,0.0,0.0
25.4,0.0,0.0,0.0
25.45,0.0,0.0,0.0
25.5,0.0,0.0,0.0
25.55,0.0,0.0,0.0
25.6,0.0,0.0,0.0
25.65,0.0,0.0,0.0
25.7,0.0,0.0,0.0
25.75,0.0,0.0,0.0
25.8,0.0,0.0,0.0
25.85,0.0,0.0,0.0
25.9,0.0,0.0,0.0
25.95,0.0,0.0,0.0
26.0,0.0,0.0,0.0
26.05,0.0,0.0,0.0
26.1,0.0,0.0,0.0
26.15,0.0,0.0,0.0
26.2,0.0,0.0,0.0
26.25,0.0,0.0,0.0
26.3,0.0,0.0,0.0
26.35,0.0,0.0,0.0
26.4,0.0,0.0,0.0
26.45,0.0,0.0,0.0
26.5,0.0,0.0,0.0
26.55,0.0,0.0,0.0
26.6,0.0,0.0,0.0
26.65,0.0,0.0,0.0
26.7,0.0,0.0,0.0
26.75,0.0,0.0,0.0
26.8,0.0,0.0,0.0
26.85,0.0,0.0,5.70432590052e-18
26.9,0.0,0.0,7.70856400236e-06
26.95,0.0,0.0,1.36582583061e-05
27.0,0.0,0.0,1.82504010673e-05
27.05,0.0,0.0,2.95033074685e-05
27.1,0.0,0.0,4.58971841983e-05
27.15,0.0,0.0,5.85504427256e-05
27.2,0.0,0.0,6.8316576255e-05
27.25,0.0,0.0,7.58543395517e-05
27.3,0.0,0.0,8.93807451834e-05
27.35,0.0,0.0,9.98207963499e-05
27.4,0.0,0.0,0.000107878686735
27.45,0.0,0.0,0.000121806543659
27.5,0.0,0.0,0.000140265011897
27.55,0.0,0.0,0.000154511750945
27.6,0.0,0.0,0.000165507753764
27.65,0.0,0.0,0.000173994765022
27.7,0.0,0.0,0.00018054526238
27.75,0.0,0.0,0.000185601102548
27.8,0.0,0.0,0.000189503304884
27.85,0.0,0.0,0.000192458910616
27.9,0.0,0.0,0.000194439786037
27.95,0.0,0.0,0.00019590278009
28.0,0.0,0.0,0.000196910435714
28.05,0.0,0.0,0.000197266917924
28.1,0.0,0.0,0.000197111718987
28.15,0.0,0.0,0.000196797202129
28.2,0.0,0.0,0.00019636144278
28.25,0.0,0.0,0.000203486166208
28.3,0.0,0.0,0.000208495299679
28.35,0.0,0.0,0.000212107695597
28.4,0.0,0.0,0.000214588385686
28.45,0.0,0.0,0.00021589724641
28.5,0.0,0.0,0.000224002767073
28.55,0.0,0.0,0.000229883120393
28.6,0.0,0.0,0.000234049413499
28.65,0.0,0.0,0.000236895802267
28.7,0.0,0.0,0.000238726719345
28.75,0.0,0.0,0.000239777087556
28.8,0.0,0.0,0.000240228546452
28.85,0.0,0.0,0.00024022069417
28.9,0.0,0.0,0.000247570329472
28.95,0.0,0.0,0.000253141976837
29.0,0.0,0.0,0.000258524373185
29.05,0.0,0.0,0.000262389327974
29.1,0.0,0.0,0.000265085697212
29.15,0.0,0.0,0.000274591002696
29.2,0.0,0.0,0.000281589385794
29.25,0.0,0.0,0.000286411224015
29.3,0.0,0.0,0.000289790353022
29.35,0.0,0.0,0.000292058772658
29.4,0.0,0.0,0.000293472903386
29.45,0.0,0.0,0.000294174741643
29.5,0.0,0.0,0.000294085701237
29.55,0.0,0.0,0.000293623666965
29.6,0.0,0.0,0.000293115116439
29.65,0.0,0.0,0.00029404093592
29.7,0.0,0.0,0.000294424118404
29.75,0.0,0.0,0.000294391714331
29.8,0.0,0.0,0.000294041216261
29.85,0.0,0.0,0.00029339187427
29.9,0.0,0.0,0.000292270611971
29.95,0.0,0.0,0.000291012635873
30.0,0.0,0.0,0.000289572401691
30.05,0.0,0.0,0.000290386473477
30.1,0.0,0.0,0.000290566601026
30.15,0.0,0.0,0.000290016595002
30.2,0.0,0.0,0.000289140958464
30.25,0.0,0.0,0.000288018262103
30.3,0.0,0.0,0.000286708617622
30.35,0.0,0.0,0.000285459033825
30.4,0.0,0.0,0.000286708086588
30.45,0.0,0.0,0.000287284560456
30.5,0.0,0.0,0.000287345982771
30.55,0.0,0.0,0.000287012626032
30.6,0.0,0.0,0.000286365893482
30.65,0.0,0.0,0.000285435179543
30.7,0.0,0.0,0.000285820463004
30.75,0.0,0.0,0.000285738135094
30.8,0.0,0.0,0.000285298054298
30.85,0.0,0.0,0.000284782079663
30.9,0.0,0.0,0.000286753008024
30.95,0.0,0.0,0.000287950677012
31.0,0.0,0.0,0.00028853757096
31.05,0.0,0.0,0.00028880311256
31.1,0.0,0.0,0.000293124746092
31.15,0.0,0.0,0.000296176913309
31.2,0.0,0.0,0.000298251317145
31.25,0.0,0.0,0.00029957378063
31.3,0.0,0.0,0.000300318159788
31.35,0.0,0.0,0.000300599810557
31.4,0.0,0.0,0.000300243932187
31.45,0.0,0.0,0.000299634005486
31.5,0.0,0.0,0.000298831221038
31.55,0.0,0.0,0.000297882629843
31.6,0.0,0.0,0.000296824164731
31.65,0.0,0.0,0.000295673488551
31.7,0.0,0.0,0.000294162813759
31.75,0.0,0.0,0.000292838412082
31.8,0.0,0.0,0.000293456257585
31.85,0.0,0.0,0.000293585383505
31.9,0.0,0.0,0.00029305839996
31.95,0.0,0.0,0.000292263231845
32.0,0.0,0.0,0.00029126474321
32.05,0.0,0.0,0.000290080720953
32.1,0.0,0.0,0.000288184947659
32.15,0.0,0.0,0.000286214811757
32.2,0.0,0.0,0.000284191875097
32.25,0.0,0.0,0.000282132587908
32.3,0.0,0.0,0.000280049496845
32.35,0.0,0.0,0.000277952410834
32.4,0.0,0.0,0.000275849439753
32.45,0.0,0.0,0.000273745759637
32.5,0.0,0.0,0.000271646000637
32.55,0.0,0.0,0.000269553572492
32.6,0.0,0.0,0.000267471391512
32.65,0.0,0.0,0.00026540101261
32.7,0.0,0.0,0.000263568325067
32.75,0.0,0.0,0.000263726853302
32.8,0.0,0.0,0.000263144834327
32.85,0.0,0.0,0.000262230545076
32.9,0.0,0.0,0.000261064450845
32.95,0.0,0.0,0.00025990746708
33.0,0.0,0.0,0.000261379877066
33.05,0.0,0.0,0.000265956919426
33.1,0.0,0.0,0.000269121785066
33.15,0.0,0.0,0.000271199509851
33.2,0.0,0.0,0.000272441633095
33.25,0.0,0.0,0.000273258297817
33.3,0.0,0.0,0.000275777910364
33.35,0.0,0.0,0.000277417542515
33.4,0.0,0.0,0.000278380935369
33.45,0.0,0.0,0.000278824863087
33.5,0.0,0.0,0.000278870677444
33.55,0.0,0.0,0.000278611704767
33.6,0.0,0.0,0.00027812061694
33.65,0.0,0.0,0.000277452556153
33.7,0.0,0.0,0.000276636159537
33.75,0.0,0.0,0.00027557411914
33.8,0.0,0.0,0.000278451866131
33.85,0.0,0.0,0.000282458417813
33.9,0.0,0.0,0.000285291094456
33.95,0.0,0.0,0.000287200741654
34.0,0.0,0.0,0.000288089772463
34.05,0.0,0.0,0.000288155272375
34.1,0.0,0.0,0.000287823539401
34.15,0.0,0.0,0.000287397326675
34.2,0.0,0.0,0.000289124808767
34.25,0.0,0.0,0.000290115474604
34.3,0.0,0.0,0.00029025445213
34.35,0.0,0.0,0.000289974438671
34.4,0.0,0.0,0.000289374683404
34.45,0.0,0.0,0.000288531372367
34.5,0.0,0.0,0.000287503751243
34.55,0.0,0.0,0.000286557779592
34.6,0.0,0.0,0.000287599111554
34.65,0.0,0.0,0.000288083794124
34.7,0.0,0.0,0.000288141851433
34.75,0.0,0.0,0.000287845931502
34.8,0.0,0.0,0.000286990902735
34.85,0.0,0.0,0.000285655162648
34.9,0.0,0.0,0.000284187626605
34.95,0.0,0.0,0.000282622080027
35.0,0.0,0.0,0.000280984997613
35.05,0.0,0.0,0.000279296558951
35.1,0.0,0.0,0.000277572021492
35.15,0.0,0.0,0.000275805959639
35.2,0.0,0.0,0.000273972435791
35.25,0.0,0.0,0.000273598762351
35.3,0.0,0.0,0.000273050152915
35.35,0.0,0.0,0.000275928597506
35.4,0.0,0.0,0.000277773521926
35.45,0.0,0.0,0.000278823939379
35.5,0.0,0.0,0.000279264693947
35.55,0.0,0.0,0.000279222704302
35.6,0.0,0.0,0.000278524692719
35.65,0.0,0.0,0.000277559281466
35.7,0.0,0.0,0.000276391567258
35.75,0.0,0.0,0.000275071443483
35.8,0.0,0.0,0.000273637750974
35.85,0.0,0.0,0.000272119928671
35.9,0.0,0.0,0.00027054076981
35.95,0.0,0.0,0.000268917751737
36.0,0.0,0.0,0.000267264693248
36.05,0.0,0.0,0.000265835217082
36.1,0.0,0.0,0.00026590156583
36.15,0.0,0.0,0.000265615748388
36.2,0.0,0.0,0.000265050706559
36.25,0.0,0.0,0.000263981656517
36.3,0.0,0.0,0.000262735856596
36.35,0.0,0.0,0.00026108210573
36.4,0.0,0.0,0.000259352455523
36.45,0.0,0.0,0.000257568120747
36.5,0.0,0.0,0.000255745770239
36.55,0.0,0.0,0.000254088580659
36.6,0.0,0.0,0.000255393171573
36.65,0.0,0.0,0.000260445435644
36.7,0.0,0.0,0.000263984738264
36.75,0.0,0.0,0.000266359780374
36.8,0.0,0.0,0.000267839423858
36.85,0.0,0.0,0.000268631057977
36.9,0.0,0.0,0.000268894530094
36.95,0.0,0.0,0.000268753428312
37.0,0.0,0.0,0.000268303114944
37.05,0.0,0.0,0.000267606159817
37.1,0.0,0.0,0.000266596342173
37.15,0.0,0.0,0.000268953166563
37.2,0.0,0.0,0.00027041332321
37.25,0.0,0.0,0.000271184678616
37.3,0.0,0.0,0.000271427734057
37.35,0.0,0.0,0.00027126611116
37.4,0.0,0.0,0.000270795019616
37.45,0.0,0.0,0.000270289582875
37.5,0.0,0.0,0.000272182084529
37.55,0.0,0.0,0.000273328557081
37.6,0.0,0.0,0.000273589263024
37.65,0.0,0.0,0.000273315492677
37.7,0.0,0.0,0.000275836500231
37.75,0.0,0.0,0.000277408233714
37.8,2.15993889441e-16,3.65489045199e-17,0.000278250578346
37.85,7.98808329398e-05,8.46390776074e-07,0.000278692729478
37.9,0.000154795669012,1.70382657271e-06,0.000282352901611
37.95,0.000225014975925,2.5836923064e-06,0.000284851485771
38.0,0.000290858642113,3.4988841521e-06,0.000286456405005
38.05,0.000352584904326,4.46666248812e-06,0.000287593097052
38.1,0.000410455746042,5.49048870037e-06,0.000290316818479
38.15,0.000464716135727,6.58793615068e-06,0.000291850498252
38.2,0.000515579515886,7.76659158519e-06,0.000292919454341
38.25,0.000563276984045,9.03330004376e-06,0.00029566630954
38.3,0.000607981383207,1.04022911406e-05,0.000297508219333
38.35,0.000649906537145,1.18733518968e-05,0.000298654127689
38.4,0.000689200848768,1.34607454149e-05,0.000299265273734
38.45,0.000726049451571,1.51707648826e-05,0.000299447302445
38.5,0.000760591125661,1.70054049901e-05,0.000299017528086
38.55,0.000792977848746,1.8979329295e-05,0.000298353532623
38.6,0.000823341679847,2.10892141485e-05,0.000297512424725
38.65,0.000851806773347,2.33460771862e-05,0.000296514869171
38.7,0.000878498043473,2.57563391175e-05,0.000295120019853
38.75,0.000903516346367,2.83150935185e-05,0.000293828199478
38.8,0.000903516346367,2.95398340152e-05,0.000295830267622
38.85,0.000894975715403,3.07340286303e-05,0.000297249281477
38.9,0.000886515592469,3.18865759128e-05,0.000299280152463
38.95,0.000878135221,3.29937490074e-05,0.000300497843276
39.0,0.000869833851517,3.40548757169e-05,0.000301091299185
39.05,0.000861610741559,3.50704466472e-05,0.000301190168741
39.1,0.00085346515562,3.60406474341e-05,0.000300624518692
39.15,0.000845396365081,3.69675877952e-05,0.000299784587501
39.2,0.00083740364815,3.78521278619e-05,0.000298720555942
39.25,0.000829486289792,3.86949863829e-05,0.000297201010067
39.3,0.000821643581674,3.94978597966e-05,0.000295569078292
39.35,0.000813874822093,4.02625932097e-05,0.000293854479405
39.4,0.000806179315925,4.09896587158e-05,0.000292080405663
39.45,0.000798556374553,4.16806985974e-05,0.000290264185237
39.5,0.000791005315814,4.2335884367e-05,0.000288419671356
39.55,0.000783525463936,4.29569664069e-05,0.000286557022537
39.6,0.000776116149476,4.35456380731e-05,0.00028468501548
39.65,0.000768776709266,4.41022356389e-05,0.000282809299723
39.7,0.000761506486349,4.46279577802e-05,0.000280934615937
39.75,0.000754304829926,4.51239110421e-05,0.000279040206415
39.8,0.000747171095295,4.55914570536e-05,0.000276856887644
39.85,0.00074010834251,4.60339207237e-05,0.000274678623742
39.9,0.000733112166575,4.64515578788e-05,0.000272217813079
39.95,0.000726181941843,4.68467897388e-05,0.000269778778587
40.0,0.000719317048525,4.72208476213e-05,0.000267361585259
40.05,0.000712516872636,4.75756746239e-05,0.000264965785216
40.1,0.000705780805942,4.79103298131e-05,0.000262591878193
40.15,0.000699108245907,4.82272576661e-05,0.000260239212142
40.2,0.000692498595635,4.8526287428e-05,0.000257907621391
40.25,0.000685951263825,4.88086698335e-05,0.000255784270544
40.3,0.000679465664711,4.90738117086e-05,0.00025661716262
40.35,0.000673041218017,4.93054601834e-05,0.000256798504959
40.4,0.0006666773489,4.9507477431e-05,0.000256481606816
40.45,0.000660373487905,4.96862875643e-05,0.000255783759081
40.5,0.00065412907091,4.98434414388e-05,0.000254796129035
40.55,0.000647943539079,4.99817317164e-05,0.000253588630493
40.6,0.00064181633881,5.01039635937e-05,0.000252215806512
40.65,0.00063574692169,5.02125843159e-05,0.000250719158026
40.7,0.000629734744443,5.03081217565e-05,0.000249334081996
40.75,0.000623779268885,5.03906496206e-05,0.000250413631637
40.8,0.000617879961873,5.04455834927e-05,0.000250865687941
40.85,0.000612039353946,5.04781575251e-05,0.000250836591791
40.9,0.000606253802355,5.0492483573e-05,0.000250439985855
40.95,0.000600522789712,5.04917798725e-05,0.000249762637672
41.0,0.000594845803479,5.04785826572e-05,0.000248871891175
41.05,0.000589222335915,5.04548952494e-05,0.000247819695924
41.1,0.000583651884036,5.04223065248e-05,0.000246646515271
41.15,0.000578133949568,5.03820803829e-05,0.000245383037611
41.2,0.000572668038903,5.03352308919e-05,0.00024405309722
41.25,0.00056725366306,5.02825760849e-05,0.000242653642914
41.3,0.000561890337634,5.02249137288e-05,0.000240923449083
41.35,0.000556577582759,5.0164623775e-05,0.000239176394181
41.4,0.000551314923066,5.01020370722e-05,0.000237774144783
41.45,0.000546101887637,5.0035228437e-05,0.000242977711469
41.5,0.000540938009967,4.99236415365e-05,0.000249246136334
41.55,0.000535822827921,4.97627567626e-05,0.000253807523057
41.6,0.000530755883693,4.9567205699e-05,0.00025705417668
41.65,0.000525736723768,4.93453890739e-05,0.000259288222589
41.7,0.000520764898879,4.91046076367e-05,0.000260724641966
41.75,0.000515839963969,4.88531195612e-05,0.000261264474823
41.8,0.000510961478151,4.85946716644e-05,0.000261350817293
41.85,0.000506131534079,4.8333599888e-05,0.000261218202132
41.9,0.000501347119345,4.80716325918e-05,0.000265254441544
41.95,0.000496607806094,4.77838405385e-05,0.000268075716771
42.0,0.000491913170475,4.74808023648e-05,0.000269961861646
42.05,0.000487262792608,4.7166784377e-05,0.000271128832014
42.1,0.000482656256547,4.68488482573e-05,0.000271913034039
42.15,0.000478093150238,4.65275965908e-05,0.000275661968599
42.2,0.000473573065489,4.61889166974e-05,0.000278311197541
42.25,0.00046909559793,4.58391690952e-05,0.000280114108802
42.3,0.000464660346981,4.54838616297e-05,0.000281266201557
42.35,0.000460266915811,4.51281344439e-05,0.000281917709762
42.4,0.000455914911309,4.47731815003e-05,0.000282138421601
42.45,0.000451603944045,4.44230549347e-05,0.000281453599027
42.5,0.00044733362824,4.40811942331e-05,0.000280259506846
42.55,0.000443103581725,4.37496271072e-05,0.000278911184205
42.6,0.000438913425914,4.34298326549e-05,0.000277447777735
42.65,0.000434762785769,4.3119795953e-05,0.000276058523055
42.7,0.000430651289765,4.28211995191e-05,0.00027825385008
42.75,0.000426578569857,4.25139588714e-05,0.000279571457993
42.8,0.000422544261451,4.22049686172e-05,0.000280215182875
42.85,0.000418550095083,4.18962908272e-05,0.000280309398847
42.9,0.000414593579619,4.15913059211e-05,0.000279714031153
42.95,0.000410674361237,4.12930740459e-05,0.000278825321779
43.0,0.000406792089431,4.10020287312e-05,0.000277713831365
43.05,0.000402946416978,4.07199637283e-05,0.00027643392122
43.1,0.000399136999906,4.04457104545e-05,0.000275003035021
43.15,0.000395363497465,4.01812584308e-05,0.000273398896402
43.2,0.000391625572095,3.99250999574e-05,0.000273929760154
43.25,0.000387922889401,3.96695015607e-05,0.000273913962974
43.3,0.000384255118117,3.94153253778e-05,0.000273479982357
43.35,0.000380621930082,3.91657419803e-05,0.000272726831194
43.4,0.000377023000208,3.8920817694e-05,0.00027173152051
43.45,0.000373458006453,3.86821883121e-05,0.000270553150571
43.5,0.000369926629793,3.84497139653e-05,0.000269236965231
43.55,0.00036642855419,3.82238217782e-05,0.000267817792698
43.6,0.00036296346657,3.800500517e-05,0.000266322702517
43.65,0.000359531056791,3.7792158518e-05,0.000264746259423
43.7,0.000356131017616,3.75871603503e-05,0.000262835395134
43.75,0.000352763044688,3.7388993559e-05,0.000260905500518
43.8,0.000349426836502,3.71986553387e-05,0.000259114781262
43.85,0.000346123824142,3.70149498589e-05,0.000261212087248
43.9,0.00034285194754,3.68223000278e-05,0.000262420504144
43.95,0.000339610914101,3.66264822339e-05,0.000262946773831
44.0,0.000336400433971,3.64284646643e-05,0.000262949996691
44.05,0.00033322022001,3.62311522575e-05,0.000262693300736
44.1,0.000330069987767,3.60357415181e-05,0.000266262721963
44.15,0.000326949455456,3.58275764378e-05,0.000268639920815
44.2,0.00032385834393,3.561371113e-05,0.000269814338768
44.25,0.000320796376656,3.53966012396e-05,0.000270299256064
44.3,0.000317763279691,3.51808405717e-05,0.000270255562209
44.35,0.00031475878166,3.49667183483e-05,0.000269807562004
44.4,0.000311782613729,3.47567037291e-05,0.000269051441787
44.45,0.000308834509581,3.4551042653e-05,0.000268061406189
44.5,0.000305914205396,3.43504264635e-05,0.000266894296285
44.55,0.000303021439825,3.41557283092e-05,0.000265593901626
44.6,0.000300155953968,3.39658835333e-05,0.00026419416201
44.65,0.000297317491349,3.37830029392e-05,0.000262721520184
44.7,0.000294505797898,3.36050782459e-05,0.000261414509902
44.75,0.000291720621922,3.343228041e-05,0.000262224961592
44.8,0.00028896171409,3.32580037744e-05,0.000262487508457
44.85,0.00028623025785,3.30830793553e-05,0.000262057096565
44.9,0.000283524549608,3.29114483213e-05,0.00026133008893
44.95,0.000280844347403,3.27424820511e-05,0.000260378081018
45.0,0.000278189411535,3.25769507799e-05,0.00025925575289
45.05,0.000275559504552,3.24161832393e-05,0.000257975094973
45.1,0.000272954391225,3.22591423822e-05,0.000256304417315
45.15,0.000270373838527,3.21075723019e-05,0.000254758961022
45.2,0.000267817615617,3.196107442e-05,0.000256103853435
45.25,0.000265285493811,3.18103167698e-05,0.000256747173519
45.3,0.000262777246572,3.16583991385e-05,0.000256852360448
45.35,0.000260292649483,3.15069125359e-05,0.00025654596915
45.4,0.000257831480228,3.13562567624e-05,0.00025610267678
45.45,0.000255393518575,3.12079011252e-05,0.000258607250594
45.5,0.000252978546355,3.10532538761e-05,0.000260201386934
45.55,0.000250586347444,3.08945884868e-05,0.00026109582107
45.6,0.000248216707741,3.07356516716e-05,0.000261453483892
45.65,0.000245869415152,3.05765308043e-05,0.000261612231684
45.7,0.000243544259571,3.04181777611e-05,0.000263739424768
45.75,0.000241241032858,3.02562642911e-05,0.000264801617196
45.8,0.000238959528827,3.00925570364e-05,0.000265279844004
45.85,0.00023670072614,2.99300559346e-05,0.000265310651375
45.9,0.000234463215996,2.97690178141e-05,0.000264998905012
45.95,0.000232246798301,2.96102502238e-05,0.000264425906145
46.0,0.000230051274835,2.94552944729e-05,0.000263654079565
46.05,0.000227876449234,2.93031952165e-05,0.000262731710401
46.1,0.000225722126973,2.91552223455e-05,0.000261696319478
46.15,0.00022358811535,2.90111674442e-05,0.000260555129524
46.2,0.000221474223465,2.88705100075e-05,0.000259190518388
46.25,0.00021938026221,2.87348962025e-05,0.000262042686078
46.3,0.000217306044246,2.8593402772e-05,0.000263895736223
46.35,0.000215251383988,2.84484244722e-05,0.000264980974116
46.4,0.000213216097592,2.83035300376e-05,0.000265453195166
46.45,0.000211200002935,2.81586416546e-05,0.000265177088127
46.5,0.0002092029196,2.80159824982e-05,0.000264726884186
46.55,0.00020722466886,2.78763762744e-05,0.000267521117514
46.6,0.000205265073664,2.77316217756e-05,0.000269318797207
46.65,0.000203323958618,2.75852808614e-05,0.000270333510497
46.7,0.000201401149972,2.74386771e-05,0.000270462472926
46.75,0.000199496475604,2.72933697392e-05,0.000270146440623
46.8,0.000197609765006,2.71516029557e-05,0.00026949042313
46.85,0.000195741827492,2.70125366609e-05,0.000268575876195
46.9,0.000193891498041,2.68772603607e-05,0.000267465221584
46.95,0.000192058611184,2.67462647807e-05,0.000266207242995
47.0,0.000190243003,2.66188413387e-05,0.000265043515337
47.05,0.000188444511105,2.64954536662e-05,0.000266289162417
47.1,0.000186662974634,2.63710356885e-05,0.000267035419295
47.15,0.00018489823423,2.62460707779e-05,0.000271678624603
47.2,0.000183150132028,2.61140310477e-05,0.000275127188726
47.25,0.000181418511642,2.59772634903e-05,0.000279671591198
47.3,0.00017970321815,2.58335791083e-05,0.000282852125566
47.35,0.000178004098083,2.56874212725e-05,0.000284982879045
47.4,0.000176320999408,2.55394506213e-05,0.000286306249366
47.45,0.000174653771516,2.53924299384e-05,0.000287009580496
47.5,0.000173002265211,2.52469490066e-05,0.000287378195536
47.55,0.000171366332693,2.51035319286e-05,0.000290546408137
47.6,0.000169745827546,2.49579365454e-05,0.000292651931444
47.65,0.000168140604728,2.48110689038e-05,0.000293940236629
47.7,0.000166550520556,2.46660421588e-05,0.00029460131842
47.75,0.00016497543269,2.45224665955e-05,0.000294781356074
47.8,0.000163415200128,2.43820038073e-05,0.000294592620809
47.85,0.000161870492139,2.42448625161e-05,0.000294122156772
47.9,0.000160340345299,2.41110188329e-05,0.000293437122118
47.95,0.000158824622771,2.39817761597e-05,0.00029258958109
48.0,0.000157323189,2.38559150735e-05,0.000291601058497
48.05,0.0001558359097,2.3734301457e-05,0.000290223172255
48.1,0.000154362651842,2.36172174052e-05,0.000288750986286
48.15,0.000152903283646,2.3504027547e-05,0.000286940018367
48.2,0.000151457674563,2.3395977348e-05,0.000285088724209
48.25,0.000150025695268,2.32923713212e-05,0.000282926278572
48.3,0.000148607217648,2.31931561783e-05,0.000280762752822
48.35,0.000147202114789,2.30986973387e-05,0.000278602770929
48.4,0.000145810260966,2.30087499492e-05,0.000276449863663
48.45,0.000144431531633,2.29226202563e-05,0.000274306951001
48.5,0.000143065803409,2.28401422464e-05,0.000272150591795
48.55,0.00014171295407,2.2761844182e-05,0.000269712355885
48.6,0.000140372862538,2.26875167727e-05,0.00026729569719
48.65,0.000139045408867,2.26167619336e-05,0.000264900732141
48.7,0.000137730474237,2.25494123947e-05,0.000262527409398
48.75,0.00013642794094,2.24853765762e-05,0.000260175843664
48.8,0.000135137692371,2.24250265823e-05,0.000257845083132
48.85,0.000133860281991,2.23675955461e-05,0.00025553494659
48.9,0.000132594913085,2.23129516865e-05,0.000253245254372
48.95,0.000131341472496,2.22609689302e-05,0.000250976040977
49.0,0.000130099848124,2.22115273962e-05,0.000248726912932
49.05,0.000128869928922,2.21645136245e-05,0.000246498533096
49.1,0.000127651604881,2.21201812673e-05,0.000244289873351
49.15,0.000126444767021,2.20781352513e-05,0.000242101040105
49.2,0.000125249307386,2.20381832443e-05,0.000239931986437
49.25,0.000124065119028,2.20002336266e-05,0.000237782817179
49.3,0.000122892096004,2.19641989761e-05,0.000235652662443
49.35,0.000121730133361,2.19299971182e-05,0.000233541356615
49.4,0.000120579127129,2.18975499294e-05,0.000231448735493
49.45,0.000119438974313,2.18668465495e-05,0.000229374830605
49.5,0.000118309572884,2.18377613394e-05,0.000227319282344
49.55,0.000117190821767,2.18102183405e-05,0.00022528269652
49.6,0.000116082620834,2.17842421407e-05,0.000223264133501
49.65,0.000114984870895,2.17598078497e-05,0.000221263690539
49.7,0.000113897473692,2.17367153206e-05,0.000219281324749
49.75,0.000112820331885,2.1714909548e-05,0.000217317131942
49.8,0.000111753349046,2.16943377989e-05,0.000215370317099
49.85,0.000110696982864,2.16749506318e-05,0.000213440728861
49.9,0.00010965057449,2.16567018073e-05,0.000211528217158
49.95,0.000108614030346,2.16395463427e-05,0.000209632810806
50.0,0.000107587257731,2.16234411088e-05,0.000207754181148
50.05,0.000106570164813,2.1608345189e-05,0.000205892881852
50.1,0.000105562660619,2.15942186449e-05,0.000204048054159
50.15,0.000104564655027,2.15810242541e-05,0.000202219786951
50.2,0.000103576058763,2.15687261823e-05,0.000200408041036
50.25,0.000102596783384,2.15572900725e-05,0.000198612903975
50.3,0.00010162674128,2.15466828073e-05,0.000196833649179
50.35,0.000100665845659,2.15368734809e-05,0.000195070138313
50.4,9.9714010542e-05,2.15278325556e-05,0.000193322234226
50.45,9.87711507572e-05,2.15195317933e-05,0.000191589963252
50.5,9.78371819295e-05,2.15119439852e-05,0.000189873025022
50.55,9.69120204743e-05,2.15050433145e-05,0.00018817192555
50.6,9.59955835904e-05,2.14988042667e-05,0.00018648587999
50.65,9.50877892522e-05,2.14932032435e-05,0.000184814969574
50.7,9.41885562029e-05,2.14882173852e-05,0.000183159158482
50.75,9.32978039468e-05,2.14838246801e-05,0.00018151852674
50.8,9.24154527427e-05,2.1480003775e-05,0.000179892410295
50.85,9.15418810797e-05,2.14767348864e-05,0.00017828068272
50.9,9.06765441167e-05,2.14739997919e-05,0.000176683218665
50.95,8.9819364469e-05,2.1471821091e-05,0.000175100042201
51.0,8.89702654767e-05,2.14701704967e-05,0.000173530878809
51.05,8.8129171198e-05,2.14690012716e-05,0.000171976190952
51.1,8.72960064019e-05,2.14682966244e-05,0.000170435261336
51.15,8.64706965626e-05,2.14680411933e-05,0.000168908164198
51.2,8.56531678517e-05,2.14682199865e-05,0.000167394866804
51.25,8.48433471328e-05,2.14688184983e-05,0.000165895442292
51.3,8.40411619544e-05,2.14698225497e-05,0.000164409283762
51.35,8.32465405436e-05,2.1471219138e-05,0.000162936275669
51.4,8.24594117998e-05,2.14729957703e-05,0.000161476303452
51.45,8.16797052888e-05,2.147514044e-05,0.000160029389109
51.5,8.09073512358e-05,2.14776414312e-05,0.000158595281751
51.55,8.01422805201e-05,2.14804876527e-05,0.000157174404035
51.6,7.93844246683e-05,2.14836677518e-05,0.000155766100405
51.65,7.86337158486e-05,2.14871714939e-05,0.000154370438708
51.7,7.78900868649e-05,2.14909888016e-05,0.000152987389027
51.75,7.71534711507e-05,2.14952410608e-05,0.000151617018205
51.8,7.64238027631e-05,2.14997996479e-05,0.000150258771579
51.85,7.57013946972e-05,2.15046473474e-05,0.000148912543546
51.9,7.49857963917e-05,2.1509776237e-05,0.000147578229407
51.95,7.42769438526e-05,2.15151780649e-05,0.000146255849267
52.0,7.35747736853e-05,2.1520844714e-05,0.000144945173829
52.05,7.2879223089e-05,2.15267685193e-05,0.000143646589374
52.1,7.21902298509e-05,2.15329414496e-05,0.000142359496768
52.15,7.15077323409e-05,2.15393563969e-05,0.000141083958019
52.2,7.08316695062e-05,2.15460062884e-05,0.000139819945785
52.25,7.01619808658e-05,2.15528841983e-05,0.000138567521156
52.3,6.94986065054e-05,2.15599832247e-05,0.000137326177206
52.35,6.88414870717e-05,2.15672972289e-05,0.000136095817425
52.4,6.81905637675e-05,2.15748202783e-05,0.000134876346123
52.45,6.75457783464e-05,2.15825660643e-05,0.000133667781673
52.5,6.69070731077e-05,2.15905613639e-05,0.000132469914517
52.55,6.62743908912e-05,2.15987491358e-05,0.000131283097687
52.6,6.56476750723e-05,2.16071236072e-05,0.000130106783616
52.65,6.50268695569e-05,2.16156797828e-05,0.000128941028975
52.7,6.44119187766e-05,2.16244126302e-05,0.000127785808776
52.75,6.38027676835e-05,2.16334552032e-05,0.00012664117885
52.8,6.31993617458e-05,2.16427278422e-05,0.000125506675903
52.85,0.000142482792737,2.29434709312e-05,0.000124382211729
52.9,0.000216805858254,2.43937375875e-05,0.000123267698877
52.95,0.000286438973085,2.60000475464e-05,0.000122163154137
53.0,0.00035170197324,2.7773439028e-05,0.000121068385987
53.05,0.000412853043534,2.97354238361e-05,0.000119983717075
53.1,0.000470154115999,3.18855517923e-05,0.000118908646962
53.15,0.000523850108134,3.42482186404e-05,0.000117843227441
53.2,0.000574154411957,3.68347401282e-05,0.000116787435675
53.25,0.000621298074978,3.96530761527e-05,0.00011574132269
53.3,0.000665453890653,4.27274088133e-05,0.000114704465067
53.35,0.000706835633673,4.60591724329e-05,0.000113676782192
53.4,0.000745591658324,4.96717805047e-05,0.00011265819414
53.45,0.000781907049934,5.35767099781e-05,0.000111648716257
53.5,0.000815920540893,5.77809476268e-05,0.000110648173504
53.55,0.00084778406164,6.23087877676e-05,0.00010965686076
53.6,0.00087762962437,6.71607915582e-05,0.000108674320657
53.65,0.000905581337079,7.23552858788e-05,0.000107700600532
53.7,0.00093176406804,7.79078839912e-05,0.000106735679512
53.75,0.000956278627874,8.38146490172e-05,0.000105779604231
53.8,0.000955779635822,8.77677130996e-05,0.000104831987715
53.85,0.00094674497786,9.17393523228e-05,0.000103892756287
53.9,0.00093779548486,9.56933607164e-05,0.000102961836901
53.95,0.000928930356495,9.96214023328e-05,0.000102039243583
54.0,0.000920148799932,0.000103516917264,0.000101124816359
54.05,0.000911450029763,0.000107374808661,0.000100218824727
54.1,0.000902833267937,0.00011118995372,9.93208506863e-05
54.15,0.00089429774369,0.000114957099041,9.84309374984e-05
54.2,0.000885842693475,0.000118670867316,9.75490660867e-05
54.25,0.0008774673609,0.000122327703019,9.66752790726e-05
54.3,0.000869170996657,0.000125925809805,9.58092227866e-05
54.35,0.000860952858454,0.0001294598848,9.49508298944e-05
54.4,0.000852812210958,0.000132926758366,9.41000336367e-05
54.45,0.000844748325719,0.000136328368836,9.3256846832e-05
54.5,0.000836760481116,0.000139659197181,9.24211232752e-05
54.55,0.000828847962285,0.000142918093407,9.15931092696e-05
54.6,0.000821010061062,0.000146103885039,9.07724227899e-05
54.65,0.000813246075917,0.000149215397416,8.99591033752e-05
54.7,0.000805555311894,0.000152252908637,8.91531335907e-05
54.75,0.000797937080546,0.000155216679219,8.83545523893e-05
54.8,0.00079039069988,0.000158103834118,8.75630365413e-05
54.85,0.000782919406956,0.000160915354525,8.67785245079e-05
54.9,0.000775518541976,0.000163653438288,8.60009552756e-05
54.95,0.000768187443101,0.000166314924734,8.52303405598e-05
55.0,0.00076092545469,0.00016890369041,8.4466546739e-05
55.05,0.000753731927245,0.000171418660036,8.37097989174e-05
55.1,0.000746606217349,0.000173859049101,8.29597479503e-05
55.15,0.000739547687609,0.000176229393966,8.22164299737e-05
55.2,0.000732555706606,0.000178528961554,8.14798290532e-05
55.25,0.000725629648834,0.000180757897701,8.07499807893e-05
55.3,0.000718768894644,0.000182917682881,8.00265897721e-05
55.35,0.000711972830194,0.00018500998132,7.93095997596e-05
55.4,0.00070524084739,0.000187036070847,7.85989549895e-05
55.45,0.000698572343837,0.000188997209626,7.78946661689e-05
55.5,0.000691966722782,0.000190894907949,7.7196611177e-05
55.55,0.000685423393062,0.000192730346377,7.65049957434e-05
55.6,0.000678941769055,0.000194504654636,7.5819500774e-05
55.65,0.000672521270624,0.00019621903354,7.51401592946e-05
55.7,0.000666161323067,0.000197874646615,7.44669567423e-05
55.75,0.000659861357069,0.000199474044698,7.37999256534e-05
55.8,0.00065362080865,0.000201019529652,7.31387960436e-05
55.85,0.000647442354724,0.000202510049639,7.24835165117e-05
55.9,0.00064132214183,0.000203946650764,7.18340360946e-05
55.95,0.000635259622653,0.000205334446508,7.11903645781e-05
56.0,0.000629254255006,0.00020667202559,7.05523903519e-05
56.05,0.00062330550178,0.000207959017024,6.99203014389e-05
56.1,0.000617412830895,0.000209202813389,6.92938062091e-05
56.15,0.000611575715255,0.000210398311134,6.86729348456e-05
56.2,0.000605793632701,0.00021155070338,6.8057674039e-05
56.25,0.000600066065963,0.000212659525566,6.74480535253e-05
56.3,0.00059439250262,0.000213726565995,6.68438265575e-05
56.35,0.000588772435048,0.000214753162635,6.62449461581e-05
56.4,0.000583205360379,0.000215740454063,6.56513657508e-05
56.45,0.000577690780456,0.000216688954737,6.50630942787e-05
56.5,0.000572228201789,0.000217601670728,6.4480029738e-05
56.55,0.000566817135511,0.000218475880215,6.39023439686e-05
56.6,0.000561457097336,0.000219318778003,6.33297704406e-05
56.65,0.000556147607513,0.000220125278153,6.27623367395e-05
56.7,0.00055088819079,0.000220899619394,6.22000307013e-05
56.75,0.000545678376365,0.000221642995531,6.16428795026e-05
56.8,0.000540517697848,0.000222353474418,6.10906576337e-05
56.85,0.000535408368941,0.000223035687818,6.05433221605e-05
56.9,0.000530347202986,0.000223689327744,6.00008305153e-05
56.95,0.000525333747378,0.000224313191176,5.94631908716e-05
57.0,0.00052036755375,0.000224910216168,5.89303100048e-05
57.05,0.000515448177934,0.00022548238947,5.84023449648e-05
57.1,0.000510575179923,0.000226027500745,5.78790521618e-05
57.15,0.000505748123828,0.000226546431567,5.73604568067e-05
57.2,0.000500966577846,0.000227042537918,5.68465477827e-05
57.25,0.000496230114218,0.000227515417631,5.63373499274e-05
57.3,0.000491538309189,0.000227964386696,5.58326571402e-05
57.35,0.000486890742977,0.000228390187028,5.53324301824e-05
57.4,0.00048228699973,0.00022879406393,5.48366301501e-05
57.45,0.000477726667493,0.000229178796192,5.43452645133e-05
57.5,0.00047320933817,0.000229542272256,5.38582480711e-05
57.55,0.000468734607487,0.000229885116123,5.33757243563e-05
57.6,0.000464302074959,0.00023020791732,5.28974707446e-05
57.65,0.000459911343854,0.000230511247327,5.24235102771e-05
57.7,0.000455562021155,0.000230796908592,5.19538327936e-05
57.75,0.00045125371753,0.000231065261578,5.14884609941e-05
57.8,0.000446986047294,0.000231315596726,5.1027206517e-05
57.85,0.000442760841085,0.000231548396164,5.05700335006e-05
57.9,0.000438575463671,0.000231764138225,5.01169063894e-05
57.95,0.000434429540763,0.000231963264461,4.96678320105e-05
58.0,0.000430322701582,0.000232146196177,4.92227324962e-05
58.05,0.000426254578817,0.000232313338873,4.87817390257e-05
58.1,0.000422224808602,0.000232465789298,4.83446481354e-05
58.15,0.000418233030474,0.000232603946336,4.79114808836e-05
58.2,0.00041427888735,0.000232727335612,4.74822279845e-05
58.25,0.00041036202549,0.000232836298637,4.70569101842e-05
58.3,0.000406482094467,0.000232931160924,4.66353553331e-05
58.35,0.000402638747137,0.000233012277482,4.62175306564e-05
58.4,0.000398831639609,0.000233080284875,4.58034036586e-05
58.45,0.000395060431212,0.000233135113277,4.53929805792e-05
58.5,0.000391324784467,0.00023317706598,4.49861902526e-05
58.55,0.000387624365056,0.0002332067369,4.45831525674e-05
58.6,0.000383958841796,0.000233224040922,4.41836815719e-05
58.65,0.000380327886604,0.000233229230743,4.3787796512e-05
58.7,0.000376731174472,0.000233222547896,4.33954889012e-05
58.75,0.000373168383438,0.00023320422445,4.30067776998e-05
58.8,0.000369639194555,0.000233174482335,4.26215055752e-05
58.85,0.000366145121688,0.00023313354122,4.22396425731e-05
58.9,0.000362683985606,0.000233081627217,4.18611589951e-05
58.95,0.000359255476789,0.000233018945401,4.14860605437e-05
59.0,0.000355859288616,0.000232945692949,4.11142821784e-05
59.05,0.000352495117338,0.00023286206249,4.0745933469e-05
59.1,0.000349162662051,0.000232768235108,4.03808444687e-05
59.15,0.000345861624668,0.000232664392475,4.00190327667e-05
59.2,0.000342591709894,0.000232550709211,3.96604906069e-05
59.25,0.000339352625203,0.000232427354291,3.93052353179e-05
59.3,0.000336144080804,0.00023229449029,3.89531231084e-05
59.35,0.000332965789625,0.000232152280429,3.86041266023e-05
59.4,0.00032981746728,0.00023200088389,3.82582186572e-05
59.45,0.00032669883205,0.000231840456061,3.7915404485e-05
59.5,0.000323609604853,0.000231671147428,3.75756246429e-05
59.55,0.000320549509222,0.000231493106519,3.72389792703e-05
59.6,0.000317518271282,0.000231306473433,3.69053130475e-05
59.65,0.000314515619721,0.000231111390779,3.65746420498e-05
59.7,0.000311541285771,0.000230907996622,3.62469591888e-05
59.75,0.000308595003183,0.000230696425661,3.59222803014e-05
59.8,0.000305676508201,0.000230476808452,3.56004739724e-05
59.85,0.000302787052729,0.000230249277716,3.5281515182e-05
59.9,0.000299924834632,0.000230014289207,3.49653791238e-05
59.95,0.00029708959795,0.000229771743503,3.4652070561e-05
60.0,0.00029428108912,0.000229521681613,3.43415351672e-05
60.05,0.000291499056953,0.000229265317762,3.40338644628e-05
60.1,0.000288743252615,0.000229002232008,3.37289164963e-05
60.15,0.000286013429599,0.000228732053196,3.34267059595e-05
60.2,0.00028330934371,0.000228454898915,3.31272263739e-05
60.25,0.000280630753039,0.000228170884644,3.28304922135e-05
60.3,0.000277977417942,0.000227880122973,3.25363833738e-05
60.35,0.000275349101021,0.000227582729231,3.22448769884e-05
60.4,0.000272745567102,0.000227278817487,3.19559503861e-05
60.45,0.000270166583213,0.000226968500616,3.16696079199e-05
60.5,0.000267611918565,0.000226651889247,3.13857999393e-05
60.55,0.000265081344533,0.000226329094043,3.11046100879e-05
60.6,0.00026257463463,0.000226001834949,3.08259086314e-05
60.65,0.000260091564496,0.000225668776461,3.05497089973e-05
60.7,0.000257631911869,0.000225329907118,3.02760052646e-05
60.75,0.000255195456571,0.000224985331067,3.00048106618e-05
60.8,0.000252781980488,0.000224635150128,2.97360154213e-05
60.85,0.000250392518894,0.000224279468806,2.9469598645e-05
60.9,0.000248025581495,0.000223918399962,2.92055396128e-05
60.95,0.000245680956624,0.000223552045946,2.89438423033e-05
61.0,0.000243358434594,0.000223181633265,2.86844613393e-05
61.05,0.000241057807683,0.000222807102818,2.8427473165e-05
61.1,0.000238778870114,0.000222427633412,2.81727592126e-05
61.15,0.000236521418038,0.000222043323401,2.79203317536e-05
61.2,0.000234285249513,0.000221654268948,2.76701853768e-05
61.25,0.000232070164491,0.000221260564749,2.74223321719e-05
61.3,0.000229875964797,0.000220862303344,2.71766718192e-05
61.35,0.000227702454112,0.000220460221364,2.6933185219e-05
61.4,0.000225549437957,0.000220055640837,2.66918534348e-05
61.45,0.000223416723674,0.000219647028193,2.64526801026e-05
61.5,0.000221304120409,0.000219234278771,2.62156237507e-05
61.55,0.000219211439099,0.00021881763905,2.59807542439e-05
61.6,0.000217138492449,0.0002183972266,2.57479632195e-05
61.65,0.000215085094921,0.000217972943857,2.55172618927e-05
61.7,0.000213051062715,0.000217546583557,2.52886453181e-05
61.75,0.000211036213752,0.00021711735906,2.50621245448e-05
61.8,0.000209040367661,0.000216684561846,2.48376078875e-05
61.85,0.00020706438057,0.000216248276014,2.46150778904e-05
61.9,0.000205107020069,0.000215808592229,2.43945172468e-05
61.95,0.000203168111116,0.000215365592248,2.41759292797e-05
62.0,0.00020124748031,0.000214920804606,2.39592760871e-05
62.05,0.000199344955872,0.000214474105652,2.37446215204e-05
62.1,0.000197460367634,0.000214024366574,2.35318665435e-05
62.15,0.000195593547019,0.000213571664396,2.33210214065e-05
62.2,0.000193744327033,0.000213116074019,2.31120815895e-05
62.25,0.000191912542242,0.000212657668788,2.29050571907e-05
62.3,0.000190098028763,0.000212198571269,2.26998644159e-05
62.35,0.000188300624249,0.000211737583999,2.24964873119e-05
62.4,0.000186520167874,0.000211274036146,2.22949100614e-05
62.45,0.000184756500318,0.000210807997642,2.20951357017e-05
62.5,0.000183009463752,0.000210339536581,2.18971295925e-05
62.55,0.000181278901828,0.000209869225968,2.170095009e-05
62.6,0.000179564659662,0.00020939903887,2.15065066818e-05
62.65,0.00017786658382,0.000208926663114,2.13138087358e-05
62.7,0.000176184522309,0.000208452161628,2.11228521211e-05
62.75,0.000174518324555,0.000207975595821,2.0933646067e-05
62.8,0.0001728678414,0.0002074970251,2.07461139911e-05
62.85,0.000171233780827,0.000207018905163,2.05602413134e-05
62.9,0.000169615123682,0.000206539610124,2.0376013578e-05
62.95,0.000168011725214,0.000206058821593,2.01934335606e-05
63.0,0.000166423442025,0.000205576304403,2.00124696025e-05
63.05,0.000164850132064,0.000205092162754,1.98331750372e-05
63.1,0.000163291654607,0.000204608448458,1.96554671427e-05
63.15,0.000161747870248,0.000204124492086,1.94793544805e-05
63.2,0.00016021864089,0.000203639053248,1.93048332754e-05
63.25,0.000158703829725,0.000203152181496,1.9131911962e-05
63.3,0.00015720330123,0.000202663924555,1.89605205497e-05
63.35,0.00015571692115,0.000202175821956,1.8790645713e-05
63.4,0.000154244556488,0.000201688099876,1.86222742404e-05
63.45,0.000152786075493,0.000201199167217,1.84554086687e-05
63.5,0.000151341347648,0.000200709068641,1.8290020064e-05
63.55,0.000149910243658,0.000200217848398,1.81261571695e-05
63.6,0.000148492635441,0.00019972703902,1.79637443828e-05
63.65,0.000147088396114,0.000199236911271,1.78027895287e-05
63.7,0.000145697399983,0.000198745816003,1.76432891568e-05
63.75,0.000144319522532,0.000198253792228,1.7485250976e-05
63.8,0.000142954640411,0.000197760877345,1.73286110193e-05
63.85,0.000141603339095,0.000197268844107,1.71733571085e-05
63.9,0.000140264775784,0.000196777521458,1.7019477169e-05
63.95,0.000138938830775,0.000196285453557,1.68669735192e-05
64.0,0.000137625385485,0.000195792675041,1.67158197157e-05
64.05,0.000136324322442,0.000195299220217,1.65660603063e-05
64.1,0.000135035525274,0.000194807299927,1.64176261957e-05
64.15,0.000133758878698,0.000194315880525,1.62705245351e-05
64.2,0.000132494268512,0.000193823907677,1.61247521712e-05
64.25,0.000131241581583,0.00019333141123,1.59803161492e-05
64.3,0.000130000705838,0.000192838419653,1.5837158008e-05
64.35,0.000128771530255,0.000192347751799,1.56952666173e-05
64.4,0.000127553944849,0.000191857180178,1.55546309418e-05
64.45,0.000126347840668,0.000191366516668,1.54152531004e-05
64.5,0.000125153109781,0.000190875537217,1.52771089256e-05
64.55,0.000123969645265,0.000190384463131,1.5140239131e-05
64.6,0.000122797341201,0.000189896422628,1.50045805684e-05
64.65,0.000121636092663,0.000189408171912,1.48701397733e-05
64.7,0.000120485795707,0.000188919689322,1.4736913864e-05
64.75,0.000119346347364,0.000188430997252,1.46049092793e-05
64.8,0.000118217645627,0.000187943182704,1.44740725896e-05
64.85,0.000117100174661,0.000187457478547,1.43443936227e-05
64.9,0.000115993237505,0.000186971658145,1.42158622931e-05
64.95,0.000114896735169,0.000186485741993,1.40884805373e-05
65.0,0.000113810569589,0.000185999749655,1.39622262679e-05
65.05,0.000112734643622,0.000185515677801,1.38371366943e-05
65.1,0.000111668861032,0.000185032946525,1.37131541033e-05
65.15,0.000110613126485,0.000184550217546,1.35902844682e-05
65.2,0.000109567345541,0.00018406750801,1.3468525155e-05
65.25,0.000108531424643,0.000183584834369,1.33478820484e-05
65.3,0.000107505271112,0.000183105156772,1.32283063175e-05
65.35,0.000106488793136,0.000182625969565,1.31097886656e-05
65.4,0.000105481899764,0.000182146888231,1.29923198751e-05
65.45,0.000104484500895,0.000181667927926,1.28759017161e-05
65.5,0.000103496507274,0.000181189725637,1.2760514002e-05
65.55,0.000102517830483,0.000180714401559,1.26461907398e-05
65.6,0.00010154838293,0.000180239261509,1.25328791835e-05
65.65,0.000100588077845,0.000179764318811,1.24205847922e-05
65.7,9.96368292707e-05,0.000179289585974,1.23093051587e-05
65.75,9.86945520553e-05,0.000178816717815,1.21990456613e-05
65.8,9.77611618449e-05,0.000178345793124,1.20897616719e-05
65.85,9.68370590223e-05,0.000177875134218,1.19814446938e-05
65.9,9.59216672303e-05,0.000177404755829,1.18740863029e-05
65.95,9.50149046081e-05,0.000176934845354,1.17676881168e-05
66.0,9.41166900613e-05,0.000176468030321,1.16622316865e-05
66.05,9.32269432552e-05,0.000176002216194,1.1557748092e-05
66.1,9.23455846073e-05,0.000175536893952,1.1454189127e-05
66.15,9.14725352808e-05,0.000175072048158,1.13515597809e-05
66.2,9.06077171769e-05,0.000174607929503,1.12498578536e-05
66.25,8.97510529285e-05,0.000174147139885,1.11490882604e-05
66.3,8.89024658932e-05,0.00017368674667,1.10492102144e-05
66.35,8.80618801465e-05,0.000173226758154,1.09502159502e-05
66.4,8.72292204751e-05,0.000172767182398,1.08520977688e-05
66.45,8.64044123705e-05,0.000172309380865,1.07548571485e-05
66.5,8.55873820219e-05,0.000171853971548,1.06584772282e-05
66.55,8.47780563101e-05,0.000171399016258,1.05629864128e-05
66.6,8.39763628012e-05,0.000170944520892,1.04683406452e-05
66.65,8.31822297397e-05,0.000170490492229,1.03745444852e-05
66.7,8.23955860425e-05,0.000170039235695,1.02815959223e-05
66.75,8.16163612925e-05,0.000169589465038,1.01894994486e-05
66.8,8.08444857326e-05,0.000169140196602,1.00982177876e-05
66.85,8.00802904627e-05,0.000168691436245,1.00077438424e-05
66.9,7.93232988592e-05,0.000168243192392,9.91807057655e-06
66.95,7.85734432264e-05,0.000167798661662,9.82919934118e-06
67.0,7.78306565027e-05,0.000167354758103,9.74111472635e-06
67.05,7.70948722545e-05,0.000166911403979,9.65384269222e-06
67.1,7.63660246704e-05,0.000166468603131,9.56734297366e-06
67.15,7.56440485554e-05,0.000166027149466,9.48161973803e-06
67.2,7.49288793252e-05,0.00016558872506,9.39667114772e-06
67.25,7.42204530002e-05,0.000165150883623,9.31250130834e-06
67.3,7.35187062004e-05,0.000164713628465,9.22907615173e-06
67.35,7.28235761394e-05,0.000164276963558,9.14638919175e-06
67.4,7.21350006187e-05,0.000163842459871,9.06443399763e-06
67.45,7.14529180228e-05,0.000163410300337,8.98321180415e-06
67.5,7.07772673133e-05,0.000162978963773,8.90270852771e-06
67.55,7.01079880236e-05,0.000162548248578,8.82294789412e-06
67.6,6.94450202538e-05,0.000162118218763,8.74389310381e-06
67.65,6.87883046651e-05,0.0001616912723,8.66554796547e-06
67.7,6.81377824745e-05,0.000161265905221,8.58791079964e-06
67.75,6.74933954501e-05,0.000160841186398,8.51098535857e-06
67.8,6.68550859055e-05,0.000160417117804,8.43474050631e-06
67.85,6.6223127647e-05,0.000159993702017,8.35917031497e-06
67.9,6.55971265261e-05,0.000159573815881,8.28426890727e-06
67.95,6.49770265614e-05,0.000159154905455,8.21003741171e-06
68.0,6.43627722957e-05,0.000158736671994,8.13646295686e-06
68.05,6.3754308791e-05,0.000158319117516,8.06356722646e-06
68.1,6.31515816241e-05,0.000157902504005,7.99131658825e-06
68.15,6.25545368813e-05,0.000157489457024,7.91971452311e-06
68.2,6.19631211541e-05,0.00015707710837,7.84875949612e-06
68.25,6.1377281534e-05,0.000156665459287,7.77845493659e-06
68.3,6.07969656082e-05,0.000156254510731,7.70877238839e-06
68.35,6.02221214549e-05,0.000155844965802,7.63970643385e-06
68.4,5.96526976386e-05,0.000155438538223,7.57125170152e-06
68.45,5.90886432058e-05,0.000155032829593,7.5034092228e-06
68.5,5.85299076803e-05,0.000154627840908,7.43616723407e-06
68.55,5.79764410585e-05,0.000154223573288,7.3695455528e-06
68.6,5.74281938058e-05,0.000153821062894,7.30351344138e-06
68.65,5.68851168512e-05,0.000153421322803,7.23807408111e-06
68.7,5.63471615839e-05,0.000153022319567,7.1732260692e-06
68.75,5.58142798483e-05,0.000152624053666,7.10897253977e-06
68.8,5.52864239401e-05,0.000152226525338,7.0452874859e-06
68.85,5.4763820286e-05,0.000151830993593,6.98216595621e-06
68.9,5.42461429412e-05,0.000151437993797,6.91960304156e-06
68.95,5.37333456115e-05,0.00015104574841,6.85759968457e-06
69.0,5.32253824358e-05,0.000150654510749,6.79614513411e-06
69.05,5.2722207983e-05,0.000150264036539,6.73525750198e-06
69.1,5.2223777247e-05,0.000149875682335,6.67490869612e-06
69.15,5.17300456436e-05,0.000149489952678,6.61510162403e-06
69.2,5.1240969006e-05,0.000149105005891,6.55583500364e-06
69.25,5.07565035811e-05,0.000148720827644,6.49711169934e-06
69.3,5.02766060257e-05,0.000148337417556,6.43890794257e-06
69.35,4.98012334025e-05,0.000147956126335,6.38121920812e-06
69.4,4.93303431766e-05,0.000147577227809,6.32404100938e-06
69.45,4.88638932114e-05,0.000147199109559,6.26737420784e-06
69.5,4.84018417651e-05,0.000146821771298,6.21120897769e-06
69.55,4.79441474869e-05,0.000146445212853,6.15556187189e-06
69.6,4.74907694136e-05,0.000146070646345,6.10040721623e-06
69.65,4.70416669656e-05,0.000145698581005,6.04574766794e-06
69.7,4.65967999436e-05,0.000145327305707,5.99158205532e-06
69.75,4.6156128525e-05,0.00014495681983,5.93791299621e-06
69.8,4.57196132603e-05,0.000144587122577,5.8847187678e-06
69.85,4.52874413951e-05,0.000144219162103,5.83199523435e-06
69.9,4.48593433864e-05,0.000143853935695,5.77973829541e-06
69.95,4.44352809507e-05,0.000143489509128,5.72794873831e-06
70.0,4.40152161629e-05,0.000143125881668,5.67661758295e-06
70.05,4.35991114532e-05,0.000142763052685,5.62575995759e-06
70.1,4.31869296035e-05,0.000142401576565,5.57535239776e-06
70.15,4.27786337443e-05,0.000142043191633,5.52539733201e-06
70.2,4.23741873516e-05,0.000141685613231,5.47589368947e-06
70.25,4.19735542434e-05,0.000141328840345,5.42684386267e-06
70.3,4.15766985766e-05,0.000140972871817,5.37822799845e-06
70.35,4.11835848439e-05,0.000140617738602,5.33004231703e-06
70.4,4.07941778705e-05,0.000140266172229,5.28228307088e-06
70.45,4.04084428112e-05,0.000139915427108,5.23495097957e-06
70.5,4.00263451473e-05,0.000139565654146,5.18803783592e-06
70.55,3.96478506834e-05,0.000139216771944,5.14155746609e-06
70.6,3.92729255445e-05,0.000138868698887,5.09548842519e-06
70.65,3.89015361731e-05,0.000138523693701,5.04983293274e-06
70.7,3.85336493259e-05,0.000138180221582,5.00459001003e-06
70.75,3.81692320712e-05,0.000137837565322,4.95976184369e-06
70.8,3.7808251786e-05,0.000137495723472,4.91533028928e-06
70.85,3.74508633146e-05,0.00013715469491,4.87129189235e-06
70.9,3.70968437561e-05,0.000136815769717,4.8276432279e-06
70.95,3.67461614515e-05,0.000136479086646,4.7843849536e-06
71.0,3.63987850384e-05,0.000136143223634,4.74150956861e-06
71.05,3.6054683448e-05,0.000135808179384,4.69902970912e-06
71.1,3.57138259025e-05,0.000135473952255,4.65692577597e-06
71.15,3.53761819125e-05,0.000135140864904,4.61519979764e-06
71.2,3.50417212739e-05,0.000134810938397,4.57385087967e-06
71.25,3.47104140657e-05,0.000134481833613,4.53288102046e-06
71.3,3.43822306471e-05,0.000134153548861,4.49227363728e-06
71.35,3.40571416552e-05,0.000133826082739,4.45202557297e-06
71.4,3.37351180017e-05,0.00013349943385,4.41213369735e-06
71.45,3.34161308711e-05,0.000133175432209,4.37259861144e-06
71.5,3.31001517179e-05,0.000132853041516,4.33341346002e-06
71.55,3.27871522639e-05,0.000132531472009,4.29458979168e-06
71.6,3.24771044957e-05,0.000132210721859,4.25610969415e-06
71.65,3.21699806628e-05,0.000131890789558,4.21797502132e-06
71.7,3.18657532742e-05,0.000131572225707,4.18018495571e-06
71.75,3.15643950969e-05,0.000131256499945,4.14274132373e-06
71.8,3.12658791529e-05,0.000130941594888,4.10562896988e-06
71.85,3.09703334921e-05,0.000130627508923,4.06884500877e-06
71.9,3.06775737846e-05,0.000130314241384,4.03238657959e-06
71.95,3.03875738497e-05,0.000130001790641,3.99625423166e-06
72.0,3.0100307752e-05,0.000129691887952,3.96044169978e-06
72.05,2.98157497988e-05,0.000129383820251,3.92495953857e-06
72.1,2.95338745382e-05,0.000129076571949,3.88979137742e-06
72.15,2.92546567566e-05,0.000128770208634,3.85493891068e-06
72.2,2.89780714765e-05,0.000128464795665,3.82040139122e-06
72.25,2.87040939546e-05,0.000128160257057,3.78618048827e-06
72.3,2.8432699679e-05,0.000127858945389,3.75226235073e-06
72.35,2.81638643677e-05,0.000127558452292,3.71864434155e-06
72.4,2.78975639662e-05,0.0001272587751,3.68532384616e-06
72.45,2.76337746449e-05,0.000126959911984,3.65230136659e-06
72.5,2.7372472798e-05,0.000126661861061,3.61957117688e-06
72.55,2.71136350406e-05,0.00012636537186,3.58714292322e-06
72.6,2.68572382068e-05,0.00012607136626,3.55500164402e-06
72.65,2.66032593479e-05,0.000125778173791,3.52314888779e-06
72.7,2.63516757301e-05,0.000125485792465,3.49158397169e-06
72.75,2.61024648328e-05,0.000125194220263,3.46030842129e-06
72.8,2.58556043462e-05,0.000124903455099,3.42930957765e-06
72.85,2.56112001626e-05,0.000124614709349,3.39858503067e-06
72.9,2.53690998484e-05,0.000124327929815,3.36813239083e-06
72.95,2.51292817534e-05,0.000124041958626,3.33795211694e-06
73.0,2.489172443e-05,0.00012375679373,3.30803897586e-06
73.05,2.46564066315e-05,0.000123472433139,3.27840178356e-06
73.1,2.44233073101e-05,0.000123188874659,3.24902686616e-06
73.15,2.41924056152e-05,0.000122907566803,3.2199156389e-06
73.2,2.39636808916e-05,0.000122627931397,3.19106747772e-06
73.25,2.37371126773e-05,0.000122349097837,3.16248377687e-06
73.3,2.35126807022e-05,0.000122071063894,3.13415296696e-06
73.35,2.3290364886e-05,0.000121793827527,3.10607284533e-06
73.4,2.30701453366e-05,0.000121517386702,3.0782412281e-06
73.45,2.2852002348e-05,0.00012124320173,3.05065853461e-06
73.5,2.2635916399e-05,0.000120970630547,3.02331998213e-06
73.55,2.24218681512e-05,0.000120699050644,2.99623362784e-06
73.6,2.22098384476e-05,0.000120428263707,2.96938697477e-06
73.65,2.19998083104e-05,0.000120158273339,2.94278131633e-06
73.7,2.17917589397e-05,0.000119889254074,2.91641608219e-06
73.75,2.15856717119e-05,0.00011962227431,2.8902925466e-06
73.8,2.13815281777e-05,0.000119357044578,2.86440013592e-06
73.85,2.11794159057e-05,0.000119092602472,2.83873683707e-06
73.9,2.09792088395e-05,0.00011882894643,2.81330065415e-06
73.95,2.07808890754e-05,0.000118566074268,2.78809197039e-06
74.0,2.0584438877e-05,0.000118303983767,2.76310641472e-06
74.05,2.03898406741e-05,0.000118043496794,2.73835135084e-06
74.1,2.01970770612e-05,0.000117785125879,2.71381535738e-06
74.15,2.00061307956e-05,0.000117527534704,2.68949961643e-06
74.2,1.98169847962e-05,0.000117270720974,2.66540360674e-06
74.25,1.96296221419e-05,0.000117014682379,2.64152849289e-06
74.3,1.94440260702e-05,0.000116759416564,2.61786461131e-06
74.35,1.92601799754e-05,0.000116505101485,2.59441012217e-06
74.4,1.90780674075e-05,0.000116253481599,2.57116320137e-06
74.45,1.88976720705e-05,0.000116002632306,2.54812419915e-06
74.5,1.87189778213e-05,0.000115752551287,2.52528912064e-06
74.55,1.85419686677e-05,0.000115503236271,2.50266469577e-06
74.6,1.83666287676e-05,0.000115254684845,2.48024048618e-06
74.65,1.81929424273e-05,0.000115006894759,2.45801757223e-06
74.7,1.80208940999e-05,0.000114761231474,2.43599547754e-06
74.75,1.78504683845e-05,0.00011451701164,2.41417526644e-06
74.8,1.76816500242e-05,0.000114273550233,2.39254810709e-06
74.85,1.75145114348e-05,0.000114030844947,2.37111231804e-06
74.9,1.73489483728e-05,0.000113788893985,2.34986623215e-06
74.95,1.71849460324e-05,0.000113547695044,2.32881016954e-06
75.0,1.70224897464e-05,0.000113307501209,2.30794047918e-06
75.05,1.68615649851e-05,0.00011306994452,2.28726331174e-06
75.1,1.67021573547e-05,0.000112833184294,2.26676912729e-06
75.15,1.65442525963e-05,0.000112597170877,2.24645891321e-06
75.2,1.63878365844e-05,0.000112362030069,2.2263322341e-06
75.25,1.62328953261e-05,0.000112127679528,2.20639006271e-06
75.3,1.60794149594e-05,0.000111894068923,2.18662432734e-06
75.35,1.5927381752e-05,0.00011166207124,2.16703349124e-06
75.4,1.57767821006e-05,0.000111431875595,2.14761603078e-06
75.45,1.5627602529e-05,0.000111202416339,2.12837223852e-06
75.5,1.54798296874e-05,0.000110973691054,2.10929877767e-06
75.55,1.53334503511e-05,0.000110745697361,2.09040126952e-06
75.6,1.51884514191e-05,0.000110518432772,2.07167099524e-06
75.65,1.50448199135e-05,0.000110291894929,2.05310885721e-06
75.7,1.49025429777e-05,0.000110067273015,2.03471445752e-06
75.75,1.47616078757e-05,0.000109844067819,2.01648868518e-06
75.8,1.46220019907e-05,0.000109621585264,1.99842416322e-06
75.85,1.44837852075e-05,0.000109399822949,1.98051948717e-06
75.9,1.43468713212e-05,0.000109178778883,1.96277326452e-06
75.95,1.42112480878e-05,0.000108958450672,1.94518576265e-06
76.0,1.40769033783e-05,0.000108738835904,1.92775393197e-06
76.05,1.3943825177e-05,0.000108521144022,1.91048290995e-06
76.1,1.3812001581e-05,0.00010830477865,1.89336472817e-06
76.15,1.36814207987e-05,0.000108089122336,1.87640021136e-06
76.2,1.35520711491e-05,0.000107874172618,1.85958899585e-06
76.25,1.34239410603e-05,0.00010765992703,1.84293189413e-06
76.3,1.32970190691e-05,0.000107446383083,1.82642216417e-06
76.35,1.31712938197e-05,0.000107233538383,1.81005852236e-06
76.4,1.30467540623e-05,0.000107022334684,1.79383969606e-06
76.45,1.2923388653e-05,0.000106812653774,1.77776592963e-06
76.5,1.28011865519e-05,0.000106603667515,1.76183443595e-06
76.55,1.26801368227e-05,0.000106395457229,1.74604991033e-06
76.6,1.25602286315e-05,0.000106188037172,1.73040507017e-06
76.65,1.2441451246e-05,0.000105981304806,1.71490066921e-06
76.7,1.23237940344e-05,0.000105775328079,1.69953637509e-06
76.75,1.22072464645e-05,0.000105570526788,1.68431293038e-06
76.8,1.20917981028e-05,0.000105367723679,1.66922417331e-06
76.85,1.19774984715e-05,0.000105165601204,1.65426893075e-06
76.9,1.18642762826e-05,0.000104964157236,1.63944603961e-06
76.95,1.17521214109e-05,0.000104763389326,1.6247557232e-06
77.0,1.16410238263e-05,0.00010456329501,1.6101954343e-06
77.05,1.15309735922e-05,0.000104363871858,1.59576946409e-06
77.1,1.14219608655e-05,0.000104165117367,1.58147115678e-06
77.15,1.13139758948e-05,0.000103968257799,1.56730120124e-06
77.2,1.12070090206e-05,0.000103772491756,1.5532592937e-06
77.25,1.11010506733e-05,0.000103577389137,1.53934611283e-06
77.3,1.09960913734e-05,0.000103382947424,1.52555602719e-06
77.35,1.089212173e-05,0.000103189164179,1.51188796464e-06
77.4,1.07891324402e-05,0.000102996036971,1.49834086217e-06
77.45,1.06871142881e-05,0.000102803563381,1.48491492388e-06
77.5,1.05860581444e-05,0.000102611837215,1.47160782179e-06
77.55,1.04859549652e-05,0.000102422263127,1.45842347774e-06
77.6,1.03867957912e-05,0.000102233337207,1.44535580879e-06
77.65,1.02885717474e-05,0.000102045057006,1.43240544452e-06
77.7,1.01912740416e-05,0.000101857420063,1.41957210733e-06
77.75,1.00948939641e-05,0.000101670423913,1.40685641744e-06
77.8,9.99942288689e-06,0.000101484066081,1.39425322813e-06
77.85,9.90490176276e-06,0.000101298344159,1.38176155952e-06
77.9,9.81127163948e-06,0.000101113507893,1.3693804401e-06
77.95,9.71852414398e-06,0.000100930593381,1.35711005641e-06
78.0,9.6266509816e-06,0.000100748309464,1.34494828082e-06
78.05,9.53564393536e-06,0.000100566680089,1.33289869763e-06
78.1,9.44549486524e-06,0.000100385823984,1.32095574746e-06
78.15,9.35619570745e-06,0.000100205591528,1.3091200057e-06
78.2,9.26773847374e-06,0.0001000259993,1.29739121863e-06
78.25,9.18011525067e-06,9.98471635603e-05,1.2857699531e-06
78.3,9.09331819893e-06,9.96690040752e-05,1.27425150535e-06
78.35,9.00733955266e-06,9.94928838508e-05,1.26283497985e-06
78.4,8.92217161871e-06,9.9317376963e-05,1.25151948871e-06
78.45,8.83780677603e-06,9.91424809803e-05,1.2403052024e-06
78.5,8.75423747496e-06,9.89681934661e-05,1.22919017642e-06
78.55,8.67145623656e-06,9.87945120087e-05,1.21817768658e-06
78.6,8.58945565198e-06,9.86214341482e-05,1.20726265197e-06
78.65,8.50822838176e-06,9.84489574938e-05,1.19644559847e-06
78.7,8.42776715522e-06,9.82770796448e-05,1.1857262942e-06
78.75,8.34806476981e-06,9.8106752237e-05,1.17510525722e-06
78.8,8.26911409048e-06,9.79374925358e-05,1.16457818862e-06
78.85,8.19094898353e-06,9.77688256614e-05,1.15414426994e-06
78.9,8.11352069787e-06,9.76007494281e-05,1.1438026897e-06
78.95,8.03682230932e-06,9.74332614416e-05,1.13355360373e-06
79.0,7.96084695852e-06,9.72663593042e-05,1.12339523486e-06
79.05,7.88558785038e-06,9.71000406412e-05,1.11333057696e-06
79.1,7.81103825343e-06,9.69343030358e-05,1.10335498645e-06
79.15,7.73719149924e-06,9.67691971601e-05,1.09346894392e-06
79.2,7.66404098186e-06,9.66059838446e-05,1.08367223747e-06
79.25,7.59158015719e-06,9.64433457269e-05,1.07396534055e-06
79.3,7.51980254246e-06,9.62812802036e-05,1.06434432427e-06
79.35,7.4487017156e-06,9.6119784907e-05,1.0548084406e-06
79.4,7.3782713147e-06,9.59588574789e-05,1.04535694792e-06
79.45,7.30850503747e-06,9.57984955709e-05,1.03598998862e-06
79.5,7.23939664063e-06,9.56386968321e-05,1.02670593852e-06
79.55,7.17093993942e-06,9.54794589334e-05,1.0175075338e-06
79.6,7.103128807e-06,9.53210774693e-05,1.00839053054e-06
79.65,7.03595717397e-06,9.51644317339e-05,9.99355367979e-07
79.7,6.96941902775e-06,9.50083411115e-05,9.90401852432e-07
79.75,6.90350841215e-06,9.48529249849e-05,9.8153041663e-07
79.8,6.83821942674e-06,9.46980865524e-05,9.72737469814e-07
79.85,6.77358007759e-06,9.45437965312e-05,9.64022328351e-07
79.9,6.70955004954e-06,9.43900527733e-05,9.55384314442e-07
79.95,6.64612361657e-06,9.4236852963e-05,9.46823558232e-07
80.0,6.58329510627e-06,9.40841947836e-05,9.38338575321e-07
80.05,6.52105889938e-06,9.39320759387e-05,9.2993186639e-07
80.1,6.45940942925e-06,9.3781609532e-05,9.21599552793e-07
80.15,6.39834118136e-06,9.36318177631e-05,9.13342035964e-07
80.2,6.33784869286e-06,9.34825591042e-05,9.05159138888e-07
80.25,6.27792655205e-06,9.33338312311e-05,8.97051257051e-07
80.3,6.21856939794e-06,9.31856318163e-05,8.89015108745e-07
80.35,6.15977191973e-06,9.30379585762e-05,8.81050069178e-07
80.4,6.10152885641e-06,9.28908092371e-05,8.73155518887e-07
80.45,6.0438349962e-06,9.27441815347e-05,8.65331576818e-07
80.5,5.98668517621e-06,9.25980732044e-05,8.57576886329e-07
80.55,5.93007428186e-06,9.24528753052e-05,8.49893732871e-07
80.6,5.87399724653e-06,9.23089967086e-05,8.4227857163e-07
80.65,5.81844905105e-06,9.21656312879e-05,8.34731769486e-07
80.7,5.76342472328e-06,9.20227767702e-05,8.27253164663e-07
80.75,5.70891933768e-06,9.18804308869e-05,8.19843118605e-07
80.8,5.65492801485e-06,9.17385913674e-05,8.12498632059e-07
80.85,5.60147391466e-06,9.15972559815e-05,8.05219134007e-07
80.9,5.54852369812e-06,9.14564226484e-05,7.98004058303e-07
80.95,5.49607263004e-06,9.1316089153e-05,7.90853513654e-07
81.0,5.44411601958e-06,9.1176253281e-05,7.83766260183e-07
81.05,5.39264921983e-06,9.10373672335e-05,7.76744386638e-07
81.1,5.3416676274e-06,9.08997467678e-05,7.69784653298e-07
81.15,5.29116668201e-06,9.07626894465e-05,7.6288739547e-07
81.2,5.24114186611e-06,9.06261217572e-05,7.560524653e-07
81.25,5.19158870445e-06,9.04901146048e-05,7.49280193123e-07
81.3,5.14250276369e-06,9.03546615776e-05,7.42567837829e-07
81.35,5.09387965203e-06,9.02196919263e-05,7.35914877546e-07
81.4,5.04571501882e-06,9.00852034719e-05,7.29320794856e-07
81.45,4.99800455416e-06,8.99511940447e-05,7.22785689109e-07
81.5,4.95074398851e-06,8.98176614771e-05,7.16308427145e-07
81.55,4.90392909235e-06,8.96846793993e-05,7.09890917933e-07
81.6,4.85755567577e-06,8.95531782147e-05,7.03530200592e-07
81.65,4.81161958815e-06,8.94221477434e-05,6.97226581571e-07
81.7,4.76611671771e-06,8.9291585815e-05,6.90979925739e-07
81.75,4.72104299124e-06,8.91614902644e-05,6.84790535001e-07
81.8,4.67639437367e-06,8.90318589265e-05,6.78655904172e-07
81.85,4.63219001727e-06,8.89026896704e-05,6.72575556295e-07
81.9,4.58840235206e-06,8.87739804881e-05,6.66549018486e-07
81.95,4.54502746223e-06,8.86457292645e-05,6.60576381545e-07
82.0,4.50206146864e-06,8.85179338867e-05,6.5465660984e-07
82.05,4.45950052849e-06,8.83905922582e-05,6.48791448039e-07
82.1,4.41734083497e-06,8.8264011288e-05,6.42978190101e-07
82.15,4.37557861691e-06,8.81385988059e-05,6.37217116097e-07
82.2,4.33421013847e-06,8.80136340008e-05,6.31508102529e-07
82.25,4.29323169882e-06,8.78891147652e-05,6.25851425316e-07
82.3,4.25263963176e-06,8.77650389928e-05,6.20244794891e-07
82.35,4.21243030546e-06,8.76414046085e-05,6.14687775349e-07
82.4,4.17260012209e-06,8.75182095468e-05,6.09179934506e-07
82.45,4.13314551755e-06,8.73954517511e-05,6.03721355347e-07
82.5,4.09406296111e-06,8.72731291682e-05,5.98311091377e-07
82.55,4.05534895513e-06,8.71512397603e-05,5.929507371e-07
82.6,4.01700003472e-06,8.70298180119e-05,5.87637819383e-07
82.65,3.97901276748e-06,8.69089890638e-05,5.8237259419e-07
82.7,3.94138375315e-06,8.67895100784e-05,5.77154948653e-07
82.75,3.90410962334e-06,8.667048563e-05,5.71985134943e-07
82.8,3.86718704123e-06,8.65519917988e-05,5.66861060553e-07
82.85,3.83063184495e-06,8.64339198607e-05,5.61782327096e-07
82.9,3.79442123524e-06,8.63162678928e-05,5.56748539586e-07
82.95,3.75855197391e-06,8.61990338871e-05,5.51759773866e-07
83.0,3.72302085306e-06,8.60822158392e-05,5.46815164903e-07
83.05,3.68782469486e-06,8.59658117596e-05,5.41916169966e-07
83.1,3.65296035122e-06,8.58498196467e-05,5.37060528779e-07
83.15,3.61842470354e-06,8.57342375298e-05,5.32248475278e-07
83.2,3.58421466244e-06,8.56190634402e-05,5.27479906307e-07
83.25,3.55032716747e-06,8.55045406908e-05,5.22755052336e-07
83.3,3.51675918685e-06,8.53910935378e-05,5.18072000955e-07
83.35,3.4835077172e-06,8.52780485793e-05,5.13430388067e-07
83.4,3.45056978326e-06,8.51654038594e-05,5.08829852682e-07
83.45,3.41794243766e-06,8.50531574316e-05,5.04270464114e-07
83.5,3.38562276063e-06,8.49413073536e-05,4.99751431784e-07
83.55,3.35360785977e-06,8.48298516972e-05,4.95274087534e-07
83.6,3.32189486976e-06,8.47187885242e-05,4.90836365629e-07
83.65,3.29048095214e-06,8.46081159246e-05,4.86438479869e-07
83.7,3.25936329504e-06,8.44978319915e-05,4.82080335978e-07
83.75,3.22853911294e-06,8.43879348237e-05,4.77762144588e-07
83.8,3.19800564641e-06,8.42784225229e-05,4.73482157889e-07
83.85,3.16777599295e-06,8.41692932156e-05,4.69240043121e-07
83.9,3.13783129851e-06,8.40613136702e-05,4.65035470363e-07
83.95,3.10816888523e-06,8.39538069112e-05,4.60868502965e-07
84.0,3.0787861003e-06,8.3846677587e-05,4.56738418392e-07
84.05,3.0496803158e-06,8.37399238288e-05,4.52646433854e-07
84.1,3.02084892837e-06,8.36335437599e-05,4.48590661414e-07
84.15,2.99228935908e-06,8.3527671444e-05,4.44571296468e-07
84.2,2.96399905312e-06,8.34221782653e-05,4.40588252856e-07
84.25,2.93597547963e-06,8.3317053643e-05,4.36641723081e-07
84.3,2.90821613145e-06,8.32124144161e-05,4.32730109764e-07
84.35,2.8807185249e-06,8.31081522798e-05,4.28853108786e-07
84.4,2.85348019957e-06,8.30042535966e-05,4.25010418622e-07
84.45,2.82649871811e-06,8.29007165603e-05,4.21202097169e-07
84.5,2.79977166599e-06,8.27975393696e-05,4.17427484079e-07
84.55,2.7732966513e-06,8.26954176329e-05,4.13687691801e-07
84.6,2.74707130455e-06,8.25937625797e-05,4.09980994887e-07
84.65,2.72109327844e-06,8.24924619035e-05,4.06307571919e-07
84.7,2.69536024768e-06,8.23915138109e-05,4.0266734415e-07
84.75,2.66986990874e-06,8.22909165152e-05,3.99060487514e-07
84.8,2.6446199797e-06,8.2190668233e-05,3.95485542119e-07
84.85,2.61962129166e-06,8.20907672029e-05,3.9194223002e-07
84.9,2.59485825308e-06,8.19912117325e-05,3.88430275644e-07
84.95,2.57032864948e-06,8.18920000755e-05,3.84949731905e-07
85.0,2.5460302871e-06,8.17931304907e-05,3.8149999529e-07
85.05,2.52196099275e-06,8.16946012488e-05,3.780820825e-07
85.1,2.49811861358e-06,8.15964106153e-05,3.74694416596e-07
85.15,2.47450101689e-06,8.1498556878e-05,3.71337160789e-07
85.2,2.45110608998e-06,8.14011169853e-05,3.68010243109e-07
85.25,2.42793173991e-06,8.13046863753e-05,3.64713824349e-07
85.3,2.40497589338e-06,8.12085874214e-05,3.61446570267e-07
85.35,2.38223649648e-06,8.11128184217e-05,3.5820822684e-07
85.4,2.35971151456e-06,8.10173776829e-05,3.54998542215e-07
85.45,2.33739893202e-06,8.09222635199e-05,3.51817564749e-07
85.5,2.31529675215e-06,8.08274742529e-05,3.48664742876e-07
85.55,2.29340299693e-06,8.07330082139e-05,3.45541005789e-07
85.6,2.27171570689e-06,8.06388637304e-05,3.42444912274e-07
85.65,2.25023294092e-06,8.05451279256e-05,3.39376611495e-07
85.7,2.22895277608e-06,8.04517613248e-05,3.36336037676e-07
85.75,2.20787330747e-06,8.03587117473e-05,3.33323337772e-07
85.8,2.18699264802e-06,8.02660538637e-05,3.30337292376e-07
85.85,2.16631975461e-06,8.01737595269e-05,3.2737766933e-07
85.9,2.14584173367e-06,8.00817777545e-05,3.24444238456e-07
85.95,2.12555675392e-06,7.99904698137e-05,3.21537043951e-07
86.0,2.10546300122e-06,7.98998101668e-05,3.18655581719e-07
86.05,2.08555867841e-06,7.98094580938e-05,3.15800700981e-07
86.1,2.06584200517e-06,7.9719411975e-05,3.12971084565e-07
86.15,2.04631121787e-06,7.96296702099e-05,3.10166868797e-07
86.2,2.02696456937e-06,7.95402312026e-05,3.07387993563e-07
86.25,2.00780032891e-06,7.94510933638e-05,3.04634593168e-07
86.3,1.98881678195e-06,7.93622551085e-05,3.01905553161e-07
86.35,1.97001222998e-06,7.92737148692e-05,2.99200661362e-07
86.4,1.95138499044e-06,7.91854710862e-05,2.96519707406e-07
86.45,1.9329333965e-06,7.90975222077e-05,2.93862731686e-07
86.5,1.91465579698e-06,7.90098666874e-05,2.91229273494e-07
86.55,1.89655055612e-06,7.89225029892e-05,2.88620108957e-07
86.6,1.87861605354e-06,7.8835429575e-05,2.86034034272e-07
86.65,1.86085068399e-06,7.87486449247e-05,2.83471174031e-07
86.7,1.84325285731e-06,7.86621494294e-05,2.80931473295e-07
86.75,1.8258209982e-06,7.85765852049e-05,2.78415054809e-07
86.8,1.80855354615e-06,7.84913078475e-05,2.7592090004e-07
86.85,1.79145790812e-06,7.84063130354e-05,2.73448815072e-07
86.9,1.77452342166e-06,7.83215993085e-05,2.70998607646e-07
86.95,1.75774857237e-06,7.8237165173e-05,2.68570314677e-07
87.0,1.74113186004e-06,7.81530091405e-05,2.6616351511e-07
87.05,1.72467179848e-06,7.8069129733e-05,2.63778918272e-07
87.1,1.70836691546e-06,7.79855254707e-05,2.6141542397e-07
87.15,1.69221575251e-06,7.79022398617e-05,2.59073146073e-07
87.2,1.67621686482e-06,7.78193164881e-05,2.56752034369e-07
87.25,1.66036882113e-06,7.77366642933e-05,2.54452201039e-07
87.3,1.64467020357e-06,7.76543187366e-05,2.52172715215e-07
87.35,1.62911960756e-06,7.75723264157e-05,2.4991339967e-07
87.4,1.61371564168e-06,7.74906013253e-05,2.47674078693e-07
87.45,1.59845692754e-06,7.74091420402e-05,2.45454786022e-07
87.5,1.58334209967e-06,7.73279471404e-05,2.4325513684e-07
87.55,1.56836980537e-06,7.72472739146e-05,2.41075779426e-07
87.6,1.55353870464e-06,7.71672031147e-05,2.38915708277e-07
87.65,1.53884747003e-06,7.70873922825e-05,2.36775027462e-07
87.7,1.52429478652e-06,7.700784001e-05,2.34653691091e-07
87.75,1.50987935141e-06,7.69285448956e-05,2.3255180169e-07
87.8,1.49559987421e-06,7.68495055423e-05,2.30468508509e-07
87.85,1.48146248019e-06,7.67707205674e-05,2.28403649576e-07
87.9,1.46745835194e-06,7.66921886283e-05,2.26357064301e-07
87.95,1.4535862371e-06,7.6613908356e-05,2.24328783519e-07
88.0,1.43984489506e-06,7.65358783867e-05,2.22318455536e-07
88.05,1.42623309681e-06,7.6458097366e-05,2.20326672831e-07
88.1,1.41274962487e-06,7.63805639392e-05,2.18352516446e-07
88.15,1.39939327314e-06,7.63032767664e-05,2.16396081491e-07
88.2,1.38616284683e-06,7.62262345123e-05,2.14457326027e-07
88.25,1.37305716235e-06,7.61494358476e-05,2.12536343756e-07
88.3,1.36007504717e-06,7.60728794478e-05,2.10632357149e-07
88.35,1.34721533976e-06,7.59965640014e-05,2.08745218177e-07
88.4,1.33447688948e-06,7.59204882039e-05,2.06874780071e-07
88.45,1.32185855645e-06,7.58450117235e-05,2.05021071012e-07
88.5,1.30935921148e-06,7.57699614403e-05,2.03183769575e-07
88.55,1.29697773595e-06,7.56951467354e-05,2.01363417247e-07
88.6,1.28471302174e-06,7.56205663104e-05,1.99559174162e-07
88.65,1.27256397109e-06,7.55462228443e-05,1.97771127245e-07
88.7,1.26052949654e-06,7.54722378772e-05,1.95999238166e-07
88.75,1.2486085208e-06,7.53984837536e-05,1.94243592562e-07
88.8,1.23679997671e-06,7.53249592002e-05,1.92503479826e-07
88.85,1.22510892959e-06,7.52517810194e-05,1.90778764668e-07
88.9,1.21352808781e-06,7.51788302857e-05,1.89069312953e-07
88.95,1.20205641574e-06,7.51061057472e-05,1.87375150436e-07
89.0,1.19069288743e-06,7.50336061572e-05,1.85695983356e-07
89.05,1.17943648654e-06,7.49613302776e-05,1.84032306595e-07
89.1,1.16828620626e-06,7.4889276871e-05,1.82383352574e-07
89.15,1.1572410492e-06,7.48174447128e-05,1.80749200736e-07
89.2,1.14630002732e-06,7.47458325829e-05,1.7912981605e-07
89.25,1.13546216183e-06,7.46744392673e-05,1.77525276782e-07
89.3,1.1247264831e-06,7.46032635564e-05,1.75934933486e-07
89.35,1.1140920306e-06,7.45323042523e-05,1.74358662518e-07
89.4,1.10355785279e-06,7.44618120953e-05,1.72796341285e-07
89.45,1.09312300704e-06,7.43917840734e-05,1.71247993328e-07
89.5,1.08278655954e-06,7.43219687161e-05,1.69713350169e-07
89.55,1.07254758527e-06,7.42523648379e-05,1.68192864095e-07
89.6,1.06240516782e-06,7.41829712545e-05,1.66685833591e-07
89.65,1.05235839942e-06,7.41137867939e-05,1.65192331265e-07
89.7,1.04240638076e-06,7.40448102885e-05,1.637123251e-07
89.75,1.032548221e-06,7.39760405765e-05,1.62245886625e-07
89.8,1.0227830376e-06,7.39074765008e-05,1.60792422292e-07
89.85,1.0131150194e-06,7.38391169152e-05,1.59351819097e-07
89.9,1.00353813651e-06,7.37709607016e-05,1.57923965002e-07
89.95,9.94051532513e-07,7.3703006726e-05,1.56508881518e-07
90.0,9.8465435898e-07,7.36352538592e-05,1.55106323276e-07
90.05,9.7534577545e-07,7.35677009796e-05,1.53716703636e-07
90.1,9.66124949326e-07,7.35003469671e-05,1.52339381462e-07
90.15,9.56991055811e-07,7.34331907126e-05,1.50974423111e-07
90.2,9.47943277833e-07,7.33663235285e-05,1.49621799322e-07
90.25,9.38980805972e-07,7.32996868268e-05,1.48281575468e-07
90.3,9.3010283839e-07,7.32332449834e-05,1.46953209088e-07
90.35,9.21308580761e-07,7.31670769094e-05,1.45636596903e-07
90.4,9.12597246199e-07,7.31011365389e-05,1.44331636517e-07
90.45,9.03968055191e-07,7.30357303278e-05,1.43038347591e-07
90.5,8.95420235525e-07,7.29706282864e-05,1.41756505875e-07
90.55,8.86953022225e-07,7.29057159032e-05,1.4048648915e-07
90.6,8.7856565748e-07,7.28409921003e-05,1.39227711463e-07
90.65,8.70257390582e-07,7.27764558103e-05,1.37980233459e-07
90.7,8.62027477854e-07,7.27121059705e-05,1.36744028397e-07
90.75,8.5387518259e-07,7.26479415235e-05,1.35519156022e-07
90.8,8.45799774984e-07,7.25839614167e-05,1.34305120561e-07
90.85,8.37804719027e-07,7.25201646068e-05,1.33101827626e-07
90.9,8.29885028251e-07,7.24565500746e-05,1.31909183634e-07
90.95,8.22039994422e-07,7.2393116788e-05,1.30727206553e-07
91.0,8.14268915936e-07,7.23298637203e-05,1.29555691434e-07
91.05,8.06571097761e-07,7.22667898512e-05,1.28394983544e-07
91.1,7.98945851376e-07,7.22038941626e-05,1.2724454736e-07
91.15,7.91392494705e-07,7.21411756459e-05,1.26104438309e-07
91.2,7.83910352064e-07,7.20786332973e-05,1.24974631951e-07
91.25,7.76498754096e-07,7.20162661178e-05,1.2385518289e-07
91.3,7.69157037713e-07,7.19540731131e-05,1.22745638022e-07
91.35,7.6188454604e-07,7.18920532975e-05,1.21645911084e-07
91.4,7.38272796887e-07,7.18302056912e-05,1.20555916547e-07
91.45,7.06667914439e-07,7.17684595321e-05,1.19475670832e-07
91.5,6.99985742584e-07,7.17067801069e-05,1.18404986631e-07
91.55,6.93366583942e-07,7.16453405006e-05,1.17344179493e-07
91.6,6.86809846104e-07,7.1584417131e-05,1.16292759988e-07
91.65,6.8031494221e-07,7.15236638689e-05,1.15250778772e-07
91.7,6.73881290899e-07,7.1463132225e-05,1.14218213508e-07
91.75,6.67508316258e-07,7.14028400919e-05,1.131951141e-07
91.8,6.61195447769e-07,7.13427154876e-05,1.12181066445e-07
91.85,6.54945393371e-07,7.12828014806e-05,1.111759917e-07
91.9,6.48754254943e-07,7.12231209344e-05,1.10179811701e-07
91.95,6.42621478831e-07,7.1163605363e-05,1.09192541455e-07
92.0,6.36546516563e-07,7.11042537996e-05,1.08214009773e-07
92.05,6.30528824806e-07,7.10450652839e-05,1.07244505049e-07
92.1,6.24567865312e-07,7.09860388584e-05,1.06283579974e-07
92.15,6.18663104879e-07,7.09271735745e-05,1.05331280847e-07
92.2,6.12814015295e-07,7.08684684881e-05,1.04387587251e-07
92.25,6.07020073298e-07,7.08099226608e-05,1.03452544797e-07
92.3,6.01280760526e-07,7.07515351583e-05,1.02525775021e-07
92.35,5.95595563473e-07,7.06933050549e-05,1.01607205869e-07
92.4,5.89963973445e-07,7.06352314304e-05,1.00696765901e-07
92.45,5.8438548651e-07,7.05773133701e-05,9.97944688345e-08
92.5,5.7885960346e-07,7.05195499642e-05,9.89001582152e-08
92.55,5.73385829762e-07,7.0461940309e-05,9.80140976128e-08
92.6,5.67963675518e-07,7.04044835034e-05,9.71358782209e-08
92.65,5.62592655419e-07,7.03471786547e-05,9.62655423503e-08
92.7,5.57272288703e-07,7.02900248747e-05,9.54030713438e-08
92.75,5.52002099113e-07,7.02330212801e-05,9.45485068853e-08
92.8,5.46781614854e-07,7.01763535389e-05,9.37015030855e-08
92.85,5.41613075282e-07,7.01200167676e-05,9.28619940915e-08
92.9,5.3649325681e-07,7.00638274556e-05,9.20299146126e-08
92.95,5.31421701588e-07,7.0007784733e-05,9.12052771854e-08
93.0,5.26397956052e-07,6.99518877344e-05,9.03879388212e-08
93.05,5.21421570888e-07,6.98961356004e-05,8.95781404046e-08
93.1,5.16492100987e-07,6.98405274745e-05,8.87755083148e-08
93.15,5.11609105413e-07,6.97850625078e-05,8.7980081221e-08
93.2,5.06772147357e-07,6.97297544922e-05,8.71918420718e-08
93.25,5.019807941e-07,6.96746940638e-05,8.64108289633e-08
93.3,4.97234616981e-07,6.96197746627e-05,8.56367257766e-08
93.35,4.9253319135e-07,6.9565005376e-05,8.48694723267e-08
93.4,4.87876096537e-07,6.95104746349e-05,8.41090089423e-08
93.45,4.83262915813e-07,6.94560827919e-05,8.33553470811e-08
93.5,4.78693236352e-07,6.94018290264e-05,8.2608356061e-08
93.55,4.74166649195e-07,6.93477125235e-05,8.18682560344e-08
93.6,4.69682749218e-07,6.92937324708e-05,8.11347055372e-08
93.65,4.65241135088e-07,6.92398880636e-05,8.04077399105e-08
93.7,4.60841409236e-07,6.9186178501e-05,7.96873435707e-08
93.75,4.56483177817e-07,6.91326029869e-05,7.89735513347e-08
93.8,4.52166050676e-07,6.90791607292e-05,7.82660742918e-08
93.85,4.47891879668e-07,6.90258509428e-05,7.75648574369e-08
93.9,4.43657999018e-07,6.89726728564e-05,7.68698462346e-08
93.95,4.39464030104e-07,6.89196256943e-05,7.61810511565e-08
94.0,4.35309597846e-07,6.88667086849e-05,7.54983527682e-08
94.05,4.31194330681e-07,6.88139210617e-05,7.48219522736e-08
94.1,4.27117860521e-07,6.87612620612e-05,7.41515375982e-08
94.15,4.2307982273e-07,6.87088316939e-05,7.34871410414e-08
94.2,4.19079856085e-07,6.8656755658e-05,7.28287483606e-08
94.25,4.15117602745e-07,6.8604805909e-05,7.21763913764e-08
94.3,4.11192708225e-07,6.85529816944e-05,7.1529806044e-08
94.35,4.07304821357e-07,6.85012822684e-05,7.08889420927e-08
94.4,4.03453594264e-07,6.84497068894e-05,7.02537496808e-08
94.45,3.99638682328e-07,6.8398254821e-05,6.96242383787e-08
94.5,3.95859744158e-07,6.83469253303e-05,6.90002990314e-08
94.55,3.92116441563e-07,6.82957176899e-05,6.83821155257e-08
94.6,3.88408439521e-07,6.82446311749e-05,6.77694026468e-08
94.65,3.84735406147e-07,6.81936650668e-05,6.71621899142e-08
94.7,3.81097012667e-07,6.81428186509e-05,6.65604643111e-08
94.75,3.77492933387e-07,6.80921877146e-05,6.59642549193e-08
94.8,3.73922845666e-07,6.80416968012e-05,6.537332042e-08
94.85,3.7038828091e-07,6.79913238414e-05,6.47876148694e-08
94.9,3.66887034635e-07,6.79411521203e-05,6.42070927155e-08
94.95,3.63418793734e-07,6.78911198374e-05,6.3631762705e-08
95.0,3.59983248032e-07,6.78412037716e-05,6.30615250779e-08
95.05,3.56580090261e-07,6.77914032325e-05,6.24965478937e-08
95.1,3.53209016028e-07,6.77417175325e-05,6.19365704862e-08
95.15,3.49869723794e-07,6.769214599e-05,6.13816198337e-08
95.2,3.46561914841e-07,6.7642687927e-05,6.083168404e-08
95.25,3.43285293251e-07,6.75933426695e-05,6.02867896839e-08
95.3,3.40039565878e-07,6.75441095473e-05,5.97467162166e-08
95.35,3.36824442321e-07,6.74949878958e-05,5.92114216485e-08
95.4,3.33639634899e-07,6.74459770545e-05,5.86808643483e-08
95.45,3.30484858628e-07,6.73970763671e-05,5.81550523099e-08
95.5,3.27359831192e-07,6.7348285181e-05,5.76338943594e-08
95.55,3.2426427292e-07,6.7299602848e-05,5.71175440919e-08
95.6,3.21197906763e-07,6.72510287226e-05,5.6605763276e-08
95.65,3.18160458265e-07,6.72025986711e-05,5.60985765685e-08
95.7,3.15151655544e-07,6.71545283641e-05,5.55959730967e-08
95.75,3.12171229264e-07,6.71065644717e-05,5.5097977152e-08
95.8,3.09218912613e-07,6.70587062105e-05,5.46043871679e-08
95.85,3.06295972004e-07,6.70109529498e-05,5.41151647688e-08
95.9,3.03400584417e-07,6.69633040691e-05,5.36302719066e-08
95.95,3.00532490925e-07,6.69157589455e-05,5.31497158871e-08
96.0,2.97691435027e-07,6.68683169598e-05,5.26734133837e-08
96.05,2.94877162624e-07,6.6820977497e-05,5.22015047717e-08
96.1,2.92089421996e-07,6.67737399446e-05,5.17337723241e-08
96.15,2.89327963781e-07,6.67266036957e-05,5.12702385752e-08
96.2,2.86592540955e-07,6.66795681463e-05,5.08108935886e-08
96.25,2.83882908802e-07,6.6632692146e-05,5.03557595646e-08
96.3,2.81198824905e-07,6.65859717735e-05,4.99046522853e-08
96.35,2.78540049112e-07,6.65393506853e-05,4.94575366783e-08
96.4,2.75906343525e-07,6.64928788615e-05,4.901437797e-08
96.45,2.73297472472e-07,6.644655902e-05,4.85751828375e-08
96.5,2.7071320249e-07,6.6400337037e-05,4.81398751261e-08
96.55,2.68153302303e-07,6.6354212329e-05,4.77085831289e-08
96.6,2.65617542801e-07,6.6308184315e-05,4.72811078587e-08
96.65,2.63105697022e-07,6.62622524189e-05,4.68574699102e-08
96.7,2.60617540129e-07,6.62164160679e-05,4.64376602021e-08
96.75,2.58152849394e-07,6.61706746927e-05,4.60216990241e-08
96.8,2.55711404173e-07,6.61250277273e-05,4.56094180137e-08
96.85,2.53294251739e-07,6.60794746102e-05,4.5200785117e-08
96.9,2.50899884527e-07,6.60340147887e-05,4.47957685535e-08
96.95,2.48528088417e-07,6.59886477084e-05,4.43943744255e-08
97.0,2.46178651292e-07,6.59433728181e-05,4.39965331328e-08
97.05,2.43851363023e-07,6.58981895706e-05,4.36023619266e-08
97.1,2.41546015448e-07,6.58530974208e-05,4.32116789462e-08
97.15,2.39262402354e-07,6.58080958286e-05,4.28245030138e-08
97.2,2.37000319462e-07,6.57631842566e-05,4.24408258297e-08
97.25,2.34759564405e-07,6.57183621709e-05,4.20606659373e-08
97.3,2.32539936709e-07,6.56736290407e-05,4.16838694648e-08
97.35,2.30341237783e-07,6.56290978428e-05,4.13104071171e-08
97.4,2.28163270891e-07,6.55847948889e-05,4.09402498492e-08
97.45,2.26005841145e-07,6.55405793331e-05,4.0573403238e-08
97.5,2.23868755478e-07,6.5496450653e-05,4.02098036739e-08
97.55,2.21751822636e-07,6.54524083294e-05,3.98495583162e-08
97.6,2.19654853155e-07,6.54084518458e-05,3.94925009569e-08
97.65,2.17577659345e-07,6.53645806899e-05,3.91386487981e-08
97.7,2.15520055276e-07,6.53207943524e-05,3.87879942545e-08
97.75,2.1348185676e-07,6.5277116306e-05,3.84405542733e-08
97.8,2.11462881335e-07,6.52336111809e-05,3.80961882266e-08
97.85,2.09463995051e-07,6.51901897324e-05,3.77548693406e-08
97.9,2.07483951215e-07,6.51468700441e-05,3.741657107e-08
97.95,2.05522572758e-07,6.51037166775e-05,3.70812985118e-08
98.0,2.03579684268e-07,6.50606458348e-05,3.67489935312e-08
98.05,2.01655111976e-07,6.50176570232e-05,3.64197540645e-08
98.1,1.99748683742e-07,6.4974749752e-05,3.60934282088e-08
98.15,1.97860229036e-07,6.49319235348e-05,3.5770031686e-08
98.2,1.95989578927e-07,6.4889177888e-05,3.54495575633e-08
98.25,1.94136566065e-07,6.48465123311e-05,3.51320213295e-08
98.3,1.92301024668e-07,6.48039263862e-05,3.48172944603e-08
98.35,1.90482790508e-07,6.47614195796e-05,3.45053524862e-08
98.4,1.88681700894e-07,6.47189914405e-05,3.41961711468e-08
98.45,1.86897594659e-07,6.46766415012e-05,3.38897551003e-08
98.5,1.85130312147e-07,6.46343692968e-05,3.35860512155e-08
98.55,1.83379695198e-07,6.45921743658e-05,3.32851489994e-08
98.6,1.81645587131e-07,6.45500562487e-05,3.29869096234e-08
98.65,1.79927832737e-07,6.45080144899e-05,3.26913474559e-08
98.7,1.78226278258e-07,6.44660486366e-05,3.23984561611e-08
98.75,1.76540771379e-07,6.44241582386e-05,3.21082498947e-08
98.8,1.7487116121e-07,6.43823428486e-05,3.1820611194e-08
98.85,1.7321816394e-07,6.43406020228e-05,3.15355176959e-08
98.9,1.71580748604e-07,6.42989353238e-05,3.12529472279e-08
98.95,1.69958768774e-07,6.42573423135e-05,3.09729040474e-08
99.0,1.68352079391e-07,6.42158225564e-05,3.06953395959e-08
99.05,1.66760536755e-07,6.41743756202e-05,3.0420335677e-08
99.1,1.65183998514e-07,6.41330010746e-05,3.01477654106e-08
99.15,1.63622323646e-07,6.40916984929e-05,2.98776419285e-08
99.2,1.62075372451e-07,6.40504674509e-05,2.96099594403e-08
99.25,1.6054300654e-07,6.40094610834e-05,2.93447308832e-08
99.3,1.59025088816e-07,6.3968694052e-05,2.90818489046e-08
99.35,1.5752148347e-07,6.39280077556e-05,2.8821293066e-08
99.4,1.56032055962e-07,6.3887391736e-05,2.85630431032e-08
99.45,1.54556673015e-07,6.38469335995e-05,2.83071029073e-08
99.5,1.530952026e-07,6.38065573279e-05,2.80534280992e-08
99.55,1.51647513924e-07,6.37662504072e-05,2.78020934416e-08
99.6,1.50213477419e-07,6.37260124231e-05,2.75529829749e-08
99.65,1.48792964733e-07,6.36858429649e-05,2.73061087008e-08
99.7,1.47385848714e-07,6.36457416244e-05,2.70614653271e-08
99.75,1.45992003405e-07,6.36057079961e-05,2.68190646776e-08
99.8,1.44611304026e-07,6.35657416768e-05,2.65788086393e-08
99.85,1.43244342835e-07,6.35258422667e-05,2.63406785328e-08
99.9,1.41890267267e-07,6.34860093713e-05,2.61046558383e-08
99.95,1.40548956231e-07,6.34462425959e-05,2.58707441117e-08
100.0,1.3922028977e-07,6.34065415484e-05,2.56389027936e-08
